ncols         100
nrows         100
xllcorner     -59982.863281
yllcorner     1851083.022172
cellsize      1000
NODATA_value  -9999
3.52 3.52 3.52 3.52 3.52 3.52 3.52 3.52 3.52 3.52 3.52 3.12 3.12 3.12 3.12 3.12 3.12 3.12 3.12 3.12 3.12 3.12 3.12 3.12 3.12 3.12 3.12 3.12 3.12 3.12 3.12 3.12 3.12 3.12 3.12 3.12 3.12 3.12 3.12 3.12 3.12 3.12 3.12 3.12 3.12 3.12 3.12 3.12 3.12 3.12 3.12 3.12 3.12 3.12 3.12 3.12 3.12 3.12 3.12 3.12 3.12 3.12 3.12 3.12 3.12 3.12 3.12 3.12 3.12 3.12 3.12 3.06 3.06 3.06 3.06 3.06 3.06 3.06 3.06 3.06 3.06 3.06 3.06 3.06 3.06 3.06 3.06 3.06 3.06 3.06 3.06 3.06 3.06 3.06 3.06 3.06 3.06 3.06 3.06 3.06 
3.52 3.52 3.52 3.52 3.52 3.52 3.52 3.52 3.52 3.52 3.52 3.12 3.12 3.12 3.12 3.12 3.12 3.12 3.12 3.12 3.12 3.12 3.12 3.12 3.12 3.12 3.12 3.12 3.12 3.12 3.12 3.12 3.12 3.12 3.12 3.12 3.12 3.12 3.12 3.12 3.12 3.12 3.12 3.12 3.12 3.12 3.12 3.12 3.12 3.12 3.12 3.12 3.12 3.12 3.12 3.12 3.12 3.12 3.12 3.12 3.12 3.12 3.12 3.12 3.12 3.12 3.12 3.12 3.12 3.12 3.12 3.06 3.06 3.06 3.06 3.06 3.06 3.06 3.06 3.06 3.06 3.06 3.06 3.06 3.06 3.06 3.06 3.06 3.06 3.06 3.06 3.06 3.06 3.06 3.06 3.06 3.06 3.06 3.06 3.06 
3.52 3.52 3.52 3.52 3.52 3.52 3.52 3.52 3.52 3.52 3.52 3.12 3.12 3.12 3.12 3.12 3.12 3.12 3.12 3.12 3.12 3.12 3.12 3.12 3.12 3.12 3.12 3.12 3.12 3.12 3.12 3.12 3.12 3.12 3.12 3.12 3.12 3.12 3.12 3.12 3.12 3.12 3.12 3.12 3.12 3.12 3.12 3.12 3.12 3.12 3.12 3.12 3.12 3.12 3.12 3.12 3.12 3.12 3.12 3.12 3.12 3.12 3.12 3.12 3.12 3.12 3.12 3.12 3.12 3.12 3.12 3.06 3.06 3.06 3.06 3.06 3.06 3.06 3.06 3.06 3.06 3.06 3.06 3.06 3.06 3.06 3.06 3.06 3.06 3.06 3.06 3.06 3.06 3.06 3.06 3.06 3.06 3.06 3.06 3.06 
3.52 3.52 3.52 3.52 3.52 3.52 3.52 3.52 3.52 3.52 3.52 3.12 3.12 3.12 3.12 3.12 3.12 3.12 3.12 3.12 3.12 3.12 3.12 3.12 3.12 3.12 3.12 3.12 3.12 3.12 3.12 3.12 3.12 3.12 3.12 3.12 3.12 3.12 3.12 3.12 3.12 3.12 3.12 3.12 3.12 3.12 3.12 3.12 3.12 3.12 3.12 3.12 3.12 3.12 3.12 3.12 3.12 3.12 3.12 3.12 3.12 3.12 3.12 3.12 3.12 3.12 3.12 3.12 3.12 3.12 3.12 3.06 3.06 3.06 3.06 3.06 3.06 3.06 3.06 3.06 3.06 3.06 3.06 3.06 3.06 3.06 3.06 3.06 3.06 3.06 3.06 3.06 3.06 3.06 3.06 3.06 3.06 3.06 3.06 3.06 
3.52 3.52 3.52 3.52 3.52 3.52 3.52 3.52 3.52 3.52 3.52 3.12 3.12 3.12 3.12 3.12 3.12 3.12 3.12 3.12 3.12 3.12 3.12 3.12 3.12 3.12 3.12 3.12 3.12 3.12 3.12 3.12 3.12 3.12 3.12 3.12 3.12 3.12 3.12 3.12 3.12 3.12 3.12 3.12 3.12 3.12 3.12 3.12 3.12 3.12 3.12 3.12 3.12 3.12 3.12 3.12 3.12 3.12 3.12 3.12 3.12 3.12 3.12 3.12 3.12 3.12 3.12 3.12 3.12 3.12 3.12 3.06 3.06 3.06 3.06 3.06 3.06 3.06 3.06 3.06 3.06 3.06 3.06 3.06 3.06 3.06 3.06 3.06 3.06 3.06 3.06 3.06 3.06 3.06 3.06 3.06 3.06 3.06 3.06 3.06 
3.52 3.52 3.52 3.52 3.52 3.52 3.52 3.52 3.52 3.52 3.52 3.12 3.12 3.12 3.12 3.12 3.12 3.12 3.12 3.12 3.12 3.12 3.12 3.12 3.12 3.12 3.12 3.12 3.12 3.12 3.12 3.12 3.12 3.12 3.12 3.12 3.12 3.12 3.12 3.12 3.12 3.12 3.12 3.12 3.12 3.12 3.12 3.12 3.12 3.12 3.12 3.12 3.12 3.12 3.12 3.12 3.12 3.12 3.12 3.12 3.12 3.12 3.12 3.12 3.12 3.12 3.12 3.12 3.12 3.12 3.12 3.06 3.06 3.06 3.06 3.06 3.06 3.06 3.06 3.06 3.06 3.06 3.06 3.06 3.06 3.06 3.06 3.06 3.06 3.06 3.06 3.06 3.06 3.06 3.06 3.06 3.06 3.06 3.06 3.06 
3.52 3.52 3.52 3.52 3.52 3.52 3.52 3.52 3.52 3.52 3.52 3.12 3.12 3.12 3.12 3.12 3.12 3.12 3.12 3.12 3.12 3.12 3.12 3.12 3.12 3.12 3.12 3.12 3.12 3.12 3.12 3.12 3.12 3.12 3.12 3.12 3.12 3.12 3.12 3.12 3.12 3.12 3.12 3.12 3.12 3.12 3.12 3.12 3.12 3.12 3.12 3.12 3.12 3.12 3.12 3.12 3.12 3.12 3.12 3.12 3.12 3.12 3.12 3.12 3.12 3.12 3.12 3.12 3.12 3.12 3.12 3.06 3.06 3.06 3.06 3.06 3.06 3.06 3.06 3.06 3.06 3.06 3.06 3.06 3.06 3.06 3.06 3.06 3.06 3.06 3.06 3.06 3.06 3.06 3.06 3.06 3.06 3.06 3.06 3.06 
3.52 3.52 3.52 3.52 3.52 3.52 3.52 3.52 3.52 3.52 3.52 3.12 3.12 3.12 3.12 3.12 3.12 3.12 3.12 3.12 3.12 3.12 3.12 3.12 3.12 3.12 3.12 3.12 3.12 3.12 3.12 3.12 3.12 3.12 3.12 3.12 3.12 3.12 3.12 3.12 3.12 3.12 3.12 3.12 3.12 3.12 3.12 3.12 3.12 3.12 3.12 3.12 3.12 3.12 3.12 3.12 3.12 3.12 3.12 3.12 3.12 3.12 3.12 3.12 3.12 3.12 3.12 3.12 3.12 3.12 3.12 3.06 3.06 3.06 3.06 3.06 3.06 3.06 3.06 3.06 3.06 3.06 3.06 3.06 3.06 3.06 3.06 3.06 3.06 3.06 3.06 3.06 3.06 3.06 3.06 3.06 3.06 3.06 3.06 3.06 
3.52 3.52 3.52 3.52 3.52 3.52 3.52 3.52 3.52 3.52 3.52 3.12 3.12 3.12 3.12 3.12 3.12 3.12 3.12 3.12 3.12 3.12 3.12 3.12 3.12 3.12 3.12 3.12 3.12 3.12 3.12 3.12 3.12 3.12 3.12 3.12 3.12 3.12 3.12 3.12 3.12 3.12 3.12 3.12 3.12 3.12 3.12 3.12 3.12 3.12 3.12 3.12 3.12 3.12 3.12 3.12 3.12 3.12 3.12 3.12 3.12 3.12 3.12 3.12 3.12 3.12 3.12 3.12 3.12 3.12 3.12 3.06 3.06 3.06 3.06 3.06 3.06 3.06 3.06 3.06 3.06 3.06 3.06 3.06 3.06 3.06 3.06 3.06 3.06 3.06 3.06 3.06 3.06 3.06 3.06 3.06 3.06 3.06 3.06 3.06 
4.28 4.28 4.28 4.28 4.28 4.28 4.28 4.28 4.28 4.28 4.28 4.32 4.32 4.32 4.32 4.32 4.32 4.32 4.32 4.32 4.32 4.32 4.32 4.32 4.32 4.32 4.32 4.32 4.32 4.32 4.32 4.32 4.32 4.32 4.32 4.32 4.32 4.32 4.32 4.32 4.32 4.32 4.32 4.32 4.32 4.32 4.32 4.32 4.32 4.32 4.32 4.32 4.32 4.32 4.32 4.32 4.32 4.32 4.32 4.32 4.32 4.32 4.32 4.32 4.32 4.32 4.32 4.32 4.32 4.32 4.32 4.64 4.64 4.64 4.64 4.64 4.64 4.64 4.64 4.64 4.64 4.64 4.64 4.64 4.64 4.64 4.64 4.64 4.64 4.64 4.64 4.64 4.64 4.64 4.64 4.64 4.64 4.64 4.64 4.64 
4.28 4.28 4.28 4.28 4.28 4.28 4.28 4.28 4.28 4.28 4.28 4.32 4.32 4.32 4.32 4.32 4.32 4.32 4.32 4.32 4.32 4.32 4.32 4.32 4.32 4.32 4.32 4.32 4.32 4.32 4.32 4.32 4.32 4.32 4.32 4.32 4.32 4.32 4.32 4.32 4.32 4.32 4.32 4.32 4.32 4.32 4.32 4.32 4.32 4.32 4.32 4.32 4.32 4.32 4.32 4.32 4.32 4.32 4.32 4.32 4.32 4.32 4.32 4.32 4.32 4.32 4.32 4.32 4.32 4.32 4.32 4.64 4.64 4.64 4.64 4.64 4.64 4.64 4.64 4.64 4.64 4.64 4.64 4.64 4.64 4.64 4.64 4.64 4.64 4.64 4.64 4.64 4.64 4.64 4.64 4.64 4.64 4.64 4.64 4.64 
4.28 4.28 4.28 4.28 4.28 4.28 4.28 4.28 4.28 4.28 4.28 4.32 4.32 4.32 4.32 4.32 4.32 4.32 4.32 4.32 4.32 4.32 4.32 4.32 4.32 4.32 4.32 4.32 4.32 4.32 4.32 4.32 4.32 4.32 4.32 4.32 4.32 4.32 4.32 4.32 4.32 4.32 4.32 4.32 4.32 4.32 4.32 4.32 4.32 4.32 4.32 4.32 4.32 4.32 4.32 4.32 4.32 4.32 4.32 4.32 4.32 4.32 4.32 4.32 4.32 4.32 4.32 4.32 4.32 4.32 4.32 4.64 4.64 4.64 4.64 4.64 4.64 4.64 4.64 4.64 4.64 4.64 4.64 4.64 4.64 4.64 4.64 4.64 4.64 4.64 4.64 4.64 4.64 4.64 4.64 4.64 4.64 4.64 4.64 4.64 
4.28 4.28 4.28 4.28 4.28 4.28 4.28 4.28 4.28 4.28 4.28 4.32 4.32 4.32 4.32 4.32 4.32 4.32 4.32 4.32 4.32 4.32 4.32 4.32 4.32 4.32 4.32 4.32 4.32 4.32 4.32 4.32 4.32 4.32 4.32 4.32 4.32 4.32 4.32 4.32 4.32 4.32 4.32 4.32 4.32 4.32 4.32 4.32 4.32 4.32 4.32 4.32 4.32 4.32 4.32 4.32 4.32 4.32 4.32 4.32 4.32 4.32 4.32 4.32 4.32 4.32 4.32 4.32 4.32 4.32 4.32 4.64 4.64 4.64 4.64 4.64 4.64 4.64 4.64 4.64 4.64 4.64 4.64 4.64 4.64 4.64 4.64 4.64 4.64 4.64 4.64 4.64 4.64 4.64 4.64 4.64 4.64 4.64 4.64 4.64 
4.28 4.28 4.28 4.28 4.28 4.28 4.28 4.28 4.28 4.28 4.28 4.32 4.32 4.32 4.32 4.32 4.32 4.32 4.32 4.32 4.32 4.32 4.32 4.32 4.32 4.32 4.32 4.32 4.32 4.32 4.32 4.32 4.32 4.32 4.32 4.32 4.32 4.32 4.32 4.32 4.32 4.32 4.32 4.32 4.32 4.32 4.32 4.32 4.32 4.32 4.32 4.32 4.32 4.32 4.32 4.32 4.32 4.32 4.32 4.32 4.32 4.32 4.32 4.32 4.32 4.32 4.32 4.32 4.32 4.32 4.32 4.64 4.64 4.64 4.64 4.64 4.64 4.64 4.64 4.64 4.64 4.64 4.64 4.64 4.64 4.64 4.64 4.64 4.64 4.64 4.64 4.64 4.64 4.64 4.64 4.64 4.64 4.64 4.64 4.64 
4.28 4.28 4.28 4.28 4.28 4.28 4.28 4.28 4.28 4.28 4.28 4.32 4.32 4.32 4.32 4.32 4.32 4.32 4.32 4.32 4.32 4.32 4.32 4.32 4.32 4.32 4.32 4.32 4.32 4.32 4.32 4.32 4.32 4.32 4.32 4.32 4.32 4.32 4.32 4.32 4.32 4.32 4.32 4.32 4.32 4.32 4.32 4.32 4.32 4.32 4.32 4.32 4.32 4.32 4.32 4.32 4.32 4.32 4.32 4.32 4.32 4.32 4.32 4.32 4.32 4.32 4.32 4.32 4.32 4.32 4.32 4.64 4.64 4.64 4.64 4.64 4.64 4.64 4.64 4.64 4.64 4.64 4.64 4.64 4.64 4.64 4.64 4.64 4.64 4.64 4.64 4.64 4.64 4.64 4.64 4.64 4.64 4.64 4.64 4.64 
4.28 4.28 4.28 4.28 4.28 4.28 4.28 4.28 4.28 4.28 4.28 4.32 4.32 4.32 4.32 4.32 4.32 4.32 4.32 4.32 4.32 4.32 4.32 4.32 4.32 4.32 4.32 4.32 4.32 4.32 4.32 4.32 4.32 4.32 4.32 4.32 4.32 4.32 4.32 4.32 4.32 4.32 4.32 4.32 4.32 4.32 4.32 4.32 4.32 4.32 4.32 4.32 4.32 4.32 4.32 4.32 4.32 4.32 4.32 4.32 4.32 4.32 4.32 4.32 4.32 4.32 4.32 4.32 4.32 4.32 4.32 4.64 4.64 4.64 4.64 4.64 4.64 4.64 4.64 4.64 4.64 4.64 4.64 4.64 4.64 4.64 4.64 4.64 4.64 4.64 4.64 4.64 4.64 4.64 4.64 4.64 4.64 4.64 4.64 4.64 
4.28 4.28 4.28 4.28 4.28 4.28 4.28 4.28 4.28 4.28 4.28 4.32 4.32 4.32 4.32 4.32 4.32 4.32 4.32 4.32 4.32 4.32 4.32 4.32 4.32 4.32 4.32 4.32 4.32 4.32 4.32 4.32 4.32 4.32 4.32 4.32 4.32 4.32 4.32 4.32 4.32 4.32 4.32 4.32 4.32 4.32 4.32 4.32 4.32 4.32 4.32 4.32 4.32 4.32 4.32 4.32 4.32 4.32 4.32 4.32 4.32 4.32 4.32 4.32 4.32 4.32 4.32 4.32 4.32 4.32 4.32 4.64 4.64 4.64 4.64 4.64 4.64 4.64 4.64 4.64 4.64 4.64 4.64 4.64 4.64 4.64 4.64 4.64 4.64 4.64 4.64 4.64 4.64 4.64 4.64 4.64 4.64 4.64 4.64 4.64 
4.28 4.28 4.28 4.28 4.28 4.28 4.28 4.28 4.28 4.28 4.28 4.32 4.32 4.32 4.32 4.32 4.32 4.32 4.32 4.32 4.32 4.32 4.32 4.32 4.32 4.32 4.32 4.32 4.32 4.32 4.32 4.32 4.32 4.32 4.32 4.32 4.32 4.32 4.32 4.32 4.32 4.32 4.32 4.32 4.32 4.32 4.32 4.32 4.32 4.32 4.32 4.32 4.32 4.32 4.32 4.32 4.32 4.32 4.32 4.32 4.32 4.32 4.32 4.32 4.32 4.32 4.32 4.32 4.32 4.32 4.32 4.64 4.64 4.64 4.64 4.64 4.64 4.64 4.64 4.64 4.64 4.64 4.64 4.64 4.64 4.64 4.64 4.64 4.64 4.64 4.64 4.64 4.64 4.64 4.64 4.64 4.64 4.64 4.64 4.64 
4.28 4.28 4.28 4.28 4.28 4.28 4.28 4.28 4.28 4.28 4.28 4.32 4.32 4.32 4.32 4.32 4.32 4.32 4.32 4.32 4.32 4.32 4.32 4.32 4.32 4.32 4.32 4.32 4.32 4.32 4.32 4.32 4.32 4.32 4.32 4.32 4.32 4.32 4.32 4.32 4.32 4.32 4.32 4.32 4.32 4.32 4.32 4.32 4.32 4.32 4.32 4.32 4.32 4.32 4.32 4.32 4.32 4.32 4.32 4.32 4.32 4.32 4.32 4.32 4.32 4.32 4.32 4.32 4.32 4.32 4.32 4.64 4.64 4.64 4.64 4.64 4.64 4.64 4.64 4.64 4.64 4.64 4.64 4.64 4.64 4.64 4.64 4.64 4.64 4.64 4.64 4.64 4.64 4.64 4.64 4.64 4.64 4.64 4.64 4.64 
4.28 4.28 4.28 4.28 4.28 4.28 4.28 4.28 4.28 4.28 4.28 4.32 4.32 4.32 4.32 4.32 4.32 4.32 4.32 4.32 4.32 4.32 4.32 4.32 4.32 4.32 4.32 4.32 4.32 4.32 4.32 4.32 4.32 4.32 4.32 4.32 4.32 4.32 4.32 4.32 4.32 4.32 4.32 4.32 4.32 4.32 4.32 4.32 4.32 4.32 4.32 4.32 4.32 4.32 4.32 4.32 4.32 4.32 4.32 4.32 4.32 4.32 4.32 4.32 4.32 4.32 4.32 4.32 4.32 4.32 4.32 4.64 4.64 4.64 4.64 4.64 4.64 4.64 4.64 4.64 4.64 4.64 4.64 4.64 4.64 4.64 4.64 4.64 4.64 4.64 4.64 4.64 4.64 4.64 4.64 4.64 4.64 4.64 4.64 4.64 
4.28 4.28 4.28 4.28 4.28 4.28 4.28 4.28 4.28 4.28 4.28 4.32 4.32 4.32 4.32 4.32 4.32 4.32 4.32 4.32 4.32 4.32 4.32 4.32 4.32 4.32 4.32 4.32 4.32 4.32 4.32 4.32 4.32 4.32 4.32 4.32 4.32 4.32 4.32 4.32 4.32 4.32 4.32 4.32 4.32 4.32 4.32 4.32 4.32 4.32 4.32 4.32 4.32 4.32 4.32 4.32 4.32 4.32 4.32 4.32 4.32 4.32 4.32 4.32 4.32 4.32 4.32 4.32 4.32 4.32 4.32 4.64 4.64 4.64 4.64 4.64 4.64 4.64 4.64 4.64 4.64 4.64 4.64 4.64 4.64 4.64 4.64 4.64 4.64 4.64 4.64 4.64 4.64 4.64 4.64 4.64 4.64 4.64 4.64 4.64 
4.28 4.28 4.28 4.28 4.28 4.28 4.28 4.28 4.28 4.28 4.28 4.32 4.32 4.32 4.32 4.32 4.32 4.32 4.32 4.32 4.32 4.32 4.32 4.32 4.32 4.32 4.32 4.32 4.32 4.32 4.32 4.32 4.32 4.32 4.32 4.32 4.32 4.32 4.32 4.32 4.32 4.32 4.32 4.32 4.32 4.32 4.32 4.32 4.32 4.32 4.32 4.32 4.32 4.32 4.32 4.32 4.32 4.32 4.32 4.32 4.32 4.32 4.32 4.32 4.32 4.32 4.32 4.32 4.32 4.32 4.32 4.64 4.64 4.64 4.64 4.64 4.64 4.64 4.64 4.64 4.64 4.64 4.64 4.64 4.64 4.64 4.64 4.64 4.64 4.64 4.64 4.64 4.64 4.64 4.64 4.64 4.64 4.64 4.64 4.64 
4.28 4.28 4.28 4.28 4.28 4.28 4.28 4.28 4.28 4.28 4.28 4.32 4.32 4.32 4.32 4.32 4.32 4.32 4.32 4.32 4.32 4.32 4.32 4.32 4.32 4.32 4.32 4.32 4.32 4.32 4.32 4.32 4.32 4.32 4.32 4.32 4.32 4.32 4.32 4.32 4.32 4.32 4.32 4.32 4.32 4.32 4.32 4.32 4.32 4.32 4.32 4.32 4.32 4.32 4.32 4.32 4.32 4.32 4.32 4.32 4.32 4.32 4.32 4.32 4.32 4.32 4.32 4.32 4.32 4.32 4.32 4.64 4.64 4.64 4.64 4.64 4.64 4.64 4.64 4.64 4.64 4.64 4.64 4.64 4.64 4.64 4.64 4.64 4.64 4.64 4.64 4.64 4.64 4.64 4.64 4.64 4.64 4.64 4.64 4.64 
4.28 4.28 4.28 4.28 4.28 4.28 4.28 4.28 4.28 4.28 4.28 4.32 4.32 4.32 4.32 4.32 4.32 4.32 4.32 4.32 4.32 4.32 4.32 4.32 4.32 4.32 4.32 4.32 4.32 4.32 4.32 4.32 4.32 4.32 4.32 4.32 4.32 4.32 4.32 4.32 4.32 4.32 4.32 4.32 4.32 4.32 4.32 4.32 4.32 4.32 4.32 4.32 4.32 4.32 4.32 4.32 4.32 4.32 4.32 4.32 4.32 4.32 4.32 4.32 4.32 4.32 4.32 4.32 4.32 4.32 4.32 4.64 4.64 4.64 4.64 4.64 4.64 4.64 4.64 4.64 4.64 4.64 4.64 4.64 4.64 4.64 4.64 4.64 4.64 4.64 4.64 4.64 4.64 4.64 4.64 4.64 4.64 4.64 4.64 4.64 
4.28 4.28 4.28 4.28 4.28 4.28 4.28 4.28 4.28 4.28 4.28 4.32 4.32 4.32 4.32 4.32 4.32 4.32 4.32 4.32 4.32 4.32 4.32 4.32 4.32 4.32 4.32 4.32 4.32 4.32 4.32 4.32 4.32 4.32 4.32 4.32 4.32 4.32 4.32 4.32 4.32 4.32 4.32 4.32 4.32 4.32 4.32 4.32 4.32 4.32 4.32 4.32 4.32 4.32 4.32 4.32 4.32 4.32 4.32 4.32 4.32 4.32 4.32 4.32 4.32 4.32 4.32 4.32 4.32 4.32 4.32 4.64 4.64 4.64 4.64 4.64 4.64 4.64 4.64 4.64 4.64 4.64 4.64 4.64 4.64 4.64 4.64 4.64 4.64 4.64 4.64 4.64 4.64 4.64 4.64 4.64 4.64 4.64 4.64 4.64 
4.28 4.28 4.28 4.28 4.28 4.28 4.28 4.28 4.28 4.28 4.28 4.32 4.32 4.32 4.32 4.32 4.32 4.32 4.32 4.32 4.32 4.32 4.32 4.32 4.32 4.32 4.32 4.32 4.32 4.32 4.32 4.32 4.32 4.32 4.32 4.32 4.32 4.32 4.32 4.32 4.32 4.32 4.32 4.32 4.32 4.32 4.32 4.32 4.32 4.32 4.32 4.32 4.32 4.32 4.32 4.32 4.32 4.32 4.32 4.32 4.32 4.32 4.32 4.32 4.32 4.32 4.32 4.32 4.32 4.32 4.32 4.64 4.64 4.64 4.64 4.64 4.64 4.64 4.64 4.64 4.64 4.64 4.64 4.64 4.64 4.64 4.64 4.64 4.64 4.64 4.64 4.64 4.64 4.64 4.64 4.64 4.64 4.64 4.64 4.64 
4.28 4.28 4.28 4.28 4.28 4.28 4.28 4.28 4.28 4.28 4.28 4.32 4.32 4.32 4.32 4.32 4.32 4.32 4.32 4.32 4.32 4.32 4.32 4.32 4.32 4.32 4.32 4.32 4.32 4.32 4.32 4.32 4.32 4.32 4.32 4.32 4.32 4.32 4.32 4.32 4.32 4.32 4.32 4.32 4.32 4.32 4.32 4.32 4.32 4.32 4.32 4.32 4.32 4.32 4.32 4.32 4.32 4.32 4.32 4.32 4.32 4.32 4.32 4.32 4.32 4.32 4.32 4.32 4.32 4.32 4.32 4.64 4.64 4.64 4.64 4.64 4.64 4.64 4.64 4.64 4.64 4.64 4.64 4.64 4.64 4.64 4.64 4.64 4.64 4.64 4.64 4.64 4.64 4.64 4.64 4.64 4.64 4.64 4.64 4.64 
4.28 4.28 4.28 4.28 4.28 4.28 4.28 4.28 4.28 4.28 4.28 4.32 4.32 4.32 4.32 4.32 4.32 4.32 4.32 4.32 4.32 4.32 4.32 4.32 4.32 4.32 4.32 4.32 4.32 4.32 4.32 4.32 4.32 4.32 4.32 4.32 4.32 4.32 4.32 4.32 4.32 4.32 4.32 4.32 4.32 4.32 4.32 4.32 4.32 4.32 4.32 4.32 4.32 4.32 4.32 4.32 4.32 4.32 4.32 4.32 4.32 4.32 4.32 4.32 4.32 4.32 4.32 4.32 4.32 4.32 4.32 4.64 4.64 4.64 4.64 4.64 4.64 4.64 4.64 4.64 4.64 4.64 4.64 4.64 4.64 4.64 4.64 4.64 4.64 4.64 4.64 4.64 4.64 4.64 4.64 4.64 4.64 4.64 4.64 4.64 
4.28 4.28 4.28 4.28 4.28 4.28 4.28 4.28 4.28 4.28 4.28 4.32 4.32 4.32 4.32 4.32 4.32 4.32 4.32 4.32 4.32 4.32 4.32 4.32 4.32 4.32 4.32 4.32 4.32 4.32 4.32 4.32 4.32 4.32 4.32 4.32 4.32 4.32 4.32 4.32 4.32 4.32 4.32 4.32 4.32 4.32 4.32 4.32 4.32 4.32 4.32 4.32 4.32 4.32 4.32 4.32 4.32 4.32 4.32 4.32 4.32 4.32 4.32 4.32 4.32 4.32 4.32 4.32 4.32 4.32 4.32 4.64 4.64 4.64 4.64 4.64 4.64 4.64 4.64 4.64 4.64 4.64 4.64 4.64 4.64 4.64 4.64 4.64 4.64 4.64 4.64 4.64 4.64 4.64 4.64 4.64 4.64 4.64 4.64 4.64 
4.28 4.28 4.28 4.28 4.28 4.28 4.28 4.28 4.28 4.28 4.28 4.32 4.32 4.32 4.32 4.32 4.32 4.32 4.32 4.32 4.32 4.32 4.32 4.32 4.32 4.32 4.32 4.32 4.32 4.32 4.32 4.32 4.32 4.32 4.32 4.32 4.32 4.32 4.32 4.32 4.32 4.32 4.32 4.32 4.32 4.32 4.32 4.32 4.32 4.32 4.32 4.32 4.32 4.32 4.32 4.32 4.32 4.32 4.32 4.32 4.32 4.32 4.32 4.32 4.32 4.32 4.32 4.32 4.32 4.32 4.32 4.64 4.64 4.64 4.64 4.64 4.64 4.64 4.64 4.64 4.64 4.64 4.64 4.64 4.64 4.64 4.64 4.64 4.64 4.64 4.64 4.64 4.64 4.64 4.64 4.64 4.64 4.64 4.64 4.64 
4.28 4.28 4.28 4.28 4.28 4.28 4.28 4.28 4.28 4.28 4.28 4.32 4.32 4.32 4.32 4.32 4.32 4.32 4.32 4.32 4.32 4.32 4.32 4.32 4.32 4.32 4.32 4.32 4.32 4.32 4.32 4.32 4.32 4.32 4.32 4.32 4.32 4.32 4.32 4.32 4.32 4.32 4.32 4.32 4.32 4.32 4.32 4.32 4.32 4.32 4.32 4.32 4.32 4.32 4.32 4.32 4.32 4.32 4.32 4.32 4.32 4.32 4.32 4.32 4.32 4.32 4.32 4.32 4.32 4.32 4.32 4.64 4.64 4.64 4.64 4.64 4.64 4.64 4.64 4.64 4.64 4.64 4.64 4.64 4.64 4.64 4.64 4.64 4.64 4.64 4.64 4.64 4.64 4.64 4.64 4.64 4.64 4.64 4.64 4.64 
4.28 4.28 4.28 4.28 4.28 4.28 4.28 4.28 4.28 4.28 4.28 4.32 4.32 4.32 4.32 4.32 4.32 4.32 4.32 4.32 4.32 4.32 4.32 4.32 4.32 4.32 4.32 4.32 4.32 4.32 4.32 4.32 4.32 4.32 4.32 4.32 4.32 4.32 4.32 4.32 4.32 4.32 4.32 4.32 4.32 4.32 4.32 4.32 4.32 4.32 4.32 4.32 4.32 4.32 4.32 4.32 4.32 4.32 4.32 4.32 4.32 4.32 4.32 4.32 4.32 4.32 4.32 4.32 4.32 4.32 4.32 4.64 4.64 4.64 4.64 4.64 4.64 4.64 4.64 4.64 4.64 4.64 4.64 4.64 4.64 4.64 4.64 4.64 4.64 4.64 4.64 4.64 4.64 4.64 4.64 4.64 4.64 4.64 4.64 4.64 
4.28 4.28 4.28 4.28 4.28 4.28 4.28 4.28 4.28 4.28 4.28 4.32 4.32 4.32 4.32 4.32 4.32 4.32 4.32 4.32 4.32 4.32 4.32 4.32 4.32 4.32 4.32 4.32 4.32 4.32 4.32 4.32 4.32 4.32 4.32 4.32 4.32 4.32 4.32 4.32 4.32 4.32 4.32 4.32 4.32 4.32 4.32 4.32 4.32 4.32 4.32 4.32 4.32 4.32 4.32 4.32 4.32 4.32 4.32 4.32 4.32 4.32 4.32 4.32 4.32 4.32 4.32 4.32 4.32 4.32 4.32 4.64 4.64 4.64 4.64 4.64 4.64 4.64 4.64 4.64 4.64 4.64 4.64 4.64 4.64 4.64 4.64 4.64 4.64 4.64 4.64 4.64 4.64 4.64 4.64 4.64 4.64 4.64 4.64 4.64 
4.28 4.28 4.28 4.28 4.28 4.28 4.28 4.28 4.28 4.28 4.28 4.32 4.32 4.32 4.32 4.32 4.32 4.32 4.32 4.32 4.32 4.32 4.32 4.32 4.32 4.32 4.32 4.32 4.32 4.32 4.32 4.32 4.32 4.32 4.32 4.32 4.32 4.32 4.32 4.32 4.32 4.32 4.32 4.32 4.32 4.32 4.32 4.32 4.32 4.32 4.32 4.32 4.32 4.32 4.32 4.32 4.32 4.32 4.32 4.32 4.32 4.32 4.32 4.32 4.32 4.32 4.32 4.32 4.32 4.32 4.32 4.64 4.64 4.64 4.64 4.64 4.64 4.64 4.64 4.64 4.64 4.64 4.64 4.64 4.64 4.64 4.64 4.64 4.64 4.64 4.64 4.64 4.64 4.64 4.64 4.64 4.64 4.64 4.64 4.64 
4.28 4.28 4.28 4.28 4.28 4.28 4.28 4.28 4.28 4.28 4.28 4.32 4.32 4.32 4.32 4.32 4.32 4.32 4.32 4.32 4.32 4.32 4.32 4.32 4.32 4.32 4.32 4.32 4.32 4.32 4.32 4.32 4.32 4.32 4.32 4.32 4.32 4.32 4.32 4.32 4.32 4.32 4.32 4.32 4.32 4.32 4.32 4.32 4.32 4.32 4.32 4.32 4.32 4.32 4.32 4.32 4.32 4.32 4.32 4.32 4.32 4.32 4.32 4.32 4.32 4.32 4.32 4.32 4.32 4.32 4.32 4.64 4.64 4.64 4.64 4.64 4.64 4.64 4.64 4.64 4.64 4.64 4.64 4.64 4.64 4.64 4.64 4.64 4.64 4.64 4.64 4.64 4.64 4.64 4.64 4.64 4.64 4.64 4.64 4.64 
4.28 4.28 4.28 4.28 4.28 4.28 4.28 4.28 4.28 4.28 4.28 4.32 4.32 4.32 4.32 4.32 4.32 4.32 4.32 4.32 4.32 4.32 4.32 4.32 4.32 4.32 4.32 4.32 4.32 4.32 4.32 4.32 4.32 4.32 4.32 4.32 4.32 4.32 4.32 4.32 4.32 4.32 4.32 4.32 4.32 4.32 4.32 4.32 4.32 4.32 4.32 4.32 4.32 4.32 4.32 4.32 4.32 4.32 4.32 4.32 4.32 4.32 4.32 4.32 4.32 4.32 4.32 4.32 4.32 4.32 4.32 4.64 4.64 4.64 4.64 4.64 4.64 4.64 4.64 4.64 4.64 4.64 4.64 4.64 4.64 4.64 4.64 4.64 4.64 4.64 4.64 4.64 4.64 4.64 4.64 4.64 4.64 4.64 4.64 4.64 
4.28 4.28 4.28 4.28 4.28 4.28 4.28 4.28 4.28 4.28 4.28 4.32 4.32 4.32 4.32 4.32 4.32 4.32 4.32 4.32 4.32 4.32 4.32 4.32 4.32 4.32 4.32 4.32 4.32 4.32 4.32 4.32 4.32 4.32 4.32 4.32 4.32 4.32 4.32 4.32 4.32 4.32 4.32 4.32 4.32 4.32 4.32 4.32 4.32 4.32 4.32 4.32 4.32 4.32 4.32 4.32 4.32 4.32 4.32 4.32 4.32 4.32 4.32 4.32 4.32 4.32 4.32 4.32 4.32 4.32 4.32 4.64 4.64 4.64 4.64 4.64 4.64 4.64 4.64 4.64 4.64 4.64 4.64 4.64 4.64 4.64 4.64 4.64 4.64 4.64 4.64 4.64 4.64 4.64 4.64 4.64 4.64 4.64 4.64 4.64 
4.28 4.28 4.28 4.28 4.28 4.28 4.28 4.28 4.28 4.28 4.28 4.32 4.32 4.32 4.32 4.32 4.32 4.32 4.32 4.32 4.32 4.32 4.32 4.32 4.32 4.32 4.32 4.32 4.32 4.32 4.32 4.32 4.32 4.32 4.32 4.32 4.32 4.32 4.32 4.32 4.32 4.32 4.32 4.32 4.32 4.32 4.32 4.32 4.32 4.32 4.32 4.32 4.32 4.32 4.32 4.32 4.32 4.32 4.32 4.32 4.32 4.32 4.32 4.32 4.32 4.32 4.32 4.32 4.32 4.32 4.32 4.64 4.64 4.64 4.64 4.64 4.64 4.64 4.64 4.64 4.64 4.64 4.64 4.64 4.64 4.64 4.64 4.64 4.64 4.64 4.64 4.64 4.64 4.64 4.64 4.64 4.64 4.64 4.64 4.64 
4.28 4.28 4.28 4.28 4.28 4.28 4.28 4.28 4.28 4.28 4.28 4.32 4.32 4.32 4.32 4.32 4.32 4.32 4.32 4.32 4.32 4.32 4.32 4.32 4.32 4.32 4.32 4.32 4.32 4.32 4.32 4.32 4.32 4.32 4.32 4.32 4.32 4.32 4.32 4.32 4.32 4.32 4.32 4.32 4.32 4.32 4.32 4.32 4.32 4.32 4.32 4.32 4.32 4.32 4.32 4.32 4.32 4.32 4.32 4.32 4.32 4.32 4.32 4.32 4.32 4.32 4.32 4.32 4.32 4.32 4.32 4.64 4.64 4.64 4.64 4.64 4.64 4.64 4.64 4.64 4.64 4.64 4.64 4.64 4.64 4.64 4.64 4.64 4.64 4.64 4.64 4.64 4.64 4.64 4.64 4.64 4.64 4.64 4.64 4.64 
4.28 4.28 4.28 4.28 4.28 4.28 4.28 4.28 4.28 4.28 4.28 4.32 4.32 4.32 4.32 4.32 4.32 4.32 4.32 4.32 4.32 4.32 4.32 4.32 4.32 4.32 4.32 4.32 4.32 4.32 4.32 4.32 4.32 4.32 4.32 4.32 4.32 4.32 4.32 4.32 4.32 4.32 4.32 4.32 4.32 4.32 4.32 4.32 4.32 4.32 4.32 4.32 4.32 4.32 4.32 4.32 4.32 4.32 4.32 4.32 4.32 4.32 4.32 4.32 4.32 4.32 4.32 4.32 4.32 4.32 4.32 4.64 4.64 4.64 4.64 4.64 4.64 4.64 4.64 4.64 4.64 4.64 4.64 4.64 4.64 4.64 4.64 4.64 4.64 4.64 4.64 4.64 4.64 4.64 4.64 4.64 4.64 4.64 4.64 4.64 
4.28 4.28 4.28 4.28 4.28 4.28 4.28 4.28 4.28 4.28 4.28 4.32 4.32 4.32 4.32 4.32 4.32 4.32 4.32 4.32 4.32 4.32 4.32 4.32 4.32 4.32 4.32 4.32 4.32 4.32 4.32 4.32 4.32 4.32 4.32 4.32 4.32 4.32 4.32 4.32 4.32 4.32 4.32 4.32 4.32 4.32 4.32 4.32 4.32 4.32 4.32 4.32 4.32 4.32 4.32 4.32 4.32 4.32 4.32 4.32 4.32 4.32 4.32 4.32 4.32 4.32 4.32 4.32 4.32 4.32 4.32 4.64 4.64 4.64 4.64 4.64 4.64 4.64 4.64 4.64 4.64 4.64 4.64 4.64 4.64 4.64 4.64 4.64 4.64 4.64 4.64 4.64 4.64 4.64 4.64 4.64 4.64 4.64 4.64 4.64 
4.28 4.28 4.28 4.28 4.28 4.28 4.28 4.28 4.28 4.28 4.28 4.32 4.32 4.32 4.32 4.32 4.32 4.32 4.32 4.32 4.32 4.32 4.32 4.32 4.32 4.32 4.32 4.32 4.32 4.32 4.32 4.32 4.32 4.32 4.32 4.32 4.32 4.32 4.32 4.32 4.32 4.32 4.32 4.32 4.32 4.32 4.32 4.32 4.32 4.32 4.32 4.32 4.32 4.32 4.32 4.32 4.32 4.32 4.32 4.32 4.32 4.32 4.32 4.32 4.32 4.32 4.32 4.32 4.32 4.32 4.32 4.64 4.64 4.64 4.64 4.64 4.64 4.64 4.64 4.64 4.64 4.64 4.64 4.64 4.64 4.64 4.64 4.64 4.64 4.64 4.64 4.64 4.64 4.64 4.64 4.64 4.64 4.64 4.64 4.64 
4.28 4.28 4.28 4.28 4.28 4.28 4.28 4.28 4.28 4.28 4.28 4.32 4.32 4.32 4.32 4.32 4.32 4.32 4.32 4.32 4.32 4.32 4.32 4.32 4.32 4.32 4.32 4.32 4.32 4.32 4.32 4.32 4.32 4.32 4.32 4.32 4.32 4.32 4.32 4.32 4.32 4.32 4.32 4.32 4.32 4.32 4.32 4.32 4.32 4.32 4.32 4.32 4.32 4.32 4.32 4.32 4.32 4.32 4.32 4.32 4.32 4.32 4.32 4.32 4.32 4.32 4.32 4.32 4.32 4.32 4.32 4.64 4.64 4.64 4.64 4.64 4.64 4.64 4.64 4.64 4.64 4.64 4.64 4.64 4.64 4.64 4.64 4.64 4.64 4.64 4.64 4.64 4.64 4.64 4.64 4.64 4.64 4.64 4.64 4.64 
4.28 4.28 4.28 4.28 4.28 4.28 4.28 4.28 4.28 4.28 4.28 4.32 4.32 4.32 4.32 4.32 4.32 4.32 4.32 4.32 4.32 4.32 4.32 4.32 4.32 4.32 4.32 4.32 4.32 4.32 4.32 4.32 4.32 4.32 4.32 4.32 4.32 4.32 4.32 4.32 4.32 4.32 4.32 4.32 4.32 4.32 4.32 4.32 4.32 4.32 4.32 4.32 4.32 4.32 4.32 4.32 4.32 4.32 4.32 4.32 4.32 4.32 4.32 4.32 4.32 4.32 4.32 4.32 4.32 4.32 4.32 4.64 4.64 4.64 4.64 4.64 4.64 4.64 4.64 4.64 4.64 4.64 4.64 4.64 4.64 4.64 4.64 4.64 4.64 4.64 4.64 4.64 4.64 4.64 4.64 4.64 4.64 4.64 4.64 4.64 
4.28 4.28 4.28 4.28 4.28 4.28 4.28 4.28 4.28 4.28 4.28 4.32 4.32 4.32 4.32 4.32 4.32 4.32 4.32 4.32 4.32 4.32 4.32 4.32 4.32 4.32 4.32 4.32 4.32 4.32 4.32 4.32 4.32 4.32 4.32 4.32 4.32 4.32 4.32 4.32 4.32 4.32 4.32 4.32 4.32 4.32 4.32 4.32 4.32 4.32 4.32 4.32 4.32 4.32 4.32 4.32 4.32 4.32 4.32 4.32 4.32 4.32 4.32 4.32 4.32 4.32 4.32 4.32 4.32 4.32 4.32 4.64 4.64 4.64 4.64 4.64 4.64 4.64 4.64 4.64 4.64 4.64 4.64 4.64 4.64 4.64 4.64 4.64 4.64 4.64 4.64 4.64 4.64 4.64 4.64 4.64 4.64 4.64 4.64 4.64 
4.28 4.28 4.28 4.28 4.28 4.28 4.28 4.28 4.28 4.28 4.28 4.32 4.32 4.32 4.32 4.32 4.32 4.32 4.32 4.32 4.32 4.32 4.32 4.32 4.32 4.32 4.32 4.32 4.32 4.32 4.32 4.32 4.32 4.32 4.32 4.32 4.32 4.32 4.32 4.32 4.32 4.32 4.32 4.32 4.32 4.32 4.32 4.32 4.32 4.32 4.32 4.32 4.32 4.32 4.32 4.32 4.32 4.32 4.32 4.32 4.32 4.32 4.32 4.32 4.32 4.32 4.32 4.32 4.32 4.32 4.32 4.64 4.64 4.64 4.64 4.64 4.64 4.64 4.64 4.64 4.64 4.64 4.64 4.64 4.64 4.64 4.64 4.64 4.64 4.64 4.64 4.64 4.64 4.64 4.64 4.64 4.64 4.64 4.64 4.64 
4.28 4.28 4.28 4.28 4.28 4.28 4.28 4.28 4.28 4.28 4.28 4.32 4.32 4.32 4.32 4.32 4.32 4.32 4.32 4.32 4.32 4.32 4.32 4.32 4.32 4.32 4.32 4.32 4.32 4.32 4.32 4.32 4.32 4.32 4.32 4.32 4.32 4.32 4.32 4.32 4.32 4.32 4.32 4.32 4.32 4.32 4.32 4.32 4.32 4.32 4.32 4.32 4.32 4.32 4.32 4.32 4.32 4.32 4.32 4.32 4.32 4.32 4.32 4.32 4.32 4.32 4.32 4.32 4.32 4.32 4.32 4.64 4.64 4.64 4.64 4.64 4.64 4.64 4.64 4.64 4.64 4.64 4.64 4.64 4.64 4.64 4.64 4.64 4.64 4.64 4.64 4.64 4.64 4.64 4.64 4.64 4.64 4.64 4.64 4.64 
4.28 4.28 4.28 4.28 4.28 4.28 4.28 4.28 4.28 4.28 4.28 4.32 4.32 4.32 4.32 4.32 4.32 4.32 4.32 4.32 4.32 4.32 4.32 4.32 4.32 4.32 4.32 4.32 4.32 4.32 4.32 4.32 4.32 4.32 4.32 4.32 4.32 4.32 4.32 4.32 4.32 4.32 4.32 4.32 4.32 4.32 4.32 4.32 4.32 4.32 4.32 4.32 4.32 4.32 4.32 4.32 4.32 4.32 4.32 4.32 4.32 4.32 4.32 4.32 4.32 4.32 4.32 4.32 4.32 4.32 4.32 4.64 4.64 4.64 4.64 4.64 4.64 4.64 4.64 4.64 4.64 4.64 4.64 4.64 4.64 4.64 4.64 4.64 4.64 4.64 4.64 4.64 4.64 4.64 4.64 4.64 4.64 4.64 4.64 4.64 
4.28 4.28 4.28 4.28 4.28 4.28 4.28 4.28 4.28 4.28 4.28 4.32 4.32 4.32 4.32 4.32 4.32 4.32 4.32 4.32 4.32 4.32 4.32 4.32 4.32 4.32 4.32 4.32 4.32 4.32 4.32 4.32 4.32 4.32 4.32 4.32 4.32 4.32 4.32 4.32 4.32 4.32 4.32 4.32 4.32 4.32 4.32 4.32 4.32 4.32 4.32 4.32 4.32 4.32 4.32 4.32 4.32 4.32 4.32 4.32 4.32 4.32 4.32 4.32 4.32 4.32 4.32 4.32 4.32 4.32 4.32 4.64 4.64 4.64 4.64 4.64 4.64 4.64 4.64 4.64 4.64 4.64 4.64 4.64 4.64 4.64 4.64 4.64 4.64 4.64 4.64 4.64 4.64 4.64 4.64 4.64 4.64 4.64 4.64 4.64 
4.28 4.28 4.28 4.28 4.28 4.28 4.28 4.28 4.28 4.28 4.28 4.32 4.32 4.32 4.32 4.32 4.32 4.32 4.32 4.32 4.32 4.32 4.32 4.32 4.32 4.32 4.32 4.32 4.32 4.32 4.32 4.32 4.32 4.32 4.32 4.32 4.32 4.32 4.32 4.32 4.32 4.32 4.32 4.32 4.32 4.32 4.32 4.32 4.32 4.32 4.32 4.32 4.32 4.32 4.32 4.32 4.32 4.32 4.32 4.32 4.32 4.32 4.32 4.32 4.32 4.32 4.32 4.32 4.32 4.32 4.32 4.64 4.64 4.64 4.64 4.64 4.64 4.64 4.64 4.64 4.64 4.64 4.64 4.64 4.64 4.64 4.64 4.64 4.64 4.64 4.64 4.64 4.64 4.64 4.64 4.64 4.64 4.64 4.64 4.64 
4.28 4.28 4.28 4.28 4.28 4.28 4.28 4.28 4.28 4.28 4.28 4.32 4.32 4.32 4.32 4.32 4.32 4.32 4.32 4.32 4.32 4.32 4.32 4.32 4.32 4.32 4.32 4.32 4.32 4.32 4.32 4.32 4.32 4.32 4.32 4.32 4.32 4.32 4.32 4.32 4.32 4.32 4.32 4.32 4.32 4.32 4.32 4.32 4.32 4.32 4.32 4.32 4.32 4.32 4.32 4.32 4.32 4.32 4.32 4.32 4.32 4.32 4.32 4.32 4.32 4.32 4.32 4.32 4.32 4.32 4.32 4.64 4.64 4.64 4.64 4.64 4.64 4.64 4.64 4.64 4.64 4.64 4.64 4.64 4.64 4.64 4.64 4.64 4.64 4.64 4.64 4.64 4.64 4.64 4.64 4.64 4.64 4.64 4.64 4.64 
4.28 4.28 4.28 4.28 4.28 4.28 4.28 4.28 4.28 4.28 4.28 4.32 4.32 4.32 4.32 4.32 4.32 4.32 4.32 4.32 4.32 4.32 4.32 4.32 4.32 4.32 4.32 4.32 4.32 4.32 4.32 4.32 4.32 4.32 4.32 4.32 4.32 4.32 4.32 4.32 4.32 4.32 4.32 4.32 4.32 4.32 4.32 4.32 4.32 4.32 4.32 4.32 4.32 4.32 4.32 4.32 4.32 4.32 4.32 4.32 4.32 4.32 4.32 4.32 4.32 4.32 4.32 4.32 4.32 4.32 4.32 4.64 4.64 4.64 4.64 4.64 4.64 4.64 4.64 4.64 4.64 4.64 4.64 4.64 4.64 4.64 4.64 4.64 4.64 4.64 4.64 4.64 4.64 4.64 4.64 4.64 4.64 4.64 4.64 4.64 
4.28 4.28 4.28 4.28 4.28 4.28 4.28 4.28 4.28 4.28 4.28 4.32 4.32 4.32 4.32 4.32 4.32 4.32 4.32 4.32 4.32 4.32 4.32 4.32 4.32 4.32 4.32 4.32 4.32 4.32 4.32 4.32 4.32 4.32 4.32 4.32 4.32 4.32 4.32 4.32 4.32 4.32 4.32 4.32 4.32 4.32 4.32 4.32 4.32 4.32 4.32 4.32 4.32 4.32 4.32 4.32 4.32 4.32 4.32 4.32 4.32 4.32 4.32 4.32 4.32 4.32 4.32 4.32 4.32 4.32 4.32 4.64 4.64 4.64 4.64 4.64 4.64 4.64 4.64 4.64 4.64 4.64 4.64 4.64 4.64 4.64 4.64 4.64 4.64 4.64 4.64 4.64 4.64 4.64 4.64 4.64 4.64 4.64 4.64 4.64 
4.28 4.28 4.28 4.28 4.28 4.28 4.28 4.28 4.28 4.28 4.28 4.32 4.32 4.32 4.32 4.32 4.32 4.32 4.32 4.32 4.32 4.32 4.32 4.32 4.32 4.32 4.32 4.32 4.32 4.32 4.32 4.32 4.32 4.32 4.32 4.32 4.32 4.32 4.32 4.32 4.32 4.32 4.32 4.32 4.32 4.32 4.32 4.32 4.32 4.32 4.32 4.32 4.32 4.32 4.32 4.32 4.32 4.32 4.32 4.32 4.32 4.32 4.32 4.32 4.32 4.32 4.32 4.32 4.32 4.32 4.32 4.64 4.64 4.64 4.64 4.64 4.64 4.64 4.64 4.64 4.64 4.64 4.64 4.64 4.64 4.64 4.64 4.64 4.64 4.64 4.64 4.64 4.64 4.64 4.64 4.64 4.64 4.64 4.64 4.64 
4.28 4.28 4.28 4.28 4.28 4.28 4.28 4.28 4.28 4.28 4.28 4.32 4.32 4.32 4.32 4.32 4.32 4.32 4.32 4.32 4.32 4.32 4.32 4.32 4.32 4.32 4.32 4.32 4.32 4.32 4.32 4.32 4.32 4.32 4.32 4.32 4.32 4.32 4.32 4.32 4.32 4.32 4.32 4.32 4.32 4.32 4.32 4.32 4.32 4.32 4.32 4.32 4.32 4.32 4.32 4.32 4.32 4.32 4.32 4.32 4.32 4.32 4.32 4.32 4.32 4.32 4.32 4.32 4.32 4.32 4.32 4.64 4.64 4.64 4.64 4.64 4.64 4.64 4.64 4.64 4.64 4.64 4.64 4.64 4.64 4.64 4.64 4.64 4.64 4.64 4.64 4.64 4.64 4.64 4.64 4.64 4.64 4.64 4.64 4.64 
4.28 4.28 4.28 4.28 4.28 4.28 4.28 4.28 4.28 4.28 4.28 4.32 4.32 4.32 4.32 4.32 4.32 4.32 4.32 4.32 4.32 4.32 4.32 4.32 4.32 4.32 4.32 4.32 4.32 4.32 4.32 4.32 4.32 4.32 4.32 4.32 4.32 4.32 4.32 4.32 4.32 4.32 4.32 4.32 4.32 4.32 4.32 4.32 4.32 4.32 4.32 4.32 4.32 4.32 4.32 4.32 4.32 4.32 4.32 4.32 4.32 4.32 4.32 4.32 4.32 4.32 4.32 4.32 4.32 4.32 4.32 4.64 4.64 4.64 4.64 4.64 4.64 4.64 4.64 4.64 4.64 4.64 4.64 4.64 4.64 4.64 4.64 4.64 4.64 4.64 4.64 4.64 4.64 4.64 4.64 4.64 4.64 4.64 4.64 4.64 
4.28 4.28 4.28 4.28 4.28 4.28 4.28 4.28 4.28 4.28 4.28 4.32 4.32 4.32 4.32 4.32 4.32 4.32 4.32 4.32 4.32 4.32 4.32 4.32 4.32 4.32 4.32 4.32 4.32 4.32 4.32 4.32 4.32 4.32 4.32 4.32 4.32 4.32 4.32 4.32 4.32 4.32 4.32 4.32 4.32 4.32 4.32 4.32 4.32 4.32 4.32 4.32 4.32 4.32 4.32 4.32 4.32 4.32 4.32 4.32 4.32 4.32 4.32 4.32 4.32 4.32 4.32 4.32 4.32 4.32 4.32 4.64 4.64 4.64 4.64 4.64 4.64 4.64 4.64 4.64 4.64 4.64 4.64 4.64 4.64 4.64 4.64 4.64 4.64 4.64 4.64 4.64 4.64 4.64 4.64 4.64 4.64 4.64 4.64 4.64 
4.28 4.28 4.28 4.28 4.28 4.28 4.28 4.28 4.28 4.28 4.28 4.32 4.32 4.32 4.32 4.32 4.32 4.32 4.32 4.32 4.32 4.32 4.32 4.32 4.32 4.32 4.32 4.32 4.32 4.32 4.32 4.32 4.32 4.32 4.32 4.32 4.32 4.32 4.32 4.32 4.32 4.32 4.32 4.32 4.32 4.32 4.32 4.32 4.32 4.32 4.32 4.32 4.32 4.32 4.32 4.32 4.32 4.32 4.32 4.32 4.32 4.32 4.32 4.32 4.32 4.32 4.32 4.32 4.32 4.32 4.32 4.64 4.64 4.64 4.64 4.64 4.64 4.64 4.64 4.64 4.64 4.64 4.64 4.64 4.64 4.64 4.64 4.64 4.64 4.64 4.64 4.64 4.64 4.64 4.64 4.64 4.64 4.64 4.64 4.64 
4.28 4.28 4.28 4.28 4.28 4.28 4.28 4.28 4.28 4.28 4.28 4.32 4.32 4.32 4.32 4.32 4.32 4.32 4.32 4.32 4.32 4.32 4.32 4.32 4.32 4.32 4.32 4.32 4.32 4.32 4.32 4.32 4.32 4.32 4.32 4.32 4.32 4.32 4.32 4.32 4.32 4.32 4.32 4.32 4.32 4.32 4.32 4.32 4.32 4.32 4.32 4.32 4.32 4.32 4.32 4.32 4.32 4.32 4.32 4.32 4.32 4.32 4.32 4.32 4.32 4.32 4.32 4.32 4.32 4.32 4.32 4.64 4.64 4.64 4.64 4.64 4.64 4.64 4.64 4.64 4.64 4.64 4.64 4.64 4.64 4.64 4.64 4.64 4.64 4.64 4.64 4.64 4.64 4.64 4.64 4.64 4.64 4.64 4.64 4.64 
4.28 4.28 4.28 4.28 4.28 4.28 4.28 4.28 4.28 4.28 4.28 4.32 4.32 4.32 4.32 4.32 4.32 4.32 4.32 4.32 4.32 4.32 4.32 4.32 4.32 4.32 4.32 4.32 4.32 4.32 4.32 4.32 4.32 4.32 4.32 4.32 4.32 4.32 4.32 4.32 4.32 4.32 4.32 4.32 4.32 4.32 4.32 4.32 4.32 4.32 4.32 4.32 4.32 4.32 4.32 4.32 4.32 4.32 4.32 4.32 4.32 4.32 4.32 4.32 4.32 4.32 4.32 4.32 4.32 4.32 4.32 4.64 4.64 4.64 4.64 4.64 4.64 4.64 4.64 4.64 4.64 4.64 4.64 4.64 4.64 4.64 4.64 4.64 4.64 4.64 4.64 4.64 4.64 4.64 4.64 4.64 4.64 4.64 4.64 4.64 
4.28 4.28 4.28 4.28 4.28 4.28 4.28 4.28 4.28 4.28 4.28 4.32 4.32 4.32 4.32 4.32 4.32 4.32 4.32 4.32 4.32 4.32 4.32 4.32 4.32 4.32 4.32 4.32 4.32 4.32 4.32 4.32 4.32 4.32 4.32 4.32 4.32 4.32 4.32 4.32 4.32 4.32 4.32 4.32 4.32 4.32 4.32 4.32 4.32 4.32 4.32 4.32 4.32 4.32 4.32 4.32 4.32 4.32 4.32 4.32 4.32 4.32 4.32 4.32 4.32 4.32 4.32 4.32 4.32 4.32 4.32 4.64 4.64 4.64 4.64 4.64 4.64 4.64 4.64 4.64 4.64 4.64 4.64 4.64 4.64 4.64 4.64 4.64 4.64 4.64 4.64 4.64 4.64 4.64 4.64 4.64 4.64 4.64 4.64 4.64 
4.28 4.28 4.28 4.28 4.28 4.28 4.28 4.28 4.28 4.28 4.28 4.32 4.32 4.32 4.32 4.32 4.32 4.32 4.32 4.32 4.32 4.32 4.32 4.32 4.32 4.32 4.32 4.32 4.32 4.32 4.32 4.32 4.32 4.32 4.32 4.32 4.32 4.32 4.32 4.32 4.32 4.32 4.32 4.32 4.32 4.32 4.32 4.32 4.32 4.32 4.32 4.32 4.32 4.32 4.32 4.32 4.32 4.32 4.32 4.32 4.32 4.32 4.32 4.32 4.32 4.32 4.32 4.32 4.32 4.32 4.32 4.64 4.64 4.64 4.64 4.64 4.64 4.64 4.64 4.64 4.64 4.64 4.64 4.64 4.64 4.64 4.64 4.64 4.64 4.64 4.64 4.64 4.64 4.64 4.64 4.64 4.64 4.64 4.64 4.64 
4.28 4.28 4.28 4.28 4.28 4.28 4.28 4.28 4.28 4.28 4.28 4.32 4.32 4.32 4.32 4.32 4.32 4.32 4.32 4.32 4.32 4.32 4.32 4.32 4.32 4.32 4.32 4.32 4.32 4.32 4.32 4.32 4.32 4.32 4.32 4.32 4.32 4.32 4.32 4.32 4.32 4.32 4.32 4.32 4.32 4.32 4.32 4.32 4.32 4.32 4.32 4.32 4.32 4.32 4.32 4.32 4.32 4.32 4.32 4.32 4.32 4.32 4.32 4.32 4.32 4.32 4.32 4.32 4.32 4.32 4.32 4.64 4.64 4.64 4.64 4.64 4.64 4.64 4.64 4.64 4.64 4.64 4.64 4.64 4.64 4.64 4.64 4.64 4.64 4.64 4.64 4.64 4.64 4.64 4.64 4.64 4.64 4.64 4.64 4.64 
4.28 4.28 4.28 4.28 4.28 4.28 4.28 4.28 4.28 4.28 4.28 4.32 4.32 4.32 4.32 4.32 4.32 4.32 4.32 4.32 4.32 4.32 4.32 4.32 4.32 4.32 4.32 4.32 4.32 4.32 4.32 4.32 4.32 4.32 4.32 4.32 4.32 4.32 4.32 4.32 4.32 4.32 4.32 4.32 4.32 4.32 4.32 4.32 4.32 4.32 4.32 4.32 4.32 4.32 4.32 4.32 4.32 4.32 4.32 4.32 4.32 4.32 4.32 4.32 4.32 4.32 4.32 4.32 4.32 4.32 4.32 4.64 4.64 4.64 4.64 4.64 4.64 4.64 4.64 4.64 4.64 4.64 4.64 4.64 4.64 4.64 4.64 4.64 4.64 4.64 4.64 4.64 4.64 4.64 4.64 4.64 4.64 4.64 4.64 4.64 
4.28 4.28 4.28 4.28 4.28 4.28 4.28 4.28 4.28 4.28 4.28 4.32 4.32 4.32 4.32 4.32 4.32 4.32 4.32 4.32 4.32 4.32 4.32 4.32 4.32 4.32 4.32 4.32 4.32 4.32 4.32 4.32 4.32 4.32 4.32 4.32 4.32 4.32 4.32 4.32 4.32 4.32 4.32 4.32 4.32 4.32 4.32 4.32 4.32 4.32 4.32 4.32 4.32 4.32 4.32 4.32 4.32 4.32 4.32 4.32 4.32 4.32 4.32 4.32 4.32 4.32 4.32 4.32 4.32 4.32 4.32 4.64 4.64 4.64 4.64 4.64 4.64 4.64 4.64 4.64 4.64 4.64 4.64 4.64 4.64 4.64 4.64 4.64 4.64 4.64 4.64 4.64 4.64 4.64 4.64 4.64 4.64 4.64 4.64 4.64 
4.28 4.28 4.28 4.28 4.28 4.28 4.28 4.28 4.28 4.28 4.28 4.32 4.32 4.32 4.32 4.32 4.32 4.32 4.32 4.32 4.32 4.32 4.32 4.32 4.32 4.32 4.32 4.32 4.32 4.32 4.32 4.32 4.32 4.32 4.32 4.32 4.32 4.32 4.32 4.32 4.32 4.32 4.32 4.32 4.32 4.32 4.32 4.32 4.32 4.32 4.32 4.32 4.32 4.32 4.32 4.32 4.32 4.32 4.32 4.32 4.32 4.32 4.32 4.32 4.32 4.32 4.32 4.32 4.32 4.32 4.32 4.64 4.64 4.64 4.64 4.64 4.64 4.64 4.64 4.64 4.64 4.64 4.64 4.64 4.64 4.64 4.64 4.64 4.64 4.64 4.64 4.64 4.64 4.64 4.64 4.64 4.64 4.64 4.64 4.64 
4.28 4.28 4.28 4.28 4.28 4.28 4.28 4.28 4.28 4.28 4.28 4.32 4.32 4.32 4.32 4.32 4.32 4.32 4.32 4.32 4.32 4.32 4.32 4.32 4.32 4.32 4.32 4.32 4.32 4.32 4.32 4.32 4.32 4.32 4.32 4.32 4.32 4.32 4.32 4.32 4.32 4.32 4.32 4.32 4.32 4.32 4.32 4.32 4.32 4.32 4.32 4.32 4.32 4.32 4.32 4.32 4.32 4.32 4.32 4.32 4.32 4.32 4.32 4.32 4.32 4.32 4.32 4.32 4.32 4.32 4.32 4.64 4.64 4.64 4.64 4.64 4.64 4.64 4.64 4.64 4.64 4.64 4.64 4.64 4.64 4.64 4.64 4.64 4.64 4.64 4.64 4.64 4.64 4.64 4.64 4.64 4.64 4.64 4.64 4.64 
4.28 4.28 4.28 4.28 4.28 4.28 4.28 4.28 4.28 4.28 4.28 4.32 4.32 4.32 4.32 4.32 4.32 4.32 4.32 4.32 4.32 4.32 4.32 4.32 4.32 4.32 4.32 4.32 4.32 4.32 4.32 4.32 4.32 4.32 4.32 4.32 4.32 4.32 4.32 4.32 4.32 4.32 4.32 4.32 4.32 4.32 4.32 4.32 4.32 4.32 4.32 4.32 4.32 4.32 4.32 4.32 4.32 4.32 4.32 4.32 4.32 4.32 4.32 4.32 4.32 4.32 4.32 4.32 4.32 4.32 4.32 4.64 4.64 4.64 4.64 4.64 4.64 4.64 4.64 4.64 4.64 4.64 4.64 4.64 4.64 4.64 4.64 4.64 4.64 4.64 4.64 4.64 4.64 4.64 4.64 4.64 4.64 4.64 4.64 4.64 
4.28 4.28 4.28 4.28 4.28 4.28 4.28 4.28 4.28 4.28 4.28 4.32 4.32 4.32 4.32 4.32 4.32 4.32 4.32 4.32 4.32 4.32 4.32 4.32 4.32 4.32 4.32 4.32 4.32 4.32 4.32 4.32 4.32 4.32 4.32 4.32 4.32 4.32 4.32 4.32 4.32 4.32 4.32 4.32 4.32 4.32 4.32 4.32 4.32 4.32 4.32 4.32 4.32 4.32 4.32 4.32 4.32 4.32 4.32 4.32 4.32 4.32 4.32 4.32 4.32 4.32 4.32 4.32 4.32 4.32 4.32 4.64 4.64 4.64 4.64 4.64 4.64 4.64 4.64 4.64 4.64 4.64 4.64 4.64 4.64 4.64 4.64 4.64 4.64 4.64 4.64 4.64 4.64 4.64 4.64 4.64 4.64 4.64 4.64 4.64 
7.58 7.58 7.58 7.58 7.58 7.58 7.58 7.58 7.58 7.58 7.58 7.64 7.64 7.64 7.64 7.64 7.64 7.64 7.64 7.64 7.64 7.64 7.64 7.64 7.64 7.64 7.64 7.64 7.64 7.64 7.64 7.64 7.64 7.64 7.64 7.64 7.64 7.64 7.64 7.64 7.64 7.64 7.64 7.64 7.64 7.64 7.64 7.64 7.64 7.64 7.64 7.64 7.64 7.64 7.64 7.64 7.64 7.64 7.64 7.64 7.64 7.64 7.64 7.64 7.64 7.64 7.64 7.64 7.64 7.64 7.64 7.22 7.22 7.22 7.22 7.22 7.22 7.22 7.22 7.22 7.22 7.22 7.22 7.22 7.22 7.22 7.22 7.22 7.22 7.22 7.22 7.22 7.22 7.22 7.22 7.22 7.22 7.22 7.22 7.22 
7.58 7.58 7.58 7.58 7.58 7.58 7.58 7.58 7.58 7.58 7.58 7.64 7.64 7.64 7.64 7.64 7.64 7.64 7.64 7.64 7.64 7.64 7.64 7.64 7.64 7.64 7.64 7.64 7.64 7.64 7.64 7.64 7.64 7.64 7.64 7.64 7.64 7.64 7.64 7.64 7.64 7.64 7.64 7.64 7.64 7.64 7.64 7.64 7.64 7.64 7.64 7.64 7.64 7.64 7.64 7.64 7.64 7.64 7.64 7.64 7.64 7.64 7.64 7.64 7.64 7.64 7.64 7.64 7.64 7.64 7.64 7.22 7.22 7.22 7.22 7.22 7.22 7.22 7.22 7.22 7.22 7.22 7.22 7.22 7.22 7.22 7.22 7.22 7.22 7.22 7.22 7.22 7.22 7.22 7.22 7.22 7.22 7.22 7.22 7.22 
7.58 7.58 7.58 7.58 7.58 7.58 7.58 7.58 7.58 7.58 7.58 7.64 7.64 7.64 7.64 7.64 7.64 7.64 7.64 7.64 7.64 7.64 7.64 7.64 7.64 7.64 7.64 7.64 7.64 7.64 7.64 7.64 7.64 7.64 7.64 7.64 7.64 7.64 7.64 7.64 7.64 7.64 7.64 7.64 7.64 7.64 7.64 7.64 7.64 7.64 7.64 7.64 7.64 7.64 7.64 7.64 7.64 7.64 7.64 7.64 7.64 7.64 7.64 7.64 7.64 7.64 7.64 7.64 7.64 7.64 7.64 7.22 7.22 7.22 7.22 7.22 7.22 7.22 7.22 7.22 7.22 7.22 7.22 7.22 7.22 7.22 7.22 7.22 7.22 7.22 7.22 7.22 7.22 7.22 7.22 7.22 7.22 7.22 7.22 7.22 
7.58 7.58 7.58 7.58 7.58 7.58 7.58 7.58 7.58 7.58 7.58 7.64 7.64 7.64 7.64 7.64 7.64 7.64 7.64 7.64 7.64 7.64 7.64 7.64 7.64 7.64 7.64 7.64 7.64 7.64 7.64 7.64 7.64 7.64 7.64 7.64 7.64 7.64 7.64 7.64 7.64 7.64 7.64 7.64 7.64 7.64 7.64 7.64 7.64 7.64 7.64 7.64 7.64 7.64 7.64 7.64 7.64 7.64 7.64 7.64 7.64 7.64 7.64 7.64 7.64 7.64 7.64 7.64 7.64 7.64 7.64 7.22 7.22 7.22 7.22 7.22 7.22 7.22 7.22 7.22 7.22 7.22 7.22 7.22 7.22 7.22 7.22 7.22 7.22 7.22 7.22 7.22 7.22 7.22 7.22 7.22 7.22 7.22 7.22 7.22 
7.58 7.58 7.58 7.58 7.58 7.58 7.58 7.58 7.58 7.58 7.58 7.64 7.64 7.64 7.64 7.64 7.64 7.64 7.64 7.64 7.64 7.64 7.64 7.64 7.64 7.64 7.64 7.64 7.64 7.64 7.64 7.64 7.64 7.64 7.64 7.64 7.64 7.64 7.64 7.64 7.64 7.64 7.64 7.64 7.64 7.64 7.64 7.64 7.64 7.64 7.64 7.64 7.64 7.64 7.64 7.64 7.64 7.64 7.64 7.64 7.64 7.64 7.64 7.64 7.64 7.64 7.64 7.64 7.64 7.64 7.64 7.22 7.22 7.22 7.22 7.22 7.22 7.22 7.22 7.22 7.22 7.22 7.22 7.22 7.22 7.22 7.22 7.22 7.22 7.22 7.22 7.22 7.22 7.22 7.22 7.22 7.22 7.22 7.22 7.22 
7.58 7.58 7.58 7.58 7.58 7.58 7.58 7.58 7.58 7.58 7.58 7.64 7.64 7.64 7.64 7.64 7.64 7.64 7.64 7.64 7.64 7.64 7.64 7.64 7.64 7.64 7.64 7.64 7.64 7.64 7.64 7.64 7.64 7.64 7.64 7.64 7.64 7.64 7.64 7.64 7.64 7.64 7.64 7.64 7.64 7.64 7.64 7.64 7.64 7.64 7.64 7.64 7.64 7.64 7.64 7.64 7.64 7.64 7.64 7.64 7.64 7.64 7.64 7.64 7.64 7.64 7.64 7.64 7.64 7.64 7.64 7.22 7.22 7.22 7.22 7.22 7.22 7.22 7.22 7.22 7.22 7.22 7.22 7.22 7.22 7.22 7.22 7.22 7.22 7.22 7.22 7.22 7.22 7.22 7.22 7.22 7.22 7.22 7.22 7.22 
7.58 7.58 7.58 7.58 7.58 7.58 7.58 7.58 7.58 7.58 7.58 7.64 7.64 7.64 7.64 7.64 7.64 7.64 7.64 7.64 7.64 7.64 7.64 7.64 7.64 7.64 7.64 7.64 7.64 7.64 7.64 7.64 7.64 7.64 7.64 7.64 7.64 7.64 7.64 7.64 7.64 7.64 7.64 7.64 7.64 7.64 7.64 7.64 7.64 7.64 7.64 7.64 7.64 7.64 7.64 7.64 7.64 7.64 7.64 7.64 7.64 7.64 7.64 7.64 7.64 7.64 7.64 7.64 7.64 7.64 7.64 7.22 7.22 7.22 7.22 7.22 7.22 7.22 7.22 7.22 7.22 7.22 7.22 7.22 7.22 7.22 7.22 7.22 7.22 7.22 7.22 7.22 7.22 7.22 7.22 7.22 7.22 7.22 7.22 7.22 
7.58 7.58 7.58 7.58 7.58 7.58 7.58 7.58 7.58 7.58 7.58 7.64 7.64 7.64 7.64 7.64 7.64 7.64 7.64 7.64 7.64 7.64 7.64 7.64 7.64 7.64 7.64 7.64 7.64 7.64 7.64 7.64 7.64 7.64 7.64 7.64 7.64 7.64 7.64 7.64 7.64 7.64 7.64 7.64 7.64 7.64 7.64 7.64 7.64 7.64 7.64 7.64 7.64 7.64 7.64 7.64 7.64 7.64 7.64 7.64 7.64 7.64 7.64 7.64 7.64 7.64 7.64 7.64 7.64 7.64 7.64 7.22 7.22 7.22 7.22 7.22 7.22 7.22 7.22 7.22 7.22 7.22 7.22 7.22 7.22 7.22 7.22 7.22 7.22 7.22 7.22 7.22 7.22 7.22 7.22 7.22 7.22 7.22 7.22 7.22 
7.58 7.58 7.58 7.58 7.58 7.58 7.58 7.58 7.58 7.58 7.58 7.64 7.64 7.64 7.64 7.64 7.64 7.64 7.64 7.64 7.64 7.64 7.64 7.64 7.64 7.64 7.64 7.64 7.64 7.64 7.64 7.64 7.64 7.64 7.64 7.64 7.64 7.64 7.64 7.64 7.64 7.64 7.64 7.64 7.64 7.64 7.64 7.64 7.64 7.64 7.64 7.64 7.64 7.64 7.64 7.64 7.64 7.64 7.64 7.64 7.64 7.64 7.64 7.64 7.64 7.64 7.64 7.64 7.64 7.64 7.64 7.22 7.22 7.22 7.22 7.22 7.22 7.22 7.22 7.22 7.22 7.22 7.22 7.22 7.22 7.22 7.22 7.22 7.22 7.22 7.22 7.22 7.22 7.22 7.22 7.22 7.22 7.22 7.22 7.22 
7.58 7.58 7.58 7.58 7.58 7.58 7.58 7.58 7.58 7.58 7.58 7.64 7.64 7.64 7.64 7.64 7.64 7.64 7.64 7.64 7.64 7.64 7.64 7.64 7.64 7.64 7.64 7.64 7.64 7.64 7.64 7.64 7.64 7.64 7.64 7.64 7.64 7.64 7.64 7.64 7.64 7.64 7.64 7.64 7.64 7.64 7.64 7.64 7.64 7.64 7.64 7.64 7.64 7.64 7.64 7.64 7.64 7.64 7.64 7.64 7.64 7.64 7.64 7.64 7.64 7.64 7.64 7.64 7.64 7.64 7.64 7.22 7.22 7.22 7.22 7.22 7.22 7.22 7.22 7.22 7.22 7.22 7.22 7.22 7.22 7.22 7.22 7.22 7.22 7.22 7.22 7.22 7.22 7.22 7.22 7.22 7.22 7.22 7.22 7.22 
7.58 7.58 7.58 7.58 7.58 7.58 7.58 7.58 7.58 7.58 7.58 7.64 7.64 7.64 7.64 7.64 7.64 7.64 7.64 7.64 7.64 7.64 7.64 7.64 7.64 7.64 7.64 7.64 7.64 7.64 7.64 7.64 7.64 7.64 7.64 7.64 7.64 7.64 7.64 7.64 7.64 7.64 7.64 7.64 7.64 7.64 7.64 7.64 7.64 7.64 7.64 7.64 7.64 7.64 7.64 7.64 7.64 7.64 7.64 7.64 7.64 7.64 7.64 7.64 7.64 7.64 7.64 7.64 7.64 7.64 7.64 7.22 7.22 7.22 7.22 7.22 7.22 7.22 7.22 7.22 7.22 7.22 7.22 7.22 7.22 7.22 7.22 7.22 7.22 7.22 7.22 7.22 7.22 7.22 7.22 7.22 7.22 7.22 7.22 7.22 
7.58 7.58 7.58 7.58 7.58 7.58 7.58 7.58 7.58 7.58 7.58 7.64 7.64 7.64 7.64 7.64 7.64 7.64 7.64 7.64 7.64 7.64 7.64 7.64 7.64 7.64 7.64 7.64 7.64 7.64 7.64 7.64 7.64 7.64 7.64 7.64 7.64 7.64 7.64 7.64 7.64 7.64 7.64 7.64 7.64 7.64 7.64 7.64 7.64 7.64 7.64 7.64 7.64 7.64 7.64 7.64 7.64 7.64 7.64 7.64 7.64 7.64 7.64 7.64 7.64 7.64 7.64 7.64 7.64 7.64 7.64 7.22 7.22 7.22 7.22 7.22 7.22 7.22 7.22 7.22 7.22 7.22 7.22 7.22 7.22 7.22 7.22 7.22 7.22 7.22 7.22 7.22 7.22 7.22 7.22 7.22 7.22 7.22 7.22 7.22 
7.58 7.58 7.58 7.58 7.58 7.58 7.58 7.58 7.58 7.58 7.58 7.64 7.64 7.64 7.64 7.64 7.64 7.64 7.64 7.64 7.64 7.64 7.64 7.64 7.64 7.64 7.64 7.64 7.64 7.64 7.64 7.64 7.64 7.64 7.64 7.64 7.64 7.64 7.64 7.64 7.64 7.64 7.64 7.64 7.64 7.64 7.64 7.64 7.64 7.64 7.64 7.64 7.64 7.64 7.64 7.64 7.64 7.64 7.64 7.64 7.64 7.64 7.64 7.64 7.64 7.64 7.64 7.64 7.64 7.64 7.64 7.22 7.22 7.22 7.22 7.22 7.22 7.22 7.22 7.22 7.22 7.22 7.22 7.22 7.22 7.22 7.22 7.22 7.22 7.22 7.22 7.22 7.22 7.22 7.22 7.22 7.22 7.22 7.22 7.22 
7.58 7.58 7.58 7.58 7.58 7.58 7.58 7.58 7.58 7.58 7.58 7.64 7.64 7.64 7.64 7.64 7.64 7.64 7.64 7.64 7.64 7.64 7.64 7.64 7.64 7.64 7.64 7.64 7.64 7.64 7.64 7.64 7.64 7.64 7.64 7.64 7.64 7.64 7.64 7.64 7.64 7.64 7.64 7.64 7.64 7.64 7.64 7.64 7.64 7.64 7.64 7.64 7.64 7.64 7.64 7.64 7.64 7.64 7.64 7.64 7.64 7.64 7.64 7.64 7.64 7.64 7.64 7.64 7.64 7.64 7.64 7.22 7.22 7.22 7.22 7.22 7.22 7.22 7.22 7.22 7.22 7.22 7.22 7.22 7.22 7.22 7.22 7.22 7.22 7.22 7.22 7.22 7.22 7.22 7.22 7.22 7.22 7.22 7.22 7.22 
7.58 7.58 7.58 7.58 7.58 7.58 7.58 7.58 7.58 7.58 7.58 7.64 7.64 7.64 7.64 7.64 7.64 7.64 7.64 7.64 7.64 7.64 7.64 7.64 7.64 7.64 7.64 7.64 7.64 7.64 7.64 7.64 7.64 7.64 7.64 7.64 7.64 7.64 7.64 7.64 7.64 7.64 7.64 7.64 7.64 7.64 7.64 7.64 7.64 7.64 7.64 7.64 7.64 7.64 7.64 7.64 7.64 7.64 7.64 7.64 7.64 7.64 7.64 7.64 7.64 7.64 7.64 7.64 7.64 7.64 7.64 7.22 7.22 7.22 7.22 7.22 7.22 7.22 7.22 7.22 7.22 7.22 7.22 7.22 7.22 7.22 7.22 7.22 7.22 7.22 7.22 7.22 7.22 7.22 7.22 7.22 7.22 7.22 7.22 7.22 
7.58 7.58 7.58 7.58 7.58 7.58 7.58 7.58 7.58 7.58 7.58 7.64 7.64 7.64 7.64 7.64 7.64 7.64 7.64 7.64 7.64 7.64 7.64 7.64 7.64 7.64 7.64 7.64 7.64 7.64 7.64 7.64 7.64 7.64 7.64 7.64 7.64 7.64 7.64 7.64 7.64 7.64 7.64 7.64 7.64 7.64 7.64 7.64 7.64 7.64 7.64 7.64 7.64 7.64 7.64 7.64 7.64 7.64 7.64 7.64 7.64 7.64 7.64 7.64 7.64 7.64 7.64 7.64 7.64 7.64 7.64 7.22 7.22 7.22 7.22 7.22 7.22 7.22 7.22 7.22 7.22 7.22 7.22 7.22 7.22 7.22 7.22 7.22 7.22 7.22 7.22 7.22 7.22 7.22 7.22 7.22 7.22 7.22 7.22 7.22 
7.58 7.58 7.58 7.58 7.58 7.58 7.58 7.58 7.58 7.58 7.58 7.64 7.64 7.64 7.64 7.64 7.64 7.64 7.64 7.64 7.64 7.64 7.64 7.64 7.64 7.64 7.64 7.64 7.64 7.64 7.64 7.64 7.64 7.64 7.64 7.64 7.64 7.64 7.64 7.64 7.64 7.64 7.64 7.64 7.64 7.64 7.64 7.64 7.64 7.64 7.64 7.64 7.64 7.64 7.64 7.64 7.64 7.64 7.64 7.64 7.64 7.64 7.64 7.64 7.64 7.64 7.64 7.64 7.64 7.64 7.64 7.22 7.22 7.22 7.22 7.22 7.22 7.22 7.22 7.22 7.22 7.22 7.22 7.22 7.22 7.22 7.22 7.22 7.22 7.22 7.22 7.22 7.22 7.22 7.22 7.22 7.22 7.22 7.22 7.22 
7.58 7.58 7.58 7.58 7.58 7.58 7.58 7.58 7.58 7.58 7.58 7.64 7.64 7.64 7.64 7.64 7.64 7.64 7.64 7.64 7.64 7.64 7.64 7.64 7.64 7.64 7.64 7.64 7.64 7.64 7.64 7.64 7.64 7.64 7.64 7.64 7.64 7.64 7.64 7.64 7.64 7.64 7.64 7.64 7.64 7.64 7.64 7.64 7.64 7.64 7.64 7.64 7.64 7.64 7.64 7.64 7.64 7.64 7.64 7.64 7.64 7.64 7.64 7.64 7.64 7.64 7.64 7.64 7.64 7.64 7.64 7.22 7.22 7.22 7.22 7.22 7.22 7.22 7.22 7.22 7.22 7.22 7.22 7.22 7.22 7.22 7.22 7.22 7.22 7.22 7.22 7.22 7.22 7.22 7.22 7.22 7.22 7.22 7.22 7.22 
7.58 7.58 7.58 7.58 7.58 7.58 7.58 7.58 7.58 7.58 7.58 7.64 7.64 7.64 7.64 7.64 7.64 7.64 7.64 7.64 7.64 7.64 7.64 7.64 7.64 7.64 7.64 7.64 7.64 7.64 7.64 7.64 7.64 7.64 7.64 7.64 7.64 7.64 7.64 7.64 7.64 7.64 7.64 7.64 7.64 7.64 7.64 7.64 7.64 7.64 7.64 7.64 7.64 7.64 7.64 7.64 7.64 7.64 7.64 7.64 7.64 7.64 7.64 7.64 7.64 7.64 7.64 7.64 7.64 7.64 7.64 7.22 7.22 7.22 7.22 7.22 7.22 7.22 7.22 7.22 7.22 7.22 7.22 7.22 7.22 7.22 7.22 7.22 7.22 7.22 7.22 7.22 7.22 7.22 7.22 7.22 7.22 7.22 7.22 7.22 
7.58 7.58 7.58 7.58 7.58 7.58 7.58 7.58 7.58 7.58 7.58 7.64 7.64 7.64 7.64 7.64 7.64 7.64 7.64 7.64 7.64 7.64 7.64 7.64 7.64 7.64 7.64 7.64 7.64 7.64 7.64 7.64 7.64 7.64 7.64 7.64 7.64 7.64 7.64 7.64 7.64 7.64 7.64 7.64 7.64 7.64 7.64 7.64 7.64 7.64 7.64 7.64 7.64 7.64 7.64 7.64 7.64 7.64 7.64 7.64 7.64 7.64 7.64 7.64 7.64 7.64 7.64 7.64 7.64 7.64 7.64 7.22 7.22 7.22 7.22 7.22 7.22 7.22 7.22 7.22 7.22 7.22 7.22 7.22 7.22 7.22 7.22 7.22 7.22 7.22 7.22 7.22 7.22 7.22 7.22 7.22 7.22 7.22 7.22 7.22 
7.58 7.58 7.58 7.58 7.58 7.58 7.58 7.58 7.58 7.58 7.58 7.64 7.64 7.64 7.64 7.64 7.64 7.64 7.64 7.64 7.64 7.64 7.64 7.64 7.64 7.64 7.64 7.64 7.64 7.64 7.64 7.64 7.64 7.64 7.64 7.64 7.64 7.64 7.64 7.64 7.64 7.64 7.64 7.64 7.64 7.64 7.64 7.64 7.64 7.64 7.64 7.64 7.64 7.64 7.64 7.64 7.64 7.64 7.64 7.64 7.64 7.64 7.64 7.64 7.64 7.64 7.64 7.64 7.64 7.64 7.64 7.22 7.22 7.22 7.22 7.22 7.22 7.22 7.22 7.22 7.22 7.22 7.22 7.22 7.22 7.22 7.22 7.22 7.22 7.22 7.22 7.22 7.22 7.22 7.22 7.22 7.22 7.22 7.22 7.22 
7.58 7.58 7.58 7.58 7.58 7.58 7.58 7.58 7.58 7.58 7.58 7.64 7.64 7.64 7.64 7.64 7.64 7.64 7.64 7.64 7.64 7.64 7.64 7.64 7.64 7.64 7.64 7.64 7.64 7.64 7.64 7.64 7.64 7.64 7.64 7.64 7.64 7.64 7.64 7.64 7.64 7.64 7.64 7.64 7.64 7.64 7.64 7.64 7.64 7.64 7.64 7.64 7.64 7.64 7.64 7.64 7.64 7.64 7.64 7.64 7.64 7.64 7.64 7.64 7.64 7.64 7.64 7.64 7.64 7.64 7.64 7.22 7.22 7.22 7.22 7.22 7.22 7.22 7.22 7.22 7.22 7.22 7.22 7.22 7.22 7.22 7.22 7.22 7.22 7.22 7.22 7.22 7.22 7.22 7.22 7.22 7.22 7.22 7.22 7.22 
7.58 7.58 7.58 7.58 7.58 7.58 7.58 7.58 7.58 7.58 7.58 7.64 7.64 7.64 7.64 7.64 7.64 7.64 7.64 7.64 7.64 7.64 7.64 7.64 7.64 7.64 7.64 7.64 7.64 7.64 7.64 7.64 7.64 7.64 7.64 7.64 7.64 7.64 7.64 7.64 7.64 7.64 7.64 7.64 7.64 7.64 7.64 7.64 7.64 7.64 7.64 7.64 7.64 7.64 7.64 7.64 7.64 7.64 7.64 7.64 7.64 7.64 7.64 7.64 7.64 7.64 7.64 7.64 7.64 7.64 7.64 7.22 7.22 7.22 7.22 7.22 7.22 7.22 7.22 7.22 7.22 7.22 7.22 7.22 7.22 7.22 7.22 7.22 7.22 7.22 7.22 7.22 7.22 7.22 7.22 7.22 7.22 7.22 7.22 7.22 
7.58 7.58 7.58 7.58 7.58 7.58 7.58 7.58 7.58 7.58 7.58 7.64 7.64 7.64 7.64 7.64 7.64 7.64 7.64 7.64 7.64 7.64 7.64 7.64 7.64 7.64 7.64 7.64 7.64 7.64 7.64 7.64 7.64 7.64 7.64 7.64 7.64 7.64 7.64 7.64 7.64 7.64 7.64 7.64 7.64 7.64 7.64 7.64 7.64 7.64 7.64 7.64 7.64 7.64 7.64 7.64 7.64 7.64 7.64 7.64 7.64 7.64 7.64 7.64 7.64 7.64 7.64 7.64 7.64 7.64 7.64 7.22 7.22 7.22 7.22 7.22 7.22 7.22 7.22 7.22 7.22 7.22 7.22 7.22 7.22 7.22 7.22 7.22 7.22 7.22 7.22 7.22 7.22 7.22 7.22 7.22 7.22 7.22 7.22 7.22 
7.58 7.58 7.58 7.58 7.58 7.58 7.58 7.58 7.58 7.58 7.58 7.64 7.64 7.64 7.64 7.64 7.64 7.64 7.64 7.64 7.64 7.64 7.64 7.64 7.64 7.64 7.64 7.64 7.64 7.64 7.64 7.64 7.64 7.64 7.64 7.64 7.64 7.64 7.64 7.64 7.64 7.64 7.64 7.64 7.64 7.64 7.64 7.64 7.64 7.64 7.64 7.64 7.64 7.64 7.64 7.64 7.64 7.64 7.64 7.64 7.64 7.64 7.64 7.64 7.64 7.64 7.64 7.64 7.64 7.64 7.64 7.22 7.22 7.22 7.22 7.22 7.22 7.22 7.22 7.22 7.22 7.22 7.22 7.22 7.22 7.22 7.22 7.22 7.22 7.22 7.22 7.22 7.22 7.22 7.22 7.22 7.22 7.22 7.22 7.22 
7.58 7.58 7.58 7.58 7.58 7.58 7.58 7.58 7.58 7.58 7.58 7.64 7.64 7.64 7.64 7.64 7.64 7.64 7.64 7.64 7.64 7.64 7.64 7.64 7.64 7.64 7.64 7.64 7.64 7.64 7.64 7.64 7.64 7.64 7.64 7.64 7.64 7.64 7.64 7.64 7.64 7.64 7.64 7.64 7.64 7.64 7.64 7.64 7.64 7.64 7.64 7.64 7.64 7.64 7.64 7.64 7.64 7.64 7.64 7.64 7.64 7.64 7.64 7.64 7.64 7.64 7.64 7.64 7.64 7.64 7.64 7.22 7.22 7.22 7.22 7.22 7.22 7.22 7.22 7.22 7.22 7.22 7.22 7.22 7.22 7.22 7.22 7.22 7.22 7.22 7.22 7.22 7.22 7.22 7.22 7.22 7.22 7.22 7.22 7.22 
7.58 7.58 7.58 7.58 7.58 7.58 7.58 7.58 7.58 7.58 7.58 7.64 7.64 7.64 7.64 7.64 7.64 7.64 7.64 7.64 7.64 7.64 7.64 7.64 7.64 7.64 7.64 7.64 7.64 7.64 7.64 7.64 7.64 7.64 7.64 7.64 7.64 7.64 7.64 7.64 7.64 7.64 7.64 7.64 7.64 7.64 7.64 7.64 7.64 7.64 7.64 7.64 7.64 7.64 7.64 7.64 7.64 7.64 7.64 7.64 7.64 7.64 7.64 7.64 7.64 7.64 7.64 7.64 7.64 7.64 7.64 7.22 7.22 7.22 7.22 7.22 7.22 7.22 7.22 7.22 7.22 7.22 7.22 7.22 7.22 7.22 7.22 7.22 7.22 7.22 7.22 7.22 7.22 7.22 7.22 7.22 7.22 7.22 7.22 7.22 
7.58 7.58 7.58 7.58 7.58 7.58 7.58 7.58 7.58 7.58 7.58 7.64 7.64 7.64 7.64 7.64 7.64 7.64 7.64 7.64 7.64 7.64 7.64 7.64 7.64 7.64 7.64 7.64 7.64 7.64 7.64 7.64 7.64 7.64 7.64 7.64 7.64 7.64 7.64 7.64 7.64 7.64 7.64 7.64 7.64 7.64 7.64 7.64 7.64 7.64 7.64 7.64 7.64 7.64 7.64 7.64 7.64 7.64 7.64 7.64 7.64 7.64 7.64 7.64 7.64 7.64 7.64 7.64 7.64 7.64 7.64 7.22 7.22 7.22 7.22 7.22 7.22 7.22 7.22 7.22 7.22 7.22 7.22 7.22 7.22 7.22 7.22 7.22 7.22 7.22 7.22 7.22 7.22 7.22 7.22 7.22 7.22 7.22 7.22 7.22 
7.58 7.58 7.58 7.58 7.58 7.58 7.58 7.58 7.58 7.58 7.58 7.64 7.64 7.64 7.64 7.64 7.64 7.64 7.64 7.64 7.64 7.64 7.64 7.64 7.64 7.64 7.64 7.64 7.64 7.64 7.64 7.64 7.64 7.64 7.64 7.64 7.64 7.64 7.64 7.64 7.64 7.64 7.64 7.64 7.64 7.64 7.64 7.64 7.64 7.64 7.64 7.64 7.64 7.64 7.64 7.64 7.64 7.64 7.64 7.64 7.64 7.64 7.64 7.64 7.64 7.64 7.64 7.64 7.64 7.64 7.64 7.22 7.22 7.22 7.22 7.22 7.22 7.22 7.22 7.22 7.22 7.22 7.22 7.22 7.22 7.22 7.22 7.22 7.22 7.22 7.22 7.22 7.22 7.22 7.22 7.22 7.22 7.22 7.22 7.22 
7.58 7.58 7.58 7.58 7.58 7.58 7.58 7.58 7.58 7.58 7.58 7.64 7.64 7.64 7.64 7.64 7.64 7.64 7.64 7.64 7.64 7.64 7.64 7.64 7.64 7.64 7.64 7.64 7.64 7.64 7.64 7.64 7.64 7.64 7.64 7.64 7.64 7.64 7.64 7.64 7.64 7.64 7.64 7.64 7.64 7.64 7.64 7.64 7.64 7.64 7.64 7.64 7.64 7.64 7.64 7.64 7.64 7.64 7.64 7.64 7.64 7.64 7.64 7.64 7.64 7.64 7.64 7.64 7.64 7.64 7.64 7.22 7.22 7.22 7.22 7.22 7.22 7.22 7.22 7.22 7.22 7.22 7.22 7.22 7.22 7.22 7.22 7.22 7.22 7.22 7.22 7.22 7.22 7.22 7.22 7.22 7.22 7.22 7.22 7.22 
7.58 7.58 7.58 7.58 7.58 7.58 7.58 7.58 7.58 7.58 7.58 7.64 7.64 7.64 7.64 7.64 7.64 7.64 7.64 7.64 7.64 7.64 7.64 7.64 7.64 7.64 7.64 7.64 7.64 7.64 7.64 7.64 7.64 7.64 7.64 7.64 7.64 7.64 7.64 7.64 7.64 7.64 7.64 7.64 7.64 7.64 7.64 7.64 7.64 7.64 7.64 7.64 7.64 7.64 7.64 7.64 7.64 7.64 7.64 7.64 7.64 7.64 7.64 7.64 7.64 7.64 7.64 7.64 7.64 7.64 7.64 7.22 7.22 7.22 7.22 7.22 7.22 7.22 7.22 7.22 7.22 7.22 7.22 7.22 7.22 7.22 7.22 7.22 7.22 7.22 7.22 7.22 7.22 7.22 7.22 7.22 7.22 7.22 7.22 7.22 
