ncols         100
nrows         100
xllcorner     -59982.863281
yllcorner     1851083.022172
cellsize      1000
NODATA_value  -9999
152.9 152.9 152.9 152.9 152.9 152.9 152.9 152.9 152.9 152.9 152.9 145.7 145.7 145.7 145.7 145.7 145.7 145.7 145.7 145.7 145.7 145.7 145.7 145.7 145.7 145.7 145.7 145.7 145.7 145.7 145.7 145.7 145.7 145.7 145.7 145.7 145.7 145.7 145.7 145.7 145.7 145.7 145.7 145.7 145.7 145.7 145.7 145.7 145.7 145.7 145.7 145.7 145.7 145.7 145.7 145.7 145.7 145.7 145.7 145.7 145.7 145.7 145.7 145.7 145.7 145.7 145.7 145.7 145.7 145.7 145.7 136.1 136.1 136.1 136.1 136.1 136.1 136.1 136.1 136.1 136.1 136.1 136.1 136.1 136.1 136.1 136.1 136.1 136.1 136.1 136.1 136.1 136.1 136.1 136.1 136.1 136.1 136.1 136.1 136.1 
152.9 152.9 152.9 152.9 152.9 152.9 152.9 152.9 152.9 152.9 152.9 145.7 145.7 145.7 145.7 145.7 145.7 145.7 145.7 145.7 145.7 145.7 145.7 145.7 145.7 145.7 145.7 145.7 145.7 145.7 145.7 145.7 145.7 145.7 145.7 145.7 145.7 145.7 145.7 145.7 145.7 145.7 145.7 145.7 145.7 145.7 145.7 145.7 145.7 145.7 145.7 145.7 145.7 145.7 145.7 145.7 145.7 145.7 145.7 145.7 145.7 145.7 145.7 145.7 145.7 145.7 145.7 145.7 145.7 145.7 145.7 136.1 136.1 136.1 136.1 136.1 136.1 136.1 136.1 136.1 136.1 136.1 136.1 136.1 136.1 136.1 136.1 136.1 136.1 136.1 136.1 136.1 136.1 136.1 136.1 136.1 136.1 136.1 136.1 136.1 
152.9 152.9 152.9 152.9 152.9 152.9 152.9 152.9 152.9 152.9 152.9 145.7 145.7 145.7 145.7 145.7 145.7 145.7 145.7 145.7 145.7 145.7 145.7 145.7 145.7 145.7 145.7 145.7 145.7 145.7 145.7 145.7 145.7 145.7 145.7 145.7 145.7 145.7 145.7 145.7 145.7 145.7 145.7 145.7 145.7 145.7 145.7 145.7 145.7 145.7 145.7 145.7 145.7 145.7 145.7 145.7 145.7 145.7 145.7 145.7 145.7 145.7 145.7 145.7 145.7 145.7 145.7 145.7 145.7 145.7 145.7 136.1 136.1 136.1 136.1 136.1 136.1 136.1 136.1 136.1 136.1 136.1 136.1 136.1 136.1 136.1 136.1 136.1 136.1 136.1 136.1 136.1 136.1 136.1 136.1 136.1 136.1 136.1 136.1 136.1 
152.9 152.9 152.9 152.9 152.9 152.9 152.9 152.9 152.9 152.9 152.9 145.7 145.7 145.7 145.7 145.7 145.7 145.7 145.7 145.7 145.7 145.7 145.7 145.7 145.7 145.7 145.7 145.7 145.7 145.7 145.7 145.7 145.7 145.7 145.7 145.7 145.7 145.7 145.7 145.7 145.7 145.7 145.7 145.7 145.7 145.7 145.7 145.7 145.7 145.7 145.7 145.7 145.7 145.7 145.7 145.7 145.7 145.7 145.7 145.7 145.7 145.7 145.7 145.7 145.7 145.7 145.7 145.7 145.7 145.7 145.7 136.1 136.1 136.1 136.1 136.1 136.1 136.1 136.1 136.1 136.1 136.1 136.1 136.1 136.1 136.1 136.1 136.1 136.1 136.1 136.1 136.1 136.1 136.1 136.1 136.1 136.1 136.1 136.1 136.1 
152.9 152.9 152.9 152.9 152.9 152.9 152.9 152.9 152.9 152.9 152.9 145.7 145.7 145.7 145.7 145.7 145.7 145.7 145.7 145.7 145.7 145.7 145.7 145.7 145.7 145.7 145.7 145.7 145.7 145.7 145.7 145.7 145.7 145.7 145.7 145.7 145.7 145.7 145.7 145.7 145.7 145.7 145.7 145.7 145.7 145.7 145.7 145.7 145.7 145.7 145.7 145.7 145.7 145.7 145.7 145.7 145.7 145.7 145.7 145.7 145.7 145.7 145.7 145.7 145.7 145.7 145.7 145.7 145.7 145.7 145.7 136.1 136.1 136.1 136.1 136.1 136.1 136.1 136.1 136.1 136.1 136.1 136.1 136.1 136.1 136.1 136.1 136.1 136.1 136.1 136.1 136.1 136.1 136.1 136.1 136.1 136.1 136.1 136.1 136.1 
152.9 152.9 152.9 152.9 152.9 152.9 152.9 152.9 152.9 152.9 152.9 145.7 145.7 145.7 145.7 145.7 145.7 145.7 145.7 145.7 145.7 145.7 145.7 145.7 145.7 145.7 145.7 145.7 145.7 145.7 145.7 145.7 145.7 145.7 145.7 145.7 145.7 145.7 145.7 145.7 145.7 145.7 145.7 145.7 145.7 145.7 145.7 145.7 145.7 145.7 145.7 145.7 145.7 145.7 145.7 145.7 145.7 145.7 145.7 145.7 145.7 145.7 145.7 145.7 145.7 145.7 145.7 145.7 145.7 145.7 145.7 136.1 136.1 136.1 136.1 136.1 136.1 136.1 136.1 136.1 136.1 136.1 136.1 136.1 136.1 136.1 136.1 136.1 136.1 136.1 136.1 136.1 136.1 136.1 136.1 136.1 136.1 136.1 136.1 136.1 
152.9 152.9 152.9 152.9 152.9 152.9 152.9 152.9 152.9 152.9 152.9 145.7 145.7 145.7 145.7 145.7 145.7 145.7 145.7 145.7 145.7 145.7 145.7 145.7 145.7 145.7 145.7 145.7 145.7 145.7 145.7 145.7 145.7 145.7 145.7 145.7 145.7 145.7 145.7 145.7 145.7 145.7 145.7 145.7 145.7 145.7 145.7 145.7 145.7 145.7 145.7 145.7 145.7 145.7 145.7 145.7 145.7 145.7 145.7 145.7 145.7 145.7 145.7 145.7 145.7 145.7 145.7 145.7 145.7 145.7 145.7 136.1 136.1 136.1 136.1 136.1 136.1 136.1 136.1 136.1 136.1 136.1 136.1 136.1 136.1 136.1 136.1 136.1 136.1 136.1 136.1 136.1 136.1 136.1 136.1 136.1 136.1 136.1 136.1 136.1 
152.9 152.9 152.9 152.9 152.9 152.9 152.9 152.9 152.9 152.9 152.9 145.7 145.7 145.7 145.7 145.7 145.7 145.7 145.7 145.7 145.7 145.7 145.7 145.7 145.7 145.7 145.7 145.7 145.7 145.7 145.7 145.7 145.7 145.7 145.7 145.7 145.7 145.7 145.7 145.7 145.7 145.7 145.7 145.7 145.7 145.7 145.7 145.7 145.7 145.7 145.7 145.7 145.7 145.7 145.7 145.7 145.7 145.7 145.7 145.7 145.7 145.7 145.7 145.7 145.7 145.7 145.7 145.7 145.7 145.7 145.7 136.1 136.1 136.1 136.1 136.1 136.1 136.1 136.1 136.1 136.1 136.1 136.1 136.1 136.1 136.1 136.1 136.1 136.1 136.1 136.1 136.1 136.1 136.1 136.1 136.1 136.1 136.1 136.1 136.1 
152.9 152.9 152.9 152.9 152.9 152.9 152.9 152.9 152.9 152.9 152.9 145.7 145.7 145.7 145.7 145.7 145.7 145.7 145.7 145.7 145.7 145.7 145.7 145.7 145.7 145.7 145.7 145.7 145.7 145.7 145.7 145.7 145.7 145.7 145.7 145.7 145.7 145.7 145.7 145.7 145.7 145.7 145.7 145.7 145.7 145.7 145.7 145.7 145.7 145.7 145.7 145.7 145.7 145.7 145.7 145.7 145.7 145.7 145.7 145.7 145.7 145.7 145.7 145.7 145.7 145.7 145.7 145.7 145.7 145.7 145.7 136.1 136.1 136.1 136.1 136.1 136.1 136.1 136.1 136.1 136.1 136.1 136.1 136.1 136.1 136.1 136.1 136.1 136.1 136.1 136.1 136.1 136.1 136.1 136.1 136.1 136.1 136.1 136.1 136.1 
164.3 164.3 164.3 164.3 164.3 164.3 164.3 164.3 164.3 164.3 164.3 164.9 164.9 164.9 164.9 164.9 164.9 164.9 164.9 164.9 164.9 164.9 164.9 164.9 164.9 164.9 164.9 164.9 164.9 164.9 164.9 164.9 164.9 164.9 164.9 164.9 164.9 164.9 164.9 164.9 164.9 164.9 164.9 164.9 164.9 164.9 164.9 164.9 164.9 164.9 164.9 164.9 164.9 164.9 164.9 164.9 164.9 164.9 164.9 164.9 164.9 164.9 164.9 164.9 164.9 164.9 164.9 164.9 164.9 164.9 164.9 153.5 153.5 153.5 153.5 153.5 153.5 153.5 153.5 153.5 153.5 153.5 153.5 153.5 153.5 153.5 153.5 153.5 153.5 153.5 153.5 153.5 153.5 153.5 153.5 153.5 153.5 153.5 153.5 153.5 
164.3 164.3 164.3 164.3 164.3 164.3 164.3 164.3 164.3 164.3 164.3 164.9 164.9 164.9 164.9 164.9 164.9 164.9 164.9 164.9 164.9 164.9 164.9 164.9 164.9 164.9 164.9 164.9 164.9 164.9 164.9 164.9 164.9 164.9 164.9 164.9 164.9 164.9 164.9 164.9 164.9 164.9 164.9 164.9 164.9 164.9 164.9 164.9 164.9 164.9 164.9 164.9 164.9 164.9 164.9 164.9 164.9 164.9 164.9 164.9 164.9 164.9 164.9 164.9 164.9 164.9 164.9 164.9 164.9 164.9 164.9 153.5 153.5 153.5 153.5 153.5 153.5 153.5 153.5 153.5 153.5 153.5 153.5 153.5 153.5 153.5 153.5 153.5 153.5 153.5 153.5 153.5 153.5 153.5 153.5 153.5 153.5 153.5 153.5 153.5 
164.3 164.3 164.3 164.3 164.3 164.3 164.3 164.3 164.3 164.3 164.3 164.9 164.9 164.9 164.9 164.9 164.9 164.9 164.9 164.9 164.9 164.9 164.9 164.9 164.9 164.9 164.9 164.9 164.9 164.9 164.9 164.9 164.9 164.9 164.9 164.9 164.9 164.9 164.9 164.9 164.9 164.9 164.9 164.9 164.9 164.9 164.9 164.9 164.9 164.9 164.9 164.9 164.9 164.9 164.9 164.9 164.9 164.9 164.9 164.9 164.9 164.9 164.9 164.9 164.9 164.9 164.9 164.9 164.9 164.9 164.9 153.5 153.5 153.5 153.5 153.5 153.5 153.5 153.5 153.5 153.5 153.5 153.5 153.5 153.5 153.5 153.5 153.5 153.5 153.5 153.5 153.5 153.5 153.5 153.5 153.5 153.5 153.5 153.5 153.5 
164.3 164.3 164.3 164.3 164.3 164.3 164.3 164.3 164.3 164.3 164.3 164.9 164.9 164.9 164.9 164.9 164.9 164.9 164.9 164.9 164.9 164.9 164.9 164.9 164.9 164.9 164.9 164.9 164.9 164.9 164.9 164.9 164.9 164.9 164.9 164.9 164.9 164.9 164.9 164.9 164.9 164.9 164.9 164.9 164.9 164.9 164.9 164.9 164.9 164.9 164.9 164.9 164.9 164.9 164.9 164.9 164.9 164.9 164.9 164.9 164.9 164.9 164.9 164.9 164.9 164.9 164.9 164.9 164.9 164.9 164.9 153.5 153.5 153.5 153.5 153.5 153.5 153.5 153.5 153.5 153.5 153.5 153.5 153.5 153.5 153.5 153.5 153.5 153.5 153.5 153.5 153.5 153.5 153.5 153.5 153.5 153.5 153.5 153.5 153.5 
164.3 164.3 164.3 164.3 164.3 164.3 164.3 164.3 164.3 164.3 164.3 164.9 164.9 164.9 164.9 164.9 164.9 164.9 164.9 164.9 164.9 164.9 164.9 164.9 164.9 164.9 164.9 164.9 164.9 164.9 164.9 164.9 164.9 164.9 164.9 164.9 164.9 164.9 164.9 164.9 164.9 164.9 164.9 164.9 164.9 164.9 164.9 164.9 164.9 164.9 164.9 164.9 164.9 164.9 164.9 164.9 164.9 164.9 164.9 164.9 164.9 164.9 164.9 164.9 164.9 164.9 164.9 164.9 164.9 164.9 164.9 153.5 153.5 153.5 153.5 153.5 153.5 153.5 153.5 153.5 153.5 153.5 153.5 153.5 153.5 153.5 153.5 153.5 153.5 153.5 153.5 153.5 153.5 153.5 153.5 153.5 153.5 153.5 153.5 153.5 
164.3 164.3 164.3 164.3 164.3 164.3 164.3 164.3 164.3 164.3 164.3 164.9 164.9 164.9 164.9 164.9 164.9 164.9 164.9 164.9 164.9 164.9 164.9 164.9 164.9 164.9 164.9 164.9 164.9 164.9 164.9 164.9 164.9 164.9 164.9 164.9 164.9 164.9 164.9 164.9 164.9 164.9 164.9 164.9 164.9 164.9 164.9 164.9 164.9 164.9 164.9 164.9 164.9 164.9 164.9 164.9 164.9 164.9 164.9 164.9 164.9 164.9 164.9 164.9 164.9 164.9 164.9 164.9 164.9 164.9 164.9 153.5 153.5 153.5 153.5 153.5 153.5 153.5 153.5 153.5 153.5 153.5 153.5 153.5 153.5 153.5 153.5 153.5 153.5 153.5 153.5 153.5 153.5 153.5 153.5 153.5 153.5 153.5 153.5 153.5 
164.3 164.3 164.3 164.3 164.3 164.3 164.3 164.3 164.3 164.3 164.3 164.9 164.9 164.9 164.9 164.9 164.9 164.9 164.9 164.9 164.9 164.9 164.9 164.9 164.9 164.9 164.9 164.9 164.9 164.9 164.9 164.9 164.9 164.9 164.9 164.9 164.9 164.9 164.9 164.9 164.9 164.9 164.9 164.9 164.9 164.9 164.9 164.9 164.9 164.9 164.9 164.9 164.9 164.9 164.9 164.9 164.9 164.9 164.9 164.9 164.9 164.9 164.9 164.9 164.9 164.9 164.9 164.9 164.9 164.9 164.9 153.5 153.5 153.5 153.5 153.5 153.5 153.5 153.5 153.5 153.5 153.5 153.5 153.5 153.5 153.5 153.5 153.5 153.5 153.5 153.5 153.5 153.5 153.5 153.5 153.5 153.5 153.5 153.5 153.5 
164.3 164.3 164.3 164.3 164.3 164.3 164.3 164.3 164.3 164.3 164.3 164.9 164.9 164.9 164.9 164.9 164.9 164.9 164.9 164.9 164.9 164.9 164.9 164.9 164.9 164.9 164.9 164.9 164.9 164.9 164.9 164.9 164.9 164.9 164.9 164.9 164.9 164.9 164.9 164.9 164.9 164.9 164.9 164.9 164.9 164.9 164.9 164.9 164.9 164.9 164.9 164.9 164.9 164.9 164.9 164.9 164.9 164.9 164.9 164.9 164.9 164.9 164.9 164.9 164.9 164.9 164.9 164.9 164.9 164.9 164.9 153.5 153.5 153.5 153.5 153.5 153.5 153.5 153.5 153.5 153.5 153.5 153.5 153.5 153.5 153.5 153.5 153.5 153.5 153.5 153.5 153.5 153.5 153.5 153.5 153.5 153.5 153.5 153.5 153.5 
164.3 164.3 164.3 164.3 164.3 164.3 164.3 164.3 164.3 164.3 164.3 164.9 164.9 164.9 164.9 164.9 164.9 164.9 164.9 164.9 164.9 164.9 164.9 164.9 164.9 164.9 164.9 164.9 164.9 164.9 164.9 164.9 164.9 164.9 164.9 164.9 164.9 164.9 164.9 164.9 164.9 164.9 164.9 164.9 164.9 164.9 164.9 164.9 164.9 164.9 164.9 164.9 164.9 164.9 164.9 164.9 164.9 164.9 164.9 164.9 164.9 164.9 164.9 164.9 164.9 164.9 164.9 164.9 164.9 164.9 164.9 153.5 153.5 153.5 153.5 153.5 153.5 153.5 153.5 153.5 153.5 153.5 153.5 153.5 153.5 153.5 153.5 153.5 153.5 153.5 153.5 153.5 153.5 153.5 153.5 153.5 153.5 153.5 153.5 153.5 
164.3 164.3 164.3 164.3 164.3 164.3 164.3 164.3 164.3 164.3 164.3 164.9 164.9 164.9 164.9 164.9 164.9 164.9 164.9 164.9 164.9 164.9 164.9 164.9 164.9 164.9 164.9 164.9 164.9 164.9 164.9 164.9 164.9 164.9 164.9 164.9 164.9 164.9 164.9 164.9 164.9 164.9 164.9 164.9 164.9 164.9 164.9 164.9 164.9 164.9 164.9 164.9 164.9 164.9 164.9 164.9 164.9 164.9 164.9 164.9 164.9 164.9 164.9 164.9 164.9 164.9 164.9 164.9 164.9 164.9 164.9 153.5 153.5 153.5 153.5 153.5 153.5 153.5 153.5 153.5 153.5 153.5 153.5 153.5 153.5 153.5 153.5 153.5 153.5 153.5 153.5 153.5 153.5 153.5 153.5 153.5 153.5 153.5 153.5 153.5 
164.3 164.3 164.3 164.3 164.3 164.3 164.3 164.3 164.3 164.3 164.3 164.9 164.9 164.9 164.9 164.9 164.9 164.9 164.9 164.9 164.9 164.9 164.9 164.9 164.9 164.9 164.9 164.9 164.9 164.9 164.9 164.9 164.9 164.9 164.9 164.9 164.9 164.9 164.9 164.9 164.9 164.9 164.9 164.9 164.9 164.9 164.9 164.9 164.9 164.9 164.9 164.9 164.9 164.9 164.9 164.9 164.9 164.9 164.9 164.9 164.9 164.9 164.9 164.9 164.9 164.9 164.9 164.9 164.9 164.9 164.9 153.5 153.5 153.5 153.5 153.5 153.5 153.5 153.5 153.5 153.5 153.5 153.5 153.5 153.5 153.5 153.5 153.5 153.5 153.5 153.5 153.5 153.5 153.5 153.5 153.5 153.5 153.5 153.5 153.5 
164.3 164.3 164.3 164.3 164.3 164.3 164.3 164.3 164.3 164.3 164.3 164.9 164.9 164.9 164.9 164.9 164.9 164.9 164.9 164.9 164.9 164.9 164.9 164.9 164.9 164.9 164.9 164.9 164.9 164.9 164.9 164.9 164.9 164.9 164.9 164.9 164.9 164.9 164.9 164.9 164.9 164.9 164.9 164.9 164.9 164.9 164.9 164.9 164.9 164.9 164.9 164.9 164.9 164.9 164.9 164.9 164.9 164.9 164.9 164.9 164.9 164.9 164.9 164.9 164.9 164.9 164.9 164.9 164.9 164.9 164.9 153.5 153.5 153.5 153.5 153.5 153.5 153.5 153.5 153.5 153.5 153.5 153.5 153.5 153.5 153.5 153.5 153.5 153.5 153.5 153.5 153.5 153.5 153.5 153.5 153.5 153.5 153.5 153.5 153.5 
164.3 164.3 164.3 164.3 164.3 164.3 164.3 164.3 164.3 164.3 164.3 164.9 164.9 164.9 164.9 164.9 164.9 164.9 164.9 164.9 164.9 164.9 164.9 164.9 164.9 164.9 164.9 164.9 164.9 164.9 164.9 164.9 164.9 164.9 164.9 164.9 164.9 164.9 164.9 164.9 164.9 164.9 164.9 164.9 164.9 164.9 164.9 164.9 164.9 164.9 164.9 164.9 164.9 164.9 164.9 164.9 164.9 164.9 164.9 164.9 164.9 164.9 164.9 164.9 164.9 164.9 164.9 164.9 164.9 164.9 164.9 153.5 153.5 153.5 153.5 153.5 153.5 153.5 153.5 153.5 153.5 153.5 153.5 153.5 153.5 153.5 153.5 153.5 153.5 153.5 153.5 153.5 153.5 153.5 153.5 153.5 153.5 153.5 153.5 153.5 
164.3 164.3 164.3 164.3 164.3 164.3 164.3 164.3 164.3 164.3 164.3 164.9 164.9 164.9 164.9 164.9 164.9 164.9 164.9 164.9 164.9 164.9 164.9 164.9 164.9 164.9 164.9 164.9 164.9 164.9 164.9 164.9 164.9 164.9 164.9 164.9 164.9 164.9 164.9 164.9 164.9 164.9 164.9 164.9 164.9 164.9 164.9 164.9 164.9 164.9 164.9 164.9 164.9 164.9 164.9 164.9 164.9 164.9 164.9 164.9 164.9 164.9 164.9 164.9 164.9 164.9 164.9 164.9 164.9 164.9 164.9 153.5 153.5 153.5 153.5 153.5 153.5 153.5 153.5 153.5 153.5 153.5 153.5 153.5 153.5 153.5 153.5 153.5 153.5 153.5 153.5 153.5 153.5 153.5 153.5 153.5 153.5 153.5 153.5 153.5 
164.3 164.3 164.3 164.3 164.3 164.3 164.3 164.3 164.3 164.3 164.3 164.9 164.9 164.9 164.9 164.9 164.9 164.9 164.9 164.9 164.9 164.9 164.9 164.9 164.9 164.9 164.9 164.9 164.9 164.9 164.9 164.9 164.9 164.9 164.9 164.9 164.9 164.9 164.9 164.9 164.9 164.9 164.9 164.9 164.9 164.9 164.9 164.9 164.9 164.9 164.9 164.9 164.9 164.9 164.9 164.9 164.9 164.9 164.9 164.9 164.9 164.9 164.9 164.9 164.9 164.9 164.9 164.9 164.9 164.9 164.9 153.5 153.5 153.5 153.5 153.5 153.5 153.5 153.5 153.5 153.5 153.5 153.5 153.5 153.5 153.5 153.5 153.5 153.5 153.5 153.5 153.5 153.5 153.5 153.5 153.5 153.5 153.5 153.5 153.5 
164.3 164.3 164.3 164.3 164.3 164.3 164.3 164.3 164.3 164.3 164.3 164.9 164.9 164.9 164.9 164.9 164.9 164.9 164.9 164.9 164.9 164.9 164.9 164.9 164.9 164.9 164.9 164.9 164.9 164.9 164.9 164.9 164.9 164.9 164.9 164.9 164.9 164.9 164.9 164.9 164.9 164.9 164.9 164.9 164.9 164.9 164.9 164.9 164.9 164.9 164.9 164.9 164.9 164.9 164.9 164.9 164.9 164.9 164.9 164.9 164.9 164.9 164.9 164.9 164.9 164.9 164.9 164.9 164.9 164.9 164.9 153.5 153.5 153.5 153.5 153.5 153.5 153.5 153.5 153.5 153.5 153.5 153.5 153.5 153.5 153.5 153.5 153.5 153.5 153.5 153.5 153.5 153.5 153.5 153.5 153.5 153.5 153.5 153.5 153.5 
164.3 164.3 164.3 164.3 164.3 164.3 164.3 164.3 164.3 164.3 164.3 164.9 164.9 164.9 164.9 164.9 164.9 164.9 164.9 164.9 164.9 164.9 164.9 164.9 164.9 164.9 164.9 164.9 164.9 164.9 164.9 164.9 164.9 164.9 164.9 164.9 164.9 164.9 164.9 164.9 164.9 164.9 164.9 164.9 164.9 164.9 164.9 164.9 164.9 164.9 164.9 164.9 164.9 164.9 164.9 164.9 164.9 164.9 164.9 164.9 164.9 164.9 164.9 164.9 164.9 164.9 164.9 164.9 164.9 164.9 164.9 153.5 153.5 153.5 153.5 153.5 153.5 153.5 153.5 153.5 153.5 153.5 153.5 153.5 153.5 153.5 153.5 153.5 153.5 153.5 153.5 153.5 153.5 153.5 153.5 153.5 153.5 153.5 153.5 153.5 
164.3 164.3 164.3 164.3 164.3 164.3 164.3 164.3 164.3 164.3 164.3 164.9 164.9 164.9 164.9 164.9 164.9 164.9 164.9 164.9 164.9 164.9 164.9 164.9 164.9 164.9 164.9 164.9 164.9 164.9 164.9 164.9 164.9 164.9 164.9 164.9 164.9 164.9 164.9 164.9 164.9 164.9 164.9 164.9 164.9 164.9 164.9 164.9 164.9 164.9 164.9 164.9 164.9 164.9 164.9 164.9 164.9 164.9 164.9 164.9 164.9 164.9 164.9 164.9 164.9 164.9 164.9 164.9 164.9 164.9 164.9 153.5 153.5 153.5 153.5 153.5 153.5 153.5 153.5 153.5 153.5 153.5 153.5 153.5 153.5 153.5 153.5 153.5 153.5 153.5 153.5 153.5 153.5 153.5 153.5 153.5 153.5 153.5 153.5 153.5 
164.3 164.3 164.3 164.3 164.3 164.3 164.3 164.3 164.3 164.3 164.3 164.9 164.9 164.9 164.9 164.9 164.9 164.9 164.9 164.9 164.9 164.9 164.9 164.9 164.9 164.9 164.9 164.9 164.9 164.9 164.9 164.9 164.9 164.9 164.9 164.9 164.9 164.9 164.9 164.9 164.9 164.9 164.9 164.9 164.9 164.9 164.9 164.9 164.9 164.9 164.9 164.9 164.9 164.9 164.9 164.9 164.9 164.9 164.9 164.9 164.9 164.9 164.9 164.9 164.9 164.9 164.9 164.9 164.9 164.9 164.9 153.5 153.5 153.5 153.5 153.5 153.5 153.5 153.5 153.5 153.5 153.5 153.5 153.5 153.5 153.5 153.5 153.5 153.5 153.5 153.5 153.5 153.5 153.5 153.5 153.5 153.5 153.5 153.5 153.5 
164.3 164.3 164.3 164.3 164.3 164.3 164.3 164.3 164.3 164.3 164.3 164.9 164.9 164.9 164.9 164.9 164.9 164.9 164.9 164.9 164.9 164.9 164.9 164.9 164.9 164.9 164.9 164.9 164.9 164.9 164.9 164.9 164.9 164.9 164.9 164.9 164.9 164.9 164.9 164.9 164.9 164.9 164.9 164.9 164.9 164.9 164.9 164.9 164.9 164.9 164.9 164.9 164.9 164.9 164.9 164.9 164.9 164.9 164.9 164.9 164.9 164.9 164.9 164.9 164.9 164.9 164.9 164.9 164.9 164.9 164.9 153.5 153.5 153.5 153.5 153.5 153.5 153.5 153.5 153.5 153.5 153.5 153.5 153.5 153.5 153.5 153.5 153.5 153.5 153.5 153.5 153.5 153.5 153.5 153.5 153.5 153.5 153.5 153.5 153.5 
164.3 164.3 164.3 164.3 164.3 164.3 164.3 164.3 164.3 164.3 164.3 164.9 164.9 164.9 164.9 164.9 164.9 164.9 164.9 164.9 164.9 164.9 164.9 164.9 164.9 164.9 164.9 164.9 164.9 164.9 164.9 164.9 164.9 164.9 164.9 164.9 164.9 164.9 164.9 164.9 164.9 164.9 164.9 164.9 164.9 164.9 164.9 164.9 164.9 164.9 164.9 164.9 164.9 164.9 164.9 164.9 164.9 164.9 164.9 164.9 164.9 164.9 164.9 164.9 164.9 164.9 164.9 164.9 164.9 164.9 164.9 153.5 153.5 153.5 153.5 153.5 153.5 153.5 153.5 153.5 153.5 153.5 153.5 153.5 153.5 153.5 153.5 153.5 153.5 153.5 153.5 153.5 153.5 153.5 153.5 153.5 153.5 153.5 153.5 153.5 
164.3 164.3 164.3 164.3 164.3 164.3 164.3 164.3 164.3 164.3 164.3 164.9 164.9 164.9 164.9 164.9 164.9 164.9 164.9 164.9 164.9 164.9 164.9 164.9 164.9 164.9 164.9 164.9 164.9 164.9 164.9 164.9 164.9 164.9 164.9 164.9 164.9 164.9 164.9 164.9 164.9 164.9 164.9 164.9 164.9 164.9 164.9 164.9 164.9 164.9 164.9 164.9 164.9 164.9 164.9 164.9 164.9 164.9 164.9 164.9 164.9 164.9 164.9 164.9 164.9 164.9 164.9 164.9 164.9 164.9 164.9 153.5 153.5 153.5 153.5 153.5 153.5 153.5 153.5 153.5 153.5 153.5 153.5 153.5 153.5 153.5 153.5 153.5 153.5 153.5 153.5 153.5 153.5 153.5 153.5 153.5 153.5 153.5 153.5 153.5 
164.3 164.3 164.3 164.3 164.3 164.3 164.3 164.3 164.3 164.3 164.3 164.9 164.9 164.9 164.9 164.9 164.9 164.9 164.9 164.9 164.9 164.9 164.9 164.9 164.9 164.9 164.9 164.9 164.9 164.9 164.9 164.9 164.9 164.9 164.9 164.9 164.9 164.9 164.9 164.9 164.9 164.9 164.9 164.9 164.9 164.9 164.9 164.9 164.9 164.9 164.9 164.9 164.9 164.9 164.9 164.9 164.9 164.9 164.9 164.9 164.9 164.9 164.9 164.9 164.9 164.9 164.9 164.9 164.9 164.9 164.9 153.5 153.5 153.5 153.5 153.5 153.5 153.5 153.5 153.5 153.5 153.5 153.5 153.5 153.5 153.5 153.5 153.5 153.5 153.5 153.5 153.5 153.5 153.5 153.5 153.5 153.5 153.5 153.5 153.5 
164.3 164.3 164.3 164.3 164.3 164.3 164.3 164.3 164.3 164.3 164.3 164.9 164.9 164.9 164.9 164.9 164.9 164.9 164.9 164.9 164.9 164.9 164.9 164.9 164.9 164.9 164.9 164.9 164.9 164.9 164.9 164.9 164.9 164.9 164.9 164.9 164.9 164.9 164.9 164.9 164.9 164.9 164.9 164.9 164.9 164.9 164.9 164.9 164.9 164.9 164.9 164.9 164.9 164.9 164.9 164.9 164.9 164.9 164.9 164.9 164.9 164.9 164.9 164.9 164.9 164.9 164.9 164.9 164.9 164.9 164.9 153.5 153.5 153.5 153.5 153.5 153.5 153.5 153.5 153.5 153.5 153.5 153.5 153.5 153.5 153.5 153.5 153.5 153.5 153.5 153.5 153.5 153.5 153.5 153.5 153.5 153.5 153.5 153.5 153.5 
164.3 164.3 164.3 164.3 164.3 164.3 164.3 164.3 164.3 164.3 164.3 164.9 164.9 164.9 164.9 164.9 164.9 164.9 164.9 164.9 164.9 164.9 164.9 164.9 164.9 164.9 164.9 164.9 164.9 164.9 164.9 164.9 164.9 164.9 164.9 164.9 164.9 164.9 164.9 164.9 164.9 164.9 164.9 164.9 164.9 164.9 164.9 164.9 164.9 164.9 164.9 164.9 164.9 164.9 164.9 164.9 164.9 164.9 164.9 164.9 164.9 164.9 164.9 164.9 164.9 164.9 164.9 164.9 164.9 164.9 164.9 153.5 153.5 153.5 153.5 153.5 153.5 153.5 153.5 153.5 153.5 153.5 153.5 153.5 153.5 153.5 153.5 153.5 153.5 153.5 153.5 153.5 153.5 153.5 153.5 153.5 153.5 153.5 153.5 153.5 
164.3 164.3 164.3 164.3 164.3 164.3 164.3 164.3 164.3 164.3 164.3 164.9 164.9 164.9 164.9 164.9 164.9 164.9 164.9 164.9 164.9 164.9 164.9 164.9 164.9 164.9 164.9 164.9 164.9 164.9 164.9 164.9 164.9 164.9 164.9 164.9 164.9 164.9 164.9 164.9 164.9 164.9 164.9 164.9 164.9 164.9 164.9 164.9 164.9 164.9 164.9 164.9 164.9 164.9 164.9 164.9 164.9 164.9 164.9 164.9 164.9 164.9 164.9 164.9 164.9 164.9 164.9 164.9 164.9 164.9 164.9 153.5 153.5 153.5 153.5 153.5 153.5 153.5 153.5 153.5 153.5 153.5 153.5 153.5 153.5 153.5 153.5 153.5 153.5 153.5 153.5 153.5 153.5 153.5 153.5 153.5 153.5 153.5 153.5 153.5 
164.3 164.3 164.3 164.3 164.3 164.3 164.3 164.3 164.3 164.3 164.3 164.9 164.9 164.9 164.9 164.9 164.9 164.9 164.9 164.9 164.9 164.9 164.9 164.9 164.9 164.9 164.9 164.9 164.9 164.9 164.9 164.9 164.9 164.9 164.9 164.9 164.9 164.9 164.9 164.9 164.9 164.9 164.9 164.9 164.9 164.9 164.9 164.9 164.9 164.9 164.9 164.9 164.9 164.9 164.9 164.9 164.9 164.9 164.9 164.9 164.9 164.9 164.9 164.9 164.9 164.9 164.9 164.9 164.9 164.9 164.9 153.5 153.5 153.5 153.5 153.5 153.5 153.5 153.5 153.5 153.5 153.5 153.5 153.5 153.5 153.5 153.5 153.5 153.5 153.5 153.5 153.5 153.5 153.5 153.5 153.5 153.5 153.5 153.5 153.5 
164.3 164.3 164.3 164.3 164.3 164.3 164.3 164.3 164.3 164.3 164.3 164.9 164.9 164.9 164.9 164.9 164.9 164.9 164.9 164.9 164.9 164.9 164.9 164.9 164.9 164.9 164.9 164.9 164.9 164.9 164.9 164.9 164.9 164.9 164.9 164.9 164.9 164.9 164.9 164.9 164.9 164.9 164.9 164.9 164.9 164.9 164.9 164.9 164.9 164.9 164.9 164.9 164.9 164.9 164.9 164.9 164.9 164.9 164.9 164.9 164.9 164.9 164.9 164.9 164.9 164.9 164.9 164.9 164.9 164.9 164.9 153.5 153.5 153.5 153.5 153.5 153.5 153.5 153.5 153.5 153.5 153.5 153.5 153.5 153.5 153.5 153.5 153.5 153.5 153.5 153.5 153.5 153.5 153.5 153.5 153.5 153.5 153.5 153.5 153.5 
164.3 164.3 164.3 164.3 164.3 164.3 164.3 164.3 164.3 164.3 164.3 164.9 164.9 164.9 164.9 164.9 164.9 164.9 164.9 164.9 164.9 164.9 164.9 164.9 164.9 164.9 164.9 164.9 164.9 164.9 164.9 164.9 164.9 164.9 164.9 164.9 164.9 164.9 164.9 164.9 164.9 164.9 164.9 164.9 164.9 164.9 164.9 164.9 164.9 164.9 164.9 164.9 164.9 164.9 164.9 164.9 164.9 164.9 164.9 164.9 164.9 164.9 164.9 164.9 164.9 164.9 164.9 164.9 164.9 164.9 164.9 153.5 153.5 153.5 153.5 153.5 153.5 153.5 153.5 153.5 153.5 153.5 153.5 153.5 153.5 153.5 153.5 153.5 153.5 153.5 153.5 153.5 153.5 153.5 153.5 153.5 153.5 153.5 153.5 153.5 
164.3 164.3 164.3 164.3 164.3 164.3 164.3 164.3 164.3 164.3 164.3 164.9 164.9 164.9 164.9 164.9 164.9 164.9 164.9 164.9 164.9 164.9 164.9 164.9 164.9 164.9 164.9 164.9 164.9 164.9 164.9 164.9 164.9 164.9 164.9 164.9 164.9 164.9 164.9 164.9 164.9 164.9 164.9 164.9 164.9 164.9 164.9 164.9 164.9 164.9 164.9 164.9 164.9 164.9 164.9 164.9 164.9 164.9 164.9 164.9 164.9 164.9 164.9 164.9 164.9 164.9 164.9 164.9 164.9 164.9 164.9 153.5 153.5 153.5 153.5 153.5 153.5 153.5 153.5 153.5 153.5 153.5 153.5 153.5 153.5 153.5 153.5 153.5 153.5 153.5 153.5 153.5 153.5 153.5 153.5 153.5 153.5 153.5 153.5 153.5 
164.3 164.3 164.3 164.3 164.3 164.3 164.3 164.3 164.3 164.3 164.3 164.9 164.9 164.9 164.9 164.9 164.9 164.9 164.9 164.9 164.9 164.9 164.9 164.9 164.9 164.9 164.9 164.9 164.9 164.9 164.9 164.9 164.9 164.9 164.9 164.9 164.9 164.9 164.9 164.9 164.9 164.9 164.9 164.9 164.9 164.9 164.9 164.9 164.9 164.9 164.9 164.9 164.9 164.9 164.9 164.9 164.9 164.9 164.9 164.9 164.9 164.9 164.9 164.9 164.9 164.9 164.9 164.9 164.9 164.9 164.9 153.5 153.5 153.5 153.5 153.5 153.5 153.5 153.5 153.5 153.5 153.5 153.5 153.5 153.5 153.5 153.5 153.5 153.5 153.5 153.5 153.5 153.5 153.5 153.5 153.5 153.5 153.5 153.5 153.5 
164.3 164.3 164.3 164.3 164.3 164.3 164.3 164.3 164.3 164.3 164.3 164.9 164.9 164.9 164.9 164.9 164.9 164.9 164.9 164.9 164.9 164.9 164.9 164.9 164.9 164.9 164.9 164.9 164.9 164.9 164.9 164.9 164.9 164.9 164.9 164.9 164.9 164.9 164.9 164.9 164.9 164.9 164.9 164.9 164.9 164.9 164.9 164.9 164.9 164.9 164.9 164.9 164.9 164.9 164.9 164.9 164.9 164.9 164.9 164.9 164.9 164.9 164.9 164.9 164.9 164.9 164.9 164.9 164.9 164.9 164.9 153.5 153.5 153.5 153.5 153.5 153.5 153.5 153.5 153.5 153.5 153.5 153.5 153.5 153.5 153.5 153.5 153.5 153.5 153.5 153.5 153.5 153.5 153.5 153.5 153.5 153.5 153.5 153.5 153.5 
164.3 164.3 164.3 164.3 164.3 164.3 164.3 164.3 164.3 164.3 164.3 164.9 164.9 164.9 164.9 164.9 164.9 164.9 164.9 164.9 164.9 164.9 164.9 164.9 164.9 164.9 164.9 164.9 164.9 164.9 164.9 164.9 164.9 164.9 164.9 164.9 164.9 164.9 164.9 164.9 164.9 164.9 164.9 164.9 164.9 164.9 164.9 164.9 164.9 164.9 164.9 164.9 164.9 164.9 164.9 164.9 164.9 164.9 164.9 164.9 164.9 164.9 164.9 164.9 164.9 164.9 164.9 164.9 164.9 164.9 164.9 153.5 153.5 153.5 153.5 153.5 153.5 153.5 153.5 153.5 153.5 153.5 153.5 153.5 153.5 153.5 153.5 153.5 153.5 153.5 153.5 153.5 153.5 153.5 153.5 153.5 153.5 153.5 153.5 153.5 
164.3 164.3 164.3 164.3 164.3 164.3 164.3 164.3 164.3 164.3 164.3 164.9 164.9 164.9 164.9 164.9 164.9 164.9 164.9 164.9 164.9 164.9 164.9 164.9 164.9 164.9 164.9 164.9 164.9 164.9 164.9 164.9 164.9 164.9 164.9 164.9 164.9 164.9 164.9 164.9 164.9 164.9 164.9 164.9 164.9 164.9 164.9 164.9 164.9 164.9 164.9 164.9 164.9 164.9 164.9 164.9 164.9 164.9 164.9 164.9 164.9 164.9 164.9 164.9 164.9 164.9 164.9 164.9 164.9 164.9 164.9 153.5 153.5 153.5 153.5 153.5 153.5 153.5 153.5 153.5 153.5 153.5 153.5 153.5 153.5 153.5 153.5 153.5 153.5 153.5 153.5 153.5 153.5 153.5 153.5 153.5 153.5 153.5 153.5 153.5 
164.3 164.3 164.3 164.3 164.3 164.3 164.3 164.3 164.3 164.3 164.3 164.9 164.9 164.9 164.9 164.9 164.9 164.9 164.9 164.9 164.9 164.9 164.9 164.9 164.9 164.9 164.9 164.9 164.9 164.9 164.9 164.9 164.9 164.9 164.9 164.9 164.9 164.9 164.9 164.9 164.9 164.9 164.9 164.9 164.9 164.9 164.9 164.9 164.9 164.9 164.9 164.9 164.9 164.9 164.9 164.9 164.9 164.9 164.9 164.9 164.9 164.9 164.9 164.9 164.9 164.9 164.9 164.9 164.9 164.9 164.9 153.5 153.5 153.5 153.5 153.5 153.5 153.5 153.5 153.5 153.5 153.5 153.5 153.5 153.5 153.5 153.5 153.5 153.5 153.5 153.5 153.5 153.5 153.5 153.5 153.5 153.5 153.5 153.5 153.5 
164.3 164.3 164.3 164.3 164.3 164.3 164.3 164.3 164.3 164.3 164.3 164.9 164.9 164.9 164.9 164.9 164.9 164.9 164.9 164.9 164.9 164.9 164.9 164.9 164.9 164.9 164.9 164.9 164.9 164.9 164.9 164.9 164.9 164.9 164.9 164.9 164.9 164.9 164.9 164.9 164.9 164.9 164.9 164.9 164.9 164.9 164.9 164.9 164.9 164.9 164.9 164.9 164.9 164.9 164.9 164.9 164.9 164.9 164.9 164.9 164.9 164.9 164.9 164.9 164.9 164.9 164.9 164.9 164.9 164.9 164.9 153.5 153.5 153.5 153.5 153.5 153.5 153.5 153.5 153.5 153.5 153.5 153.5 153.5 153.5 153.5 153.5 153.5 153.5 153.5 153.5 153.5 153.5 153.5 153.5 153.5 153.5 153.5 153.5 153.5 
164.3 164.3 164.3 164.3 164.3 164.3 164.3 164.3 164.3 164.3 164.3 164.9 164.9 164.9 164.9 164.9 164.9 164.9 164.9 164.9 164.9 164.9 164.9 164.9 164.9 164.9 164.9 164.9 164.9 164.9 164.9 164.9 164.9 164.9 164.9 164.9 164.9 164.9 164.9 164.9 164.9 164.9 164.9 164.9 164.9 164.9 164.9 164.9 164.9 164.9 164.9 164.9 164.9 164.9 164.9 164.9 164.9 164.9 164.9 164.9 164.9 164.9 164.9 164.9 164.9 164.9 164.9 164.9 164.9 164.9 164.9 153.5 153.5 153.5 153.5 153.5 153.5 153.5 153.5 153.5 153.5 153.5 153.5 153.5 153.5 153.5 153.5 153.5 153.5 153.5 153.5 153.5 153.5 153.5 153.5 153.5 153.5 153.5 153.5 153.5 
164.3 164.3 164.3 164.3 164.3 164.3 164.3 164.3 164.3 164.3 164.3 164.9 164.9 164.9 164.9 164.9 164.9 164.9 164.9 164.9 164.9 164.9 164.9 164.9 164.9 164.9 164.9 164.9 164.9 164.9 164.9 164.9 164.9 164.9 164.9 164.9 164.9 164.9 164.9 164.9 164.9 164.9 164.9 164.9 164.9 164.9 164.9 164.9 164.9 164.9 164.9 164.9 164.9 164.9 164.9 164.9 164.9 164.9 164.9 164.9 164.9 164.9 164.9 164.9 164.9 164.9 164.9 164.9 164.9 164.9 164.9 153.5 153.5 153.5 153.5 153.5 153.5 153.5 153.5 153.5 153.5 153.5 153.5 153.5 153.5 153.5 153.5 153.5 153.5 153.5 153.5 153.5 153.5 153.5 153.5 153.5 153.5 153.5 153.5 153.5 
164.3 164.3 164.3 164.3 164.3 164.3 164.3 164.3 164.3 164.3 164.3 164.9 164.9 164.9 164.9 164.9 164.9 164.9 164.9 164.9 164.9 164.9 164.9 164.9 164.9 164.9 164.9 164.9 164.9 164.9 164.9 164.9 164.9 164.9 164.9 164.9 164.9 164.9 164.9 164.9 164.9 164.9 164.9 164.9 164.9 164.9 164.9 164.9 164.9 164.9 164.9 164.9 164.9 164.9 164.9 164.9 164.9 164.9 164.9 164.9 164.9 164.9 164.9 164.9 164.9 164.9 164.9 164.9 164.9 164.9 164.9 153.5 153.5 153.5 153.5 153.5 153.5 153.5 153.5 153.5 153.5 153.5 153.5 153.5 153.5 153.5 153.5 153.5 153.5 153.5 153.5 153.5 153.5 153.5 153.5 153.5 153.5 153.5 153.5 153.5 
164.3 164.3 164.3 164.3 164.3 164.3 164.3 164.3 164.3 164.3 164.3 164.9 164.9 164.9 164.9 164.9 164.9 164.9 164.9 164.9 164.9 164.9 164.9 164.9 164.9 164.9 164.9 164.9 164.9 164.9 164.9 164.9 164.9 164.9 164.9 164.9 164.9 164.9 164.9 164.9 164.9 164.9 164.9 164.9 164.9 164.9 164.9 164.9 164.9 164.9 164.9 164.9 164.9 164.9 164.9 164.9 164.9 164.9 164.9 164.9 164.9 164.9 164.9 164.9 164.9 164.9 164.9 164.9 164.9 164.9 164.9 153.5 153.5 153.5 153.5 153.5 153.5 153.5 153.5 153.5 153.5 153.5 153.5 153.5 153.5 153.5 153.5 153.5 153.5 153.5 153.5 153.5 153.5 153.5 153.5 153.5 153.5 153.5 153.5 153.5 
164.3 164.3 164.3 164.3 164.3 164.3 164.3 164.3 164.3 164.3 164.3 164.9 164.9 164.9 164.9 164.9 164.9 164.9 164.9 164.9 164.9 164.9 164.9 164.9 164.9 164.9 164.9 164.9 164.9 164.9 164.9 164.9 164.9 164.9 164.9 164.9 164.9 164.9 164.9 164.9 164.9 164.9 164.9 164.9 164.9 164.9 164.9 164.9 164.9 164.9 164.9 164.9 164.9 164.9 164.9 164.9 164.9 164.9 164.9 164.9 164.9 164.9 164.9 164.9 164.9 164.9 164.9 164.9 164.9 164.9 164.9 153.5 153.5 153.5 153.5 153.5 153.5 153.5 153.5 153.5 153.5 153.5 153.5 153.5 153.5 153.5 153.5 153.5 153.5 153.5 153.5 153.5 153.5 153.5 153.5 153.5 153.5 153.5 153.5 153.5 
164.3 164.3 164.3 164.3 164.3 164.3 164.3 164.3 164.3 164.3 164.3 164.9 164.9 164.9 164.9 164.9 164.9 164.9 164.9 164.9 164.9 164.9 164.9 164.9 164.9 164.9 164.9 164.9 164.9 164.9 164.9 164.9 164.9 164.9 164.9 164.9 164.9 164.9 164.9 164.9 164.9 164.9 164.9 164.9 164.9 164.9 164.9 164.9 164.9 164.9 164.9 164.9 164.9 164.9 164.9 164.9 164.9 164.9 164.9 164.9 164.9 164.9 164.9 164.9 164.9 164.9 164.9 164.9 164.9 164.9 164.9 153.5 153.5 153.5 153.5 153.5 153.5 153.5 153.5 153.5 153.5 153.5 153.5 153.5 153.5 153.5 153.5 153.5 153.5 153.5 153.5 153.5 153.5 153.5 153.5 153.5 153.5 153.5 153.5 153.5 
164.3 164.3 164.3 164.3 164.3 164.3 164.3 164.3 164.3 164.3 164.3 164.9 164.9 164.9 164.9 164.9 164.9 164.9 164.9 164.9 164.9 164.9 164.9 164.9 164.9 164.9 164.9 164.9 164.9 164.9 164.9 164.9 164.9 164.9 164.9 164.9 164.9 164.9 164.9 164.9 164.9 164.9 164.9 164.9 164.9 164.9 164.9 164.9 164.9 164.9 164.9 164.9 164.9 164.9 164.9 164.9 164.9 164.9 164.9 164.9 164.9 164.9 164.9 164.9 164.9 164.9 164.9 164.9 164.9 164.9 164.9 153.5 153.5 153.5 153.5 153.5 153.5 153.5 153.5 153.5 153.5 153.5 153.5 153.5 153.5 153.5 153.5 153.5 153.5 153.5 153.5 153.5 153.5 153.5 153.5 153.5 153.5 153.5 153.5 153.5 
164.3 164.3 164.3 164.3 164.3 164.3 164.3 164.3 164.3 164.3 164.3 164.9 164.9 164.9 164.9 164.9 164.9 164.9 164.9 164.9 164.9 164.9 164.9 164.9 164.9 164.9 164.9 164.9 164.9 164.9 164.9 164.9 164.9 164.9 164.9 164.9 164.9 164.9 164.9 164.9 164.9 164.9 164.9 164.9 164.9 164.9 164.9 164.9 164.9 164.9 164.9 164.9 164.9 164.9 164.9 164.9 164.9 164.9 164.9 164.9 164.9 164.9 164.9 164.9 164.9 164.9 164.9 164.9 164.9 164.9 164.9 153.5 153.5 153.5 153.5 153.5 153.5 153.5 153.5 153.5 153.5 153.5 153.5 153.5 153.5 153.5 153.5 153.5 153.5 153.5 153.5 153.5 153.5 153.5 153.5 153.5 153.5 153.5 153.5 153.5 
164.3 164.3 164.3 164.3 164.3 164.3 164.3 164.3 164.3 164.3 164.3 164.9 164.9 164.9 164.9 164.9 164.9 164.9 164.9 164.9 164.9 164.9 164.9 164.9 164.9 164.9 164.9 164.9 164.9 164.9 164.9 164.9 164.9 164.9 164.9 164.9 164.9 164.9 164.9 164.9 164.9 164.9 164.9 164.9 164.9 164.9 164.9 164.9 164.9 164.9 164.9 164.9 164.9 164.9 164.9 164.9 164.9 164.9 164.9 164.9 164.9 164.9 164.9 164.9 164.9 164.9 164.9 164.9 164.9 164.9 164.9 153.5 153.5 153.5 153.5 153.5 153.5 153.5 153.5 153.5 153.5 153.5 153.5 153.5 153.5 153.5 153.5 153.5 153.5 153.5 153.5 153.5 153.5 153.5 153.5 153.5 153.5 153.5 153.5 153.5 
164.3 164.3 164.3 164.3 164.3 164.3 164.3 164.3 164.3 164.3 164.3 164.9 164.9 164.9 164.9 164.9 164.9 164.9 164.9 164.9 164.9 164.9 164.9 164.9 164.9 164.9 164.9 164.9 164.9 164.9 164.9 164.9 164.9 164.9 164.9 164.9 164.9 164.9 164.9 164.9 164.9 164.9 164.9 164.9 164.9 164.9 164.9 164.9 164.9 164.9 164.9 164.9 164.9 164.9 164.9 164.9 164.9 164.9 164.9 164.9 164.9 164.9 164.9 164.9 164.9 164.9 164.9 164.9 164.9 164.9 164.9 153.5 153.5 153.5 153.5 153.5 153.5 153.5 153.5 153.5 153.5 153.5 153.5 153.5 153.5 153.5 153.5 153.5 153.5 153.5 153.5 153.5 153.5 153.5 153.5 153.5 153.5 153.5 153.5 153.5 
164.3 164.3 164.3 164.3 164.3 164.3 164.3 164.3 164.3 164.3 164.3 164.9 164.9 164.9 164.9 164.9 164.9 164.9 164.9 164.9 164.9 164.9 164.9 164.9 164.9 164.9 164.9 164.9 164.9 164.9 164.9 164.9 164.9 164.9 164.9 164.9 164.9 164.9 164.9 164.9 164.9 164.9 164.9 164.9 164.9 164.9 164.9 164.9 164.9 164.9 164.9 164.9 164.9 164.9 164.9 164.9 164.9 164.9 164.9 164.9 164.9 164.9 164.9 164.9 164.9 164.9 164.9 164.9 164.9 164.9 164.9 153.5 153.5 153.5 153.5 153.5 153.5 153.5 153.5 153.5 153.5 153.5 153.5 153.5 153.5 153.5 153.5 153.5 153.5 153.5 153.5 153.5 153.5 153.5 153.5 153.5 153.5 153.5 153.5 153.5 
164.3 164.3 164.3 164.3 164.3 164.3 164.3 164.3 164.3 164.3 164.3 164.9 164.9 164.9 164.9 164.9 164.9 164.9 164.9 164.9 164.9 164.9 164.9 164.9 164.9 164.9 164.9 164.9 164.9 164.9 164.9 164.9 164.9 164.9 164.9 164.9 164.9 164.9 164.9 164.9 164.9 164.9 164.9 164.9 164.9 164.9 164.9 164.9 164.9 164.9 164.9 164.9 164.9 164.9 164.9 164.9 164.9 164.9 164.9 164.9 164.9 164.9 164.9 164.9 164.9 164.9 164.9 164.9 164.9 164.9 164.9 153.5 153.5 153.5 153.5 153.5 153.5 153.5 153.5 153.5 153.5 153.5 153.5 153.5 153.5 153.5 153.5 153.5 153.5 153.5 153.5 153.5 153.5 153.5 153.5 153.5 153.5 153.5 153.5 153.5 
164.3 164.3 164.3 164.3 164.3 164.3 164.3 164.3 164.3 164.3 164.3 164.9 164.9 164.9 164.9 164.9 164.9 164.9 164.9 164.9 164.9 164.9 164.9 164.9 164.9 164.9 164.9 164.9 164.9 164.9 164.9 164.9 164.9 164.9 164.9 164.9 164.9 164.9 164.9 164.9 164.9 164.9 164.9 164.9 164.9 164.9 164.9 164.9 164.9 164.9 164.9 164.9 164.9 164.9 164.9 164.9 164.9 164.9 164.9 164.9 164.9 164.9 164.9 164.9 164.9 164.9 164.9 164.9 164.9 164.9 164.9 153.5 153.5 153.5 153.5 153.5 153.5 153.5 153.5 153.5 153.5 153.5 153.5 153.5 153.5 153.5 153.5 153.5 153.5 153.5 153.5 153.5 153.5 153.5 153.5 153.5 153.5 153.5 153.5 153.5 
164.3 164.3 164.3 164.3 164.3 164.3 164.3 164.3 164.3 164.3 164.3 164.9 164.9 164.9 164.9 164.9 164.9 164.9 164.9 164.9 164.9 164.9 164.9 164.9 164.9 164.9 164.9 164.9 164.9 164.9 164.9 164.9 164.9 164.9 164.9 164.9 164.9 164.9 164.9 164.9 164.9 164.9 164.9 164.9 164.9 164.9 164.9 164.9 164.9 164.9 164.9 164.9 164.9 164.9 164.9 164.9 164.9 164.9 164.9 164.9 164.9 164.9 164.9 164.9 164.9 164.9 164.9 164.9 164.9 164.9 164.9 153.5 153.5 153.5 153.5 153.5 153.5 153.5 153.5 153.5 153.5 153.5 153.5 153.5 153.5 153.5 153.5 153.5 153.5 153.5 153.5 153.5 153.5 153.5 153.5 153.5 153.5 153.5 153.5 153.5 
164.3 164.3 164.3 164.3 164.3 164.3 164.3 164.3 164.3 164.3 164.3 164.9 164.9 164.9 164.9 164.9 164.9 164.9 164.9 164.9 164.9 164.9 164.9 164.9 164.9 164.9 164.9 164.9 164.9 164.9 164.9 164.9 164.9 164.9 164.9 164.9 164.9 164.9 164.9 164.9 164.9 164.9 164.9 164.9 164.9 164.9 164.9 164.9 164.9 164.9 164.9 164.9 164.9 164.9 164.9 164.9 164.9 164.9 164.9 164.9 164.9 164.9 164.9 164.9 164.9 164.9 164.9 164.9 164.9 164.9 164.9 153.5 153.5 153.5 153.5 153.5 153.5 153.5 153.5 153.5 153.5 153.5 153.5 153.5 153.5 153.5 153.5 153.5 153.5 153.5 153.5 153.5 153.5 153.5 153.5 153.5 153.5 153.5 153.5 153.5 
164.3 164.3 164.3 164.3 164.3 164.3 164.3 164.3 164.3 164.3 164.3 164.9 164.9 164.9 164.9 164.9 164.9 164.9 164.9 164.9 164.9 164.9 164.9 164.9 164.9 164.9 164.9 164.9 164.9 164.9 164.9 164.9 164.9 164.9 164.9 164.9 164.9 164.9 164.9 164.9 164.9 164.9 164.9 164.9 164.9 164.9 164.9 164.9 164.9 164.9 164.9 164.9 164.9 164.9 164.9 164.9 164.9 164.9 164.9 164.9 164.9 164.9 164.9 164.9 164.9 164.9 164.9 164.9 164.9 164.9 164.9 153.5 153.5 153.5 153.5 153.5 153.5 153.5 153.5 153.5 153.5 153.5 153.5 153.5 153.5 153.5 153.5 153.5 153.5 153.5 153.5 153.5 153.5 153.5 153.5 153.5 153.5 153.5 153.5 153.5 
164.3 164.3 164.3 164.3 164.3 164.3 164.3 164.3 164.3 164.3 164.3 164.9 164.9 164.9 164.9 164.9 164.9 164.9 164.9 164.9 164.9 164.9 164.9 164.9 164.9 164.9 164.9 164.9 164.9 164.9 164.9 164.9 164.9 164.9 164.9 164.9 164.9 164.9 164.9 164.9 164.9 164.9 164.9 164.9 164.9 164.9 164.9 164.9 164.9 164.9 164.9 164.9 164.9 164.9 164.9 164.9 164.9 164.9 164.9 164.9 164.9 164.9 164.9 164.9 164.9 164.9 164.9 164.9 164.9 164.9 164.9 153.5 153.5 153.5 153.5 153.5 153.5 153.5 153.5 153.5 153.5 153.5 153.5 153.5 153.5 153.5 153.5 153.5 153.5 153.5 153.5 153.5 153.5 153.5 153.5 153.5 153.5 153.5 153.5 153.5 
164.3 164.3 164.3 164.3 164.3 164.3 164.3 164.3 164.3 164.3 164.3 164.9 164.9 164.9 164.9 164.9 164.9 164.9 164.9 164.9 164.9 164.9 164.9 164.9 164.9 164.9 164.9 164.9 164.9 164.9 164.9 164.9 164.9 164.9 164.9 164.9 164.9 164.9 164.9 164.9 164.9 164.9 164.9 164.9 164.9 164.9 164.9 164.9 164.9 164.9 164.9 164.9 164.9 164.9 164.9 164.9 164.9 164.9 164.9 164.9 164.9 164.9 164.9 164.9 164.9 164.9 164.9 164.9 164.9 164.9 164.9 153.5 153.5 153.5 153.5 153.5 153.5 153.5 153.5 153.5 153.5 153.5 153.5 153.5 153.5 153.5 153.5 153.5 153.5 153.5 153.5 153.5 153.5 153.5 153.5 153.5 153.5 153.5 153.5 153.5 
164.3 164.3 164.3 164.3 164.3 164.3 164.3 164.3 164.3 164.3 164.3 164.9 164.9 164.9 164.9 164.9 164.9 164.9 164.9 164.9 164.9 164.9 164.9 164.9 164.9 164.9 164.9 164.9 164.9 164.9 164.9 164.9 164.9 164.9 164.9 164.9 164.9 164.9 164.9 164.9 164.9 164.9 164.9 164.9 164.9 164.9 164.9 164.9 164.9 164.9 164.9 164.9 164.9 164.9 164.9 164.9 164.9 164.9 164.9 164.9 164.9 164.9 164.9 164.9 164.9 164.9 164.9 164.9 164.9 164.9 164.9 153.5 153.5 153.5 153.5 153.5 153.5 153.5 153.5 153.5 153.5 153.5 153.5 153.5 153.5 153.5 153.5 153.5 153.5 153.5 153.5 153.5 153.5 153.5 153.5 153.5 153.5 153.5 153.5 153.5 
164.3 164.3 164.3 164.3 164.3 164.3 164.3 164.3 164.3 164.3 164.3 164.9 164.9 164.9 164.9 164.9 164.9 164.9 164.9 164.9 164.9 164.9 164.9 164.9 164.9 164.9 164.9 164.9 164.9 164.9 164.9 164.9 164.9 164.9 164.9 164.9 164.9 164.9 164.9 164.9 164.9 164.9 164.9 164.9 164.9 164.9 164.9 164.9 164.9 164.9 164.9 164.9 164.9 164.9 164.9 164.9 164.9 164.9 164.9 164.9 164.9 164.9 164.9 164.9 164.9 164.9 164.9 164.9 164.9 164.9 164.9 153.5 153.5 153.5 153.5 153.5 153.5 153.5 153.5 153.5 153.5 153.5 153.5 153.5 153.5 153.5 153.5 153.5 153.5 153.5 153.5 153.5 153.5 153.5 153.5 153.5 153.5 153.5 153.5 153.5 
164.3 164.3 164.3 164.3 164.3 164.3 164.3 164.3 164.3 164.3 164.3 164.9 164.9 164.9 164.9 164.9 164.9 164.9 164.9 164.9 164.9 164.9 164.9 164.9 164.9 164.9 164.9 164.9 164.9 164.9 164.9 164.9 164.9 164.9 164.9 164.9 164.9 164.9 164.9 164.9 164.9 164.9 164.9 164.9 164.9 164.9 164.9 164.9 164.9 164.9 164.9 164.9 164.9 164.9 164.9 164.9 164.9 164.9 164.9 164.9 164.9 164.9 164.9 164.9 164.9 164.9 164.9 164.9 164.9 164.9 164.9 153.5 153.5 153.5 153.5 153.5 153.5 153.5 153.5 153.5 153.5 153.5 153.5 153.5 153.5 153.5 153.5 153.5 153.5 153.5 153.5 153.5 153.5 153.5 153.5 153.5 153.5 153.5 153.5 153.5 
164.3 164.3 164.3 164.3 164.3 164.3 164.3 164.3 164.3 164.3 164.3 164.9 164.9 164.9 164.9 164.9 164.9 164.9 164.9 164.9 164.9 164.9 164.9 164.9 164.9 164.9 164.9 164.9 164.9 164.9 164.9 164.9 164.9 164.9 164.9 164.9 164.9 164.9 164.9 164.9 164.9 164.9 164.9 164.9 164.9 164.9 164.9 164.9 164.9 164.9 164.9 164.9 164.9 164.9 164.9 164.9 164.9 164.9 164.9 164.9 164.9 164.9 164.9 164.9 164.9 164.9 164.9 164.9 164.9 164.9 164.9 153.5 153.5 153.5 153.5 153.5 153.5 153.5 153.5 153.5 153.5 153.5 153.5 153.5 153.5 153.5 153.5 153.5 153.5 153.5 153.5 153.5 153.5 153.5 153.5 153.5 153.5 153.5 153.5 153.5 
164.3 164.3 164.3 164.3 164.3 164.3 164.3 164.3 164.3 164.3 164.3 164.9 164.9 164.9 164.9 164.9 164.9 164.9 164.9 164.9 164.9 164.9 164.9 164.9 164.9 164.9 164.9 164.9 164.9 164.9 164.9 164.9 164.9 164.9 164.9 164.9 164.9 164.9 164.9 164.9 164.9 164.9 164.9 164.9 164.9 164.9 164.9 164.9 164.9 164.9 164.9 164.9 164.9 164.9 164.9 164.9 164.9 164.9 164.9 164.9 164.9 164.9 164.9 164.9 164.9 164.9 164.9 164.9 164.9 164.9 164.9 153.5 153.5 153.5 153.5 153.5 153.5 153.5 153.5 153.5 153.5 153.5 153.5 153.5 153.5 153.5 153.5 153.5 153.5 153.5 153.5 153.5 153.5 153.5 153.5 153.5 153.5 153.5 153.5 153.5 
164.3 164.3 164.3 164.3 164.3 164.3 164.3 164.3 164.3 164.3 164.3 164.9 164.9 164.9 164.9 164.9 164.9 164.9 164.9 164.9 164.9 164.9 164.9 164.9 164.9 164.9 164.9 164.9 164.9 164.9 164.9 164.9 164.9 164.9 164.9 164.9 164.9 164.9 164.9 164.9 164.9 164.9 164.9 164.9 164.9 164.9 164.9 164.9 164.9 164.9 164.9 164.9 164.9 164.9 164.9 164.9 164.9 164.9 164.9 164.9 164.9 164.9 164.9 164.9 164.9 164.9 164.9 164.9 164.9 164.9 164.9 153.5 153.5 153.5 153.5 153.5 153.5 153.5 153.5 153.5 153.5 153.5 153.5 153.5 153.5 153.5 153.5 153.5 153.5 153.5 153.5 153.5 153.5 153.5 153.5 153.5 153.5 153.5 153.5 153.5 
210.4 210.4 210.4 210.4 210.4 210.4 210.4 210.4 210.4 210.4 210.4 211.5 211.5 211.5 211.5 211.5 211.5 211.5 211.5 211.5 211.5 211.5 211.5 211.5 211.5 211.5 211.5 211.5 211.5 211.5 211.5 211.5 211.5 211.5 211.5 211.5 211.5 211.5 211.5 211.5 211.5 211.5 211.5 211.5 211.5 211.5 211.5 211.5 211.5 211.5 211.5 211.5 211.5 211.5 211.5 211.5 211.5 211.5 211.5 211.5 211.5 211.5 211.5 211.5 211.5 211.5 211.5 211.5 211.5 211.5 211.5 194.1 194.1 194.1 194.1 194.1 194.1 194.1 194.1 194.1 194.1 194.1 194.1 194.1 194.1 194.1 194.1 194.1 194.1 194.1 194.1 194.1 194.1 194.1 194.1 194.1 194.1 194.1 194.1 194.1 
210.4 210.4 210.4 210.4 210.4 210.4 210.4 210.4 210.4 210.4 210.4 211.5 211.5 211.5 211.5 211.5 211.5 211.5 211.5 211.5 211.5 211.5 211.5 211.5 211.5 211.5 211.5 211.5 211.5 211.5 211.5 211.5 211.5 211.5 211.5 211.5 211.5 211.5 211.5 211.5 211.5 211.5 211.5 211.5 211.5 211.5 211.5 211.5 211.5 211.5 211.5 211.5 211.5 211.5 211.5 211.5 211.5 211.5 211.5 211.5 211.5 211.5 211.5 211.5 211.5 211.5 211.5 211.5 211.5 211.5 211.5 194.1 194.1 194.1 194.1 194.1 194.1 194.1 194.1 194.1 194.1 194.1 194.1 194.1 194.1 194.1 194.1 194.1 194.1 194.1 194.1 194.1 194.1 194.1 194.1 194.1 194.1 194.1 194.1 194.1 
210.4 210.4 210.4 210.4 210.4 210.4 210.4 210.4 210.4 210.4 210.4 211.5 211.5 211.5 211.5 211.5 211.5 211.5 211.5 211.5 211.5 211.5 211.5 211.5 211.5 211.5 211.5 211.5 211.5 211.5 211.5 211.5 211.5 211.5 211.5 211.5 211.5 211.5 211.5 211.5 211.5 211.5 211.5 211.5 211.5 211.5 211.5 211.5 211.5 211.5 211.5 211.5 211.5 211.5 211.5 211.5 211.5 211.5 211.5 211.5 211.5 211.5 211.5 211.5 211.5 211.5 211.5 211.5 211.5 211.5 211.5 194.1 194.1 194.1 194.1 194.1 194.1 194.1 194.1 194.1 194.1 194.1 194.1 194.1 194.1 194.1 194.1 194.1 194.1 194.1 194.1 194.1 194.1 194.1 194.1 194.1 194.1 194.1 194.1 194.1 
210.4 210.4 210.4 210.4 210.4 210.4 210.4 210.4 210.4 210.4 210.4 211.5 211.5 211.5 211.5 211.5 211.5 211.5 211.5 211.5 211.5 211.5 211.5 211.5 211.5 211.5 211.5 211.5 211.5 211.5 211.5 211.5 211.5 211.5 211.5 211.5 211.5 211.5 211.5 211.5 211.5 211.5 211.5 211.5 211.5 211.5 211.5 211.5 211.5 211.5 211.5 211.5 211.5 211.5 211.5 211.5 211.5 211.5 211.5 211.5 211.5 211.5 211.5 211.5 211.5 211.5 211.5 211.5 211.5 211.5 211.5 194.1 194.1 194.1 194.1 194.1 194.1 194.1 194.1 194.1 194.1 194.1 194.1 194.1 194.1 194.1 194.1 194.1 194.1 194.1 194.1 194.1 194.1 194.1 194.1 194.1 194.1 194.1 194.1 194.1 
210.4 210.4 210.4 210.4 210.4 210.4 210.4 210.4 210.4 210.4 210.4 211.5 211.5 211.5 211.5 211.5 211.5 211.5 211.5 211.5 211.5 211.5 211.5 211.5 211.5 211.5 211.5 211.5 211.5 211.5 211.5 211.5 211.5 211.5 211.5 211.5 211.5 211.5 211.5 211.5 211.5 211.5 211.5 211.5 211.5 211.5 211.5 211.5 211.5 211.5 211.5 211.5 211.5 211.5 211.5 211.5 211.5 211.5 211.5 211.5 211.5 211.5 211.5 211.5 211.5 211.5 211.5 211.5 211.5 211.5 211.5 194.1 194.1 194.1 194.1 194.1 194.1 194.1 194.1 194.1 194.1 194.1 194.1 194.1 194.1 194.1 194.1 194.1 194.1 194.1 194.1 194.1 194.1 194.1 194.1 194.1 194.1 194.1 194.1 194.1 
210.4 210.4 210.4 210.4 210.4 210.4 210.4 210.4 210.4 210.4 210.4 211.5 211.5 211.5 211.5 211.5 211.5 211.5 211.5 211.5 211.5 211.5 211.5 211.5 211.5 211.5 211.5 211.5 211.5 211.5 211.5 211.5 211.5 211.5 211.5 211.5 211.5 211.5 211.5 211.5 211.5 211.5 211.5 211.5 211.5 211.5 211.5 211.5 211.5 211.5 211.5 211.5 211.5 211.5 211.5 211.5 211.5 211.5 211.5 211.5 211.5 211.5 211.5 211.5 211.5 211.5 211.5 211.5 211.5 211.5 211.5 194.1 194.1 194.1 194.1 194.1 194.1 194.1 194.1 194.1 194.1 194.1 194.1 194.1 194.1 194.1 194.1 194.1 194.1 194.1 194.1 194.1 194.1 194.1 194.1 194.1 194.1 194.1 194.1 194.1 
210.4 210.4 210.4 210.4 210.4 210.4 210.4 210.4 210.4 210.4 210.4 211.5 211.5 211.5 211.5 211.5 211.5 211.5 211.5 211.5 211.5 211.5 211.5 211.5 211.5 211.5 211.5 211.5 211.5 211.5 211.5 211.5 211.5 211.5 211.5 211.5 211.5 211.5 211.5 211.5 211.5 211.5 211.5 211.5 211.5 211.5 211.5 211.5 211.5 211.5 211.5 211.5 211.5 211.5 211.5 211.5 211.5 211.5 211.5 211.5 211.5 211.5 211.5 211.5 211.5 211.5 211.5 211.5 211.5 211.5 211.5 194.1 194.1 194.1 194.1 194.1 194.1 194.1 194.1 194.1 194.1 194.1 194.1 194.1 194.1 194.1 194.1 194.1 194.1 194.1 194.1 194.1 194.1 194.1 194.1 194.1 194.1 194.1 194.1 194.1 
210.4 210.4 210.4 210.4 210.4 210.4 210.4 210.4 210.4 210.4 210.4 211.5 211.5 211.5 211.5 211.5 211.5 211.5 211.5 211.5 211.5 211.5 211.5 211.5 211.5 211.5 211.5 211.5 211.5 211.5 211.5 211.5 211.5 211.5 211.5 211.5 211.5 211.5 211.5 211.5 211.5 211.5 211.5 211.5 211.5 211.5 211.5 211.5 211.5 211.5 211.5 211.5 211.5 211.5 211.5 211.5 211.5 211.5 211.5 211.5 211.5 211.5 211.5 211.5 211.5 211.5 211.5 211.5 211.5 211.5 211.5 194.1 194.1 194.1 194.1 194.1 194.1 194.1 194.1 194.1 194.1 194.1 194.1 194.1 194.1 194.1 194.1 194.1 194.1 194.1 194.1 194.1 194.1 194.1 194.1 194.1 194.1 194.1 194.1 194.1 
210.4 210.4 210.4 210.4 210.4 210.4 210.4 210.4 210.4 210.4 210.4 211.5 211.5 211.5 211.5 211.5 211.5 211.5 211.5 211.5 211.5 211.5 211.5 211.5 211.5 211.5 211.5 211.5 211.5 211.5 211.5 211.5 211.5 211.5 211.5 211.5 211.5 211.5 211.5 211.5 211.5 211.5 211.5 211.5 211.5 211.5 211.5 211.5 211.5 211.5 211.5 211.5 211.5 211.5 211.5 211.5 211.5 211.5 211.5 211.5 211.5 211.5 211.5 211.5 211.5 211.5 211.5 211.5 211.5 211.5 211.5 194.1 194.1 194.1 194.1 194.1 194.1 194.1 194.1 194.1 194.1 194.1 194.1 194.1 194.1 194.1 194.1 194.1 194.1 194.1 194.1 194.1 194.1 194.1 194.1 194.1 194.1 194.1 194.1 194.1 
210.4 210.4 210.4 210.4 210.4 210.4 210.4 210.4 210.4 210.4 210.4 211.5 211.5 211.5 211.5 211.5 211.5 211.5 211.5 211.5 211.5 211.5 211.5 211.5 211.5 211.5 211.5 211.5 211.5 211.5 211.5 211.5 211.5 211.5 211.5 211.5 211.5 211.5 211.5 211.5 211.5 211.5 211.5 211.5 211.5 211.5 211.5 211.5 211.5 211.5 211.5 211.5 211.5 211.5 211.5 211.5 211.5 211.5 211.5 211.5 211.5 211.5 211.5 211.5 211.5 211.5 211.5 211.5 211.5 211.5 211.5 194.1 194.1 194.1 194.1 194.1 194.1 194.1 194.1 194.1 194.1 194.1 194.1 194.1 194.1 194.1 194.1 194.1 194.1 194.1 194.1 194.1 194.1 194.1 194.1 194.1 194.1 194.1 194.1 194.1 
210.4 210.4 210.4 210.4 210.4 210.4 210.4 210.4 210.4 210.4 210.4 211.5 211.5 211.5 211.5 211.5 211.5 211.5 211.5 211.5 211.5 211.5 211.5 211.5 211.5 211.5 211.5 211.5 211.5 211.5 211.5 211.5 211.5 211.5 211.5 211.5 211.5 211.5 211.5 211.5 211.5 211.5 211.5 211.5 211.5 211.5 211.5 211.5 211.5 211.5 211.5 211.5 211.5 211.5 211.5 211.5 211.5 211.5 211.5 211.5 211.5 211.5 211.5 211.5 211.5 211.5 211.5 211.5 211.5 211.5 211.5 194.1 194.1 194.1 194.1 194.1 194.1 194.1 194.1 194.1 194.1 194.1 194.1 194.1 194.1 194.1 194.1 194.1 194.1 194.1 194.1 194.1 194.1 194.1 194.1 194.1 194.1 194.1 194.1 194.1 
210.4 210.4 210.4 210.4 210.4 210.4 210.4 210.4 210.4 210.4 210.4 211.5 211.5 211.5 211.5 211.5 211.5 211.5 211.5 211.5 211.5 211.5 211.5 211.5 211.5 211.5 211.5 211.5 211.5 211.5 211.5 211.5 211.5 211.5 211.5 211.5 211.5 211.5 211.5 211.5 211.5 211.5 211.5 211.5 211.5 211.5 211.5 211.5 211.5 211.5 211.5 211.5 211.5 211.5 211.5 211.5 211.5 211.5 211.5 211.5 211.5 211.5 211.5 211.5 211.5 211.5 211.5 211.5 211.5 211.5 211.5 194.1 194.1 194.1 194.1 194.1 194.1 194.1 194.1 194.1 194.1 194.1 194.1 194.1 194.1 194.1 194.1 194.1 194.1 194.1 194.1 194.1 194.1 194.1 194.1 194.1 194.1 194.1 194.1 194.1 
210.4 210.4 210.4 210.4 210.4 210.4 210.4 210.4 210.4 210.4 210.4 211.5 211.5 211.5 211.5 211.5 211.5 211.5 211.5 211.5 211.5 211.5 211.5 211.5 211.5 211.5 211.5 211.5 211.5 211.5 211.5 211.5 211.5 211.5 211.5 211.5 211.5 211.5 211.5 211.5 211.5 211.5 211.5 211.5 211.5 211.5 211.5 211.5 211.5 211.5 211.5 211.5 211.5 211.5 211.5 211.5 211.5 211.5 211.5 211.5 211.5 211.5 211.5 211.5 211.5 211.5 211.5 211.5 211.5 211.5 211.5 194.1 194.1 194.1 194.1 194.1 194.1 194.1 194.1 194.1 194.1 194.1 194.1 194.1 194.1 194.1 194.1 194.1 194.1 194.1 194.1 194.1 194.1 194.1 194.1 194.1 194.1 194.1 194.1 194.1 
210.4 210.4 210.4 210.4 210.4 210.4 210.4 210.4 210.4 210.4 210.4 211.5 211.5 211.5 211.5 211.5 211.5 211.5 211.5 211.5 211.5 211.5 211.5 211.5 211.5 211.5 211.5 211.5 211.5 211.5 211.5 211.5 211.5 211.5 211.5 211.5 211.5 211.5 211.5 211.5 211.5 211.5 211.5 211.5 211.5 211.5 211.5 211.5 211.5 211.5 211.5 211.5 211.5 211.5 211.5 211.5 211.5 211.5 211.5 211.5 211.5 211.5 211.5 211.5 211.5 211.5 211.5 211.5 211.5 211.5 211.5 194.1 194.1 194.1 194.1 194.1 194.1 194.1 194.1 194.1 194.1 194.1 194.1 194.1 194.1 194.1 194.1 194.1 194.1 194.1 194.1 194.1 194.1 194.1 194.1 194.1 194.1 194.1 194.1 194.1 
210.4 210.4 210.4 210.4 210.4 210.4 210.4 210.4 210.4 210.4 210.4 211.5 211.5 211.5 211.5 211.5 211.5 211.5 211.5 211.5 211.5 211.5 211.5 211.5 211.5 211.5 211.5 211.5 211.5 211.5 211.5 211.5 211.5 211.5 211.5 211.5 211.5 211.5 211.5 211.5 211.5 211.5 211.5 211.5 211.5 211.5 211.5 211.5 211.5 211.5 211.5 211.5 211.5 211.5 211.5 211.5 211.5 211.5 211.5 211.5 211.5 211.5 211.5 211.5 211.5 211.5 211.5 211.5 211.5 211.5 211.5 194.1 194.1 194.1 194.1 194.1 194.1 194.1 194.1 194.1 194.1 194.1 194.1 194.1 194.1 194.1 194.1 194.1 194.1 194.1 194.1 194.1 194.1 194.1 194.1 194.1 194.1 194.1 194.1 194.1 
210.4 210.4 210.4 210.4 210.4 210.4 210.4 210.4 210.4 210.4 210.4 211.5 211.5 211.5 211.5 211.5 211.5 211.5 211.5 211.5 211.5 211.5 211.5 211.5 211.5 211.5 211.5 211.5 211.5 211.5 211.5 211.5 211.5 211.5 211.5 211.5 211.5 211.5 211.5 211.5 211.5 211.5 211.5 211.5 211.5 211.5 211.5 211.5 211.5 211.5 211.5 211.5 211.5 211.5 211.5 211.5 211.5 211.5 211.5 211.5 211.5 211.5 211.5 211.5 211.5 211.5 211.5 211.5 211.5 211.5 211.5 194.1 194.1 194.1 194.1 194.1 194.1 194.1 194.1 194.1 194.1 194.1 194.1 194.1 194.1 194.1 194.1 194.1 194.1 194.1 194.1 194.1 194.1 194.1 194.1 194.1 194.1 194.1 194.1 194.1 
210.4 210.4 210.4 210.4 210.4 210.4 210.4 210.4 210.4 210.4 210.4 211.5 211.5 211.5 211.5 211.5 211.5 211.5 211.5 211.5 211.5 211.5 211.5 211.5 211.5 211.5 211.5 211.5 211.5 211.5 211.5 211.5 211.5 211.5 211.5 211.5 211.5 211.5 211.5 211.5 211.5 211.5 211.5 211.5 211.5 211.5 211.5 211.5 211.5 211.5 211.5 211.5 211.5 211.5 211.5 211.5 211.5 211.5 211.5 211.5 211.5 211.5 211.5 211.5 211.5 211.5 211.5 211.5 211.5 211.5 211.5 194.1 194.1 194.1 194.1 194.1 194.1 194.1 194.1 194.1 194.1 194.1 194.1 194.1 194.1 194.1 194.1 194.1 194.1 194.1 194.1 194.1 194.1 194.1 194.1 194.1 194.1 194.1 194.1 194.1 
210.4 210.4 210.4 210.4 210.4 210.4 210.4 210.4 210.4 210.4 210.4 211.5 211.5 211.5 211.5 211.5 211.5 211.5 211.5 211.5 211.5 211.5 211.5 211.5 211.5 211.5 211.5 211.5 211.5 211.5 211.5 211.5 211.5 211.5 211.5 211.5 211.5 211.5 211.5 211.5 211.5 211.5 211.5 211.5 211.5 211.5 211.5 211.5 211.5 211.5 211.5 211.5 211.5 211.5 211.5 211.5 211.5 211.5 211.5 211.5 211.5 211.5 211.5 211.5 211.5 211.5 211.5 211.5 211.5 211.5 211.5 194.1 194.1 194.1 194.1 194.1 194.1 194.1 194.1 194.1 194.1 194.1 194.1 194.1 194.1 194.1 194.1 194.1 194.1 194.1 194.1 194.1 194.1 194.1 194.1 194.1 194.1 194.1 194.1 194.1 
210.4 210.4 210.4 210.4 210.4 210.4 210.4 210.4 210.4 210.4 210.4 211.5 211.5 211.5 211.5 211.5 211.5 211.5 211.5 211.5 211.5 211.5 211.5 211.5 211.5 211.5 211.5 211.5 211.5 211.5 211.5 211.5 211.5 211.5 211.5 211.5 211.5 211.5 211.5 211.5 211.5 211.5 211.5 211.5 211.5 211.5 211.5 211.5 211.5 211.5 211.5 211.5 211.5 211.5 211.5 211.5 211.5 211.5 211.5 211.5 211.5 211.5 211.5 211.5 211.5 211.5 211.5 211.5 211.5 211.5 211.5 194.1 194.1 194.1 194.1 194.1 194.1 194.1 194.1 194.1 194.1 194.1 194.1 194.1 194.1 194.1 194.1 194.1 194.1 194.1 194.1 194.1 194.1 194.1 194.1 194.1 194.1 194.1 194.1 194.1 
210.4 210.4 210.4 210.4 210.4 210.4 210.4 210.4 210.4 210.4 210.4 211.5 211.5 211.5 211.5 211.5 211.5 211.5 211.5 211.5 211.5 211.5 211.5 211.5 211.5 211.5 211.5 211.5 211.5 211.5 211.5 211.5 211.5 211.5 211.5 211.5 211.5 211.5 211.5 211.5 211.5 211.5 211.5 211.5 211.5 211.5 211.5 211.5 211.5 211.5 211.5 211.5 211.5 211.5 211.5 211.5 211.5 211.5 211.5 211.5 211.5 211.5 211.5 211.5 211.5 211.5 211.5 211.5 211.5 211.5 211.5 194.1 194.1 194.1 194.1 194.1 194.1 194.1 194.1 194.1 194.1 194.1 194.1 194.1 194.1 194.1 194.1 194.1 194.1 194.1 194.1 194.1 194.1 194.1 194.1 194.1 194.1 194.1 194.1 194.1 
210.4 210.4 210.4 210.4 210.4 210.4 210.4 210.4 210.4 210.4 210.4 211.5 211.5 211.5 211.5 211.5 211.5 211.5 211.5 211.5 211.5 211.5 211.5 211.5 211.5 211.5 211.5 211.5 211.5 211.5 211.5 211.5 211.5 211.5 211.5 211.5 211.5 211.5 211.5 211.5 211.5 211.5 211.5 211.5 211.5 211.5 211.5 211.5 211.5 211.5 211.5 211.5 211.5 211.5 211.5 211.5 211.5 211.5 211.5 211.5 211.5 211.5 211.5 211.5 211.5 211.5 211.5 211.5 211.5 211.5 211.5 194.1 194.1 194.1 194.1 194.1 194.1 194.1 194.1 194.1 194.1 194.1 194.1 194.1 194.1 194.1 194.1 194.1 194.1 194.1 194.1 194.1 194.1 194.1 194.1 194.1 194.1 194.1 194.1 194.1 
210.4 210.4 210.4 210.4 210.4 210.4 210.4 210.4 210.4 210.4 210.4 211.5 211.5 211.5 211.5 211.5 211.5 211.5 211.5 211.5 211.5 211.5 211.5 211.5 211.5 211.5 211.5 211.5 211.5 211.5 211.5 211.5 211.5 211.5 211.5 211.5 211.5 211.5 211.5 211.5 211.5 211.5 211.5 211.5 211.5 211.5 211.5 211.5 211.5 211.5 211.5 211.5 211.5 211.5 211.5 211.5 211.5 211.5 211.5 211.5 211.5 211.5 211.5 211.5 211.5 211.5 211.5 211.5 211.5 211.5 211.5 194.1 194.1 194.1 194.1 194.1 194.1 194.1 194.1 194.1 194.1 194.1 194.1 194.1 194.1 194.1 194.1 194.1 194.1 194.1 194.1 194.1 194.1 194.1 194.1 194.1 194.1 194.1 194.1 194.1 
210.4 210.4 210.4 210.4 210.4 210.4 210.4 210.4 210.4 210.4 210.4 211.5 211.5 211.5 211.5 211.5 211.5 211.5 211.5 211.5 211.5 211.5 211.5 211.5 211.5 211.5 211.5 211.5 211.5 211.5 211.5 211.5 211.5 211.5 211.5 211.5 211.5 211.5 211.5 211.5 211.5 211.5 211.5 211.5 211.5 211.5 211.5 211.5 211.5 211.5 211.5 211.5 211.5 211.5 211.5 211.5 211.5 211.5 211.5 211.5 211.5 211.5 211.5 211.5 211.5 211.5 211.5 211.5 211.5 211.5 211.5 194.1 194.1 194.1 194.1 194.1 194.1 194.1 194.1 194.1 194.1 194.1 194.1 194.1 194.1 194.1 194.1 194.1 194.1 194.1 194.1 194.1 194.1 194.1 194.1 194.1 194.1 194.1 194.1 194.1 
210.4 210.4 210.4 210.4 210.4 210.4 210.4 210.4 210.4 210.4 210.4 211.5 211.5 211.5 211.5 211.5 211.5 211.5 211.5 211.5 211.5 211.5 211.5 211.5 211.5 211.5 211.5 211.5 211.5 211.5 211.5 211.5 211.5 211.5 211.5 211.5 211.5 211.5 211.5 211.5 211.5 211.5 211.5 211.5 211.5 211.5 211.5 211.5 211.5 211.5 211.5 211.5 211.5 211.5 211.5 211.5 211.5 211.5 211.5 211.5 211.5 211.5 211.5 211.5 211.5 211.5 211.5 211.5 211.5 211.5 211.5 194.1 194.1 194.1 194.1 194.1 194.1 194.1 194.1 194.1 194.1 194.1 194.1 194.1 194.1 194.1 194.1 194.1 194.1 194.1 194.1 194.1 194.1 194.1 194.1 194.1 194.1 194.1 194.1 194.1 
210.4 210.4 210.4 210.4 210.4 210.4 210.4 210.4 210.4 210.4 210.4 211.5 211.5 211.5 211.5 211.5 211.5 211.5 211.5 211.5 211.5 211.5 211.5 211.5 211.5 211.5 211.5 211.5 211.5 211.5 211.5 211.5 211.5 211.5 211.5 211.5 211.5 211.5 211.5 211.5 211.5 211.5 211.5 211.5 211.5 211.5 211.5 211.5 211.5 211.5 211.5 211.5 211.5 211.5 211.5 211.5 211.5 211.5 211.5 211.5 211.5 211.5 211.5 211.5 211.5 211.5 211.5 211.5 211.5 211.5 211.5 194.1 194.1 194.1 194.1 194.1 194.1 194.1 194.1 194.1 194.1 194.1 194.1 194.1 194.1 194.1 194.1 194.1 194.1 194.1 194.1 194.1 194.1 194.1 194.1 194.1 194.1 194.1 194.1 194.1 
210.4 210.4 210.4 210.4 210.4 210.4 210.4 210.4 210.4 210.4 210.4 211.5 211.5 211.5 211.5 211.5 211.5 211.5 211.5 211.5 211.5 211.5 211.5 211.5 211.5 211.5 211.5 211.5 211.5 211.5 211.5 211.5 211.5 211.5 211.5 211.5 211.5 211.5 211.5 211.5 211.5 211.5 211.5 211.5 211.5 211.5 211.5 211.5 211.5 211.5 211.5 211.5 211.5 211.5 211.5 211.5 211.5 211.5 211.5 211.5 211.5 211.5 211.5 211.5 211.5 211.5 211.5 211.5 211.5 211.5 211.5 194.1 194.1 194.1 194.1 194.1 194.1 194.1 194.1 194.1 194.1 194.1 194.1 194.1 194.1 194.1 194.1 194.1 194.1 194.1 194.1 194.1 194.1 194.1 194.1 194.1 194.1 194.1 194.1 194.1 
210.4 210.4 210.4 210.4 210.4 210.4 210.4 210.4 210.4 210.4 210.4 211.5 211.5 211.5 211.5 211.5 211.5 211.5 211.5 211.5 211.5 211.5 211.5 211.5 211.5 211.5 211.5 211.5 211.5 211.5 211.5 211.5 211.5 211.5 211.5 211.5 211.5 211.5 211.5 211.5 211.5 211.5 211.5 211.5 211.5 211.5 211.5 211.5 211.5 211.5 211.5 211.5 211.5 211.5 211.5 211.5 211.5 211.5 211.5 211.5 211.5 211.5 211.5 211.5 211.5 211.5 211.5 211.5 211.5 211.5 211.5 194.1 194.1 194.1 194.1 194.1 194.1 194.1 194.1 194.1 194.1 194.1 194.1 194.1 194.1 194.1 194.1 194.1 194.1 194.1 194.1 194.1 194.1 194.1 194.1 194.1 194.1 194.1 194.1 194.1 
210.4 210.4 210.4 210.4 210.4 210.4 210.4 210.4 210.4 210.4 210.4 211.5 211.5 211.5 211.5 211.5 211.5 211.5 211.5 211.5 211.5 211.5 211.5 211.5 211.5 211.5 211.5 211.5 211.5 211.5 211.5 211.5 211.5 211.5 211.5 211.5 211.5 211.5 211.5 211.5 211.5 211.5 211.5 211.5 211.5 211.5 211.5 211.5 211.5 211.5 211.5 211.5 211.5 211.5 211.5 211.5 211.5 211.5 211.5 211.5 211.5 211.5 211.5 211.5 211.5 211.5 211.5 211.5 211.5 211.5 211.5 194.1 194.1 194.1 194.1 194.1 194.1 194.1 194.1 194.1 194.1 194.1 194.1 194.1 194.1 194.1 194.1 194.1 194.1 194.1 194.1 194.1 194.1 194.1 194.1 194.1 194.1 194.1 194.1 194.1 
210.4 210.4 210.4 210.4 210.4 210.4 210.4 210.4 210.4 210.4 210.4 211.5 211.5 211.5 211.5 211.5 211.5 211.5 211.5 211.5 211.5 211.5 211.5 211.5 211.5 211.5 211.5 211.5 211.5 211.5 211.5 211.5 211.5 211.5 211.5 211.5 211.5 211.5 211.5 211.5 211.5 211.5 211.5 211.5 211.5 211.5 211.5 211.5 211.5 211.5 211.5 211.5 211.5 211.5 211.5 211.5 211.5 211.5 211.5 211.5 211.5 211.5 211.5 211.5 211.5 211.5 211.5 211.5 211.5 211.5 211.5 194.1 194.1 194.1 194.1 194.1 194.1 194.1 194.1 194.1 194.1 194.1 194.1 194.1 194.1 194.1 194.1 194.1 194.1 194.1 194.1 194.1 194.1 194.1 194.1 194.1 194.1 194.1 194.1 194.1 
210.4 210.4 210.4 210.4 210.4 210.4 210.4 210.4 210.4 210.4 210.4 211.5 211.5 211.5 211.5 211.5 211.5 211.5 211.5 211.5 211.5 211.5 211.5 211.5 211.5 211.5 211.5 211.5 211.5 211.5 211.5 211.5 211.5 211.5 211.5 211.5 211.5 211.5 211.5 211.5 211.5 211.5 211.5 211.5 211.5 211.5 211.5 211.5 211.5 211.5 211.5 211.5 211.5 211.5 211.5 211.5 211.5 211.5 211.5 211.5 211.5 211.5 211.5 211.5 211.5 211.5 211.5 211.5 211.5 211.5 211.5 194.1 194.1 194.1 194.1 194.1 194.1 194.1 194.1 194.1 194.1 194.1 194.1 194.1 194.1 194.1 194.1 194.1 194.1 194.1 194.1 194.1 194.1 194.1 194.1 194.1 194.1 194.1 194.1 194.1 
210.4 210.4 210.4 210.4 210.4 210.4 210.4 210.4 210.4 210.4 210.4 211.5 211.5 211.5 211.5 211.5 211.5 211.5 211.5 211.5 211.5 211.5 211.5 211.5 211.5 211.5 211.5 211.5 211.5 211.5 211.5 211.5 211.5 211.5 211.5 211.5 211.5 211.5 211.5 211.5 211.5 211.5 211.5 211.5 211.5 211.5 211.5 211.5 211.5 211.5 211.5 211.5 211.5 211.5 211.5 211.5 211.5 211.5 211.5 211.5 211.5 211.5 211.5 211.5 211.5 211.5 211.5 211.5 211.5 211.5 211.5 194.1 194.1 194.1 194.1 194.1 194.1 194.1 194.1 194.1 194.1 194.1 194.1 194.1 194.1 194.1 194.1 194.1 194.1 194.1 194.1 194.1 194.1 194.1 194.1 194.1 194.1 194.1 194.1 194.1 
