ncols         100
nrows         100
xllcorner     -59982.863281
yllcorner     1851083.022172
cellsize      1000
NODATA_value  -9999
153.9 153.9 153.9 153.9 153.9 153.9 153.9 153.9 153.9 153.9 153.9 138.8 138.8 138.8 138.8 138.8 138.8 138.8 138.8 138.8 138.8 138.8 138.8 138.8 138.8 138.8 138.8 138.8 138.8 138.8 138.8 138.8 138.8 138.8 138.8 138.8 138.8 138.8 138.8 138.8 138.8 138.8 138.8 138.8 138.8 138.8 138.8 138.8 138.8 138.8 138.8 138.8 138.8 138.8 138.8 138.8 138.8 138.8 138.8 138.8 138.8 138.8 138.8 138.8 138.8 138.8 138.8 138.8 138.8 138.8 138.8 137.1 137.1 137.1 137.1 137.1 137.1 137.1 137.1 137.1 137.1 137.1 137.1 137.1 137.1 137.1 137.1 137.1 137.1 137.1 137.1 137.1 137.1 137.1 137.1 137.1 137.1 137.1 137.1 137.1 
153.9 153.9 153.9 153.9 153.9 153.9 153.9 153.9 153.9 153.9 153.9 138.8 138.8 138.8 138.8 138.8 138.8 138.8 138.8 138.8 138.8 138.8 138.8 138.8 138.8 138.8 138.8 138.8 138.8 138.8 138.8 138.8 138.8 138.8 138.8 138.8 138.8 138.8 138.8 138.8 138.8 138.8 138.8 138.8 138.8 138.8 138.8 138.8 138.8 138.8 138.8 138.8 138.8 138.8 138.8 138.8 138.8 138.8 138.8 138.8 138.8 138.8 138.8 138.8 138.8 138.8 138.8 138.8 138.8 138.8 138.8 137.1 137.1 137.1 137.1 137.1 137.1 137.1 137.1 137.1 137.1 137.1 137.1 137.1 137.1 137.1 137.1 137.1 137.1 137.1 137.1 137.1 137.1 137.1 137.1 137.1 137.1 137.1 137.1 137.1 
153.9 153.9 153.9 153.9 153.9 153.9 153.9 153.9 153.9 153.9 153.9 138.8 138.8 138.8 138.8 138.8 138.8 138.8 138.8 138.8 138.8 138.8 138.8 138.8 138.8 138.8 138.8 138.8 138.8 138.8 138.8 138.8 138.8 138.8 138.8 138.8 138.8 138.8 138.8 138.8 138.8 138.8 138.8 138.8 138.8 138.8 138.8 138.8 138.8 138.8 138.8 138.8 138.8 138.8 138.8 138.8 138.8 138.8 138.8 138.8 138.8 138.8 138.8 138.8 138.8 138.8 138.8 138.8 138.8 138.8 138.8 137.1 137.1 137.1 137.1 137.1 137.1 137.1 137.1 137.1 137.1 137.1 137.1 137.1 137.1 137.1 137.1 137.1 137.1 137.1 137.1 137.1 137.1 137.1 137.1 137.1 137.1 137.1 137.1 137.1 
153.9 153.9 153.9 153.9 153.9 153.9 153.9 153.9 153.9 153.9 153.9 138.8 138.8 138.8 138.8 138.8 138.8 138.8 138.8 138.8 138.8 138.8 138.8 138.8 138.8 138.8 138.8 138.8 138.8 138.8 138.8 138.8 138.8 138.8 138.8 138.8 138.8 138.8 138.8 138.8 138.8 138.8 138.8 138.8 138.8 138.8 138.8 138.8 138.8 138.8 138.8 138.8 138.8 138.8 138.8 138.8 138.8 138.8 138.8 138.8 138.8 138.8 138.8 138.8 138.8 138.8 138.8 138.8 138.8 138.8 138.8 137.1 137.1 137.1 137.1 137.1 137.1 137.1 137.1 137.1 137.1 137.1 137.1 137.1 137.1 137.1 137.1 137.1 137.1 137.1 137.1 137.1 137.1 137.1 137.1 137.1 137.1 137.1 137.1 137.1 
153.9 153.9 153.9 153.9 153.9 153.9 153.9 153.9 153.9 153.9 153.9 138.8 138.8 138.8 138.8 138.8 138.8 138.8 138.8 138.8 138.8 138.8 138.8 138.8 138.8 138.8 138.8 138.8 138.8 138.8 138.8 138.8 138.8 138.8 138.8 138.8 138.8 138.8 138.8 138.8 138.8 138.8 138.8 138.8 138.8 138.8 138.8 138.8 138.8 138.8 138.8 138.8 138.8 138.8 138.8 138.8 138.8 138.8 138.8 138.8 138.8 138.8 138.8 138.8 138.8 138.8 138.8 138.8 138.8 138.8 138.8 137.1 137.1 137.1 137.1 137.1 137.1 137.1 137.1 137.1 137.1 137.1 137.1 137.1 137.1 137.1 137.1 137.1 137.1 137.1 137.1 137.1 137.1 137.1 137.1 137.1 137.1 137.1 137.1 137.1 
153.9 153.9 153.9 153.9 153.9 153.9 153.9 153.9 153.9 153.9 153.9 138.8 138.8 138.8 138.8 138.8 138.8 138.8 138.8 138.8 138.8 138.8 138.8 138.8 138.8 138.8 138.8 138.8 138.8 138.8 138.8 138.8 138.8 138.8 138.8 138.8 138.8 138.8 138.8 138.8 138.8 138.8 138.8 138.8 138.8 138.8 138.8 138.8 138.8 138.8 138.8 138.8 138.8 138.8 138.8 138.8 138.8 138.8 138.8 138.8 138.8 138.8 138.8 138.8 138.8 138.8 138.8 138.8 138.8 138.8 138.8 137.1 137.1 137.1 137.1 137.1 137.1 137.1 137.1 137.1 137.1 137.1 137.1 137.1 137.1 137.1 137.1 137.1 137.1 137.1 137.1 137.1 137.1 137.1 137.1 137.1 137.1 137.1 137.1 137.1 
153.9 153.9 153.9 153.9 153.9 153.9 153.9 153.9 153.9 153.9 153.9 138.8 138.8 138.8 138.8 138.8 138.8 138.8 138.8 138.8 138.8 138.8 138.8 138.8 138.8 138.8 138.8 138.8 138.8 138.8 138.8 138.8 138.8 138.8 138.8 138.8 138.8 138.8 138.8 138.8 138.8 138.8 138.8 138.8 138.8 138.8 138.8 138.8 138.8 138.8 138.8 138.8 138.8 138.8 138.8 138.8 138.8 138.8 138.8 138.8 138.8 138.8 138.8 138.8 138.8 138.8 138.8 138.8 138.8 138.8 138.8 137.1 137.1 137.1 137.1 137.1 137.1 137.1 137.1 137.1 137.1 137.1 137.1 137.1 137.1 137.1 137.1 137.1 137.1 137.1 137.1 137.1 137.1 137.1 137.1 137.1 137.1 137.1 137.1 137.1 
153.9 153.9 153.9 153.9 153.9 153.9 153.9 153.9 153.9 153.9 153.9 138.8 138.8 138.8 138.8 138.8 138.8 138.8 138.8 138.8 138.8 138.8 138.8 138.8 138.8 138.8 138.8 138.8 138.8 138.8 138.8 138.8 138.8 138.8 138.8 138.8 138.8 138.8 138.8 138.8 138.8 138.8 138.8 138.8 138.8 138.8 138.8 138.8 138.8 138.8 138.8 138.8 138.8 138.8 138.8 138.8 138.8 138.8 138.8 138.8 138.8 138.8 138.8 138.8 138.8 138.8 138.8 138.8 138.8 138.8 138.8 137.1 137.1 137.1 137.1 137.1 137.1 137.1 137.1 137.1 137.1 137.1 137.1 137.1 137.1 137.1 137.1 137.1 137.1 137.1 137.1 137.1 137.1 137.1 137.1 137.1 137.1 137.1 137.1 137.1 
153.9 153.9 153.9 153.9 153.9 153.9 153.9 153.9 153.9 153.9 153.9 138.8 138.8 138.8 138.8 138.8 138.8 138.8 138.8 138.8 138.8 138.8 138.8 138.8 138.8 138.8 138.8 138.8 138.8 138.8 138.8 138.8 138.8 138.8 138.8 138.8 138.8 138.8 138.8 138.8 138.8 138.8 138.8 138.8 138.8 138.8 138.8 138.8 138.8 138.8 138.8 138.8 138.8 138.8 138.8 138.8 138.8 138.8 138.8 138.8 138.8 138.8 138.8 138.8 138.8 138.8 138.8 138.8 138.8 138.8 138.8 137.1 137.1 137.1 137.1 137.1 137.1 137.1 137.1 137.1 137.1 137.1 137.1 137.1 137.1 137.1 137.1 137.1 137.1 137.1 137.1 137.1 137.1 137.1 137.1 137.1 137.1 137.1 137.1 137.1 
165.7 165.7 165.7 165.7 165.7 165.7 165.7 165.7 165.7 165.7 165.7 161 161 161 161 161 161 161 161 161 161 161 161 161 161 161 161 161 161 161 161 161 161 161 161 161 161 161 161 161 161 161 161 161 161 161 161 161 161 161 161 161 161 161 161 161 161 161 161 161 161 161 161 161 161 161 161 161 161 161 161 161.3 161.3 161.3 161.3 161.3 161.3 161.3 161.3 161.3 161.3 161.3 161.3 161.3 161.3 161.3 161.3 161.3 161.3 161.3 161.3 161.3 161.3 161.3 161.3 161.3 161.3 161.3 161.3 161.3 
165.7 165.7 165.7 165.7 165.7 165.7 165.7 165.7 165.7 165.7 165.7 161 161 161 161 161 161 161 161 161 161 161 161 161 161 161 161 161 161 161 161 161 161 161 161 161 161 161 161 161 161 161 161 161 161 161 161 161 161 161 161 161 161 161 161 161 161 161 161 161 161 161 161 161 161 161 161 161 161 161 161 161.3 161.3 161.3 161.3 161.3 161.3 161.3 161.3 161.3 161.3 161.3 161.3 161.3 161.3 161.3 161.3 161.3 161.3 161.3 161.3 161.3 161.3 161.3 161.3 161.3 161.3 161.3 161.3 161.3 
165.7 165.7 165.7 165.7 165.7 165.7 165.7 165.7 165.7 165.7 165.7 161 161 161 161 161 161 161 161 161 161 161 161 161 161 161 161 161 161 161 161 161 161 161 161 161 161 161 161 161 161 161 161 161 161 161 161 161 161 161 161 161 161 161 161 161 161 161 161 161 161 161 161 161 161 161 161 161 161 161 161 161.3 161.3 161.3 161.3 161.3 161.3 161.3 161.3 161.3 161.3 161.3 161.3 161.3 161.3 161.3 161.3 161.3 161.3 161.3 161.3 161.3 161.3 161.3 161.3 161.3 161.3 161.3 161.3 161.3 
165.7 165.7 165.7 165.7 165.7 165.7 165.7 165.7 165.7 165.7 165.7 161 161 161 161 161 161 161 161 161 161 161 161 161 161 161 161 161 161 161 161 161 161 161 161 161 161 161 161 161 161 161 161 161 161 161 161 161 161 161 161 161 161 161 161 161 161 161 161 161 161 161 161 161 161 161 161 161 161 161 161 161.3 161.3 161.3 161.3 161.3 161.3 161.3 161.3 161.3 161.3 161.3 161.3 161.3 161.3 161.3 161.3 161.3 161.3 161.3 161.3 161.3 161.3 161.3 161.3 161.3 161.3 161.3 161.3 161.3 
165.7 165.7 165.7 165.7 165.7 165.7 165.7 165.7 165.7 165.7 165.7 161 161 161 161 161 161 161 161 161 161 161 161 161 161 161 161 161 161 161 161 161 161 161 161 161 161 161 161 161 161 161 161 161 161 161 161 161 161 161 161 161 161 161 161 161 161 161 161 161 161 161 161 161 161 161 161 161 161 161 161 161.3 161.3 161.3 161.3 161.3 161.3 161.3 161.3 161.3 161.3 161.3 161.3 161.3 161.3 161.3 161.3 161.3 161.3 161.3 161.3 161.3 161.3 161.3 161.3 161.3 161.3 161.3 161.3 161.3 
165.7 165.7 165.7 165.7 165.7 165.7 165.7 165.7 165.7 165.7 165.7 161 161 161 161 161 161 161 161 161 161 161 161 161 161 161 161 161 161 161 161 161 161 161 161 161 161 161 161 161 161 161 161 161 161 161 161 161 161 161 161 161 161 161 161 161 161 161 161 161 161 161 161 161 161 161 161 161 161 161 161 161.3 161.3 161.3 161.3 161.3 161.3 161.3 161.3 161.3 161.3 161.3 161.3 161.3 161.3 161.3 161.3 161.3 161.3 161.3 161.3 161.3 161.3 161.3 161.3 161.3 161.3 161.3 161.3 161.3 
165.7 165.7 165.7 165.7 165.7 165.7 165.7 165.7 165.7 165.7 165.7 161 161 161 161 161 161 161 161 161 161 161 161 161 161 161 161 161 161 161 161 161 161 161 161 161 161 161 161 161 161 161 161 161 161 161 161 161 161 161 161 161 161 161 161 161 161 161 161 161 161 161 161 161 161 161 161 161 161 161 161 161.3 161.3 161.3 161.3 161.3 161.3 161.3 161.3 161.3 161.3 161.3 161.3 161.3 161.3 161.3 161.3 161.3 161.3 161.3 161.3 161.3 161.3 161.3 161.3 161.3 161.3 161.3 161.3 161.3 
165.7 165.7 165.7 165.7 165.7 165.7 165.7 165.7 165.7 165.7 165.7 161 161 161 161 161 161 161 161 161 161 161 161 161 161 161 161 161 161 161 161 161 161 161 161 161 161 161 161 161 161 161 161 161 161 161 161 161 161 161 161 161 161 161 161 161 161 161 161 161 161 161 161 161 161 161 161 161 161 161 161 161.3 161.3 161.3 161.3 161.3 161.3 161.3 161.3 161.3 161.3 161.3 161.3 161.3 161.3 161.3 161.3 161.3 161.3 161.3 161.3 161.3 161.3 161.3 161.3 161.3 161.3 161.3 161.3 161.3 
165.7 165.7 165.7 165.7 165.7 165.7 165.7 165.7 165.7 165.7 165.7 161 161 161 161 161 161 161 161 161 161 161 161 161 161 161 161 161 161 161 161 161 161 161 161 161 161 161 161 161 161 161 161 161 161 161 161 161 161 161 161 161 161 161 161 161 161 161 161 161 161 161 161 161 161 161 161 161 161 161 161 161.3 161.3 161.3 161.3 161.3 161.3 161.3 161.3 161.3 161.3 161.3 161.3 161.3 161.3 161.3 161.3 161.3 161.3 161.3 161.3 161.3 161.3 161.3 161.3 161.3 161.3 161.3 161.3 161.3 
165.7 165.7 165.7 165.7 165.7 165.7 165.7 165.7 165.7 165.7 165.7 161 161 161 161 161 161 161 161 161 161 161 161 161 161 161 161 161 161 161 161 161 161 161 161 161 161 161 161 161 161 161 161 161 161 161 161 161 161 161 161 161 161 161 161 161 161 161 161 161 161 161 161 161 161 161 161 161 161 161 161 161.3 161.3 161.3 161.3 161.3 161.3 161.3 161.3 161.3 161.3 161.3 161.3 161.3 161.3 161.3 161.3 161.3 161.3 161.3 161.3 161.3 161.3 161.3 161.3 161.3 161.3 161.3 161.3 161.3 
165.7 165.7 165.7 165.7 165.7 165.7 165.7 165.7 165.7 165.7 165.7 161 161 161 161 161 161 161 161 161 161 161 161 161 161 161 161 161 161 161 161 161 161 161 161 161 161 161 161 161 161 161 161 161 161 161 161 161 161 161 161 161 161 161 161 161 161 161 161 161 161 161 161 161 161 161 161 161 161 161 161 161.3 161.3 161.3 161.3 161.3 161.3 161.3 161.3 161.3 161.3 161.3 161.3 161.3 161.3 161.3 161.3 161.3 161.3 161.3 161.3 161.3 161.3 161.3 161.3 161.3 161.3 161.3 161.3 161.3 
165.7 165.7 165.7 165.7 165.7 165.7 165.7 165.7 165.7 165.7 165.7 161 161 161 161 161 161 161 161 161 161 161 161 161 161 161 161 161 161 161 161 161 161 161 161 161 161 161 161 161 161 161 161 161 161 161 161 161 161 161 161 161 161 161 161 161 161 161 161 161 161 161 161 161 161 161 161 161 161 161 161 161.3 161.3 161.3 161.3 161.3 161.3 161.3 161.3 161.3 161.3 161.3 161.3 161.3 161.3 161.3 161.3 161.3 161.3 161.3 161.3 161.3 161.3 161.3 161.3 161.3 161.3 161.3 161.3 161.3 
165.7 165.7 165.7 165.7 165.7 165.7 165.7 165.7 165.7 165.7 165.7 161 161 161 161 161 161 161 161 161 161 161 161 161 161 161 161 161 161 161 161 161 161 161 161 161 161 161 161 161 161 161 161 161 161 161 161 161 161 161 161 161 161 161 161 161 161 161 161 161 161 161 161 161 161 161 161 161 161 161 161 161.3 161.3 161.3 161.3 161.3 161.3 161.3 161.3 161.3 161.3 161.3 161.3 161.3 161.3 161.3 161.3 161.3 161.3 161.3 161.3 161.3 161.3 161.3 161.3 161.3 161.3 161.3 161.3 161.3 
165.7 165.7 165.7 165.7 165.7 165.7 165.7 165.7 165.7 165.7 165.7 161 161 161 161 161 161 161 161 161 161 161 161 161 161 161 161 161 161 161 161 161 161 161 161 161 161 161 161 161 161 161 161 161 161 161 161 161 161 161 161 161 161 161 161 161 161 161 161 161 161 161 161 161 161 161 161 161 161 161 161 161.3 161.3 161.3 161.3 161.3 161.3 161.3 161.3 161.3 161.3 161.3 161.3 161.3 161.3 161.3 161.3 161.3 161.3 161.3 161.3 161.3 161.3 161.3 161.3 161.3 161.3 161.3 161.3 161.3 
165.7 165.7 165.7 165.7 165.7 165.7 165.7 165.7 165.7 165.7 165.7 161 161 161 161 161 161 161 161 161 161 161 161 161 161 161 161 161 161 161 161 161 161 161 161 161 161 161 161 161 161 161 161 161 161 161 161 161 161 161 161 161 161 161 161 161 161 161 161 161 161 161 161 161 161 161 161 161 161 161 161 161.3 161.3 161.3 161.3 161.3 161.3 161.3 161.3 161.3 161.3 161.3 161.3 161.3 161.3 161.3 161.3 161.3 161.3 161.3 161.3 161.3 161.3 161.3 161.3 161.3 161.3 161.3 161.3 161.3 
165.7 165.7 165.7 165.7 165.7 165.7 165.7 165.7 165.7 165.7 165.7 161 161 161 161 161 161 161 161 161 161 161 161 161 161 161 161 161 161 161 161 161 161 161 161 161 161 161 161 161 161 161 161 161 161 161 161 161 161 161 161 161 161 161 161 161 161 161 161 161 161 161 161 161 161 161 161 161 161 161 161 161.3 161.3 161.3 161.3 161.3 161.3 161.3 161.3 161.3 161.3 161.3 161.3 161.3 161.3 161.3 161.3 161.3 161.3 161.3 161.3 161.3 161.3 161.3 161.3 161.3 161.3 161.3 161.3 161.3 
165.7 165.7 165.7 165.7 165.7 165.7 165.7 165.7 165.7 165.7 165.7 161 161 161 161 161 161 161 161 161 161 161 161 161 161 161 161 161 161 161 161 161 161 161 161 161 161 161 161 161 161 161 161 161 161 161 161 161 161 161 161 161 161 161 161 161 161 161 161 161 161 161 161 161 161 161 161 161 161 161 161 161.3 161.3 161.3 161.3 161.3 161.3 161.3 161.3 161.3 161.3 161.3 161.3 161.3 161.3 161.3 161.3 161.3 161.3 161.3 161.3 161.3 161.3 161.3 161.3 161.3 161.3 161.3 161.3 161.3 
165.7 165.7 165.7 165.7 165.7 165.7 165.7 165.7 165.7 165.7 165.7 161 161 161 161 161 161 161 161 161 161 161 161 161 161 161 161 161 161 161 161 161 161 161 161 161 161 161 161 161 161 161 161 161 161 161 161 161 161 161 161 161 161 161 161 161 161 161 161 161 161 161 161 161 161 161 161 161 161 161 161 161.3 161.3 161.3 161.3 161.3 161.3 161.3 161.3 161.3 161.3 161.3 161.3 161.3 161.3 161.3 161.3 161.3 161.3 161.3 161.3 161.3 161.3 161.3 161.3 161.3 161.3 161.3 161.3 161.3 
165.7 165.7 165.7 165.7 165.7 165.7 165.7 165.7 165.7 165.7 165.7 161 161 161 161 161 161 161 161 161 161 161 161 161 161 161 161 161 161 161 161 161 161 161 161 161 161 161 161 161 161 161 161 161 161 161 161 161 161 161 161 161 161 161 161 161 161 161 161 161 161 161 161 161 161 161 161 161 161 161 161 161.3 161.3 161.3 161.3 161.3 161.3 161.3 161.3 161.3 161.3 161.3 161.3 161.3 161.3 161.3 161.3 161.3 161.3 161.3 161.3 161.3 161.3 161.3 161.3 161.3 161.3 161.3 161.3 161.3 
165.7 165.7 165.7 165.7 165.7 165.7 165.7 165.7 165.7 165.7 165.7 161 161 161 161 161 161 161 161 161 161 161 161 161 161 161 161 161 161 161 161 161 161 161 161 161 161 161 161 161 161 161 161 161 161 161 161 161 161 161 161 161 161 161 161 161 161 161 161 161 161 161 161 161 161 161 161 161 161 161 161 161.3 161.3 161.3 161.3 161.3 161.3 161.3 161.3 161.3 161.3 161.3 161.3 161.3 161.3 161.3 161.3 161.3 161.3 161.3 161.3 161.3 161.3 161.3 161.3 161.3 161.3 161.3 161.3 161.3 
165.7 165.7 165.7 165.7 165.7 165.7 165.7 165.7 165.7 165.7 165.7 161 161 161 161 161 161 161 161 161 161 161 161 161 161 161 161 161 161 161 161 161 161 161 161 161 161 161 161 161 161 161 161 161 161 161 161 161 161 161 161 161 161 161 161 161 161 161 161 161 161 161 161 161 161 161 161 161 161 161 161 161.3 161.3 161.3 161.3 161.3 161.3 161.3 161.3 161.3 161.3 161.3 161.3 161.3 161.3 161.3 161.3 161.3 161.3 161.3 161.3 161.3 161.3 161.3 161.3 161.3 161.3 161.3 161.3 161.3 
165.7 165.7 165.7 165.7 165.7 165.7 165.7 165.7 165.7 165.7 165.7 161 161 161 161 161 161 161 161 161 161 161 161 161 161 161 161 161 161 161 161 161 161 161 161 161 161 161 161 161 161 161 161 161 161 161 161 161 161 161 161 161 161 161 161 161 161 161 161 161 161 161 161 161 161 161 161 161 161 161 161 161.3 161.3 161.3 161.3 161.3 161.3 161.3 161.3 161.3 161.3 161.3 161.3 161.3 161.3 161.3 161.3 161.3 161.3 161.3 161.3 161.3 161.3 161.3 161.3 161.3 161.3 161.3 161.3 161.3 
165.7 165.7 165.7 165.7 165.7 165.7 165.7 165.7 165.7 165.7 165.7 161 161 161 161 161 161 161 161 161 161 161 161 161 161 161 161 161 161 161 161 161 161 161 161 161 161 161 161 161 161 161 161 161 161 161 161 161 161 161 161 161 161 161 161 161 161 161 161 161 161 161 161 161 161 161 161 161 161 161 161 161.3 161.3 161.3 161.3 161.3 161.3 161.3 161.3 161.3 161.3 161.3 161.3 161.3 161.3 161.3 161.3 161.3 161.3 161.3 161.3 161.3 161.3 161.3 161.3 161.3 161.3 161.3 161.3 161.3 
165.7 165.7 165.7 165.7 165.7 165.7 165.7 165.7 165.7 165.7 165.7 161 161 161 161 161 161 161 161 161 161 161 161 161 161 161 161 161 161 161 161 161 161 161 161 161 161 161 161 161 161 161 161 161 161 161 161 161 161 161 161 161 161 161 161 161 161 161 161 161 161 161 161 161 161 161 161 161 161 161 161 161.3 161.3 161.3 161.3 161.3 161.3 161.3 161.3 161.3 161.3 161.3 161.3 161.3 161.3 161.3 161.3 161.3 161.3 161.3 161.3 161.3 161.3 161.3 161.3 161.3 161.3 161.3 161.3 161.3 
165.7 165.7 165.7 165.7 165.7 165.7 165.7 165.7 165.7 165.7 165.7 161 161 161 161 161 161 161 161 161 161 161 161 161 161 161 161 161 161 161 161 161 161 161 161 161 161 161 161 161 161 161 161 161 161 161 161 161 161 161 161 161 161 161 161 161 161 161 161 161 161 161 161 161 161 161 161 161 161 161 161 161.3 161.3 161.3 161.3 161.3 161.3 161.3 161.3 161.3 161.3 161.3 161.3 161.3 161.3 161.3 161.3 161.3 161.3 161.3 161.3 161.3 161.3 161.3 161.3 161.3 161.3 161.3 161.3 161.3 
165.7 165.7 165.7 165.7 165.7 165.7 165.7 165.7 165.7 165.7 165.7 161 161 161 161 161 161 161 161 161 161 161 161 161 161 161 161 161 161 161 161 161 161 161 161 161 161 161 161 161 161 161 161 161 161 161 161 161 161 161 161 161 161 161 161 161 161 161 161 161 161 161 161 161 161 161 161 161 161 161 161 161.3 161.3 161.3 161.3 161.3 161.3 161.3 161.3 161.3 161.3 161.3 161.3 161.3 161.3 161.3 161.3 161.3 161.3 161.3 161.3 161.3 161.3 161.3 161.3 161.3 161.3 161.3 161.3 161.3 
165.7 165.7 165.7 165.7 165.7 165.7 165.7 165.7 165.7 165.7 165.7 161 161 161 161 161 161 161 161 161 161 161 161 161 161 161 161 161 161 161 161 161 161 161 161 161 161 161 161 161 161 161 161 161 161 161 161 161 161 161 161 161 161 161 161 161 161 161 161 161 161 161 161 161 161 161 161 161 161 161 161 161.3 161.3 161.3 161.3 161.3 161.3 161.3 161.3 161.3 161.3 161.3 161.3 161.3 161.3 161.3 161.3 161.3 161.3 161.3 161.3 161.3 161.3 161.3 161.3 161.3 161.3 161.3 161.3 161.3 
165.7 165.7 165.7 165.7 165.7 165.7 165.7 165.7 165.7 165.7 165.7 161 161 161 161 161 161 161 161 161 161 161 161 161 161 161 161 161 161 161 161 161 161 161 161 161 161 161 161 161 161 161 161 161 161 161 161 161 161 161 161 161 161 161 161 161 161 161 161 161 161 161 161 161 161 161 161 161 161 161 161 161.3 161.3 161.3 161.3 161.3 161.3 161.3 161.3 161.3 161.3 161.3 161.3 161.3 161.3 161.3 161.3 161.3 161.3 161.3 161.3 161.3 161.3 161.3 161.3 161.3 161.3 161.3 161.3 161.3 
165.7 165.7 165.7 165.7 165.7 165.7 165.7 165.7 165.7 165.7 165.7 161 161 161 161 161 161 161 161 161 161 161 161 161 161 161 161 161 161 161 161 161 161 161 161 161 161 161 161 161 161 161 161 161 161 161 161 161 161 161 161 161 161 161 161 161 161 161 161 161 161 161 161 161 161 161 161 161 161 161 161 161.3 161.3 161.3 161.3 161.3 161.3 161.3 161.3 161.3 161.3 161.3 161.3 161.3 161.3 161.3 161.3 161.3 161.3 161.3 161.3 161.3 161.3 161.3 161.3 161.3 161.3 161.3 161.3 161.3 
165.7 165.7 165.7 165.7 165.7 165.7 165.7 165.7 165.7 165.7 165.7 161 161 161 161 161 161 161 161 161 161 161 161 161 161 161 161 161 161 161 161 161 161 161 161 161 161 161 161 161 161 161 161 161 161 161 161 161 161 161 161 161 161 161 161 161 161 161 161 161 161 161 161 161 161 161 161 161 161 161 161 161.3 161.3 161.3 161.3 161.3 161.3 161.3 161.3 161.3 161.3 161.3 161.3 161.3 161.3 161.3 161.3 161.3 161.3 161.3 161.3 161.3 161.3 161.3 161.3 161.3 161.3 161.3 161.3 161.3 
165.7 165.7 165.7 165.7 165.7 165.7 165.7 165.7 165.7 165.7 165.7 161 161 161 161 161 161 161 161 161 161 161 161 161 161 161 161 161 161 161 161 161 161 161 161 161 161 161 161 161 161 161 161 161 161 161 161 161 161 161 161 161 161 161 161 161 161 161 161 161 161 161 161 161 161 161 161 161 161 161 161 161.3 161.3 161.3 161.3 161.3 161.3 161.3 161.3 161.3 161.3 161.3 161.3 161.3 161.3 161.3 161.3 161.3 161.3 161.3 161.3 161.3 161.3 161.3 161.3 161.3 161.3 161.3 161.3 161.3 
165.7 165.7 165.7 165.7 165.7 165.7 165.7 165.7 165.7 165.7 165.7 161 161 161 161 161 161 161 161 161 161 161 161 161 161 161 161 161 161 161 161 161 161 161 161 161 161 161 161 161 161 161 161 161 161 161 161 161 161 161 161 161 161 161 161 161 161 161 161 161 161 161 161 161 161 161 161 161 161 161 161 161.3 161.3 161.3 161.3 161.3 161.3 161.3 161.3 161.3 161.3 161.3 161.3 161.3 161.3 161.3 161.3 161.3 161.3 161.3 161.3 161.3 161.3 161.3 161.3 161.3 161.3 161.3 161.3 161.3 
165.7 165.7 165.7 165.7 165.7 165.7 165.7 165.7 165.7 165.7 165.7 161 161 161 161 161 161 161 161 161 161 161 161 161 161 161 161 161 161 161 161 161 161 161 161 161 161 161 161 161 161 161 161 161 161 161 161 161 161 161 161 161 161 161 161 161 161 161 161 161 161 161 161 161 161 161 161 161 161 161 161 161.3 161.3 161.3 161.3 161.3 161.3 161.3 161.3 161.3 161.3 161.3 161.3 161.3 161.3 161.3 161.3 161.3 161.3 161.3 161.3 161.3 161.3 161.3 161.3 161.3 161.3 161.3 161.3 161.3 
165.7 165.7 165.7 165.7 165.7 165.7 165.7 165.7 165.7 165.7 165.7 161 161 161 161 161 161 161 161 161 161 161 161 161 161 161 161 161 161 161 161 161 161 161 161 161 161 161 161 161 161 161 161 161 161 161 161 161 161 161 161 161 161 161 161 161 161 161 161 161 161 161 161 161 161 161 161 161 161 161 161 161.3 161.3 161.3 161.3 161.3 161.3 161.3 161.3 161.3 161.3 161.3 161.3 161.3 161.3 161.3 161.3 161.3 161.3 161.3 161.3 161.3 161.3 161.3 161.3 161.3 161.3 161.3 161.3 161.3 
165.7 165.7 165.7 165.7 165.7 165.7 165.7 165.7 165.7 165.7 165.7 161 161 161 161 161 161 161 161 161 161 161 161 161 161 161 161 161 161 161 161 161 161 161 161 161 161 161 161 161 161 161 161 161 161 161 161 161 161 161 161 161 161 161 161 161 161 161 161 161 161 161 161 161 161 161 161 161 161 161 161 161.3 161.3 161.3 161.3 161.3 161.3 161.3 161.3 161.3 161.3 161.3 161.3 161.3 161.3 161.3 161.3 161.3 161.3 161.3 161.3 161.3 161.3 161.3 161.3 161.3 161.3 161.3 161.3 161.3 
165.7 165.7 165.7 165.7 165.7 165.7 165.7 165.7 165.7 165.7 165.7 161 161 161 161 161 161 161 161 161 161 161 161 161 161 161 161 161 161 161 161 161 161 161 161 161 161 161 161 161 161 161 161 161 161 161 161 161 161 161 161 161 161 161 161 161 161 161 161 161 161 161 161 161 161 161 161 161 161 161 161 161.3 161.3 161.3 161.3 161.3 161.3 161.3 161.3 161.3 161.3 161.3 161.3 161.3 161.3 161.3 161.3 161.3 161.3 161.3 161.3 161.3 161.3 161.3 161.3 161.3 161.3 161.3 161.3 161.3 
165.7 165.7 165.7 165.7 165.7 165.7 165.7 165.7 165.7 165.7 165.7 161 161 161 161 161 161 161 161 161 161 161 161 161 161 161 161 161 161 161 161 161 161 161 161 161 161 161 161 161 161 161 161 161 161 161 161 161 161 161 161 161 161 161 161 161 161 161 161 161 161 161 161 161 161 161 161 161 161 161 161 161.3 161.3 161.3 161.3 161.3 161.3 161.3 161.3 161.3 161.3 161.3 161.3 161.3 161.3 161.3 161.3 161.3 161.3 161.3 161.3 161.3 161.3 161.3 161.3 161.3 161.3 161.3 161.3 161.3 
165.7 165.7 165.7 165.7 165.7 165.7 165.7 165.7 165.7 165.7 165.7 161 161 161 161 161 161 161 161 161 161 161 161 161 161 161 161 161 161 161 161 161 161 161 161 161 161 161 161 161 161 161 161 161 161 161 161 161 161 161 161 161 161 161 161 161 161 161 161 161 161 161 161 161 161 161 161 161 161 161 161 161.3 161.3 161.3 161.3 161.3 161.3 161.3 161.3 161.3 161.3 161.3 161.3 161.3 161.3 161.3 161.3 161.3 161.3 161.3 161.3 161.3 161.3 161.3 161.3 161.3 161.3 161.3 161.3 161.3 
165.7 165.7 165.7 165.7 165.7 165.7 165.7 165.7 165.7 165.7 165.7 161 161 161 161 161 161 161 161 161 161 161 161 161 161 161 161 161 161 161 161 161 161 161 161 161 161 161 161 161 161 161 161 161 161 161 161 161 161 161 161 161 161 161 161 161 161 161 161 161 161 161 161 161 161 161 161 161 161 161 161 161.3 161.3 161.3 161.3 161.3 161.3 161.3 161.3 161.3 161.3 161.3 161.3 161.3 161.3 161.3 161.3 161.3 161.3 161.3 161.3 161.3 161.3 161.3 161.3 161.3 161.3 161.3 161.3 161.3 
165.7 165.7 165.7 165.7 165.7 165.7 165.7 165.7 165.7 165.7 165.7 161 161 161 161 161 161 161 161 161 161 161 161 161 161 161 161 161 161 161 161 161 161 161 161 161 161 161 161 161 161 161 161 161 161 161 161 161 161 161 161 161 161 161 161 161 161 161 161 161 161 161 161 161 161 161 161 161 161 161 161 161.3 161.3 161.3 161.3 161.3 161.3 161.3 161.3 161.3 161.3 161.3 161.3 161.3 161.3 161.3 161.3 161.3 161.3 161.3 161.3 161.3 161.3 161.3 161.3 161.3 161.3 161.3 161.3 161.3 
165.7 165.7 165.7 165.7 165.7 165.7 165.7 165.7 165.7 165.7 165.7 161 161 161 161 161 161 161 161 161 161 161 161 161 161 161 161 161 161 161 161 161 161 161 161 161 161 161 161 161 161 161 161 161 161 161 161 161 161 161 161 161 161 161 161 161 161 161 161 161 161 161 161 161 161 161 161 161 161 161 161 161.3 161.3 161.3 161.3 161.3 161.3 161.3 161.3 161.3 161.3 161.3 161.3 161.3 161.3 161.3 161.3 161.3 161.3 161.3 161.3 161.3 161.3 161.3 161.3 161.3 161.3 161.3 161.3 161.3 
165.7 165.7 165.7 165.7 165.7 165.7 165.7 165.7 165.7 165.7 165.7 161 161 161 161 161 161 161 161 161 161 161 161 161 161 161 161 161 161 161 161 161 161 161 161 161 161 161 161 161 161 161 161 161 161 161 161 161 161 161 161 161 161 161 161 161 161 161 161 161 161 161 161 161 161 161 161 161 161 161 161 161.3 161.3 161.3 161.3 161.3 161.3 161.3 161.3 161.3 161.3 161.3 161.3 161.3 161.3 161.3 161.3 161.3 161.3 161.3 161.3 161.3 161.3 161.3 161.3 161.3 161.3 161.3 161.3 161.3 
165.7 165.7 165.7 165.7 165.7 165.7 165.7 165.7 165.7 165.7 165.7 161 161 161 161 161 161 161 161 161 161 161 161 161 161 161 161 161 161 161 161 161 161 161 161 161 161 161 161 161 161 161 161 161 161 161 161 161 161 161 161 161 161 161 161 161 161 161 161 161 161 161 161 161 161 161 161 161 161 161 161 161.3 161.3 161.3 161.3 161.3 161.3 161.3 161.3 161.3 161.3 161.3 161.3 161.3 161.3 161.3 161.3 161.3 161.3 161.3 161.3 161.3 161.3 161.3 161.3 161.3 161.3 161.3 161.3 161.3 
165.7 165.7 165.7 165.7 165.7 165.7 165.7 165.7 165.7 165.7 165.7 161 161 161 161 161 161 161 161 161 161 161 161 161 161 161 161 161 161 161 161 161 161 161 161 161 161 161 161 161 161 161 161 161 161 161 161 161 161 161 161 161 161 161 161 161 161 161 161 161 161 161 161 161 161 161 161 161 161 161 161 161.3 161.3 161.3 161.3 161.3 161.3 161.3 161.3 161.3 161.3 161.3 161.3 161.3 161.3 161.3 161.3 161.3 161.3 161.3 161.3 161.3 161.3 161.3 161.3 161.3 161.3 161.3 161.3 161.3 
165.7 165.7 165.7 165.7 165.7 165.7 165.7 165.7 165.7 165.7 165.7 161 161 161 161 161 161 161 161 161 161 161 161 161 161 161 161 161 161 161 161 161 161 161 161 161 161 161 161 161 161 161 161 161 161 161 161 161 161 161 161 161 161 161 161 161 161 161 161 161 161 161 161 161 161 161 161 161 161 161 161 161.3 161.3 161.3 161.3 161.3 161.3 161.3 161.3 161.3 161.3 161.3 161.3 161.3 161.3 161.3 161.3 161.3 161.3 161.3 161.3 161.3 161.3 161.3 161.3 161.3 161.3 161.3 161.3 161.3 
165.7 165.7 165.7 165.7 165.7 165.7 165.7 165.7 165.7 165.7 165.7 161 161 161 161 161 161 161 161 161 161 161 161 161 161 161 161 161 161 161 161 161 161 161 161 161 161 161 161 161 161 161 161 161 161 161 161 161 161 161 161 161 161 161 161 161 161 161 161 161 161 161 161 161 161 161 161 161 161 161 161 161.3 161.3 161.3 161.3 161.3 161.3 161.3 161.3 161.3 161.3 161.3 161.3 161.3 161.3 161.3 161.3 161.3 161.3 161.3 161.3 161.3 161.3 161.3 161.3 161.3 161.3 161.3 161.3 161.3 
165.7 165.7 165.7 165.7 165.7 165.7 165.7 165.7 165.7 165.7 165.7 161 161 161 161 161 161 161 161 161 161 161 161 161 161 161 161 161 161 161 161 161 161 161 161 161 161 161 161 161 161 161 161 161 161 161 161 161 161 161 161 161 161 161 161 161 161 161 161 161 161 161 161 161 161 161 161 161 161 161 161 161.3 161.3 161.3 161.3 161.3 161.3 161.3 161.3 161.3 161.3 161.3 161.3 161.3 161.3 161.3 161.3 161.3 161.3 161.3 161.3 161.3 161.3 161.3 161.3 161.3 161.3 161.3 161.3 161.3 
165.7 165.7 165.7 165.7 165.7 165.7 165.7 165.7 165.7 165.7 165.7 161 161 161 161 161 161 161 161 161 161 161 161 161 161 161 161 161 161 161 161 161 161 161 161 161 161 161 161 161 161 161 161 161 161 161 161 161 161 161 161 161 161 161 161 161 161 161 161 161 161 161 161 161 161 161 161 161 161 161 161 161.3 161.3 161.3 161.3 161.3 161.3 161.3 161.3 161.3 161.3 161.3 161.3 161.3 161.3 161.3 161.3 161.3 161.3 161.3 161.3 161.3 161.3 161.3 161.3 161.3 161.3 161.3 161.3 161.3 
165.7 165.7 165.7 165.7 165.7 165.7 165.7 165.7 165.7 165.7 165.7 161 161 161 161 161 161 161 161 161 161 161 161 161 161 161 161 161 161 161 161 161 161 161 161 161 161 161 161 161 161 161 161 161 161 161 161 161 161 161 161 161 161 161 161 161 161 161 161 161 161 161 161 161 161 161 161 161 161 161 161 161.3 161.3 161.3 161.3 161.3 161.3 161.3 161.3 161.3 161.3 161.3 161.3 161.3 161.3 161.3 161.3 161.3 161.3 161.3 161.3 161.3 161.3 161.3 161.3 161.3 161.3 161.3 161.3 161.3 
165.7 165.7 165.7 165.7 165.7 165.7 165.7 165.7 165.7 165.7 165.7 161 161 161 161 161 161 161 161 161 161 161 161 161 161 161 161 161 161 161 161 161 161 161 161 161 161 161 161 161 161 161 161 161 161 161 161 161 161 161 161 161 161 161 161 161 161 161 161 161 161 161 161 161 161 161 161 161 161 161 161 161.3 161.3 161.3 161.3 161.3 161.3 161.3 161.3 161.3 161.3 161.3 161.3 161.3 161.3 161.3 161.3 161.3 161.3 161.3 161.3 161.3 161.3 161.3 161.3 161.3 161.3 161.3 161.3 161.3 
165.7 165.7 165.7 165.7 165.7 165.7 165.7 165.7 165.7 165.7 165.7 161 161 161 161 161 161 161 161 161 161 161 161 161 161 161 161 161 161 161 161 161 161 161 161 161 161 161 161 161 161 161 161 161 161 161 161 161 161 161 161 161 161 161 161 161 161 161 161 161 161 161 161 161 161 161 161 161 161 161 161 161.3 161.3 161.3 161.3 161.3 161.3 161.3 161.3 161.3 161.3 161.3 161.3 161.3 161.3 161.3 161.3 161.3 161.3 161.3 161.3 161.3 161.3 161.3 161.3 161.3 161.3 161.3 161.3 161.3 
165.7 165.7 165.7 165.7 165.7 165.7 165.7 165.7 165.7 165.7 165.7 161 161 161 161 161 161 161 161 161 161 161 161 161 161 161 161 161 161 161 161 161 161 161 161 161 161 161 161 161 161 161 161 161 161 161 161 161 161 161 161 161 161 161 161 161 161 161 161 161 161 161 161 161 161 161 161 161 161 161 161 161.3 161.3 161.3 161.3 161.3 161.3 161.3 161.3 161.3 161.3 161.3 161.3 161.3 161.3 161.3 161.3 161.3 161.3 161.3 161.3 161.3 161.3 161.3 161.3 161.3 161.3 161.3 161.3 161.3 
165.7 165.7 165.7 165.7 165.7 165.7 165.7 165.7 165.7 165.7 165.7 161 161 161 161 161 161 161 161 161 161 161 161 161 161 161 161 161 161 161 161 161 161 161 161 161 161 161 161 161 161 161 161 161 161 161 161 161 161 161 161 161 161 161 161 161 161 161 161 161 161 161 161 161 161 161 161 161 161 161 161 161.3 161.3 161.3 161.3 161.3 161.3 161.3 161.3 161.3 161.3 161.3 161.3 161.3 161.3 161.3 161.3 161.3 161.3 161.3 161.3 161.3 161.3 161.3 161.3 161.3 161.3 161.3 161.3 161.3 
165.7 165.7 165.7 165.7 165.7 165.7 165.7 165.7 165.7 165.7 165.7 161 161 161 161 161 161 161 161 161 161 161 161 161 161 161 161 161 161 161 161 161 161 161 161 161 161 161 161 161 161 161 161 161 161 161 161 161 161 161 161 161 161 161 161 161 161 161 161 161 161 161 161 161 161 161 161 161 161 161 161 161.3 161.3 161.3 161.3 161.3 161.3 161.3 161.3 161.3 161.3 161.3 161.3 161.3 161.3 161.3 161.3 161.3 161.3 161.3 161.3 161.3 161.3 161.3 161.3 161.3 161.3 161.3 161.3 161.3 
165.7 165.7 165.7 165.7 165.7 165.7 165.7 165.7 165.7 165.7 165.7 161 161 161 161 161 161 161 161 161 161 161 161 161 161 161 161 161 161 161 161 161 161 161 161 161 161 161 161 161 161 161 161 161 161 161 161 161 161 161 161 161 161 161 161 161 161 161 161 161 161 161 161 161 161 161 161 161 161 161 161 161.3 161.3 161.3 161.3 161.3 161.3 161.3 161.3 161.3 161.3 161.3 161.3 161.3 161.3 161.3 161.3 161.3 161.3 161.3 161.3 161.3 161.3 161.3 161.3 161.3 161.3 161.3 161.3 161.3 
165.7 165.7 165.7 165.7 165.7 165.7 165.7 165.7 165.7 165.7 165.7 161 161 161 161 161 161 161 161 161 161 161 161 161 161 161 161 161 161 161 161 161 161 161 161 161 161 161 161 161 161 161 161 161 161 161 161 161 161 161 161 161 161 161 161 161 161 161 161 161 161 161 161 161 161 161 161 161 161 161 161 161.3 161.3 161.3 161.3 161.3 161.3 161.3 161.3 161.3 161.3 161.3 161.3 161.3 161.3 161.3 161.3 161.3 161.3 161.3 161.3 161.3 161.3 161.3 161.3 161.3 161.3 161.3 161.3 161.3 
165.7 165.7 165.7 165.7 165.7 165.7 165.7 165.7 165.7 165.7 165.7 161 161 161 161 161 161 161 161 161 161 161 161 161 161 161 161 161 161 161 161 161 161 161 161 161 161 161 161 161 161 161 161 161 161 161 161 161 161 161 161 161 161 161 161 161 161 161 161 161 161 161 161 161 161 161 161 161 161 161 161 161.3 161.3 161.3 161.3 161.3 161.3 161.3 161.3 161.3 161.3 161.3 161.3 161.3 161.3 161.3 161.3 161.3 161.3 161.3 161.3 161.3 161.3 161.3 161.3 161.3 161.3 161.3 161.3 161.3 
165.7 165.7 165.7 165.7 165.7 165.7 165.7 165.7 165.7 165.7 165.7 161 161 161 161 161 161 161 161 161 161 161 161 161 161 161 161 161 161 161 161 161 161 161 161 161 161 161 161 161 161 161 161 161 161 161 161 161 161 161 161 161 161 161 161 161 161 161 161 161 161 161 161 161 161 161 161 161 161 161 161 161.3 161.3 161.3 161.3 161.3 161.3 161.3 161.3 161.3 161.3 161.3 161.3 161.3 161.3 161.3 161.3 161.3 161.3 161.3 161.3 161.3 161.3 161.3 161.3 161.3 161.3 161.3 161.3 161.3 
165.7 165.7 165.7 165.7 165.7 165.7 165.7 165.7 165.7 165.7 165.7 161 161 161 161 161 161 161 161 161 161 161 161 161 161 161 161 161 161 161 161 161 161 161 161 161 161 161 161 161 161 161 161 161 161 161 161 161 161 161 161 161 161 161 161 161 161 161 161 161 161 161 161 161 161 161 161 161 161 161 161 161.3 161.3 161.3 161.3 161.3 161.3 161.3 161.3 161.3 161.3 161.3 161.3 161.3 161.3 161.3 161.3 161.3 161.3 161.3 161.3 161.3 161.3 161.3 161.3 161.3 161.3 161.3 161.3 161.3 
165.7 165.7 165.7 165.7 165.7 165.7 165.7 165.7 165.7 165.7 165.7 161 161 161 161 161 161 161 161 161 161 161 161 161 161 161 161 161 161 161 161 161 161 161 161 161 161 161 161 161 161 161 161 161 161 161 161 161 161 161 161 161 161 161 161 161 161 161 161 161 161 161 161 161 161 161 161 161 161 161 161 161.3 161.3 161.3 161.3 161.3 161.3 161.3 161.3 161.3 161.3 161.3 161.3 161.3 161.3 161.3 161.3 161.3 161.3 161.3 161.3 161.3 161.3 161.3 161.3 161.3 161.3 161.3 161.3 161.3 
217.5 217.5 217.5 217.5 217.5 217.5 217.5 217.5 217.5 217.5 217.5 216.2 216.2 216.2 216.2 216.2 216.2 216.2 216.2 216.2 216.2 216.2 216.2 216.2 216.2 216.2 216.2 216.2 216.2 216.2 216.2 216.2 216.2 216.2 216.2 216.2 216.2 216.2 216.2 216.2 216.2 216.2 216.2 216.2 216.2 216.2 216.2 216.2 216.2 216.2 216.2 216.2 216.2 216.2 216.2 216.2 216.2 216.2 216.2 216.2 216.2 216.2 216.2 216.2 216.2 216.2 216.2 216.2 216.2 216.2 216.2 201.6 201.6 201.6 201.6 201.6 201.6 201.6 201.6 201.6 201.6 201.6 201.6 201.6 201.6 201.6 201.6 201.6 201.6 201.6 201.6 201.6 201.6 201.6 201.6 201.6 201.6 201.6 201.6 201.6 
217.5 217.5 217.5 217.5 217.5 217.5 217.5 217.5 217.5 217.5 217.5 216.2 216.2 216.2 216.2 216.2 216.2 216.2 216.2 216.2 216.2 216.2 216.2 216.2 216.2 216.2 216.2 216.2 216.2 216.2 216.2 216.2 216.2 216.2 216.2 216.2 216.2 216.2 216.2 216.2 216.2 216.2 216.2 216.2 216.2 216.2 216.2 216.2 216.2 216.2 216.2 216.2 216.2 216.2 216.2 216.2 216.2 216.2 216.2 216.2 216.2 216.2 216.2 216.2 216.2 216.2 216.2 216.2 216.2 216.2 216.2 201.6 201.6 201.6 201.6 201.6 201.6 201.6 201.6 201.6 201.6 201.6 201.6 201.6 201.6 201.6 201.6 201.6 201.6 201.6 201.6 201.6 201.6 201.6 201.6 201.6 201.6 201.6 201.6 201.6 
217.5 217.5 217.5 217.5 217.5 217.5 217.5 217.5 217.5 217.5 217.5 216.2 216.2 216.2 216.2 216.2 216.2 216.2 216.2 216.2 216.2 216.2 216.2 216.2 216.2 216.2 216.2 216.2 216.2 216.2 216.2 216.2 216.2 216.2 216.2 216.2 216.2 216.2 216.2 216.2 216.2 216.2 216.2 216.2 216.2 216.2 216.2 216.2 216.2 216.2 216.2 216.2 216.2 216.2 216.2 216.2 216.2 216.2 216.2 216.2 216.2 216.2 216.2 216.2 216.2 216.2 216.2 216.2 216.2 216.2 216.2 201.6 201.6 201.6 201.6 201.6 201.6 201.6 201.6 201.6 201.6 201.6 201.6 201.6 201.6 201.6 201.6 201.6 201.6 201.6 201.6 201.6 201.6 201.6 201.6 201.6 201.6 201.6 201.6 201.6 
217.5 217.5 217.5 217.5 217.5 217.5 217.5 217.5 217.5 217.5 217.5 216.2 216.2 216.2 216.2 216.2 216.2 216.2 216.2 216.2 216.2 216.2 216.2 216.2 216.2 216.2 216.2 216.2 216.2 216.2 216.2 216.2 216.2 216.2 216.2 216.2 216.2 216.2 216.2 216.2 216.2 216.2 216.2 216.2 216.2 216.2 216.2 216.2 216.2 216.2 216.2 216.2 216.2 216.2 216.2 216.2 216.2 216.2 216.2 216.2 216.2 216.2 216.2 216.2 216.2 216.2 216.2 216.2 216.2 216.2 216.2 201.6 201.6 201.6 201.6 201.6 201.6 201.6 201.6 201.6 201.6 201.6 201.6 201.6 201.6 201.6 201.6 201.6 201.6 201.6 201.6 201.6 201.6 201.6 201.6 201.6 201.6 201.6 201.6 201.6 
217.5 217.5 217.5 217.5 217.5 217.5 217.5 217.5 217.5 217.5 217.5 216.2 216.2 216.2 216.2 216.2 216.2 216.2 216.2 216.2 216.2 216.2 216.2 216.2 216.2 216.2 216.2 216.2 216.2 216.2 216.2 216.2 216.2 216.2 216.2 216.2 216.2 216.2 216.2 216.2 216.2 216.2 216.2 216.2 216.2 216.2 216.2 216.2 216.2 216.2 216.2 216.2 216.2 216.2 216.2 216.2 216.2 216.2 216.2 216.2 216.2 216.2 216.2 216.2 216.2 216.2 216.2 216.2 216.2 216.2 216.2 201.6 201.6 201.6 201.6 201.6 201.6 201.6 201.6 201.6 201.6 201.6 201.6 201.6 201.6 201.6 201.6 201.6 201.6 201.6 201.6 201.6 201.6 201.6 201.6 201.6 201.6 201.6 201.6 201.6 
217.5 217.5 217.5 217.5 217.5 217.5 217.5 217.5 217.5 217.5 217.5 216.2 216.2 216.2 216.2 216.2 216.2 216.2 216.2 216.2 216.2 216.2 216.2 216.2 216.2 216.2 216.2 216.2 216.2 216.2 216.2 216.2 216.2 216.2 216.2 216.2 216.2 216.2 216.2 216.2 216.2 216.2 216.2 216.2 216.2 216.2 216.2 216.2 216.2 216.2 216.2 216.2 216.2 216.2 216.2 216.2 216.2 216.2 216.2 216.2 216.2 216.2 216.2 216.2 216.2 216.2 216.2 216.2 216.2 216.2 216.2 201.6 201.6 201.6 201.6 201.6 201.6 201.6 201.6 201.6 201.6 201.6 201.6 201.6 201.6 201.6 201.6 201.6 201.6 201.6 201.6 201.6 201.6 201.6 201.6 201.6 201.6 201.6 201.6 201.6 
217.5 217.5 217.5 217.5 217.5 217.5 217.5 217.5 217.5 217.5 217.5 216.2 216.2 216.2 216.2 216.2 216.2 216.2 216.2 216.2 216.2 216.2 216.2 216.2 216.2 216.2 216.2 216.2 216.2 216.2 216.2 216.2 216.2 216.2 216.2 216.2 216.2 216.2 216.2 216.2 216.2 216.2 216.2 216.2 216.2 216.2 216.2 216.2 216.2 216.2 216.2 216.2 216.2 216.2 216.2 216.2 216.2 216.2 216.2 216.2 216.2 216.2 216.2 216.2 216.2 216.2 216.2 216.2 216.2 216.2 216.2 201.6 201.6 201.6 201.6 201.6 201.6 201.6 201.6 201.6 201.6 201.6 201.6 201.6 201.6 201.6 201.6 201.6 201.6 201.6 201.6 201.6 201.6 201.6 201.6 201.6 201.6 201.6 201.6 201.6 
217.5 217.5 217.5 217.5 217.5 217.5 217.5 217.5 217.5 217.5 217.5 216.2 216.2 216.2 216.2 216.2 216.2 216.2 216.2 216.2 216.2 216.2 216.2 216.2 216.2 216.2 216.2 216.2 216.2 216.2 216.2 216.2 216.2 216.2 216.2 216.2 216.2 216.2 216.2 216.2 216.2 216.2 216.2 216.2 216.2 216.2 216.2 216.2 216.2 216.2 216.2 216.2 216.2 216.2 216.2 216.2 216.2 216.2 216.2 216.2 216.2 216.2 216.2 216.2 216.2 216.2 216.2 216.2 216.2 216.2 216.2 201.6 201.6 201.6 201.6 201.6 201.6 201.6 201.6 201.6 201.6 201.6 201.6 201.6 201.6 201.6 201.6 201.6 201.6 201.6 201.6 201.6 201.6 201.6 201.6 201.6 201.6 201.6 201.6 201.6 
217.5 217.5 217.5 217.5 217.5 217.5 217.5 217.5 217.5 217.5 217.5 216.2 216.2 216.2 216.2 216.2 216.2 216.2 216.2 216.2 216.2 216.2 216.2 216.2 216.2 216.2 216.2 216.2 216.2 216.2 216.2 216.2 216.2 216.2 216.2 216.2 216.2 216.2 216.2 216.2 216.2 216.2 216.2 216.2 216.2 216.2 216.2 216.2 216.2 216.2 216.2 216.2 216.2 216.2 216.2 216.2 216.2 216.2 216.2 216.2 216.2 216.2 216.2 216.2 216.2 216.2 216.2 216.2 216.2 216.2 216.2 201.6 201.6 201.6 201.6 201.6 201.6 201.6 201.6 201.6 201.6 201.6 201.6 201.6 201.6 201.6 201.6 201.6 201.6 201.6 201.6 201.6 201.6 201.6 201.6 201.6 201.6 201.6 201.6 201.6 
217.5 217.5 217.5 217.5 217.5 217.5 217.5 217.5 217.5 217.5 217.5 216.2 216.2 216.2 216.2 216.2 216.2 216.2 216.2 216.2 216.2 216.2 216.2 216.2 216.2 216.2 216.2 216.2 216.2 216.2 216.2 216.2 216.2 216.2 216.2 216.2 216.2 216.2 216.2 216.2 216.2 216.2 216.2 216.2 216.2 216.2 216.2 216.2 216.2 216.2 216.2 216.2 216.2 216.2 216.2 216.2 216.2 216.2 216.2 216.2 216.2 216.2 216.2 216.2 216.2 216.2 216.2 216.2 216.2 216.2 216.2 201.6 201.6 201.6 201.6 201.6 201.6 201.6 201.6 201.6 201.6 201.6 201.6 201.6 201.6 201.6 201.6 201.6 201.6 201.6 201.6 201.6 201.6 201.6 201.6 201.6 201.6 201.6 201.6 201.6 
217.5 217.5 217.5 217.5 217.5 217.5 217.5 217.5 217.5 217.5 217.5 216.2 216.2 216.2 216.2 216.2 216.2 216.2 216.2 216.2 216.2 216.2 216.2 216.2 216.2 216.2 216.2 216.2 216.2 216.2 216.2 216.2 216.2 216.2 216.2 216.2 216.2 216.2 216.2 216.2 216.2 216.2 216.2 216.2 216.2 216.2 216.2 216.2 216.2 216.2 216.2 216.2 216.2 216.2 216.2 216.2 216.2 216.2 216.2 216.2 216.2 216.2 216.2 216.2 216.2 216.2 216.2 216.2 216.2 216.2 216.2 201.6 201.6 201.6 201.6 201.6 201.6 201.6 201.6 201.6 201.6 201.6 201.6 201.6 201.6 201.6 201.6 201.6 201.6 201.6 201.6 201.6 201.6 201.6 201.6 201.6 201.6 201.6 201.6 201.6 
217.5 217.5 217.5 217.5 217.5 217.5 217.5 217.5 217.5 217.5 217.5 216.2 216.2 216.2 216.2 216.2 216.2 216.2 216.2 216.2 216.2 216.2 216.2 216.2 216.2 216.2 216.2 216.2 216.2 216.2 216.2 216.2 216.2 216.2 216.2 216.2 216.2 216.2 216.2 216.2 216.2 216.2 216.2 216.2 216.2 216.2 216.2 216.2 216.2 216.2 216.2 216.2 216.2 216.2 216.2 216.2 216.2 216.2 216.2 216.2 216.2 216.2 216.2 216.2 216.2 216.2 216.2 216.2 216.2 216.2 216.2 201.6 201.6 201.6 201.6 201.6 201.6 201.6 201.6 201.6 201.6 201.6 201.6 201.6 201.6 201.6 201.6 201.6 201.6 201.6 201.6 201.6 201.6 201.6 201.6 201.6 201.6 201.6 201.6 201.6 
217.5 217.5 217.5 217.5 217.5 217.5 217.5 217.5 217.5 217.5 217.5 216.2 216.2 216.2 216.2 216.2 216.2 216.2 216.2 216.2 216.2 216.2 216.2 216.2 216.2 216.2 216.2 216.2 216.2 216.2 216.2 216.2 216.2 216.2 216.2 216.2 216.2 216.2 216.2 216.2 216.2 216.2 216.2 216.2 216.2 216.2 216.2 216.2 216.2 216.2 216.2 216.2 216.2 216.2 216.2 216.2 216.2 216.2 216.2 216.2 216.2 216.2 216.2 216.2 216.2 216.2 216.2 216.2 216.2 216.2 216.2 201.6 201.6 201.6 201.6 201.6 201.6 201.6 201.6 201.6 201.6 201.6 201.6 201.6 201.6 201.6 201.6 201.6 201.6 201.6 201.6 201.6 201.6 201.6 201.6 201.6 201.6 201.6 201.6 201.6 
217.5 217.5 217.5 217.5 217.5 217.5 217.5 217.5 217.5 217.5 217.5 216.2 216.2 216.2 216.2 216.2 216.2 216.2 216.2 216.2 216.2 216.2 216.2 216.2 216.2 216.2 216.2 216.2 216.2 216.2 216.2 216.2 216.2 216.2 216.2 216.2 216.2 216.2 216.2 216.2 216.2 216.2 216.2 216.2 216.2 216.2 216.2 216.2 216.2 216.2 216.2 216.2 216.2 216.2 216.2 216.2 216.2 216.2 216.2 216.2 216.2 216.2 216.2 216.2 216.2 216.2 216.2 216.2 216.2 216.2 216.2 201.6 201.6 201.6 201.6 201.6 201.6 201.6 201.6 201.6 201.6 201.6 201.6 201.6 201.6 201.6 201.6 201.6 201.6 201.6 201.6 201.6 201.6 201.6 201.6 201.6 201.6 201.6 201.6 201.6 
217.5 217.5 217.5 217.5 217.5 217.5 217.5 217.5 217.5 217.5 217.5 216.2 216.2 216.2 216.2 216.2 216.2 216.2 216.2 216.2 216.2 216.2 216.2 216.2 216.2 216.2 216.2 216.2 216.2 216.2 216.2 216.2 216.2 216.2 216.2 216.2 216.2 216.2 216.2 216.2 216.2 216.2 216.2 216.2 216.2 216.2 216.2 216.2 216.2 216.2 216.2 216.2 216.2 216.2 216.2 216.2 216.2 216.2 216.2 216.2 216.2 216.2 216.2 216.2 216.2 216.2 216.2 216.2 216.2 216.2 216.2 201.6 201.6 201.6 201.6 201.6 201.6 201.6 201.6 201.6 201.6 201.6 201.6 201.6 201.6 201.6 201.6 201.6 201.6 201.6 201.6 201.6 201.6 201.6 201.6 201.6 201.6 201.6 201.6 201.6 
217.5 217.5 217.5 217.5 217.5 217.5 217.5 217.5 217.5 217.5 217.5 216.2 216.2 216.2 216.2 216.2 216.2 216.2 216.2 216.2 216.2 216.2 216.2 216.2 216.2 216.2 216.2 216.2 216.2 216.2 216.2 216.2 216.2 216.2 216.2 216.2 216.2 216.2 216.2 216.2 216.2 216.2 216.2 216.2 216.2 216.2 216.2 216.2 216.2 216.2 216.2 216.2 216.2 216.2 216.2 216.2 216.2 216.2 216.2 216.2 216.2 216.2 216.2 216.2 216.2 216.2 216.2 216.2 216.2 216.2 216.2 201.6 201.6 201.6 201.6 201.6 201.6 201.6 201.6 201.6 201.6 201.6 201.6 201.6 201.6 201.6 201.6 201.6 201.6 201.6 201.6 201.6 201.6 201.6 201.6 201.6 201.6 201.6 201.6 201.6 
217.5 217.5 217.5 217.5 217.5 217.5 217.5 217.5 217.5 217.5 217.5 216.2 216.2 216.2 216.2 216.2 216.2 216.2 216.2 216.2 216.2 216.2 216.2 216.2 216.2 216.2 216.2 216.2 216.2 216.2 216.2 216.2 216.2 216.2 216.2 216.2 216.2 216.2 216.2 216.2 216.2 216.2 216.2 216.2 216.2 216.2 216.2 216.2 216.2 216.2 216.2 216.2 216.2 216.2 216.2 216.2 216.2 216.2 216.2 216.2 216.2 216.2 216.2 216.2 216.2 216.2 216.2 216.2 216.2 216.2 216.2 201.6 201.6 201.6 201.6 201.6 201.6 201.6 201.6 201.6 201.6 201.6 201.6 201.6 201.6 201.6 201.6 201.6 201.6 201.6 201.6 201.6 201.6 201.6 201.6 201.6 201.6 201.6 201.6 201.6 
217.5 217.5 217.5 217.5 217.5 217.5 217.5 217.5 217.5 217.5 217.5 216.2 216.2 216.2 216.2 216.2 216.2 216.2 216.2 216.2 216.2 216.2 216.2 216.2 216.2 216.2 216.2 216.2 216.2 216.2 216.2 216.2 216.2 216.2 216.2 216.2 216.2 216.2 216.2 216.2 216.2 216.2 216.2 216.2 216.2 216.2 216.2 216.2 216.2 216.2 216.2 216.2 216.2 216.2 216.2 216.2 216.2 216.2 216.2 216.2 216.2 216.2 216.2 216.2 216.2 216.2 216.2 216.2 216.2 216.2 216.2 201.6 201.6 201.6 201.6 201.6 201.6 201.6 201.6 201.6 201.6 201.6 201.6 201.6 201.6 201.6 201.6 201.6 201.6 201.6 201.6 201.6 201.6 201.6 201.6 201.6 201.6 201.6 201.6 201.6 
217.5 217.5 217.5 217.5 217.5 217.5 217.5 217.5 217.5 217.5 217.5 216.2 216.2 216.2 216.2 216.2 216.2 216.2 216.2 216.2 216.2 216.2 216.2 216.2 216.2 216.2 216.2 216.2 216.2 216.2 216.2 216.2 216.2 216.2 216.2 216.2 216.2 216.2 216.2 216.2 216.2 216.2 216.2 216.2 216.2 216.2 216.2 216.2 216.2 216.2 216.2 216.2 216.2 216.2 216.2 216.2 216.2 216.2 216.2 216.2 216.2 216.2 216.2 216.2 216.2 216.2 216.2 216.2 216.2 216.2 216.2 201.6 201.6 201.6 201.6 201.6 201.6 201.6 201.6 201.6 201.6 201.6 201.6 201.6 201.6 201.6 201.6 201.6 201.6 201.6 201.6 201.6 201.6 201.6 201.6 201.6 201.6 201.6 201.6 201.6 
217.5 217.5 217.5 217.5 217.5 217.5 217.5 217.5 217.5 217.5 217.5 216.2 216.2 216.2 216.2 216.2 216.2 216.2 216.2 216.2 216.2 216.2 216.2 216.2 216.2 216.2 216.2 216.2 216.2 216.2 216.2 216.2 216.2 216.2 216.2 216.2 216.2 216.2 216.2 216.2 216.2 216.2 216.2 216.2 216.2 216.2 216.2 216.2 216.2 216.2 216.2 216.2 216.2 216.2 216.2 216.2 216.2 216.2 216.2 216.2 216.2 216.2 216.2 216.2 216.2 216.2 216.2 216.2 216.2 216.2 216.2 201.6 201.6 201.6 201.6 201.6 201.6 201.6 201.6 201.6 201.6 201.6 201.6 201.6 201.6 201.6 201.6 201.6 201.6 201.6 201.6 201.6 201.6 201.6 201.6 201.6 201.6 201.6 201.6 201.6 
217.5 217.5 217.5 217.5 217.5 217.5 217.5 217.5 217.5 217.5 217.5 216.2 216.2 216.2 216.2 216.2 216.2 216.2 216.2 216.2 216.2 216.2 216.2 216.2 216.2 216.2 216.2 216.2 216.2 216.2 216.2 216.2 216.2 216.2 216.2 216.2 216.2 216.2 216.2 216.2 216.2 216.2 216.2 216.2 216.2 216.2 216.2 216.2 216.2 216.2 216.2 216.2 216.2 216.2 216.2 216.2 216.2 216.2 216.2 216.2 216.2 216.2 216.2 216.2 216.2 216.2 216.2 216.2 216.2 216.2 216.2 201.6 201.6 201.6 201.6 201.6 201.6 201.6 201.6 201.6 201.6 201.6 201.6 201.6 201.6 201.6 201.6 201.6 201.6 201.6 201.6 201.6 201.6 201.6 201.6 201.6 201.6 201.6 201.6 201.6 
217.5 217.5 217.5 217.5 217.5 217.5 217.5 217.5 217.5 217.5 217.5 216.2 216.2 216.2 216.2 216.2 216.2 216.2 216.2 216.2 216.2 216.2 216.2 216.2 216.2 216.2 216.2 216.2 216.2 216.2 216.2 216.2 216.2 216.2 216.2 216.2 216.2 216.2 216.2 216.2 216.2 216.2 216.2 216.2 216.2 216.2 216.2 216.2 216.2 216.2 216.2 216.2 216.2 216.2 216.2 216.2 216.2 216.2 216.2 216.2 216.2 216.2 216.2 216.2 216.2 216.2 216.2 216.2 216.2 216.2 216.2 201.6 201.6 201.6 201.6 201.6 201.6 201.6 201.6 201.6 201.6 201.6 201.6 201.6 201.6 201.6 201.6 201.6 201.6 201.6 201.6 201.6 201.6 201.6 201.6 201.6 201.6 201.6 201.6 201.6 
217.5 217.5 217.5 217.5 217.5 217.5 217.5 217.5 217.5 217.5 217.5 216.2 216.2 216.2 216.2 216.2 216.2 216.2 216.2 216.2 216.2 216.2 216.2 216.2 216.2 216.2 216.2 216.2 216.2 216.2 216.2 216.2 216.2 216.2 216.2 216.2 216.2 216.2 216.2 216.2 216.2 216.2 216.2 216.2 216.2 216.2 216.2 216.2 216.2 216.2 216.2 216.2 216.2 216.2 216.2 216.2 216.2 216.2 216.2 216.2 216.2 216.2 216.2 216.2 216.2 216.2 216.2 216.2 216.2 216.2 216.2 201.6 201.6 201.6 201.6 201.6 201.6 201.6 201.6 201.6 201.6 201.6 201.6 201.6 201.6 201.6 201.6 201.6 201.6 201.6 201.6 201.6 201.6 201.6 201.6 201.6 201.6 201.6 201.6 201.6 
217.5 217.5 217.5 217.5 217.5 217.5 217.5 217.5 217.5 217.5 217.5 216.2 216.2 216.2 216.2 216.2 216.2 216.2 216.2 216.2 216.2 216.2 216.2 216.2 216.2 216.2 216.2 216.2 216.2 216.2 216.2 216.2 216.2 216.2 216.2 216.2 216.2 216.2 216.2 216.2 216.2 216.2 216.2 216.2 216.2 216.2 216.2 216.2 216.2 216.2 216.2 216.2 216.2 216.2 216.2 216.2 216.2 216.2 216.2 216.2 216.2 216.2 216.2 216.2 216.2 216.2 216.2 216.2 216.2 216.2 216.2 201.6 201.6 201.6 201.6 201.6 201.6 201.6 201.6 201.6 201.6 201.6 201.6 201.6 201.6 201.6 201.6 201.6 201.6 201.6 201.6 201.6 201.6 201.6 201.6 201.6 201.6 201.6 201.6 201.6 
217.5 217.5 217.5 217.5 217.5 217.5 217.5 217.5 217.5 217.5 217.5 216.2 216.2 216.2 216.2 216.2 216.2 216.2 216.2 216.2 216.2 216.2 216.2 216.2 216.2 216.2 216.2 216.2 216.2 216.2 216.2 216.2 216.2 216.2 216.2 216.2 216.2 216.2 216.2 216.2 216.2 216.2 216.2 216.2 216.2 216.2 216.2 216.2 216.2 216.2 216.2 216.2 216.2 216.2 216.2 216.2 216.2 216.2 216.2 216.2 216.2 216.2 216.2 216.2 216.2 216.2 216.2 216.2 216.2 216.2 216.2 201.6 201.6 201.6 201.6 201.6 201.6 201.6 201.6 201.6 201.6 201.6 201.6 201.6 201.6 201.6 201.6 201.6 201.6 201.6 201.6 201.6 201.6 201.6 201.6 201.6 201.6 201.6 201.6 201.6 
217.5 217.5 217.5 217.5 217.5 217.5 217.5 217.5 217.5 217.5 217.5 216.2 216.2 216.2 216.2 216.2 216.2 216.2 216.2 216.2 216.2 216.2 216.2 216.2 216.2 216.2 216.2 216.2 216.2 216.2 216.2 216.2 216.2 216.2 216.2 216.2 216.2 216.2 216.2 216.2 216.2 216.2 216.2 216.2 216.2 216.2 216.2 216.2 216.2 216.2 216.2 216.2 216.2 216.2 216.2 216.2 216.2 216.2 216.2 216.2 216.2 216.2 216.2 216.2 216.2 216.2 216.2 216.2 216.2 216.2 216.2 201.6 201.6 201.6 201.6 201.6 201.6 201.6 201.6 201.6 201.6 201.6 201.6 201.6 201.6 201.6 201.6 201.6 201.6 201.6 201.6 201.6 201.6 201.6 201.6 201.6 201.6 201.6 201.6 201.6 
217.5 217.5 217.5 217.5 217.5 217.5 217.5 217.5 217.5 217.5 217.5 216.2 216.2 216.2 216.2 216.2 216.2 216.2 216.2 216.2 216.2 216.2 216.2 216.2 216.2 216.2 216.2 216.2 216.2 216.2 216.2 216.2 216.2 216.2 216.2 216.2 216.2 216.2 216.2 216.2 216.2 216.2 216.2 216.2 216.2 216.2 216.2 216.2 216.2 216.2 216.2 216.2 216.2 216.2 216.2 216.2 216.2 216.2 216.2 216.2 216.2 216.2 216.2 216.2 216.2 216.2 216.2 216.2 216.2 216.2 216.2 201.6 201.6 201.6 201.6 201.6 201.6 201.6 201.6 201.6 201.6 201.6 201.6 201.6 201.6 201.6 201.6 201.6 201.6 201.6 201.6 201.6 201.6 201.6 201.6 201.6 201.6 201.6 201.6 201.6 
217.5 217.5 217.5 217.5 217.5 217.5 217.5 217.5 217.5 217.5 217.5 216.2 216.2 216.2 216.2 216.2 216.2 216.2 216.2 216.2 216.2 216.2 216.2 216.2 216.2 216.2 216.2 216.2 216.2 216.2 216.2 216.2 216.2 216.2 216.2 216.2 216.2 216.2 216.2 216.2 216.2 216.2 216.2 216.2 216.2 216.2 216.2 216.2 216.2 216.2 216.2 216.2 216.2 216.2 216.2 216.2 216.2 216.2 216.2 216.2 216.2 216.2 216.2 216.2 216.2 216.2 216.2 216.2 216.2 216.2 216.2 201.6 201.6 201.6 201.6 201.6 201.6 201.6 201.6 201.6 201.6 201.6 201.6 201.6 201.6 201.6 201.6 201.6 201.6 201.6 201.6 201.6 201.6 201.6 201.6 201.6 201.6 201.6 201.6 201.6 
217.5 217.5 217.5 217.5 217.5 217.5 217.5 217.5 217.5 217.5 217.5 216.2 216.2 216.2 216.2 216.2 216.2 216.2 216.2 216.2 216.2 216.2 216.2 216.2 216.2 216.2 216.2 216.2 216.2 216.2 216.2 216.2 216.2 216.2 216.2 216.2 216.2 216.2 216.2 216.2 216.2 216.2 216.2 216.2 216.2 216.2 216.2 216.2 216.2 216.2 216.2 216.2 216.2 216.2 216.2 216.2 216.2 216.2 216.2 216.2 216.2 216.2 216.2 216.2 216.2 216.2 216.2 216.2 216.2 216.2 216.2 201.6 201.6 201.6 201.6 201.6 201.6 201.6 201.6 201.6 201.6 201.6 201.6 201.6 201.6 201.6 201.6 201.6 201.6 201.6 201.6 201.6 201.6 201.6 201.6 201.6 201.6 201.6 201.6 201.6 
217.5 217.5 217.5 217.5 217.5 217.5 217.5 217.5 217.5 217.5 217.5 216.2 216.2 216.2 216.2 216.2 216.2 216.2 216.2 216.2 216.2 216.2 216.2 216.2 216.2 216.2 216.2 216.2 216.2 216.2 216.2 216.2 216.2 216.2 216.2 216.2 216.2 216.2 216.2 216.2 216.2 216.2 216.2 216.2 216.2 216.2 216.2 216.2 216.2 216.2 216.2 216.2 216.2 216.2 216.2 216.2 216.2 216.2 216.2 216.2 216.2 216.2 216.2 216.2 216.2 216.2 216.2 216.2 216.2 216.2 216.2 201.6 201.6 201.6 201.6 201.6 201.6 201.6 201.6 201.6 201.6 201.6 201.6 201.6 201.6 201.6 201.6 201.6 201.6 201.6 201.6 201.6 201.6 201.6 201.6 201.6 201.6 201.6 201.6 201.6 
217.5 217.5 217.5 217.5 217.5 217.5 217.5 217.5 217.5 217.5 217.5 216.2 216.2 216.2 216.2 216.2 216.2 216.2 216.2 216.2 216.2 216.2 216.2 216.2 216.2 216.2 216.2 216.2 216.2 216.2 216.2 216.2 216.2 216.2 216.2 216.2 216.2 216.2 216.2 216.2 216.2 216.2 216.2 216.2 216.2 216.2 216.2 216.2 216.2 216.2 216.2 216.2 216.2 216.2 216.2 216.2 216.2 216.2 216.2 216.2 216.2 216.2 216.2 216.2 216.2 216.2 216.2 216.2 216.2 216.2 216.2 201.6 201.6 201.6 201.6 201.6 201.6 201.6 201.6 201.6 201.6 201.6 201.6 201.6 201.6 201.6 201.6 201.6 201.6 201.6 201.6 201.6 201.6 201.6 201.6 201.6 201.6 201.6 201.6 201.6 
