ncols         100
nrows         100
xllcorner     -59982.863281
yllcorner     1851083.022172
cellsize      1000
NODATA_value  -9999
4.58 4.58 4.58 4.58 4.58 4.58 4.58 4.58 4.58 4.58 4.58 3.86 3.86 3.86 3.86 3.86 3.86 3.86 3.86 3.86 3.86 3.86 3.86 3.86 3.86 3.86 3.86 3.86 3.86 3.86 3.86 3.86 3.86 3.86 3.86 3.86 3.86 3.86 3.86 3.86 3.86 3.86 3.86 3.86 3.86 3.86 3.86 3.86 3.86 3.86 3.86 3.86 3.86 3.86 3.86 3.86 3.86 3.86 3.86 3.86 3.86 3.86 3.86 3.86 3.86 3.86 3.86 3.86 3.86 3.86 3.86 3.92 3.92 3.92 3.92 3.92 3.92 3.92 3.92 3.92 3.92 3.92 3.92 3.92 3.92 3.92 3.92 3.92 3.92 3.92 3.92 3.92 3.92 3.92 3.92 3.92 3.92 3.92 3.92 3.92 
4.58 4.58 4.58 4.58 4.58 4.58 4.58 4.58 4.58 4.58 4.58 3.86 3.86 3.86 3.86 3.86 3.86 3.86 3.86 3.86 3.86 3.86 3.86 3.86 3.86 3.86 3.86 3.86 3.86 3.86 3.86 3.86 3.86 3.86 3.86 3.86 3.86 3.86 3.86 3.86 3.86 3.86 3.86 3.86 3.86 3.86 3.86 3.86 3.86 3.86 3.86 3.86 3.86 3.86 3.86 3.86 3.86 3.86 3.86 3.86 3.86 3.86 3.86 3.86 3.86 3.86 3.86 3.86 3.86 3.86 3.86 3.92 3.92 3.92 3.92 3.92 3.92 3.92 3.92 3.92 3.92 3.92 3.92 3.92 3.92 3.92 3.92 3.92 3.92 3.92 3.92 3.92 3.92 3.92 3.92 3.92 3.92 3.92 3.92 3.92 
4.58 4.58 4.58 4.58 4.58 4.58 4.58 4.58 4.58 4.58 4.58 3.86 3.86 3.86 3.86 3.86 3.86 3.86 3.86 3.86 3.86 3.86 3.86 3.86 3.86 3.86 3.86 3.86 3.86 3.86 3.86 3.86 3.86 3.86 3.86 3.86 3.86 3.86 3.86 3.86 3.86 3.86 3.86 3.86 3.86 3.86 3.86 3.86 3.86 3.86 3.86 3.86 3.86 3.86 3.86 3.86 3.86 3.86 3.86 3.86 3.86 3.86 3.86 3.86 3.86 3.86 3.86 3.86 3.86 3.86 3.86 3.92 3.92 3.92 3.92 3.92 3.92 3.92 3.92 3.92 3.92 3.92 3.92 3.92 3.92 3.92 3.92 3.92 3.92 3.92 3.92 3.92 3.92 3.92 3.92 3.92 3.92 3.92 3.92 3.92 
4.58 4.58 4.58 4.58 4.58 4.58 4.58 4.58 4.58 4.58 4.58 3.86 3.86 3.86 3.86 3.86 3.86 3.86 3.86 3.86 3.86 3.86 3.86 3.86 3.86 3.86 3.86 3.86 3.86 3.86 3.86 3.86 3.86 3.86 3.86 3.86 3.86 3.86 3.86 3.86 3.86 3.86 3.86 3.86 3.86 3.86 3.86 3.86 3.86 3.86 3.86 3.86 3.86 3.86 3.86 3.86 3.86 3.86 3.86 3.86 3.86 3.86 3.86 3.86 3.86 3.86 3.86 3.86 3.86 3.86 3.86 3.92 3.92 3.92 3.92 3.92 3.92 3.92 3.92 3.92 3.92 3.92 3.92 3.92 3.92 3.92 3.92 3.92 3.92 3.92 3.92 3.92 3.92 3.92 3.92 3.92 3.92 3.92 3.92 3.92 
4.58 4.58 4.58 4.58 4.58 4.58 4.58 4.58 4.58 4.58 4.58 3.86 3.86 3.86 3.86 3.86 3.86 3.86 3.86 3.86 3.86 3.86 3.86 3.86 3.86 3.86 3.86 3.86 3.86 3.86 3.86 3.86 3.86 3.86 3.86 3.86 3.86 3.86 3.86 3.86 3.86 3.86 3.86 3.86 3.86 3.86 3.86 3.86 3.86 3.86 3.86 3.86 3.86 3.86 3.86 3.86 3.86 3.86 3.86 3.86 3.86 3.86 3.86 3.86 3.86 3.86 3.86 3.86 3.86 3.86 3.86 3.92 3.92 3.92 3.92 3.92 3.92 3.92 3.92 3.92 3.92 3.92 3.92 3.92 3.92 3.92 3.92 3.92 3.92 3.92 3.92 3.92 3.92 3.92 3.92 3.92 3.92 3.92 3.92 3.92 
4.58 4.58 4.58 4.58 4.58 4.58 4.58 4.58 4.58 4.58 4.58 3.86 3.86 3.86 3.86 3.86 3.86 3.86 3.86 3.86 3.86 3.86 3.86 3.86 3.86 3.86 3.86 3.86 3.86 3.86 3.86 3.86 3.86 3.86 3.86 3.86 3.86 3.86 3.86 3.86 3.86 3.86 3.86 3.86 3.86 3.86 3.86 3.86 3.86 3.86 3.86 3.86 3.86 3.86 3.86 3.86 3.86 3.86 3.86 3.86 3.86 3.86 3.86 3.86 3.86 3.86 3.86 3.86 3.86 3.86 3.86 3.92 3.92 3.92 3.92 3.92 3.92 3.92 3.92 3.92 3.92 3.92 3.92 3.92 3.92 3.92 3.92 3.92 3.92 3.92 3.92 3.92 3.92 3.92 3.92 3.92 3.92 3.92 3.92 3.92 
4.58 4.58 4.58 4.58 4.58 4.58 4.58 4.58 4.58 4.58 4.58 3.86 3.86 3.86 3.86 3.86 3.86 3.86 3.86 3.86 3.86 3.86 3.86 3.86 3.86 3.86 3.86 3.86 3.86 3.86 3.86 3.86 3.86 3.86 3.86 3.86 3.86 3.86 3.86 3.86 3.86 3.86 3.86 3.86 3.86 3.86 3.86 3.86 3.86 3.86 3.86 3.86 3.86 3.86 3.86 3.86 3.86 3.86 3.86 3.86 3.86 3.86 3.86 3.86 3.86 3.86 3.86 3.86 3.86 3.86 3.86 3.92 3.92 3.92 3.92 3.92 3.92 3.92 3.92 3.92 3.92 3.92 3.92 3.92 3.92 3.92 3.92 3.92 3.92 3.92 3.92 3.92 3.92 3.92 3.92 3.92 3.92 3.92 3.92 3.92 
4.58 4.58 4.58 4.58 4.58 4.58 4.58 4.58 4.58 4.58 4.58 3.86 3.86 3.86 3.86 3.86 3.86 3.86 3.86 3.86 3.86 3.86 3.86 3.86 3.86 3.86 3.86 3.86 3.86 3.86 3.86 3.86 3.86 3.86 3.86 3.86 3.86 3.86 3.86 3.86 3.86 3.86 3.86 3.86 3.86 3.86 3.86 3.86 3.86 3.86 3.86 3.86 3.86 3.86 3.86 3.86 3.86 3.86 3.86 3.86 3.86 3.86 3.86 3.86 3.86 3.86 3.86 3.86 3.86 3.86 3.86 3.92 3.92 3.92 3.92 3.92 3.92 3.92 3.92 3.92 3.92 3.92 3.92 3.92 3.92 3.92 3.92 3.92 3.92 3.92 3.92 3.92 3.92 3.92 3.92 3.92 3.92 3.92 3.92 3.92 
4.58 4.58 4.58 4.58 4.58 4.58 4.58 4.58 4.58 4.58 4.58 3.86 3.86 3.86 3.86 3.86 3.86 3.86 3.86 3.86 3.86 3.86 3.86 3.86 3.86 3.86 3.86 3.86 3.86 3.86 3.86 3.86 3.86 3.86 3.86 3.86 3.86 3.86 3.86 3.86 3.86 3.86 3.86 3.86 3.86 3.86 3.86 3.86 3.86 3.86 3.86 3.86 3.86 3.86 3.86 3.86 3.86 3.86 3.86 3.86 3.86 3.86 3.86 3.86 3.86 3.86 3.86 3.86 3.86 3.86 3.86 3.92 3.92 3.92 3.92 3.92 3.92 3.92 3.92 3.92 3.92 3.92 3.92 3.92 3.92 3.92 3.92 3.92 3.92 3.92 3.92 3.92 3.92 3.92 3.92 3.92 3.92 3.92 3.92 3.92 
4.84 4.84 4.84 4.84 4.84 4.84 4.84 4.84 4.84 4.84 4.84 5.06 5.06 5.06 5.06 5.06 5.06 5.06 5.06 5.06 5.06 5.06 5.06 5.06 5.06 5.06 5.06 5.06 5.06 5.06 5.06 5.06 5.06 5.06 5.06 5.06 5.06 5.06 5.06 5.06 5.06 5.06 5.06 5.06 5.06 5.06 5.06 5.06 5.06 5.06 5.06 5.06 5.06 5.06 5.06 5.06 5.06 5.06 5.06 5.06 5.06 5.06 5.06 5.06 5.06 5.06 5.06 5.06 5.06 5.06 5.06 5.5 5.5 5.5 5.5 5.5 5.5 5.5 5.5 5.5 5.5 5.5 5.5 5.5 5.5 5.5 5.5 5.5 5.5 5.5 5.5 5.5 5.5 5.5 5.5 5.5 5.5 5.5 5.5 5.5 
4.84 4.84 4.84 4.84 4.84 4.84 4.84 4.84 4.84 4.84 4.84 5.06 5.06 5.06 5.06 5.06 5.06 5.06 5.06 5.06 5.06 5.06 5.06 5.06 5.06 5.06 5.06 5.06 5.06 5.06 5.06 5.06 5.06 5.06 5.06 5.06 5.06 5.06 5.06 5.06 5.06 5.06 5.06 5.06 5.06 5.06 5.06 5.06 5.06 5.06 5.06 5.06 5.06 5.06 5.06 5.06 5.06 5.06 5.06 5.06 5.06 5.06 5.06 5.06 5.06 5.06 5.06 5.06 5.06 5.06 5.06 5.5 5.5 5.5 5.5 5.5 5.5 5.5 5.5 5.5 5.5 5.5 5.5 5.5 5.5 5.5 5.5 5.5 5.5 5.5 5.5 5.5 5.5 5.5 5.5 5.5 5.5 5.5 5.5 5.5 
4.84 4.84 4.84 4.84 4.84 4.84 4.84 4.84 4.84 4.84 4.84 5.06 5.06 5.06 5.06 5.06 5.06 5.06 5.06 5.06 5.06 5.06 5.06 5.06 5.06 5.06 5.06 5.06 5.06 5.06 5.06 5.06 5.06 5.06 5.06 5.06 5.06 5.06 5.06 5.06 5.06 5.06 5.06 5.06 5.06 5.06 5.06 5.06 5.06 5.06 5.06 5.06 5.06 5.06 5.06 5.06 5.06 5.06 5.06 5.06 5.06 5.06 5.06 5.06 5.06 5.06 5.06 5.06 5.06 5.06 5.06 5.5 5.5 5.5 5.5 5.5 5.5 5.5 5.5 5.5 5.5 5.5 5.5 5.5 5.5 5.5 5.5 5.5 5.5 5.5 5.5 5.5 5.5 5.5 5.5 5.5 5.5 5.5 5.5 5.5 
4.84 4.84 4.84 4.84 4.84 4.84 4.84 4.84 4.84 4.84 4.84 5.06 5.06 5.06 5.06 5.06 5.06 5.06 5.06 5.06 5.06 5.06 5.06 5.06 5.06 5.06 5.06 5.06 5.06 5.06 5.06 5.06 5.06 5.06 5.06 5.06 5.06 5.06 5.06 5.06 5.06 5.06 5.06 5.06 5.06 5.06 5.06 5.06 5.06 5.06 5.06 5.06 5.06 5.06 5.06 5.06 5.06 5.06 5.06 5.06 5.06 5.06 5.06 5.06 5.06 5.06 5.06 5.06 5.06 5.06 5.06 5.5 5.5 5.5 5.5 5.5 5.5 5.5 5.5 5.5 5.5 5.5 5.5 5.5 5.5 5.5 5.5 5.5 5.5 5.5 5.5 5.5 5.5 5.5 5.5 5.5 5.5 5.5 5.5 5.5 
4.84 4.84 4.84 4.84 4.84 4.84 4.84 4.84 4.84 4.84 4.84 5.06 5.06 5.06 5.06 5.06 5.06 5.06 5.06 5.06 5.06 5.06 5.06 5.06 5.06 5.06 5.06 5.06 5.06 5.06 5.06 5.06 5.06 5.06 5.06 5.06 5.06 5.06 5.06 5.06 5.06 5.06 5.06 5.06 5.06 5.06 5.06 5.06 5.06 5.06 5.06 5.06 5.06 5.06 5.06 5.06 5.06 5.06 5.06 5.06 5.06 5.06 5.06 5.06 5.06 5.06 5.06 5.06 5.06 5.06 5.06 5.5 5.5 5.5 5.5 5.5 5.5 5.5 5.5 5.5 5.5 5.5 5.5 5.5 5.5 5.5 5.5 5.5 5.5 5.5 5.5 5.5 5.5 5.5 5.5 5.5 5.5 5.5 5.5 5.5 
4.84 4.84 4.84 4.84 4.84 4.84 4.84 4.84 4.84 4.84 4.84 5.06 5.06 5.06 5.06 5.06 5.06 5.06 5.06 5.06 5.06 5.06 5.06 5.06 5.06 5.06 5.06 5.06 5.06 5.06 5.06 5.06 5.06 5.06 5.06 5.06 5.06 5.06 5.06 5.06 5.06 5.06 5.06 5.06 5.06 5.06 5.06 5.06 5.06 5.06 5.06 5.06 5.06 5.06 5.06 5.06 5.06 5.06 5.06 5.06 5.06 5.06 5.06 5.06 5.06 5.06 5.06 5.06 5.06 5.06 5.06 5.5 5.5 5.5 5.5 5.5 5.5 5.5 5.5 5.5 5.5 5.5 5.5 5.5 5.5 5.5 5.5 5.5 5.5 5.5 5.5 5.5 5.5 5.5 5.5 5.5 5.5 5.5 5.5 5.5 
4.84 4.84 4.84 4.84 4.84 4.84 4.84 4.84 4.84 4.84 4.84 5.06 5.06 5.06 5.06 5.06 5.06 5.06 5.06 5.06 5.06 5.06 5.06 5.06 5.06 5.06 5.06 5.06 5.06 5.06 5.06 5.06 5.06 5.06 5.06 5.06 5.06 5.06 5.06 5.06 5.06 5.06 5.06 5.06 5.06 5.06 5.06 5.06 5.06 5.06 5.06 5.06 5.06 5.06 5.06 5.06 5.06 5.06 5.06 5.06 5.06 5.06 5.06 5.06 5.06 5.06 5.06 5.06 5.06 5.06 5.06 5.5 5.5 5.5 5.5 5.5 5.5 5.5 5.5 5.5 5.5 5.5 5.5 5.5 5.5 5.5 5.5 5.5 5.5 5.5 5.5 5.5 5.5 5.5 5.5 5.5 5.5 5.5 5.5 5.5 
4.84 4.84 4.84 4.84 4.84 4.84 4.84 4.84 4.84 4.84 4.84 5.06 5.06 5.06 5.06 5.06 5.06 5.06 5.06 5.06 5.06 5.06 5.06 5.06 5.06 5.06 5.06 5.06 5.06 5.06 5.06 5.06 5.06 5.06 5.06 5.06 5.06 5.06 5.06 5.06 5.06 5.06 5.06 5.06 5.06 5.06 5.06 5.06 5.06 5.06 5.06 5.06 5.06 5.06 5.06 5.06 5.06 5.06 5.06 5.06 5.06 5.06 5.06 5.06 5.06 5.06 5.06 5.06 5.06 5.06 5.06 5.5 5.5 5.5 5.5 5.5 5.5 5.5 5.5 5.5 5.5 5.5 5.5 5.5 5.5 5.5 5.5 5.5 5.5 5.5 5.5 5.5 5.5 5.5 5.5 5.5 5.5 5.5 5.5 5.5 
4.84 4.84 4.84 4.84 4.84 4.84 4.84 4.84 4.84 4.84 4.84 5.06 5.06 5.06 5.06 5.06 5.06 5.06 5.06 5.06 5.06 5.06 5.06 5.06 5.06 5.06 5.06 5.06 5.06 5.06 5.06 5.06 5.06 5.06 5.06 5.06 5.06 5.06 5.06 5.06 5.06 5.06 5.06 5.06 5.06 5.06 5.06 5.06 5.06 5.06 5.06 5.06 5.06 5.06 5.06 5.06 5.06 5.06 5.06 5.06 5.06 5.06 5.06 5.06 5.06 5.06 5.06 5.06 5.06 5.06 5.06 5.5 5.5 5.5 5.5 5.5 5.5 5.5 5.5 5.5 5.5 5.5 5.5 5.5 5.5 5.5 5.5 5.5 5.5 5.5 5.5 5.5 5.5 5.5 5.5 5.5 5.5 5.5 5.5 5.5 
4.84 4.84 4.84 4.84 4.84 4.84 4.84 4.84 4.84 4.84 4.84 5.06 5.06 5.06 5.06 5.06 5.06 5.06 5.06 5.06 5.06 5.06 5.06 5.06 5.06 5.06 5.06 5.06 5.06 5.06 5.06 5.06 5.06 5.06 5.06 5.06 5.06 5.06 5.06 5.06 5.06 5.06 5.06 5.06 5.06 5.06 5.06 5.06 5.06 5.06 5.06 5.06 5.06 5.06 5.06 5.06 5.06 5.06 5.06 5.06 5.06 5.06 5.06 5.06 5.06 5.06 5.06 5.06 5.06 5.06 5.06 5.5 5.5 5.5 5.5 5.5 5.5 5.5 5.5 5.5 5.5 5.5 5.5 5.5 5.5 5.5 5.5 5.5 5.5 5.5 5.5 5.5 5.5 5.5 5.5 5.5 5.5 5.5 5.5 5.5 
4.84 4.84 4.84 4.84 4.84 4.84 4.84 4.84 4.84 4.84 4.84 5.06 5.06 5.06 5.06 5.06 5.06 5.06 5.06 5.06 5.06 5.06 5.06 5.06 5.06 5.06 5.06 5.06 5.06 5.06 5.06 5.06 5.06 5.06 5.06 5.06 5.06 5.06 5.06 5.06 5.06 5.06 5.06 5.06 5.06 5.06 5.06 5.06 5.06 5.06 5.06 5.06 5.06 5.06 5.06 5.06 5.06 5.06 5.06 5.06 5.06 5.06 5.06 5.06 5.06 5.06 5.06 5.06 5.06 5.06 5.06 5.5 5.5 5.5 5.5 5.5 5.5 5.5 5.5 5.5 5.5 5.5 5.5 5.5 5.5 5.5 5.5 5.5 5.5 5.5 5.5 5.5 5.5 5.5 5.5 5.5 5.5 5.5 5.5 5.5 
4.84 4.84 4.84 4.84 4.84 4.84 4.84 4.84 4.84 4.84 4.84 5.06 5.06 5.06 5.06 5.06 5.06 5.06 5.06 5.06 5.06 5.06 5.06 5.06 5.06 5.06 5.06 5.06 5.06 5.06 5.06 5.06 5.06 5.06 5.06 5.06 5.06 5.06 5.06 5.06 5.06 5.06 5.06 5.06 5.06 5.06 5.06 5.06 5.06 5.06 5.06 5.06 5.06 5.06 5.06 5.06 5.06 5.06 5.06 5.06 5.06 5.06 5.06 5.06 5.06 5.06 5.06 5.06 5.06 5.06 5.06 5.5 5.5 5.5 5.5 5.5 5.5 5.5 5.5 5.5 5.5 5.5 5.5 5.5 5.5 5.5 5.5 5.5 5.5 5.5 5.5 5.5 5.5 5.5 5.5 5.5 5.5 5.5 5.5 5.5 
4.84 4.84 4.84 4.84 4.84 4.84 4.84 4.84 4.84 4.84 4.84 5.06 5.06 5.06 5.06 5.06 5.06 5.06 5.06 5.06 5.06 5.06 5.06 5.06 5.06 5.06 5.06 5.06 5.06 5.06 5.06 5.06 5.06 5.06 5.06 5.06 5.06 5.06 5.06 5.06 5.06 5.06 5.06 5.06 5.06 5.06 5.06 5.06 5.06 5.06 5.06 5.06 5.06 5.06 5.06 5.06 5.06 5.06 5.06 5.06 5.06 5.06 5.06 5.06 5.06 5.06 5.06 5.06 5.06 5.06 5.06 5.5 5.5 5.5 5.5 5.5 5.5 5.5 5.5 5.5 5.5 5.5 5.5 5.5 5.5 5.5 5.5 5.5 5.5 5.5 5.5 5.5 5.5 5.5 5.5 5.5 5.5 5.5 5.5 5.5 
4.84 4.84 4.84 4.84 4.84 4.84 4.84 4.84 4.84 4.84 4.84 5.06 5.06 5.06 5.06 5.06 5.06 5.06 5.06 5.06 5.06 5.06 5.06 5.06 5.06 5.06 5.06 5.06 5.06 5.06 5.06 5.06 5.06 5.06 5.06 5.06 5.06 5.06 5.06 5.06 5.06 5.06 5.06 5.06 5.06 5.06 5.06 5.06 5.06 5.06 5.06 5.06 5.06 5.06 5.06 5.06 5.06 5.06 5.06 5.06 5.06 5.06 5.06 5.06 5.06 5.06 5.06 5.06 5.06 5.06 5.06 5.5 5.5 5.5 5.5 5.5 5.5 5.5 5.5 5.5 5.5 5.5 5.5 5.5 5.5 5.5 5.5 5.5 5.5 5.5 5.5 5.5 5.5 5.5 5.5 5.5 5.5 5.5 5.5 5.5 
4.84 4.84 4.84 4.84 4.84 4.84 4.84 4.84 4.84 4.84 4.84 5.06 5.06 5.06 5.06 5.06 5.06 5.06 5.06 5.06 5.06 5.06 5.06 5.06 5.06 5.06 5.06 5.06 5.06 5.06 5.06 5.06 5.06 5.06 5.06 5.06 5.06 5.06 5.06 5.06 5.06 5.06 5.06 5.06 5.06 5.06 5.06 5.06 5.06 5.06 5.06 5.06 5.06 5.06 5.06 5.06 5.06 5.06 5.06 5.06 5.06 5.06 5.06 5.06 5.06 5.06 5.06 5.06 5.06 5.06 5.06 5.5 5.5 5.5 5.5 5.5 5.5 5.5 5.5 5.5 5.5 5.5 5.5 5.5 5.5 5.5 5.5 5.5 5.5 5.5 5.5 5.5 5.5 5.5 5.5 5.5 5.5 5.5 5.5 5.5 
4.84 4.84 4.84 4.84 4.84 4.84 4.84 4.84 4.84 4.84 4.84 5.06 5.06 5.06 5.06 5.06 5.06 5.06 5.06 5.06 5.06 5.06 5.06 5.06 5.06 5.06 5.06 5.06 5.06 5.06 5.06 5.06 5.06 5.06 5.06 5.06 5.06 5.06 5.06 5.06 5.06 5.06 5.06 5.06 5.06 5.06 5.06 5.06 5.06 5.06 5.06 5.06 5.06 5.06 5.06 5.06 5.06 5.06 5.06 5.06 5.06 5.06 5.06 5.06 5.06 5.06 5.06 5.06 5.06 5.06 5.06 5.5 5.5 5.5 5.5 5.5 5.5 5.5 5.5 5.5 5.5 5.5 5.5 5.5 5.5 5.5 5.5 5.5 5.5 5.5 5.5 5.5 5.5 5.5 5.5 5.5 5.5 5.5 5.5 5.5 
4.84 4.84 4.84 4.84 4.84 4.84 4.84 4.84 4.84 4.84 4.84 5.06 5.06 5.06 5.06 5.06 5.06 5.06 5.06 5.06 5.06 5.06 5.06 5.06 5.06 5.06 5.06 5.06 5.06 5.06 5.06 5.06 5.06 5.06 5.06 5.06 5.06 5.06 5.06 5.06 5.06 5.06 5.06 5.06 5.06 5.06 5.06 5.06 5.06 5.06 5.06 5.06 5.06 5.06 5.06 5.06 5.06 5.06 5.06 5.06 5.06 5.06 5.06 5.06 5.06 5.06 5.06 5.06 5.06 5.06 5.06 5.5 5.5 5.5 5.5 5.5 5.5 5.5 5.5 5.5 5.5 5.5 5.5 5.5 5.5 5.5 5.5 5.5 5.5 5.5 5.5 5.5 5.5 5.5 5.5 5.5 5.5 5.5 5.5 5.5 
4.84 4.84 4.84 4.84 4.84 4.84 4.84 4.84 4.84 4.84 4.84 5.06 5.06 5.06 5.06 5.06 5.06 5.06 5.06 5.06 5.06 5.06 5.06 5.06 5.06 5.06 5.06 5.06 5.06 5.06 5.06 5.06 5.06 5.06 5.06 5.06 5.06 5.06 5.06 5.06 5.06 5.06 5.06 5.06 5.06 5.06 5.06 5.06 5.06 5.06 5.06 5.06 5.06 5.06 5.06 5.06 5.06 5.06 5.06 5.06 5.06 5.06 5.06 5.06 5.06 5.06 5.06 5.06 5.06 5.06 5.06 5.5 5.5 5.5 5.5 5.5 5.5 5.5 5.5 5.5 5.5 5.5 5.5 5.5 5.5 5.5 5.5 5.5 5.5 5.5 5.5 5.5 5.5 5.5 5.5 5.5 5.5 5.5 5.5 5.5 
4.84 4.84 4.84 4.84 4.84 4.84 4.84 4.84 4.84 4.84 4.84 5.06 5.06 5.06 5.06 5.06 5.06 5.06 5.06 5.06 5.06 5.06 5.06 5.06 5.06 5.06 5.06 5.06 5.06 5.06 5.06 5.06 5.06 5.06 5.06 5.06 5.06 5.06 5.06 5.06 5.06 5.06 5.06 5.06 5.06 5.06 5.06 5.06 5.06 5.06 5.06 5.06 5.06 5.06 5.06 5.06 5.06 5.06 5.06 5.06 5.06 5.06 5.06 5.06 5.06 5.06 5.06 5.06 5.06 5.06 5.06 5.5 5.5 5.5 5.5 5.5 5.5 5.5 5.5 5.5 5.5 5.5 5.5 5.5 5.5 5.5 5.5 5.5 5.5 5.5 5.5 5.5 5.5 5.5 5.5 5.5 5.5 5.5 5.5 5.5 
4.84 4.84 4.84 4.84 4.84 4.84 4.84 4.84 4.84 4.84 4.84 5.06 5.06 5.06 5.06 5.06 5.06 5.06 5.06 5.06 5.06 5.06 5.06 5.06 5.06 5.06 5.06 5.06 5.06 5.06 5.06 5.06 5.06 5.06 5.06 5.06 5.06 5.06 5.06 5.06 5.06 5.06 5.06 5.06 5.06 5.06 5.06 5.06 5.06 5.06 5.06 5.06 5.06 5.06 5.06 5.06 5.06 5.06 5.06 5.06 5.06 5.06 5.06 5.06 5.06 5.06 5.06 5.06 5.06 5.06 5.06 5.5 5.5 5.5 5.5 5.5 5.5 5.5 5.5 5.5 5.5 5.5 5.5 5.5 5.5 5.5 5.5 5.5 5.5 5.5 5.5 5.5 5.5 5.5 5.5 5.5 5.5 5.5 5.5 5.5 
4.84 4.84 4.84 4.84 4.84 4.84 4.84 4.84 4.84 4.84 4.84 5.06 5.06 5.06 5.06 5.06 5.06 5.06 5.06 5.06 5.06 5.06 5.06 5.06 5.06 5.06 5.06 5.06 5.06 5.06 5.06 5.06 5.06 5.06 5.06 5.06 5.06 5.06 5.06 5.06 5.06 5.06 5.06 5.06 5.06 5.06 5.06 5.06 5.06 5.06 5.06 5.06 5.06 5.06 5.06 5.06 5.06 5.06 5.06 5.06 5.06 5.06 5.06 5.06 5.06 5.06 5.06 5.06 5.06 5.06 5.06 5.5 5.5 5.5 5.5 5.5 5.5 5.5 5.5 5.5 5.5 5.5 5.5 5.5 5.5 5.5 5.5 5.5 5.5 5.5 5.5 5.5 5.5 5.5 5.5 5.5 5.5 5.5 5.5 5.5 
4.84 4.84 4.84 4.84 4.84 4.84 4.84 4.84 4.84 4.84 4.84 5.06 5.06 5.06 5.06 5.06 5.06 5.06 5.06 5.06 5.06 5.06 5.06 5.06 5.06 5.06 5.06 5.06 5.06 5.06 5.06 5.06 5.06 5.06 5.06 5.06 5.06 5.06 5.06 5.06 5.06 5.06 5.06 5.06 5.06 5.06 5.06 5.06 5.06 5.06 5.06 5.06 5.06 5.06 5.06 5.06 5.06 5.06 5.06 5.06 5.06 5.06 5.06 5.06 5.06 5.06 5.06 5.06 5.06 5.06 5.06 5.5 5.5 5.5 5.5 5.5 5.5 5.5 5.5 5.5 5.5 5.5 5.5 5.5 5.5 5.5 5.5 5.5 5.5 5.5 5.5 5.5 5.5 5.5 5.5 5.5 5.5 5.5 5.5 5.5 
4.84 4.84 4.84 4.84 4.84 4.84 4.84 4.84 4.84 4.84 4.84 5.06 5.06 5.06 5.06 5.06 5.06 5.06 5.06 5.06 5.06 5.06 5.06 5.06 5.06 5.06 5.06 5.06 5.06 5.06 5.06 5.06 5.06 5.06 5.06 5.06 5.06 5.06 5.06 5.06 5.06 5.06 5.06 5.06 5.06 5.06 5.06 5.06 5.06 5.06 5.06 5.06 5.06 5.06 5.06 5.06 5.06 5.06 5.06 5.06 5.06 5.06 5.06 5.06 5.06 5.06 5.06 5.06 5.06 5.06 5.06 5.5 5.5 5.5 5.5 5.5 5.5 5.5 5.5 5.5 5.5 5.5 5.5 5.5 5.5 5.5 5.5 5.5 5.5 5.5 5.5 5.5 5.5 5.5 5.5 5.5 5.5 5.5 5.5 5.5 
4.84 4.84 4.84 4.84 4.84 4.84 4.84 4.84 4.84 4.84 4.84 5.06 5.06 5.06 5.06 5.06 5.06 5.06 5.06 5.06 5.06 5.06 5.06 5.06 5.06 5.06 5.06 5.06 5.06 5.06 5.06 5.06 5.06 5.06 5.06 5.06 5.06 5.06 5.06 5.06 5.06 5.06 5.06 5.06 5.06 5.06 5.06 5.06 5.06 5.06 5.06 5.06 5.06 5.06 5.06 5.06 5.06 5.06 5.06 5.06 5.06 5.06 5.06 5.06 5.06 5.06 5.06 5.06 5.06 5.06 5.06 5.5 5.5 5.5 5.5 5.5 5.5 5.5 5.5 5.5 5.5 5.5 5.5 5.5 5.5 5.5 5.5 5.5 5.5 5.5 5.5 5.5 5.5 5.5 5.5 5.5 5.5 5.5 5.5 5.5 
4.84 4.84 4.84 4.84 4.84 4.84 4.84 4.84 4.84 4.84 4.84 5.06 5.06 5.06 5.06 5.06 5.06 5.06 5.06 5.06 5.06 5.06 5.06 5.06 5.06 5.06 5.06 5.06 5.06 5.06 5.06 5.06 5.06 5.06 5.06 5.06 5.06 5.06 5.06 5.06 5.06 5.06 5.06 5.06 5.06 5.06 5.06 5.06 5.06 5.06 5.06 5.06 5.06 5.06 5.06 5.06 5.06 5.06 5.06 5.06 5.06 5.06 5.06 5.06 5.06 5.06 5.06 5.06 5.06 5.06 5.06 5.5 5.5 5.5 5.5 5.5 5.5 5.5 5.5 5.5 5.5 5.5 5.5 5.5 5.5 5.5 5.5 5.5 5.5 5.5 5.5 5.5 5.5 5.5 5.5 5.5 5.5 5.5 5.5 5.5 
4.84 4.84 4.84 4.84 4.84 4.84 4.84 4.84 4.84 4.84 4.84 5.06 5.06 5.06 5.06 5.06 5.06 5.06 5.06 5.06 5.06 5.06 5.06 5.06 5.06 5.06 5.06 5.06 5.06 5.06 5.06 5.06 5.06 5.06 5.06 5.06 5.06 5.06 5.06 5.06 5.06 5.06 5.06 5.06 5.06 5.06 5.06 5.06 5.06 5.06 5.06 5.06 5.06 5.06 5.06 5.06 5.06 5.06 5.06 5.06 5.06 5.06 5.06 5.06 5.06 5.06 5.06 5.06 5.06 5.06 5.06 5.5 5.5 5.5 5.5 5.5 5.5 5.5 5.5 5.5 5.5 5.5 5.5 5.5 5.5 5.5 5.5 5.5 5.5 5.5 5.5 5.5 5.5 5.5 5.5 5.5 5.5 5.5 5.5 5.5 
4.84 4.84 4.84 4.84 4.84 4.84 4.84 4.84 4.84 4.84 4.84 5.06 5.06 5.06 5.06 5.06 5.06 5.06 5.06 5.06 5.06 5.06 5.06 5.06 5.06 5.06 5.06 5.06 5.06 5.06 5.06 5.06 5.06 5.06 5.06 5.06 5.06 5.06 5.06 5.06 5.06 5.06 5.06 5.06 5.06 5.06 5.06 5.06 5.06 5.06 5.06 5.06 5.06 5.06 5.06 5.06 5.06 5.06 5.06 5.06 5.06 5.06 5.06 5.06 5.06 5.06 5.06 5.06 5.06 5.06 5.06 5.5 5.5 5.5 5.5 5.5 5.5 5.5 5.5 5.5 5.5 5.5 5.5 5.5 5.5 5.5 5.5 5.5 5.5 5.5 5.5 5.5 5.5 5.5 5.5 5.5 5.5 5.5 5.5 5.5 
4.84 4.84 4.84 4.84 4.84 4.84 4.84 4.84 4.84 4.84 4.84 5.06 5.06 5.06 5.06 5.06 5.06 5.06 5.06 5.06 5.06 5.06 5.06 5.06 5.06 5.06 5.06 5.06 5.06 5.06 5.06 5.06 5.06 5.06 5.06 5.06 5.06 5.06 5.06 5.06 5.06 5.06 5.06 5.06 5.06 5.06 5.06 5.06 5.06 5.06 5.06 5.06 5.06 5.06 5.06 5.06 5.06 5.06 5.06 5.06 5.06 5.06 5.06 5.06 5.06 5.06 5.06 5.06 5.06 5.06 5.06 5.5 5.5 5.5 5.5 5.5 5.5 5.5 5.5 5.5 5.5 5.5 5.5 5.5 5.5 5.5 5.5 5.5 5.5 5.5 5.5 5.5 5.5 5.5 5.5 5.5 5.5 5.5 5.5 5.5 
4.84 4.84 4.84 4.84 4.84 4.84 4.84 4.84 4.84 4.84 4.84 5.06 5.06 5.06 5.06 5.06 5.06 5.06 5.06 5.06 5.06 5.06 5.06 5.06 5.06 5.06 5.06 5.06 5.06 5.06 5.06 5.06 5.06 5.06 5.06 5.06 5.06 5.06 5.06 5.06 5.06 5.06 5.06 5.06 5.06 5.06 5.06 5.06 5.06 5.06 5.06 5.06 5.06 5.06 5.06 5.06 5.06 5.06 5.06 5.06 5.06 5.06 5.06 5.06 5.06 5.06 5.06 5.06 5.06 5.06 5.06 5.5 5.5 5.5 5.5 5.5 5.5 5.5 5.5 5.5 5.5 5.5 5.5 5.5 5.5 5.5 5.5 5.5 5.5 5.5 5.5 5.5 5.5 5.5 5.5 5.5 5.5 5.5 5.5 5.5 
4.84 4.84 4.84 4.84 4.84 4.84 4.84 4.84 4.84 4.84 4.84 5.06 5.06 5.06 5.06 5.06 5.06 5.06 5.06 5.06 5.06 5.06 5.06 5.06 5.06 5.06 5.06 5.06 5.06 5.06 5.06 5.06 5.06 5.06 5.06 5.06 5.06 5.06 5.06 5.06 5.06 5.06 5.06 5.06 5.06 5.06 5.06 5.06 5.06 5.06 5.06 5.06 5.06 5.06 5.06 5.06 5.06 5.06 5.06 5.06 5.06 5.06 5.06 5.06 5.06 5.06 5.06 5.06 5.06 5.06 5.06 5.5 5.5 5.5 5.5 5.5 5.5 5.5 5.5 5.5 5.5 5.5 5.5 5.5 5.5 5.5 5.5 5.5 5.5 5.5 5.5 5.5 5.5 5.5 5.5 5.5 5.5 5.5 5.5 5.5 
4.84 4.84 4.84 4.84 4.84 4.84 4.84 4.84 4.84 4.84 4.84 5.06 5.06 5.06 5.06 5.06 5.06 5.06 5.06 5.06 5.06 5.06 5.06 5.06 5.06 5.06 5.06 5.06 5.06 5.06 5.06 5.06 5.06 5.06 5.06 5.06 5.06 5.06 5.06 5.06 5.06 5.06 5.06 5.06 5.06 5.06 5.06 5.06 5.06 5.06 5.06 5.06 5.06 5.06 5.06 5.06 5.06 5.06 5.06 5.06 5.06 5.06 5.06 5.06 5.06 5.06 5.06 5.06 5.06 5.06 5.06 5.5 5.5 5.5 5.5 5.5 5.5 5.5 5.5 5.5 5.5 5.5 5.5 5.5 5.5 5.5 5.5 5.5 5.5 5.5 5.5 5.5 5.5 5.5 5.5 5.5 5.5 5.5 5.5 5.5 
4.84 4.84 4.84 4.84 4.84 4.84 4.84 4.84 4.84 4.84 4.84 5.06 5.06 5.06 5.06 5.06 5.06 5.06 5.06 5.06 5.06 5.06 5.06 5.06 5.06 5.06 5.06 5.06 5.06 5.06 5.06 5.06 5.06 5.06 5.06 5.06 5.06 5.06 5.06 5.06 5.06 5.06 5.06 5.06 5.06 5.06 5.06 5.06 5.06 5.06 5.06 5.06 5.06 5.06 5.06 5.06 5.06 5.06 5.06 5.06 5.06 5.06 5.06 5.06 5.06 5.06 5.06 5.06 5.06 5.06 5.06 5.5 5.5 5.5 5.5 5.5 5.5 5.5 5.5 5.5 5.5 5.5 5.5 5.5 5.5 5.5 5.5 5.5 5.5 5.5 5.5 5.5 5.5 5.5 5.5 5.5 5.5 5.5 5.5 5.5 
4.84 4.84 4.84 4.84 4.84 4.84 4.84 4.84 4.84 4.84 4.84 5.06 5.06 5.06 5.06 5.06 5.06 5.06 5.06 5.06 5.06 5.06 5.06 5.06 5.06 5.06 5.06 5.06 5.06 5.06 5.06 5.06 5.06 5.06 5.06 5.06 5.06 5.06 5.06 5.06 5.06 5.06 5.06 5.06 5.06 5.06 5.06 5.06 5.06 5.06 5.06 5.06 5.06 5.06 5.06 5.06 5.06 5.06 5.06 5.06 5.06 5.06 5.06 5.06 5.06 5.06 5.06 5.06 5.06 5.06 5.06 5.5 5.5 5.5 5.5 5.5 5.5 5.5 5.5 5.5 5.5 5.5 5.5 5.5 5.5 5.5 5.5 5.5 5.5 5.5 5.5 5.5 5.5 5.5 5.5 5.5 5.5 5.5 5.5 5.5 
4.84 4.84 4.84 4.84 4.84 4.84 4.84 4.84 4.84 4.84 4.84 5.06 5.06 5.06 5.06 5.06 5.06 5.06 5.06 5.06 5.06 5.06 5.06 5.06 5.06 5.06 5.06 5.06 5.06 5.06 5.06 5.06 5.06 5.06 5.06 5.06 5.06 5.06 5.06 5.06 5.06 5.06 5.06 5.06 5.06 5.06 5.06 5.06 5.06 5.06 5.06 5.06 5.06 5.06 5.06 5.06 5.06 5.06 5.06 5.06 5.06 5.06 5.06 5.06 5.06 5.06 5.06 5.06 5.06 5.06 5.06 5.5 5.5 5.5 5.5 5.5 5.5 5.5 5.5 5.5 5.5 5.5 5.5 5.5 5.5 5.5 5.5 5.5 5.5 5.5 5.5 5.5 5.5 5.5 5.5 5.5 5.5 5.5 5.5 5.5 
4.84 4.84 4.84 4.84 4.84 4.84 4.84 4.84 4.84 4.84 4.84 5.06 5.06 5.06 5.06 5.06 5.06 5.06 5.06 5.06 5.06 5.06 5.06 5.06 5.06 5.06 5.06 5.06 5.06 5.06 5.06 5.06 5.06 5.06 5.06 5.06 5.06 5.06 5.06 5.06 5.06 5.06 5.06 5.06 5.06 5.06 5.06 5.06 5.06 5.06 5.06 5.06 5.06 5.06 5.06 5.06 5.06 5.06 5.06 5.06 5.06 5.06 5.06 5.06 5.06 5.06 5.06 5.06 5.06 5.06 5.06 5.5 5.5 5.5 5.5 5.5 5.5 5.5 5.5 5.5 5.5 5.5 5.5 5.5 5.5 5.5 5.5 5.5 5.5 5.5 5.5 5.5 5.5 5.5 5.5 5.5 5.5 5.5 5.5 5.5 
4.84 4.84 4.84 4.84 4.84 4.84 4.84 4.84 4.84 4.84 4.84 5.06 5.06 5.06 5.06 5.06 5.06 5.06 5.06 5.06 5.06 5.06 5.06 5.06 5.06 5.06 5.06 5.06 5.06 5.06 5.06 5.06 5.06 5.06 5.06 5.06 5.06 5.06 5.06 5.06 5.06 5.06 5.06 5.06 5.06 5.06 5.06 5.06 5.06 5.06 5.06 5.06 5.06 5.06 5.06 5.06 5.06 5.06 5.06 5.06 5.06 5.06 5.06 5.06 5.06 5.06 5.06 5.06 5.06 5.06 5.06 5.5 5.5 5.5 5.5 5.5 5.5 5.5 5.5 5.5 5.5 5.5 5.5 5.5 5.5 5.5 5.5 5.5 5.5 5.5 5.5 5.5 5.5 5.5 5.5 5.5 5.5 5.5 5.5 5.5 
4.84 4.84 4.84 4.84 4.84 4.84 4.84 4.84 4.84 4.84 4.84 5.06 5.06 5.06 5.06 5.06 5.06 5.06 5.06 5.06 5.06 5.06 5.06 5.06 5.06 5.06 5.06 5.06 5.06 5.06 5.06 5.06 5.06 5.06 5.06 5.06 5.06 5.06 5.06 5.06 5.06 5.06 5.06 5.06 5.06 5.06 5.06 5.06 5.06 5.06 5.06 5.06 5.06 5.06 5.06 5.06 5.06 5.06 5.06 5.06 5.06 5.06 5.06 5.06 5.06 5.06 5.06 5.06 5.06 5.06 5.06 5.5 5.5 5.5 5.5 5.5 5.5 5.5 5.5 5.5 5.5 5.5 5.5 5.5 5.5 5.5 5.5 5.5 5.5 5.5 5.5 5.5 5.5 5.5 5.5 5.5 5.5 5.5 5.5 5.5 
4.84 4.84 4.84 4.84 4.84 4.84 4.84 4.84 4.84 4.84 4.84 5.06 5.06 5.06 5.06 5.06 5.06 5.06 5.06 5.06 5.06 5.06 5.06 5.06 5.06 5.06 5.06 5.06 5.06 5.06 5.06 5.06 5.06 5.06 5.06 5.06 5.06 5.06 5.06 5.06 5.06 5.06 5.06 5.06 5.06 5.06 5.06 5.06 5.06 5.06 5.06 5.06 5.06 5.06 5.06 5.06 5.06 5.06 5.06 5.06 5.06 5.06 5.06 5.06 5.06 5.06 5.06 5.06 5.06 5.06 5.06 5.5 5.5 5.5 5.5 5.5 5.5 5.5 5.5 5.5 5.5 5.5 5.5 5.5 5.5 5.5 5.5 5.5 5.5 5.5 5.5 5.5 5.5 5.5 5.5 5.5 5.5 5.5 5.5 5.5 
4.84 4.84 4.84 4.84 4.84 4.84 4.84 4.84 4.84 4.84 4.84 5.06 5.06 5.06 5.06 5.06 5.06 5.06 5.06 5.06 5.06 5.06 5.06 5.06 5.06 5.06 5.06 5.06 5.06 5.06 5.06 5.06 5.06 5.06 5.06 5.06 5.06 5.06 5.06 5.06 5.06 5.06 5.06 5.06 5.06 5.06 5.06 5.06 5.06 5.06 5.06 5.06 5.06 5.06 5.06 5.06 5.06 5.06 5.06 5.06 5.06 5.06 5.06 5.06 5.06 5.06 5.06 5.06 5.06 5.06 5.06 5.5 5.5 5.5 5.5 5.5 5.5 5.5 5.5 5.5 5.5 5.5 5.5 5.5 5.5 5.5 5.5 5.5 5.5 5.5 5.5 5.5 5.5 5.5 5.5 5.5 5.5 5.5 5.5 5.5 
4.84 4.84 4.84 4.84 4.84 4.84 4.84 4.84 4.84 4.84 4.84 5.06 5.06 5.06 5.06 5.06 5.06 5.06 5.06 5.06 5.06 5.06 5.06 5.06 5.06 5.06 5.06 5.06 5.06 5.06 5.06 5.06 5.06 5.06 5.06 5.06 5.06 5.06 5.06 5.06 5.06 5.06 5.06 5.06 5.06 5.06 5.06 5.06 5.06 5.06 5.06 5.06 5.06 5.06 5.06 5.06 5.06 5.06 5.06 5.06 5.06 5.06 5.06 5.06 5.06 5.06 5.06 5.06 5.06 5.06 5.06 5.5 5.5 5.5 5.5 5.5 5.5 5.5 5.5 5.5 5.5 5.5 5.5 5.5 5.5 5.5 5.5 5.5 5.5 5.5 5.5 5.5 5.5 5.5 5.5 5.5 5.5 5.5 5.5 5.5 
4.84 4.84 4.84 4.84 4.84 4.84 4.84 4.84 4.84 4.84 4.84 5.06 5.06 5.06 5.06 5.06 5.06 5.06 5.06 5.06 5.06 5.06 5.06 5.06 5.06 5.06 5.06 5.06 5.06 5.06 5.06 5.06 5.06 5.06 5.06 5.06 5.06 5.06 5.06 5.06 5.06 5.06 5.06 5.06 5.06 5.06 5.06 5.06 5.06 5.06 5.06 5.06 5.06 5.06 5.06 5.06 5.06 5.06 5.06 5.06 5.06 5.06 5.06 5.06 5.06 5.06 5.06 5.06 5.06 5.06 5.06 5.5 5.5 5.5 5.5 5.5 5.5 5.5 5.5 5.5 5.5 5.5 5.5 5.5 5.5 5.5 5.5 5.5 5.5 5.5 5.5 5.5 5.5 5.5 5.5 5.5 5.5 5.5 5.5 5.5 
4.84 4.84 4.84 4.84 4.84 4.84 4.84 4.84 4.84 4.84 4.84 5.06 5.06 5.06 5.06 5.06 5.06 5.06 5.06 5.06 5.06 5.06 5.06 5.06 5.06 5.06 5.06 5.06 5.06 5.06 5.06 5.06 5.06 5.06 5.06 5.06 5.06 5.06 5.06 5.06 5.06 5.06 5.06 5.06 5.06 5.06 5.06 5.06 5.06 5.06 5.06 5.06 5.06 5.06 5.06 5.06 5.06 5.06 5.06 5.06 5.06 5.06 5.06 5.06 5.06 5.06 5.06 5.06 5.06 5.06 5.06 5.5 5.5 5.5 5.5 5.5 5.5 5.5 5.5 5.5 5.5 5.5 5.5 5.5 5.5 5.5 5.5 5.5 5.5 5.5 5.5 5.5 5.5 5.5 5.5 5.5 5.5 5.5 5.5 5.5 
4.84 4.84 4.84 4.84 4.84 4.84 4.84 4.84 4.84 4.84 4.84 5.06 5.06 5.06 5.06 5.06 5.06 5.06 5.06 5.06 5.06 5.06 5.06 5.06 5.06 5.06 5.06 5.06 5.06 5.06 5.06 5.06 5.06 5.06 5.06 5.06 5.06 5.06 5.06 5.06 5.06 5.06 5.06 5.06 5.06 5.06 5.06 5.06 5.06 5.06 5.06 5.06 5.06 5.06 5.06 5.06 5.06 5.06 5.06 5.06 5.06 5.06 5.06 5.06 5.06 5.06 5.06 5.06 5.06 5.06 5.06 5.5 5.5 5.5 5.5 5.5 5.5 5.5 5.5 5.5 5.5 5.5 5.5 5.5 5.5 5.5 5.5 5.5 5.5 5.5 5.5 5.5 5.5 5.5 5.5 5.5 5.5 5.5 5.5 5.5 
4.84 4.84 4.84 4.84 4.84 4.84 4.84 4.84 4.84 4.84 4.84 5.06 5.06 5.06 5.06 5.06 5.06 5.06 5.06 5.06 5.06 5.06 5.06 5.06 5.06 5.06 5.06 5.06 5.06 5.06 5.06 5.06 5.06 5.06 5.06 5.06 5.06 5.06 5.06 5.06 5.06 5.06 5.06 5.06 5.06 5.06 5.06 5.06 5.06 5.06 5.06 5.06 5.06 5.06 5.06 5.06 5.06 5.06 5.06 5.06 5.06 5.06 5.06 5.06 5.06 5.06 5.06 5.06 5.06 5.06 5.06 5.5 5.5 5.5 5.5 5.5 5.5 5.5 5.5 5.5 5.5 5.5 5.5 5.5 5.5 5.5 5.5 5.5 5.5 5.5 5.5 5.5 5.5 5.5 5.5 5.5 5.5 5.5 5.5 5.5 
4.84 4.84 4.84 4.84 4.84 4.84 4.84 4.84 4.84 4.84 4.84 5.06 5.06 5.06 5.06 5.06 5.06 5.06 5.06 5.06 5.06 5.06 5.06 5.06 5.06 5.06 5.06 5.06 5.06 5.06 5.06 5.06 5.06 5.06 5.06 5.06 5.06 5.06 5.06 5.06 5.06 5.06 5.06 5.06 5.06 5.06 5.06 5.06 5.06 5.06 5.06 5.06 5.06 5.06 5.06 5.06 5.06 5.06 5.06 5.06 5.06 5.06 5.06 5.06 5.06 5.06 5.06 5.06 5.06 5.06 5.06 5.5 5.5 5.5 5.5 5.5 5.5 5.5 5.5 5.5 5.5 5.5 5.5 5.5 5.5 5.5 5.5 5.5 5.5 5.5 5.5 5.5 5.5 5.5 5.5 5.5 5.5 5.5 5.5 5.5 
4.84 4.84 4.84 4.84 4.84 4.84 4.84 4.84 4.84 4.84 4.84 5.06 5.06 5.06 5.06 5.06 5.06 5.06 5.06 5.06 5.06 5.06 5.06 5.06 5.06 5.06 5.06 5.06 5.06 5.06 5.06 5.06 5.06 5.06 5.06 5.06 5.06 5.06 5.06 5.06 5.06 5.06 5.06 5.06 5.06 5.06 5.06 5.06 5.06 5.06 5.06 5.06 5.06 5.06 5.06 5.06 5.06 5.06 5.06 5.06 5.06 5.06 5.06 5.06 5.06 5.06 5.06 5.06 5.06 5.06 5.06 5.5 5.5 5.5 5.5 5.5 5.5 5.5 5.5 5.5 5.5 5.5 5.5 5.5 5.5 5.5 5.5 5.5 5.5 5.5 5.5 5.5 5.5 5.5 5.5 5.5 5.5 5.5 5.5 5.5 
4.84 4.84 4.84 4.84 4.84 4.84 4.84 4.84 4.84 4.84 4.84 5.06 5.06 5.06 5.06 5.06 5.06 5.06 5.06 5.06 5.06 5.06 5.06 5.06 5.06 5.06 5.06 5.06 5.06 5.06 5.06 5.06 5.06 5.06 5.06 5.06 5.06 5.06 5.06 5.06 5.06 5.06 5.06 5.06 5.06 5.06 5.06 5.06 5.06 5.06 5.06 5.06 5.06 5.06 5.06 5.06 5.06 5.06 5.06 5.06 5.06 5.06 5.06 5.06 5.06 5.06 5.06 5.06 5.06 5.06 5.06 5.5 5.5 5.5 5.5 5.5 5.5 5.5 5.5 5.5 5.5 5.5 5.5 5.5 5.5 5.5 5.5 5.5 5.5 5.5 5.5 5.5 5.5 5.5 5.5 5.5 5.5 5.5 5.5 5.5 
4.84 4.84 4.84 4.84 4.84 4.84 4.84 4.84 4.84 4.84 4.84 5.06 5.06 5.06 5.06 5.06 5.06 5.06 5.06 5.06 5.06 5.06 5.06 5.06 5.06 5.06 5.06 5.06 5.06 5.06 5.06 5.06 5.06 5.06 5.06 5.06 5.06 5.06 5.06 5.06 5.06 5.06 5.06 5.06 5.06 5.06 5.06 5.06 5.06 5.06 5.06 5.06 5.06 5.06 5.06 5.06 5.06 5.06 5.06 5.06 5.06 5.06 5.06 5.06 5.06 5.06 5.06 5.06 5.06 5.06 5.06 5.5 5.5 5.5 5.5 5.5 5.5 5.5 5.5 5.5 5.5 5.5 5.5 5.5 5.5 5.5 5.5 5.5 5.5 5.5 5.5 5.5 5.5 5.5 5.5 5.5 5.5 5.5 5.5 5.5 
4.84 4.84 4.84 4.84 4.84 4.84 4.84 4.84 4.84 4.84 4.84 5.06 5.06 5.06 5.06 5.06 5.06 5.06 5.06 5.06 5.06 5.06 5.06 5.06 5.06 5.06 5.06 5.06 5.06 5.06 5.06 5.06 5.06 5.06 5.06 5.06 5.06 5.06 5.06 5.06 5.06 5.06 5.06 5.06 5.06 5.06 5.06 5.06 5.06 5.06 5.06 5.06 5.06 5.06 5.06 5.06 5.06 5.06 5.06 5.06 5.06 5.06 5.06 5.06 5.06 5.06 5.06 5.06 5.06 5.06 5.06 5.5 5.5 5.5 5.5 5.5 5.5 5.5 5.5 5.5 5.5 5.5 5.5 5.5 5.5 5.5 5.5 5.5 5.5 5.5 5.5 5.5 5.5 5.5 5.5 5.5 5.5 5.5 5.5 5.5 
4.84 4.84 4.84 4.84 4.84 4.84 4.84 4.84 4.84 4.84 4.84 5.06 5.06 5.06 5.06 5.06 5.06 5.06 5.06 5.06 5.06 5.06 5.06 5.06 5.06 5.06 5.06 5.06 5.06 5.06 5.06 5.06 5.06 5.06 5.06 5.06 5.06 5.06 5.06 5.06 5.06 5.06 5.06 5.06 5.06 5.06 5.06 5.06 5.06 5.06 5.06 5.06 5.06 5.06 5.06 5.06 5.06 5.06 5.06 5.06 5.06 5.06 5.06 5.06 5.06 5.06 5.06 5.06 5.06 5.06 5.06 5.5 5.5 5.5 5.5 5.5 5.5 5.5 5.5 5.5 5.5 5.5 5.5 5.5 5.5 5.5 5.5 5.5 5.5 5.5 5.5 5.5 5.5 5.5 5.5 5.5 5.5 5.5 5.5 5.5 
4.84 4.84 4.84 4.84 4.84 4.84 4.84 4.84 4.84 4.84 4.84 5.06 5.06 5.06 5.06 5.06 5.06 5.06 5.06 5.06 5.06 5.06 5.06 5.06 5.06 5.06 5.06 5.06 5.06 5.06 5.06 5.06 5.06 5.06 5.06 5.06 5.06 5.06 5.06 5.06 5.06 5.06 5.06 5.06 5.06 5.06 5.06 5.06 5.06 5.06 5.06 5.06 5.06 5.06 5.06 5.06 5.06 5.06 5.06 5.06 5.06 5.06 5.06 5.06 5.06 5.06 5.06 5.06 5.06 5.06 5.06 5.5 5.5 5.5 5.5 5.5 5.5 5.5 5.5 5.5 5.5 5.5 5.5 5.5 5.5 5.5 5.5 5.5 5.5 5.5 5.5 5.5 5.5 5.5 5.5 5.5 5.5 5.5 5.5 5.5 
4.84 4.84 4.84 4.84 4.84 4.84 4.84 4.84 4.84 4.84 4.84 5.06 5.06 5.06 5.06 5.06 5.06 5.06 5.06 5.06 5.06 5.06 5.06 5.06 5.06 5.06 5.06 5.06 5.06 5.06 5.06 5.06 5.06 5.06 5.06 5.06 5.06 5.06 5.06 5.06 5.06 5.06 5.06 5.06 5.06 5.06 5.06 5.06 5.06 5.06 5.06 5.06 5.06 5.06 5.06 5.06 5.06 5.06 5.06 5.06 5.06 5.06 5.06 5.06 5.06 5.06 5.06 5.06 5.06 5.06 5.06 5.5 5.5 5.5 5.5 5.5 5.5 5.5 5.5 5.5 5.5 5.5 5.5 5.5 5.5 5.5 5.5 5.5 5.5 5.5 5.5 5.5 5.5 5.5 5.5 5.5 5.5 5.5 5.5 5.5 
4.84 4.84 4.84 4.84 4.84 4.84 4.84 4.84 4.84 4.84 4.84 5.06 5.06 5.06 5.06 5.06 5.06 5.06 5.06 5.06 5.06 5.06 5.06 5.06 5.06 5.06 5.06 5.06 5.06 5.06 5.06 5.06 5.06 5.06 5.06 5.06 5.06 5.06 5.06 5.06 5.06 5.06 5.06 5.06 5.06 5.06 5.06 5.06 5.06 5.06 5.06 5.06 5.06 5.06 5.06 5.06 5.06 5.06 5.06 5.06 5.06 5.06 5.06 5.06 5.06 5.06 5.06 5.06 5.06 5.06 5.06 5.5 5.5 5.5 5.5 5.5 5.5 5.5 5.5 5.5 5.5 5.5 5.5 5.5 5.5 5.5 5.5 5.5 5.5 5.5 5.5 5.5 5.5 5.5 5.5 5.5 5.5 5.5 5.5 5.5 
4.84 4.84 4.84 4.84 4.84 4.84 4.84 4.84 4.84 4.84 4.84 5.06 5.06 5.06 5.06 5.06 5.06 5.06 5.06 5.06 5.06 5.06 5.06 5.06 5.06 5.06 5.06 5.06 5.06 5.06 5.06 5.06 5.06 5.06 5.06 5.06 5.06 5.06 5.06 5.06 5.06 5.06 5.06 5.06 5.06 5.06 5.06 5.06 5.06 5.06 5.06 5.06 5.06 5.06 5.06 5.06 5.06 5.06 5.06 5.06 5.06 5.06 5.06 5.06 5.06 5.06 5.06 5.06 5.06 5.06 5.06 5.5 5.5 5.5 5.5 5.5 5.5 5.5 5.5 5.5 5.5 5.5 5.5 5.5 5.5 5.5 5.5 5.5 5.5 5.5 5.5 5.5 5.5 5.5 5.5 5.5 5.5 5.5 5.5 5.5 
4.84 4.84 4.84 4.84 4.84 4.84 4.84 4.84 4.84 4.84 4.84 5.06 5.06 5.06 5.06 5.06 5.06 5.06 5.06 5.06 5.06 5.06 5.06 5.06 5.06 5.06 5.06 5.06 5.06 5.06 5.06 5.06 5.06 5.06 5.06 5.06 5.06 5.06 5.06 5.06 5.06 5.06 5.06 5.06 5.06 5.06 5.06 5.06 5.06 5.06 5.06 5.06 5.06 5.06 5.06 5.06 5.06 5.06 5.06 5.06 5.06 5.06 5.06 5.06 5.06 5.06 5.06 5.06 5.06 5.06 5.06 5.5 5.5 5.5 5.5 5.5 5.5 5.5 5.5 5.5 5.5 5.5 5.5 5.5 5.5 5.5 5.5 5.5 5.5 5.5 5.5 5.5 5.5 5.5 5.5 5.5 5.5 5.5 5.5 5.5 
4.84 4.84 4.84 4.84 4.84 4.84 4.84 4.84 4.84 4.84 4.84 5.06 5.06 5.06 5.06 5.06 5.06 5.06 5.06 5.06 5.06 5.06 5.06 5.06 5.06 5.06 5.06 5.06 5.06 5.06 5.06 5.06 5.06 5.06 5.06 5.06 5.06 5.06 5.06 5.06 5.06 5.06 5.06 5.06 5.06 5.06 5.06 5.06 5.06 5.06 5.06 5.06 5.06 5.06 5.06 5.06 5.06 5.06 5.06 5.06 5.06 5.06 5.06 5.06 5.06 5.06 5.06 5.06 5.06 5.06 5.06 5.5 5.5 5.5 5.5 5.5 5.5 5.5 5.5 5.5 5.5 5.5 5.5 5.5 5.5 5.5 5.5 5.5 5.5 5.5 5.5 5.5 5.5 5.5 5.5 5.5 5.5 5.5 5.5 5.5 
4.84 4.84 4.84 4.84 4.84 4.84 4.84 4.84 4.84 4.84 4.84 5.06 5.06 5.06 5.06 5.06 5.06 5.06 5.06 5.06 5.06 5.06 5.06 5.06 5.06 5.06 5.06 5.06 5.06 5.06 5.06 5.06 5.06 5.06 5.06 5.06 5.06 5.06 5.06 5.06 5.06 5.06 5.06 5.06 5.06 5.06 5.06 5.06 5.06 5.06 5.06 5.06 5.06 5.06 5.06 5.06 5.06 5.06 5.06 5.06 5.06 5.06 5.06 5.06 5.06 5.06 5.06 5.06 5.06 5.06 5.06 5.5 5.5 5.5 5.5 5.5 5.5 5.5 5.5 5.5 5.5 5.5 5.5 5.5 5.5 5.5 5.5 5.5 5.5 5.5 5.5 5.5 5.5 5.5 5.5 5.5 5.5 5.5 5.5 5.5 
4.84 4.84 4.84 4.84 4.84 4.84 4.84 4.84 4.84 4.84 4.84 5.06 5.06 5.06 5.06 5.06 5.06 5.06 5.06 5.06 5.06 5.06 5.06 5.06 5.06 5.06 5.06 5.06 5.06 5.06 5.06 5.06 5.06 5.06 5.06 5.06 5.06 5.06 5.06 5.06 5.06 5.06 5.06 5.06 5.06 5.06 5.06 5.06 5.06 5.06 5.06 5.06 5.06 5.06 5.06 5.06 5.06 5.06 5.06 5.06 5.06 5.06 5.06 5.06 5.06 5.06 5.06 5.06 5.06 5.06 5.06 5.5 5.5 5.5 5.5 5.5 5.5 5.5 5.5 5.5 5.5 5.5 5.5 5.5 5.5 5.5 5.5 5.5 5.5 5.5 5.5 5.5 5.5 5.5 5.5 5.5 5.5 5.5 5.5 5.5 
4.84 4.84 4.84 4.84 4.84 4.84 4.84 4.84 4.84 4.84 4.84 5.06 5.06 5.06 5.06 5.06 5.06 5.06 5.06 5.06 5.06 5.06 5.06 5.06 5.06 5.06 5.06 5.06 5.06 5.06 5.06 5.06 5.06 5.06 5.06 5.06 5.06 5.06 5.06 5.06 5.06 5.06 5.06 5.06 5.06 5.06 5.06 5.06 5.06 5.06 5.06 5.06 5.06 5.06 5.06 5.06 5.06 5.06 5.06 5.06 5.06 5.06 5.06 5.06 5.06 5.06 5.06 5.06 5.06 5.06 5.06 5.5 5.5 5.5 5.5 5.5 5.5 5.5 5.5 5.5 5.5 5.5 5.5 5.5 5.5 5.5 5.5 5.5 5.5 5.5 5.5 5.5 5.5 5.5 5.5 5.5 5.5 5.5 5.5 5.5 
4.84 4.84 4.84 4.84 4.84 4.84 4.84 4.84 4.84 4.84 4.84 5.06 5.06 5.06 5.06 5.06 5.06 5.06 5.06 5.06 5.06 5.06 5.06 5.06 5.06 5.06 5.06 5.06 5.06 5.06 5.06 5.06 5.06 5.06 5.06 5.06 5.06 5.06 5.06 5.06 5.06 5.06 5.06 5.06 5.06 5.06 5.06 5.06 5.06 5.06 5.06 5.06 5.06 5.06 5.06 5.06 5.06 5.06 5.06 5.06 5.06 5.06 5.06 5.06 5.06 5.06 5.06 5.06 5.06 5.06 5.06 5.5 5.5 5.5 5.5 5.5 5.5 5.5 5.5 5.5 5.5 5.5 5.5 5.5 5.5 5.5 5.5 5.5 5.5 5.5 5.5 5.5 5.5 5.5 5.5 5.5 5.5 5.5 5.5 5.5 
8.12 8.12 8.12 8.12 8.12 8.12 8.12 8.12 8.12 8.12 8.12 8.28 8.28 8.28 8.28 8.28 8.28 8.28 8.28 8.28 8.28 8.28 8.28 8.28 8.28 8.28 8.28 8.28 8.28 8.28 8.28 8.28 8.28 8.28 8.28 8.28 8.28 8.28 8.28 8.28 8.28 8.28 8.28 8.28 8.28 8.28 8.28 8.28 8.28 8.28 8.28 8.28 8.28 8.28 8.28 8.28 8.28 8.28 8.28 8.28 8.28 8.28 8.28 8.28 8.28 8.28 8.28 8.28 8.28 8.28 8.28 8.14 8.14 8.14 8.14 8.14 8.14 8.14 8.14 8.14 8.14 8.14 8.14 8.14 8.14 8.14 8.14 8.14 8.14 8.14 8.14 8.14 8.14 8.14 8.14 8.14 8.14 8.14 8.14 8.14 
8.12 8.12 8.12 8.12 8.12 8.12 8.12 8.12 8.12 8.12 8.12 8.28 8.28 8.28 8.28 8.28 8.28 8.28 8.28 8.28 8.28 8.28 8.28 8.28 8.28 8.28 8.28 8.28 8.28 8.28 8.28 8.28 8.28 8.28 8.28 8.28 8.28 8.28 8.28 8.28 8.28 8.28 8.28 8.28 8.28 8.28 8.28 8.28 8.28 8.28 8.28 8.28 8.28 8.28 8.28 8.28 8.28 8.28 8.28 8.28 8.28 8.28 8.28 8.28 8.28 8.28 8.28 8.28 8.28 8.28 8.28 8.14 8.14 8.14 8.14 8.14 8.14 8.14 8.14 8.14 8.14 8.14 8.14 8.14 8.14 8.14 8.14 8.14 8.14 8.14 8.14 8.14 8.14 8.14 8.14 8.14 8.14 8.14 8.14 8.14 
8.12 8.12 8.12 8.12 8.12 8.12 8.12 8.12 8.12 8.12 8.12 8.28 8.28 8.28 8.28 8.28 8.28 8.28 8.28 8.28 8.28 8.28 8.28 8.28 8.28 8.28 8.28 8.28 8.28 8.28 8.28 8.28 8.28 8.28 8.28 8.28 8.28 8.28 8.28 8.28 8.28 8.28 8.28 8.28 8.28 8.28 8.28 8.28 8.28 8.28 8.28 8.28 8.28 8.28 8.28 8.28 8.28 8.28 8.28 8.28 8.28 8.28 8.28 8.28 8.28 8.28 8.28 8.28 8.28 8.28 8.28 8.14 8.14 8.14 8.14 8.14 8.14 8.14 8.14 8.14 8.14 8.14 8.14 8.14 8.14 8.14 8.14 8.14 8.14 8.14 8.14 8.14 8.14 8.14 8.14 8.14 8.14 8.14 8.14 8.14 
8.12 8.12 8.12 8.12 8.12 8.12 8.12 8.12 8.12 8.12 8.12 8.28 8.28 8.28 8.28 8.28 8.28 8.28 8.28 8.28 8.28 8.28 8.28 8.28 8.28 8.28 8.28 8.28 8.28 8.28 8.28 8.28 8.28 8.28 8.28 8.28 8.28 8.28 8.28 8.28 8.28 8.28 8.28 8.28 8.28 8.28 8.28 8.28 8.28 8.28 8.28 8.28 8.28 8.28 8.28 8.28 8.28 8.28 8.28 8.28 8.28 8.28 8.28 8.28 8.28 8.28 8.28 8.28 8.28 8.28 8.28 8.14 8.14 8.14 8.14 8.14 8.14 8.14 8.14 8.14 8.14 8.14 8.14 8.14 8.14 8.14 8.14 8.14 8.14 8.14 8.14 8.14 8.14 8.14 8.14 8.14 8.14 8.14 8.14 8.14 
8.12 8.12 8.12 8.12 8.12 8.12 8.12 8.12 8.12 8.12 8.12 8.28 8.28 8.28 8.28 8.28 8.28 8.28 8.28 8.28 8.28 8.28 8.28 8.28 8.28 8.28 8.28 8.28 8.28 8.28 8.28 8.28 8.28 8.28 8.28 8.28 8.28 8.28 8.28 8.28 8.28 8.28 8.28 8.28 8.28 8.28 8.28 8.28 8.28 8.28 8.28 8.28 8.28 8.28 8.28 8.28 8.28 8.28 8.28 8.28 8.28 8.28 8.28 8.28 8.28 8.28 8.28 8.28 8.28 8.28 8.28 8.14 8.14 8.14 8.14 8.14 8.14 8.14 8.14 8.14 8.14 8.14 8.14 8.14 8.14 8.14 8.14 8.14 8.14 8.14 8.14 8.14 8.14 8.14 8.14 8.14 8.14 8.14 8.14 8.14 
8.12 8.12 8.12 8.12 8.12 8.12 8.12 8.12 8.12 8.12 8.12 8.28 8.28 8.28 8.28 8.28 8.28 8.28 8.28 8.28 8.28 8.28 8.28 8.28 8.28 8.28 8.28 8.28 8.28 8.28 8.28 8.28 8.28 8.28 8.28 8.28 8.28 8.28 8.28 8.28 8.28 8.28 8.28 8.28 8.28 8.28 8.28 8.28 8.28 8.28 8.28 8.28 8.28 8.28 8.28 8.28 8.28 8.28 8.28 8.28 8.28 8.28 8.28 8.28 8.28 8.28 8.28 8.28 8.28 8.28 8.28 8.14 8.14 8.14 8.14 8.14 8.14 8.14 8.14 8.14 8.14 8.14 8.14 8.14 8.14 8.14 8.14 8.14 8.14 8.14 8.14 8.14 8.14 8.14 8.14 8.14 8.14 8.14 8.14 8.14 
8.12 8.12 8.12 8.12 8.12 8.12 8.12 8.12 8.12 8.12 8.12 8.28 8.28 8.28 8.28 8.28 8.28 8.28 8.28 8.28 8.28 8.28 8.28 8.28 8.28 8.28 8.28 8.28 8.28 8.28 8.28 8.28 8.28 8.28 8.28 8.28 8.28 8.28 8.28 8.28 8.28 8.28 8.28 8.28 8.28 8.28 8.28 8.28 8.28 8.28 8.28 8.28 8.28 8.28 8.28 8.28 8.28 8.28 8.28 8.28 8.28 8.28 8.28 8.28 8.28 8.28 8.28 8.28 8.28 8.28 8.28 8.14 8.14 8.14 8.14 8.14 8.14 8.14 8.14 8.14 8.14 8.14 8.14 8.14 8.14 8.14 8.14 8.14 8.14 8.14 8.14 8.14 8.14 8.14 8.14 8.14 8.14 8.14 8.14 8.14 
8.12 8.12 8.12 8.12 8.12 8.12 8.12 8.12 8.12 8.12 8.12 8.28 8.28 8.28 8.28 8.28 8.28 8.28 8.28 8.28 8.28 8.28 8.28 8.28 8.28 8.28 8.28 8.28 8.28 8.28 8.28 8.28 8.28 8.28 8.28 8.28 8.28 8.28 8.28 8.28 8.28 8.28 8.28 8.28 8.28 8.28 8.28 8.28 8.28 8.28 8.28 8.28 8.28 8.28 8.28 8.28 8.28 8.28 8.28 8.28 8.28 8.28 8.28 8.28 8.28 8.28 8.28 8.28 8.28 8.28 8.28 8.14 8.14 8.14 8.14 8.14 8.14 8.14 8.14 8.14 8.14 8.14 8.14 8.14 8.14 8.14 8.14 8.14 8.14 8.14 8.14 8.14 8.14 8.14 8.14 8.14 8.14 8.14 8.14 8.14 
8.12 8.12 8.12 8.12 8.12 8.12 8.12 8.12 8.12 8.12 8.12 8.28 8.28 8.28 8.28 8.28 8.28 8.28 8.28 8.28 8.28 8.28 8.28 8.28 8.28 8.28 8.28 8.28 8.28 8.28 8.28 8.28 8.28 8.28 8.28 8.28 8.28 8.28 8.28 8.28 8.28 8.28 8.28 8.28 8.28 8.28 8.28 8.28 8.28 8.28 8.28 8.28 8.28 8.28 8.28 8.28 8.28 8.28 8.28 8.28 8.28 8.28 8.28 8.28 8.28 8.28 8.28 8.28 8.28 8.28 8.28 8.14 8.14 8.14 8.14 8.14 8.14 8.14 8.14 8.14 8.14 8.14 8.14 8.14 8.14 8.14 8.14 8.14 8.14 8.14 8.14 8.14 8.14 8.14 8.14 8.14 8.14 8.14 8.14 8.14 
8.12 8.12 8.12 8.12 8.12 8.12 8.12 8.12 8.12 8.12 8.12 8.28 8.28 8.28 8.28 8.28 8.28 8.28 8.28 8.28 8.28 8.28 8.28 8.28 8.28 8.28 8.28 8.28 8.28 8.28 8.28 8.28 8.28 8.28 8.28 8.28 8.28 8.28 8.28 8.28 8.28 8.28 8.28 8.28 8.28 8.28 8.28 8.28 8.28 8.28 8.28 8.28 8.28 8.28 8.28 8.28 8.28 8.28 8.28 8.28 8.28 8.28 8.28 8.28 8.28 8.28 8.28 8.28 8.28 8.28 8.28 8.14 8.14 8.14 8.14 8.14 8.14 8.14 8.14 8.14 8.14 8.14 8.14 8.14 8.14 8.14 8.14 8.14 8.14 8.14 8.14 8.14 8.14 8.14 8.14 8.14 8.14 8.14 8.14 8.14 
8.12 8.12 8.12 8.12 8.12 8.12 8.12 8.12 8.12 8.12 8.12 8.28 8.28 8.28 8.28 8.28 8.28 8.28 8.28 8.28 8.28 8.28 8.28 8.28 8.28 8.28 8.28 8.28 8.28 8.28 8.28 8.28 8.28 8.28 8.28 8.28 8.28 8.28 8.28 8.28 8.28 8.28 8.28 8.28 8.28 8.28 8.28 8.28 8.28 8.28 8.28 8.28 8.28 8.28 8.28 8.28 8.28 8.28 8.28 8.28 8.28 8.28 8.28 8.28 8.28 8.28 8.28 8.28 8.28 8.28 8.28 8.14 8.14 8.14 8.14 8.14 8.14 8.14 8.14 8.14 8.14 8.14 8.14 8.14 8.14 8.14 8.14 8.14 8.14 8.14 8.14 8.14 8.14 8.14 8.14 8.14 8.14 8.14 8.14 8.14 
8.12 8.12 8.12 8.12 8.12 8.12 8.12 8.12 8.12 8.12 8.12 8.28 8.28 8.28 8.28 8.28 8.28 8.28 8.28 8.28 8.28 8.28 8.28 8.28 8.28 8.28 8.28 8.28 8.28 8.28 8.28 8.28 8.28 8.28 8.28 8.28 8.28 8.28 8.28 8.28 8.28 8.28 8.28 8.28 8.28 8.28 8.28 8.28 8.28 8.28 8.28 8.28 8.28 8.28 8.28 8.28 8.28 8.28 8.28 8.28 8.28 8.28 8.28 8.28 8.28 8.28 8.28 8.28 8.28 8.28 8.28 8.14 8.14 8.14 8.14 8.14 8.14 8.14 8.14 8.14 8.14 8.14 8.14 8.14 8.14 8.14 8.14 8.14 8.14 8.14 8.14 8.14 8.14 8.14 8.14 8.14 8.14 8.14 8.14 8.14 
8.12 8.12 8.12 8.12 8.12 8.12 8.12 8.12 8.12 8.12 8.12 8.28 8.28 8.28 8.28 8.28 8.28 8.28 8.28 8.28 8.28 8.28 8.28 8.28 8.28 8.28 8.28 8.28 8.28 8.28 8.28 8.28 8.28 8.28 8.28 8.28 8.28 8.28 8.28 8.28 8.28 8.28 8.28 8.28 8.28 8.28 8.28 8.28 8.28 8.28 8.28 8.28 8.28 8.28 8.28 8.28 8.28 8.28 8.28 8.28 8.28 8.28 8.28 8.28 8.28 8.28 8.28 8.28 8.28 8.28 8.28 8.14 8.14 8.14 8.14 8.14 8.14 8.14 8.14 8.14 8.14 8.14 8.14 8.14 8.14 8.14 8.14 8.14 8.14 8.14 8.14 8.14 8.14 8.14 8.14 8.14 8.14 8.14 8.14 8.14 
8.12 8.12 8.12 8.12 8.12 8.12 8.12 8.12 8.12 8.12 8.12 8.28 8.28 8.28 8.28 8.28 8.28 8.28 8.28 8.28 8.28 8.28 8.28 8.28 8.28 8.28 8.28 8.28 8.28 8.28 8.28 8.28 8.28 8.28 8.28 8.28 8.28 8.28 8.28 8.28 8.28 8.28 8.28 8.28 8.28 8.28 8.28 8.28 8.28 8.28 8.28 8.28 8.28 8.28 8.28 8.28 8.28 8.28 8.28 8.28 8.28 8.28 8.28 8.28 8.28 8.28 8.28 8.28 8.28 8.28 8.28 8.14 8.14 8.14 8.14 8.14 8.14 8.14 8.14 8.14 8.14 8.14 8.14 8.14 8.14 8.14 8.14 8.14 8.14 8.14 8.14 8.14 8.14 8.14 8.14 8.14 8.14 8.14 8.14 8.14 
8.12 8.12 8.12 8.12 8.12 8.12 8.12 8.12 8.12 8.12 8.12 8.28 8.28 8.28 8.28 8.28 8.28 8.28 8.28 8.28 8.28 8.28 8.28 8.28 8.28 8.28 8.28 8.28 8.28 8.28 8.28 8.28 8.28 8.28 8.28 8.28 8.28 8.28 8.28 8.28 8.28 8.28 8.28 8.28 8.28 8.28 8.28 8.28 8.28 8.28 8.28 8.28 8.28 8.28 8.28 8.28 8.28 8.28 8.28 8.28 8.28 8.28 8.28 8.28 8.28 8.28 8.28 8.28 8.28 8.28 8.28 8.14 8.14 8.14 8.14 8.14 8.14 8.14 8.14 8.14 8.14 8.14 8.14 8.14 8.14 8.14 8.14 8.14 8.14 8.14 8.14 8.14 8.14 8.14 8.14 8.14 8.14 8.14 8.14 8.14 
8.12 8.12 8.12 8.12 8.12 8.12 8.12 8.12 8.12 8.12 8.12 8.28 8.28 8.28 8.28 8.28 8.28 8.28 8.28 8.28 8.28 8.28 8.28 8.28 8.28 8.28 8.28 8.28 8.28 8.28 8.28 8.28 8.28 8.28 8.28 8.28 8.28 8.28 8.28 8.28 8.28 8.28 8.28 8.28 8.28 8.28 8.28 8.28 8.28 8.28 8.28 8.28 8.28 8.28 8.28 8.28 8.28 8.28 8.28 8.28 8.28 8.28 8.28 8.28 8.28 8.28 8.28 8.28 8.28 8.28 8.28 8.14 8.14 8.14 8.14 8.14 8.14 8.14 8.14 8.14 8.14 8.14 8.14 8.14 8.14 8.14 8.14 8.14 8.14 8.14 8.14 8.14 8.14 8.14 8.14 8.14 8.14 8.14 8.14 8.14 
8.12 8.12 8.12 8.12 8.12 8.12 8.12 8.12 8.12 8.12 8.12 8.28 8.28 8.28 8.28 8.28 8.28 8.28 8.28 8.28 8.28 8.28 8.28 8.28 8.28 8.28 8.28 8.28 8.28 8.28 8.28 8.28 8.28 8.28 8.28 8.28 8.28 8.28 8.28 8.28 8.28 8.28 8.28 8.28 8.28 8.28 8.28 8.28 8.28 8.28 8.28 8.28 8.28 8.28 8.28 8.28 8.28 8.28 8.28 8.28 8.28 8.28 8.28 8.28 8.28 8.28 8.28 8.28 8.28 8.28 8.28 8.14 8.14 8.14 8.14 8.14 8.14 8.14 8.14 8.14 8.14 8.14 8.14 8.14 8.14 8.14 8.14 8.14 8.14 8.14 8.14 8.14 8.14 8.14 8.14 8.14 8.14 8.14 8.14 8.14 
8.12 8.12 8.12 8.12 8.12 8.12 8.12 8.12 8.12 8.12 8.12 8.28 8.28 8.28 8.28 8.28 8.28 8.28 8.28 8.28 8.28 8.28 8.28 8.28 8.28 8.28 8.28 8.28 8.28 8.28 8.28 8.28 8.28 8.28 8.28 8.28 8.28 8.28 8.28 8.28 8.28 8.28 8.28 8.28 8.28 8.28 8.28 8.28 8.28 8.28 8.28 8.28 8.28 8.28 8.28 8.28 8.28 8.28 8.28 8.28 8.28 8.28 8.28 8.28 8.28 8.28 8.28 8.28 8.28 8.28 8.28 8.14 8.14 8.14 8.14 8.14 8.14 8.14 8.14 8.14 8.14 8.14 8.14 8.14 8.14 8.14 8.14 8.14 8.14 8.14 8.14 8.14 8.14 8.14 8.14 8.14 8.14 8.14 8.14 8.14 
8.12 8.12 8.12 8.12 8.12 8.12 8.12 8.12 8.12 8.12 8.12 8.28 8.28 8.28 8.28 8.28 8.28 8.28 8.28 8.28 8.28 8.28 8.28 8.28 8.28 8.28 8.28 8.28 8.28 8.28 8.28 8.28 8.28 8.28 8.28 8.28 8.28 8.28 8.28 8.28 8.28 8.28 8.28 8.28 8.28 8.28 8.28 8.28 8.28 8.28 8.28 8.28 8.28 8.28 8.28 8.28 8.28 8.28 8.28 8.28 8.28 8.28 8.28 8.28 8.28 8.28 8.28 8.28 8.28 8.28 8.28 8.14 8.14 8.14 8.14 8.14 8.14 8.14 8.14 8.14 8.14 8.14 8.14 8.14 8.14 8.14 8.14 8.14 8.14 8.14 8.14 8.14 8.14 8.14 8.14 8.14 8.14 8.14 8.14 8.14 
8.12 8.12 8.12 8.12 8.12 8.12 8.12 8.12 8.12 8.12 8.12 8.28 8.28 8.28 8.28 8.28 8.28 8.28 8.28 8.28 8.28 8.28 8.28 8.28 8.28 8.28 8.28 8.28 8.28 8.28 8.28 8.28 8.28 8.28 8.28 8.28 8.28 8.28 8.28 8.28 8.28 8.28 8.28 8.28 8.28 8.28 8.28 8.28 8.28 8.28 8.28 8.28 8.28 8.28 8.28 8.28 8.28 8.28 8.28 8.28 8.28 8.28 8.28 8.28 8.28 8.28 8.28 8.28 8.28 8.28 8.28 8.14 8.14 8.14 8.14 8.14 8.14 8.14 8.14 8.14 8.14 8.14 8.14 8.14 8.14 8.14 8.14 8.14 8.14 8.14 8.14 8.14 8.14 8.14 8.14 8.14 8.14 8.14 8.14 8.14 
8.12 8.12 8.12 8.12 8.12 8.12 8.12 8.12 8.12 8.12 8.12 8.28 8.28 8.28 8.28 8.28 8.28 8.28 8.28 8.28 8.28 8.28 8.28 8.28 8.28 8.28 8.28 8.28 8.28 8.28 8.28 8.28 8.28 8.28 8.28 8.28 8.28 8.28 8.28 8.28 8.28 8.28 8.28 8.28 8.28 8.28 8.28 8.28 8.28 8.28 8.28 8.28 8.28 8.28 8.28 8.28 8.28 8.28 8.28 8.28 8.28 8.28 8.28 8.28 8.28 8.28 8.28 8.28 8.28 8.28 8.28 8.14 8.14 8.14 8.14 8.14 8.14 8.14 8.14 8.14 8.14 8.14 8.14 8.14 8.14 8.14 8.14 8.14 8.14 8.14 8.14 8.14 8.14 8.14 8.14 8.14 8.14 8.14 8.14 8.14 
8.12 8.12 8.12 8.12 8.12 8.12 8.12 8.12 8.12 8.12 8.12 8.28 8.28 8.28 8.28 8.28 8.28 8.28 8.28 8.28 8.28 8.28 8.28 8.28 8.28 8.28 8.28 8.28 8.28 8.28 8.28 8.28 8.28 8.28 8.28 8.28 8.28 8.28 8.28 8.28 8.28 8.28 8.28 8.28 8.28 8.28 8.28 8.28 8.28 8.28 8.28 8.28 8.28 8.28 8.28 8.28 8.28 8.28 8.28 8.28 8.28 8.28 8.28 8.28 8.28 8.28 8.28 8.28 8.28 8.28 8.28 8.14 8.14 8.14 8.14 8.14 8.14 8.14 8.14 8.14 8.14 8.14 8.14 8.14 8.14 8.14 8.14 8.14 8.14 8.14 8.14 8.14 8.14 8.14 8.14 8.14 8.14 8.14 8.14 8.14 
8.12 8.12 8.12 8.12 8.12 8.12 8.12 8.12 8.12 8.12 8.12 8.28 8.28 8.28 8.28 8.28 8.28 8.28 8.28 8.28 8.28 8.28 8.28 8.28 8.28 8.28 8.28 8.28 8.28 8.28 8.28 8.28 8.28 8.28 8.28 8.28 8.28 8.28 8.28 8.28 8.28 8.28 8.28 8.28 8.28 8.28 8.28 8.28 8.28 8.28 8.28 8.28 8.28 8.28 8.28 8.28 8.28 8.28 8.28 8.28 8.28 8.28 8.28 8.28 8.28 8.28 8.28 8.28 8.28 8.28 8.28 8.14 8.14 8.14 8.14 8.14 8.14 8.14 8.14 8.14 8.14 8.14 8.14 8.14 8.14 8.14 8.14 8.14 8.14 8.14 8.14 8.14 8.14 8.14 8.14 8.14 8.14 8.14 8.14 8.14 
8.12 8.12 8.12 8.12 8.12 8.12 8.12 8.12 8.12 8.12 8.12 8.28 8.28 8.28 8.28 8.28 8.28 8.28 8.28 8.28 8.28 8.28 8.28 8.28 8.28 8.28 8.28 8.28 8.28 8.28 8.28 8.28 8.28 8.28 8.28 8.28 8.28 8.28 8.28 8.28 8.28 8.28 8.28 8.28 8.28 8.28 8.28 8.28 8.28 8.28 8.28 8.28 8.28 8.28 8.28 8.28 8.28 8.28 8.28 8.28 8.28 8.28 8.28 8.28 8.28 8.28 8.28 8.28 8.28 8.28 8.28 8.14 8.14 8.14 8.14 8.14 8.14 8.14 8.14 8.14 8.14 8.14 8.14 8.14 8.14 8.14 8.14 8.14 8.14 8.14 8.14 8.14 8.14 8.14 8.14 8.14 8.14 8.14 8.14 8.14 
8.12 8.12 8.12 8.12 8.12 8.12 8.12 8.12 8.12 8.12 8.12 8.28 8.28 8.28 8.28 8.28 8.28 8.28 8.28 8.28 8.28 8.28 8.28 8.28 8.28 8.28 8.28 8.28 8.28 8.28 8.28 8.28 8.28 8.28 8.28 8.28 8.28 8.28 8.28 8.28 8.28 8.28 8.28 8.28 8.28 8.28 8.28 8.28 8.28 8.28 8.28 8.28 8.28 8.28 8.28 8.28 8.28 8.28 8.28 8.28 8.28 8.28 8.28 8.28 8.28 8.28 8.28 8.28 8.28 8.28 8.28 8.14 8.14 8.14 8.14 8.14 8.14 8.14 8.14 8.14 8.14 8.14 8.14 8.14 8.14 8.14 8.14 8.14 8.14 8.14 8.14 8.14 8.14 8.14 8.14 8.14 8.14 8.14 8.14 8.14 
8.12 8.12 8.12 8.12 8.12 8.12 8.12 8.12 8.12 8.12 8.12 8.28 8.28 8.28 8.28 8.28 8.28 8.28 8.28 8.28 8.28 8.28 8.28 8.28 8.28 8.28 8.28 8.28 8.28 8.28 8.28 8.28 8.28 8.28 8.28 8.28 8.28 8.28 8.28 8.28 8.28 8.28 8.28 8.28 8.28 8.28 8.28 8.28 8.28 8.28 8.28 8.28 8.28 8.28 8.28 8.28 8.28 8.28 8.28 8.28 8.28 8.28 8.28 8.28 8.28 8.28 8.28 8.28 8.28 8.28 8.28 8.14 8.14 8.14 8.14 8.14 8.14 8.14 8.14 8.14 8.14 8.14 8.14 8.14 8.14 8.14 8.14 8.14 8.14 8.14 8.14 8.14 8.14 8.14 8.14 8.14 8.14 8.14 8.14 8.14 
8.12 8.12 8.12 8.12 8.12 8.12 8.12 8.12 8.12 8.12 8.12 8.28 8.28 8.28 8.28 8.28 8.28 8.28 8.28 8.28 8.28 8.28 8.28 8.28 8.28 8.28 8.28 8.28 8.28 8.28 8.28 8.28 8.28 8.28 8.28 8.28 8.28 8.28 8.28 8.28 8.28 8.28 8.28 8.28 8.28 8.28 8.28 8.28 8.28 8.28 8.28 8.28 8.28 8.28 8.28 8.28 8.28 8.28 8.28 8.28 8.28 8.28 8.28 8.28 8.28 8.28 8.28 8.28 8.28 8.28 8.28 8.14 8.14 8.14 8.14 8.14 8.14 8.14 8.14 8.14 8.14 8.14 8.14 8.14 8.14 8.14 8.14 8.14 8.14 8.14 8.14 8.14 8.14 8.14 8.14 8.14 8.14 8.14 8.14 8.14 
8.12 8.12 8.12 8.12 8.12 8.12 8.12 8.12 8.12 8.12 8.12 8.28 8.28 8.28 8.28 8.28 8.28 8.28 8.28 8.28 8.28 8.28 8.28 8.28 8.28 8.28 8.28 8.28 8.28 8.28 8.28 8.28 8.28 8.28 8.28 8.28 8.28 8.28 8.28 8.28 8.28 8.28 8.28 8.28 8.28 8.28 8.28 8.28 8.28 8.28 8.28 8.28 8.28 8.28 8.28 8.28 8.28 8.28 8.28 8.28 8.28 8.28 8.28 8.28 8.28 8.28 8.28 8.28 8.28 8.28 8.28 8.14 8.14 8.14 8.14 8.14 8.14 8.14 8.14 8.14 8.14 8.14 8.14 8.14 8.14 8.14 8.14 8.14 8.14 8.14 8.14 8.14 8.14 8.14 8.14 8.14 8.14 8.14 8.14 8.14 
8.12 8.12 8.12 8.12 8.12 8.12 8.12 8.12 8.12 8.12 8.12 8.28 8.28 8.28 8.28 8.28 8.28 8.28 8.28 8.28 8.28 8.28 8.28 8.28 8.28 8.28 8.28 8.28 8.28 8.28 8.28 8.28 8.28 8.28 8.28 8.28 8.28 8.28 8.28 8.28 8.28 8.28 8.28 8.28 8.28 8.28 8.28 8.28 8.28 8.28 8.28 8.28 8.28 8.28 8.28 8.28 8.28 8.28 8.28 8.28 8.28 8.28 8.28 8.28 8.28 8.28 8.28 8.28 8.28 8.28 8.28 8.14 8.14 8.14 8.14 8.14 8.14 8.14 8.14 8.14 8.14 8.14 8.14 8.14 8.14 8.14 8.14 8.14 8.14 8.14 8.14 8.14 8.14 8.14 8.14 8.14 8.14 8.14 8.14 8.14 
8.12 8.12 8.12 8.12 8.12 8.12 8.12 8.12 8.12 8.12 8.12 8.28 8.28 8.28 8.28 8.28 8.28 8.28 8.28 8.28 8.28 8.28 8.28 8.28 8.28 8.28 8.28 8.28 8.28 8.28 8.28 8.28 8.28 8.28 8.28 8.28 8.28 8.28 8.28 8.28 8.28 8.28 8.28 8.28 8.28 8.28 8.28 8.28 8.28 8.28 8.28 8.28 8.28 8.28 8.28 8.28 8.28 8.28 8.28 8.28 8.28 8.28 8.28 8.28 8.28 8.28 8.28 8.28 8.28 8.28 8.28 8.14 8.14 8.14 8.14 8.14 8.14 8.14 8.14 8.14 8.14 8.14 8.14 8.14 8.14 8.14 8.14 8.14 8.14 8.14 8.14 8.14 8.14 8.14 8.14 8.14 8.14 8.14 8.14 8.14 
8.12 8.12 8.12 8.12 8.12 8.12 8.12 8.12 8.12 8.12 8.12 8.28 8.28 8.28 8.28 8.28 8.28 8.28 8.28 8.28 8.28 8.28 8.28 8.28 8.28 8.28 8.28 8.28 8.28 8.28 8.28 8.28 8.28 8.28 8.28 8.28 8.28 8.28 8.28 8.28 8.28 8.28 8.28 8.28 8.28 8.28 8.28 8.28 8.28 8.28 8.28 8.28 8.28 8.28 8.28 8.28 8.28 8.28 8.28 8.28 8.28 8.28 8.28 8.28 8.28 8.28 8.28 8.28 8.28 8.28 8.28 8.14 8.14 8.14 8.14 8.14 8.14 8.14 8.14 8.14 8.14 8.14 8.14 8.14 8.14 8.14 8.14 8.14 8.14 8.14 8.14 8.14 8.14 8.14 8.14 8.14 8.14 8.14 8.14 8.14 
