ncols         100
nrows         100
xllcorner     -59982.863281
yllcorner     1851083.022172
cellsize      1000
NODATA_value  -9999
110.4 110.4 110.4 110.4 110.4 110.4 110.4 110.4 110.4 110.4 110.4 80.6 80.6 80.6 80.6 80.6 80.6 80.6 80.6 80.6 80.6 80.6 80.6 80.6 80.6 80.6 80.6 80.6 80.6 80.6 80.6 80.6 80.6 80.6 80.6 80.6 80.6 80.6 80.6 80.6 80.6 80.6 80.6 80.6 80.6 80.6 80.6 80.6 80.6 80.6 80.6 80.6 80.6 80.6 80.6 80.6 80.6 80.6 80.6 80.6 80.6 80.6 80.6 80.6 80.6 80.6 80.6 80.6 80.6 80.6 80.6 63.3 63.3 63.3 63.3 63.3 63.3 63.3 63.3 63.3 63.3 63.3 63.3 63.3 63.3 63.3 63.3 63.3 63.3 63.3 63.3 63.3 63.3 63.3 63.3 63.3 63.3 63.3 63.3 63.3 
110.4 110.4 110.4 110.4 110.4 110.4 110.4 110.4 110.4 110.4 110.4 80.6 80.6 80.6 80.6 80.6 80.6 80.6 80.6 80.6 80.6 80.6 80.6 80.6 80.6 80.6 80.6 80.6 80.6 80.6 80.6 80.6 80.6 80.6 80.6 80.6 80.6 80.6 80.6 80.6 80.6 80.6 80.6 80.6 80.6 80.6 80.6 80.6 80.6 80.6 80.6 80.6 80.6 80.6 80.6 80.6 80.6 80.6 80.6 80.6 80.6 80.6 80.6 80.6 80.6 80.6 80.6 80.6 80.6 80.6 80.6 63.3 63.3 63.3 63.3 63.3 63.3 63.3 63.3 63.3 63.3 63.3 63.3 63.3 63.3 63.3 63.3 63.3 63.3 63.3 63.3 63.3 63.3 63.3 63.3 63.3 63.3 63.3 63.3 63.3 
110.4 110.4 110.4 110.4 110.4 110.4 110.4 110.4 110.4 110.4 110.4 80.6 80.6 80.6 80.6 80.6 80.6 80.6 80.6 80.6 80.6 80.6 80.6 80.6 80.6 80.6 80.6 80.6 80.6 80.6 80.6 80.6 80.6 80.6 80.6 80.6 80.6 80.6 80.6 80.6 80.6 80.6 80.6 80.6 80.6 80.6 80.6 80.6 80.6 80.6 80.6 80.6 80.6 80.6 80.6 80.6 80.6 80.6 80.6 80.6 80.6 80.6 80.6 80.6 80.6 80.6 80.6 80.6 80.6 80.6 80.6 63.3 63.3 63.3 63.3 63.3 63.3 63.3 63.3 63.3 63.3 63.3 63.3 63.3 63.3 63.3 63.3 63.3 63.3 63.3 63.3 63.3 63.3 63.3 63.3 63.3 63.3 63.3 63.3 63.3 
110.4 110.4 110.4 110.4 110.4 110.4 110.4 110.4 110.4 110.4 110.4 80.6 80.6 80.6 80.6 80.6 80.6 80.6 80.6 80.6 80.6 80.6 80.6 80.6 80.6 80.6 80.6 80.6 80.6 80.6 80.6 80.6 80.6 80.6 80.6 80.6 80.6 80.6 80.6 80.6 80.6 80.6 80.6 80.6 80.6 80.6 80.6 80.6 80.6 80.6 80.6 80.6 80.6 80.6 80.6 80.6 80.6 80.6 80.6 80.6 80.6 80.6 80.6 80.6 80.6 80.6 80.6 80.6 80.6 80.6 80.6 63.3 63.3 63.3 63.3 63.3 63.3 63.3 63.3 63.3 63.3 63.3 63.3 63.3 63.3 63.3 63.3 63.3 63.3 63.3 63.3 63.3 63.3 63.3 63.3 63.3 63.3 63.3 63.3 63.3 
110.4 110.4 110.4 110.4 110.4 110.4 110.4 110.4 110.4 110.4 110.4 80.6 80.6 80.6 80.6 80.6 80.6 80.6 80.6 80.6 80.6 80.6 80.6 80.6 80.6 80.6 80.6 80.6 80.6 80.6 80.6 80.6 80.6 80.6 80.6 80.6 80.6 80.6 80.6 80.6 80.6 80.6 80.6 80.6 80.6 80.6 80.6 80.6 80.6 80.6 80.6 80.6 80.6 80.6 80.6 80.6 80.6 80.6 80.6 80.6 80.6 80.6 80.6 80.6 80.6 80.6 80.6 80.6 80.6 80.6 80.6 63.3 63.3 63.3 63.3 63.3 63.3 63.3 63.3 63.3 63.3 63.3 63.3 63.3 63.3 63.3 63.3 63.3 63.3 63.3 63.3 63.3 63.3 63.3 63.3 63.3 63.3 63.3 63.3 63.3 
110.4 110.4 110.4 110.4 110.4 110.4 110.4 110.4 110.4 110.4 110.4 80.6 80.6 80.6 80.6 80.6 80.6 80.6 80.6 80.6 80.6 80.6 80.6 80.6 80.6 80.6 80.6 80.6 80.6 80.6 80.6 80.6 80.6 80.6 80.6 80.6 80.6 80.6 80.6 80.6 80.6 80.6 80.6 80.6 80.6 80.6 80.6 80.6 80.6 80.6 80.6 80.6 80.6 80.6 80.6 80.6 80.6 80.6 80.6 80.6 80.6 80.6 80.6 80.6 80.6 80.6 80.6 80.6 80.6 80.6 80.6 63.3 63.3 63.3 63.3 63.3 63.3 63.3 63.3 63.3 63.3 63.3 63.3 63.3 63.3 63.3 63.3 63.3 63.3 63.3 63.3 63.3 63.3 63.3 63.3 63.3 63.3 63.3 63.3 63.3 
110.4 110.4 110.4 110.4 110.4 110.4 110.4 110.4 110.4 110.4 110.4 80.6 80.6 80.6 80.6 80.6 80.6 80.6 80.6 80.6 80.6 80.6 80.6 80.6 80.6 80.6 80.6 80.6 80.6 80.6 80.6 80.6 80.6 80.6 80.6 80.6 80.6 80.6 80.6 80.6 80.6 80.6 80.6 80.6 80.6 80.6 80.6 80.6 80.6 80.6 80.6 80.6 80.6 80.6 80.6 80.6 80.6 80.6 80.6 80.6 80.6 80.6 80.6 80.6 80.6 80.6 80.6 80.6 80.6 80.6 80.6 63.3 63.3 63.3 63.3 63.3 63.3 63.3 63.3 63.3 63.3 63.3 63.3 63.3 63.3 63.3 63.3 63.3 63.3 63.3 63.3 63.3 63.3 63.3 63.3 63.3 63.3 63.3 63.3 63.3 
110.4 110.4 110.4 110.4 110.4 110.4 110.4 110.4 110.4 110.4 110.4 80.6 80.6 80.6 80.6 80.6 80.6 80.6 80.6 80.6 80.6 80.6 80.6 80.6 80.6 80.6 80.6 80.6 80.6 80.6 80.6 80.6 80.6 80.6 80.6 80.6 80.6 80.6 80.6 80.6 80.6 80.6 80.6 80.6 80.6 80.6 80.6 80.6 80.6 80.6 80.6 80.6 80.6 80.6 80.6 80.6 80.6 80.6 80.6 80.6 80.6 80.6 80.6 80.6 80.6 80.6 80.6 80.6 80.6 80.6 80.6 63.3 63.3 63.3 63.3 63.3 63.3 63.3 63.3 63.3 63.3 63.3 63.3 63.3 63.3 63.3 63.3 63.3 63.3 63.3 63.3 63.3 63.3 63.3 63.3 63.3 63.3 63.3 63.3 63.3 
110.4 110.4 110.4 110.4 110.4 110.4 110.4 110.4 110.4 110.4 110.4 80.6 80.6 80.6 80.6 80.6 80.6 80.6 80.6 80.6 80.6 80.6 80.6 80.6 80.6 80.6 80.6 80.6 80.6 80.6 80.6 80.6 80.6 80.6 80.6 80.6 80.6 80.6 80.6 80.6 80.6 80.6 80.6 80.6 80.6 80.6 80.6 80.6 80.6 80.6 80.6 80.6 80.6 80.6 80.6 80.6 80.6 80.6 80.6 80.6 80.6 80.6 80.6 80.6 80.6 80.6 80.6 80.6 80.6 80.6 80.6 63.3 63.3 63.3 63.3 63.3 63.3 63.3 63.3 63.3 63.3 63.3 63.3 63.3 63.3 63.3 63.3 63.3 63.3 63.3 63.3 63.3 63.3 63.3 63.3 63.3 63.3 63.3 63.3 63.3 
109.9 109.9 109.9 109.9 109.9 109.9 109.9 109.9 109.9 109.9 109.9 92.4 92.4 92.4 92.4 92.4 92.4 92.4 92.4 92.4 92.4 92.4 92.4 92.4 92.4 92.4 92.4 92.4 92.4 92.4 92.4 92.4 92.4 92.4 92.4 92.4 92.4 92.4 92.4 92.4 92.4 92.4 92.4 92.4 92.4 92.4 92.4 92.4 92.4 92.4 92.4 92.4 92.4 92.4 92.4 92.4 92.4 92.4 92.4 92.4 92.4 92.4 92.4 92.4 92.4 92.4 92.4 92.4 92.4 92.4 92.4 72.8 72.8 72.8 72.8 72.8 72.8 72.8 72.8 72.8 72.8 72.8 72.8 72.8 72.8 72.8 72.8 72.8 72.8 72.8 72.8 72.8 72.8 72.8 72.8 72.8 72.8 72.8 72.8 72.8 
109.9 109.9 109.9 109.9 109.9 109.9 109.9 109.9 109.9 109.9 109.9 92.4 92.4 92.4 92.4 92.4 92.4 92.4 92.4 92.4 92.4 92.4 92.4 92.4 92.4 92.4 92.4 92.4 92.4 92.4 92.4 92.4 92.4 92.4 92.4 92.4 92.4 92.4 92.4 92.4 92.4 92.4 92.4 92.4 92.4 92.4 92.4 92.4 92.4 92.4 92.4 92.4 92.4 92.4 92.4 92.4 92.4 92.4 92.4 92.4 92.4 92.4 92.4 92.4 92.4 92.4 92.4 92.4 92.4 92.4 92.4 72.8 72.8 72.8 72.8 72.8 72.8 72.8 72.8 72.8 72.8 72.8 72.8 72.8 72.8 72.8 72.8 72.8 72.8 72.8 72.8 72.8 72.8 72.8 72.8 72.8 72.8 72.8 72.8 72.8 
109.9 109.9 109.9 109.9 109.9 109.9 109.9 109.9 109.9 109.9 109.9 92.4 92.4 92.4 92.4 92.4 92.4 92.4 92.4 92.4 92.4 92.4 92.4 92.4 92.4 92.4 92.4 92.4 92.4 92.4 92.4 92.4 92.4 92.4 92.4 92.4 92.4 92.4 92.4 92.4 92.4 92.4 92.4 92.4 92.4 92.4 92.4 92.4 92.4 92.4 92.4 92.4 92.4 92.4 92.4 92.4 92.4 92.4 92.4 92.4 92.4 92.4 92.4 92.4 92.4 92.4 92.4 92.4 92.4 92.4 92.4 72.8 72.8 72.8 72.8 72.8 72.8 72.8 72.8 72.8 72.8 72.8 72.8 72.8 72.8 72.8 72.8 72.8 72.8 72.8 72.8 72.8 72.8 72.8 72.8 72.8 72.8 72.8 72.8 72.8 
109.9 109.9 109.9 109.9 109.9 109.9 109.9 109.9 109.9 109.9 109.9 92.4 92.4 92.4 92.4 92.4 92.4 92.4 92.4 92.4 92.4 92.4 92.4 92.4 92.4 92.4 92.4 92.4 92.4 92.4 92.4 92.4 92.4 92.4 92.4 92.4 92.4 92.4 92.4 92.4 92.4 92.4 92.4 92.4 92.4 92.4 92.4 92.4 92.4 92.4 92.4 92.4 92.4 92.4 92.4 92.4 92.4 92.4 92.4 92.4 92.4 92.4 92.4 92.4 92.4 92.4 92.4 92.4 92.4 92.4 92.4 72.8 72.8 72.8 72.8 72.8 72.8 72.8 72.8 72.8 72.8 72.8 72.8 72.8 72.8 72.8 72.8 72.8 72.8 72.8 72.8 72.8 72.8 72.8 72.8 72.8 72.8 72.8 72.8 72.8 
109.9 109.9 109.9 109.9 109.9 109.9 109.9 109.9 109.9 109.9 109.9 92.4 92.4 92.4 92.4 92.4 92.4 92.4 92.4 92.4 92.4 92.4 92.4 92.4 92.4 92.4 92.4 92.4 92.4 92.4 92.4 92.4 92.4 92.4 92.4 92.4 92.4 92.4 92.4 92.4 92.4 92.4 92.4 92.4 92.4 92.4 92.4 92.4 92.4 92.4 92.4 92.4 92.4 92.4 92.4 92.4 92.4 92.4 92.4 92.4 92.4 92.4 92.4 92.4 92.4 92.4 92.4 92.4 92.4 92.4 92.4 72.8 72.8 72.8 72.8 72.8 72.8 72.8 72.8 72.8 72.8 72.8 72.8 72.8 72.8 72.8 72.8 72.8 72.8 72.8 72.8 72.8 72.8 72.8 72.8 72.8 72.8 72.8 72.8 72.8 
109.9 109.9 109.9 109.9 109.9 109.9 109.9 109.9 109.9 109.9 109.9 92.4 92.4 92.4 92.4 92.4 92.4 92.4 92.4 92.4 92.4 92.4 92.4 92.4 92.4 92.4 92.4 92.4 92.4 92.4 92.4 92.4 92.4 92.4 92.4 92.4 92.4 92.4 92.4 92.4 92.4 92.4 92.4 92.4 92.4 92.4 92.4 92.4 92.4 92.4 92.4 92.4 92.4 92.4 92.4 92.4 92.4 92.4 92.4 92.4 92.4 92.4 92.4 92.4 92.4 92.4 92.4 92.4 92.4 92.4 92.4 72.8 72.8 72.8 72.8 72.8 72.8 72.8 72.8 72.8 72.8 72.8 72.8 72.8 72.8 72.8 72.8 72.8 72.8 72.8 72.8 72.8 72.8 72.8 72.8 72.8 72.8 72.8 72.8 72.8 
109.9 109.9 109.9 109.9 109.9 109.9 109.9 109.9 109.9 109.9 109.9 92.4 92.4 92.4 92.4 92.4 92.4 92.4 92.4 92.4 92.4 92.4 92.4 92.4 92.4 92.4 92.4 92.4 92.4 92.4 92.4 92.4 92.4 92.4 92.4 92.4 92.4 92.4 92.4 92.4 92.4 92.4 92.4 92.4 92.4 92.4 92.4 92.4 92.4 92.4 92.4 92.4 92.4 92.4 92.4 92.4 92.4 92.4 92.4 92.4 92.4 92.4 92.4 92.4 92.4 92.4 92.4 92.4 92.4 92.4 92.4 72.8 72.8 72.8 72.8 72.8 72.8 72.8 72.8 72.8 72.8 72.8 72.8 72.8 72.8 72.8 72.8 72.8 72.8 72.8 72.8 72.8 72.8 72.8 72.8 72.8 72.8 72.8 72.8 72.8 
109.9 109.9 109.9 109.9 109.9 109.9 109.9 109.9 109.9 109.9 109.9 92.4 92.4 92.4 92.4 92.4 92.4 92.4 92.4 92.4 92.4 92.4 92.4 92.4 92.4 92.4 92.4 92.4 92.4 92.4 92.4 92.4 92.4 92.4 92.4 92.4 92.4 92.4 92.4 92.4 92.4 92.4 92.4 92.4 92.4 92.4 92.4 92.4 92.4 92.4 92.4 92.4 92.4 92.4 92.4 92.4 92.4 92.4 92.4 92.4 92.4 92.4 92.4 92.4 92.4 92.4 92.4 92.4 92.4 92.4 92.4 72.8 72.8 72.8 72.8 72.8 72.8 72.8 72.8 72.8 72.8 72.8 72.8 72.8 72.8 72.8 72.8 72.8 72.8 72.8 72.8 72.8 72.8 72.8 72.8 72.8 72.8 72.8 72.8 72.8 
109.9 109.9 109.9 109.9 109.9 109.9 109.9 109.9 109.9 109.9 109.9 92.4 92.4 92.4 92.4 92.4 92.4 92.4 92.4 92.4 92.4 92.4 92.4 92.4 92.4 92.4 92.4 92.4 92.4 92.4 92.4 92.4 92.4 92.4 92.4 92.4 92.4 92.4 92.4 92.4 92.4 92.4 92.4 92.4 92.4 92.4 92.4 92.4 92.4 92.4 92.4 92.4 92.4 92.4 92.4 92.4 92.4 92.4 92.4 92.4 92.4 92.4 92.4 92.4 92.4 92.4 92.4 92.4 92.4 92.4 92.4 72.8 72.8 72.8 72.8 72.8 72.8 72.8 72.8 72.8 72.8 72.8 72.8 72.8 72.8 72.8 72.8 72.8 72.8 72.8 72.8 72.8 72.8 72.8 72.8 72.8 72.8 72.8 72.8 72.8 
109.9 109.9 109.9 109.9 109.9 109.9 109.9 109.9 109.9 109.9 109.9 92.4 92.4 92.4 92.4 92.4 92.4 92.4 92.4 92.4 92.4 92.4 92.4 92.4 92.4 92.4 92.4 92.4 92.4 92.4 92.4 92.4 92.4 92.4 92.4 92.4 92.4 92.4 92.4 92.4 92.4 92.4 92.4 92.4 92.4 92.4 92.4 92.4 92.4 92.4 92.4 92.4 92.4 92.4 92.4 92.4 92.4 92.4 92.4 92.4 92.4 92.4 92.4 92.4 92.4 92.4 92.4 92.4 92.4 92.4 92.4 72.8 72.8 72.8 72.8 72.8 72.8 72.8 72.8 72.8 72.8 72.8 72.8 72.8 72.8 72.8 72.8 72.8 72.8 72.8 72.8 72.8 72.8 72.8 72.8 72.8 72.8 72.8 72.8 72.8 
109.9 109.9 109.9 109.9 109.9 109.9 109.9 109.9 109.9 109.9 109.9 92.4 92.4 92.4 92.4 92.4 92.4 92.4 92.4 92.4 92.4 92.4 92.4 92.4 92.4 92.4 92.4 92.4 92.4 92.4 92.4 92.4 92.4 92.4 92.4 92.4 92.4 92.4 92.4 92.4 92.4 92.4 92.4 92.4 92.4 92.4 92.4 92.4 92.4 92.4 92.4 92.4 92.4 92.4 92.4 92.4 92.4 92.4 92.4 92.4 92.4 92.4 92.4 92.4 92.4 92.4 92.4 92.4 92.4 92.4 92.4 72.8 72.8 72.8 72.8 72.8 72.8 72.8 72.8 72.8 72.8 72.8 72.8 72.8 72.8 72.8 72.8 72.8 72.8 72.8 72.8 72.8 72.8 72.8 72.8 72.8 72.8 72.8 72.8 72.8 
109.9 109.9 109.9 109.9 109.9 109.9 109.9 109.9 109.9 109.9 109.9 92.4 92.4 92.4 92.4 92.4 92.4 92.4 92.4 92.4 92.4 92.4 92.4 92.4 92.4 92.4 92.4 92.4 92.4 92.4 92.4 92.4 92.4 92.4 92.4 92.4 92.4 92.4 92.4 92.4 92.4 92.4 92.4 92.4 92.4 92.4 92.4 92.4 92.4 92.4 92.4 92.4 92.4 92.4 92.4 92.4 92.4 92.4 92.4 92.4 92.4 92.4 92.4 92.4 92.4 92.4 92.4 92.4 92.4 92.4 92.4 72.8 72.8 72.8 72.8 72.8 72.8 72.8 72.8 72.8 72.8 72.8 72.8 72.8 72.8 72.8 72.8 72.8 72.8 72.8 72.8 72.8 72.8 72.8 72.8 72.8 72.8 72.8 72.8 72.8 
109.9 109.9 109.9 109.9 109.9 109.9 109.9 109.9 109.9 109.9 109.9 92.4 92.4 92.4 92.4 92.4 92.4 92.4 92.4 92.4 92.4 92.4 92.4 92.4 92.4 92.4 92.4 92.4 92.4 92.4 92.4 92.4 92.4 92.4 92.4 92.4 92.4 92.4 92.4 92.4 92.4 92.4 92.4 92.4 92.4 92.4 92.4 92.4 92.4 92.4 92.4 92.4 92.4 92.4 92.4 92.4 92.4 92.4 92.4 92.4 92.4 92.4 92.4 92.4 92.4 92.4 92.4 92.4 92.4 92.4 92.4 72.8 72.8 72.8 72.8 72.8 72.8 72.8 72.8 72.8 72.8 72.8 72.8 72.8 72.8 72.8 72.8 72.8 72.8 72.8 72.8 72.8 72.8 72.8 72.8 72.8 72.8 72.8 72.8 72.8 
109.9 109.9 109.9 109.9 109.9 109.9 109.9 109.9 109.9 109.9 109.9 92.4 92.4 92.4 92.4 92.4 92.4 92.4 92.4 92.4 92.4 92.4 92.4 92.4 92.4 92.4 92.4 92.4 92.4 92.4 92.4 92.4 92.4 92.4 92.4 92.4 92.4 92.4 92.4 92.4 92.4 92.4 92.4 92.4 92.4 92.4 92.4 92.4 92.4 92.4 92.4 92.4 92.4 92.4 92.4 92.4 92.4 92.4 92.4 92.4 92.4 92.4 92.4 92.4 92.4 92.4 92.4 92.4 92.4 92.4 92.4 72.8 72.8 72.8 72.8 72.8 72.8 72.8 72.8 72.8 72.8 72.8 72.8 72.8 72.8 72.8 72.8 72.8 72.8 72.8 72.8 72.8 72.8 72.8 72.8 72.8 72.8 72.8 72.8 72.8 
109.9 109.9 109.9 109.9 109.9 109.9 109.9 109.9 109.9 109.9 109.9 92.4 92.4 92.4 92.4 92.4 92.4 92.4 92.4 92.4 92.4 92.4 92.4 92.4 92.4 92.4 92.4 92.4 92.4 92.4 92.4 92.4 92.4 92.4 92.4 92.4 92.4 92.4 92.4 92.4 92.4 92.4 92.4 92.4 92.4 92.4 92.4 92.4 92.4 92.4 92.4 92.4 92.4 92.4 92.4 92.4 92.4 92.4 92.4 92.4 92.4 92.4 92.4 92.4 92.4 92.4 92.4 92.4 92.4 92.4 92.4 72.8 72.8 72.8 72.8 72.8 72.8 72.8 72.8 72.8 72.8 72.8 72.8 72.8 72.8 72.8 72.8 72.8 72.8 72.8 72.8 72.8 72.8 72.8 72.8 72.8 72.8 72.8 72.8 72.8 
109.9 109.9 109.9 109.9 109.9 109.9 109.9 109.9 109.9 109.9 109.9 92.4 92.4 92.4 92.4 92.4 92.4 92.4 92.4 92.4 92.4 92.4 92.4 92.4 92.4 92.4 92.4 92.4 92.4 92.4 92.4 92.4 92.4 92.4 92.4 92.4 92.4 92.4 92.4 92.4 92.4 92.4 92.4 92.4 92.4 92.4 92.4 92.4 92.4 92.4 92.4 92.4 92.4 92.4 92.4 92.4 92.4 92.4 92.4 92.4 92.4 92.4 92.4 92.4 92.4 92.4 92.4 92.4 92.4 92.4 92.4 72.8 72.8 72.8 72.8 72.8 72.8 72.8 72.8 72.8 72.8 72.8 72.8 72.8 72.8 72.8 72.8 72.8 72.8 72.8 72.8 72.8 72.8 72.8 72.8 72.8 72.8 72.8 72.8 72.8 
109.9 109.9 109.9 109.9 109.9 109.9 109.9 109.9 109.9 109.9 109.9 92.4 92.4 92.4 92.4 92.4 92.4 92.4 92.4 92.4 92.4 92.4 92.4 92.4 92.4 92.4 92.4 92.4 92.4 92.4 92.4 92.4 92.4 92.4 92.4 92.4 92.4 92.4 92.4 92.4 92.4 92.4 92.4 92.4 92.4 92.4 92.4 92.4 92.4 92.4 92.4 92.4 92.4 92.4 92.4 92.4 92.4 92.4 92.4 92.4 92.4 92.4 92.4 92.4 92.4 92.4 92.4 92.4 92.4 92.4 92.4 72.8 72.8 72.8 72.8 72.8 72.8 72.8 72.8 72.8 72.8 72.8 72.8 72.8 72.8 72.8 72.8 72.8 72.8 72.8 72.8 72.8 72.8 72.8 72.8 72.8 72.8 72.8 72.8 72.8 
109.9 109.9 109.9 109.9 109.9 109.9 109.9 109.9 109.9 109.9 109.9 92.4 92.4 92.4 92.4 92.4 92.4 92.4 92.4 92.4 92.4 92.4 92.4 92.4 92.4 92.4 92.4 92.4 92.4 92.4 92.4 92.4 92.4 92.4 92.4 92.4 92.4 92.4 92.4 92.4 92.4 92.4 92.4 92.4 92.4 92.4 92.4 92.4 92.4 92.4 92.4 92.4 92.4 92.4 92.4 92.4 92.4 92.4 92.4 92.4 92.4 92.4 92.4 92.4 92.4 92.4 92.4 92.4 92.4 92.4 92.4 72.8 72.8 72.8 72.8 72.8 72.8 72.8 72.8 72.8 72.8 72.8 72.8 72.8 72.8 72.8 72.8 72.8 72.8 72.8 72.8 72.8 72.8 72.8 72.8 72.8 72.8 72.8 72.8 72.8 
109.9 109.9 109.9 109.9 109.9 109.9 109.9 109.9 109.9 109.9 109.9 92.4 92.4 92.4 92.4 92.4 92.4 92.4 92.4 92.4 92.4 92.4 92.4 92.4 92.4 92.4 92.4 92.4 92.4 92.4 92.4 92.4 92.4 92.4 92.4 92.4 92.4 92.4 92.4 92.4 92.4 92.4 92.4 92.4 92.4 92.4 92.4 92.4 92.4 92.4 92.4 92.4 92.4 92.4 92.4 92.4 92.4 92.4 92.4 92.4 92.4 92.4 92.4 92.4 92.4 92.4 92.4 92.4 92.4 92.4 92.4 72.8 72.8 72.8 72.8 72.8 72.8 72.8 72.8 72.8 72.8 72.8 72.8 72.8 72.8 72.8 72.8 72.8 72.8 72.8 72.8 72.8 72.8 72.8 72.8 72.8 72.8 72.8 72.8 72.8 
109.9 109.9 109.9 109.9 109.9 109.9 109.9 109.9 109.9 109.9 109.9 92.4 92.4 92.4 92.4 92.4 92.4 92.4 92.4 92.4 92.4 92.4 92.4 92.4 92.4 92.4 92.4 92.4 92.4 92.4 92.4 92.4 92.4 92.4 92.4 92.4 92.4 92.4 92.4 92.4 92.4 92.4 92.4 92.4 92.4 92.4 92.4 92.4 92.4 92.4 92.4 92.4 92.4 92.4 92.4 92.4 92.4 92.4 92.4 92.4 92.4 92.4 92.4 92.4 92.4 92.4 92.4 92.4 92.4 92.4 92.4 72.8 72.8 72.8 72.8 72.8 72.8 72.8 72.8 72.8 72.8 72.8 72.8 72.8 72.8 72.8 72.8 72.8 72.8 72.8 72.8 72.8 72.8 72.8 72.8 72.8 72.8 72.8 72.8 72.8 
109.9 109.9 109.9 109.9 109.9 109.9 109.9 109.9 109.9 109.9 109.9 92.4 92.4 92.4 92.4 92.4 92.4 92.4 92.4 92.4 92.4 92.4 92.4 92.4 92.4 92.4 92.4 92.4 92.4 92.4 92.4 92.4 92.4 92.4 92.4 92.4 92.4 92.4 92.4 92.4 92.4 92.4 92.4 92.4 92.4 92.4 92.4 92.4 92.4 92.4 92.4 92.4 92.4 92.4 92.4 92.4 92.4 92.4 92.4 92.4 92.4 92.4 92.4 92.4 92.4 92.4 92.4 92.4 92.4 92.4 92.4 72.8 72.8 72.8 72.8 72.8 72.8 72.8 72.8 72.8 72.8 72.8 72.8 72.8 72.8 72.8 72.8 72.8 72.8 72.8 72.8 72.8 72.8 72.8 72.8 72.8 72.8 72.8 72.8 72.8 
109.9 109.9 109.9 109.9 109.9 109.9 109.9 109.9 109.9 109.9 109.9 92.4 92.4 92.4 92.4 92.4 92.4 92.4 92.4 92.4 92.4 92.4 92.4 92.4 92.4 92.4 92.4 92.4 92.4 92.4 92.4 92.4 92.4 92.4 92.4 92.4 92.4 92.4 92.4 92.4 92.4 92.4 92.4 92.4 92.4 92.4 92.4 92.4 92.4 92.4 92.4 92.4 92.4 92.4 92.4 92.4 92.4 92.4 92.4 92.4 92.4 92.4 92.4 92.4 92.4 92.4 92.4 92.4 92.4 92.4 92.4 72.8 72.8 72.8 72.8 72.8 72.8 72.8 72.8 72.8 72.8 72.8 72.8 72.8 72.8 72.8 72.8 72.8 72.8 72.8 72.8 72.8 72.8 72.8 72.8 72.8 72.8 72.8 72.8 72.8 
109.9 109.9 109.9 109.9 109.9 109.9 109.9 109.9 109.9 109.9 109.9 92.4 92.4 92.4 92.4 92.4 92.4 92.4 92.4 92.4 92.4 92.4 92.4 92.4 92.4 92.4 92.4 92.4 92.4 92.4 92.4 92.4 92.4 92.4 92.4 92.4 92.4 92.4 92.4 92.4 92.4 92.4 92.4 92.4 92.4 92.4 92.4 92.4 92.4 92.4 92.4 92.4 92.4 92.4 92.4 92.4 92.4 92.4 92.4 92.4 92.4 92.4 92.4 92.4 92.4 92.4 92.4 92.4 92.4 92.4 92.4 72.8 72.8 72.8 72.8 72.8 72.8 72.8 72.8 72.8 72.8 72.8 72.8 72.8 72.8 72.8 72.8 72.8 72.8 72.8 72.8 72.8 72.8 72.8 72.8 72.8 72.8 72.8 72.8 72.8 
109.9 109.9 109.9 109.9 109.9 109.9 109.9 109.9 109.9 109.9 109.9 92.4 92.4 92.4 92.4 92.4 92.4 92.4 92.4 92.4 92.4 92.4 92.4 92.4 92.4 92.4 92.4 92.4 92.4 92.4 92.4 92.4 92.4 92.4 92.4 92.4 92.4 92.4 92.4 92.4 92.4 92.4 92.4 92.4 92.4 92.4 92.4 92.4 92.4 92.4 92.4 92.4 92.4 92.4 92.4 92.4 92.4 92.4 92.4 92.4 92.4 92.4 92.4 92.4 92.4 92.4 92.4 92.4 92.4 92.4 92.4 72.8 72.8 72.8 72.8 72.8 72.8 72.8 72.8 72.8 72.8 72.8 72.8 72.8 72.8 72.8 72.8 72.8 72.8 72.8 72.8 72.8 72.8 72.8 72.8 72.8 72.8 72.8 72.8 72.8 
109.9 109.9 109.9 109.9 109.9 109.9 109.9 109.9 109.9 109.9 109.9 92.4 92.4 92.4 92.4 92.4 92.4 92.4 92.4 92.4 92.4 92.4 92.4 92.4 92.4 92.4 92.4 92.4 92.4 92.4 92.4 92.4 92.4 92.4 92.4 92.4 92.4 92.4 92.4 92.4 92.4 92.4 92.4 92.4 92.4 92.4 92.4 92.4 92.4 92.4 92.4 92.4 92.4 92.4 92.4 92.4 92.4 92.4 92.4 92.4 92.4 92.4 92.4 92.4 92.4 92.4 92.4 92.4 92.4 92.4 92.4 72.8 72.8 72.8 72.8 72.8 72.8 72.8 72.8 72.8 72.8 72.8 72.8 72.8 72.8 72.8 72.8 72.8 72.8 72.8 72.8 72.8 72.8 72.8 72.8 72.8 72.8 72.8 72.8 72.8 
109.9 109.9 109.9 109.9 109.9 109.9 109.9 109.9 109.9 109.9 109.9 92.4 92.4 92.4 92.4 92.4 92.4 92.4 92.4 92.4 92.4 92.4 92.4 92.4 92.4 92.4 92.4 92.4 92.4 92.4 92.4 92.4 92.4 92.4 92.4 92.4 92.4 92.4 92.4 92.4 92.4 92.4 92.4 92.4 92.4 92.4 92.4 92.4 92.4 92.4 92.4 92.4 92.4 92.4 92.4 92.4 92.4 92.4 92.4 92.4 92.4 92.4 92.4 92.4 92.4 92.4 92.4 92.4 92.4 92.4 92.4 72.8 72.8 72.8 72.8 72.8 72.8 72.8 72.8 72.8 72.8 72.8 72.8 72.8 72.8 72.8 72.8 72.8 72.8 72.8 72.8 72.8 72.8 72.8 72.8 72.8 72.8 72.8 72.8 72.8 
109.9 109.9 109.9 109.9 109.9 109.9 109.9 109.9 109.9 109.9 109.9 92.4 92.4 92.4 92.4 92.4 92.4 92.4 92.4 92.4 92.4 92.4 92.4 92.4 92.4 92.4 92.4 92.4 92.4 92.4 92.4 92.4 92.4 92.4 92.4 92.4 92.4 92.4 92.4 92.4 92.4 92.4 92.4 92.4 92.4 92.4 92.4 92.4 92.4 92.4 92.4 92.4 92.4 92.4 92.4 92.4 92.4 92.4 92.4 92.4 92.4 92.4 92.4 92.4 92.4 92.4 92.4 92.4 92.4 92.4 92.4 72.8 72.8 72.8 72.8 72.8 72.8 72.8 72.8 72.8 72.8 72.8 72.8 72.8 72.8 72.8 72.8 72.8 72.8 72.8 72.8 72.8 72.8 72.8 72.8 72.8 72.8 72.8 72.8 72.8 
109.9 109.9 109.9 109.9 109.9 109.9 109.9 109.9 109.9 109.9 109.9 92.4 92.4 92.4 92.4 92.4 92.4 92.4 92.4 92.4 92.4 92.4 92.4 92.4 92.4 92.4 92.4 92.4 92.4 92.4 92.4 92.4 92.4 92.4 92.4 92.4 92.4 92.4 92.4 92.4 92.4 92.4 92.4 92.4 92.4 92.4 92.4 92.4 92.4 92.4 92.4 92.4 92.4 92.4 92.4 92.4 92.4 92.4 92.4 92.4 92.4 92.4 92.4 92.4 92.4 92.4 92.4 92.4 92.4 92.4 92.4 72.8 72.8 72.8 72.8 72.8 72.8 72.8 72.8 72.8 72.8 72.8 72.8 72.8 72.8 72.8 72.8 72.8 72.8 72.8 72.8 72.8 72.8 72.8 72.8 72.8 72.8 72.8 72.8 72.8 
109.9 109.9 109.9 109.9 109.9 109.9 109.9 109.9 109.9 109.9 109.9 92.4 92.4 92.4 92.4 92.4 92.4 92.4 92.4 92.4 92.4 92.4 92.4 92.4 92.4 92.4 92.4 92.4 92.4 92.4 92.4 92.4 92.4 92.4 92.4 92.4 92.4 92.4 92.4 92.4 92.4 92.4 92.4 92.4 92.4 92.4 92.4 92.4 92.4 92.4 92.4 92.4 92.4 92.4 92.4 92.4 92.4 92.4 92.4 92.4 92.4 92.4 92.4 92.4 92.4 92.4 92.4 92.4 92.4 92.4 92.4 72.8 72.8 72.8 72.8 72.8 72.8 72.8 72.8 72.8 72.8 72.8 72.8 72.8 72.8 72.8 72.8 72.8 72.8 72.8 72.8 72.8 72.8 72.8 72.8 72.8 72.8 72.8 72.8 72.8 
109.9 109.9 109.9 109.9 109.9 109.9 109.9 109.9 109.9 109.9 109.9 92.4 92.4 92.4 92.4 92.4 92.4 92.4 92.4 92.4 92.4 92.4 92.4 92.4 92.4 92.4 92.4 92.4 92.4 92.4 92.4 92.4 92.4 92.4 92.4 92.4 92.4 92.4 92.4 92.4 92.4 92.4 92.4 92.4 92.4 92.4 92.4 92.4 92.4 92.4 92.4 92.4 92.4 92.4 92.4 92.4 92.4 92.4 92.4 92.4 92.4 92.4 92.4 92.4 92.4 92.4 92.4 92.4 92.4 92.4 92.4 72.8 72.8 72.8 72.8 72.8 72.8 72.8 72.8 72.8 72.8 72.8 72.8 72.8 72.8 72.8 72.8 72.8 72.8 72.8 72.8 72.8 72.8 72.8 72.8 72.8 72.8 72.8 72.8 72.8 
109.9 109.9 109.9 109.9 109.9 109.9 109.9 109.9 109.9 109.9 109.9 92.4 92.4 92.4 92.4 92.4 92.4 92.4 92.4 92.4 92.4 92.4 92.4 92.4 92.4 92.4 92.4 92.4 92.4 92.4 92.4 92.4 92.4 92.4 92.4 92.4 92.4 92.4 92.4 92.4 92.4 92.4 92.4 92.4 92.4 92.4 92.4 92.4 92.4 92.4 92.4 92.4 92.4 92.4 92.4 92.4 92.4 92.4 92.4 92.4 92.4 92.4 92.4 92.4 92.4 92.4 92.4 92.4 92.4 92.4 92.4 72.8 72.8 72.8 72.8 72.8 72.8 72.8 72.8 72.8 72.8 72.8 72.8 72.8 72.8 72.8 72.8 72.8 72.8 72.8 72.8 72.8 72.8 72.8 72.8 72.8 72.8 72.8 72.8 72.8 
109.9 109.9 109.9 109.9 109.9 109.9 109.9 109.9 109.9 109.9 109.9 92.4 92.4 92.4 92.4 92.4 92.4 92.4 92.4 92.4 92.4 92.4 92.4 92.4 92.4 92.4 92.4 92.4 92.4 92.4 92.4 92.4 92.4 92.4 92.4 92.4 92.4 92.4 92.4 92.4 92.4 92.4 92.4 92.4 92.4 92.4 92.4 92.4 92.4 92.4 92.4 92.4 92.4 92.4 92.4 92.4 92.4 92.4 92.4 92.4 92.4 92.4 92.4 92.4 92.4 92.4 92.4 92.4 92.4 92.4 92.4 72.8 72.8 72.8 72.8 72.8 72.8 72.8 72.8 72.8 72.8 72.8 72.8 72.8 72.8 72.8 72.8 72.8 72.8 72.8 72.8 72.8 72.8 72.8 72.8 72.8 72.8 72.8 72.8 72.8 
109.9 109.9 109.9 109.9 109.9 109.9 109.9 109.9 109.9 109.9 109.9 92.4 92.4 92.4 92.4 92.4 92.4 92.4 92.4 92.4 92.4 92.4 92.4 92.4 92.4 92.4 92.4 92.4 92.4 92.4 92.4 92.4 92.4 92.4 92.4 92.4 92.4 92.4 92.4 92.4 92.4 92.4 92.4 92.4 92.4 92.4 92.4 92.4 92.4 92.4 92.4 92.4 92.4 92.4 92.4 92.4 92.4 92.4 92.4 92.4 92.4 92.4 92.4 92.4 92.4 92.4 92.4 92.4 92.4 92.4 92.4 72.8 72.8 72.8 72.8 72.8 72.8 72.8 72.8 72.8 72.8 72.8 72.8 72.8 72.8 72.8 72.8 72.8 72.8 72.8 72.8 72.8 72.8 72.8 72.8 72.8 72.8 72.8 72.8 72.8 
109.9 109.9 109.9 109.9 109.9 109.9 109.9 109.9 109.9 109.9 109.9 92.4 92.4 92.4 92.4 92.4 92.4 92.4 92.4 92.4 92.4 92.4 92.4 92.4 92.4 92.4 92.4 92.4 92.4 92.4 92.4 92.4 92.4 92.4 92.4 92.4 92.4 92.4 92.4 92.4 92.4 92.4 92.4 92.4 92.4 92.4 92.4 92.4 92.4 92.4 92.4 92.4 92.4 92.4 92.4 92.4 92.4 92.4 92.4 92.4 92.4 92.4 92.4 92.4 92.4 92.4 92.4 92.4 92.4 92.4 92.4 72.8 72.8 72.8 72.8 72.8 72.8 72.8 72.8 72.8 72.8 72.8 72.8 72.8 72.8 72.8 72.8 72.8 72.8 72.8 72.8 72.8 72.8 72.8 72.8 72.8 72.8 72.8 72.8 72.8 
109.9 109.9 109.9 109.9 109.9 109.9 109.9 109.9 109.9 109.9 109.9 92.4 92.4 92.4 92.4 92.4 92.4 92.4 92.4 92.4 92.4 92.4 92.4 92.4 92.4 92.4 92.4 92.4 92.4 92.4 92.4 92.4 92.4 92.4 92.4 92.4 92.4 92.4 92.4 92.4 92.4 92.4 92.4 92.4 92.4 92.4 92.4 92.4 92.4 92.4 92.4 92.4 92.4 92.4 92.4 92.4 92.4 92.4 92.4 92.4 92.4 92.4 92.4 92.4 92.4 92.4 92.4 92.4 92.4 92.4 92.4 72.8 72.8 72.8 72.8 72.8 72.8 72.8 72.8 72.8 72.8 72.8 72.8 72.8 72.8 72.8 72.8 72.8 72.8 72.8 72.8 72.8 72.8 72.8 72.8 72.8 72.8 72.8 72.8 72.8 
109.9 109.9 109.9 109.9 109.9 109.9 109.9 109.9 109.9 109.9 109.9 92.4 92.4 92.4 92.4 92.4 92.4 92.4 92.4 92.4 92.4 92.4 92.4 92.4 92.4 92.4 92.4 92.4 92.4 92.4 92.4 92.4 92.4 92.4 92.4 92.4 92.4 92.4 92.4 92.4 92.4 92.4 92.4 92.4 92.4 92.4 92.4 92.4 92.4 92.4 92.4 92.4 92.4 92.4 92.4 92.4 92.4 92.4 92.4 92.4 92.4 92.4 92.4 92.4 92.4 92.4 92.4 92.4 92.4 92.4 92.4 72.8 72.8 72.8 72.8 72.8 72.8 72.8 72.8 72.8 72.8 72.8 72.8 72.8 72.8 72.8 72.8 72.8 72.8 72.8 72.8 72.8 72.8 72.8 72.8 72.8 72.8 72.8 72.8 72.8 
109.9 109.9 109.9 109.9 109.9 109.9 109.9 109.9 109.9 109.9 109.9 92.4 92.4 92.4 92.4 92.4 92.4 92.4 92.4 92.4 92.4 92.4 92.4 92.4 92.4 92.4 92.4 92.4 92.4 92.4 92.4 92.4 92.4 92.4 92.4 92.4 92.4 92.4 92.4 92.4 92.4 92.4 92.4 92.4 92.4 92.4 92.4 92.4 92.4 92.4 92.4 92.4 92.4 92.4 92.4 92.4 92.4 92.4 92.4 92.4 92.4 92.4 92.4 92.4 92.4 92.4 92.4 92.4 92.4 92.4 92.4 72.8 72.8 72.8 72.8 72.8 72.8 72.8 72.8 72.8 72.8 72.8 72.8 72.8 72.8 72.8 72.8 72.8 72.8 72.8 72.8 72.8 72.8 72.8 72.8 72.8 72.8 72.8 72.8 72.8 
109.9 109.9 109.9 109.9 109.9 109.9 109.9 109.9 109.9 109.9 109.9 92.4 92.4 92.4 92.4 92.4 92.4 92.4 92.4 92.4 92.4 92.4 92.4 92.4 92.4 92.4 92.4 92.4 92.4 92.4 92.4 92.4 92.4 92.4 92.4 92.4 92.4 92.4 92.4 92.4 92.4 92.4 92.4 92.4 92.4 92.4 92.4 92.4 92.4 92.4 92.4 92.4 92.4 92.4 92.4 92.4 92.4 92.4 92.4 92.4 92.4 92.4 92.4 92.4 92.4 92.4 92.4 92.4 92.4 92.4 92.4 72.8 72.8 72.8 72.8 72.8 72.8 72.8 72.8 72.8 72.8 72.8 72.8 72.8 72.8 72.8 72.8 72.8 72.8 72.8 72.8 72.8 72.8 72.8 72.8 72.8 72.8 72.8 72.8 72.8 
109.9 109.9 109.9 109.9 109.9 109.9 109.9 109.9 109.9 109.9 109.9 92.4 92.4 92.4 92.4 92.4 92.4 92.4 92.4 92.4 92.4 92.4 92.4 92.4 92.4 92.4 92.4 92.4 92.4 92.4 92.4 92.4 92.4 92.4 92.4 92.4 92.4 92.4 92.4 92.4 92.4 92.4 92.4 92.4 92.4 92.4 92.4 92.4 92.4 92.4 92.4 92.4 92.4 92.4 92.4 92.4 92.4 92.4 92.4 92.4 92.4 92.4 92.4 92.4 92.4 92.4 92.4 92.4 92.4 92.4 92.4 72.8 72.8 72.8 72.8 72.8 72.8 72.8 72.8 72.8 72.8 72.8 72.8 72.8 72.8 72.8 72.8 72.8 72.8 72.8 72.8 72.8 72.8 72.8 72.8 72.8 72.8 72.8 72.8 72.8 
109.9 109.9 109.9 109.9 109.9 109.9 109.9 109.9 109.9 109.9 109.9 92.4 92.4 92.4 92.4 92.4 92.4 92.4 92.4 92.4 92.4 92.4 92.4 92.4 92.4 92.4 92.4 92.4 92.4 92.4 92.4 92.4 92.4 92.4 92.4 92.4 92.4 92.4 92.4 92.4 92.4 92.4 92.4 92.4 92.4 92.4 92.4 92.4 92.4 92.4 92.4 92.4 92.4 92.4 92.4 92.4 92.4 92.4 92.4 92.4 92.4 92.4 92.4 92.4 92.4 92.4 92.4 92.4 92.4 92.4 92.4 72.8 72.8 72.8 72.8 72.8 72.8 72.8 72.8 72.8 72.8 72.8 72.8 72.8 72.8 72.8 72.8 72.8 72.8 72.8 72.8 72.8 72.8 72.8 72.8 72.8 72.8 72.8 72.8 72.8 
109.9 109.9 109.9 109.9 109.9 109.9 109.9 109.9 109.9 109.9 109.9 92.4 92.4 92.4 92.4 92.4 92.4 92.4 92.4 92.4 92.4 92.4 92.4 92.4 92.4 92.4 92.4 92.4 92.4 92.4 92.4 92.4 92.4 92.4 92.4 92.4 92.4 92.4 92.4 92.4 92.4 92.4 92.4 92.4 92.4 92.4 92.4 92.4 92.4 92.4 92.4 92.4 92.4 92.4 92.4 92.4 92.4 92.4 92.4 92.4 92.4 92.4 92.4 92.4 92.4 92.4 92.4 92.4 92.4 92.4 92.4 72.8 72.8 72.8 72.8 72.8 72.8 72.8 72.8 72.8 72.8 72.8 72.8 72.8 72.8 72.8 72.8 72.8 72.8 72.8 72.8 72.8 72.8 72.8 72.8 72.8 72.8 72.8 72.8 72.8 
109.9 109.9 109.9 109.9 109.9 109.9 109.9 109.9 109.9 109.9 109.9 92.4 92.4 92.4 92.4 92.4 92.4 92.4 92.4 92.4 92.4 92.4 92.4 92.4 92.4 92.4 92.4 92.4 92.4 92.4 92.4 92.4 92.4 92.4 92.4 92.4 92.4 92.4 92.4 92.4 92.4 92.4 92.4 92.4 92.4 92.4 92.4 92.4 92.4 92.4 92.4 92.4 92.4 92.4 92.4 92.4 92.4 92.4 92.4 92.4 92.4 92.4 92.4 92.4 92.4 92.4 92.4 92.4 92.4 92.4 92.4 72.8 72.8 72.8 72.8 72.8 72.8 72.8 72.8 72.8 72.8 72.8 72.8 72.8 72.8 72.8 72.8 72.8 72.8 72.8 72.8 72.8 72.8 72.8 72.8 72.8 72.8 72.8 72.8 72.8 
109.9 109.9 109.9 109.9 109.9 109.9 109.9 109.9 109.9 109.9 109.9 92.4 92.4 92.4 92.4 92.4 92.4 92.4 92.4 92.4 92.4 92.4 92.4 92.4 92.4 92.4 92.4 92.4 92.4 92.4 92.4 92.4 92.4 92.4 92.4 92.4 92.4 92.4 92.4 92.4 92.4 92.4 92.4 92.4 92.4 92.4 92.4 92.4 92.4 92.4 92.4 92.4 92.4 92.4 92.4 92.4 92.4 92.4 92.4 92.4 92.4 92.4 92.4 92.4 92.4 92.4 92.4 92.4 92.4 92.4 92.4 72.8 72.8 72.8 72.8 72.8 72.8 72.8 72.8 72.8 72.8 72.8 72.8 72.8 72.8 72.8 72.8 72.8 72.8 72.8 72.8 72.8 72.8 72.8 72.8 72.8 72.8 72.8 72.8 72.8 
109.9 109.9 109.9 109.9 109.9 109.9 109.9 109.9 109.9 109.9 109.9 92.4 92.4 92.4 92.4 92.4 92.4 92.4 92.4 92.4 92.4 92.4 92.4 92.4 92.4 92.4 92.4 92.4 92.4 92.4 92.4 92.4 92.4 92.4 92.4 92.4 92.4 92.4 92.4 92.4 92.4 92.4 92.4 92.4 92.4 92.4 92.4 92.4 92.4 92.4 92.4 92.4 92.4 92.4 92.4 92.4 92.4 92.4 92.4 92.4 92.4 92.4 92.4 92.4 92.4 92.4 92.4 92.4 92.4 92.4 92.4 72.8 72.8 72.8 72.8 72.8 72.8 72.8 72.8 72.8 72.8 72.8 72.8 72.8 72.8 72.8 72.8 72.8 72.8 72.8 72.8 72.8 72.8 72.8 72.8 72.8 72.8 72.8 72.8 72.8 
109.9 109.9 109.9 109.9 109.9 109.9 109.9 109.9 109.9 109.9 109.9 92.4 92.4 92.4 92.4 92.4 92.4 92.4 92.4 92.4 92.4 92.4 92.4 92.4 92.4 92.4 92.4 92.4 92.4 92.4 92.4 92.4 92.4 92.4 92.4 92.4 92.4 92.4 92.4 92.4 92.4 92.4 92.4 92.4 92.4 92.4 92.4 92.4 92.4 92.4 92.4 92.4 92.4 92.4 92.4 92.4 92.4 92.4 92.4 92.4 92.4 92.4 92.4 92.4 92.4 92.4 92.4 92.4 92.4 92.4 92.4 72.8 72.8 72.8 72.8 72.8 72.8 72.8 72.8 72.8 72.8 72.8 72.8 72.8 72.8 72.8 72.8 72.8 72.8 72.8 72.8 72.8 72.8 72.8 72.8 72.8 72.8 72.8 72.8 72.8 
109.9 109.9 109.9 109.9 109.9 109.9 109.9 109.9 109.9 109.9 109.9 92.4 92.4 92.4 92.4 92.4 92.4 92.4 92.4 92.4 92.4 92.4 92.4 92.4 92.4 92.4 92.4 92.4 92.4 92.4 92.4 92.4 92.4 92.4 92.4 92.4 92.4 92.4 92.4 92.4 92.4 92.4 92.4 92.4 92.4 92.4 92.4 92.4 92.4 92.4 92.4 92.4 92.4 92.4 92.4 92.4 92.4 92.4 92.4 92.4 92.4 92.4 92.4 92.4 92.4 92.4 92.4 92.4 92.4 92.4 92.4 72.8 72.8 72.8 72.8 72.8 72.8 72.8 72.8 72.8 72.8 72.8 72.8 72.8 72.8 72.8 72.8 72.8 72.8 72.8 72.8 72.8 72.8 72.8 72.8 72.8 72.8 72.8 72.8 72.8 
109.9 109.9 109.9 109.9 109.9 109.9 109.9 109.9 109.9 109.9 109.9 92.4 92.4 92.4 92.4 92.4 92.4 92.4 92.4 92.4 92.4 92.4 92.4 92.4 92.4 92.4 92.4 92.4 92.4 92.4 92.4 92.4 92.4 92.4 92.4 92.4 92.4 92.4 92.4 92.4 92.4 92.4 92.4 92.4 92.4 92.4 92.4 92.4 92.4 92.4 92.4 92.4 92.4 92.4 92.4 92.4 92.4 92.4 92.4 92.4 92.4 92.4 92.4 92.4 92.4 92.4 92.4 92.4 92.4 92.4 92.4 72.8 72.8 72.8 72.8 72.8 72.8 72.8 72.8 72.8 72.8 72.8 72.8 72.8 72.8 72.8 72.8 72.8 72.8 72.8 72.8 72.8 72.8 72.8 72.8 72.8 72.8 72.8 72.8 72.8 
109.9 109.9 109.9 109.9 109.9 109.9 109.9 109.9 109.9 109.9 109.9 92.4 92.4 92.4 92.4 92.4 92.4 92.4 92.4 92.4 92.4 92.4 92.4 92.4 92.4 92.4 92.4 92.4 92.4 92.4 92.4 92.4 92.4 92.4 92.4 92.4 92.4 92.4 92.4 92.4 92.4 92.4 92.4 92.4 92.4 92.4 92.4 92.4 92.4 92.4 92.4 92.4 92.4 92.4 92.4 92.4 92.4 92.4 92.4 92.4 92.4 92.4 92.4 92.4 92.4 92.4 92.4 92.4 92.4 92.4 92.4 72.8 72.8 72.8 72.8 72.8 72.8 72.8 72.8 72.8 72.8 72.8 72.8 72.8 72.8 72.8 72.8 72.8 72.8 72.8 72.8 72.8 72.8 72.8 72.8 72.8 72.8 72.8 72.8 72.8 
109.9 109.9 109.9 109.9 109.9 109.9 109.9 109.9 109.9 109.9 109.9 92.4 92.4 92.4 92.4 92.4 92.4 92.4 92.4 92.4 92.4 92.4 92.4 92.4 92.4 92.4 92.4 92.4 92.4 92.4 92.4 92.4 92.4 92.4 92.4 92.4 92.4 92.4 92.4 92.4 92.4 92.4 92.4 92.4 92.4 92.4 92.4 92.4 92.4 92.4 92.4 92.4 92.4 92.4 92.4 92.4 92.4 92.4 92.4 92.4 92.4 92.4 92.4 92.4 92.4 92.4 92.4 92.4 92.4 92.4 92.4 72.8 72.8 72.8 72.8 72.8 72.8 72.8 72.8 72.8 72.8 72.8 72.8 72.8 72.8 72.8 72.8 72.8 72.8 72.8 72.8 72.8 72.8 72.8 72.8 72.8 72.8 72.8 72.8 72.8 
109.9 109.9 109.9 109.9 109.9 109.9 109.9 109.9 109.9 109.9 109.9 92.4 92.4 92.4 92.4 92.4 92.4 92.4 92.4 92.4 92.4 92.4 92.4 92.4 92.4 92.4 92.4 92.4 92.4 92.4 92.4 92.4 92.4 92.4 92.4 92.4 92.4 92.4 92.4 92.4 92.4 92.4 92.4 92.4 92.4 92.4 92.4 92.4 92.4 92.4 92.4 92.4 92.4 92.4 92.4 92.4 92.4 92.4 92.4 92.4 92.4 92.4 92.4 92.4 92.4 92.4 92.4 92.4 92.4 92.4 92.4 72.8 72.8 72.8 72.8 72.8 72.8 72.8 72.8 72.8 72.8 72.8 72.8 72.8 72.8 72.8 72.8 72.8 72.8 72.8 72.8 72.8 72.8 72.8 72.8 72.8 72.8 72.8 72.8 72.8 
109.9 109.9 109.9 109.9 109.9 109.9 109.9 109.9 109.9 109.9 109.9 92.4 92.4 92.4 92.4 92.4 92.4 92.4 92.4 92.4 92.4 92.4 92.4 92.4 92.4 92.4 92.4 92.4 92.4 92.4 92.4 92.4 92.4 92.4 92.4 92.4 92.4 92.4 92.4 92.4 92.4 92.4 92.4 92.4 92.4 92.4 92.4 92.4 92.4 92.4 92.4 92.4 92.4 92.4 92.4 92.4 92.4 92.4 92.4 92.4 92.4 92.4 92.4 92.4 92.4 92.4 92.4 92.4 92.4 92.4 92.4 72.8 72.8 72.8 72.8 72.8 72.8 72.8 72.8 72.8 72.8 72.8 72.8 72.8 72.8 72.8 72.8 72.8 72.8 72.8 72.8 72.8 72.8 72.8 72.8 72.8 72.8 72.8 72.8 72.8 
109.9 109.9 109.9 109.9 109.9 109.9 109.9 109.9 109.9 109.9 109.9 92.4 92.4 92.4 92.4 92.4 92.4 92.4 92.4 92.4 92.4 92.4 92.4 92.4 92.4 92.4 92.4 92.4 92.4 92.4 92.4 92.4 92.4 92.4 92.4 92.4 92.4 92.4 92.4 92.4 92.4 92.4 92.4 92.4 92.4 92.4 92.4 92.4 92.4 92.4 92.4 92.4 92.4 92.4 92.4 92.4 92.4 92.4 92.4 92.4 92.4 92.4 92.4 92.4 92.4 92.4 92.4 92.4 92.4 92.4 92.4 72.8 72.8 72.8 72.8 72.8 72.8 72.8 72.8 72.8 72.8 72.8 72.8 72.8 72.8 72.8 72.8 72.8 72.8 72.8 72.8 72.8 72.8 72.8 72.8 72.8 72.8 72.8 72.8 72.8 
109.9 109.9 109.9 109.9 109.9 109.9 109.9 109.9 109.9 109.9 109.9 92.4 92.4 92.4 92.4 92.4 92.4 92.4 92.4 92.4 92.4 92.4 92.4 92.4 92.4 92.4 92.4 92.4 92.4 92.4 92.4 92.4 92.4 92.4 92.4 92.4 92.4 92.4 92.4 92.4 92.4 92.4 92.4 92.4 92.4 92.4 92.4 92.4 92.4 92.4 92.4 92.4 92.4 92.4 92.4 92.4 92.4 92.4 92.4 92.4 92.4 92.4 92.4 92.4 92.4 92.4 92.4 92.4 92.4 92.4 92.4 72.8 72.8 72.8 72.8 72.8 72.8 72.8 72.8 72.8 72.8 72.8 72.8 72.8 72.8 72.8 72.8 72.8 72.8 72.8 72.8 72.8 72.8 72.8 72.8 72.8 72.8 72.8 72.8 72.8 
109.9 109.9 109.9 109.9 109.9 109.9 109.9 109.9 109.9 109.9 109.9 92.4 92.4 92.4 92.4 92.4 92.4 92.4 92.4 92.4 92.4 92.4 92.4 92.4 92.4 92.4 92.4 92.4 92.4 92.4 92.4 92.4 92.4 92.4 92.4 92.4 92.4 92.4 92.4 92.4 92.4 92.4 92.4 92.4 92.4 92.4 92.4 92.4 92.4 92.4 92.4 92.4 92.4 92.4 92.4 92.4 92.4 92.4 92.4 92.4 92.4 92.4 92.4 92.4 92.4 92.4 92.4 92.4 92.4 92.4 92.4 72.8 72.8 72.8 72.8 72.8 72.8 72.8 72.8 72.8 72.8 72.8 72.8 72.8 72.8 72.8 72.8 72.8 72.8 72.8 72.8 72.8 72.8 72.8 72.8 72.8 72.8 72.8 72.8 72.8 
109.9 109.9 109.9 109.9 109.9 109.9 109.9 109.9 109.9 109.9 109.9 92.4 92.4 92.4 92.4 92.4 92.4 92.4 92.4 92.4 92.4 92.4 92.4 92.4 92.4 92.4 92.4 92.4 92.4 92.4 92.4 92.4 92.4 92.4 92.4 92.4 92.4 92.4 92.4 92.4 92.4 92.4 92.4 92.4 92.4 92.4 92.4 92.4 92.4 92.4 92.4 92.4 92.4 92.4 92.4 92.4 92.4 92.4 92.4 92.4 92.4 92.4 92.4 92.4 92.4 92.4 92.4 92.4 92.4 92.4 92.4 72.8 72.8 72.8 72.8 72.8 72.8 72.8 72.8 72.8 72.8 72.8 72.8 72.8 72.8 72.8 72.8 72.8 72.8 72.8 72.8 72.8 72.8 72.8 72.8 72.8 72.8 72.8 72.8 72.8 
109.9 109.9 109.9 109.9 109.9 109.9 109.9 109.9 109.9 109.9 109.9 92.4 92.4 92.4 92.4 92.4 92.4 92.4 92.4 92.4 92.4 92.4 92.4 92.4 92.4 92.4 92.4 92.4 92.4 92.4 92.4 92.4 92.4 92.4 92.4 92.4 92.4 92.4 92.4 92.4 92.4 92.4 92.4 92.4 92.4 92.4 92.4 92.4 92.4 92.4 92.4 92.4 92.4 92.4 92.4 92.4 92.4 92.4 92.4 92.4 92.4 92.4 92.4 92.4 92.4 92.4 92.4 92.4 92.4 92.4 92.4 72.8 72.8 72.8 72.8 72.8 72.8 72.8 72.8 72.8 72.8 72.8 72.8 72.8 72.8 72.8 72.8 72.8 72.8 72.8 72.8 72.8 72.8 72.8 72.8 72.8 72.8 72.8 72.8 72.8 
109.9 109.9 109.9 109.9 109.9 109.9 109.9 109.9 109.9 109.9 109.9 92.4 92.4 92.4 92.4 92.4 92.4 92.4 92.4 92.4 92.4 92.4 92.4 92.4 92.4 92.4 92.4 92.4 92.4 92.4 92.4 92.4 92.4 92.4 92.4 92.4 92.4 92.4 92.4 92.4 92.4 92.4 92.4 92.4 92.4 92.4 92.4 92.4 92.4 92.4 92.4 92.4 92.4 92.4 92.4 92.4 92.4 92.4 92.4 92.4 92.4 92.4 92.4 92.4 92.4 92.4 92.4 92.4 92.4 92.4 92.4 72.8 72.8 72.8 72.8 72.8 72.8 72.8 72.8 72.8 72.8 72.8 72.8 72.8 72.8 72.8 72.8 72.8 72.8 72.8 72.8 72.8 72.8 72.8 72.8 72.8 72.8 72.8 72.8 72.8 
109.9 109.9 109.9 109.9 109.9 109.9 109.9 109.9 109.9 109.9 109.9 92.4 92.4 92.4 92.4 92.4 92.4 92.4 92.4 92.4 92.4 92.4 92.4 92.4 92.4 92.4 92.4 92.4 92.4 92.4 92.4 92.4 92.4 92.4 92.4 92.4 92.4 92.4 92.4 92.4 92.4 92.4 92.4 92.4 92.4 92.4 92.4 92.4 92.4 92.4 92.4 92.4 92.4 92.4 92.4 92.4 92.4 92.4 92.4 92.4 92.4 92.4 92.4 92.4 92.4 92.4 92.4 92.4 92.4 92.4 92.4 72.8 72.8 72.8 72.8 72.8 72.8 72.8 72.8 72.8 72.8 72.8 72.8 72.8 72.8 72.8 72.8 72.8 72.8 72.8 72.8 72.8 72.8 72.8 72.8 72.8 72.8 72.8 72.8 72.8 
109.9 109.9 109.9 109.9 109.9 109.9 109.9 109.9 109.9 109.9 109.9 92.4 92.4 92.4 92.4 92.4 92.4 92.4 92.4 92.4 92.4 92.4 92.4 92.4 92.4 92.4 92.4 92.4 92.4 92.4 92.4 92.4 92.4 92.4 92.4 92.4 92.4 92.4 92.4 92.4 92.4 92.4 92.4 92.4 92.4 92.4 92.4 92.4 92.4 92.4 92.4 92.4 92.4 92.4 92.4 92.4 92.4 92.4 92.4 92.4 92.4 92.4 92.4 92.4 92.4 92.4 92.4 92.4 92.4 92.4 92.4 72.8 72.8 72.8 72.8 72.8 72.8 72.8 72.8 72.8 72.8 72.8 72.8 72.8 72.8 72.8 72.8 72.8 72.8 72.8 72.8 72.8 72.8 72.8 72.8 72.8 72.8 72.8 72.8 72.8 
109.9 109.9 109.9 109.9 109.9 109.9 109.9 109.9 109.9 109.9 109.9 92.4 92.4 92.4 92.4 92.4 92.4 92.4 92.4 92.4 92.4 92.4 92.4 92.4 92.4 92.4 92.4 92.4 92.4 92.4 92.4 92.4 92.4 92.4 92.4 92.4 92.4 92.4 92.4 92.4 92.4 92.4 92.4 92.4 92.4 92.4 92.4 92.4 92.4 92.4 92.4 92.4 92.4 92.4 92.4 92.4 92.4 92.4 92.4 92.4 92.4 92.4 92.4 92.4 92.4 92.4 92.4 92.4 92.4 92.4 92.4 72.8 72.8 72.8 72.8 72.8 72.8 72.8 72.8 72.8 72.8 72.8 72.8 72.8 72.8 72.8 72.8 72.8 72.8 72.8 72.8 72.8 72.8 72.8 72.8 72.8 72.8 72.8 72.8 72.8 
145.4 145.4 145.4 145.4 145.4 145.4 145.4 145.4 145.4 145.4 145.4 128.9 128.9 128.9 128.9 128.9 128.9 128.9 128.9 128.9 128.9 128.9 128.9 128.9 128.9 128.9 128.9 128.9 128.9 128.9 128.9 128.9 128.9 128.9 128.9 128.9 128.9 128.9 128.9 128.9 128.9 128.9 128.9 128.9 128.9 128.9 128.9 128.9 128.9 128.9 128.9 128.9 128.9 128.9 128.9 128.9 128.9 128.9 128.9 128.9 128.9 128.9 128.9 128.9 128.9 128.9 128.9 128.9 128.9 128.9 128.9 102.7 102.7 102.7 102.7 102.7 102.7 102.7 102.7 102.7 102.7 102.7 102.7 102.7 102.7 102.7 102.7 102.7 102.7 102.7 102.7 102.7 102.7 102.7 102.7 102.7 102.7 102.7 102.7 102.7 
145.4 145.4 145.4 145.4 145.4 145.4 145.4 145.4 145.4 145.4 145.4 128.9 128.9 128.9 128.9 128.9 128.9 128.9 128.9 128.9 128.9 128.9 128.9 128.9 128.9 128.9 128.9 128.9 128.9 128.9 128.9 128.9 128.9 128.9 128.9 128.9 128.9 128.9 128.9 128.9 128.9 128.9 128.9 128.9 128.9 128.9 128.9 128.9 128.9 128.9 128.9 128.9 128.9 128.9 128.9 128.9 128.9 128.9 128.9 128.9 128.9 128.9 128.9 128.9 128.9 128.9 128.9 128.9 128.9 128.9 128.9 102.7 102.7 102.7 102.7 102.7 102.7 102.7 102.7 102.7 102.7 102.7 102.7 102.7 102.7 102.7 102.7 102.7 102.7 102.7 102.7 102.7 102.7 102.7 102.7 102.7 102.7 102.7 102.7 102.7 
145.4 145.4 145.4 145.4 145.4 145.4 145.4 145.4 145.4 145.4 145.4 128.9 128.9 128.9 128.9 128.9 128.9 128.9 128.9 128.9 128.9 128.9 128.9 128.9 128.9 128.9 128.9 128.9 128.9 128.9 128.9 128.9 128.9 128.9 128.9 128.9 128.9 128.9 128.9 128.9 128.9 128.9 128.9 128.9 128.9 128.9 128.9 128.9 128.9 128.9 128.9 128.9 128.9 128.9 128.9 128.9 128.9 128.9 128.9 128.9 128.9 128.9 128.9 128.9 128.9 128.9 128.9 128.9 128.9 128.9 128.9 102.7 102.7 102.7 102.7 102.7 102.7 102.7 102.7 102.7 102.7 102.7 102.7 102.7 102.7 102.7 102.7 102.7 102.7 102.7 102.7 102.7 102.7 102.7 102.7 102.7 102.7 102.7 102.7 102.7 
145.4 145.4 145.4 145.4 145.4 145.4 145.4 145.4 145.4 145.4 145.4 128.9 128.9 128.9 128.9 128.9 128.9 128.9 128.9 128.9 128.9 128.9 128.9 128.9 128.9 128.9 128.9 128.9 128.9 128.9 128.9 128.9 128.9 128.9 128.9 128.9 128.9 128.9 128.9 128.9 128.9 128.9 128.9 128.9 128.9 128.9 128.9 128.9 128.9 128.9 128.9 128.9 128.9 128.9 128.9 128.9 128.9 128.9 128.9 128.9 128.9 128.9 128.9 128.9 128.9 128.9 128.9 128.9 128.9 128.9 128.9 102.7 102.7 102.7 102.7 102.7 102.7 102.7 102.7 102.7 102.7 102.7 102.7 102.7 102.7 102.7 102.7 102.7 102.7 102.7 102.7 102.7 102.7 102.7 102.7 102.7 102.7 102.7 102.7 102.7 
145.4 145.4 145.4 145.4 145.4 145.4 145.4 145.4 145.4 145.4 145.4 128.9 128.9 128.9 128.9 128.9 128.9 128.9 128.9 128.9 128.9 128.9 128.9 128.9 128.9 128.9 128.9 128.9 128.9 128.9 128.9 128.9 128.9 128.9 128.9 128.9 128.9 128.9 128.9 128.9 128.9 128.9 128.9 128.9 128.9 128.9 128.9 128.9 128.9 128.9 128.9 128.9 128.9 128.9 128.9 128.9 128.9 128.9 128.9 128.9 128.9 128.9 128.9 128.9 128.9 128.9 128.9 128.9 128.9 128.9 128.9 102.7 102.7 102.7 102.7 102.7 102.7 102.7 102.7 102.7 102.7 102.7 102.7 102.7 102.7 102.7 102.7 102.7 102.7 102.7 102.7 102.7 102.7 102.7 102.7 102.7 102.7 102.7 102.7 102.7 
145.4 145.4 145.4 145.4 145.4 145.4 145.4 145.4 145.4 145.4 145.4 128.9 128.9 128.9 128.9 128.9 128.9 128.9 128.9 128.9 128.9 128.9 128.9 128.9 128.9 128.9 128.9 128.9 128.9 128.9 128.9 128.9 128.9 128.9 128.9 128.9 128.9 128.9 128.9 128.9 128.9 128.9 128.9 128.9 128.9 128.9 128.9 128.9 128.9 128.9 128.9 128.9 128.9 128.9 128.9 128.9 128.9 128.9 128.9 128.9 128.9 128.9 128.9 128.9 128.9 128.9 128.9 128.9 128.9 128.9 128.9 102.7 102.7 102.7 102.7 102.7 102.7 102.7 102.7 102.7 102.7 102.7 102.7 102.7 102.7 102.7 102.7 102.7 102.7 102.7 102.7 102.7 102.7 102.7 102.7 102.7 102.7 102.7 102.7 102.7 
145.4 145.4 145.4 145.4 145.4 145.4 145.4 145.4 145.4 145.4 145.4 128.9 128.9 128.9 128.9 128.9 128.9 128.9 128.9 128.9 128.9 128.9 128.9 128.9 128.9 128.9 128.9 128.9 128.9 128.9 128.9 128.9 128.9 128.9 128.9 128.9 128.9 128.9 128.9 128.9 128.9 128.9 128.9 128.9 128.9 128.9 128.9 128.9 128.9 128.9 128.9 128.9 128.9 128.9 128.9 128.9 128.9 128.9 128.9 128.9 128.9 128.9 128.9 128.9 128.9 128.9 128.9 128.9 128.9 128.9 128.9 102.7 102.7 102.7 102.7 102.7 102.7 102.7 102.7 102.7 102.7 102.7 102.7 102.7 102.7 102.7 102.7 102.7 102.7 102.7 102.7 102.7 102.7 102.7 102.7 102.7 102.7 102.7 102.7 102.7 
145.4 145.4 145.4 145.4 145.4 145.4 145.4 145.4 145.4 145.4 145.4 128.9 128.9 128.9 128.9 128.9 128.9 128.9 128.9 128.9 128.9 128.9 128.9 128.9 128.9 128.9 128.9 128.9 128.9 128.9 128.9 128.9 128.9 128.9 128.9 128.9 128.9 128.9 128.9 128.9 128.9 128.9 128.9 128.9 128.9 128.9 128.9 128.9 128.9 128.9 128.9 128.9 128.9 128.9 128.9 128.9 128.9 128.9 128.9 128.9 128.9 128.9 128.9 128.9 128.9 128.9 128.9 128.9 128.9 128.9 128.9 102.7 102.7 102.7 102.7 102.7 102.7 102.7 102.7 102.7 102.7 102.7 102.7 102.7 102.7 102.7 102.7 102.7 102.7 102.7 102.7 102.7 102.7 102.7 102.7 102.7 102.7 102.7 102.7 102.7 
145.4 145.4 145.4 145.4 145.4 145.4 145.4 145.4 145.4 145.4 145.4 128.9 128.9 128.9 128.9 128.9 128.9 128.9 128.9 128.9 128.9 128.9 128.9 128.9 128.9 128.9 128.9 128.9 128.9 128.9 128.9 128.9 128.9 128.9 128.9 128.9 128.9 128.9 128.9 128.9 128.9 128.9 128.9 128.9 128.9 128.9 128.9 128.9 128.9 128.9 128.9 128.9 128.9 128.9 128.9 128.9 128.9 128.9 128.9 128.9 128.9 128.9 128.9 128.9 128.9 128.9 128.9 128.9 128.9 128.9 128.9 102.7 102.7 102.7 102.7 102.7 102.7 102.7 102.7 102.7 102.7 102.7 102.7 102.7 102.7 102.7 102.7 102.7 102.7 102.7 102.7 102.7 102.7 102.7 102.7 102.7 102.7 102.7 102.7 102.7 
145.4 145.4 145.4 145.4 145.4 145.4 145.4 145.4 145.4 145.4 145.4 128.9 128.9 128.9 128.9 128.9 128.9 128.9 128.9 128.9 128.9 128.9 128.9 128.9 128.9 128.9 128.9 128.9 128.9 128.9 128.9 128.9 128.9 128.9 128.9 128.9 128.9 128.9 128.9 128.9 128.9 128.9 128.9 128.9 128.9 128.9 128.9 128.9 128.9 128.9 128.9 128.9 128.9 128.9 128.9 128.9 128.9 128.9 128.9 128.9 128.9 128.9 128.9 128.9 128.9 128.9 128.9 128.9 128.9 128.9 128.9 102.7 102.7 102.7 102.7 102.7 102.7 102.7 102.7 102.7 102.7 102.7 102.7 102.7 102.7 102.7 102.7 102.7 102.7 102.7 102.7 102.7 102.7 102.7 102.7 102.7 102.7 102.7 102.7 102.7 
145.4 145.4 145.4 145.4 145.4 145.4 145.4 145.4 145.4 145.4 145.4 128.9 128.9 128.9 128.9 128.9 128.9 128.9 128.9 128.9 128.9 128.9 128.9 128.9 128.9 128.9 128.9 128.9 128.9 128.9 128.9 128.9 128.9 128.9 128.9 128.9 128.9 128.9 128.9 128.9 128.9 128.9 128.9 128.9 128.9 128.9 128.9 128.9 128.9 128.9 128.9 128.9 128.9 128.9 128.9 128.9 128.9 128.9 128.9 128.9 128.9 128.9 128.9 128.9 128.9 128.9 128.9 128.9 128.9 128.9 128.9 102.7 102.7 102.7 102.7 102.7 102.7 102.7 102.7 102.7 102.7 102.7 102.7 102.7 102.7 102.7 102.7 102.7 102.7 102.7 102.7 102.7 102.7 102.7 102.7 102.7 102.7 102.7 102.7 102.7 
145.4 145.4 145.4 145.4 145.4 145.4 145.4 145.4 145.4 145.4 145.4 128.9 128.9 128.9 128.9 128.9 128.9 128.9 128.9 128.9 128.9 128.9 128.9 128.9 128.9 128.9 128.9 128.9 128.9 128.9 128.9 128.9 128.9 128.9 128.9 128.9 128.9 128.9 128.9 128.9 128.9 128.9 128.9 128.9 128.9 128.9 128.9 128.9 128.9 128.9 128.9 128.9 128.9 128.9 128.9 128.9 128.9 128.9 128.9 128.9 128.9 128.9 128.9 128.9 128.9 128.9 128.9 128.9 128.9 128.9 128.9 102.7 102.7 102.7 102.7 102.7 102.7 102.7 102.7 102.7 102.7 102.7 102.7 102.7 102.7 102.7 102.7 102.7 102.7 102.7 102.7 102.7 102.7 102.7 102.7 102.7 102.7 102.7 102.7 102.7 
145.4 145.4 145.4 145.4 145.4 145.4 145.4 145.4 145.4 145.4 145.4 128.9 128.9 128.9 128.9 128.9 128.9 128.9 128.9 128.9 128.9 128.9 128.9 128.9 128.9 128.9 128.9 128.9 128.9 128.9 128.9 128.9 128.9 128.9 128.9 128.9 128.9 128.9 128.9 128.9 128.9 128.9 128.9 128.9 128.9 128.9 128.9 128.9 128.9 128.9 128.9 128.9 128.9 128.9 128.9 128.9 128.9 128.9 128.9 128.9 128.9 128.9 128.9 128.9 128.9 128.9 128.9 128.9 128.9 128.9 128.9 102.7 102.7 102.7 102.7 102.7 102.7 102.7 102.7 102.7 102.7 102.7 102.7 102.7 102.7 102.7 102.7 102.7 102.7 102.7 102.7 102.7 102.7 102.7 102.7 102.7 102.7 102.7 102.7 102.7 
145.4 145.4 145.4 145.4 145.4 145.4 145.4 145.4 145.4 145.4 145.4 128.9 128.9 128.9 128.9 128.9 128.9 128.9 128.9 128.9 128.9 128.9 128.9 128.9 128.9 128.9 128.9 128.9 128.9 128.9 128.9 128.9 128.9 128.9 128.9 128.9 128.9 128.9 128.9 128.9 128.9 128.9 128.9 128.9 128.9 128.9 128.9 128.9 128.9 128.9 128.9 128.9 128.9 128.9 128.9 128.9 128.9 128.9 128.9 128.9 128.9 128.9 128.9 128.9 128.9 128.9 128.9 128.9 128.9 128.9 128.9 102.7 102.7 102.7 102.7 102.7 102.7 102.7 102.7 102.7 102.7 102.7 102.7 102.7 102.7 102.7 102.7 102.7 102.7 102.7 102.7 102.7 102.7 102.7 102.7 102.7 102.7 102.7 102.7 102.7 
145.4 145.4 145.4 145.4 145.4 145.4 145.4 145.4 145.4 145.4 145.4 128.9 128.9 128.9 128.9 128.9 128.9 128.9 128.9 128.9 128.9 128.9 128.9 128.9 128.9 128.9 128.9 128.9 128.9 128.9 128.9 128.9 128.9 128.9 128.9 128.9 128.9 128.9 128.9 128.9 128.9 128.9 128.9 128.9 128.9 128.9 128.9 128.9 128.9 128.9 128.9 128.9 128.9 128.9 128.9 128.9 128.9 128.9 128.9 128.9 128.9 128.9 128.9 128.9 128.9 128.9 128.9 128.9 128.9 128.9 128.9 102.7 102.7 102.7 102.7 102.7 102.7 102.7 102.7 102.7 102.7 102.7 102.7 102.7 102.7 102.7 102.7 102.7 102.7 102.7 102.7 102.7 102.7 102.7 102.7 102.7 102.7 102.7 102.7 102.7 
145.4 145.4 145.4 145.4 145.4 145.4 145.4 145.4 145.4 145.4 145.4 128.9 128.9 128.9 128.9 128.9 128.9 128.9 128.9 128.9 128.9 128.9 128.9 128.9 128.9 128.9 128.9 128.9 128.9 128.9 128.9 128.9 128.9 128.9 128.9 128.9 128.9 128.9 128.9 128.9 128.9 128.9 128.9 128.9 128.9 128.9 128.9 128.9 128.9 128.9 128.9 128.9 128.9 128.9 128.9 128.9 128.9 128.9 128.9 128.9 128.9 128.9 128.9 128.9 128.9 128.9 128.9 128.9 128.9 128.9 128.9 102.7 102.7 102.7 102.7 102.7 102.7 102.7 102.7 102.7 102.7 102.7 102.7 102.7 102.7 102.7 102.7 102.7 102.7 102.7 102.7 102.7 102.7 102.7 102.7 102.7 102.7 102.7 102.7 102.7 
145.4 145.4 145.4 145.4 145.4 145.4 145.4 145.4 145.4 145.4 145.4 128.9 128.9 128.9 128.9 128.9 128.9 128.9 128.9 128.9 128.9 128.9 128.9 128.9 128.9 128.9 128.9 128.9 128.9 128.9 128.9 128.9 128.9 128.9 128.9 128.9 128.9 128.9 128.9 128.9 128.9 128.9 128.9 128.9 128.9 128.9 128.9 128.9 128.9 128.9 128.9 128.9 128.9 128.9 128.9 128.9 128.9 128.9 128.9 128.9 128.9 128.9 128.9 128.9 128.9 128.9 128.9 128.9 128.9 128.9 128.9 102.7 102.7 102.7 102.7 102.7 102.7 102.7 102.7 102.7 102.7 102.7 102.7 102.7 102.7 102.7 102.7 102.7 102.7 102.7 102.7 102.7 102.7 102.7 102.7 102.7 102.7 102.7 102.7 102.7 
145.4 145.4 145.4 145.4 145.4 145.4 145.4 145.4 145.4 145.4 145.4 128.9 128.9 128.9 128.9 128.9 128.9 128.9 128.9 128.9 128.9 128.9 128.9 128.9 128.9 128.9 128.9 128.9 128.9 128.9 128.9 128.9 128.9 128.9 128.9 128.9 128.9 128.9 128.9 128.9 128.9 128.9 128.9 128.9 128.9 128.9 128.9 128.9 128.9 128.9 128.9 128.9 128.9 128.9 128.9 128.9 128.9 128.9 128.9 128.9 128.9 128.9 128.9 128.9 128.9 128.9 128.9 128.9 128.9 128.9 128.9 102.7 102.7 102.7 102.7 102.7 102.7 102.7 102.7 102.7 102.7 102.7 102.7 102.7 102.7 102.7 102.7 102.7 102.7 102.7 102.7 102.7 102.7 102.7 102.7 102.7 102.7 102.7 102.7 102.7 
145.4 145.4 145.4 145.4 145.4 145.4 145.4 145.4 145.4 145.4 145.4 128.9 128.9 128.9 128.9 128.9 128.9 128.9 128.9 128.9 128.9 128.9 128.9 128.9 128.9 128.9 128.9 128.9 128.9 128.9 128.9 128.9 128.9 128.9 128.9 128.9 128.9 128.9 128.9 128.9 128.9 128.9 128.9 128.9 128.9 128.9 128.9 128.9 128.9 128.9 128.9 128.9 128.9 128.9 128.9 128.9 128.9 128.9 128.9 128.9 128.9 128.9 128.9 128.9 128.9 128.9 128.9 128.9 128.9 128.9 128.9 102.7 102.7 102.7 102.7 102.7 102.7 102.7 102.7 102.7 102.7 102.7 102.7 102.7 102.7 102.7 102.7 102.7 102.7 102.7 102.7 102.7 102.7 102.7 102.7 102.7 102.7 102.7 102.7 102.7 
145.4 145.4 145.4 145.4 145.4 145.4 145.4 145.4 145.4 145.4 145.4 128.9 128.9 128.9 128.9 128.9 128.9 128.9 128.9 128.9 128.9 128.9 128.9 128.9 128.9 128.9 128.9 128.9 128.9 128.9 128.9 128.9 128.9 128.9 128.9 128.9 128.9 128.9 128.9 128.9 128.9 128.9 128.9 128.9 128.9 128.9 128.9 128.9 128.9 128.9 128.9 128.9 128.9 128.9 128.9 128.9 128.9 128.9 128.9 128.9 128.9 128.9 128.9 128.9 128.9 128.9 128.9 128.9 128.9 128.9 128.9 102.7 102.7 102.7 102.7 102.7 102.7 102.7 102.7 102.7 102.7 102.7 102.7 102.7 102.7 102.7 102.7 102.7 102.7 102.7 102.7 102.7 102.7 102.7 102.7 102.7 102.7 102.7 102.7 102.7 
145.4 145.4 145.4 145.4 145.4 145.4 145.4 145.4 145.4 145.4 145.4 128.9 128.9 128.9 128.9 128.9 128.9 128.9 128.9 128.9 128.9 128.9 128.9 128.9 128.9 128.9 128.9 128.9 128.9 128.9 128.9 128.9 128.9 128.9 128.9 128.9 128.9 128.9 128.9 128.9 128.9 128.9 128.9 128.9 128.9 128.9 128.9 128.9 128.9 128.9 128.9 128.9 128.9 128.9 128.9 128.9 128.9 128.9 128.9 128.9 128.9 128.9 128.9 128.9 128.9 128.9 128.9 128.9 128.9 128.9 128.9 102.7 102.7 102.7 102.7 102.7 102.7 102.7 102.7 102.7 102.7 102.7 102.7 102.7 102.7 102.7 102.7 102.7 102.7 102.7 102.7 102.7 102.7 102.7 102.7 102.7 102.7 102.7 102.7 102.7 
145.4 145.4 145.4 145.4 145.4 145.4 145.4 145.4 145.4 145.4 145.4 128.9 128.9 128.9 128.9 128.9 128.9 128.9 128.9 128.9 128.9 128.9 128.9 128.9 128.9 128.9 128.9 128.9 128.9 128.9 128.9 128.9 128.9 128.9 128.9 128.9 128.9 128.9 128.9 128.9 128.9 128.9 128.9 128.9 128.9 128.9 128.9 128.9 128.9 128.9 128.9 128.9 128.9 128.9 128.9 128.9 128.9 128.9 128.9 128.9 128.9 128.9 128.9 128.9 128.9 128.9 128.9 128.9 128.9 128.9 128.9 102.7 102.7 102.7 102.7 102.7 102.7 102.7 102.7 102.7 102.7 102.7 102.7 102.7 102.7 102.7 102.7 102.7 102.7 102.7 102.7 102.7 102.7 102.7 102.7 102.7 102.7 102.7 102.7 102.7 
145.4 145.4 145.4 145.4 145.4 145.4 145.4 145.4 145.4 145.4 145.4 128.9 128.9 128.9 128.9 128.9 128.9 128.9 128.9 128.9 128.9 128.9 128.9 128.9 128.9 128.9 128.9 128.9 128.9 128.9 128.9 128.9 128.9 128.9 128.9 128.9 128.9 128.9 128.9 128.9 128.9 128.9 128.9 128.9 128.9 128.9 128.9 128.9 128.9 128.9 128.9 128.9 128.9 128.9 128.9 128.9 128.9 128.9 128.9 128.9 128.9 128.9 128.9 128.9 128.9 128.9 128.9 128.9 128.9 128.9 128.9 102.7 102.7 102.7 102.7 102.7 102.7 102.7 102.7 102.7 102.7 102.7 102.7 102.7 102.7 102.7 102.7 102.7 102.7 102.7 102.7 102.7 102.7 102.7 102.7 102.7 102.7 102.7 102.7 102.7 
145.4 145.4 145.4 145.4 145.4 145.4 145.4 145.4 145.4 145.4 145.4 128.9 128.9 128.9 128.9 128.9 128.9 128.9 128.9 128.9 128.9 128.9 128.9 128.9 128.9 128.9 128.9 128.9 128.9 128.9 128.9 128.9 128.9 128.9 128.9 128.9 128.9 128.9 128.9 128.9 128.9 128.9 128.9 128.9 128.9 128.9 128.9 128.9 128.9 128.9 128.9 128.9 128.9 128.9 128.9 128.9 128.9 128.9 128.9 128.9 128.9 128.9 128.9 128.9 128.9 128.9 128.9 128.9 128.9 128.9 128.9 102.7 102.7 102.7 102.7 102.7 102.7 102.7 102.7 102.7 102.7 102.7 102.7 102.7 102.7 102.7 102.7 102.7 102.7 102.7 102.7 102.7 102.7 102.7 102.7 102.7 102.7 102.7 102.7 102.7 
145.4 145.4 145.4 145.4 145.4 145.4 145.4 145.4 145.4 145.4 145.4 128.9 128.9 128.9 128.9 128.9 128.9 128.9 128.9 128.9 128.9 128.9 128.9 128.9 128.9 128.9 128.9 128.9 128.9 128.9 128.9 128.9 128.9 128.9 128.9 128.9 128.9 128.9 128.9 128.9 128.9 128.9 128.9 128.9 128.9 128.9 128.9 128.9 128.9 128.9 128.9 128.9 128.9 128.9 128.9 128.9 128.9 128.9 128.9 128.9 128.9 128.9 128.9 128.9 128.9 128.9 128.9 128.9 128.9 128.9 128.9 102.7 102.7 102.7 102.7 102.7 102.7 102.7 102.7 102.7 102.7 102.7 102.7 102.7 102.7 102.7 102.7 102.7 102.7 102.7 102.7 102.7 102.7 102.7 102.7 102.7 102.7 102.7 102.7 102.7 
145.4 145.4 145.4 145.4 145.4 145.4 145.4 145.4 145.4 145.4 145.4 128.9 128.9 128.9 128.9 128.9 128.9 128.9 128.9 128.9 128.9 128.9 128.9 128.9 128.9 128.9 128.9 128.9 128.9 128.9 128.9 128.9 128.9 128.9 128.9 128.9 128.9 128.9 128.9 128.9 128.9 128.9 128.9 128.9 128.9 128.9 128.9 128.9 128.9 128.9 128.9 128.9 128.9 128.9 128.9 128.9 128.9 128.9 128.9 128.9 128.9 128.9 128.9 128.9 128.9 128.9 128.9 128.9 128.9 128.9 128.9 102.7 102.7 102.7 102.7 102.7 102.7 102.7 102.7 102.7 102.7 102.7 102.7 102.7 102.7 102.7 102.7 102.7 102.7 102.7 102.7 102.7 102.7 102.7 102.7 102.7 102.7 102.7 102.7 102.7 
145.4 145.4 145.4 145.4 145.4 145.4 145.4 145.4 145.4 145.4 145.4 128.9 128.9 128.9 128.9 128.9 128.9 128.9 128.9 128.9 128.9 128.9 128.9 128.9 128.9 128.9 128.9 128.9 128.9 128.9 128.9 128.9 128.9 128.9 128.9 128.9 128.9 128.9 128.9 128.9 128.9 128.9 128.9 128.9 128.9 128.9 128.9 128.9 128.9 128.9 128.9 128.9 128.9 128.9 128.9 128.9 128.9 128.9 128.9 128.9 128.9 128.9 128.9 128.9 128.9 128.9 128.9 128.9 128.9 128.9 128.9 102.7 102.7 102.7 102.7 102.7 102.7 102.7 102.7 102.7 102.7 102.7 102.7 102.7 102.7 102.7 102.7 102.7 102.7 102.7 102.7 102.7 102.7 102.7 102.7 102.7 102.7 102.7 102.7 102.7 
145.4 145.4 145.4 145.4 145.4 145.4 145.4 145.4 145.4 145.4 145.4 128.9 128.9 128.9 128.9 128.9 128.9 128.9 128.9 128.9 128.9 128.9 128.9 128.9 128.9 128.9 128.9 128.9 128.9 128.9 128.9 128.9 128.9 128.9 128.9 128.9 128.9 128.9 128.9 128.9 128.9 128.9 128.9 128.9 128.9 128.9 128.9 128.9 128.9 128.9 128.9 128.9 128.9 128.9 128.9 128.9 128.9 128.9 128.9 128.9 128.9 128.9 128.9 128.9 128.9 128.9 128.9 128.9 128.9 128.9 128.9 102.7 102.7 102.7 102.7 102.7 102.7 102.7 102.7 102.7 102.7 102.7 102.7 102.7 102.7 102.7 102.7 102.7 102.7 102.7 102.7 102.7 102.7 102.7 102.7 102.7 102.7 102.7 102.7 102.7 
145.4 145.4 145.4 145.4 145.4 145.4 145.4 145.4 145.4 145.4 145.4 128.9 128.9 128.9 128.9 128.9 128.9 128.9 128.9 128.9 128.9 128.9 128.9 128.9 128.9 128.9 128.9 128.9 128.9 128.9 128.9 128.9 128.9 128.9 128.9 128.9 128.9 128.9 128.9 128.9 128.9 128.9 128.9 128.9 128.9 128.9 128.9 128.9 128.9 128.9 128.9 128.9 128.9 128.9 128.9 128.9 128.9 128.9 128.9 128.9 128.9 128.9 128.9 128.9 128.9 128.9 128.9 128.9 128.9 128.9 128.9 102.7 102.7 102.7 102.7 102.7 102.7 102.7 102.7 102.7 102.7 102.7 102.7 102.7 102.7 102.7 102.7 102.7 102.7 102.7 102.7 102.7 102.7 102.7 102.7 102.7 102.7 102.7 102.7 102.7 
145.4 145.4 145.4 145.4 145.4 145.4 145.4 145.4 145.4 145.4 145.4 128.9 128.9 128.9 128.9 128.9 128.9 128.9 128.9 128.9 128.9 128.9 128.9 128.9 128.9 128.9 128.9 128.9 128.9 128.9 128.9 128.9 128.9 128.9 128.9 128.9 128.9 128.9 128.9 128.9 128.9 128.9 128.9 128.9 128.9 128.9 128.9 128.9 128.9 128.9 128.9 128.9 128.9 128.9 128.9 128.9 128.9 128.9 128.9 128.9 128.9 128.9 128.9 128.9 128.9 128.9 128.9 128.9 128.9 128.9 128.9 102.7 102.7 102.7 102.7 102.7 102.7 102.7 102.7 102.7 102.7 102.7 102.7 102.7 102.7 102.7 102.7 102.7 102.7 102.7 102.7 102.7 102.7 102.7 102.7 102.7 102.7 102.7 102.7 102.7 
145.4 145.4 145.4 145.4 145.4 145.4 145.4 145.4 145.4 145.4 145.4 128.9 128.9 128.9 128.9 128.9 128.9 128.9 128.9 128.9 128.9 128.9 128.9 128.9 128.9 128.9 128.9 128.9 128.9 128.9 128.9 128.9 128.9 128.9 128.9 128.9 128.9 128.9 128.9 128.9 128.9 128.9 128.9 128.9 128.9 128.9 128.9 128.9 128.9 128.9 128.9 128.9 128.9 128.9 128.9 128.9 128.9 128.9 128.9 128.9 128.9 128.9 128.9 128.9 128.9 128.9 128.9 128.9 128.9 128.9 128.9 102.7 102.7 102.7 102.7 102.7 102.7 102.7 102.7 102.7 102.7 102.7 102.7 102.7 102.7 102.7 102.7 102.7 102.7 102.7 102.7 102.7 102.7 102.7 102.7 102.7 102.7 102.7 102.7 102.7 
