ncols         100
nrows         100
xllcorner     -59982.863281
yllcorner     1851083.022172
cellsize      1000
NODATA_value  -9999
56.6 56.6 56.6 56.6 56.6 56.6 56.6 56.6 56.6 56.6 56.6 44.1 44.1 44.1 44.1 44.1 44.1 44.1 44.1 44.1 44.1 44.1 44.1 44.1 44.1 44.1 44.1 44.1 44.1 44.1 44.1 44.1 44.1 44.1 44.1 44.1 44.1 44.1 44.1 44.1 44.1 44.1 44.1 44.1 44.1 44.1 44.1 44.1 44.1 44.1 44.1 44.1 44.1 44.1 44.1 44.1 44.1 44.1 44.1 44.1 44.1 44.1 44.1 44.1 44.1 44.1 44.1 44.1 44.1 44.1 44.1 37.2 37.2 37.2 37.2 37.2 37.2 37.2 37.2 37.2 37.2 37.2 37.2 37.2 37.2 37.2 37.2 37.2 37.2 37.2 37.2 37.2 37.2 37.2 37.2 37.2 37.2 37.2 37.2 37.2 
56.6 56.6 56.6 56.6 56.6 56.6 56.6 56.6 56.6 56.6 56.6 44.1 44.1 44.1 44.1 44.1 44.1 44.1 44.1 44.1 44.1 44.1 44.1 44.1 44.1 44.1 44.1 44.1 44.1 44.1 44.1 44.1 44.1 44.1 44.1 44.1 44.1 44.1 44.1 44.1 44.1 44.1 44.1 44.1 44.1 44.1 44.1 44.1 44.1 44.1 44.1 44.1 44.1 44.1 44.1 44.1 44.1 44.1 44.1 44.1 44.1 44.1 44.1 44.1 44.1 44.1 44.1 44.1 44.1 44.1 44.1 37.2 37.2 37.2 37.2 37.2 37.2 37.2 37.2 37.2 37.2 37.2 37.2 37.2 37.2 37.2 37.2 37.2 37.2 37.2 37.2 37.2 37.2 37.2 37.2 37.2 37.2 37.2 37.2 37.2 
56.6 56.6 56.6 56.6 56.6 56.6 56.6 56.6 56.6 56.6 56.6 44.1 44.1 44.1 44.1 44.1 44.1 44.1 44.1 44.1 44.1 44.1 44.1 44.1 44.1 44.1 44.1 44.1 44.1 44.1 44.1 44.1 44.1 44.1 44.1 44.1 44.1 44.1 44.1 44.1 44.1 44.1 44.1 44.1 44.1 44.1 44.1 44.1 44.1 44.1 44.1 44.1 44.1 44.1 44.1 44.1 44.1 44.1 44.1 44.1 44.1 44.1 44.1 44.1 44.1 44.1 44.1 44.1 44.1 44.1 44.1 37.2 37.2 37.2 37.2 37.2 37.2 37.2 37.2 37.2 37.2 37.2 37.2 37.2 37.2 37.2 37.2 37.2 37.2 37.2 37.2 37.2 37.2 37.2 37.2 37.2 37.2 37.2 37.2 37.2 
56.6 56.6 56.6 56.6 56.6 56.6 56.6 56.6 56.6 56.6 56.6 44.1 44.1 44.1 44.1 44.1 44.1 44.1 44.1 44.1 44.1 44.1 44.1 44.1 44.1 44.1 44.1 44.1 44.1 44.1 44.1 44.1 44.1 44.1 44.1 44.1 44.1 44.1 44.1 44.1 44.1 44.1 44.1 44.1 44.1 44.1 44.1 44.1 44.1 44.1 44.1 44.1 44.1 44.1 44.1 44.1 44.1 44.1 44.1 44.1 44.1 44.1 44.1 44.1 44.1 44.1 44.1 44.1 44.1 44.1 44.1 37.2 37.2 37.2 37.2 37.2 37.2 37.2 37.2 37.2 37.2 37.2 37.2 37.2 37.2 37.2 37.2 37.2 37.2 37.2 37.2 37.2 37.2 37.2 37.2 37.2 37.2 37.2 37.2 37.2 
56.6 56.6 56.6 56.6 56.6 56.6 56.6 56.6 56.6 56.6 56.6 44.1 44.1 44.1 44.1 44.1 44.1 44.1 44.1 44.1 44.1 44.1 44.1 44.1 44.1 44.1 44.1 44.1 44.1 44.1 44.1 44.1 44.1 44.1 44.1 44.1 44.1 44.1 44.1 44.1 44.1 44.1 44.1 44.1 44.1 44.1 44.1 44.1 44.1 44.1 44.1 44.1 44.1 44.1 44.1 44.1 44.1 44.1 44.1 44.1 44.1 44.1 44.1 44.1 44.1 44.1 44.1 44.1 44.1 44.1 44.1 37.2 37.2 37.2 37.2 37.2 37.2 37.2 37.2 37.2 37.2 37.2 37.2 37.2 37.2 37.2 37.2 37.2 37.2 37.2 37.2 37.2 37.2 37.2 37.2 37.2 37.2 37.2 37.2 37.2 
56.6 56.6 56.6 56.6 56.6 56.6 56.6 56.6 56.6 56.6 56.6 44.1 44.1 44.1 44.1 44.1 44.1 44.1 44.1 44.1 44.1 44.1 44.1 44.1 44.1 44.1 44.1 44.1 44.1 44.1 44.1 44.1 44.1 44.1 44.1 44.1 44.1 44.1 44.1 44.1 44.1 44.1 44.1 44.1 44.1 44.1 44.1 44.1 44.1 44.1 44.1 44.1 44.1 44.1 44.1 44.1 44.1 44.1 44.1 44.1 44.1 44.1 44.1 44.1 44.1 44.1 44.1 44.1 44.1 44.1 44.1 37.2 37.2 37.2 37.2 37.2 37.2 37.2 37.2 37.2 37.2 37.2 37.2 37.2 37.2 37.2 37.2 37.2 37.2 37.2 37.2 37.2 37.2 37.2 37.2 37.2 37.2 37.2 37.2 37.2 
56.6 56.6 56.6 56.6 56.6 56.6 56.6 56.6 56.6 56.6 56.6 44.1 44.1 44.1 44.1 44.1 44.1 44.1 44.1 44.1 44.1 44.1 44.1 44.1 44.1 44.1 44.1 44.1 44.1 44.1 44.1 44.1 44.1 44.1 44.1 44.1 44.1 44.1 44.1 44.1 44.1 44.1 44.1 44.1 44.1 44.1 44.1 44.1 44.1 44.1 44.1 44.1 44.1 44.1 44.1 44.1 44.1 44.1 44.1 44.1 44.1 44.1 44.1 44.1 44.1 44.1 44.1 44.1 44.1 44.1 44.1 37.2 37.2 37.2 37.2 37.2 37.2 37.2 37.2 37.2 37.2 37.2 37.2 37.2 37.2 37.2 37.2 37.2 37.2 37.2 37.2 37.2 37.2 37.2 37.2 37.2 37.2 37.2 37.2 37.2 
56.6 56.6 56.6 56.6 56.6 56.6 56.6 56.6 56.6 56.6 56.6 44.1 44.1 44.1 44.1 44.1 44.1 44.1 44.1 44.1 44.1 44.1 44.1 44.1 44.1 44.1 44.1 44.1 44.1 44.1 44.1 44.1 44.1 44.1 44.1 44.1 44.1 44.1 44.1 44.1 44.1 44.1 44.1 44.1 44.1 44.1 44.1 44.1 44.1 44.1 44.1 44.1 44.1 44.1 44.1 44.1 44.1 44.1 44.1 44.1 44.1 44.1 44.1 44.1 44.1 44.1 44.1 44.1 44.1 44.1 44.1 37.2 37.2 37.2 37.2 37.2 37.2 37.2 37.2 37.2 37.2 37.2 37.2 37.2 37.2 37.2 37.2 37.2 37.2 37.2 37.2 37.2 37.2 37.2 37.2 37.2 37.2 37.2 37.2 37.2 
56.6 56.6 56.6 56.6 56.6 56.6 56.6 56.6 56.6 56.6 56.6 44.1 44.1 44.1 44.1 44.1 44.1 44.1 44.1 44.1 44.1 44.1 44.1 44.1 44.1 44.1 44.1 44.1 44.1 44.1 44.1 44.1 44.1 44.1 44.1 44.1 44.1 44.1 44.1 44.1 44.1 44.1 44.1 44.1 44.1 44.1 44.1 44.1 44.1 44.1 44.1 44.1 44.1 44.1 44.1 44.1 44.1 44.1 44.1 44.1 44.1 44.1 44.1 44.1 44.1 44.1 44.1 44.1 44.1 44.1 44.1 37.2 37.2 37.2 37.2 37.2 37.2 37.2 37.2 37.2 37.2 37.2 37.2 37.2 37.2 37.2 37.2 37.2 37.2 37.2 37.2 37.2 37.2 37.2 37.2 37.2 37.2 37.2 37.2 37.2 
57.8 57.8 57.8 57.8 57.8 57.8 57.8 57.8 57.8 57.8 57.8 51.2 51.2 51.2 51.2 51.2 51.2 51.2 51.2 51.2 51.2 51.2 51.2 51.2 51.2 51.2 51.2 51.2 51.2 51.2 51.2 51.2 51.2 51.2 51.2 51.2 51.2 51.2 51.2 51.2 51.2 51.2 51.2 51.2 51.2 51.2 51.2 51.2 51.2 51.2 51.2 51.2 51.2 51.2 51.2 51.2 51.2 51.2 51.2 51.2 51.2 51.2 51.2 51.2 51.2 51.2 51.2 51.2 51.2 51.2 51.2 43.2 43.2 43.2 43.2 43.2 43.2 43.2 43.2 43.2 43.2 43.2 43.2 43.2 43.2 43.2 43.2 43.2 43.2 43.2 43.2 43.2 43.2 43.2 43.2 43.2 43.2 43.2 43.2 43.2 
57.8 57.8 57.8 57.8 57.8 57.8 57.8 57.8 57.8 57.8 57.8 51.2 51.2 51.2 51.2 51.2 51.2 51.2 51.2 51.2 51.2 51.2 51.2 51.2 51.2 51.2 51.2 51.2 51.2 51.2 51.2 51.2 51.2 51.2 51.2 51.2 51.2 51.2 51.2 51.2 51.2 51.2 51.2 51.2 51.2 51.2 51.2 51.2 51.2 51.2 51.2 51.2 51.2 51.2 51.2 51.2 51.2 51.2 51.2 51.2 51.2 51.2 51.2 51.2 51.2 51.2 51.2 51.2 51.2 51.2 51.2 43.2 43.2 43.2 43.2 43.2 43.2 43.2 43.2 43.2 43.2 43.2 43.2 43.2 43.2 43.2 43.2 43.2 43.2 43.2 43.2 43.2 43.2 43.2 43.2 43.2 43.2 43.2 43.2 43.2 
57.8 57.8 57.8 57.8 57.8 57.8 57.8 57.8 57.8 57.8 57.8 51.2 51.2 51.2 51.2 51.2 51.2 51.2 51.2 51.2 51.2 51.2 51.2 51.2 51.2 51.2 51.2 51.2 51.2 51.2 51.2 51.2 51.2 51.2 51.2 51.2 51.2 51.2 51.2 51.2 51.2 51.2 51.2 51.2 51.2 51.2 51.2 51.2 51.2 51.2 51.2 51.2 51.2 51.2 51.2 51.2 51.2 51.2 51.2 51.2 51.2 51.2 51.2 51.2 51.2 51.2 51.2 51.2 51.2 51.2 51.2 43.2 43.2 43.2 43.2 43.2 43.2 43.2 43.2 43.2 43.2 43.2 43.2 43.2 43.2 43.2 43.2 43.2 43.2 43.2 43.2 43.2 43.2 43.2 43.2 43.2 43.2 43.2 43.2 43.2 
57.8 57.8 57.8 57.8 57.8 57.8 57.8 57.8 57.8 57.8 57.8 51.2 51.2 51.2 51.2 51.2 51.2 51.2 51.2 51.2 51.2 51.2 51.2 51.2 51.2 51.2 51.2 51.2 51.2 51.2 51.2 51.2 51.2 51.2 51.2 51.2 51.2 51.2 51.2 51.2 51.2 51.2 51.2 51.2 51.2 51.2 51.2 51.2 51.2 51.2 51.2 51.2 51.2 51.2 51.2 51.2 51.2 51.2 51.2 51.2 51.2 51.2 51.2 51.2 51.2 51.2 51.2 51.2 51.2 51.2 51.2 43.2 43.2 43.2 43.2 43.2 43.2 43.2 43.2 43.2 43.2 43.2 43.2 43.2 43.2 43.2 43.2 43.2 43.2 43.2 43.2 43.2 43.2 43.2 43.2 43.2 43.2 43.2 43.2 43.2 
57.8 57.8 57.8 57.8 57.8 57.8 57.8 57.8 57.8 57.8 57.8 51.2 51.2 51.2 51.2 51.2 51.2 51.2 51.2 51.2 51.2 51.2 51.2 51.2 51.2 51.2 51.2 51.2 51.2 51.2 51.2 51.2 51.2 51.2 51.2 51.2 51.2 51.2 51.2 51.2 51.2 51.2 51.2 51.2 51.2 51.2 51.2 51.2 51.2 51.2 51.2 51.2 51.2 51.2 51.2 51.2 51.2 51.2 51.2 51.2 51.2 51.2 51.2 51.2 51.2 51.2 51.2 51.2 51.2 51.2 51.2 43.2 43.2 43.2 43.2 43.2 43.2 43.2 43.2 43.2 43.2 43.2 43.2 43.2 43.2 43.2 43.2 43.2 43.2 43.2 43.2 43.2 43.2 43.2 43.2 43.2 43.2 43.2 43.2 43.2 
57.8 57.8 57.8 57.8 57.8 57.8 57.8 57.8 57.8 57.8 57.8 51.2 51.2 51.2 51.2 51.2 51.2 51.2 51.2 51.2 51.2 51.2 51.2 51.2 51.2 51.2 51.2 51.2 51.2 51.2 51.2 51.2 51.2 51.2 51.2 51.2 51.2 51.2 51.2 51.2 51.2 51.2 51.2 51.2 51.2 51.2 51.2 51.2 51.2 51.2 51.2 51.2 51.2 51.2 51.2 51.2 51.2 51.2 51.2 51.2 51.2 51.2 51.2 51.2 51.2 51.2 51.2 51.2 51.2 51.2 51.2 43.2 43.2 43.2 43.2 43.2 43.2 43.2 43.2 43.2 43.2 43.2 43.2 43.2 43.2 43.2 43.2 43.2 43.2 43.2 43.2 43.2 43.2 43.2 43.2 43.2 43.2 43.2 43.2 43.2 
57.8 57.8 57.8 57.8 57.8 57.8 57.8 57.8 57.8 57.8 57.8 51.2 51.2 51.2 51.2 51.2 51.2 51.2 51.2 51.2 51.2 51.2 51.2 51.2 51.2 51.2 51.2 51.2 51.2 51.2 51.2 51.2 51.2 51.2 51.2 51.2 51.2 51.2 51.2 51.2 51.2 51.2 51.2 51.2 51.2 51.2 51.2 51.2 51.2 51.2 51.2 51.2 51.2 51.2 51.2 51.2 51.2 51.2 51.2 51.2 51.2 51.2 51.2 51.2 51.2 51.2 51.2 51.2 51.2 51.2 51.2 43.2 43.2 43.2 43.2 43.2 43.2 43.2 43.2 43.2 43.2 43.2 43.2 43.2 43.2 43.2 43.2 43.2 43.2 43.2 43.2 43.2 43.2 43.2 43.2 43.2 43.2 43.2 43.2 43.2 
57.8 57.8 57.8 57.8 57.8 57.8 57.8 57.8 57.8 57.8 57.8 51.2 51.2 51.2 51.2 51.2 51.2 51.2 51.2 51.2 51.2 51.2 51.2 51.2 51.2 51.2 51.2 51.2 51.2 51.2 51.2 51.2 51.2 51.2 51.2 51.2 51.2 51.2 51.2 51.2 51.2 51.2 51.2 51.2 51.2 51.2 51.2 51.2 51.2 51.2 51.2 51.2 51.2 51.2 51.2 51.2 51.2 51.2 51.2 51.2 51.2 51.2 51.2 51.2 51.2 51.2 51.2 51.2 51.2 51.2 51.2 43.2 43.2 43.2 43.2 43.2 43.2 43.2 43.2 43.2 43.2 43.2 43.2 43.2 43.2 43.2 43.2 43.2 43.2 43.2 43.2 43.2 43.2 43.2 43.2 43.2 43.2 43.2 43.2 43.2 
57.8 57.8 57.8 57.8 57.8 57.8 57.8 57.8 57.8 57.8 57.8 51.2 51.2 51.2 51.2 51.2 51.2 51.2 51.2 51.2 51.2 51.2 51.2 51.2 51.2 51.2 51.2 51.2 51.2 51.2 51.2 51.2 51.2 51.2 51.2 51.2 51.2 51.2 51.2 51.2 51.2 51.2 51.2 51.2 51.2 51.2 51.2 51.2 51.2 51.2 51.2 51.2 51.2 51.2 51.2 51.2 51.2 51.2 51.2 51.2 51.2 51.2 51.2 51.2 51.2 51.2 51.2 51.2 51.2 51.2 51.2 43.2 43.2 43.2 43.2 43.2 43.2 43.2 43.2 43.2 43.2 43.2 43.2 43.2 43.2 43.2 43.2 43.2 43.2 43.2 43.2 43.2 43.2 43.2 43.2 43.2 43.2 43.2 43.2 43.2 
57.8 57.8 57.8 57.8 57.8 57.8 57.8 57.8 57.8 57.8 57.8 51.2 51.2 51.2 51.2 51.2 51.2 51.2 51.2 51.2 51.2 51.2 51.2 51.2 51.2 51.2 51.2 51.2 51.2 51.2 51.2 51.2 51.2 51.2 51.2 51.2 51.2 51.2 51.2 51.2 51.2 51.2 51.2 51.2 51.2 51.2 51.2 51.2 51.2 51.2 51.2 51.2 51.2 51.2 51.2 51.2 51.2 51.2 51.2 51.2 51.2 51.2 51.2 51.2 51.2 51.2 51.2 51.2 51.2 51.2 51.2 43.2 43.2 43.2 43.2 43.2 43.2 43.2 43.2 43.2 43.2 43.2 43.2 43.2 43.2 43.2 43.2 43.2 43.2 43.2 43.2 43.2 43.2 43.2 43.2 43.2 43.2 43.2 43.2 43.2 
57.8 57.8 57.8 57.8 57.8 57.8 57.8 57.8 57.8 57.8 57.8 51.2 51.2 51.2 51.2 51.2 51.2 51.2 51.2 51.2 51.2 51.2 51.2 51.2 51.2 51.2 51.2 51.2 51.2 51.2 51.2 51.2 51.2 51.2 51.2 51.2 51.2 51.2 51.2 51.2 51.2 51.2 51.2 51.2 51.2 51.2 51.2 51.2 51.2 51.2 51.2 51.2 51.2 51.2 51.2 51.2 51.2 51.2 51.2 51.2 51.2 51.2 51.2 51.2 51.2 51.2 51.2 51.2 51.2 51.2 51.2 43.2 43.2 43.2 43.2 43.2 43.2 43.2 43.2 43.2 43.2 43.2 43.2 43.2 43.2 43.2 43.2 43.2 43.2 43.2 43.2 43.2 43.2 43.2 43.2 43.2 43.2 43.2 43.2 43.2 
57.8 57.8 57.8 57.8 57.8 57.8 57.8 57.8 57.8 57.8 57.8 51.2 51.2 51.2 51.2 51.2 51.2 51.2 51.2 51.2 51.2 51.2 51.2 51.2 51.2 51.2 51.2 51.2 51.2 51.2 51.2 51.2 51.2 51.2 51.2 51.2 51.2 51.2 51.2 51.2 51.2 51.2 51.2 51.2 51.2 51.2 51.2 51.2 51.2 51.2 51.2 51.2 51.2 51.2 51.2 51.2 51.2 51.2 51.2 51.2 51.2 51.2 51.2 51.2 51.2 51.2 51.2 51.2 51.2 51.2 51.2 43.2 43.2 43.2 43.2 43.2 43.2 43.2 43.2 43.2 43.2 43.2 43.2 43.2 43.2 43.2 43.2 43.2 43.2 43.2 43.2 43.2 43.2 43.2 43.2 43.2 43.2 43.2 43.2 43.2 
57.8 57.8 57.8 57.8 57.8 57.8 57.8 57.8 57.8 57.8 57.8 51.2 51.2 51.2 51.2 51.2 51.2 51.2 51.2 51.2 51.2 51.2 51.2 51.2 51.2 51.2 51.2 51.2 51.2 51.2 51.2 51.2 51.2 51.2 51.2 51.2 51.2 51.2 51.2 51.2 51.2 51.2 51.2 51.2 51.2 51.2 51.2 51.2 51.2 51.2 51.2 51.2 51.2 51.2 51.2 51.2 51.2 51.2 51.2 51.2 51.2 51.2 51.2 51.2 51.2 51.2 51.2 51.2 51.2 51.2 51.2 43.2 43.2 43.2 43.2 43.2 43.2 43.2 43.2 43.2 43.2 43.2 43.2 43.2 43.2 43.2 43.2 43.2 43.2 43.2 43.2 43.2 43.2 43.2 43.2 43.2 43.2 43.2 43.2 43.2 
57.8 57.8 57.8 57.8 57.8 57.8 57.8 57.8 57.8 57.8 57.8 51.2 51.2 51.2 51.2 51.2 51.2 51.2 51.2 51.2 51.2 51.2 51.2 51.2 51.2 51.2 51.2 51.2 51.2 51.2 51.2 51.2 51.2 51.2 51.2 51.2 51.2 51.2 51.2 51.2 51.2 51.2 51.2 51.2 51.2 51.2 51.2 51.2 51.2 51.2 51.2 51.2 51.2 51.2 51.2 51.2 51.2 51.2 51.2 51.2 51.2 51.2 51.2 51.2 51.2 51.2 51.2 51.2 51.2 51.2 51.2 43.2 43.2 43.2 43.2 43.2 43.2 43.2 43.2 43.2 43.2 43.2 43.2 43.2 43.2 43.2 43.2 43.2 43.2 43.2 43.2 43.2 43.2 43.2 43.2 43.2 43.2 43.2 43.2 43.2 
57.8 57.8 57.8 57.8 57.8 57.8 57.8 57.8 57.8 57.8 57.8 51.2 51.2 51.2 51.2 51.2 51.2 51.2 51.2 51.2 51.2 51.2 51.2 51.2 51.2 51.2 51.2 51.2 51.2 51.2 51.2 51.2 51.2 51.2 51.2 51.2 51.2 51.2 51.2 51.2 51.2 51.2 51.2 51.2 51.2 51.2 51.2 51.2 51.2 51.2 51.2 51.2 51.2 51.2 51.2 51.2 51.2 51.2 51.2 51.2 51.2 51.2 51.2 51.2 51.2 51.2 51.2 51.2 51.2 51.2 51.2 43.2 43.2 43.2 43.2 43.2 43.2 43.2 43.2 43.2 43.2 43.2 43.2 43.2 43.2 43.2 43.2 43.2 43.2 43.2 43.2 43.2 43.2 43.2 43.2 43.2 43.2 43.2 43.2 43.2 
57.8 57.8 57.8 57.8 57.8 57.8 57.8 57.8 57.8 57.8 57.8 51.2 51.2 51.2 51.2 51.2 51.2 51.2 51.2 51.2 51.2 51.2 51.2 51.2 51.2 51.2 51.2 51.2 51.2 51.2 51.2 51.2 51.2 51.2 51.2 51.2 51.2 51.2 51.2 51.2 51.2 51.2 51.2 51.2 51.2 51.2 51.2 51.2 51.2 51.2 51.2 51.2 51.2 51.2 51.2 51.2 51.2 51.2 51.2 51.2 51.2 51.2 51.2 51.2 51.2 51.2 51.2 51.2 51.2 51.2 51.2 43.2 43.2 43.2 43.2 43.2 43.2 43.2 43.2 43.2 43.2 43.2 43.2 43.2 43.2 43.2 43.2 43.2 43.2 43.2 43.2 43.2 43.2 43.2 43.2 43.2 43.2 43.2 43.2 43.2 
57.8 57.8 57.8 57.8 57.8 57.8 57.8 57.8 57.8 57.8 57.8 51.2 51.2 51.2 51.2 51.2 51.2 51.2 51.2 51.2 51.2 51.2 51.2 51.2 51.2 51.2 51.2 51.2 51.2 51.2 51.2 51.2 51.2 51.2 51.2 51.2 51.2 51.2 51.2 51.2 51.2 51.2 51.2 51.2 51.2 51.2 51.2 51.2 51.2 51.2 51.2 51.2 51.2 51.2 51.2 51.2 51.2 51.2 51.2 51.2 51.2 51.2 51.2 51.2 51.2 51.2 51.2 51.2 51.2 51.2 51.2 43.2 43.2 43.2 43.2 43.2 43.2 43.2 43.2 43.2 43.2 43.2 43.2 43.2 43.2 43.2 43.2 43.2 43.2 43.2 43.2 43.2 43.2 43.2 43.2 43.2 43.2 43.2 43.2 43.2 
57.8 57.8 57.8 57.8 57.8 57.8 57.8 57.8 57.8 57.8 57.8 51.2 51.2 51.2 51.2 51.2 51.2 51.2 51.2 51.2 51.2 51.2 51.2 51.2 51.2 51.2 51.2 51.2 51.2 51.2 51.2 51.2 51.2 51.2 51.2 51.2 51.2 51.2 51.2 51.2 51.2 51.2 51.2 51.2 51.2 51.2 51.2 51.2 51.2 51.2 51.2 51.2 51.2 51.2 51.2 51.2 51.2 51.2 51.2 51.2 51.2 51.2 51.2 51.2 51.2 51.2 51.2 51.2 51.2 51.2 51.2 43.2 43.2 43.2 43.2 43.2 43.2 43.2 43.2 43.2 43.2 43.2 43.2 43.2 43.2 43.2 43.2 43.2 43.2 43.2 43.2 43.2 43.2 43.2 43.2 43.2 43.2 43.2 43.2 43.2 
57.8 57.8 57.8 57.8 57.8 57.8 57.8 57.8 57.8 57.8 57.8 51.2 51.2 51.2 51.2 51.2 51.2 51.2 51.2 51.2 51.2 51.2 51.2 51.2 51.2 51.2 51.2 51.2 51.2 51.2 51.2 51.2 51.2 51.2 51.2 51.2 51.2 51.2 51.2 51.2 51.2 51.2 51.2 51.2 51.2 51.2 51.2 51.2 51.2 51.2 51.2 51.2 51.2 51.2 51.2 51.2 51.2 51.2 51.2 51.2 51.2 51.2 51.2 51.2 51.2 51.2 51.2 51.2 51.2 51.2 51.2 43.2 43.2 43.2 43.2 43.2 43.2 43.2 43.2 43.2 43.2 43.2 43.2 43.2 43.2 43.2 43.2 43.2 43.2 43.2 43.2 43.2 43.2 43.2 43.2 43.2 43.2 43.2 43.2 43.2 
57.8 57.8 57.8 57.8 57.8 57.8 57.8 57.8 57.8 57.8 57.8 51.2 51.2 51.2 51.2 51.2 51.2 51.2 51.2 51.2 51.2 51.2 51.2 51.2 51.2 51.2 51.2 51.2 51.2 51.2 51.2 51.2 51.2 51.2 51.2 51.2 51.2 51.2 51.2 51.2 51.2 51.2 51.2 51.2 51.2 51.2 51.2 51.2 51.2 51.2 51.2 51.2 51.2 51.2 51.2 51.2 51.2 51.2 51.2 51.2 51.2 51.2 51.2 51.2 51.2 51.2 51.2 51.2 51.2 51.2 51.2 43.2 43.2 43.2 43.2 43.2 43.2 43.2 43.2 43.2 43.2 43.2 43.2 43.2 43.2 43.2 43.2 43.2 43.2 43.2 43.2 43.2 43.2 43.2 43.2 43.2 43.2 43.2 43.2 43.2 
57.8 57.8 57.8 57.8 57.8 57.8 57.8 57.8 57.8 57.8 57.8 51.2 51.2 51.2 51.2 51.2 51.2 51.2 51.2 51.2 51.2 51.2 51.2 51.2 51.2 51.2 51.2 51.2 51.2 51.2 51.2 51.2 51.2 51.2 51.2 51.2 51.2 51.2 51.2 51.2 51.2 51.2 51.2 51.2 51.2 51.2 51.2 51.2 51.2 51.2 51.2 51.2 51.2 51.2 51.2 51.2 51.2 51.2 51.2 51.2 51.2 51.2 51.2 51.2 51.2 51.2 51.2 51.2 51.2 51.2 51.2 43.2 43.2 43.2 43.2 43.2 43.2 43.2 43.2 43.2 43.2 43.2 43.2 43.2 43.2 43.2 43.2 43.2 43.2 43.2 43.2 43.2 43.2 43.2 43.2 43.2 43.2 43.2 43.2 43.2 
57.8 57.8 57.8 57.8 57.8 57.8 57.8 57.8 57.8 57.8 57.8 51.2 51.2 51.2 51.2 51.2 51.2 51.2 51.2 51.2 51.2 51.2 51.2 51.2 51.2 51.2 51.2 51.2 51.2 51.2 51.2 51.2 51.2 51.2 51.2 51.2 51.2 51.2 51.2 51.2 51.2 51.2 51.2 51.2 51.2 51.2 51.2 51.2 51.2 51.2 51.2 51.2 51.2 51.2 51.2 51.2 51.2 51.2 51.2 51.2 51.2 51.2 51.2 51.2 51.2 51.2 51.2 51.2 51.2 51.2 51.2 43.2 43.2 43.2 43.2 43.2 43.2 43.2 43.2 43.2 43.2 43.2 43.2 43.2 43.2 43.2 43.2 43.2 43.2 43.2 43.2 43.2 43.2 43.2 43.2 43.2 43.2 43.2 43.2 43.2 
57.8 57.8 57.8 57.8 57.8 57.8 57.8 57.8 57.8 57.8 57.8 51.2 51.2 51.2 51.2 51.2 51.2 51.2 51.2 51.2 51.2 51.2 51.2 51.2 51.2 51.2 51.2 51.2 51.2 51.2 51.2 51.2 51.2 51.2 51.2 51.2 51.2 51.2 51.2 51.2 51.2 51.2 51.2 51.2 51.2 51.2 51.2 51.2 51.2 51.2 51.2 51.2 51.2 51.2 51.2 51.2 51.2 51.2 51.2 51.2 51.2 51.2 51.2 51.2 51.2 51.2 51.2 51.2 51.2 51.2 51.2 43.2 43.2 43.2 43.2 43.2 43.2 43.2 43.2 43.2 43.2 43.2 43.2 43.2 43.2 43.2 43.2 43.2 43.2 43.2 43.2 43.2 43.2 43.2 43.2 43.2 43.2 43.2 43.2 43.2 
57.8 57.8 57.8 57.8 57.8 57.8 57.8 57.8 57.8 57.8 57.8 51.2 51.2 51.2 51.2 51.2 51.2 51.2 51.2 51.2 51.2 51.2 51.2 51.2 51.2 51.2 51.2 51.2 51.2 51.2 51.2 51.2 51.2 51.2 51.2 51.2 51.2 51.2 51.2 51.2 51.2 51.2 51.2 51.2 51.2 51.2 51.2 51.2 51.2 51.2 51.2 51.2 51.2 51.2 51.2 51.2 51.2 51.2 51.2 51.2 51.2 51.2 51.2 51.2 51.2 51.2 51.2 51.2 51.2 51.2 51.2 43.2 43.2 43.2 43.2 43.2 43.2 43.2 43.2 43.2 43.2 43.2 43.2 43.2 43.2 43.2 43.2 43.2 43.2 43.2 43.2 43.2 43.2 43.2 43.2 43.2 43.2 43.2 43.2 43.2 
57.8 57.8 57.8 57.8 57.8 57.8 57.8 57.8 57.8 57.8 57.8 51.2 51.2 51.2 51.2 51.2 51.2 51.2 51.2 51.2 51.2 51.2 51.2 51.2 51.2 51.2 51.2 51.2 51.2 51.2 51.2 51.2 51.2 51.2 51.2 51.2 51.2 51.2 51.2 51.2 51.2 51.2 51.2 51.2 51.2 51.2 51.2 51.2 51.2 51.2 51.2 51.2 51.2 51.2 51.2 51.2 51.2 51.2 51.2 51.2 51.2 51.2 51.2 51.2 51.2 51.2 51.2 51.2 51.2 51.2 51.2 43.2 43.2 43.2 43.2 43.2 43.2 43.2 43.2 43.2 43.2 43.2 43.2 43.2 43.2 43.2 43.2 43.2 43.2 43.2 43.2 43.2 43.2 43.2 43.2 43.2 43.2 43.2 43.2 43.2 
57.8 57.8 57.8 57.8 57.8 57.8 57.8 57.8 57.8 57.8 57.8 51.2 51.2 51.2 51.2 51.2 51.2 51.2 51.2 51.2 51.2 51.2 51.2 51.2 51.2 51.2 51.2 51.2 51.2 51.2 51.2 51.2 51.2 51.2 51.2 51.2 51.2 51.2 51.2 51.2 51.2 51.2 51.2 51.2 51.2 51.2 51.2 51.2 51.2 51.2 51.2 51.2 51.2 51.2 51.2 51.2 51.2 51.2 51.2 51.2 51.2 51.2 51.2 51.2 51.2 51.2 51.2 51.2 51.2 51.2 51.2 43.2 43.2 43.2 43.2 43.2 43.2 43.2 43.2 43.2 43.2 43.2 43.2 43.2 43.2 43.2 43.2 43.2 43.2 43.2 43.2 43.2 43.2 43.2 43.2 43.2 43.2 43.2 43.2 43.2 
57.8 57.8 57.8 57.8 57.8 57.8 57.8 57.8 57.8 57.8 57.8 51.2 51.2 51.2 51.2 51.2 51.2 51.2 51.2 51.2 51.2 51.2 51.2 51.2 51.2 51.2 51.2 51.2 51.2 51.2 51.2 51.2 51.2 51.2 51.2 51.2 51.2 51.2 51.2 51.2 51.2 51.2 51.2 51.2 51.2 51.2 51.2 51.2 51.2 51.2 51.2 51.2 51.2 51.2 51.2 51.2 51.2 51.2 51.2 51.2 51.2 51.2 51.2 51.2 51.2 51.2 51.2 51.2 51.2 51.2 51.2 43.2 43.2 43.2 43.2 43.2 43.2 43.2 43.2 43.2 43.2 43.2 43.2 43.2 43.2 43.2 43.2 43.2 43.2 43.2 43.2 43.2 43.2 43.2 43.2 43.2 43.2 43.2 43.2 43.2 
57.8 57.8 57.8 57.8 57.8 57.8 57.8 57.8 57.8 57.8 57.8 51.2 51.2 51.2 51.2 51.2 51.2 51.2 51.2 51.2 51.2 51.2 51.2 51.2 51.2 51.2 51.2 51.2 51.2 51.2 51.2 51.2 51.2 51.2 51.2 51.2 51.2 51.2 51.2 51.2 51.2 51.2 51.2 51.2 51.2 51.2 51.2 51.2 51.2 51.2 51.2 51.2 51.2 51.2 51.2 51.2 51.2 51.2 51.2 51.2 51.2 51.2 51.2 51.2 51.2 51.2 51.2 51.2 51.2 51.2 51.2 43.2 43.2 43.2 43.2 43.2 43.2 43.2 43.2 43.2 43.2 43.2 43.2 43.2 43.2 43.2 43.2 43.2 43.2 43.2 43.2 43.2 43.2 43.2 43.2 43.2 43.2 43.2 43.2 43.2 
57.8 57.8 57.8 57.8 57.8 57.8 57.8 57.8 57.8 57.8 57.8 51.2 51.2 51.2 51.2 51.2 51.2 51.2 51.2 51.2 51.2 51.2 51.2 51.2 51.2 51.2 51.2 51.2 51.2 51.2 51.2 51.2 51.2 51.2 51.2 51.2 51.2 51.2 51.2 51.2 51.2 51.2 51.2 51.2 51.2 51.2 51.2 51.2 51.2 51.2 51.2 51.2 51.2 51.2 51.2 51.2 51.2 51.2 51.2 51.2 51.2 51.2 51.2 51.2 51.2 51.2 51.2 51.2 51.2 51.2 51.2 43.2 43.2 43.2 43.2 43.2 43.2 43.2 43.2 43.2 43.2 43.2 43.2 43.2 43.2 43.2 43.2 43.2 43.2 43.2 43.2 43.2 43.2 43.2 43.2 43.2 43.2 43.2 43.2 43.2 
57.8 57.8 57.8 57.8 57.8 57.8 57.8 57.8 57.8 57.8 57.8 51.2 51.2 51.2 51.2 51.2 51.2 51.2 51.2 51.2 51.2 51.2 51.2 51.2 51.2 51.2 51.2 51.2 51.2 51.2 51.2 51.2 51.2 51.2 51.2 51.2 51.2 51.2 51.2 51.2 51.2 51.2 51.2 51.2 51.2 51.2 51.2 51.2 51.2 51.2 51.2 51.2 51.2 51.2 51.2 51.2 51.2 51.2 51.2 51.2 51.2 51.2 51.2 51.2 51.2 51.2 51.2 51.2 51.2 51.2 51.2 43.2 43.2 43.2 43.2 43.2 43.2 43.2 43.2 43.2 43.2 43.2 43.2 43.2 43.2 43.2 43.2 43.2 43.2 43.2 43.2 43.2 43.2 43.2 43.2 43.2 43.2 43.2 43.2 43.2 
57.8 57.8 57.8 57.8 57.8 57.8 57.8 57.8 57.8 57.8 57.8 51.2 51.2 51.2 51.2 51.2 51.2 51.2 51.2 51.2 51.2 51.2 51.2 51.2 51.2 51.2 51.2 51.2 51.2 51.2 51.2 51.2 51.2 51.2 51.2 51.2 51.2 51.2 51.2 51.2 51.2 51.2 51.2 51.2 51.2 51.2 51.2 51.2 51.2 51.2 51.2 51.2 51.2 51.2 51.2 51.2 51.2 51.2 51.2 51.2 51.2 51.2 51.2 51.2 51.2 51.2 51.2 51.2 51.2 51.2 51.2 43.2 43.2 43.2 43.2 43.2 43.2 43.2 43.2 43.2 43.2 43.2 43.2 43.2 43.2 43.2 43.2 43.2 43.2 43.2 43.2 43.2 43.2 43.2 43.2 43.2 43.2 43.2 43.2 43.2 
57.8 57.8 57.8 57.8 57.8 57.8 57.8 57.8 57.8 57.8 57.8 51.2 51.2 51.2 51.2 51.2 51.2 51.2 51.2 51.2 51.2 51.2 51.2 51.2 51.2 51.2 51.2 51.2 51.2 51.2 51.2 51.2 51.2 51.2 51.2 51.2 51.2 51.2 51.2 51.2 51.2 51.2 51.2 51.2 51.2 51.2 51.2 51.2 51.2 51.2 51.2 51.2 51.2 51.2 51.2 51.2 51.2 51.2 51.2 51.2 51.2 51.2 51.2 51.2 51.2 51.2 51.2 51.2 51.2 51.2 51.2 43.2 43.2 43.2 43.2 43.2 43.2 43.2 43.2 43.2 43.2 43.2 43.2 43.2 43.2 43.2 43.2 43.2 43.2 43.2 43.2 43.2 43.2 43.2 43.2 43.2 43.2 43.2 43.2 43.2 
57.8 57.8 57.8 57.8 57.8 57.8 57.8 57.8 57.8 57.8 57.8 51.2 51.2 51.2 51.2 51.2 51.2 51.2 51.2 51.2 51.2 51.2 51.2 51.2 51.2 51.2 51.2 51.2 51.2 51.2 51.2 51.2 51.2 51.2 51.2 51.2 51.2 51.2 51.2 51.2 51.2 51.2 51.2 51.2 51.2 51.2 51.2 51.2 51.2 51.2 51.2 51.2 51.2 51.2 51.2 51.2 51.2 51.2 51.2 51.2 51.2 51.2 51.2 51.2 51.2 51.2 51.2 51.2 51.2 51.2 51.2 43.2 43.2 43.2 43.2 43.2 43.2 43.2 43.2 43.2 43.2 43.2 43.2 43.2 43.2 43.2 43.2 43.2 43.2 43.2 43.2 43.2 43.2 43.2 43.2 43.2 43.2 43.2 43.2 43.2 
57.8 57.8 57.8 57.8 57.8 57.8 57.8 57.8 57.8 57.8 57.8 51.2 51.2 51.2 51.2 51.2 51.2 51.2 51.2 51.2 51.2 51.2 51.2 51.2 51.2 51.2 51.2 51.2 51.2 51.2 51.2 51.2 51.2 51.2 51.2 51.2 51.2 51.2 51.2 51.2 51.2 51.2 51.2 51.2 51.2 51.2 51.2 51.2 51.2 51.2 51.2 51.2 51.2 51.2 51.2 51.2 51.2 51.2 51.2 51.2 51.2 51.2 51.2 51.2 51.2 51.2 51.2 51.2 51.2 51.2 51.2 43.2 43.2 43.2 43.2 43.2 43.2 43.2 43.2 43.2 43.2 43.2 43.2 43.2 43.2 43.2 43.2 43.2 43.2 43.2 43.2 43.2 43.2 43.2 43.2 43.2 43.2 43.2 43.2 43.2 
57.8 57.8 57.8 57.8 57.8 57.8 57.8 57.8 57.8 57.8 57.8 51.2 51.2 51.2 51.2 51.2 51.2 51.2 51.2 51.2 51.2 51.2 51.2 51.2 51.2 51.2 51.2 51.2 51.2 51.2 51.2 51.2 51.2 51.2 51.2 51.2 51.2 51.2 51.2 51.2 51.2 51.2 51.2 51.2 51.2 51.2 51.2 51.2 51.2 51.2 51.2 51.2 51.2 51.2 51.2 51.2 51.2 51.2 51.2 51.2 51.2 51.2 51.2 51.2 51.2 51.2 51.2 51.2 51.2 51.2 51.2 43.2 43.2 43.2 43.2 43.2 43.2 43.2 43.2 43.2 43.2 43.2 43.2 43.2 43.2 43.2 43.2 43.2 43.2 43.2 43.2 43.2 43.2 43.2 43.2 43.2 43.2 43.2 43.2 43.2 
57.8 57.8 57.8 57.8 57.8 57.8 57.8 57.8 57.8 57.8 57.8 51.2 51.2 51.2 51.2 51.2 51.2 51.2 51.2 51.2 51.2 51.2 51.2 51.2 51.2 51.2 51.2 51.2 51.2 51.2 51.2 51.2 51.2 51.2 51.2 51.2 51.2 51.2 51.2 51.2 51.2 51.2 51.2 51.2 51.2 51.2 51.2 51.2 51.2 51.2 51.2 51.2 51.2 51.2 51.2 51.2 51.2 51.2 51.2 51.2 51.2 51.2 51.2 51.2 51.2 51.2 51.2 51.2 51.2 51.2 51.2 43.2 43.2 43.2 43.2 43.2 43.2 43.2 43.2 43.2 43.2 43.2 43.2 43.2 43.2 43.2 43.2 43.2 43.2 43.2 43.2 43.2 43.2 43.2 43.2 43.2 43.2 43.2 43.2 43.2 
57.8 57.8 57.8 57.8 57.8 57.8 57.8 57.8 57.8 57.8 57.8 51.2 51.2 51.2 51.2 51.2 51.2 51.2 51.2 51.2 51.2 51.2 51.2 51.2 51.2 51.2 51.2 51.2 51.2 51.2 51.2 51.2 51.2 51.2 51.2 51.2 51.2 51.2 51.2 51.2 51.2 51.2 51.2 51.2 51.2 51.2 51.2 51.2 51.2 51.2 51.2 51.2 51.2 51.2 51.2 51.2 51.2 51.2 51.2 51.2 51.2 51.2 51.2 51.2 51.2 51.2 51.2 51.2 51.2 51.2 51.2 43.2 43.2 43.2 43.2 43.2 43.2 43.2 43.2 43.2 43.2 43.2 43.2 43.2 43.2 43.2 43.2 43.2 43.2 43.2 43.2 43.2 43.2 43.2 43.2 43.2 43.2 43.2 43.2 43.2 
57.8 57.8 57.8 57.8 57.8 57.8 57.8 57.8 57.8 57.8 57.8 51.2 51.2 51.2 51.2 51.2 51.2 51.2 51.2 51.2 51.2 51.2 51.2 51.2 51.2 51.2 51.2 51.2 51.2 51.2 51.2 51.2 51.2 51.2 51.2 51.2 51.2 51.2 51.2 51.2 51.2 51.2 51.2 51.2 51.2 51.2 51.2 51.2 51.2 51.2 51.2 51.2 51.2 51.2 51.2 51.2 51.2 51.2 51.2 51.2 51.2 51.2 51.2 51.2 51.2 51.2 51.2 51.2 51.2 51.2 51.2 43.2 43.2 43.2 43.2 43.2 43.2 43.2 43.2 43.2 43.2 43.2 43.2 43.2 43.2 43.2 43.2 43.2 43.2 43.2 43.2 43.2 43.2 43.2 43.2 43.2 43.2 43.2 43.2 43.2 
57.8 57.8 57.8 57.8 57.8 57.8 57.8 57.8 57.8 57.8 57.8 51.2 51.2 51.2 51.2 51.2 51.2 51.2 51.2 51.2 51.2 51.2 51.2 51.2 51.2 51.2 51.2 51.2 51.2 51.2 51.2 51.2 51.2 51.2 51.2 51.2 51.2 51.2 51.2 51.2 51.2 51.2 51.2 51.2 51.2 51.2 51.2 51.2 51.2 51.2 51.2 51.2 51.2 51.2 51.2 51.2 51.2 51.2 51.2 51.2 51.2 51.2 51.2 51.2 51.2 51.2 51.2 51.2 51.2 51.2 51.2 43.2 43.2 43.2 43.2 43.2 43.2 43.2 43.2 43.2 43.2 43.2 43.2 43.2 43.2 43.2 43.2 43.2 43.2 43.2 43.2 43.2 43.2 43.2 43.2 43.2 43.2 43.2 43.2 43.2 
57.8 57.8 57.8 57.8 57.8 57.8 57.8 57.8 57.8 57.8 57.8 51.2 51.2 51.2 51.2 51.2 51.2 51.2 51.2 51.2 51.2 51.2 51.2 51.2 51.2 51.2 51.2 51.2 51.2 51.2 51.2 51.2 51.2 51.2 51.2 51.2 51.2 51.2 51.2 51.2 51.2 51.2 51.2 51.2 51.2 51.2 51.2 51.2 51.2 51.2 51.2 51.2 51.2 51.2 51.2 51.2 51.2 51.2 51.2 51.2 51.2 51.2 51.2 51.2 51.2 51.2 51.2 51.2 51.2 51.2 51.2 43.2 43.2 43.2 43.2 43.2 43.2 43.2 43.2 43.2 43.2 43.2 43.2 43.2 43.2 43.2 43.2 43.2 43.2 43.2 43.2 43.2 43.2 43.2 43.2 43.2 43.2 43.2 43.2 43.2 
57.8 57.8 57.8 57.8 57.8 57.8 57.8 57.8 57.8 57.8 57.8 51.2 51.2 51.2 51.2 51.2 51.2 51.2 51.2 51.2 51.2 51.2 51.2 51.2 51.2 51.2 51.2 51.2 51.2 51.2 51.2 51.2 51.2 51.2 51.2 51.2 51.2 51.2 51.2 51.2 51.2 51.2 51.2 51.2 51.2 51.2 51.2 51.2 51.2 51.2 51.2 51.2 51.2 51.2 51.2 51.2 51.2 51.2 51.2 51.2 51.2 51.2 51.2 51.2 51.2 51.2 51.2 51.2 51.2 51.2 51.2 43.2 43.2 43.2 43.2 43.2 43.2 43.2 43.2 43.2 43.2 43.2 43.2 43.2 43.2 43.2 43.2 43.2 43.2 43.2 43.2 43.2 43.2 43.2 43.2 43.2 43.2 43.2 43.2 43.2 
57.8 57.8 57.8 57.8 57.8 57.8 57.8 57.8 57.8 57.8 57.8 51.2 51.2 51.2 51.2 51.2 51.2 51.2 51.2 51.2 51.2 51.2 51.2 51.2 51.2 51.2 51.2 51.2 51.2 51.2 51.2 51.2 51.2 51.2 51.2 51.2 51.2 51.2 51.2 51.2 51.2 51.2 51.2 51.2 51.2 51.2 51.2 51.2 51.2 51.2 51.2 51.2 51.2 51.2 51.2 51.2 51.2 51.2 51.2 51.2 51.2 51.2 51.2 51.2 51.2 51.2 51.2 51.2 51.2 51.2 51.2 43.2 43.2 43.2 43.2 43.2 43.2 43.2 43.2 43.2 43.2 43.2 43.2 43.2 43.2 43.2 43.2 43.2 43.2 43.2 43.2 43.2 43.2 43.2 43.2 43.2 43.2 43.2 43.2 43.2 
57.8 57.8 57.8 57.8 57.8 57.8 57.8 57.8 57.8 57.8 57.8 51.2 51.2 51.2 51.2 51.2 51.2 51.2 51.2 51.2 51.2 51.2 51.2 51.2 51.2 51.2 51.2 51.2 51.2 51.2 51.2 51.2 51.2 51.2 51.2 51.2 51.2 51.2 51.2 51.2 51.2 51.2 51.2 51.2 51.2 51.2 51.2 51.2 51.2 51.2 51.2 51.2 51.2 51.2 51.2 51.2 51.2 51.2 51.2 51.2 51.2 51.2 51.2 51.2 51.2 51.2 51.2 51.2 51.2 51.2 51.2 43.2 43.2 43.2 43.2 43.2 43.2 43.2 43.2 43.2 43.2 43.2 43.2 43.2 43.2 43.2 43.2 43.2 43.2 43.2 43.2 43.2 43.2 43.2 43.2 43.2 43.2 43.2 43.2 43.2 
57.8 57.8 57.8 57.8 57.8 57.8 57.8 57.8 57.8 57.8 57.8 51.2 51.2 51.2 51.2 51.2 51.2 51.2 51.2 51.2 51.2 51.2 51.2 51.2 51.2 51.2 51.2 51.2 51.2 51.2 51.2 51.2 51.2 51.2 51.2 51.2 51.2 51.2 51.2 51.2 51.2 51.2 51.2 51.2 51.2 51.2 51.2 51.2 51.2 51.2 51.2 51.2 51.2 51.2 51.2 51.2 51.2 51.2 51.2 51.2 51.2 51.2 51.2 51.2 51.2 51.2 51.2 51.2 51.2 51.2 51.2 43.2 43.2 43.2 43.2 43.2 43.2 43.2 43.2 43.2 43.2 43.2 43.2 43.2 43.2 43.2 43.2 43.2 43.2 43.2 43.2 43.2 43.2 43.2 43.2 43.2 43.2 43.2 43.2 43.2 
57.8 57.8 57.8 57.8 57.8 57.8 57.8 57.8 57.8 57.8 57.8 51.2 51.2 51.2 51.2 51.2 51.2 51.2 51.2 51.2 51.2 51.2 51.2 51.2 51.2 51.2 51.2 51.2 51.2 51.2 51.2 51.2 51.2 51.2 51.2 51.2 51.2 51.2 51.2 51.2 51.2 51.2 51.2 51.2 51.2 51.2 51.2 51.2 51.2 51.2 51.2 51.2 51.2 51.2 51.2 51.2 51.2 51.2 51.2 51.2 51.2 51.2 51.2 51.2 51.2 51.2 51.2 51.2 51.2 51.2 51.2 43.2 43.2 43.2 43.2 43.2 43.2 43.2 43.2 43.2 43.2 43.2 43.2 43.2 43.2 43.2 43.2 43.2 43.2 43.2 43.2 43.2 43.2 43.2 43.2 43.2 43.2 43.2 43.2 43.2 
57.8 57.8 57.8 57.8 57.8 57.8 57.8 57.8 57.8 57.8 57.8 51.2 51.2 51.2 51.2 51.2 51.2 51.2 51.2 51.2 51.2 51.2 51.2 51.2 51.2 51.2 51.2 51.2 51.2 51.2 51.2 51.2 51.2 51.2 51.2 51.2 51.2 51.2 51.2 51.2 51.2 51.2 51.2 51.2 51.2 51.2 51.2 51.2 51.2 51.2 51.2 51.2 51.2 51.2 51.2 51.2 51.2 51.2 51.2 51.2 51.2 51.2 51.2 51.2 51.2 51.2 51.2 51.2 51.2 51.2 51.2 43.2 43.2 43.2 43.2 43.2 43.2 43.2 43.2 43.2 43.2 43.2 43.2 43.2 43.2 43.2 43.2 43.2 43.2 43.2 43.2 43.2 43.2 43.2 43.2 43.2 43.2 43.2 43.2 43.2 
57.8 57.8 57.8 57.8 57.8 57.8 57.8 57.8 57.8 57.8 57.8 51.2 51.2 51.2 51.2 51.2 51.2 51.2 51.2 51.2 51.2 51.2 51.2 51.2 51.2 51.2 51.2 51.2 51.2 51.2 51.2 51.2 51.2 51.2 51.2 51.2 51.2 51.2 51.2 51.2 51.2 51.2 51.2 51.2 51.2 51.2 51.2 51.2 51.2 51.2 51.2 51.2 51.2 51.2 51.2 51.2 51.2 51.2 51.2 51.2 51.2 51.2 51.2 51.2 51.2 51.2 51.2 51.2 51.2 51.2 51.2 43.2 43.2 43.2 43.2 43.2 43.2 43.2 43.2 43.2 43.2 43.2 43.2 43.2 43.2 43.2 43.2 43.2 43.2 43.2 43.2 43.2 43.2 43.2 43.2 43.2 43.2 43.2 43.2 43.2 
57.8 57.8 57.8 57.8 57.8 57.8 57.8 57.8 57.8 57.8 57.8 51.2 51.2 51.2 51.2 51.2 51.2 51.2 51.2 51.2 51.2 51.2 51.2 51.2 51.2 51.2 51.2 51.2 51.2 51.2 51.2 51.2 51.2 51.2 51.2 51.2 51.2 51.2 51.2 51.2 51.2 51.2 51.2 51.2 51.2 51.2 51.2 51.2 51.2 51.2 51.2 51.2 51.2 51.2 51.2 51.2 51.2 51.2 51.2 51.2 51.2 51.2 51.2 51.2 51.2 51.2 51.2 51.2 51.2 51.2 51.2 43.2 43.2 43.2 43.2 43.2 43.2 43.2 43.2 43.2 43.2 43.2 43.2 43.2 43.2 43.2 43.2 43.2 43.2 43.2 43.2 43.2 43.2 43.2 43.2 43.2 43.2 43.2 43.2 43.2 
57.8 57.8 57.8 57.8 57.8 57.8 57.8 57.8 57.8 57.8 57.8 51.2 51.2 51.2 51.2 51.2 51.2 51.2 51.2 51.2 51.2 51.2 51.2 51.2 51.2 51.2 51.2 51.2 51.2 51.2 51.2 51.2 51.2 51.2 51.2 51.2 51.2 51.2 51.2 51.2 51.2 51.2 51.2 51.2 51.2 51.2 51.2 51.2 51.2 51.2 51.2 51.2 51.2 51.2 51.2 51.2 51.2 51.2 51.2 51.2 51.2 51.2 51.2 51.2 51.2 51.2 51.2 51.2 51.2 51.2 51.2 43.2 43.2 43.2 43.2 43.2 43.2 43.2 43.2 43.2 43.2 43.2 43.2 43.2 43.2 43.2 43.2 43.2 43.2 43.2 43.2 43.2 43.2 43.2 43.2 43.2 43.2 43.2 43.2 43.2 
57.8 57.8 57.8 57.8 57.8 57.8 57.8 57.8 57.8 57.8 57.8 51.2 51.2 51.2 51.2 51.2 51.2 51.2 51.2 51.2 51.2 51.2 51.2 51.2 51.2 51.2 51.2 51.2 51.2 51.2 51.2 51.2 51.2 51.2 51.2 51.2 51.2 51.2 51.2 51.2 51.2 51.2 51.2 51.2 51.2 51.2 51.2 51.2 51.2 51.2 51.2 51.2 51.2 51.2 51.2 51.2 51.2 51.2 51.2 51.2 51.2 51.2 51.2 51.2 51.2 51.2 51.2 51.2 51.2 51.2 51.2 43.2 43.2 43.2 43.2 43.2 43.2 43.2 43.2 43.2 43.2 43.2 43.2 43.2 43.2 43.2 43.2 43.2 43.2 43.2 43.2 43.2 43.2 43.2 43.2 43.2 43.2 43.2 43.2 43.2 
57.8 57.8 57.8 57.8 57.8 57.8 57.8 57.8 57.8 57.8 57.8 51.2 51.2 51.2 51.2 51.2 51.2 51.2 51.2 51.2 51.2 51.2 51.2 51.2 51.2 51.2 51.2 51.2 51.2 51.2 51.2 51.2 51.2 51.2 51.2 51.2 51.2 51.2 51.2 51.2 51.2 51.2 51.2 51.2 51.2 51.2 51.2 51.2 51.2 51.2 51.2 51.2 51.2 51.2 51.2 51.2 51.2 51.2 51.2 51.2 51.2 51.2 51.2 51.2 51.2 51.2 51.2 51.2 51.2 51.2 51.2 43.2 43.2 43.2 43.2 43.2 43.2 43.2 43.2 43.2 43.2 43.2 43.2 43.2 43.2 43.2 43.2 43.2 43.2 43.2 43.2 43.2 43.2 43.2 43.2 43.2 43.2 43.2 43.2 43.2 
57.8 57.8 57.8 57.8 57.8 57.8 57.8 57.8 57.8 57.8 57.8 51.2 51.2 51.2 51.2 51.2 51.2 51.2 51.2 51.2 51.2 51.2 51.2 51.2 51.2 51.2 51.2 51.2 51.2 51.2 51.2 51.2 51.2 51.2 51.2 51.2 51.2 51.2 51.2 51.2 51.2 51.2 51.2 51.2 51.2 51.2 51.2 51.2 51.2 51.2 51.2 51.2 51.2 51.2 51.2 51.2 51.2 51.2 51.2 51.2 51.2 51.2 51.2 51.2 51.2 51.2 51.2 51.2 51.2 51.2 51.2 43.2 43.2 43.2 43.2 43.2 43.2 43.2 43.2 43.2 43.2 43.2 43.2 43.2 43.2 43.2 43.2 43.2 43.2 43.2 43.2 43.2 43.2 43.2 43.2 43.2 43.2 43.2 43.2 43.2 
57.8 57.8 57.8 57.8 57.8 57.8 57.8 57.8 57.8 57.8 57.8 51.2 51.2 51.2 51.2 51.2 51.2 51.2 51.2 51.2 51.2 51.2 51.2 51.2 51.2 51.2 51.2 51.2 51.2 51.2 51.2 51.2 51.2 51.2 51.2 51.2 51.2 51.2 51.2 51.2 51.2 51.2 51.2 51.2 51.2 51.2 51.2 51.2 51.2 51.2 51.2 51.2 51.2 51.2 51.2 51.2 51.2 51.2 51.2 51.2 51.2 51.2 51.2 51.2 51.2 51.2 51.2 51.2 51.2 51.2 51.2 43.2 43.2 43.2 43.2 43.2 43.2 43.2 43.2 43.2 43.2 43.2 43.2 43.2 43.2 43.2 43.2 43.2 43.2 43.2 43.2 43.2 43.2 43.2 43.2 43.2 43.2 43.2 43.2 43.2 
57.8 57.8 57.8 57.8 57.8 57.8 57.8 57.8 57.8 57.8 57.8 51.2 51.2 51.2 51.2 51.2 51.2 51.2 51.2 51.2 51.2 51.2 51.2 51.2 51.2 51.2 51.2 51.2 51.2 51.2 51.2 51.2 51.2 51.2 51.2 51.2 51.2 51.2 51.2 51.2 51.2 51.2 51.2 51.2 51.2 51.2 51.2 51.2 51.2 51.2 51.2 51.2 51.2 51.2 51.2 51.2 51.2 51.2 51.2 51.2 51.2 51.2 51.2 51.2 51.2 51.2 51.2 51.2 51.2 51.2 51.2 43.2 43.2 43.2 43.2 43.2 43.2 43.2 43.2 43.2 43.2 43.2 43.2 43.2 43.2 43.2 43.2 43.2 43.2 43.2 43.2 43.2 43.2 43.2 43.2 43.2 43.2 43.2 43.2 43.2 
57.8 57.8 57.8 57.8 57.8 57.8 57.8 57.8 57.8 57.8 57.8 51.2 51.2 51.2 51.2 51.2 51.2 51.2 51.2 51.2 51.2 51.2 51.2 51.2 51.2 51.2 51.2 51.2 51.2 51.2 51.2 51.2 51.2 51.2 51.2 51.2 51.2 51.2 51.2 51.2 51.2 51.2 51.2 51.2 51.2 51.2 51.2 51.2 51.2 51.2 51.2 51.2 51.2 51.2 51.2 51.2 51.2 51.2 51.2 51.2 51.2 51.2 51.2 51.2 51.2 51.2 51.2 51.2 51.2 51.2 51.2 43.2 43.2 43.2 43.2 43.2 43.2 43.2 43.2 43.2 43.2 43.2 43.2 43.2 43.2 43.2 43.2 43.2 43.2 43.2 43.2 43.2 43.2 43.2 43.2 43.2 43.2 43.2 43.2 43.2 
57.8 57.8 57.8 57.8 57.8 57.8 57.8 57.8 57.8 57.8 57.8 51.2 51.2 51.2 51.2 51.2 51.2 51.2 51.2 51.2 51.2 51.2 51.2 51.2 51.2 51.2 51.2 51.2 51.2 51.2 51.2 51.2 51.2 51.2 51.2 51.2 51.2 51.2 51.2 51.2 51.2 51.2 51.2 51.2 51.2 51.2 51.2 51.2 51.2 51.2 51.2 51.2 51.2 51.2 51.2 51.2 51.2 51.2 51.2 51.2 51.2 51.2 51.2 51.2 51.2 51.2 51.2 51.2 51.2 51.2 51.2 43.2 43.2 43.2 43.2 43.2 43.2 43.2 43.2 43.2 43.2 43.2 43.2 43.2 43.2 43.2 43.2 43.2 43.2 43.2 43.2 43.2 43.2 43.2 43.2 43.2 43.2 43.2 43.2 43.2 
57.8 57.8 57.8 57.8 57.8 57.8 57.8 57.8 57.8 57.8 57.8 51.2 51.2 51.2 51.2 51.2 51.2 51.2 51.2 51.2 51.2 51.2 51.2 51.2 51.2 51.2 51.2 51.2 51.2 51.2 51.2 51.2 51.2 51.2 51.2 51.2 51.2 51.2 51.2 51.2 51.2 51.2 51.2 51.2 51.2 51.2 51.2 51.2 51.2 51.2 51.2 51.2 51.2 51.2 51.2 51.2 51.2 51.2 51.2 51.2 51.2 51.2 51.2 51.2 51.2 51.2 51.2 51.2 51.2 51.2 51.2 43.2 43.2 43.2 43.2 43.2 43.2 43.2 43.2 43.2 43.2 43.2 43.2 43.2 43.2 43.2 43.2 43.2 43.2 43.2 43.2 43.2 43.2 43.2 43.2 43.2 43.2 43.2 43.2 43.2 
57.8 57.8 57.8 57.8 57.8 57.8 57.8 57.8 57.8 57.8 57.8 51.2 51.2 51.2 51.2 51.2 51.2 51.2 51.2 51.2 51.2 51.2 51.2 51.2 51.2 51.2 51.2 51.2 51.2 51.2 51.2 51.2 51.2 51.2 51.2 51.2 51.2 51.2 51.2 51.2 51.2 51.2 51.2 51.2 51.2 51.2 51.2 51.2 51.2 51.2 51.2 51.2 51.2 51.2 51.2 51.2 51.2 51.2 51.2 51.2 51.2 51.2 51.2 51.2 51.2 51.2 51.2 51.2 51.2 51.2 51.2 43.2 43.2 43.2 43.2 43.2 43.2 43.2 43.2 43.2 43.2 43.2 43.2 43.2 43.2 43.2 43.2 43.2 43.2 43.2 43.2 43.2 43.2 43.2 43.2 43.2 43.2 43.2 43.2 43.2 
57.8 57.8 57.8 57.8 57.8 57.8 57.8 57.8 57.8 57.8 57.8 51.2 51.2 51.2 51.2 51.2 51.2 51.2 51.2 51.2 51.2 51.2 51.2 51.2 51.2 51.2 51.2 51.2 51.2 51.2 51.2 51.2 51.2 51.2 51.2 51.2 51.2 51.2 51.2 51.2 51.2 51.2 51.2 51.2 51.2 51.2 51.2 51.2 51.2 51.2 51.2 51.2 51.2 51.2 51.2 51.2 51.2 51.2 51.2 51.2 51.2 51.2 51.2 51.2 51.2 51.2 51.2 51.2 51.2 51.2 51.2 43.2 43.2 43.2 43.2 43.2 43.2 43.2 43.2 43.2 43.2 43.2 43.2 43.2 43.2 43.2 43.2 43.2 43.2 43.2 43.2 43.2 43.2 43.2 43.2 43.2 43.2 43.2 43.2 43.2 
57.8 57.8 57.8 57.8 57.8 57.8 57.8 57.8 57.8 57.8 57.8 51.2 51.2 51.2 51.2 51.2 51.2 51.2 51.2 51.2 51.2 51.2 51.2 51.2 51.2 51.2 51.2 51.2 51.2 51.2 51.2 51.2 51.2 51.2 51.2 51.2 51.2 51.2 51.2 51.2 51.2 51.2 51.2 51.2 51.2 51.2 51.2 51.2 51.2 51.2 51.2 51.2 51.2 51.2 51.2 51.2 51.2 51.2 51.2 51.2 51.2 51.2 51.2 51.2 51.2 51.2 51.2 51.2 51.2 51.2 51.2 43.2 43.2 43.2 43.2 43.2 43.2 43.2 43.2 43.2 43.2 43.2 43.2 43.2 43.2 43.2 43.2 43.2 43.2 43.2 43.2 43.2 43.2 43.2 43.2 43.2 43.2 43.2 43.2 43.2 
76.1 76.1 76.1 76.1 76.1 76.1 76.1 76.1 76.1 76.1 76.1 68.5 68.5 68.5 68.5 68.5 68.5 68.5 68.5 68.5 68.5 68.5 68.5 68.5 68.5 68.5 68.5 68.5 68.5 68.5 68.5 68.5 68.5 68.5 68.5 68.5 68.5 68.5 68.5 68.5 68.5 68.5 68.5 68.5 68.5 68.5 68.5 68.5 68.5 68.5 68.5 68.5 68.5 68.5 68.5 68.5 68.5 68.5 68.5 68.5 68.5 68.5 68.5 68.5 68.5 68.5 68.5 68.5 68.5 68.5 68.5 56.2 56.2 56.2 56.2 56.2 56.2 56.2 56.2 56.2 56.2 56.2 56.2 56.2 56.2 56.2 56.2 56.2 56.2 56.2 56.2 56.2 56.2 56.2 56.2 56.2 56.2 56.2 56.2 56.2 
76.1 76.1 76.1 76.1 76.1 76.1 76.1 76.1 76.1 76.1 76.1 68.5 68.5 68.5 68.5 68.5 68.5 68.5 68.5 68.5 68.5 68.5 68.5 68.5 68.5 68.5 68.5 68.5 68.5 68.5 68.5 68.5 68.5 68.5 68.5 68.5 68.5 68.5 68.5 68.5 68.5 68.5 68.5 68.5 68.5 68.5 68.5 68.5 68.5 68.5 68.5 68.5 68.5 68.5 68.5 68.5 68.5 68.5 68.5 68.5 68.5 68.5 68.5 68.5 68.5 68.5 68.5 68.5 68.5 68.5 68.5 56.2 56.2 56.2 56.2 56.2 56.2 56.2 56.2 56.2 56.2 56.2 56.2 56.2 56.2 56.2 56.2 56.2 56.2 56.2 56.2 56.2 56.2 56.2 56.2 56.2 56.2 56.2 56.2 56.2 
76.1 76.1 76.1 76.1 76.1 76.1 76.1 76.1 76.1 76.1 76.1 68.5 68.5 68.5 68.5 68.5 68.5 68.5 68.5 68.5 68.5 68.5 68.5 68.5 68.5 68.5 68.5 68.5 68.5 68.5 68.5 68.5 68.5 68.5 68.5 68.5 68.5 68.5 68.5 68.5 68.5 68.5 68.5 68.5 68.5 68.5 68.5 68.5 68.5 68.5 68.5 68.5 68.5 68.5 68.5 68.5 68.5 68.5 68.5 68.5 68.5 68.5 68.5 68.5 68.5 68.5 68.5 68.5 68.5 68.5 68.5 56.2 56.2 56.2 56.2 56.2 56.2 56.2 56.2 56.2 56.2 56.2 56.2 56.2 56.2 56.2 56.2 56.2 56.2 56.2 56.2 56.2 56.2 56.2 56.2 56.2 56.2 56.2 56.2 56.2 
76.1 76.1 76.1 76.1 76.1 76.1 76.1 76.1 76.1 76.1 76.1 68.5 68.5 68.5 68.5 68.5 68.5 68.5 68.5 68.5 68.5 68.5 68.5 68.5 68.5 68.5 68.5 68.5 68.5 68.5 68.5 68.5 68.5 68.5 68.5 68.5 68.5 68.5 68.5 68.5 68.5 68.5 68.5 68.5 68.5 68.5 68.5 68.5 68.5 68.5 68.5 68.5 68.5 68.5 68.5 68.5 68.5 68.5 68.5 68.5 68.5 68.5 68.5 68.5 68.5 68.5 68.5 68.5 68.5 68.5 68.5 56.2 56.2 56.2 56.2 56.2 56.2 56.2 56.2 56.2 56.2 56.2 56.2 56.2 56.2 56.2 56.2 56.2 56.2 56.2 56.2 56.2 56.2 56.2 56.2 56.2 56.2 56.2 56.2 56.2 
76.1 76.1 76.1 76.1 76.1 76.1 76.1 76.1 76.1 76.1 76.1 68.5 68.5 68.5 68.5 68.5 68.5 68.5 68.5 68.5 68.5 68.5 68.5 68.5 68.5 68.5 68.5 68.5 68.5 68.5 68.5 68.5 68.5 68.5 68.5 68.5 68.5 68.5 68.5 68.5 68.5 68.5 68.5 68.5 68.5 68.5 68.5 68.5 68.5 68.5 68.5 68.5 68.5 68.5 68.5 68.5 68.5 68.5 68.5 68.5 68.5 68.5 68.5 68.5 68.5 68.5 68.5 68.5 68.5 68.5 68.5 56.2 56.2 56.2 56.2 56.2 56.2 56.2 56.2 56.2 56.2 56.2 56.2 56.2 56.2 56.2 56.2 56.2 56.2 56.2 56.2 56.2 56.2 56.2 56.2 56.2 56.2 56.2 56.2 56.2 
76.1 76.1 76.1 76.1 76.1 76.1 76.1 76.1 76.1 76.1 76.1 68.5 68.5 68.5 68.5 68.5 68.5 68.5 68.5 68.5 68.5 68.5 68.5 68.5 68.5 68.5 68.5 68.5 68.5 68.5 68.5 68.5 68.5 68.5 68.5 68.5 68.5 68.5 68.5 68.5 68.5 68.5 68.5 68.5 68.5 68.5 68.5 68.5 68.5 68.5 68.5 68.5 68.5 68.5 68.5 68.5 68.5 68.5 68.5 68.5 68.5 68.5 68.5 68.5 68.5 68.5 68.5 68.5 68.5 68.5 68.5 56.2 56.2 56.2 56.2 56.2 56.2 56.2 56.2 56.2 56.2 56.2 56.2 56.2 56.2 56.2 56.2 56.2 56.2 56.2 56.2 56.2 56.2 56.2 56.2 56.2 56.2 56.2 56.2 56.2 
76.1 76.1 76.1 76.1 76.1 76.1 76.1 76.1 76.1 76.1 76.1 68.5 68.5 68.5 68.5 68.5 68.5 68.5 68.5 68.5 68.5 68.5 68.5 68.5 68.5 68.5 68.5 68.5 68.5 68.5 68.5 68.5 68.5 68.5 68.5 68.5 68.5 68.5 68.5 68.5 68.5 68.5 68.5 68.5 68.5 68.5 68.5 68.5 68.5 68.5 68.5 68.5 68.5 68.5 68.5 68.5 68.5 68.5 68.5 68.5 68.5 68.5 68.5 68.5 68.5 68.5 68.5 68.5 68.5 68.5 68.5 56.2 56.2 56.2 56.2 56.2 56.2 56.2 56.2 56.2 56.2 56.2 56.2 56.2 56.2 56.2 56.2 56.2 56.2 56.2 56.2 56.2 56.2 56.2 56.2 56.2 56.2 56.2 56.2 56.2 
76.1 76.1 76.1 76.1 76.1 76.1 76.1 76.1 76.1 76.1 76.1 68.5 68.5 68.5 68.5 68.5 68.5 68.5 68.5 68.5 68.5 68.5 68.5 68.5 68.5 68.5 68.5 68.5 68.5 68.5 68.5 68.5 68.5 68.5 68.5 68.5 68.5 68.5 68.5 68.5 68.5 68.5 68.5 68.5 68.5 68.5 68.5 68.5 68.5 68.5 68.5 68.5 68.5 68.5 68.5 68.5 68.5 68.5 68.5 68.5 68.5 68.5 68.5 68.5 68.5 68.5 68.5 68.5 68.5 68.5 68.5 56.2 56.2 56.2 56.2 56.2 56.2 56.2 56.2 56.2 56.2 56.2 56.2 56.2 56.2 56.2 56.2 56.2 56.2 56.2 56.2 56.2 56.2 56.2 56.2 56.2 56.2 56.2 56.2 56.2 
76.1 76.1 76.1 76.1 76.1 76.1 76.1 76.1 76.1 76.1 76.1 68.5 68.5 68.5 68.5 68.5 68.5 68.5 68.5 68.5 68.5 68.5 68.5 68.5 68.5 68.5 68.5 68.5 68.5 68.5 68.5 68.5 68.5 68.5 68.5 68.5 68.5 68.5 68.5 68.5 68.5 68.5 68.5 68.5 68.5 68.5 68.5 68.5 68.5 68.5 68.5 68.5 68.5 68.5 68.5 68.5 68.5 68.5 68.5 68.5 68.5 68.5 68.5 68.5 68.5 68.5 68.5 68.5 68.5 68.5 68.5 56.2 56.2 56.2 56.2 56.2 56.2 56.2 56.2 56.2 56.2 56.2 56.2 56.2 56.2 56.2 56.2 56.2 56.2 56.2 56.2 56.2 56.2 56.2 56.2 56.2 56.2 56.2 56.2 56.2 
76.1 76.1 76.1 76.1 76.1 76.1 76.1 76.1 76.1 76.1 76.1 68.5 68.5 68.5 68.5 68.5 68.5 68.5 68.5 68.5 68.5 68.5 68.5 68.5 68.5 68.5 68.5 68.5 68.5 68.5 68.5 68.5 68.5 68.5 68.5 68.5 68.5 68.5 68.5 68.5 68.5 68.5 68.5 68.5 68.5 68.5 68.5 68.5 68.5 68.5 68.5 68.5 68.5 68.5 68.5 68.5 68.5 68.5 68.5 68.5 68.5 68.5 68.5 68.5 68.5 68.5 68.5 68.5 68.5 68.5 68.5 56.2 56.2 56.2 56.2 56.2 56.2 56.2 56.2 56.2 56.2 56.2 56.2 56.2 56.2 56.2 56.2 56.2 56.2 56.2 56.2 56.2 56.2 56.2 56.2 56.2 56.2 56.2 56.2 56.2 
76.1 76.1 76.1 76.1 76.1 76.1 76.1 76.1 76.1 76.1 76.1 68.5 68.5 68.5 68.5 68.5 68.5 68.5 68.5 68.5 68.5 68.5 68.5 68.5 68.5 68.5 68.5 68.5 68.5 68.5 68.5 68.5 68.5 68.5 68.5 68.5 68.5 68.5 68.5 68.5 68.5 68.5 68.5 68.5 68.5 68.5 68.5 68.5 68.5 68.5 68.5 68.5 68.5 68.5 68.5 68.5 68.5 68.5 68.5 68.5 68.5 68.5 68.5 68.5 68.5 68.5 68.5 68.5 68.5 68.5 68.5 56.2 56.2 56.2 56.2 56.2 56.2 56.2 56.2 56.2 56.2 56.2 56.2 56.2 56.2 56.2 56.2 56.2 56.2 56.2 56.2 56.2 56.2 56.2 56.2 56.2 56.2 56.2 56.2 56.2 
76.1 76.1 76.1 76.1 76.1 76.1 76.1 76.1 76.1 76.1 76.1 68.5 68.5 68.5 68.5 68.5 68.5 68.5 68.5 68.5 68.5 68.5 68.5 68.5 68.5 68.5 68.5 68.5 68.5 68.5 68.5 68.5 68.5 68.5 68.5 68.5 68.5 68.5 68.5 68.5 68.5 68.5 68.5 68.5 68.5 68.5 68.5 68.5 68.5 68.5 68.5 68.5 68.5 68.5 68.5 68.5 68.5 68.5 68.5 68.5 68.5 68.5 68.5 68.5 68.5 68.5 68.5 68.5 68.5 68.5 68.5 56.2 56.2 56.2 56.2 56.2 56.2 56.2 56.2 56.2 56.2 56.2 56.2 56.2 56.2 56.2 56.2 56.2 56.2 56.2 56.2 56.2 56.2 56.2 56.2 56.2 56.2 56.2 56.2 56.2 
76.1 76.1 76.1 76.1 76.1 76.1 76.1 76.1 76.1 76.1 76.1 68.5 68.5 68.5 68.5 68.5 68.5 68.5 68.5 68.5 68.5 68.5 68.5 68.5 68.5 68.5 68.5 68.5 68.5 68.5 68.5 68.5 68.5 68.5 68.5 68.5 68.5 68.5 68.5 68.5 68.5 68.5 68.5 68.5 68.5 68.5 68.5 68.5 68.5 68.5 68.5 68.5 68.5 68.5 68.5 68.5 68.5 68.5 68.5 68.5 68.5 68.5 68.5 68.5 68.5 68.5 68.5 68.5 68.5 68.5 68.5 56.2 56.2 56.2 56.2 56.2 56.2 56.2 56.2 56.2 56.2 56.2 56.2 56.2 56.2 56.2 56.2 56.2 56.2 56.2 56.2 56.2 56.2 56.2 56.2 56.2 56.2 56.2 56.2 56.2 
76.1 76.1 76.1 76.1 76.1 76.1 76.1 76.1 76.1 76.1 76.1 68.5 68.5 68.5 68.5 68.5 68.5 68.5 68.5 68.5 68.5 68.5 68.5 68.5 68.5 68.5 68.5 68.5 68.5 68.5 68.5 68.5 68.5 68.5 68.5 68.5 68.5 68.5 68.5 68.5 68.5 68.5 68.5 68.5 68.5 68.5 68.5 68.5 68.5 68.5 68.5 68.5 68.5 68.5 68.5 68.5 68.5 68.5 68.5 68.5 68.5 68.5 68.5 68.5 68.5 68.5 68.5 68.5 68.5 68.5 68.5 56.2 56.2 56.2 56.2 56.2 56.2 56.2 56.2 56.2 56.2 56.2 56.2 56.2 56.2 56.2 56.2 56.2 56.2 56.2 56.2 56.2 56.2 56.2 56.2 56.2 56.2 56.2 56.2 56.2 
76.1 76.1 76.1 76.1 76.1 76.1 76.1 76.1 76.1 76.1 76.1 68.5 68.5 68.5 68.5 68.5 68.5 68.5 68.5 68.5 68.5 68.5 68.5 68.5 68.5 68.5 68.5 68.5 68.5 68.5 68.5 68.5 68.5 68.5 68.5 68.5 68.5 68.5 68.5 68.5 68.5 68.5 68.5 68.5 68.5 68.5 68.5 68.5 68.5 68.5 68.5 68.5 68.5 68.5 68.5 68.5 68.5 68.5 68.5 68.5 68.5 68.5 68.5 68.5 68.5 68.5 68.5 68.5 68.5 68.5 68.5 56.2 56.2 56.2 56.2 56.2 56.2 56.2 56.2 56.2 56.2 56.2 56.2 56.2 56.2 56.2 56.2 56.2 56.2 56.2 56.2 56.2 56.2 56.2 56.2 56.2 56.2 56.2 56.2 56.2 
76.1 76.1 76.1 76.1 76.1 76.1 76.1 76.1 76.1 76.1 76.1 68.5 68.5 68.5 68.5 68.5 68.5 68.5 68.5 68.5 68.5 68.5 68.5 68.5 68.5 68.5 68.5 68.5 68.5 68.5 68.5 68.5 68.5 68.5 68.5 68.5 68.5 68.5 68.5 68.5 68.5 68.5 68.5 68.5 68.5 68.5 68.5 68.5 68.5 68.5 68.5 68.5 68.5 68.5 68.5 68.5 68.5 68.5 68.5 68.5 68.5 68.5 68.5 68.5 68.5 68.5 68.5 68.5 68.5 68.5 68.5 56.2 56.2 56.2 56.2 56.2 56.2 56.2 56.2 56.2 56.2 56.2 56.2 56.2 56.2 56.2 56.2 56.2 56.2 56.2 56.2 56.2 56.2 56.2 56.2 56.2 56.2 56.2 56.2 56.2 
76.1 76.1 76.1 76.1 76.1 76.1 76.1 76.1 76.1 76.1 76.1 68.5 68.5 68.5 68.5 68.5 68.5 68.5 68.5 68.5 68.5 68.5 68.5 68.5 68.5 68.5 68.5 68.5 68.5 68.5 68.5 68.5 68.5 68.5 68.5 68.5 68.5 68.5 68.5 68.5 68.5 68.5 68.5 68.5 68.5 68.5 68.5 68.5 68.5 68.5 68.5 68.5 68.5 68.5 68.5 68.5 68.5 68.5 68.5 68.5 68.5 68.5 68.5 68.5 68.5 68.5 68.5 68.5 68.5 68.5 68.5 56.2 56.2 56.2 56.2 56.2 56.2 56.2 56.2 56.2 56.2 56.2 56.2 56.2 56.2 56.2 56.2 56.2 56.2 56.2 56.2 56.2 56.2 56.2 56.2 56.2 56.2 56.2 56.2 56.2 
76.1 76.1 76.1 76.1 76.1 76.1 76.1 76.1 76.1 76.1 76.1 68.5 68.5 68.5 68.5 68.5 68.5 68.5 68.5 68.5 68.5 68.5 68.5 68.5 68.5 68.5 68.5 68.5 68.5 68.5 68.5 68.5 68.5 68.5 68.5 68.5 68.5 68.5 68.5 68.5 68.5 68.5 68.5 68.5 68.5 68.5 68.5 68.5 68.5 68.5 68.5 68.5 68.5 68.5 68.5 68.5 68.5 68.5 68.5 68.5 68.5 68.5 68.5 68.5 68.5 68.5 68.5 68.5 68.5 68.5 68.5 56.2 56.2 56.2 56.2 56.2 56.2 56.2 56.2 56.2 56.2 56.2 56.2 56.2 56.2 56.2 56.2 56.2 56.2 56.2 56.2 56.2 56.2 56.2 56.2 56.2 56.2 56.2 56.2 56.2 
76.1 76.1 76.1 76.1 76.1 76.1 76.1 76.1 76.1 76.1 76.1 68.5 68.5 68.5 68.5 68.5 68.5 68.5 68.5 68.5 68.5 68.5 68.5 68.5 68.5 68.5 68.5 68.5 68.5 68.5 68.5 68.5 68.5 68.5 68.5 68.5 68.5 68.5 68.5 68.5 68.5 68.5 68.5 68.5 68.5 68.5 68.5 68.5 68.5 68.5 68.5 68.5 68.5 68.5 68.5 68.5 68.5 68.5 68.5 68.5 68.5 68.5 68.5 68.5 68.5 68.5 68.5 68.5 68.5 68.5 68.5 56.2 56.2 56.2 56.2 56.2 56.2 56.2 56.2 56.2 56.2 56.2 56.2 56.2 56.2 56.2 56.2 56.2 56.2 56.2 56.2 56.2 56.2 56.2 56.2 56.2 56.2 56.2 56.2 56.2 
76.1 76.1 76.1 76.1 76.1 76.1 76.1 76.1 76.1 76.1 76.1 68.5 68.5 68.5 68.5 68.5 68.5 68.5 68.5 68.5 68.5 68.5 68.5 68.5 68.5 68.5 68.5 68.5 68.5 68.5 68.5 68.5 68.5 68.5 68.5 68.5 68.5 68.5 68.5 68.5 68.5 68.5 68.5 68.5 68.5 68.5 68.5 68.5 68.5 68.5 68.5 68.5 68.5 68.5 68.5 68.5 68.5 68.5 68.5 68.5 68.5 68.5 68.5 68.5 68.5 68.5 68.5 68.5 68.5 68.5 68.5 56.2 56.2 56.2 56.2 56.2 56.2 56.2 56.2 56.2 56.2 56.2 56.2 56.2 56.2 56.2 56.2 56.2 56.2 56.2 56.2 56.2 56.2 56.2 56.2 56.2 56.2 56.2 56.2 56.2 
76.1 76.1 76.1 76.1 76.1 76.1 76.1 76.1 76.1 76.1 76.1 68.5 68.5 68.5 68.5 68.5 68.5 68.5 68.5 68.5 68.5 68.5 68.5 68.5 68.5 68.5 68.5 68.5 68.5 68.5 68.5 68.5 68.5 68.5 68.5 68.5 68.5 68.5 68.5 68.5 68.5 68.5 68.5 68.5 68.5 68.5 68.5 68.5 68.5 68.5 68.5 68.5 68.5 68.5 68.5 68.5 68.5 68.5 68.5 68.5 68.5 68.5 68.5 68.5 68.5 68.5 68.5 68.5 68.5 68.5 68.5 56.2 56.2 56.2 56.2 56.2 56.2 56.2 56.2 56.2 56.2 56.2 56.2 56.2 56.2 56.2 56.2 56.2 56.2 56.2 56.2 56.2 56.2 56.2 56.2 56.2 56.2 56.2 56.2 56.2 
76.1 76.1 76.1 76.1 76.1 76.1 76.1 76.1 76.1 76.1 76.1 68.5 68.5 68.5 68.5 68.5 68.5 68.5 68.5 68.5 68.5 68.5 68.5 68.5 68.5 68.5 68.5 68.5 68.5 68.5 68.5 68.5 68.5 68.5 68.5 68.5 68.5 68.5 68.5 68.5 68.5 68.5 68.5 68.5 68.5 68.5 68.5 68.5 68.5 68.5 68.5 68.5 68.5 68.5 68.5 68.5 68.5 68.5 68.5 68.5 68.5 68.5 68.5 68.5 68.5 68.5 68.5 68.5 68.5 68.5 68.5 56.2 56.2 56.2 56.2 56.2 56.2 56.2 56.2 56.2 56.2 56.2 56.2 56.2 56.2 56.2 56.2 56.2 56.2 56.2 56.2 56.2 56.2 56.2 56.2 56.2 56.2 56.2 56.2 56.2 
76.1 76.1 76.1 76.1 76.1 76.1 76.1 76.1 76.1 76.1 76.1 68.5 68.5 68.5 68.5 68.5 68.5 68.5 68.5 68.5 68.5 68.5 68.5 68.5 68.5 68.5 68.5 68.5 68.5 68.5 68.5 68.5 68.5 68.5 68.5 68.5 68.5 68.5 68.5 68.5 68.5 68.5 68.5 68.5 68.5 68.5 68.5 68.5 68.5 68.5 68.5 68.5 68.5 68.5 68.5 68.5 68.5 68.5 68.5 68.5 68.5 68.5 68.5 68.5 68.5 68.5 68.5 68.5 68.5 68.5 68.5 56.2 56.2 56.2 56.2 56.2 56.2 56.2 56.2 56.2 56.2 56.2 56.2 56.2 56.2 56.2 56.2 56.2 56.2 56.2 56.2 56.2 56.2 56.2 56.2 56.2 56.2 56.2 56.2 56.2 
76.1 76.1 76.1 76.1 76.1 76.1 76.1 76.1 76.1 76.1 76.1 68.5 68.5 68.5 68.5 68.5 68.5 68.5 68.5 68.5 68.5 68.5 68.5 68.5 68.5 68.5 68.5 68.5 68.5 68.5 68.5 68.5 68.5 68.5 68.5 68.5 68.5 68.5 68.5 68.5 68.5 68.5 68.5 68.5 68.5 68.5 68.5 68.5 68.5 68.5 68.5 68.5 68.5 68.5 68.5 68.5 68.5 68.5 68.5 68.5 68.5 68.5 68.5 68.5 68.5 68.5 68.5 68.5 68.5 68.5 68.5 56.2 56.2 56.2 56.2 56.2 56.2 56.2 56.2 56.2 56.2 56.2 56.2 56.2 56.2 56.2 56.2 56.2 56.2 56.2 56.2 56.2 56.2 56.2 56.2 56.2 56.2 56.2 56.2 56.2 
76.1 76.1 76.1 76.1 76.1 76.1 76.1 76.1 76.1 76.1 76.1 68.5 68.5 68.5 68.5 68.5 68.5 68.5 68.5 68.5 68.5 68.5 68.5 68.5 68.5 68.5 68.5 68.5 68.5 68.5 68.5 68.5 68.5 68.5 68.5 68.5 68.5 68.5 68.5 68.5 68.5 68.5 68.5 68.5 68.5 68.5 68.5 68.5 68.5 68.5 68.5 68.5 68.5 68.5 68.5 68.5 68.5 68.5 68.5 68.5 68.5 68.5 68.5 68.5 68.5 68.5 68.5 68.5 68.5 68.5 68.5 56.2 56.2 56.2 56.2 56.2 56.2 56.2 56.2 56.2 56.2 56.2 56.2 56.2 56.2 56.2 56.2 56.2 56.2 56.2 56.2 56.2 56.2 56.2 56.2 56.2 56.2 56.2 56.2 56.2 
76.1 76.1 76.1 76.1 76.1 76.1 76.1 76.1 76.1 76.1 76.1 68.5 68.5 68.5 68.5 68.5 68.5 68.5 68.5 68.5 68.5 68.5 68.5 68.5 68.5 68.5 68.5 68.5 68.5 68.5 68.5 68.5 68.5 68.5 68.5 68.5 68.5 68.5 68.5 68.5 68.5 68.5 68.5 68.5 68.5 68.5 68.5 68.5 68.5 68.5 68.5 68.5 68.5 68.5 68.5 68.5 68.5 68.5 68.5 68.5 68.5 68.5 68.5 68.5 68.5 68.5 68.5 68.5 68.5 68.5 68.5 56.2 56.2 56.2 56.2 56.2 56.2 56.2 56.2 56.2 56.2 56.2 56.2 56.2 56.2 56.2 56.2 56.2 56.2 56.2 56.2 56.2 56.2 56.2 56.2 56.2 56.2 56.2 56.2 56.2 
76.1 76.1 76.1 76.1 76.1 76.1 76.1 76.1 76.1 76.1 76.1 68.5 68.5 68.5 68.5 68.5 68.5 68.5 68.5 68.5 68.5 68.5 68.5 68.5 68.5 68.5 68.5 68.5 68.5 68.5 68.5 68.5 68.5 68.5 68.5 68.5 68.5 68.5 68.5 68.5 68.5 68.5 68.5 68.5 68.5 68.5 68.5 68.5 68.5 68.5 68.5 68.5 68.5 68.5 68.5 68.5 68.5 68.5 68.5 68.5 68.5 68.5 68.5 68.5 68.5 68.5 68.5 68.5 68.5 68.5 68.5 56.2 56.2 56.2 56.2 56.2 56.2 56.2 56.2 56.2 56.2 56.2 56.2 56.2 56.2 56.2 56.2 56.2 56.2 56.2 56.2 56.2 56.2 56.2 56.2 56.2 56.2 56.2 56.2 56.2 
76.1 76.1 76.1 76.1 76.1 76.1 76.1 76.1 76.1 76.1 76.1 68.5 68.5 68.5 68.5 68.5 68.5 68.5 68.5 68.5 68.5 68.5 68.5 68.5 68.5 68.5 68.5 68.5 68.5 68.5 68.5 68.5 68.5 68.5 68.5 68.5 68.5 68.5 68.5 68.5 68.5 68.5 68.5 68.5 68.5 68.5 68.5 68.5 68.5 68.5 68.5 68.5 68.5 68.5 68.5 68.5 68.5 68.5 68.5 68.5 68.5 68.5 68.5 68.5 68.5 68.5 68.5 68.5 68.5 68.5 68.5 56.2 56.2 56.2 56.2 56.2 56.2 56.2 56.2 56.2 56.2 56.2 56.2 56.2 56.2 56.2 56.2 56.2 56.2 56.2 56.2 56.2 56.2 56.2 56.2 56.2 56.2 56.2 56.2 56.2 
76.1 76.1 76.1 76.1 76.1 76.1 76.1 76.1 76.1 76.1 76.1 68.5 68.5 68.5 68.5 68.5 68.5 68.5 68.5 68.5 68.5 68.5 68.5 68.5 68.5 68.5 68.5 68.5 68.5 68.5 68.5 68.5 68.5 68.5 68.5 68.5 68.5 68.5 68.5 68.5 68.5 68.5 68.5 68.5 68.5 68.5 68.5 68.5 68.5 68.5 68.5 68.5 68.5 68.5 68.5 68.5 68.5 68.5 68.5 68.5 68.5 68.5 68.5 68.5 68.5 68.5 68.5 68.5 68.5 68.5 68.5 56.2 56.2 56.2 56.2 56.2 56.2 56.2 56.2 56.2 56.2 56.2 56.2 56.2 56.2 56.2 56.2 56.2 56.2 56.2 56.2 56.2 56.2 56.2 56.2 56.2 56.2 56.2 56.2 56.2 
76.1 76.1 76.1 76.1 76.1 76.1 76.1 76.1 76.1 76.1 76.1 68.5 68.5 68.5 68.5 68.5 68.5 68.5 68.5 68.5 68.5 68.5 68.5 68.5 68.5 68.5 68.5 68.5 68.5 68.5 68.5 68.5 68.5 68.5 68.5 68.5 68.5 68.5 68.5 68.5 68.5 68.5 68.5 68.5 68.5 68.5 68.5 68.5 68.5 68.5 68.5 68.5 68.5 68.5 68.5 68.5 68.5 68.5 68.5 68.5 68.5 68.5 68.5 68.5 68.5 68.5 68.5 68.5 68.5 68.5 68.5 56.2 56.2 56.2 56.2 56.2 56.2 56.2 56.2 56.2 56.2 56.2 56.2 56.2 56.2 56.2 56.2 56.2 56.2 56.2 56.2 56.2 56.2 56.2 56.2 56.2 56.2 56.2 56.2 56.2 
76.1 76.1 76.1 76.1 76.1 76.1 76.1 76.1 76.1 76.1 76.1 68.5 68.5 68.5 68.5 68.5 68.5 68.5 68.5 68.5 68.5 68.5 68.5 68.5 68.5 68.5 68.5 68.5 68.5 68.5 68.5 68.5 68.5 68.5 68.5 68.5 68.5 68.5 68.5 68.5 68.5 68.5 68.5 68.5 68.5 68.5 68.5 68.5 68.5 68.5 68.5 68.5 68.5 68.5 68.5 68.5 68.5 68.5 68.5 68.5 68.5 68.5 68.5 68.5 68.5 68.5 68.5 68.5 68.5 68.5 68.5 56.2 56.2 56.2 56.2 56.2 56.2 56.2 56.2 56.2 56.2 56.2 56.2 56.2 56.2 56.2 56.2 56.2 56.2 56.2 56.2 56.2 56.2 56.2 56.2 56.2 56.2 56.2 56.2 56.2 
