ncols         100
nrows         100
xllcorner     -59982.863281
yllcorner     1851083.022172
cellsize      1000
NODATA_value  -9999
160.9 160.9 160.9 160.9 160.9 160.9 160.9 160.9 160.9 160.9 160.9 141.2 141.2 141.2 141.2 141.2 141.2 141.2 141.2 141.2 141.2 141.2 141.2 141.2 141.2 141.2 141.2 141.2 141.2 141.2 141.2 141.2 141.2 141.2 141.2 141.2 141.2 141.2 141.2 141.2 141.2 141.2 141.2 141.2 141.2 141.2 141.2 141.2 141.2 141.2 141.2 141.2 141.2 141.2 141.2 141.2 141.2 141.2 141.2 141.2 141.2 141.2 141.2 141.2 141.2 141.2 141.2 141.2 141.2 141.2 141.2 130.4 130.4 130.4 130.4 130.4 130.4 130.4 130.4 130.4 130.4 130.4 130.4 130.4 130.4 130.4 130.4 130.4 130.4 130.4 130.4 130.4 130.4 130.4 130.4 130.4 130.4 130.4 130.4 130.4 
160.9 160.9 160.9 160.9 160.9 160.9 160.9 160.9 160.9 160.9 160.9 141.2 141.2 141.2 141.2 141.2 141.2 141.2 141.2 141.2 141.2 141.2 141.2 141.2 141.2 141.2 141.2 141.2 141.2 141.2 141.2 141.2 141.2 141.2 141.2 141.2 141.2 141.2 141.2 141.2 141.2 141.2 141.2 141.2 141.2 141.2 141.2 141.2 141.2 141.2 141.2 141.2 141.2 141.2 141.2 141.2 141.2 141.2 141.2 141.2 141.2 141.2 141.2 141.2 141.2 141.2 141.2 141.2 141.2 141.2 141.2 130.4 130.4 130.4 130.4 130.4 130.4 130.4 130.4 130.4 130.4 130.4 130.4 130.4 130.4 130.4 130.4 130.4 130.4 130.4 130.4 130.4 130.4 130.4 130.4 130.4 130.4 130.4 130.4 130.4 
160.9 160.9 160.9 160.9 160.9 160.9 160.9 160.9 160.9 160.9 160.9 141.2 141.2 141.2 141.2 141.2 141.2 141.2 141.2 141.2 141.2 141.2 141.2 141.2 141.2 141.2 141.2 141.2 141.2 141.2 141.2 141.2 141.2 141.2 141.2 141.2 141.2 141.2 141.2 141.2 141.2 141.2 141.2 141.2 141.2 141.2 141.2 141.2 141.2 141.2 141.2 141.2 141.2 141.2 141.2 141.2 141.2 141.2 141.2 141.2 141.2 141.2 141.2 141.2 141.2 141.2 141.2 141.2 141.2 141.2 141.2 130.4 130.4 130.4 130.4 130.4 130.4 130.4 130.4 130.4 130.4 130.4 130.4 130.4 130.4 130.4 130.4 130.4 130.4 130.4 130.4 130.4 130.4 130.4 130.4 130.4 130.4 130.4 130.4 130.4 
160.9 160.9 160.9 160.9 160.9 160.9 160.9 160.9 160.9 160.9 160.9 141.2 141.2 141.2 141.2 141.2 141.2 141.2 141.2 141.2 141.2 141.2 141.2 141.2 141.2 141.2 141.2 141.2 141.2 141.2 141.2 141.2 141.2 141.2 141.2 141.2 141.2 141.2 141.2 141.2 141.2 141.2 141.2 141.2 141.2 141.2 141.2 141.2 141.2 141.2 141.2 141.2 141.2 141.2 141.2 141.2 141.2 141.2 141.2 141.2 141.2 141.2 141.2 141.2 141.2 141.2 141.2 141.2 141.2 141.2 141.2 130.4 130.4 130.4 130.4 130.4 130.4 130.4 130.4 130.4 130.4 130.4 130.4 130.4 130.4 130.4 130.4 130.4 130.4 130.4 130.4 130.4 130.4 130.4 130.4 130.4 130.4 130.4 130.4 130.4 
160.9 160.9 160.9 160.9 160.9 160.9 160.9 160.9 160.9 160.9 160.9 141.2 141.2 141.2 141.2 141.2 141.2 141.2 141.2 141.2 141.2 141.2 141.2 141.2 141.2 141.2 141.2 141.2 141.2 141.2 141.2 141.2 141.2 141.2 141.2 141.2 141.2 141.2 141.2 141.2 141.2 141.2 141.2 141.2 141.2 141.2 141.2 141.2 141.2 141.2 141.2 141.2 141.2 141.2 141.2 141.2 141.2 141.2 141.2 141.2 141.2 141.2 141.2 141.2 141.2 141.2 141.2 141.2 141.2 141.2 141.2 130.4 130.4 130.4 130.4 130.4 130.4 130.4 130.4 130.4 130.4 130.4 130.4 130.4 130.4 130.4 130.4 130.4 130.4 130.4 130.4 130.4 130.4 130.4 130.4 130.4 130.4 130.4 130.4 130.4 
160.9 160.9 160.9 160.9 160.9 160.9 160.9 160.9 160.9 160.9 160.9 141.2 141.2 141.2 141.2 141.2 141.2 141.2 141.2 141.2 141.2 141.2 141.2 141.2 141.2 141.2 141.2 141.2 141.2 141.2 141.2 141.2 141.2 141.2 141.2 141.2 141.2 141.2 141.2 141.2 141.2 141.2 141.2 141.2 141.2 141.2 141.2 141.2 141.2 141.2 141.2 141.2 141.2 141.2 141.2 141.2 141.2 141.2 141.2 141.2 141.2 141.2 141.2 141.2 141.2 141.2 141.2 141.2 141.2 141.2 141.2 130.4 130.4 130.4 130.4 130.4 130.4 130.4 130.4 130.4 130.4 130.4 130.4 130.4 130.4 130.4 130.4 130.4 130.4 130.4 130.4 130.4 130.4 130.4 130.4 130.4 130.4 130.4 130.4 130.4 
160.9 160.9 160.9 160.9 160.9 160.9 160.9 160.9 160.9 160.9 160.9 141.2 141.2 141.2 141.2 141.2 141.2 141.2 141.2 141.2 141.2 141.2 141.2 141.2 141.2 141.2 141.2 141.2 141.2 141.2 141.2 141.2 141.2 141.2 141.2 141.2 141.2 141.2 141.2 141.2 141.2 141.2 141.2 141.2 141.2 141.2 141.2 141.2 141.2 141.2 141.2 141.2 141.2 141.2 141.2 141.2 141.2 141.2 141.2 141.2 141.2 141.2 141.2 141.2 141.2 141.2 141.2 141.2 141.2 141.2 141.2 130.4 130.4 130.4 130.4 130.4 130.4 130.4 130.4 130.4 130.4 130.4 130.4 130.4 130.4 130.4 130.4 130.4 130.4 130.4 130.4 130.4 130.4 130.4 130.4 130.4 130.4 130.4 130.4 130.4 
160.9 160.9 160.9 160.9 160.9 160.9 160.9 160.9 160.9 160.9 160.9 141.2 141.2 141.2 141.2 141.2 141.2 141.2 141.2 141.2 141.2 141.2 141.2 141.2 141.2 141.2 141.2 141.2 141.2 141.2 141.2 141.2 141.2 141.2 141.2 141.2 141.2 141.2 141.2 141.2 141.2 141.2 141.2 141.2 141.2 141.2 141.2 141.2 141.2 141.2 141.2 141.2 141.2 141.2 141.2 141.2 141.2 141.2 141.2 141.2 141.2 141.2 141.2 141.2 141.2 141.2 141.2 141.2 141.2 141.2 141.2 130.4 130.4 130.4 130.4 130.4 130.4 130.4 130.4 130.4 130.4 130.4 130.4 130.4 130.4 130.4 130.4 130.4 130.4 130.4 130.4 130.4 130.4 130.4 130.4 130.4 130.4 130.4 130.4 130.4 
160.9 160.9 160.9 160.9 160.9 160.9 160.9 160.9 160.9 160.9 160.9 141.2 141.2 141.2 141.2 141.2 141.2 141.2 141.2 141.2 141.2 141.2 141.2 141.2 141.2 141.2 141.2 141.2 141.2 141.2 141.2 141.2 141.2 141.2 141.2 141.2 141.2 141.2 141.2 141.2 141.2 141.2 141.2 141.2 141.2 141.2 141.2 141.2 141.2 141.2 141.2 141.2 141.2 141.2 141.2 141.2 141.2 141.2 141.2 141.2 141.2 141.2 141.2 141.2 141.2 141.2 141.2 141.2 141.2 141.2 141.2 130.4 130.4 130.4 130.4 130.4 130.4 130.4 130.4 130.4 130.4 130.4 130.4 130.4 130.4 130.4 130.4 130.4 130.4 130.4 130.4 130.4 130.4 130.4 130.4 130.4 130.4 130.4 130.4 130.4 
167 167 167 167 167 167 167 167 167 167 167 157.1 157.1 157.1 157.1 157.1 157.1 157.1 157.1 157.1 157.1 157.1 157.1 157.1 157.1 157.1 157.1 157.1 157.1 157.1 157.1 157.1 157.1 157.1 157.1 157.1 157.1 157.1 157.1 157.1 157.1 157.1 157.1 157.1 157.1 157.1 157.1 157.1 157.1 157.1 157.1 157.1 157.1 157.1 157.1 157.1 157.1 157.1 157.1 157.1 157.1 157.1 157.1 157.1 157.1 157.1 157.1 157.1 157.1 157.1 157.1 143.7 143.7 143.7 143.7 143.7 143.7 143.7 143.7 143.7 143.7 143.7 143.7 143.7 143.7 143.7 143.7 143.7 143.7 143.7 143.7 143.7 143.7 143.7 143.7 143.7 143.7 143.7 143.7 143.7 
167 167 167 167 167 167 167 167 167 167 167 157.1 157.1 157.1 157.1 157.1 157.1 157.1 157.1 157.1 157.1 157.1 157.1 157.1 157.1 157.1 157.1 157.1 157.1 157.1 157.1 157.1 157.1 157.1 157.1 157.1 157.1 157.1 157.1 157.1 157.1 157.1 157.1 157.1 157.1 157.1 157.1 157.1 157.1 157.1 157.1 157.1 157.1 157.1 157.1 157.1 157.1 157.1 157.1 157.1 157.1 157.1 157.1 157.1 157.1 157.1 157.1 157.1 157.1 157.1 157.1 143.7 143.7 143.7 143.7 143.7 143.7 143.7 143.7 143.7 143.7 143.7 143.7 143.7 143.7 143.7 143.7 143.7 143.7 143.7 143.7 143.7 143.7 143.7 143.7 143.7 143.7 143.7 143.7 143.7 
167 167 167 167 167 167 167 167 167 167 167 157.1 157.1 157.1 157.1 157.1 157.1 157.1 157.1 157.1 157.1 157.1 157.1 157.1 157.1 157.1 157.1 157.1 157.1 157.1 157.1 157.1 157.1 157.1 157.1 157.1 157.1 157.1 157.1 157.1 157.1 157.1 157.1 157.1 157.1 157.1 157.1 157.1 157.1 157.1 157.1 157.1 157.1 157.1 157.1 157.1 157.1 157.1 157.1 157.1 157.1 157.1 157.1 157.1 157.1 157.1 157.1 157.1 157.1 157.1 157.1 143.7 143.7 143.7 143.7 143.7 143.7 143.7 143.7 143.7 143.7 143.7 143.7 143.7 143.7 143.7 143.7 143.7 143.7 143.7 143.7 143.7 143.7 143.7 143.7 143.7 143.7 143.7 143.7 143.7 
167 167 167 167 167 167 167 167 167 167 167 157.1 157.1 157.1 157.1 157.1 157.1 157.1 157.1 157.1 157.1 157.1 157.1 157.1 157.1 157.1 157.1 157.1 157.1 157.1 157.1 157.1 157.1 157.1 157.1 157.1 157.1 157.1 157.1 157.1 157.1 157.1 157.1 157.1 157.1 157.1 157.1 157.1 157.1 157.1 157.1 157.1 157.1 157.1 157.1 157.1 157.1 157.1 157.1 157.1 157.1 157.1 157.1 157.1 157.1 157.1 157.1 157.1 157.1 157.1 157.1 143.7 143.7 143.7 143.7 143.7 143.7 143.7 143.7 143.7 143.7 143.7 143.7 143.7 143.7 143.7 143.7 143.7 143.7 143.7 143.7 143.7 143.7 143.7 143.7 143.7 143.7 143.7 143.7 143.7 
167 167 167 167 167 167 167 167 167 167 167 157.1 157.1 157.1 157.1 157.1 157.1 157.1 157.1 157.1 157.1 157.1 157.1 157.1 157.1 157.1 157.1 157.1 157.1 157.1 157.1 157.1 157.1 157.1 157.1 157.1 157.1 157.1 157.1 157.1 157.1 157.1 157.1 157.1 157.1 157.1 157.1 157.1 157.1 157.1 157.1 157.1 157.1 157.1 157.1 157.1 157.1 157.1 157.1 157.1 157.1 157.1 157.1 157.1 157.1 157.1 157.1 157.1 157.1 157.1 157.1 143.7 143.7 143.7 143.7 143.7 143.7 143.7 143.7 143.7 143.7 143.7 143.7 143.7 143.7 143.7 143.7 143.7 143.7 143.7 143.7 143.7 143.7 143.7 143.7 143.7 143.7 143.7 143.7 143.7 
167 167 167 167 167 167 167 167 167 167 167 157.1 157.1 157.1 157.1 157.1 157.1 157.1 157.1 157.1 157.1 157.1 157.1 157.1 157.1 157.1 157.1 157.1 157.1 157.1 157.1 157.1 157.1 157.1 157.1 157.1 157.1 157.1 157.1 157.1 157.1 157.1 157.1 157.1 157.1 157.1 157.1 157.1 157.1 157.1 157.1 157.1 157.1 157.1 157.1 157.1 157.1 157.1 157.1 157.1 157.1 157.1 157.1 157.1 157.1 157.1 157.1 157.1 157.1 157.1 157.1 143.7 143.7 143.7 143.7 143.7 143.7 143.7 143.7 143.7 143.7 143.7 143.7 143.7 143.7 143.7 143.7 143.7 143.7 143.7 143.7 143.7 143.7 143.7 143.7 143.7 143.7 143.7 143.7 143.7 
167 167 167 167 167 167 167 167 167 167 167 157.1 157.1 157.1 157.1 157.1 157.1 157.1 157.1 157.1 157.1 157.1 157.1 157.1 157.1 157.1 157.1 157.1 157.1 157.1 157.1 157.1 157.1 157.1 157.1 157.1 157.1 157.1 157.1 157.1 157.1 157.1 157.1 157.1 157.1 157.1 157.1 157.1 157.1 157.1 157.1 157.1 157.1 157.1 157.1 157.1 157.1 157.1 157.1 157.1 157.1 157.1 157.1 157.1 157.1 157.1 157.1 157.1 157.1 157.1 157.1 143.7 143.7 143.7 143.7 143.7 143.7 143.7 143.7 143.7 143.7 143.7 143.7 143.7 143.7 143.7 143.7 143.7 143.7 143.7 143.7 143.7 143.7 143.7 143.7 143.7 143.7 143.7 143.7 143.7 
167 167 167 167 167 167 167 167 167 167 167 157.1 157.1 157.1 157.1 157.1 157.1 157.1 157.1 157.1 157.1 157.1 157.1 157.1 157.1 157.1 157.1 157.1 157.1 157.1 157.1 157.1 157.1 157.1 157.1 157.1 157.1 157.1 157.1 157.1 157.1 157.1 157.1 157.1 157.1 157.1 157.1 157.1 157.1 157.1 157.1 157.1 157.1 157.1 157.1 157.1 157.1 157.1 157.1 157.1 157.1 157.1 157.1 157.1 157.1 157.1 157.1 157.1 157.1 157.1 157.1 143.7 143.7 143.7 143.7 143.7 143.7 143.7 143.7 143.7 143.7 143.7 143.7 143.7 143.7 143.7 143.7 143.7 143.7 143.7 143.7 143.7 143.7 143.7 143.7 143.7 143.7 143.7 143.7 143.7 
167 167 167 167 167 167 167 167 167 167 167 157.1 157.1 157.1 157.1 157.1 157.1 157.1 157.1 157.1 157.1 157.1 157.1 157.1 157.1 157.1 157.1 157.1 157.1 157.1 157.1 157.1 157.1 157.1 157.1 157.1 157.1 157.1 157.1 157.1 157.1 157.1 157.1 157.1 157.1 157.1 157.1 157.1 157.1 157.1 157.1 157.1 157.1 157.1 157.1 157.1 157.1 157.1 157.1 157.1 157.1 157.1 157.1 157.1 157.1 157.1 157.1 157.1 157.1 157.1 157.1 143.7 143.7 143.7 143.7 143.7 143.7 143.7 143.7 143.7 143.7 143.7 143.7 143.7 143.7 143.7 143.7 143.7 143.7 143.7 143.7 143.7 143.7 143.7 143.7 143.7 143.7 143.7 143.7 143.7 
167 167 167 167 167 167 167 167 167 167 167 157.1 157.1 157.1 157.1 157.1 157.1 157.1 157.1 157.1 157.1 157.1 157.1 157.1 157.1 157.1 157.1 157.1 157.1 157.1 157.1 157.1 157.1 157.1 157.1 157.1 157.1 157.1 157.1 157.1 157.1 157.1 157.1 157.1 157.1 157.1 157.1 157.1 157.1 157.1 157.1 157.1 157.1 157.1 157.1 157.1 157.1 157.1 157.1 157.1 157.1 157.1 157.1 157.1 157.1 157.1 157.1 157.1 157.1 157.1 157.1 143.7 143.7 143.7 143.7 143.7 143.7 143.7 143.7 143.7 143.7 143.7 143.7 143.7 143.7 143.7 143.7 143.7 143.7 143.7 143.7 143.7 143.7 143.7 143.7 143.7 143.7 143.7 143.7 143.7 
167 167 167 167 167 167 167 167 167 167 167 157.1 157.1 157.1 157.1 157.1 157.1 157.1 157.1 157.1 157.1 157.1 157.1 157.1 157.1 157.1 157.1 157.1 157.1 157.1 157.1 157.1 157.1 157.1 157.1 157.1 157.1 157.1 157.1 157.1 157.1 157.1 157.1 157.1 157.1 157.1 157.1 157.1 157.1 157.1 157.1 157.1 157.1 157.1 157.1 157.1 157.1 157.1 157.1 157.1 157.1 157.1 157.1 157.1 157.1 157.1 157.1 157.1 157.1 157.1 157.1 143.7 143.7 143.7 143.7 143.7 143.7 143.7 143.7 143.7 143.7 143.7 143.7 143.7 143.7 143.7 143.7 143.7 143.7 143.7 143.7 143.7 143.7 143.7 143.7 143.7 143.7 143.7 143.7 143.7 
167 167 167 167 167 167 167 167 167 167 167 157.1 157.1 157.1 157.1 157.1 157.1 157.1 157.1 157.1 157.1 157.1 157.1 157.1 157.1 157.1 157.1 157.1 157.1 157.1 157.1 157.1 157.1 157.1 157.1 157.1 157.1 157.1 157.1 157.1 157.1 157.1 157.1 157.1 157.1 157.1 157.1 157.1 157.1 157.1 157.1 157.1 157.1 157.1 157.1 157.1 157.1 157.1 157.1 157.1 157.1 157.1 157.1 157.1 157.1 157.1 157.1 157.1 157.1 157.1 157.1 143.7 143.7 143.7 143.7 143.7 143.7 143.7 143.7 143.7 143.7 143.7 143.7 143.7 143.7 143.7 143.7 143.7 143.7 143.7 143.7 143.7 143.7 143.7 143.7 143.7 143.7 143.7 143.7 143.7 
167 167 167 167 167 167 167 167 167 167 167 157.1 157.1 157.1 157.1 157.1 157.1 157.1 157.1 157.1 157.1 157.1 157.1 157.1 157.1 157.1 157.1 157.1 157.1 157.1 157.1 157.1 157.1 157.1 157.1 157.1 157.1 157.1 157.1 157.1 157.1 157.1 157.1 157.1 157.1 157.1 157.1 157.1 157.1 157.1 157.1 157.1 157.1 157.1 157.1 157.1 157.1 157.1 157.1 157.1 157.1 157.1 157.1 157.1 157.1 157.1 157.1 157.1 157.1 157.1 157.1 143.7 143.7 143.7 143.7 143.7 143.7 143.7 143.7 143.7 143.7 143.7 143.7 143.7 143.7 143.7 143.7 143.7 143.7 143.7 143.7 143.7 143.7 143.7 143.7 143.7 143.7 143.7 143.7 143.7 
167 167 167 167 167 167 167 167 167 167 167 157.1 157.1 157.1 157.1 157.1 157.1 157.1 157.1 157.1 157.1 157.1 157.1 157.1 157.1 157.1 157.1 157.1 157.1 157.1 157.1 157.1 157.1 157.1 157.1 157.1 157.1 157.1 157.1 157.1 157.1 157.1 157.1 157.1 157.1 157.1 157.1 157.1 157.1 157.1 157.1 157.1 157.1 157.1 157.1 157.1 157.1 157.1 157.1 157.1 157.1 157.1 157.1 157.1 157.1 157.1 157.1 157.1 157.1 157.1 157.1 143.7 143.7 143.7 143.7 143.7 143.7 143.7 143.7 143.7 143.7 143.7 143.7 143.7 143.7 143.7 143.7 143.7 143.7 143.7 143.7 143.7 143.7 143.7 143.7 143.7 143.7 143.7 143.7 143.7 
167 167 167 167 167 167 167 167 167 167 167 157.1 157.1 157.1 157.1 157.1 157.1 157.1 157.1 157.1 157.1 157.1 157.1 157.1 157.1 157.1 157.1 157.1 157.1 157.1 157.1 157.1 157.1 157.1 157.1 157.1 157.1 157.1 157.1 157.1 157.1 157.1 157.1 157.1 157.1 157.1 157.1 157.1 157.1 157.1 157.1 157.1 157.1 157.1 157.1 157.1 157.1 157.1 157.1 157.1 157.1 157.1 157.1 157.1 157.1 157.1 157.1 157.1 157.1 157.1 157.1 143.7 143.7 143.7 143.7 143.7 143.7 143.7 143.7 143.7 143.7 143.7 143.7 143.7 143.7 143.7 143.7 143.7 143.7 143.7 143.7 143.7 143.7 143.7 143.7 143.7 143.7 143.7 143.7 143.7 
167 167 167 167 167 167 167 167 167 167 167 157.1 157.1 157.1 157.1 157.1 157.1 157.1 157.1 157.1 157.1 157.1 157.1 157.1 157.1 157.1 157.1 157.1 157.1 157.1 157.1 157.1 157.1 157.1 157.1 157.1 157.1 157.1 157.1 157.1 157.1 157.1 157.1 157.1 157.1 157.1 157.1 157.1 157.1 157.1 157.1 157.1 157.1 157.1 157.1 157.1 157.1 157.1 157.1 157.1 157.1 157.1 157.1 157.1 157.1 157.1 157.1 157.1 157.1 157.1 157.1 143.7 143.7 143.7 143.7 143.7 143.7 143.7 143.7 143.7 143.7 143.7 143.7 143.7 143.7 143.7 143.7 143.7 143.7 143.7 143.7 143.7 143.7 143.7 143.7 143.7 143.7 143.7 143.7 143.7 
167 167 167 167 167 167 167 167 167 167 167 157.1 157.1 157.1 157.1 157.1 157.1 157.1 157.1 157.1 157.1 157.1 157.1 157.1 157.1 157.1 157.1 157.1 157.1 157.1 157.1 157.1 157.1 157.1 157.1 157.1 157.1 157.1 157.1 157.1 157.1 157.1 157.1 157.1 157.1 157.1 157.1 157.1 157.1 157.1 157.1 157.1 157.1 157.1 157.1 157.1 157.1 157.1 157.1 157.1 157.1 157.1 157.1 157.1 157.1 157.1 157.1 157.1 157.1 157.1 157.1 143.7 143.7 143.7 143.7 143.7 143.7 143.7 143.7 143.7 143.7 143.7 143.7 143.7 143.7 143.7 143.7 143.7 143.7 143.7 143.7 143.7 143.7 143.7 143.7 143.7 143.7 143.7 143.7 143.7 
167 167 167 167 167 167 167 167 167 167 167 157.1 157.1 157.1 157.1 157.1 157.1 157.1 157.1 157.1 157.1 157.1 157.1 157.1 157.1 157.1 157.1 157.1 157.1 157.1 157.1 157.1 157.1 157.1 157.1 157.1 157.1 157.1 157.1 157.1 157.1 157.1 157.1 157.1 157.1 157.1 157.1 157.1 157.1 157.1 157.1 157.1 157.1 157.1 157.1 157.1 157.1 157.1 157.1 157.1 157.1 157.1 157.1 157.1 157.1 157.1 157.1 157.1 157.1 157.1 157.1 143.7 143.7 143.7 143.7 143.7 143.7 143.7 143.7 143.7 143.7 143.7 143.7 143.7 143.7 143.7 143.7 143.7 143.7 143.7 143.7 143.7 143.7 143.7 143.7 143.7 143.7 143.7 143.7 143.7 
167 167 167 167 167 167 167 167 167 167 167 157.1 157.1 157.1 157.1 157.1 157.1 157.1 157.1 157.1 157.1 157.1 157.1 157.1 157.1 157.1 157.1 157.1 157.1 157.1 157.1 157.1 157.1 157.1 157.1 157.1 157.1 157.1 157.1 157.1 157.1 157.1 157.1 157.1 157.1 157.1 157.1 157.1 157.1 157.1 157.1 157.1 157.1 157.1 157.1 157.1 157.1 157.1 157.1 157.1 157.1 157.1 157.1 157.1 157.1 157.1 157.1 157.1 157.1 157.1 157.1 143.7 143.7 143.7 143.7 143.7 143.7 143.7 143.7 143.7 143.7 143.7 143.7 143.7 143.7 143.7 143.7 143.7 143.7 143.7 143.7 143.7 143.7 143.7 143.7 143.7 143.7 143.7 143.7 143.7 
167 167 167 167 167 167 167 167 167 167 167 157.1 157.1 157.1 157.1 157.1 157.1 157.1 157.1 157.1 157.1 157.1 157.1 157.1 157.1 157.1 157.1 157.1 157.1 157.1 157.1 157.1 157.1 157.1 157.1 157.1 157.1 157.1 157.1 157.1 157.1 157.1 157.1 157.1 157.1 157.1 157.1 157.1 157.1 157.1 157.1 157.1 157.1 157.1 157.1 157.1 157.1 157.1 157.1 157.1 157.1 157.1 157.1 157.1 157.1 157.1 157.1 157.1 157.1 157.1 157.1 143.7 143.7 143.7 143.7 143.7 143.7 143.7 143.7 143.7 143.7 143.7 143.7 143.7 143.7 143.7 143.7 143.7 143.7 143.7 143.7 143.7 143.7 143.7 143.7 143.7 143.7 143.7 143.7 143.7 
167 167 167 167 167 167 167 167 167 167 167 157.1 157.1 157.1 157.1 157.1 157.1 157.1 157.1 157.1 157.1 157.1 157.1 157.1 157.1 157.1 157.1 157.1 157.1 157.1 157.1 157.1 157.1 157.1 157.1 157.1 157.1 157.1 157.1 157.1 157.1 157.1 157.1 157.1 157.1 157.1 157.1 157.1 157.1 157.1 157.1 157.1 157.1 157.1 157.1 157.1 157.1 157.1 157.1 157.1 157.1 157.1 157.1 157.1 157.1 157.1 157.1 157.1 157.1 157.1 157.1 143.7 143.7 143.7 143.7 143.7 143.7 143.7 143.7 143.7 143.7 143.7 143.7 143.7 143.7 143.7 143.7 143.7 143.7 143.7 143.7 143.7 143.7 143.7 143.7 143.7 143.7 143.7 143.7 143.7 
167 167 167 167 167 167 167 167 167 167 167 157.1 157.1 157.1 157.1 157.1 157.1 157.1 157.1 157.1 157.1 157.1 157.1 157.1 157.1 157.1 157.1 157.1 157.1 157.1 157.1 157.1 157.1 157.1 157.1 157.1 157.1 157.1 157.1 157.1 157.1 157.1 157.1 157.1 157.1 157.1 157.1 157.1 157.1 157.1 157.1 157.1 157.1 157.1 157.1 157.1 157.1 157.1 157.1 157.1 157.1 157.1 157.1 157.1 157.1 157.1 157.1 157.1 157.1 157.1 157.1 143.7 143.7 143.7 143.7 143.7 143.7 143.7 143.7 143.7 143.7 143.7 143.7 143.7 143.7 143.7 143.7 143.7 143.7 143.7 143.7 143.7 143.7 143.7 143.7 143.7 143.7 143.7 143.7 143.7 
167 167 167 167 167 167 167 167 167 167 167 157.1 157.1 157.1 157.1 157.1 157.1 157.1 157.1 157.1 157.1 157.1 157.1 157.1 157.1 157.1 157.1 157.1 157.1 157.1 157.1 157.1 157.1 157.1 157.1 157.1 157.1 157.1 157.1 157.1 157.1 157.1 157.1 157.1 157.1 157.1 157.1 157.1 157.1 157.1 157.1 157.1 157.1 157.1 157.1 157.1 157.1 157.1 157.1 157.1 157.1 157.1 157.1 157.1 157.1 157.1 157.1 157.1 157.1 157.1 157.1 143.7 143.7 143.7 143.7 143.7 143.7 143.7 143.7 143.7 143.7 143.7 143.7 143.7 143.7 143.7 143.7 143.7 143.7 143.7 143.7 143.7 143.7 143.7 143.7 143.7 143.7 143.7 143.7 143.7 
167 167 167 167 167 167 167 167 167 167 167 157.1 157.1 157.1 157.1 157.1 157.1 157.1 157.1 157.1 157.1 157.1 157.1 157.1 157.1 157.1 157.1 157.1 157.1 157.1 157.1 157.1 157.1 157.1 157.1 157.1 157.1 157.1 157.1 157.1 157.1 157.1 157.1 157.1 157.1 157.1 157.1 157.1 157.1 157.1 157.1 157.1 157.1 157.1 157.1 157.1 157.1 157.1 157.1 157.1 157.1 157.1 157.1 157.1 157.1 157.1 157.1 157.1 157.1 157.1 157.1 143.7 143.7 143.7 143.7 143.7 143.7 143.7 143.7 143.7 143.7 143.7 143.7 143.7 143.7 143.7 143.7 143.7 143.7 143.7 143.7 143.7 143.7 143.7 143.7 143.7 143.7 143.7 143.7 143.7 
167 167 167 167 167 167 167 167 167 167 167 157.1 157.1 157.1 157.1 157.1 157.1 157.1 157.1 157.1 157.1 157.1 157.1 157.1 157.1 157.1 157.1 157.1 157.1 157.1 157.1 157.1 157.1 157.1 157.1 157.1 157.1 157.1 157.1 157.1 157.1 157.1 157.1 157.1 157.1 157.1 157.1 157.1 157.1 157.1 157.1 157.1 157.1 157.1 157.1 157.1 157.1 157.1 157.1 157.1 157.1 157.1 157.1 157.1 157.1 157.1 157.1 157.1 157.1 157.1 157.1 143.7 143.7 143.7 143.7 143.7 143.7 143.7 143.7 143.7 143.7 143.7 143.7 143.7 143.7 143.7 143.7 143.7 143.7 143.7 143.7 143.7 143.7 143.7 143.7 143.7 143.7 143.7 143.7 143.7 
167 167 167 167 167 167 167 167 167 167 167 157.1 157.1 157.1 157.1 157.1 157.1 157.1 157.1 157.1 157.1 157.1 157.1 157.1 157.1 157.1 157.1 157.1 157.1 157.1 157.1 157.1 157.1 157.1 157.1 157.1 157.1 157.1 157.1 157.1 157.1 157.1 157.1 157.1 157.1 157.1 157.1 157.1 157.1 157.1 157.1 157.1 157.1 157.1 157.1 157.1 157.1 157.1 157.1 157.1 157.1 157.1 157.1 157.1 157.1 157.1 157.1 157.1 157.1 157.1 157.1 143.7 143.7 143.7 143.7 143.7 143.7 143.7 143.7 143.7 143.7 143.7 143.7 143.7 143.7 143.7 143.7 143.7 143.7 143.7 143.7 143.7 143.7 143.7 143.7 143.7 143.7 143.7 143.7 143.7 
167 167 167 167 167 167 167 167 167 167 167 157.1 157.1 157.1 157.1 157.1 157.1 157.1 157.1 157.1 157.1 157.1 157.1 157.1 157.1 157.1 157.1 157.1 157.1 157.1 157.1 157.1 157.1 157.1 157.1 157.1 157.1 157.1 157.1 157.1 157.1 157.1 157.1 157.1 157.1 157.1 157.1 157.1 157.1 157.1 157.1 157.1 157.1 157.1 157.1 157.1 157.1 157.1 157.1 157.1 157.1 157.1 157.1 157.1 157.1 157.1 157.1 157.1 157.1 157.1 157.1 143.7 143.7 143.7 143.7 143.7 143.7 143.7 143.7 143.7 143.7 143.7 143.7 143.7 143.7 143.7 143.7 143.7 143.7 143.7 143.7 143.7 143.7 143.7 143.7 143.7 143.7 143.7 143.7 143.7 
167 167 167 167 167 167 167 167 167 167 167 157.1 157.1 157.1 157.1 157.1 157.1 157.1 157.1 157.1 157.1 157.1 157.1 157.1 157.1 157.1 157.1 157.1 157.1 157.1 157.1 157.1 157.1 157.1 157.1 157.1 157.1 157.1 157.1 157.1 157.1 157.1 157.1 157.1 157.1 157.1 157.1 157.1 157.1 157.1 157.1 157.1 157.1 157.1 157.1 157.1 157.1 157.1 157.1 157.1 157.1 157.1 157.1 157.1 157.1 157.1 157.1 157.1 157.1 157.1 157.1 143.7 143.7 143.7 143.7 143.7 143.7 143.7 143.7 143.7 143.7 143.7 143.7 143.7 143.7 143.7 143.7 143.7 143.7 143.7 143.7 143.7 143.7 143.7 143.7 143.7 143.7 143.7 143.7 143.7 
167 167 167 167 167 167 167 167 167 167 167 157.1 157.1 157.1 157.1 157.1 157.1 157.1 157.1 157.1 157.1 157.1 157.1 157.1 157.1 157.1 157.1 157.1 157.1 157.1 157.1 157.1 157.1 157.1 157.1 157.1 157.1 157.1 157.1 157.1 157.1 157.1 157.1 157.1 157.1 157.1 157.1 157.1 157.1 157.1 157.1 157.1 157.1 157.1 157.1 157.1 157.1 157.1 157.1 157.1 157.1 157.1 157.1 157.1 157.1 157.1 157.1 157.1 157.1 157.1 157.1 143.7 143.7 143.7 143.7 143.7 143.7 143.7 143.7 143.7 143.7 143.7 143.7 143.7 143.7 143.7 143.7 143.7 143.7 143.7 143.7 143.7 143.7 143.7 143.7 143.7 143.7 143.7 143.7 143.7 
167 167 167 167 167 167 167 167 167 167 167 157.1 157.1 157.1 157.1 157.1 157.1 157.1 157.1 157.1 157.1 157.1 157.1 157.1 157.1 157.1 157.1 157.1 157.1 157.1 157.1 157.1 157.1 157.1 157.1 157.1 157.1 157.1 157.1 157.1 157.1 157.1 157.1 157.1 157.1 157.1 157.1 157.1 157.1 157.1 157.1 157.1 157.1 157.1 157.1 157.1 157.1 157.1 157.1 157.1 157.1 157.1 157.1 157.1 157.1 157.1 157.1 157.1 157.1 157.1 157.1 143.7 143.7 143.7 143.7 143.7 143.7 143.7 143.7 143.7 143.7 143.7 143.7 143.7 143.7 143.7 143.7 143.7 143.7 143.7 143.7 143.7 143.7 143.7 143.7 143.7 143.7 143.7 143.7 143.7 
167 167 167 167 167 167 167 167 167 167 167 157.1 157.1 157.1 157.1 157.1 157.1 157.1 157.1 157.1 157.1 157.1 157.1 157.1 157.1 157.1 157.1 157.1 157.1 157.1 157.1 157.1 157.1 157.1 157.1 157.1 157.1 157.1 157.1 157.1 157.1 157.1 157.1 157.1 157.1 157.1 157.1 157.1 157.1 157.1 157.1 157.1 157.1 157.1 157.1 157.1 157.1 157.1 157.1 157.1 157.1 157.1 157.1 157.1 157.1 157.1 157.1 157.1 157.1 157.1 157.1 143.7 143.7 143.7 143.7 143.7 143.7 143.7 143.7 143.7 143.7 143.7 143.7 143.7 143.7 143.7 143.7 143.7 143.7 143.7 143.7 143.7 143.7 143.7 143.7 143.7 143.7 143.7 143.7 143.7 
167 167 167 167 167 167 167 167 167 167 167 157.1 157.1 157.1 157.1 157.1 157.1 157.1 157.1 157.1 157.1 157.1 157.1 157.1 157.1 157.1 157.1 157.1 157.1 157.1 157.1 157.1 157.1 157.1 157.1 157.1 157.1 157.1 157.1 157.1 157.1 157.1 157.1 157.1 157.1 157.1 157.1 157.1 157.1 157.1 157.1 157.1 157.1 157.1 157.1 157.1 157.1 157.1 157.1 157.1 157.1 157.1 157.1 157.1 157.1 157.1 157.1 157.1 157.1 157.1 157.1 143.7 143.7 143.7 143.7 143.7 143.7 143.7 143.7 143.7 143.7 143.7 143.7 143.7 143.7 143.7 143.7 143.7 143.7 143.7 143.7 143.7 143.7 143.7 143.7 143.7 143.7 143.7 143.7 143.7 
167 167 167 167 167 167 167 167 167 167 167 157.1 157.1 157.1 157.1 157.1 157.1 157.1 157.1 157.1 157.1 157.1 157.1 157.1 157.1 157.1 157.1 157.1 157.1 157.1 157.1 157.1 157.1 157.1 157.1 157.1 157.1 157.1 157.1 157.1 157.1 157.1 157.1 157.1 157.1 157.1 157.1 157.1 157.1 157.1 157.1 157.1 157.1 157.1 157.1 157.1 157.1 157.1 157.1 157.1 157.1 157.1 157.1 157.1 157.1 157.1 157.1 157.1 157.1 157.1 157.1 143.7 143.7 143.7 143.7 143.7 143.7 143.7 143.7 143.7 143.7 143.7 143.7 143.7 143.7 143.7 143.7 143.7 143.7 143.7 143.7 143.7 143.7 143.7 143.7 143.7 143.7 143.7 143.7 143.7 
167 167 167 167 167 167 167 167 167 167 167 157.1 157.1 157.1 157.1 157.1 157.1 157.1 157.1 157.1 157.1 157.1 157.1 157.1 157.1 157.1 157.1 157.1 157.1 157.1 157.1 157.1 157.1 157.1 157.1 157.1 157.1 157.1 157.1 157.1 157.1 157.1 157.1 157.1 157.1 157.1 157.1 157.1 157.1 157.1 157.1 157.1 157.1 157.1 157.1 157.1 157.1 157.1 157.1 157.1 157.1 157.1 157.1 157.1 157.1 157.1 157.1 157.1 157.1 157.1 157.1 143.7 143.7 143.7 143.7 143.7 143.7 143.7 143.7 143.7 143.7 143.7 143.7 143.7 143.7 143.7 143.7 143.7 143.7 143.7 143.7 143.7 143.7 143.7 143.7 143.7 143.7 143.7 143.7 143.7 
167 167 167 167 167 167 167 167 167 167 167 157.1 157.1 157.1 157.1 157.1 157.1 157.1 157.1 157.1 157.1 157.1 157.1 157.1 157.1 157.1 157.1 157.1 157.1 157.1 157.1 157.1 157.1 157.1 157.1 157.1 157.1 157.1 157.1 157.1 157.1 157.1 157.1 157.1 157.1 157.1 157.1 157.1 157.1 157.1 157.1 157.1 157.1 157.1 157.1 157.1 157.1 157.1 157.1 157.1 157.1 157.1 157.1 157.1 157.1 157.1 157.1 157.1 157.1 157.1 157.1 143.7 143.7 143.7 143.7 143.7 143.7 143.7 143.7 143.7 143.7 143.7 143.7 143.7 143.7 143.7 143.7 143.7 143.7 143.7 143.7 143.7 143.7 143.7 143.7 143.7 143.7 143.7 143.7 143.7 
167 167 167 167 167 167 167 167 167 167 167 157.1 157.1 157.1 157.1 157.1 157.1 157.1 157.1 157.1 157.1 157.1 157.1 157.1 157.1 157.1 157.1 157.1 157.1 157.1 157.1 157.1 157.1 157.1 157.1 157.1 157.1 157.1 157.1 157.1 157.1 157.1 157.1 157.1 157.1 157.1 157.1 157.1 157.1 157.1 157.1 157.1 157.1 157.1 157.1 157.1 157.1 157.1 157.1 157.1 157.1 157.1 157.1 157.1 157.1 157.1 157.1 157.1 157.1 157.1 157.1 143.7 143.7 143.7 143.7 143.7 143.7 143.7 143.7 143.7 143.7 143.7 143.7 143.7 143.7 143.7 143.7 143.7 143.7 143.7 143.7 143.7 143.7 143.7 143.7 143.7 143.7 143.7 143.7 143.7 
167 167 167 167 167 167 167 167 167 167 167 157.1 157.1 157.1 157.1 157.1 157.1 157.1 157.1 157.1 157.1 157.1 157.1 157.1 157.1 157.1 157.1 157.1 157.1 157.1 157.1 157.1 157.1 157.1 157.1 157.1 157.1 157.1 157.1 157.1 157.1 157.1 157.1 157.1 157.1 157.1 157.1 157.1 157.1 157.1 157.1 157.1 157.1 157.1 157.1 157.1 157.1 157.1 157.1 157.1 157.1 157.1 157.1 157.1 157.1 157.1 157.1 157.1 157.1 157.1 157.1 143.7 143.7 143.7 143.7 143.7 143.7 143.7 143.7 143.7 143.7 143.7 143.7 143.7 143.7 143.7 143.7 143.7 143.7 143.7 143.7 143.7 143.7 143.7 143.7 143.7 143.7 143.7 143.7 143.7 
167 167 167 167 167 167 167 167 167 167 167 157.1 157.1 157.1 157.1 157.1 157.1 157.1 157.1 157.1 157.1 157.1 157.1 157.1 157.1 157.1 157.1 157.1 157.1 157.1 157.1 157.1 157.1 157.1 157.1 157.1 157.1 157.1 157.1 157.1 157.1 157.1 157.1 157.1 157.1 157.1 157.1 157.1 157.1 157.1 157.1 157.1 157.1 157.1 157.1 157.1 157.1 157.1 157.1 157.1 157.1 157.1 157.1 157.1 157.1 157.1 157.1 157.1 157.1 157.1 157.1 143.7 143.7 143.7 143.7 143.7 143.7 143.7 143.7 143.7 143.7 143.7 143.7 143.7 143.7 143.7 143.7 143.7 143.7 143.7 143.7 143.7 143.7 143.7 143.7 143.7 143.7 143.7 143.7 143.7 
167 167 167 167 167 167 167 167 167 167 167 157.1 157.1 157.1 157.1 157.1 157.1 157.1 157.1 157.1 157.1 157.1 157.1 157.1 157.1 157.1 157.1 157.1 157.1 157.1 157.1 157.1 157.1 157.1 157.1 157.1 157.1 157.1 157.1 157.1 157.1 157.1 157.1 157.1 157.1 157.1 157.1 157.1 157.1 157.1 157.1 157.1 157.1 157.1 157.1 157.1 157.1 157.1 157.1 157.1 157.1 157.1 157.1 157.1 157.1 157.1 157.1 157.1 157.1 157.1 157.1 143.7 143.7 143.7 143.7 143.7 143.7 143.7 143.7 143.7 143.7 143.7 143.7 143.7 143.7 143.7 143.7 143.7 143.7 143.7 143.7 143.7 143.7 143.7 143.7 143.7 143.7 143.7 143.7 143.7 
167 167 167 167 167 167 167 167 167 167 167 157.1 157.1 157.1 157.1 157.1 157.1 157.1 157.1 157.1 157.1 157.1 157.1 157.1 157.1 157.1 157.1 157.1 157.1 157.1 157.1 157.1 157.1 157.1 157.1 157.1 157.1 157.1 157.1 157.1 157.1 157.1 157.1 157.1 157.1 157.1 157.1 157.1 157.1 157.1 157.1 157.1 157.1 157.1 157.1 157.1 157.1 157.1 157.1 157.1 157.1 157.1 157.1 157.1 157.1 157.1 157.1 157.1 157.1 157.1 157.1 143.7 143.7 143.7 143.7 143.7 143.7 143.7 143.7 143.7 143.7 143.7 143.7 143.7 143.7 143.7 143.7 143.7 143.7 143.7 143.7 143.7 143.7 143.7 143.7 143.7 143.7 143.7 143.7 143.7 
167 167 167 167 167 167 167 167 167 167 167 157.1 157.1 157.1 157.1 157.1 157.1 157.1 157.1 157.1 157.1 157.1 157.1 157.1 157.1 157.1 157.1 157.1 157.1 157.1 157.1 157.1 157.1 157.1 157.1 157.1 157.1 157.1 157.1 157.1 157.1 157.1 157.1 157.1 157.1 157.1 157.1 157.1 157.1 157.1 157.1 157.1 157.1 157.1 157.1 157.1 157.1 157.1 157.1 157.1 157.1 157.1 157.1 157.1 157.1 157.1 157.1 157.1 157.1 157.1 157.1 143.7 143.7 143.7 143.7 143.7 143.7 143.7 143.7 143.7 143.7 143.7 143.7 143.7 143.7 143.7 143.7 143.7 143.7 143.7 143.7 143.7 143.7 143.7 143.7 143.7 143.7 143.7 143.7 143.7 
167 167 167 167 167 167 167 167 167 167 167 157.1 157.1 157.1 157.1 157.1 157.1 157.1 157.1 157.1 157.1 157.1 157.1 157.1 157.1 157.1 157.1 157.1 157.1 157.1 157.1 157.1 157.1 157.1 157.1 157.1 157.1 157.1 157.1 157.1 157.1 157.1 157.1 157.1 157.1 157.1 157.1 157.1 157.1 157.1 157.1 157.1 157.1 157.1 157.1 157.1 157.1 157.1 157.1 157.1 157.1 157.1 157.1 157.1 157.1 157.1 157.1 157.1 157.1 157.1 157.1 143.7 143.7 143.7 143.7 143.7 143.7 143.7 143.7 143.7 143.7 143.7 143.7 143.7 143.7 143.7 143.7 143.7 143.7 143.7 143.7 143.7 143.7 143.7 143.7 143.7 143.7 143.7 143.7 143.7 
167 167 167 167 167 167 167 167 167 167 167 157.1 157.1 157.1 157.1 157.1 157.1 157.1 157.1 157.1 157.1 157.1 157.1 157.1 157.1 157.1 157.1 157.1 157.1 157.1 157.1 157.1 157.1 157.1 157.1 157.1 157.1 157.1 157.1 157.1 157.1 157.1 157.1 157.1 157.1 157.1 157.1 157.1 157.1 157.1 157.1 157.1 157.1 157.1 157.1 157.1 157.1 157.1 157.1 157.1 157.1 157.1 157.1 157.1 157.1 157.1 157.1 157.1 157.1 157.1 157.1 143.7 143.7 143.7 143.7 143.7 143.7 143.7 143.7 143.7 143.7 143.7 143.7 143.7 143.7 143.7 143.7 143.7 143.7 143.7 143.7 143.7 143.7 143.7 143.7 143.7 143.7 143.7 143.7 143.7 
167 167 167 167 167 167 167 167 167 167 167 157.1 157.1 157.1 157.1 157.1 157.1 157.1 157.1 157.1 157.1 157.1 157.1 157.1 157.1 157.1 157.1 157.1 157.1 157.1 157.1 157.1 157.1 157.1 157.1 157.1 157.1 157.1 157.1 157.1 157.1 157.1 157.1 157.1 157.1 157.1 157.1 157.1 157.1 157.1 157.1 157.1 157.1 157.1 157.1 157.1 157.1 157.1 157.1 157.1 157.1 157.1 157.1 157.1 157.1 157.1 157.1 157.1 157.1 157.1 157.1 143.7 143.7 143.7 143.7 143.7 143.7 143.7 143.7 143.7 143.7 143.7 143.7 143.7 143.7 143.7 143.7 143.7 143.7 143.7 143.7 143.7 143.7 143.7 143.7 143.7 143.7 143.7 143.7 143.7 
167 167 167 167 167 167 167 167 167 167 167 157.1 157.1 157.1 157.1 157.1 157.1 157.1 157.1 157.1 157.1 157.1 157.1 157.1 157.1 157.1 157.1 157.1 157.1 157.1 157.1 157.1 157.1 157.1 157.1 157.1 157.1 157.1 157.1 157.1 157.1 157.1 157.1 157.1 157.1 157.1 157.1 157.1 157.1 157.1 157.1 157.1 157.1 157.1 157.1 157.1 157.1 157.1 157.1 157.1 157.1 157.1 157.1 157.1 157.1 157.1 157.1 157.1 157.1 157.1 157.1 143.7 143.7 143.7 143.7 143.7 143.7 143.7 143.7 143.7 143.7 143.7 143.7 143.7 143.7 143.7 143.7 143.7 143.7 143.7 143.7 143.7 143.7 143.7 143.7 143.7 143.7 143.7 143.7 143.7 
167 167 167 167 167 167 167 167 167 167 167 157.1 157.1 157.1 157.1 157.1 157.1 157.1 157.1 157.1 157.1 157.1 157.1 157.1 157.1 157.1 157.1 157.1 157.1 157.1 157.1 157.1 157.1 157.1 157.1 157.1 157.1 157.1 157.1 157.1 157.1 157.1 157.1 157.1 157.1 157.1 157.1 157.1 157.1 157.1 157.1 157.1 157.1 157.1 157.1 157.1 157.1 157.1 157.1 157.1 157.1 157.1 157.1 157.1 157.1 157.1 157.1 157.1 157.1 157.1 157.1 143.7 143.7 143.7 143.7 143.7 143.7 143.7 143.7 143.7 143.7 143.7 143.7 143.7 143.7 143.7 143.7 143.7 143.7 143.7 143.7 143.7 143.7 143.7 143.7 143.7 143.7 143.7 143.7 143.7 
167 167 167 167 167 167 167 167 167 167 167 157.1 157.1 157.1 157.1 157.1 157.1 157.1 157.1 157.1 157.1 157.1 157.1 157.1 157.1 157.1 157.1 157.1 157.1 157.1 157.1 157.1 157.1 157.1 157.1 157.1 157.1 157.1 157.1 157.1 157.1 157.1 157.1 157.1 157.1 157.1 157.1 157.1 157.1 157.1 157.1 157.1 157.1 157.1 157.1 157.1 157.1 157.1 157.1 157.1 157.1 157.1 157.1 157.1 157.1 157.1 157.1 157.1 157.1 157.1 157.1 143.7 143.7 143.7 143.7 143.7 143.7 143.7 143.7 143.7 143.7 143.7 143.7 143.7 143.7 143.7 143.7 143.7 143.7 143.7 143.7 143.7 143.7 143.7 143.7 143.7 143.7 143.7 143.7 143.7 
167 167 167 167 167 167 167 167 167 167 167 157.1 157.1 157.1 157.1 157.1 157.1 157.1 157.1 157.1 157.1 157.1 157.1 157.1 157.1 157.1 157.1 157.1 157.1 157.1 157.1 157.1 157.1 157.1 157.1 157.1 157.1 157.1 157.1 157.1 157.1 157.1 157.1 157.1 157.1 157.1 157.1 157.1 157.1 157.1 157.1 157.1 157.1 157.1 157.1 157.1 157.1 157.1 157.1 157.1 157.1 157.1 157.1 157.1 157.1 157.1 157.1 157.1 157.1 157.1 157.1 143.7 143.7 143.7 143.7 143.7 143.7 143.7 143.7 143.7 143.7 143.7 143.7 143.7 143.7 143.7 143.7 143.7 143.7 143.7 143.7 143.7 143.7 143.7 143.7 143.7 143.7 143.7 143.7 143.7 
167 167 167 167 167 167 167 167 167 167 167 157.1 157.1 157.1 157.1 157.1 157.1 157.1 157.1 157.1 157.1 157.1 157.1 157.1 157.1 157.1 157.1 157.1 157.1 157.1 157.1 157.1 157.1 157.1 157.1 157.1 157.1 157.1 157.1 157.1 157.1 157.1 157.1 157.1 157.1 157.1 157.1 157.1 157.1 157.1 157.1 157.1 157.1 157.1 157.1 157.1 157.1 157.1 157.1 157.1 157.1 157.1 157.1 157.1 157.1 157.1 157.1 157.1 157.1 157.1 157.1 143.7 143.7 143.7 143.7 143.7 143.7 143.7 143.7 143.7 143.7 143.7 143.7 143.7 143.7 143.7 143.7 143.7 143.7 143.7 143.7 143.7 143.7 143.7 143.7 143.7 143.7 143.7 143.7 143.7 
167 167 167 167 167 167 167 167 167 167 167 157.1 157.1 157.1 157.1 157.1 157.1 157.1 157.1 157.1 157.1 157.1 157.1 157.1 157.1 157.1 157.1 157.1 157.1 157.1 157.1 157.1 157.1 157.1 157.1 157.1 157.1 157.1 157.1 157.1 157.1 157.1 157.1 157.1 157.1 157.1 157.1 157.1 157.1 157.1 157.1 157.1 157.1 157.1 157.1 157.1 157.1 157.1 157.1 157.1 157.1 157.1 157.1 157.1 157.1 157.1 157.1 157.1 157.1 157.1 157.1 143.7 143.7 143.7 143.7 143.7 143.7 143.7 143.7 143.7 143.7 143.7 143.7 143.7 143.7 143.7 143.7 143.7 143.7 143.7 143.7 143.7 143.7 143.7 143.7 143.7 143.7 143.7 143.7 143.7 
167 167 167 167 167 167 167 167 167 167 167 157.1 157.1 157.1 157.1 157.1 157.1 157.1 157.1 157.1 157.1 157.1 157.1 157.1 157.1 157.1 157.1 157.1 157.1 157.1 157.1 157.1 157.1 157.1 157.1 157.1 157.1 157.1 157.1 157.1 157.1 157.1 157.1 157.1 157.1 157.1 157.1 157.1 157.1 157.1 157.1 157.1 157.1 157.1 157.1 157.1 157.1 157.1 157.1 157.1 157.1 157.1 157.1 157.1 157.1 157.1 157.1 157.1 157.1 157.1 157.1 143.7 143.7 143.7 143.7 143.7 143.7 143.7 143.7 143.7 143.7 143.7 143.7 143.7 143.7 143.7 143.7 143.7 143.7 143.7 143.7 143.7 143.7 143.7 143.7 143.7 143.7 143.7 143.7 143.7 
167 167 167 167 167 167 167 167 167 167 167 157.1 157.1 157.1 157.1 157.1 157.1 157.1 157.1 157.1 157.1 157.1 157.1 157.1 157.1 157.1 157.1 157.1 157.1 157.1 157.1 157.1 157.1 157.1 157.1 157.1 157.1 157.1 157.1 157.1 157.1 157.1 157.1 157.1 157.1 157.1 157.1 157.1 157.1 157.1 157.1 157.1 157.1 157.1 157.1 157.1 157.1 157.1 157.1 157.1 157.1 157.1 157.1 157.1 157.1 157.1 157.1 157.1 157.1 157.1 157.1 143.7 143.7 143.7 143.7 143.7 143.7 143.7 143.7 143.7 143.7 143.7 143.7 143.7 143.7 143.7 143.7 143.7 143.7 143.7 143.7 143.7 143.7 143.7 143.7 143.7 143.7 143.7 143.7 143.7 
167 167 167 167 167 167 167 167 167 167 167 157.1 157.1 157.1 157.1 157.1 157.1 157.1 157.1 157.1 157.1 157.1 157.1 157.1 157.1 157.1 157.1 157.1 157.1 157.1 157.1 157.1 157.1 157.1 157.1 157.1 157.1 157.1 157.1 157.1 157.1 157.1 157.1 157.1 157.1 157.1 157.1 157.1 157.1 157.1 157.1 157.1 157.1 157.1 157.1 157.1 157.1 157.1 157.1 157.1 157.1 157.1 157.1 157.1 157.1 157.1 157.1 157.1 157.1 157.1 157.1 143.7 143.7 143.7 143.7 143.7 143.7 143.7 143.7 143.7 143.7 143.7 143.7 143.7 143.7 143.7 143.7 143.7 143.7 143.7 143.7 143.7 143.7 143.7 143.7 143.7 143.7 143.7 143.7 143.7 
167 167 167 167 167 167 167 167 167 167 167 157.1 157.1 157.1 157.1 157.1 157.1 157.1 157.1 157.1 157.1 157.1 157.1 157.1 157.1 157.1 157.1 157.1 157.1 157.1 157.1 157.1 157.1 157.1 157.1 157.1 157.1 157.1 157.1 157.1 157.1 157.1 157.1 157.1 157.1 157.1 157.1 157.1 157.1 157.1 157.1 157.1 157.1 157.1 157.1 157.1 157.1 157.1 157.1 157.1 157.1 157.1 157.1 157.1 157.1 157.1 157.1 157.1 157.1 157.1 157.1 143.7 143.7 143.7 143.7 143.7 143.7 143.7 143.7 143.7 143.7 143.7 143.7 143.7 143.7 143.7 143.7 143.7 143.7 143.7 143.7 143.7 143.7 143.7 143.7 143.7 143.7 143.7 143.7 143.7 
167 167 167 167 167 167 167 167 167 167 167 157.1 157.1 157.1 157.1 157.1 157.1 157.1 157.1 157.1 157.1 157.1 157.1 157.1 157.1 157.1 157.1 157.1 157.1 157.1 157.1 157.1 157.1 157.1 157.1 157.1 157.1 157.1 157.1 157.1 157.1 157.1 157.1 157.1 157.1 157.1 157.1 157.1 157.1 157.1 157.1 157.1 157.1 157.1 157.1 157.1 157.1 157.1 157.1 157.1 157.1 157.1 157.1 157.1 157.1 157.1 157.1 157.1 157.1 157.1 157.1 143.7 143.7 143.7 143.7 143.7 143.7 143.7 143.7 143.7 143.7 143.7 143.7 143.7 143.7 143.7 143.7 143.7 143.7 143.7 143.7 143.7 143.7 143.7 143.7 143.7 143.7 143.7 143.7 143.7 
167 167 167 167 167 167 167 167 167 167 167 157.1 157.1 157.1 157.1 157.1 157.1 157.1 157.1 157.1 157.1 157.1 157.1 157.1 157.1 157.1 157.1 157.1 157.1 157.1 157.1 157.1 157.1 157.1 157.1 157.1 157.1 157.1 157.1 157.1 157.1 157.1 157.1 157.1 157.1 157.1 157.1 157.1 157.1 157.1 157.1 157.1 157.1 157.1 157.1 157.1 157.1 157.1 157.1 157.1 157.1 157.1 157.1 157.1 157.1 157.1 157.1 157.1 157.1 157.1 157.1 143.7 143.7 143.7 143.7 143.7 143.7 143.7 143.7 143.7 143.7 143.7 143.7 143.7 143.7 143.7 143.7 143.7 143.7 143.7 143.7 143.7 143.7 143.7 143.7 143.7 143.7 143.7 143.7 143.7 
167 167 167 167 167 167 167 167 167 167 167 157.1 157.1 157.1 157.1 157.1 157.1 157.1 157.1 157.1 157.1 157.1 157.1 157.1 157.1 157.1 157.1 157.1 157.1 157.1 157.1 157.1 157.1 157.1 157.1 157.1 157.1 157.1 157.1 157.1 157.1 157.1 157.1 157.1 157.1 157.1 157.1 157.1 157.1 157.1 157.1 157.1 157.1 157.1 157.1 157.1 157.1 157.1 157.1 157.1 157.1 157.1 157.1 157.1 157.1 157.1 157.1 157.1 157.1 157.1 157.1 143.7 143.7 143.7 143.7 143.7 143.7 143.7 143.7 143.7 143.7 143.7 143.7 143.7 143.7 143.7 143.7 143.7 143.7 143.7 143.7 143.7 143.7 143.7 143.7 143.7 143.7 143.7 143.7 143.7 
167 167 167 167 167 167 167 167 167 167 167 157.1 157.1 157.1 157.1 157.1 157.1 157.1 157.1 157.1 157.1 157.1 157.1 157.1 157.1 157.1 157.1 157.1 157.1 157.1 157.1 157.1 157.1 157.1 157.1 157.1 157.1 157.1 157.1 157.1 157.1 157.1 157.1 157.1 157.1 157.1 157.1 157.1 157.1 157.1 157.1 157.1 157.1 157.1 157.1 157.1 157.1 157.1 157.1 157.1 157.1 157.1 157.1 157.1 157.1 157.1 157.1 157.1 157.1 157.1 157.1 143.7 143.7 143.7 143.7 143.7 143.7 143.7 143.7 143.7 143.7 143.7 143.7 143.7 143.7 143.7 143.7 143.7 143.7 143.7 143.7 143.7 143.7 143.7 143.7 143.7 143.7 143.7 143.7 143.7 
167 167 167 167 167 167 167 167 167 167 167 157.1 157.1 157.1 157.1 157.1 157.1 157.1 157.1 157.1 157.1 157.1 157.1 157.1 157.1 157.1 157.1 157.1 157.1 157.1 157.1 157.1 157.1 157.1 157.1 157.1 157.1 157.1 157.1 157.1 157.1 157.1 157.1 157.1 157.1 157.1 157.1 157.1 157.1 157.1 157.1 157.1 157.1 157.1 157.1 157.1 157.1 157.1 157.1 157.1 157.1 157.1 157.1 157.1 157.1 157.1 157.1 157.1 157.1 157.1 157.1 143.7 143.7 143.7 143.7 143.7 143.7 143.7 143.7 143.7 143.7 143.7 143.7 143.7 143.7 143.7 143.7 143.7 143.7 143.7 143.7 143.7 143.7 143.7 143.7 143.7 143.7 143.7 143.7 143.7 
167 167 167 167 167 167 167 167 167 167 167 157.1 157.1 157.1 157.1 157.1 157.1 157.1 157.1 157.1 157.1 157.1 157.1 157.1 157.1 157.1 157.1 157.1 157.1 157.1 157.1 157.1 157.1 157.1 157.1 157.1 157.1 157.1 157.1 157.1 157.1 157.1 157.1 157.1 157.1 157.1 157.1 157.1 157.1 157.1 157.1 157.1 157.1 157.1 157.1 157.1 157.1 157.1 157.1 157.1 157.1 157.1 157.1 157.1 157.1 157.1 157.1 157.1 157.1 157.1 157.1 143.7 143.7 143.7 143.7 143.7 143.7 143.7 143.7 143.7 143.7 143.7 143.7 143.7 143.7 143.7 143.7 143.7 143.7 143.7 143.7 143.7 143.7 143.7 143.7 143.7 143.7 143.7 143.7 143.7 
198.8 198.8 198.8 198.8 198.8 198.8 198.8 198.8 198.8 198.8 198.8 187.1 187.1 187.1 187.1 187.1 187.1 187.1 187.1 187.1 187.1 187.1 187.1 187.1 187.1 187.1 187.1 187.1 187.1 187.1 187.1 187.1 187.1 187.1 187.1 187.1 187.1 187.1 187.1 187.1 187.1 187.1 187.1 187.1 187.1 187.1 187.1 187.1 187.1 187.1 187.1 187.1 187.1 187.1 187.1 187.1 187.1 187.1 187.1 187.1 187.1 187.1 187.1 187.1 187.1 187.1 187.1 187.1 187.1 187.1 187.1 167 167 167 167 167 167 167 167 167 167 167 167 167 167 167 167 167 167 167 167 167 167 167 167 167 167 167 167 167 
198.8 198.8 198.8 198.8 198.8 198.8 198.8 198.8 198.8 198.8 198.8 187.1 187.1 187.1 187.1 187.1 187.1 187.1 187.1 187.1 187.1 187.1 187.1 187.1 187.1 187.1 187.1 187.1 187.1 187.1 187.1 187.1 187.1 187.1 187.1 187.1 187.1 187.1 187.1 187.1 187.1 187.1 187.1 187.1 187.1 187.1 187.1 187.1 187.1 187.1 187.1 187.1 187.1 187.1 187.1 187.1 187.1 187.1 187.1 187.1 187.1 187.1 187.1 187.1 187.1 187.1 187.1 187.1 187.1 187.1 187.1 167 167 167 167 167 167 167 167 167 167 167 167 167 167 167 167 167 167 167 167 167 167 167 167 167 167 167 167 167 
198.8 198.8 198.8 198.8 198.8 198.8 198.8 198.8 198.8 198.8 198.8 187.1 187.1 187.1 187.1 187.1 187.1 187.1 187.1 187.1 187.1 187.1 187.1 187.1 187.1 187.1 187.1 187.1 187.1 187.1 187.1 187.1 187.1 187.1 187.1 187.1 187.1 187.1 187.1 187.1 187.1 187.1 187.1 187.1 187.1 187.1 187.1 187.1 187.1 187.1 187.1 187.1 187.1 187.1 187.1 187.1 187.1 187.1 187.1 187.1 187.1 187.1 187.1 187.1 187.1 187.1 187.1 187.1 187.1 187.1 187.1 167 167 167 167 167 167 167 167 167 167 167 167 167 167 167 167 167 167 167 167 167 167 167 167 167 167 167 167 167 
198.8 198.8 198.8 198.8 198.8 198.8 198.8 198.8 198.8 198.8 198.8 187.1 187.1 187.1 187.1 187.1 187.1 187.1 187.1 187.1 187.1 187.1 187.1 187.1 187.1 187.1 187.1 187.1 187.1 187.1 187.1 187.1 187.1 187.1 187.1 187.1 187.1 187.1 187.1 187.1 187.1 187.1 187.1 187.1 187.1 187.1 187.1 187.1 187.1 187.1 187.1 187.1 187.1 187.1 187.1 187.1 187.1 187.1 187.1 187.1 187.1 187.1 187.1 187.1 187.1 187.1 187.1 187.1 187.1 187.1 187.1 167 167 167 167 167 167 167 167 167 167 167 167 167 167 167 167 167 167 167 167 167 167 167 167 167 167 167 167 167 
198.8 198.8 198.8 198.8 198.8 198.8 198.8 198.8 198.8 198.8 198.8 187.1 187.1 187.1 187.1 187.1 187.1 187.1 187.1 187.1 187.1 187.1 187.1 187.1 187.1 187.1 187.1 187.1 187.1 187.1 187.1 187.1 187.1 187.1 187.1 187.1 187.1 187.1 187.1 187.1 187.1 187.1 187.1 187.1 187.1 187.1 187.1 187.1 187.1 187.1 187.1 187.1 187.1 187.1 187.1 187.1 187.1 187.1 187.1 187.1 187.1 187.1 187.1 187.1 187.1 187.1 187.1 187.1 187.1 187.1 187.1 167 167 167 167 167 167 167 167 167 167 167 167 167 167 167 167 167 167 167 167 167 167 167 167 167 167 167 167 167 
198.8 198.8 198.8 198.8 198.8 198.8 198.8 198.8 198.8 198.8 198.8 187.1 187.1 187.1 187.1 187.1 187.1 187.1 187.1 187.1 187.1 187.1 187.1 187.1 187.1 187.1 187.1 187.1 187.1 187.1 187.1 187.1 187.1 187.1 187.1 187.1 187.1 187.1 187.1 187.1 187.1 187.1 187.1 187.1 187.1 187.1 187.1 187.1 187.1 187.1 187.1 187.1 187.1 187.1 187.1 187.1 187.1 187.1 187.1 187.1 187.1 187.1 187.1 187.1 187.1 187.1 187.1 187.1 187.1 187.1 187.1 167 167 167 167 167 167 167 167 167 167 167 167 167 167 167 167 167 167 167 167 167 167 167 167 167 167 167 167 167 
198.8 198.8 198.8 198.8 198.8 198.8 198.8 198.8 198.8 198.8 198.8 187.1 187.1 187.1 187.1 187.1 187.1 187.1 187.1 187.1 187.1 187.1 187.1 187.1 187.1 187.1 187.1 187.1 187.1 187.1 187.1 187.1 187.1 187.1 187.1 187.1 187.1 187.1 187.1 187.1 187.1 187.1 187.1 187.1 187.1 187.1 187.1 187.1 187.1 187.1 187.1 187.1 187.1 187.1 187.1 187.1 187.1 187.1 187.1 187.1 187.1 187.1 187.1 187.1 187.1 187.1 187.1 187.1 187.1 187.1 187.1 167 167 167 167 167 167 167 167 167 167 167 167 167 167 167 167 167 167 167 167 167 167 167 167 167 167 167 167 167 
198.8 198.8 198.8 198.8 198.8 198.8 198.8 198.8 198.8 198.8 198.8 187.1 187.1 187.1 187.1 187.1 187.1 187.1 187.1 187.1 187.1 187.1 187.1 187.1 187.1 187.1 187.1 187.1 187.1 187.1 187.1 187.1 187.1 187.1 187.1 187.1 187.1 187.1 187.1 187.1 187.1 187.1 187.1 187.1 187.1 187.1 187.1 187.1 187.1 187.1 187.1 187.1 187.1 187.1 187.1 187.1 187.1 187.1 187.1 187.1 187.1 187.1 187.1 187.1 187.1 187.1 187.1 187.1 187.1 187.1 187.1 167 167 167 167 167 167 167 167 167 167 167 167 167 167 167 167 167 167 167 167 167 167 167 167 167 167 167 167 167 
198.8 198.8 198.8 198.8 198.8 198.8 198.8 198.8 198.8 198.8 198.8 187.1 187.1 187.1 187.1 187.1 187.1 187.1 187.1 187.1 187.1 187.1 187.1 187.1 187.1 187.1 187.1 187.1 187.1 187.1 187.1 187.1 187.1 187.1 187.1 187.1 187.1 187.1 187.1 187.1 187.1 187.1 187.1 187.1 187.1 187.1 187.1 187.1 187.1 187.1 187.1 187.1 187.1 187.1 187.1 187.1 187.1 187.1 187.1 187.1 187.1 187.1 187.1 187.1 187.1 187.1 187.1 187.1 187.1 187.1 187.1 167 167 167 167 167 167 167 167 167 167 167 167 167 167 167 167 167 167 167 167 167 167 167 167 167 167 167 167 167 
198.8 198.8 198.8 198.8 198.8 198.8 198.8 198.8 198.8 198.8 198.8 187.1 187.1 187.1 187.1 187.1 187.1 187.1 187.1 187.1 187.1 187.1 187.1 187.1 187.1 187.1 187.1 187.1 187.1 187.1 187.1 187.1 187.1 187.1 187.1 187.1 187.1 187.1 187.1 187.1 187.1 187.1 187.1 187.1 187.1 187.1 187.1 187.1 187.1 187.1 187.1 187.1 187.1 187.1 187.1 187.1 187.1 187.1 187.1 187.1 187.1 187.1 187.1 187.1 187.1 187.1 187.1 187.1 187.1 187.1 187.1 167 167 167 167 167 167 167 167 167 167 167 167 167 167 167 167 167 167 167 167 167 167 167 167 167 167 167 167 167 
198.8 198.8 198.8 198.8 198.8 198.8 198.8 198.8 198.8 198.8 198.8 187.1 187.1 187.1 187.1 187.1 187.1 187.1 187.1 187.1 187.1 187.1 187.1 187.1 187.1 187.1 187.1 187.1 187.1 187.1 187.1 187.1 187.1 187.1 187.1 187.1 187.1 187.1 187.1 187.1 187.1 187.1 187.1 187.1 187.1 187.1 187.1 187.1 187.1 187.1 187.1 187.1 187.1 187.1 187.1 187.1 187.1 187.1 187.1 187.1 187.1 187.1 187.1 187.1 187.1 187.1 187.1 187.1 187.1 187.1 187.1 167 167 167 167 167 167 167 167 167 167 167 167 167 167 167 167 167 167 167 167 167 167 167 167 167 167 167 167 167 
198.8 198.8 198.8 198.8 198.8 198.8 198.8 198.8 198.8 198.8 198.8 187.1 187.1 187.1 187.1 187.1 187.1 187.1 187.1 187.1 187.1 187.1 187.1 187.1 187.1 187.1 187.1 187.1 187.1 187.1 187.1 187.1 187.1 187.1 187.1 187.1 187.1 187.1 187.1 187.1 187.1 187.1 187.1 187.1 187.1 187.1 187.1 187.1 187.1 187.1 187.1 187.1 187.1 187.1 187.1 187.1 187.1 187.1 187.1 187.1 187.1 187.1 187.1 187.1 187.1 187.1 187.1 187.1 187.1 187.1 187.1 167 167 167 167 167 167 167 167 167 167 167 167 167 167 167 167 167 167 167 167 167 167 167 167 167 167 167 167 167 
198.8 198.8 198.8 198.8 198.8 198.8 198.8 198.8 198.8 198.8 198.8 187.1 187.1 187.1 187.1 187.1 187.1 187.1 187.1 187.1 187.1 187.1 187.1 187.1 187.1 187.1 187.1 187.1 187.1 187.1 187.1 187.1 187.1 187.1 187.1 187.1 187.1 187.1 187.1 187.1 187.1 187.1 187.1 187.1 187.1 187.1 187.1 187.1 187.1 187.1 187.1 187.1 187.1 187.1 187.1 187.1 187.1 187.1 187.1 187.1 187.1 187.1 187.1 187.1 187.1 187.1 187.1 187.1 187.1 187.1 187.1 167 167 167 167 167 167 167 167 167 167 167 167 167 167 167 167 167 167 167 167 167 167 167 167 167 167 167 167 167 
198.8 198.8 198.8 198.8 198.8 198.8 198.8 198.8 198.8 198.8 198.8 187.1 187.1 187.1 187.1 187.1 187.1 187.1 187.1 187.1 187.1 187.1 187.1 187.1 187.1 187.1 187.1 187.1 187.1 187.1 187.1 187.1 187.1 187.1 187.1 187.1 187.1 187.1 187.1 187.1 187.1 187.1 187.1 187.1 187.1 187.1 187.1 187.1 187.1 187.1 187.1 187.1 187.1 187.1 187.1 187.1 187.1 187.1 187.1 187.1 187.1 187.1 187.1 187.1 187.1 187.1 187.1 187.1 187.1 187.1 187.1 167 167 167 167 167 167 167 167 167 167 167 167 167 167 167 167 167 167 167 167 167 167 167 167 167 167 167 167 167 
198.8 198.8 198.8 198.8 198.8 198.8 198.8 198.8 198.8 198.8 198.8 187.1 187.1 187.1 187.1 187.1 187.1 187.1 187.1 187.1 187.1 187.1 187.1 187.1 187.1 187.1 187.1 187.1 187.1 187.1 187.1 187.1 187.1 187.1 187.1 187.1 187.1 187.1 187.1 187.1 187.1 187.1 187.1 187.1 187.1 187.1 187.1 187.1 187.1 187.1 187.1 187.1 187.1 187.1 187.1 187.1 187.1 187.1 187.1 187.1 187.1 187.1 187.1 187.1 187.1 187.1 187.1 187.1 187.1 187.1 187.1 167 167 167 167 167 167 167 167 167 167 167 167 167 167 167 167 167 167 167 167 167 167 167 167 167 167 167 167 167 
198.8 198.8 198.8 198.8 198.8 198.8 198.8 198.8 198.8 198.8 198.8 187.1 187.1 187.1 187.1 187.1 187.1 187.1 187.1 187.1 187.1 187.1 187.1 187.1 187.1 187.1 187.1 187.1 187.1 187.1 187.1 187.1 187.1 187.1 187.1 187.1 187.1 187.1 187.1 187.1 187.1 187.1 187.1 187.1 187.1 187.1 187.1 187.1 187.1 187.1 187.1 187.1 187.1 187.1 187.1 187.1 187.1 187.1 187.1 187.1 187.1 187.1 187.1 187.1 187.1 187.1 187.1 187.1 187.1 187.1 187.1 167 167 167 167 167 167 167 167 167 167 167 167 167 167 167 167 167 167 167 167 167 167 167 167 167 167 167 167 167 
198.8 198.8 198.8 198.8 198.8 198.8 198.8 198.8 198.8 198.8 198.8 187.1 187.1 187.1 187.1 187.1 187.1 187.1 187.1 187.1 187.1 187.1 187.1 187.1 187.1 187.1 187.1 187.1 187.1 187.1 187.1 187.1 187.1 187.1 187.1 187.1 187.1 187.1 187.1 187.1 187.1 187.1 187.1 187.1 187.1 187.1 187.1 187.1 187.1 187.1 187.1 187.1 187.1 187.1 187.1 187.1 187.1 187.1 187.1 187.1 187.1 187.1 187.1 187.1 187.1 187.1 187.1 187.1 187.1 187.1 187.1 167 167 167 167 167 167 167 167 167 167 167 167 167 167 167 167 167 167 167 167 167 167 167 167 167 167 167 167 167 
198.8 198.8 198.8 198.8 198.8 198.8 198.8 198.8 198.8 198.8 198.8 187.1 187.1 187.1 187.1 187.1 187.1 187.1 187.1 187.1 187.1 187.1 187.1 187.1 187.1 187.1 187.1 187.1 187.1 187.1 187.1 187.1 187.1 187.1 187.1 187.1 187.1 187.1 187.1 187.1 187.1 187.1 187.1 187.1 187.1 187.1 187.1 187.1 187.1 187.1 187.1 187.1 187.1 187.1 187.1 187.1 187.1 187.1 187.1 187.1 187.1 187.1 187.1 187.1 187.1 187.1 187.1 187.1 187.1 187.1 187.1 167 167 167 167 167 167 167 167 167 167 167 167 167 167 167 167 167 167 167 167 167 167 167 167 167 167 167 167 167 
198.8 198.8 198.8 198.8 198.8 198.8 198.8 198.8 198.8 198.8 198.8 187.1 187.1 187.1 187.1 187.1 187.1 187.1 187.1 187.1 187.1 187.1 187.1 187.1 187.1 187.1 187.1 187.1 187.1 187.1 187.1 187.1 187.1 187.1 187.1 187.1 187.1 187.1 187.1 187.1 187.1 187.1 187.1 187.1 187.1 187.1 187.1 187.1 187.1 187.1 187.1 187.1 187.1 187.1 187.1 187.1 187.1 187.1 187.1 187.1 187.1 187.1 187.1 187.1 187.1 187.1 187.1 187.1 187.1 187.1 187.1 167 167 167 167 167 167 167 167 167 167 167 167 167 167 167 167 167 167 167 167 167 167 167 167 167 167 167 167 167 
198.8 198.8 198.8 198.8 198.8 198.8 198.8 198.8 198.8 198.8 198.8 187.1 187.1 187.1 187.1 187.1 187.1 187.1 187.1 187.1 187.1 187.1 187.1 187.1 187.1 187.1 187.1 187.1 187.1 187.1 187.1 187.1 187.1 187.1 187.1 187.1 187.1 187.1 187.1 187.1 187.1 187.1 187.1 187.1 187.1 187.1 187.1 187.1 187.1 187.1 187.1 187.1 187.1 187.1 187.1 187.1 187.1 187.1 187.1 187.1 187.1 187.1 187.1 187.1 187.1 187.1 187.1 187.1 187.1 187.1 187.1 167 167 167 167 167 167 167 167 167 167 167 167 167 167 167 167 167 167 167 167 167 167 167 167 167 167 167 167 167 
198.8 198.8 198.8 198.8 198.8 198.8 198.8 198.8 198.8 198.8 198.8 187.1 187.1 187.1 187.1 187.1 187.1 187.1 187.1 187.1 187.1 187.1 187.1 187.1 187.1 187.1 187.1 187.1 187.1 187.1 187.1 187.1 187.1 187.1 187.1 187.1 187.1 187.1 187.1 187.1 187.1 187.1 187.1 187.1 187.1 187.1 187.1 187.1 187.1 187.1 187.1 187.1 187.1 187.1 187.1 187.1 187.1 187.1 187.1 187.1 187.1 187.1 187.1 187.1 187.1 187.1 187.1 187.1 187.1 187.1 187.1 167 167 167 167 167 167 167 167 167 167 167 167 167 167 167 167 167 167 167 167 167 167 167 167 167 167 167 167 167 
198.8 198.8 198.8 198.8 198.8 198.8 198.8 198.8 198.8 198.8 198.8 187.1 187.1 187.1 187.1 187.1 187.1 187.1 187.1 187.1 187.1 187.1 187.1 187.1 187.1 187.1 187.1 187.1 187.1 187.1 187.1 187.1 187.1 187.1 187.1 187.1 187.1 187.1 187.1 187.1 187.1 187.1 187.1 187.1 187.1 187.1 187.1 187.1 187.1 187.1 187.1 187.1 187.1 187.1 187.1 187.1 187.1 187.1 187.1 187.1 187.1 187.1 187.1 187.1 187.1 187.1 187.1 187.1 187.1 187.1 187.1 167 167 167 167 167 167 167 167 167 167 167 167 167 167 167 167 167 167 167 167 167 167 167 167 167 167 167 167 167 
198.8 198.8 198.8 198.8 198.8 198.8 198.8 198.8 198.8 198.8 198.8 187.1 187.1 187.1 187.1 187.1 187.1 187.1 187.1 187.1 187.1 187.1 187.1 187.1 187.1 187.1 187.1 187.1 187.1 187.1 187.1 187.1 187.1 187.1 187.1 187.1 187.1 187.1 187.1 187.1 187.1 187.1 187.1 187.1 187.1 187.1 187.1 187.1 187.1 187.1 187.1 187.1 187.1 187.1 187.1 187.1 187.1 187.1 187.1 187.1 187.1 187.1 187.1 187.1 187.1 187.1 187.1 187.1 187.1 187.1 187.1 167 167 167 167 167 167 167 167 167 167 167 167 167 167 167 167 167 167 167 167 167 167 167 167 167 167 167 167 167 
198.8 198.8 198.8 198.8 198.8 198.8 198.8 198.8 198.8 198.8 198.8 187.1 187.1 187.1 187.1 187.1 187.1 187.1 187.1 187.1 187.1 187.1 187.1 187.1 187.1 187.1 187.1 187.1 187.1 187.1 187.1 187.1 187.1 187.1 187.1 187.1 187.1 187.1 187.1 187.1 187.1 187.1 187.1 187.1 187.1 187.1 187.1 187.1 187.1 187.1 187.1 187.1 187.1 187.1 187.1 187.1 187.1 187.1 187.1 187.1 187.1 187.1 187.1 187.1 187.1 187.1 187.1 187.1 187.1 187.1 187.1 167 167 167 167 167 167 167 167 167 167 167 167 167 167 167 167 167 167 167 167 167 167 167 167 167 167 167 167 167 
198.8 198.8 198.8 198.8 198.8 198.8 198.8 198.8 198.8 198.8 198.8 187.1 187.1 187.1 187.1 187.1 187.1 187.1 187.1 187.1 187.1 187.1 187.1 187.1 187.1 187.1 187.1 187.1 187.1 187.1 187.1 187.1 187.1 187.1 187.1 187.1 187.1 187.1 187.1 187.1 187.1 187.1 187.1 187.1 187.1 187.1 187.1 187.1 187.1 187.1 187.1 187.1 187.1 187.1 187.1 187.1 187.1 187.1 187.1 187.1 187.1 187.1 187.1 187.1 187.1 187.1 187.1 187.1 187.1 187.1 187.1 167 167 167 167 167 167 167 167 167 167 167 167 167 167 167 167 167 167 167 167 167 167 167 167 167 167 167 167 167 
198.8 198.8 198.8 198.8 198.8 198.8 198.8 198.8 198.8 198.8 198.8 187.1 187.1 187.1 187.1 187.1 187.1 187.1 187.1 187.1 187.1 187.1 187.1 187.1 187.1 187.1 187.1 187.1 187.1 187.1 187.1 187.1 187.1 187.1 187.1 187.1 187.1 187.1 187.1 187.1 187.1 187.1 187.1 187.1 187.1 187.1 187.1 187.1 187.1 187.1 187.1 187.1 187.1 187.1 187.1 187.1 187.1 187.1 187.1 187.1 187.1 187.1 187.1 187.1 187.1 187.1 187.1 187.1 187.1 187.1 187.1 167 167 167 167 167 167 167 167 167 167 167 167 167 167 167 167 167 167 167 167 167 167 167 167 167 167 167 167 167 
198.8 198.8 198.8 198.8 198.8 198.8 198.8 198.8 198.8 198.8 198.8 187.1 187.1 187.1 187.1 187.1 187.1 187.1 187.1 187.1 187.1 187.1 187.1 187.1 187.1 187.1 187.1 187.1 187.1 187.1 187.1 187.1 187.1 187.1 187.1 187.1 187.1 187.1 187.1 187.1 187.1 187.1 187.1 187.1 187.1 187.1 187.1 187.1 187.1 187.1 187.1 187.1 187.1 187.1 187.1 187.1 187.1 187.1 187.1 187.1 187.1 187.1 187.1 187.1 187.1 187.1 187.1 187.1 187.1 187.1 187.1 167 167 167 167 167 167 167 167 167 167 167 167 167 167 167 167 167 167 167 167 167 167 167 167 167 167 167 167 167 
198.8 198.8 198.8 198.8 198.8 198.8 198.8 198.8 198.8 198.8 198.8 187.1 187.1 187.1 187.1 187.1 187.1 187.1 187.1 187.1 187.1 187.1 187.1 187.1 187.1 187.1 187.1 187.1 187.1 187.1 187.1 187.1 187.1 187.1 187.1 187.1 187.1 187.1 187.1 187.1 187.1 187.1 187.1 187.1 187.1 187.1 187.1 187.1 187.1 187.1 187.1 187.1 187.1 187.1 187.1 187.1 187.1 187.1 187.1 187.1 187.1 187.1 187.1 187.1 187.1 187.1 187.1 187.1 187.1 187.1 187.1 167 167 167 167 167 167 167 167 167 167 167 167 167 167 167 167 167 167 167 167 167 167 167 167 167 167 167 167 167 
198.8 198.8 198.8 198.8 198.8 198.8 198.8 198.8 198.8 198.8 198.8 187.1 187.1 187.1 187.1 187.1 187.1 187.1 187.1 187.1 187.1 187.1 187.1 187.1 187.1 187.1 187.1 187.1 187.1 187.1 187.1 187.1 187.1 187.1 187.1 187.1 187.1 187.1 187.1 187.1 187.1 187.1 187.1 187.1 187.1 187.1 187.1 187.1 187.1 187.1 187.1 187.1 187.1 187.1 187.1 187.1 187.1 187.1 187.1 187.1 187.1 187.1 187.1 187.1 187.1 187.1 187.1 187.1 187.1 187.1 187.1 167 167 167 167 167 167 167 167 167 167 167 167 167 167 167 167 167 167 167 167 167 167 167 167 167 167 167 167 167 
198.8 198.8 198.8 198.8 198.8 198.8 198.8 198.8 198.8 198.8 198.8 187.1 187.1 187.1 187.1 187.1 187.1 187.1 187.1 187.1 187.1 187.1 187.1 187.1 187.1 187.1 187.1 187.1 187.1 187.1 187.1 187.1 187.1 187.1 187.1 187.1 187.1 187.1 187.1 187.1 187.1 187.1 187.1 187.1 187.1 187.1 187.1 187.1 187.1 187.1 187.1 187.1 187.1 187.1 187.1 187.1 187.1 187.1 187.1 187.1 187.1 187.1 187.1 187.1 187.1 187.1 187.1 187.1 187.1 187.1 187.1 167 167 167 167 167 167 167 167 167 167 167 167 167 167 167 167 167 167 167 167 167 167 167 167 167 167 167 167 167 
198.8 198.8 198.8 198.8 198.8 198.8 198.8 198.8 198.8 198.8 198.8 187.1 187.1 187.1 187.1 187.1 187.1 187.1 187.1 187.1 187.1 187.1 187.1 187.1 187.1 187.1 187.1 187.1 187.1 187.1 187.1 187.1 187.1 187.1 187.1 187.1 187.1 187.1 187.1 187.1 187.1 187.1 187.1 187.1 187.1 187.1 187.1 187.1 187.1 187.1 187.1 187.1 187.1 187.1 187.1 187.1 187.1 187.1 187.1 187.1 187.1 187.1 187.1 187.1 187.1 187.1 187.1 187.1 187.1 187.1 187.1 167 167 167 167 167 167 167 167 167 167 167 167 167 167 167 167 167 167 167 167 167 167 167 167 167 167 167 167 167 
