ncols         100
nrows         100
xllcorner     -59982.863281
yllcorner     1851083.022172
cellsize      1000
NODATA_value  -9999
99.8 99.8 99.8 99.8 99.8 99.8 99.8 99.8 99.8 99.8 99.8 80.5 80.5 80.5 80.5 80.5 80.5 80.5 80.5 80.5 80.5 80.5 80.5 80.5 80.5 80.5 80.5 80.5 80.5 80.5 80.5 80.5 80.5 80.5 80.5 80.5 80.5 80.5 80.5 80.5 80.5 80.5 80.5 80.5 80.5 80.5 80.5 80.5 80.5 80.5 80.5 80.5 80.5 80.5 80.5 80.5 80.5 80.5 80.5 80.5 80.5 80.5 80.5 80.5 80.5 80.5 80.5 80.5 80.5 80.5 80.5 69.9 69.9 69.9 69.9 69.9 69.9 69.9 69.9 69.9 69.9 69.9 69.9 69.9 69.9 69.9 69.9 69.9 69.9 69.9 69.9 69.9 69.9 69.9 69.9 69.9 69.9 69.9 69.9 69.9 
99.8 99.8 99.8 99.8 99.8 99.8 99.8 99.8 99.8 99.8 99.8 80.5 80.5 80.5 80.5 80.5 80.5 80.5 80.5 80.5 80.5 80.5 80.5 80.5 80.5 80.5 80.5 80.5 80.5 80.5 80.5 80.5 80.5 80.5 80.5 80.5 80.5 80.5 80.5 80.5 80.5 80.5 80.5 80.5 80.5 80.5 80.5 80.5 80.5 80.5 80.5 80.5 80.5 80.5 80.5 80.5 80.5 80.5 80.5 80.5 80.5 80.5 80.5 80.5 80.5 80.5 80.5 80.5 80.5 80.5 80.5 69.9 69.9 69.9 69.9 69.9 69.9 69.9 69.9 69.9 69.9 69.9 69.9 69.9 69.9 69.9 69.9 69.9 69.9 69.9 69.9 69.9 69.9 69.9 69.9 69.9 69.9 69.9 69.9 69.9 
99.8 99.8 99.8 99.8 99.8 99.8 99.8 99.8 99.8 99.8 99.8 80.5 80.5 80.5 80.5 80.5 80.5 80.5 80.5 80.5 80.5 80.5 80.5 80.5 80.5 80.5 80.5 80.5 80.5 80.5 80.5 80.5 80.5 80.5 80.5 80.5 80.5 80.5 80.5 80.5 80.5 80.5 80.5 80.5 80.5 80.5 80.5 80.5 80.5 80.5 80.5 80.5 80.5 80.5 80.5 80.5 80.5 80.5 80.5 80.5 80.5 80.5 80.5 80.5 80.5 80.5 80.5 80.5 80.5 80.5 80.5 69.9 69.9 69.9 69.9 69.9 69.9 69.9 69.9 69.9 69.9 69.9 69.9 69.9 69.9 69.9 69.9 69.9 69.9 69.9 69.9 69.9 69.9 69.9 69.9 69.9 69.9 69.9 69.9 69.9 
99.8 99.8 99.8 99.8 99.8 99.8 99.8 99.8 99.8 99.8 99.8 80.5 80.5 80.5 80.5 80.5 80.5 80.5 80.5 80.5 80.5 80.5 80.5 80.5 80.5 80.5 80.5 80.5 80.5 80.5 80.5 80.5 80.5 80.5 80.5 80.5 80.5 80.5 80.5 80.5 80.5 80.5 80.5 80.5 80.5 80.5 80.5 80.5 80.5 80.5 80.5 80.5 80.5 80.5 80.5 80.5 80.5 80.5 80.5 80.5 80.5 80.5 80.5 80.5 80.5 80.5 80.5 80.5 80.5 80.5 80.5 69.9 69.9 69.9 69.9 69.9 69.9 69.9 69.9 69.9 69.9 69.9 69.9 69.9 69.9 69.9 69.9 69.9 69.9 69.9 69.9 69.9 69.9 69.9 69.9 69.9 69.9 69.9 69.9 69.9 
99.8 99.8 99.8 99.8 99.8 99.8 99.8 99.8 99.8 99.8 99.8 80.5 80.5 80.5 80.5 80.5 80.5 80.5 80.5 80.5 80.5 80.5 80.5 80.5 80.5 80.5 80.5 80.5 80.5 80.5 80.5 80.5 80.5 80.5 80.5 80.5 80.5 80.5 80.5 80.5 80.5 80.5 80.5 80.5 80.5 80.5 80.5 80.5 80.5 80.5 80.5 80.5 80.5 80.5 80.5 80.5 80.5 80.5 80.5 80.5 80.5 80.5 80.5 80.5 80.5 80.5 80.5 80.5 80.5 80.5 80.5 69.9 69.9 69.9 69.9 69.9 69.9 69.9 69.9 69.9 69.9 69.9 69.9 69.9 69.9 69.9 69.9 69.9 69.9 69.9 69.9 69.9 69.9 69.9 69.9 69.9 69.9 69.9 69.9 69.9 
99.8 99.8 99.8 99.8 99.8 99.8 99.8 99.8 99.8 99.8 99.8 80.5 80.5 80.5 80.5 80.5 80.5 80.5 80.5 80.5 80.5 80.5 80.5 80.5 80.5 80.5 80.5 80.5 80.5 80.5 80.5 80.5 80.5 80.5 80.5 80.5 80.5 80.5 80.5 80.5 80.5 80.5 80.5 80.5 80.5 80.5 80.5 80.5 80.5 80.5 80.5 80.5 80.5 80.5 80.5 80.5 80.5 80.5 80.5 80.5 80.5 80.5 80.5 80.5 80.5 80.5 80.5 80.5 80.5 80.5 80.5 69.9 69.9 69.9 69.9 69.9 69.9 69.9 69.9 69.9 69.9 69.9 69.9 69.9 69.9 69.9 69.9 69.9 69.9 69.9 69.9 69.9 69.9 69.9 69.9 69.9 69.9 69.9 69.9 69.9 
99.8 99.8 99.8 99.8 99.8 99.8 99.8 99.8 99.8 99.8 99.8 80.5 80.5 80.5 80.5 80.5 80.5 80.5 80.5 80.5 80.5 80.5 80.5 80.5 80.5 80.5 80.5 80.5 80.5 80.5 80.5 80.5 80.5 80.5 80.5 80.5 80.5 80.5 80.5 80.5 80.5 80.5 80.5 80.5 80.5 80.5 80.5 80.5 80.5 80.5 80.5 80.5 80.5 80.5 80.5 80.5 80.5 80.5 80.5 80.5 80.5 80.5 80.5 80.5 80.5 80.5 80.5 80.5 80.5 80.5 80.5 69.9 69.9 69.9 69.9 69.9 69.9 69.9 69.9 69.9 69.9 69.9 69.9 69.9 69.9 69.9 69.9 69.9 69.9 69.9 69.9 69.9 69.9 69.9 69.9 69.9 69.9 69.9 69.9 69.9 
99.8 99.8 99.8 99.8 99.8 99.8 99.8 99.8 99.8 99.8 99.8 80.5 80.5 80.5 80.5 80.5 80.5 80.5 80.5 80.5 80.5 80.5 80.5 80.5 80.5 80.5 80.5 80.5 80.5 80.5 80.5 80.5 80.5 80.5 80.5 80.5 80.5 80.5 80.5 80.5 80.5 80.5 80.5 80.5 80.5 80.5 80.5 80.5 80.5 80.5 80.5 80.5 80.5 80.5 80.5 80.5 80.5 80.5 80.5 80.5 80.5 80.5 80.5 80.5 80.5 80.5 80.5 80.5 80.5 80.5 80.5 69.9 69.9 69.9 69.9 69.9 69.9 69.9 69.9 69.9 69.9 69.9 69.9 69.9 69.9 69.9 69.9 69.9 69.9 69.9 69.9 69.9 69.9 69.9 69.9 69.9 69.9 69.9 69.9 69.9 
99.8 99.8 99.8 99.8 99.8 99.8 99.8 99.8 99.8 99.8 99.8 80.5 80.5 80.5 80.5 80.5 80.5 80.5 80.5 80.5 80.5 80.5 80.5 80.5 80.5 80.5 80.5 80.5 80.5 80.5 80.5 80.5 80.5 80.5 80.5 80.5 80.5 80.5 80.5 80.5 80.5 80.5 80.5 80.5 80.5 80.5 80.5 80.5 80.5 80.5 80.5 80.5 80.5 80.5 80.5 80.5 80.5 80.5 80.5 80.5 80.5 80.5 80.5 80.5 80.5 80.5 80.5 80.5 80.5 80.5 80.5 69.9 69.9 69.9 69.9 69.9 69.9 69.9 69.9 69.9 69.9 69.9 69.9 69.9 69.9 69.9 69.9 69.9 69.9 69.9 69.9 69.9 69.9 69.9 69.9 69.9 69.9 69.9 69.9 69.9 
100.7 100.7 100.7 100.7 100.7 100.7 100.7 100.7 100.7 100.7 100.7 89.4 89.4 89.4 89.4 89.4 89.4 89.4 89.4 89.4 89.4 89.4 89.4 89.4 89.4 89.4 89.4 89.4 89.4 89.4 89.4 89.4 89.4 89.4 89.4 89.4 89.4 89.4 89.4 89.4 89.4 89.4 89.4 89.4 89.4 89.4 89.4 89.4 89.4 89.4 89.4 89.4 89.4 89.4 89.4 89.4 89.4 89.4 89.4 89.4 89.4 89.4 89.4 89.4 89.4 89.4 89.4 89.4 89.4 89.4 89.4 76.2 76.2 76.2 76.2 76.2 76.2 76.2 76.2 76.2 76.2 76.2 76.2 76.2 76.2 76.2 76.2 76.2 76.2 76.2 76.2 76.2 76.2 76.2 76.2 76.2 76.2 76.2 76.2 76.2 
100.7 100.7 100.7 100.7 100.7 100.7 100.7 100.7 100.7 100.7 100.7 89.4 89.4 89.4 89.4 89.4 89.4 89.4 89.4 89.4 89.4 89.4 89.4 89.4 89.4 89.4 89.4 89.4 89.4 89.4 89.4 89.4 89.4 89.4 89.4 89.4 89.4 89.4 89.4 89.4 89.4 89.4 89.4 89.4 89.4 89.4 89.4 89.4 89.4 89.4 89.4 89.4 89.4 89.4 89.4 89.4 89.4 89.4 89.4 89.4 89.4 89.4 89.4 89.4 89.4 89.4 89.4 89.4 89.4 89.4 89.4 76.2 76.2 76.2 76.2 76.2 76.2 76.2 76.2 76.2 76.2 76.2 76.2 76.2 76.2 76.2 76.2 76.2 76.2 76.2 76.2 76.2 76.2 76.2 76.2 76.2 76.2 76.2 76.2 76.2 
100.7 100.7 100.7 100.7 100.7 100.7 100.7 100.7 100.7 100.7 100.7 89.4 89.4 89.4 89.4 89.4 89.4 89.4 89.4 89.4 89.4 89.4 89.4 89.4 89.4 89.4 89.4 89.4 89.4 89.4 89.4 89.4 89.4 89.4 89.4 89.4 89.4 89.4 89.4 89.4 89.4 89.4 89.4 89.4 89.4 89.4 89.4 89.4 89.4 89.4 89.4 89.4 89.4 89.4 89.4 89.4 89.4 89.4 89.4 89.4 89.4 89.4 89.4 89.4 89.4 89.4 89.4 89.4 89.4 89.4 89.4 76.2 76.2 76.2 76.2 76.2 76.2 76.2 76.2 76.2 76.2 76.2 76.2 76.2 76.2 76.2 76.2 76.2 76.2 76.2 76.2 76.2 76.2 76.2 76.2 76.2 76.2 76.2 76.2 76.2 
100.7 100.7 100.7 100.7 100.7 100.7 100.7 100.7 100.7 100.7 100.7 89.4 89.4 89.4 89.4 89.4 89.4 89.4 89.4 89.4 89.4 89.4 89.4 89.4 89.4 89.4 89.4 89.4 89.4 89.4 89.4 89.4 89.4 89.4 89.4 89.4 89.4 89.4 89.4 89.4 89.4 89.4 89.4 89.4 89.4 89.4 89.4 89.4 89.4 89.4 89.4 89.4 89.4 89.4 89.4 89.4 89.4 89.4 89.4 89.4 89.4 89.4 89.4 89.4 89.4 89.4 89.4 89.4 89.4 89.4 89.4 76.2 76.2 76.2 76.2 76.2 76.2 76.2 76.2 76.2 76.2 76.2 76.2 76.2 76.2 76.2 76.2 76.2 76.2 76.2 76.2 76.2 76.2 76.2 76.2 76.2 76.2 76.2 76.2 76.2 
100.7 100.7 100.7 100.7 100.7 100.7 100.7 100.7 100.7 100.7 100.7 89.4 89.4 89.4 89.4 89.4 89.4 89.4 89.4 89.4 89.4 89.4 89.4 89.4 89.4 89.4 89.4 89.4 89.4 89.4 89.4 89.4 89.4 89.4 89.4 89.4 89.4 89.4 89.4 89.4 89.4 89.4 89.4 89.4 89.4 89.4 89.4 89.4 89.4 89.4 89.4 89.4 89.4 89.4 89.4 89.4 89.4 89.4 89.4 89.4 89.4 89.4 89.4 89.4 89.4 89.4 89.4 89.4 89.4 89.4 89.4 76.2 76.2 76.2 76.2 76.2 76.2 76.2 76.2 76.2 76.2 76.2 76.2 76.2 76.2 76.2 76.2 76.2 76.2 76.2 76.2 76.2 76.2 76.2 76.2 76.2 76.2 76.2 76.2 76.2 
100.7 100.7 100.7 100.7 100.7 100.7 100.7 100.7 100.7 100.7 100.7 89.4 89.4 89.4 89.4 89.4 89.4 89.4 89.4 89.4 89.4 89.4 89.4 89.4 89.4 89.4 89.4 89.4 89.4 89.4 89.4 89.4 89.4 89.4 89.4 89.4 89.4 89.4 89.4 89.4 89.4 89.4 89.4 89.4 89.4 89.4 89.4 89.4 89.4 89.4 89.4 89.4 89.4 89.4 89.4 89.4 89.4 89.4 89.4 89.4 89.4 89.4 89.4 89.4 89.4 89.4 89.4 89.4 89.4 89.4 89.4 76.2 76.2 76.2 76.2 76.2 76.2 76.2 76.2 76.2 76.2 76.2 76.2 76.2 76.2 76.2 76.2 76.2 76.2 76.2 76.2 76.2 76.2 76.2 76.2 76.2 76.2 76.2 76.2 76.2 
100.7 100.7 100.7 100.7 100.7 100.7 100.7 100.7 100.7 100.7 100.7 89.4 89.4 89.4 89.4 89.4 89.4 89.4 89.4 89.4 89.4 89.4 89.4 89.4 89.4 89.4 89.4 89.4 89.4 89.4 89.4 89.4 89.4 89.4 89.4 89.4 89.4 89.4 89.4 89.4 89.4 89.4 89.4 89.4 89.4 89.4 89.4 89.4 89.4 89.4 89.4 89.4 89.4 89.4 89.4 89.4 89.4 89.4 89.4 89.4 89.4 89.4 89.4 89.4 89.4 89.4 89.4 89.4 89.4 89.4 89.4 76.2 76.2 76.2 76.2 76.2 76.2 76.2 76.2 76.2 76.2 76.2 76.2 76.2 76.2 76.2 76.2 76.2 76.2 76.2 76.2 76.2 76.2 76.2 76.2 76.2 76.2 76.2 76.2 76.2 
100.7 100.7 100.7 100.7 100.7 100.7 100.7 100.7 100.7 100.7 100.7 89.4 89.4 89.4 89.4 89.4 89.4 89.4 89.4 89.4 89.4 89.4 89.4 89.4 89.4 89.4 89.4 89.4 89.4 89.4 89.4 89.4 89.4 89.4 89.4 89.4 89.4 89.4 89.4 89.4 89.4 89.4 89.4 89.4 89.4 89.4 89.4 89.4 89.4 89.4 89.4 89.4 89.4 89.4 89.4 89.4 89.4 89.4 89.4 89.4 89.4 89.4 89.4 89.4 89.4 89.4 89.4 89.4 89.4 89.4 89.4 76.2 76.2 76.2 76.2 76.2 76.2 76.2 76.2 76.2 76.2 76.2 76.2 76.2 76.2 76.2 76.2 76.2 76.2 76.2 76.2 76.2 76.2 76.2 76.2 76.2 76.2 76.2 76.2 76.2 
100.7 100.7 100.7 100.7 100.7 100.7 100.7 100.7 100.7 100.7 100.7 89.4 89.4 89.4 89.4 89.4 89.4 89.4 89.4 89.4 89.4 89.4 89.4 89.4 89.4 89.4 89.4 89.4 89.4 89.4 89.4 89.4 89.4 89.4 89.4 89.4 89.4 89.4 89.4 89.4 89.4 89.4 89.4 89.4 89.4 89.4 89.4 89.4 89.4 89.4 89.4 89.4 89.4 89.4 89.4 89.4 89.4 89.4 89.4 89.4 89.4 89.4 89.4 89.4 89.4 89.4 89.4 89.4 89.4 89.4 89.4 76.2 76.2 76.2 76.2 76.2 76.2 76.2 76.2 76.2 76.2 76.2 76.2 76.2 76.2 76.2 76.2 76.2 76.2 76.2 76.2 76.2 76.2 76.2 76.2 76.2 76.2 76.2 76.2 76.2 
100.7 100.7 100.7 100.7 100.7 100.7 100.7 100.7 100.7 100.7 100.7 89.4 89.4 89.4 89.4 89.4 89.4 89.4 89.4 89.4 89.4 89.4 89.4 89.4 89.4 89.4 89.4 89.4 89.4 89.4 89.4 89.4 89.4 89.4 89.4 89.4 89.4 89.4 89.4 89.4 89.4 89.4 89.4 89.4 89.4 89.4 89.4 89.4 89.4 89.4 89.4 89.4 89.4 89.4 89.4 89.4 89.4 89.4 89.4 89.4 89.4 89.4 89.4 89.4 89.4 89.4 89.4 89.4 89.4 89.4 89.4 76.2 76.2 76.2 76.2 76.2 76.2 76.2 76.2 76.2 76.2 76.2 76.2 76.2 76.2 76.2 76.2 76.2 76.2 76.2 76.2 76.2 76.2 76.2 76.2 76.2 76.2 76.2 76.2 76.2 
100.7 100.7 100.7 100.7 100.7 100.7 100.7 100.7 100.7 100.7 100.7 89.4 89.4 89.4 89.4 89.4 89.4 89.4 89.4 89.4 89.4 89.4 89.4 89.4 89.4 89.4 89.4 89.4 89.4 89.4 89.4 89.4 89.4 89.4 89.4 89.4 89.4 89.4 89.4 89.4 89.4 89.4 89.4 89.4 89.4 89.4 89.4 89.4 89.4 89.4 89.4 89.4 89.4 89.4 89.4 89.4 89.4 89.4 89.4 89.4 89.4 89.4 89.4 89.4 89.4 89.4 89.4 89.4 89.4 89.4 89.4 76.2 76.2 76.2 76.2 76.2 76.2 76.2 76.2 76.2 76.2 76.2 76.2 76.2 76.2 76.2 76.2 76.2 76.2 76.2 76.2 76.2 76.2 76.2 76.2 76.2 76.2 76.2 76.2 76.2 
100.7 100.7 100.7 100.7 100.7 100.7 100.7 100.7 100.7 100.7 100.7 89.4 89.4 89.4 89.4 89.4 89.4 89.4 89.4 89.4 89.4 89.4 89.4 89.4 89.4 89.4 89.4 89.4 89.4 89.4 89.4 89.4 89.4 89.4 89.4 89.4 89.4 89.4 89.4 89.4 89.4 89.4 89.4 89.4 89.4 89.4 89.4 89.4 89.4 89.4 89.4 89.4 89.4 89.4 89.4 89.4 89.4 89.4 89.4 89.4 89.4 89.4 89.4 89.4 89.4 89.4 89.4 89.4 89.4 89.4 89.4 76.2 76.2 76.2 76.2 76.2 76.2 76.2 76.2 76.2 76.2 76.2 76.2 76.2 76.2 76.2 76.2 76.2 76.2 76.2 76.2 76.2 76.2 76.2 76.2 76.2 76.2 76.2 76.2 76.2 
100.7 100.7 100.7 100.7 100.7 100.7 100.7 100.7 100.7 100.7 100.7 89.4 89.4 89.4 89.4 89.4 89.4 89.4 89.4 89.4 89.4 89.4 89.4 89.4 89.4 89.4 89.4 89.4 89.4 89.4 89.4 89.4 89.4 89.4 89.4 89.4 89.4 89.4 89.4 89.4 89.4 89.4 89.4 89.4 89.4 89.4 89.4 89.4 89.4 89.4 89.4 89.4 89.4 89.4 89.4 89.4 89.4 89.4 89.4 89.4 89.4 89.4 89.4 89.4 89.4 89.4 89.4 89.4 89.4 89.4 89.4 76.2 76.2 76.2 76.2 76.2 76.2 76.2 76.2 76.2 76.2 76.2 76.2 76.2 76.2 76.2 76.2 76.2 76.2 76.2 76.2 76.2 76.2 76.2 76.2 76.2 76.2 76.2 76.2 76.2 
100.7 100.7 100.7 100.7 100.7 100.7 100.7 100.7 100.7 100.7 100.7 89.4 89.4 89.4 89.4 89.4 89.4 89.4 89.4 89.4 89.4 89.4 89.4 89.4 89.4 89.4 89.4 89.4 89.4 89.4 89.4 89.4 89.4 89.4 89.4 89.4 89.4 89.4 89.4 89.4 89.4 89.4 89.4 89.4 89.4 89.4 89.4 89.4 89.4 89.4 89.4 89.4 89.4 89.4 89.4 89.4 89.4 89.4 89.4 89.4 89.4 89.4 89.4 89.4 89.4 89.4 89.4 89.4 89.4 89.4 89.4 76.2 76.2 76.2 76.2 76.2 76.2 76.2 76.2 76.2 76.2 76.2 76.2 76.2 76.2 76.2 76.2 76.2 76.2 76.2 76.2 76.2 76.2 76.2 76.2 76.2 76.2 76.2 76.2 76.2 
100.7 100.7 100.7 100.7 100.7 100.7 100.7 100.7 100.7 100.7 100.7 89.4 89.4 89.4 89.4 89.4 89.4 89.4 89.4 89.4 89.4 89.4 89.4 89.4 89.4 89.4 89.4 89.4 89.4 89.4 89.4 89.4 89.4 89.4 89.4 89.4 89.4 89.4 89.4 89.4 89.4 89.4 89.4 89.4 89.4 89.4 89.4 89.4 89.4 89.4 89.4 89.4 89.4 89.4 89.4 89.4 89.4 89.4 89.4 89.4 89.4 89.4 89.4 89.4 89.4 89.4 89.4 89.4 89.4 89.4 89.4 76.2 76.2 76.2 76.2 76.2 76.2 76.2 76.2 76.2 76.2 76.2 76.2 76.2 76.2 76.2 76.2 76.2 76.2 76.2 76.2 76.2 76.2 76.2 76.2 76.2 76.2 76.2 76.2 76.2 
100.7 100.7 100.7 100.7 100.7 100.7 100.7 100.7 100.7 100.7 100.7 89.4 89.4 89.4 89.4 89.4 89.4 89.4 89.4 89.4 89.4 89.4 89.4 89.4 89.4 89.4 89.4 89.4 89.4 89.4 89.4 89.4 89.4 89.4 89.4 89.4 89.4 89.4 89.4 89.4 89.4 89.4 89.4 89.4 89.4 89.4 89.4 89.4 89.4 89.4 89.4 89.4 89.4 89.4 89.4 89.4 89.4 89.4 89.4 89.4 89.4 89.4 89.4 89.4 89.4 89.4 89.4 89.4 89.4 89.4 89.4 76.2 76.2 76.2 76.2 76.2 76.2 76.2 76.2 76.2 76.2 76.2 76.2 76.2 76.2 76.2 76.2 76.2 76.2 76.2 76.2 76.2 76.2 76.2 76.2 76.2 76.2 76.2 76.2 76.2 
100.7 100.7 100.7 100.7 100.7 100.7 100.7 100.7 100.7 100.7 100.7 89.4 89.4 89.4 89.4 89.4 89.4 89.4 89.4 89.4 89.4 89.4 89.4 89.4 89.4 89.4 89.4 89.4 89.4 89.4 89.4 89.4 89.4 89.4 89.4 89.4 89.4 89.4 89.4 89.4 89.4 89.4 89.4 89.4 89.4 89.4 89.4 89.4 89.4 89.4 89.4 89.4 89.4 89.4 89.4 89.4 89.4 89.4 89.4 89.4 89.4 89.4 89.4 89.4 89.4 89.4 89.4 89.4 89.4 89.4 89.4 76.2 76.2 76.2 76.2 76.2 76.2 76.2 76.2 76.2 76.2 76.2 76.2 76.2 76.2 76.2 76.2 76.2 76.2 76.2 76.2 76.2 76.2 76.2 76.2 76.2 76.2 76.2 76.2 76.2 
100.7 100.7 100.7 100.7 100.7 100.7 100.7 100.7 100.7 100.7 100.7 89.4 89.4 89.4 89.4 89.4 89.4 89.4 89.4 89.4 89.4 89.4 89.4 89.4 89.4 89.4 89.4 89.4 89.4 89.4 89.4 89.4 89.4 89.4 89.4 89.4 89.4 89.4 89.4 89.4 89.4 89.4 89.4 89.4 89.4 89.4 89.4 89.4 89.4 89.4 89.4 89.4 89.4 89.4 89.4 89.4 89.4 89.4 89.4 89.4 89.4 89.4 89.4 89.4 89.4 89.4 89.4 89.4 89.4 89.4 89.4 76.2 76.2 76.2 76.2 76.2 76.2 76.2 76.2 76.2 76.2 76.2 76.2 76.2 76.2 76.2 76.2 76.2 76.2 76.2 76.2 76.2 76.2 76.2 76.2 76.2 76.2 76.2 76.2 76.2 
100.7 100.7 100.7 100.7 100.7 100.7 100.7 100.7 100.7 100.7 100.7 89.4 89.4 89.4 89.4 89.4 89.4 89.4 89.4 89.4 89.4 89.4 89.4 89.4 89.4 89.4 89.4 89.4 89.4 89.4 89.4 89.4 89.4 89.4 89.4 89.4 89.4 89.4 89.4 89.4 89.4 89.4 89.4 89.4 89.4 89.4 89.4 89.4 89.4 89.4 89.4 89.4 89.4 89.4 89.4 89.4 89.4 89.4 89.4 89.4 89.4 89.4 89.4 89.4 89.4 89.4 89.4 89.4 89.4 89.4 89.4 76.2 76.2 76.2 76.2 76.2 76.2 76.2 76.2 76.2 76.2 76.2 76.2 76.2 76.2 76.2 76.2 76.2 76.2 76.2 76.2 76.2 76.2 76.2 76.2 76.2 76.2 76.2 76.2 76.2 
100.7 100.7 100.7 100.7 100.7 100.7 100.7 100.7 100.7 100.7 100.7 89.4 89.4 89.4 89.4 89.4 89.4 89.4 89.4 89.4 89.4 89.4 89.4 89.4 89.4 89.4 89.4 89.4 89.4 89.4 89.4 89.4 89.4 89.4 89.4 89.4 89.4 89.4 89.4 89.4 89.4 89.4 89.4 89.4 89.4 89.4 89.4 89.4 89.4 89.4 89.4 89.4 89.4 89.4 89.4 89.4 89.4 89.4 89.4 89.4 89.4 89.4 89.4 89.4 89.4 89.4 89.4 89.4 89.4 89.4 89.4 76.2 76.2 76.2 76.2 76.2 76.2 76.2 76.2 76.2 76.2 76.2 76.2 76.2 76.2 76.2 76.2 76.2 76.2 76.2 76.2 76.2 76.2 76.2 76.2 76.2 76.2 76.2 76.2 76.2 
100.7 100.7 100.7 100.7 100.7 100.7 100.7 100.7 100.7 100.7 100.7 89.4 89.4 89.4 89.4 89.4 89.4 89.4 89.4 89.4 89.4 89.4 89.4 89.4 89.4 89.4 89.4 89.4 89.4 89.4 89.4 89.4 89.4 89.4 89.4 89.4 89.4 89.4 89.4 89.4 89.4 89.4 89.4 89.4 89.4 89.4 89.4 89.4 89.4 89.4 89.4 89.4 89.4 89.4 89.4 89.4 89.4 89.4 89.4 89.4 89.4 89.4 89.4 89.4 89.4 89.4 89.4 89.4 89.4 89.4 89.4 76.2 76.2 76.2 76.2 76.2 76.2 76.2 76.2 76.2 76.2 76.2 76.2 76.2 76.2 76.2 76.2 76.2 76.2 76.2 76.2 76.2 76.2 76.2 76.2 76.2 76.2 76.2 76.2 76.2 
100.7 100.7 100.7 100.7 100.7 100.7 100.7 100.7 100.7 100.7 100.7 89.4 89.4 89.4 89.4 89.4 89.4 89.4 89.4 89.4 89.4 89.4 89.4 89.4 89.4 89.4 89.4 89.4 89.4 89.4 89.4 89.4 89.4 89.4 89.4 89.4 89.4 89.4 89.4 89.4 89.4 89.4 89.4 89.4 89.4 89.4 89.4 89.4 89.4 89.4 89.4 89.4 89.4 89.4 89.4 89.4 89.4 89.4 89.4 89.4 89.4 89.4 89.4 89.4 89.4 89.4 89.4 89.4 89.4 89.4 89.4 76.2 76.2 76.2 76.2 76.2 76.2 76.2 76.2 76.2 76.2 76.2 76.2 76.2 76.2 76.2 76.2 76.2 76.2 76.2 76.2 76.2 76.2 76.2 76.2 76.2 76.2 76.2 76.2 76.2 
100.7 100.7 100.7 100.7 100.7 100.7 100.7 100.7 100.7 100.7 100.7 89.4 89.4 89.4 89.4 89.4 89.4 89.4 89.4 89.4 89.4 89.4 89.4 89.4 89.4 89.4 89.4 89.4 89.4 89.4 89.4 89.4 89.4 89.4 89.4 89.4 89.4 89.4 89.4 89.4 89.4 89.4 89.4 89.4 89.4 89.4 89.4 89.4 89.4 89.4 89.4 89.4 89.4 89.4 89.4 89.4 89.4 89.4 89.4 89.4 89.4 89.4 89.4 89.4 89.4 89.4 89.4 89.4 89.4 89.4 89.4 76.2 76.2 76.2 76.2 76.2 76.2 76.2 76.2 76.2 76.2 76.2 76.2 76.2 76.2 76.2 76.2 76.2 76.2 76.2 76.2 76.2 76.2 76.2 76.2 76.2 76.2 76.2 76.2 76.2 
100.7 100.7 100.7 100.7 100.7 100.7 100.7 100.7 100.7 100.7 100.7 89.4 89.4 89.4 89.4 89.4 89.4 89.4 89.4 89.4 89.4 89.4 89.4 89.4 89.4 89.4 89.4 89.4 89.4 89.4 89.4 89.4 89.4 89.4 89.4 89.4 89.4 89.4 89.4 89.4 89.4 89.4 89.4 89.4 89.4 89.4 89.4 89.4 89.4 89.4 89.4 89.4 89.4 89.4 89.4 89.4 89.4 89.4 89.4 89.4 89.4 89.4 89.4 89.4 89.4 89.4 89.4 89.4 89.4 89.4 89.4 76.2 76.2 76.2 76.2 76.2 76.2 76.2 76.2 76.2 76.2 76.2 76.2 76.2 76.2 76.2 76.2 76.2 76.2 76.2 76.2 76.2 76.2 76.2 76.2 76.2 76.2 76.2 76.2 76.2 
100.7 100.7 100.7 100.7 100.7 100.7 100.7 100.7 100.7 100.7 100.7 89.4 89.4 89.4 89.4 89.4 89.4 89.4 89.4 89.4 89.4 89.4 89.4 89.4 89.4 89.4 89.4 89.4 89.4 89.4 89.4 89.4 89.4 89.4 89.4 89.4 89.4 89.4 89.4 89.4 89.4 89.4 89.4 89.4 89.4 89.4 89.4 89.4 89.4 89.4 89.4 89.4 89.4 89.4 89.4 89.4 89.4 89.4 89.4 89.4 89.4 89.4 89.4 89.4 89.4 89.4 89.4 89.4 89.4 89.4 89.4 76.2 76.2 76.2 76.2 76.2 76.2 76.2 76.2 76.2 76.2 76.2 76.2 76.2 76.2 76.2 76.2 76.2 76.2 76.2 76.2 76.2 76.2 76.2 76.2 76.2 76.2 76.2 76.2 76.2 
100.7 100.7 100.7 100.7 100.7 100.7 100.7 100.7 100.7 100.7 100.7 89.4 89.4 89.4 89.4 89.4 89.4 89.4 89.4 89.4 89.4 89.4 89.4 89.4 89.4 89.4 89.4 89.4 89.4 89.4 89.4 89.4 89.4 89.4 89.4 89.4 89.4 89.4 89.4 89.4 89.4 89.4 89.4 89.4 89.4 89.4 89.4 89.4 89.4 89.4 89.4 89.4 89.4 89.4 89.4 89.4 89.4 89.4 89.4 89.4 89.4 89.4 89.4 89.4 89.4 89.4 89.4 89.4 89.4 89.4 89.4 76.2 76.2 76.2 76.2 76.2 76.2 76.2 76.2 76.2 76.2 76.2 76.2 76.2 76.2 76.2 76.2 76.2 76.2 76.2 76.2 76.2 76.2 76.2 76.2 76.2 76.2 76.2 76.2 76.2 
100.7 100.7 100.7 100.7 100.7 100.7 100.7 100.7 100.7 100.7 100.7 89.4 89.4 89.4 89.4 89.4 89.4 89.4 89.4 89.4 89.4 89.4 89.4 89.4 89.4 89.4 89.4 89.4 89.4 89.4 89.4 89.4 89.4 89.4 89.4 89.4 89.4 89.4 89.4 89.4 89.4 89.4 89.4 89.4 89.4 89.4 89.4 89.4 89.4 89.4 89.4 89.4 89.4 89.4 89.4 89.4 89.4 89.4 89.4 89.4 89.4 89.4 89.4 89.4 89.4 89.4 89.4 89.4 89.4 89.4 89.4 76.2 76.2 76.2 76.2 76.2 76.2 76.2 76.2 76.2 76.2 76.2 76.2 76.2 76.2 76.2 76.2 76.2 76.2 76.2 76.2 76.2 76.2 76.2 76.2 76.2 76.2 76.2 76.2 76.2 
100.7 100.7 100.7 100.7 100.7 100.7 100.7 100.7 100.7 100.7 100.7 89.4 89.4 89.4 89.4 89.4 89.4 89.4 89.4 89.4 89.4 89.4 89.4 89.4 89.4 89.4 89.4 89.4 89.4 89.4 89.4 89.4 89.4 89.4 89.4 89.4 89.4 89.4 89.4 89.4 89.4 89.4 89.4 89.4 89.4 89.4 89.4 89.4 89.4 89.4 89.4 89.4 89.4 89.4 89.4 89.4 89.4 89.4 89.4 89.4 89.4 89.4 89.4 89.4 89.4 89.4 89.4 89.4 89.4 89.4 89.4 76.2 76.2 76.2 76.2 76.2 76.2 76.2 76.2 76.2 76.2 76.2 76.2 76.2 76.2 76.2 76.2 76.2 76.2 76.2 76.2 76.2 76.2 76.2 76.2 76.2 76.2 76.2 76.2 76.2 
100.7 100.7 100.7 100.7 100.7 100.7 100.7 100.7 100.7 100.7 100.7 89.4 89.4 89.4 89.4 89.4 89.4 89.4 89.4 89.4 89.4 89.4 89.4 89.4 89.4 89.4 89.4 89.4 89.4 89.4 89.4 89.4 89.4 89.4 89.4 89.4 89.4 89.4 89.4 89.4 89.4 89.4 89.4 89.4 89.4 89.4 89.4 89.4 89.4 89.4 89.4 89.4 89.4 89.4 89.4 89.4 89.4 89.4 89.4 89.4 89.4 89.4 89.4 89.4 89.4 89.4 89.4 89.4 89.4 89.4 89.4 76.2 76.2 76.2 76.2 76.2 76.2 76.2 76.2 76.2 76.2 76.2 76.2 76.2 76.2 76.2 76.2 76.2 76.2 76.2 76.2 76.2 76.2 76.2 76.2 76.2 76.2 76.2 76.2 76.2 
100.7 100.7 100.7 100.7 100.7 100.7 100.7 100.7 100.7 100.7 100.7 89.4 89.4 89.4 89.4 89.4 89.4 89.4 89.4 89.4 89.4 89.4 89.4 89.4 89.4 89.4 89.4 89.4 89.4 89.4 89.4 89.4 89.4 89.4 89.4 89.4 89.4 89.4 89.4 89.4 89.4 89.4 89.4 89.4 89.4 89.4 89.4 89.4 89.4 89.4 89.4 89.4 89.4 89.4 89.4 89.4 89.4 89.4 89.4 89.4 89.4 89.4 89.4 89.4 89.4 89.4 89.4 89.4 89.4 89.4 89.4 76.2 76.2 76.2 76.2 76.2 76.2 76.2 76.2 76.2 76.2 76.2 76.2 76.2 76.2 76.2 76.2 76.2 76.2 76.2 76.2 76.2 76.2 76.2 76.2 76.2 76.2 76.2 76.2 76.2 
100.7 100.7 100.7 100.7 100.7 100.7 100.7 100.7 100.7 100.7 100.7 89.4 89.4 89.4 89.4 89.4 89.4 89.4 89.4 89.4 89.4 89.4 89.4 89.4 89.4 89.4 89.4 89.4 89.4 89.4 89.4 89.4 89.4 89.4 89.4 89.4 89.4 89.4 89.4 89.4 89.4 89.4 89.4 89.4 89.4 89.4 89.4 89.4 89.4 89.4 89.4 89.4 89.4 89.4 89.4 89.4 89.4 89.4 89.4 89.4 89.4 89.4 89.4 89.4 89.4 89.4 89.4 89.4 89.4 89.4 89.4 76.2 76.2 76.2 76.2 76.2 76.2 76.2 76.2 76.2 76.2 76.2 76.2 76.2 76.2 76.2 76.2 76.2 76.2 76.2 76.2 76.2 76.2 76.2 76.2 76.2 76.2 76.2 76.2 76.2 
100.7 100.7 100.7 100.7 100.7 100.7 100.7 100.7 100.7 100.7 100.7 89.4 89.4 89.4 89.4 89.4 89.4 89.4 89.4 89.4 89.4 89.4 89.4 89.4 89.4 89.4 89.4 89.4 89.4 89.4 89.4 89.4 89.4 89.4 89.4 89.4 89.4 89.4 89.4 89.4 89.4 89.4 89.4 89.4 89.4 89.4 89.4 89.4 89.4 89.4 89.4 89.4 89.4 89.4 89.4 89.4 89.4 89.4 89.4 89.4 89.4 89.4 89.4 89.4 89.4 89.4 89.4 89.4 89.4 89.4 89.4 76.2 76.2 76.2 76.2 76.2 76.2 76.2 76.2 76.2 76.2 76.2 76.2 76.2 76.2 76.2 76.2 76.2 76.2 76.2 76.2 76.2 76.2 76.2 76.2 76.2 76.2 76.2 76.2 76.2 
100.7 100.7 100.7 100.7 100.7 100.7 100.7 100.7 100.7 100.7 100.7 89.4 89.4 89.4 89.4 89.4 89.4 89.4 89.4 89.4 89.4 89.4 89.4 89.4 89.4 89.4 89.4 89.4 89.4 89.4 89.4 89.4 89.4 89.4 89.4 89.4 89.4 89.4 89.4 89.4 89.4 89.4 89.4 89.4 89.4 89.4 89.4 89.4 89.4 89.4 89.4 89.4 89.4 89.4 89.4 89.4 89.4 89.4 89.4 89.4 89.4 89.4 89.4 89.4 89.4 89.4 89.4 89.4 89.4 89.4 89.4 76.2 76.2 76.2 76.2 76.2 76.2 76.2 76.2 76.2 76.2 76.2 76.2 76.2 76.2 76.2 76.2 76.2 76.2 76.2 76.2 76.2 76.2 76.2 76.2 76.2 76.2 76.2 76.2 76.2 
100.7 100.7 100.7 100.7 100.7 100.7 100.7 100.7 100.7 100.7 100.7 89.4 89.4 89.4 89.4 89.4 89.4 89.4 89.4 89.4 89.4 89.4 89.4 89.4 89.4 89.4 89.4 89.4 89.4 89.4 89.4 89.4 89.4 89.4 89.4 89.4 89.4 89.4 89.4 89.4 89.4 89.4 89.4 89.4 89.4 89.4 89.4 89.4 89.4 89.4 89.4 89.4 89.4 89.4 89.4 89.4 89.4 89.4 89.4 89.4 89.4 89.4 89.4 89.4 89.4 89.4 89.4 89.4 89.4 89.4 89.4 76.2 76.2 76.2 76.2 76.2 76.2 76.2 76.2 76.2 76.2 76.2 76.2 76.2 76.2 76.2 76.2 76.2 76.2 76.2 76.2 76.2 76.2 76.2 76.2 76.2 76.2 76.2 76.2 76.2 
100.7 100.7 100.7 100.7 100.7 100.7 100.7 100.7 100.7 100.7 100.7 89.4 89.4 89.4 89.4 89.4 89.4 89.4 89.4 89.4 89.4 89.4 89.4 89.4 89.4 89.4 89.4 89.4 89.4 89.4 89.4 89.4 89.4 89.4 89.4 89.4 89.4 89.4 89.4 89.4 89.4 89.4 89.4 89.4 89.4 89.4 89.4 89.4 89.4 89.4 89.4 89.4 89.4 89.4 89.4 89.4 89.4 89.4 89.4 89.4 89.4 89.4 89.4 89.4 89.4 89.4 89.4 89.4 89.4 89.4 89.4 76.2 76.2 76.2 76.2 76.2 76.2 76.2 76.2 76.2 76.2 76.2 76.2 76.2 76.2 76.2 76.2 76.2 76.2 76.2 76.2 76.2 76.2 76.2 76.2 76.2 76.2 76.2 76.2 76.2 
100.7 100.7 100.7 100.7 100.7 100.7 100.7 100.7 100.7 100.7 100.7 89.4 89.4 89.4 89.4 89.4 89.4 89.4 89.4 89.4 89.4 89.4 89.4 89.4 89.4 89.4 89.4 89.4 89.4 89.4 89.4 89.4 89.4 89.4 89.4 89.4 89.4 89.4 89.4 89.4 89.4 89.4 89.4 89.4 89.4 89.4 89.4 89.4 89.4 89.4 89.4 89.4 89.4 89.4 89.4 89.4 89.4 89.4 89.4 89.4 89.4 89.4 89.4 89.4 89.4 89.4 89.4 89.4 89.4 89.4 89.4 76.2 76.2 76.2 76.2 76.2 76.2 76.2 76.2 76.2 76.2 76.2 76.2 76.2 76.2 76.2 76.2 76.2 76.2 76.2 76.2 76.2 76.2 76.2 76.2 76.2 76.2 76.2 76.2 76.2 
100.7 100.7 100.7 100.7 100.7 100.7 100.7 100.7 100.7 100.7 100.7 89.4 89.4 89.4 89.4 89.4 89.4 89.4 89.4 89.4 89.4 89.4 89.4 89.4 89.4 89.4 89.4 89.4 89.4 89.4 89.4 89.4 89.4 89.4 89.4 89.4 89.4 89.4 89.4 89.4 89.4 89.4 89.4 89.4 89.4 89.4 89.4 89.4 89.4 89.4 89.4 89.4 89.4 89.4 89.4 89.4 89.4 89.4 89.4 89.4 89.4 89.4 89.4 89.4 89.4 89.4 89.4 89.4 89.4 89.4 89.4 76.2 76.2 76.2 76.2 76.2 76.2 76.2 76.2 76.2 76.2 76.2 76.2 76.2 76.2 76.2 76.2 76.2 76.2 76.2 76.2 76.2 76.2 76.2 76.2 76.2 76.2 76.2 76.2 76.2 
100.7 100.7 100.7 100.7 100.7 100.7 100.7 100.7 100.7 100.7 100.7 89.4 89.4 89.4 89.4 89.4 89.4 89.4 89.4 89.4 89.4 89.4 89.4 89.4 89.4 89.4 89.4 89.4 89.4 89.4 89.4 89.4 89.4 89.4 89.4 89.4 89.4 89.4 89.4 89.4 89.4 89.4 89.4 89.4 89.4 89.4 89.4 89.4 89.4 89.4 89.4 89.4 89.4 89.4 89.4 89.4 89.4 89.4 89.4 89.4 89.4 89.4 89.4 89.4 89.4 89.4 89.4 89.4 89.4 89.4 89.4 76.2 76.2 76.2 76.2 76.2 76.2 76.2 76.2 76.2 76.2 76.2 76.2 76.2 76.2 76.2 76.2 76.2 76.2 76.2 76.2 76.2 76.2 76.2 76.2 76.2 76.2 76.2 76.2 76.2 
100.7 100.7 100.7 100.7 100.7 100.7 100.7 100.7 100.7 100.7 100.7 89.4 89.4 89.4 89.4 89.4 89.4 89.4 89.4 89.4 89.4 89.4 89.4 89.4 89.4 89.4 89.4 89.4 89.4 89.4 89.4 89.4 89.4 89.4 89.4 89.4 89.4 89.4 89.4 89.4 89.4 89.4 89.4 89.4 89.4 89.4 89.4 89.4 89.4 89.4 89.4 89.4 89.4 89.4 89.4 89.4 89.4 89.4 89.4 89.4 89.4 89.4 89.4 89.4 89.4 89.4 89.4 89.4 89.4 89.4 89.4 76.2 76.2 76.2 76.2 76.2 76.2 76.2 76.2 76.2 76.2 76.2 76.2 76.2 76.2 76.2 76.2 76.2 76.2 76.2 76.2 76.2 76.2 76.2 76.2 76.2 76.2 76.2 76.2 76.2 
100.7 100.7 100.7 100.7 100.7 100.7 100.7 100.7 100.7 100.7 100.7 89.4 89.4 89.4 89.4 89.4 89.4 89.4 89.4 89.4 89.4 89.4 89.4 89.4 89.4 89.4 89.4 89.4 89.4 89.4 89.4 89.4 89.4 89.4 89.4 89.4 89.4 89.4 89.4 89.4 89.4 89.4 89.4 89.4 89.4 89.4 89.4 89.4 89.4 89.4 89.4 89.4 89.4 89.4 89.4 89.4 89.4 89.4 89.4 89.4 89.4 89.4 89.4 89.4 89.4 89.4 89.4 89.4 89.4 89.4 89.4 76.2 76.2 76.2 76.2 76.2 76.2 76.2 76.2 76.2 76.2 76.2 76.2 76.2 76.2 76.2 76.2 76.2 76.2 76.2 76.2 76.2 76.2 76.2 76.2 76.2 76.2 76.2 76.2 76.2 
100.7 100.7 100.7 100.7 100.7 100.7 100.7 100.7 100.7 100.7 100.7 89.4 89.4 89.4 89.4 89.4 89.4 89.4 89.4 89.4 89.4 89.4 89.4 89.4 89.4 89.4 89.4 89.4 89.4 89.4 89.4 89.4 89.4 89.4 89.4 89.4 89.4 89.4 89.4 89.4 89.4 89.4 89.4 89.4 89.4 89.4 89.4 89.4 89.4 89.4 89.4 89.4 89.4 89.4 89.4 89.4 89.4 89.4 89.4 89.4 89.4 89.4 89.4 89.4 89.4 89.4 89.4 89.4 89.4 89.4 89.4 76.2 76.2 76.2 76.2 76.2 76.2 76.2 76.2 76.2 76.2 76.2 76.2 76.2 76.2 76.2 76.2 76.2 76.2 76.2 76.2 76.2 76.2 76.2 76.2 76.2 76.2 76.2 76.2 76.2 
100.7 100.7 100.7 100.7 100.7 100.7 100.7 100.7 100.7 100.7 100.7 89.4 89.4 89.4 89.4 89.4 89.4 89.4 89.4 89.4 89.4 89.4 89.4 89.4 89.4 89.4 89.4 89.4 89.4 89.4 89.4 89.4 89.4 89.4 89.4 89.4 89.4 89.4 89.4 89.4 89.4 89.4 89.4 89.4 89.4 89.4 89.4 89.4 89.4 89.4 89.4 89.4 89.4 89.4 89.4 89.4 89.4 89.4 89.4 89.4 89.4 89.4 89.4 89.4 89.4 89.4 89.4 89.4 89.4 89.4 89.4 76.2 76.2 76.2 76.2 76.2 76.2 76.2 76.2 76.2 76.2 76.2 76.2 76.2 76.2 76.2 76.2 76.2 76.2 76.2 76.2 76.2 76.2 76.2 76.2 76.2 76.2 76.2 76.2 76.2 
100.7 100.7 100.7 100.7 100.7 100.7 100.7 100.7 100.7 100.7 100.7 89.4 89.4 89.4 89.4 89.4 89.4 89.4 89.4 89.4 89.4 89.4 89.4 89.4 89.4 89.4 89.4 89.4 89.4 89.4 89.4 89.4 89.4 89.4 89.4 89.4 89.4 89.4 89.4 89.4 89.4 89.4 89.4 89.4 89.4 89.4 89.4 89.4 89.4 89.4 89.4 89.4 89.4 89.4 89.4 89.4 89.4 89.4 89.4 89.4 89.4 89.4 89.4 89.4 89.4 89.4 89.4 89.4 89.4 89.4 89.4 76.2 76.2 76.2 76.2 76.2 76.2 76.2 76.2 76.2 76.2 76.2 76.2 76.2 76.2 76.2 76.2 76.2 76.2 76.2 76.2 76.2 76.2 76.2 76.2 76.2 76.2 76.2 76.2 76.2 
100.7 100.7 100.7 100.7 100.7 100.7 100.7 100.7 100.7 100.7 100.7 89.4 89.4 89.4 89.4 89.4 89.4 89.4 89.4 89.4 89.4 89.4 89.4 89.4 89.4 89.4 89.4 89.4 89.4 89.4 89.4 89.4 89.4 89.4 89.4 89.4 89.4 89.4 89.4 89.4 89.4 89.4 89.4 89.4 89.4 89.4 89.4 89.4 89.4 89.4 89.4 89.4 89.4 89.4 89.4 89.4 89.4 89.4 89.4 89.4 89.4 89.4 89.4 89.4 89.4 89.4 89.4 89.4 89.4 89.4 89.4 76.2 76.2 76.2 76.2 76.2 76.2 76.2 76.2 76.2 76.2 76.2 76.2 76.2 76.2 76.2 76.2 76.2 76.2 76.2 76.2 76.2 76.2 76.2 76.2 76.2 76.2 76.2 76.2 76.2 
100.7 100.7 100.7 100.7 100.7 100.7 100.7 100.7 100.7 100.7 100.7 89.4 89.4 89.4 89.4 89.4 89.4 89.4 89.4 89.4 89.4 89.4 89.4 89.4 89.4 89.4 89.4 89.4 89.4 89.4 89.4 89.4 89.4 89.4 89.4 89.4 89.4 89.4 89.4 89.4 89.4 89.4 89.4 89.4 89.4 89.4 89.4 89.4 89.4 89.4 89.4 89.4 89.4 89.4 89.4 89.4 89.4 89.4 89.4 89.4 89.4 89.4 89.4 89.4 89.4 89.4 89.4 89.4 89.4 89.4 89.4 76.2 76.2 76.2 76.2 76.2 76.2 76.2 76.2 76.2 76.2 76.2 76.2 76.2 76.2 76.2 76.2 76.2 76.2 76.2 76.2 76.2 76.2 76.2 76.2 76.2 76.2 76.2 76.2 76.2 
100.7 100.7 100.7 100.7 100.7 100.7 100.7 100.7 100.7 100.7 100.7 89.4 89.4 89.4 89.4 89.4 89.4 89.4 89.4 89.4 89.4 89.4 89.4 89.4 89.4 89.4 89.4 89.4 89.4 89.4 89.4 89.4 89.4 89.4 89.4 89.4 89.4 89.4 89.4 89.4 89.4 89.4 89.4 89.4 89.4 89.4 89.4 89.4 89.4 89.4 89.4 89.4 89.4 89.4 89.4 89.4 89.4 89.4 89.4 89.4 89.4 89.4 89.4 89.4 89.4 89.4 89.4 89.4 89.4 89.4 89.4 76.2 76.2 76.2 76.2 76.2 76.2 76.2 76.2 76.2 76.2 76.2 76.2 76.2 76.2 76.2 76.2 76.2 76.2 76.2 76.2 76.2 76.2 76.2 76.2 76.2 76.2 76.2 76.2 76.2 
100.7 100.7 100.7 100.7 100.7 100.7 100.7 100.7 100.7 100.7 100.7 89.4 89.4 89.4 89.4 89.4 89.4 89.4 89.4 89.4 89.4 89.4 89.4 89.4 89.4 89.4 89.4 89.4 89.4 89.4 89.4 89.4 89.4 89.4 89.4 89.4 89.4 89.4 89.4 89.4 89.4 89.4 89.4 89.4 89.4 89.4 89.4 89.4 89.4 89.4 89.4 89.4 89.4 89.4 89.4 89.4 89.4 89.4 89.4 89.4 89.4 89.4 89.4 89.4 89.4 89.4 89.4 89.4 89.4 89.4 89.4 76.2 76.2 76.2 76.2 76.2 76.2 76.2 76.2 76.2 76.2 76.2 76.2 76.2 76.2 76.2 76.2 76.2 76.2 76.2 76.2 76.2 76.2 76.2 76.2 76.2 76.2 76.2 76.2 76.2 
100.7 100.7 100.7 100.7 100.7 100.7 100.7 100.7 100.7 100.7 100.7 89.4 89.4 89.4 89.4 89.4 89.4 89.4 89.4 89.4 89.4 89.4 89.4 89.4 89.4 89.4 89.4 89.4 89.4 89.4 89.4 89.4 89.4 89.4 89.4 89.4 89.4 89.4 89.4 89.4 89.4 89.4 89.4 89.4 89.4 89.4 89.4 89.4 89.4 89.4 89.4 89.4 89.4 89.4 89.4 89.4 89.4 89.4 89.4 89.4 89.4 89.4 89.4 89.4 89.4 89.4 89.4 89.4 89.4 89.4 89.4 76.2 76.2 76.2 76.2 76.2 76.2 76.2 76.2 76.2 76.2 76.2 76.2 76.2 76.2 76.2 76.2 76.2 76.2 76.2 76.2 76.2 76.2 76.2 76.2 76.2 76.2 76.2 76.2 76.2 
100.7 100.7 100.7 100.7 100.7 100.7 100.7 100.7 100.7 100.7 100.7 89.4 89.4 89.4 89.4 89.4 89.4 89.4 89.4 89.4 89.4 89.4 89.4 89.4 89.4 89.4 89.4 89.4 89.4 89.4 89.4 89.4 89.4 89.4 89.4 89.4 89.4 89.4 89.4 89.4 89.4 89.4 89.4 89.4 89.4 89.4 89.4 89.4 89.4 89.4 89.4 89.4 89.4 89.4 89.4 89.4 89.4 89.4 89.4 89.4 89.4 89.4 89.4 89.4 89.4 89.4 89.4 89.4 89.4 89.4 89.4 76.2 76.2 76.2 76.2 76.2 76.2 76.2 76.2 76.2 76.2 76.2 76.2 76.2 76.2 76.2 76.2 76.2 76.2 76.2 76.2 76.2 76.2 76.2 76.2 76.2 76.2 76.2 76.2 76.2 
100.7 100.7 100.7 100.7 100.7 100.7 100.7 100.7 100.7 100.7 100.7 89.4 89.4 89.4 89.4 89.4 89.4 89.4 89.4 89.4 89.4 89.4 89.4 89.4 89.4 89.4 89.4 89.4 89.4 89.4 89.4 89.4 89.4 89.4 89.4 89.4 89.4 89.4 89.4 89.4 89.4 89.4 89.4 89.4 89.4 89.4 89.4 89.4 89.4 89.4 89.4 89.4 89.4 89.4 89.4 89.4 89.4 89.4 89.4 89.4 89.4 89.4 89.4 89.4 89.4 89.4 89.4 89.4 89.4 89.4 89.4 76.2 76.2 76.2 76.2 76.2 76.2 76.2 76.2 76.2 76.2 76.2 76.2 76.2 76.2 76.2 76.2 76.2 76.2 76.2 76.2 76.2 76.2 76.2 76.2 76.2 76.2 76.2 76.2 76.2 
100.7 100.7 100.7 100.7 100.7 100.7 100.7 100.7 100.7 100.7 100.7 89.4 89.4 89.4 89.4 89.4 89.4 89.4 89.4 89.4 89.4 89.4 89.4 89.4 89.4 89.4 89.4 89.4 89.4 89.4 89.4 89.4 89.4 89.4 89.4 89.4 89.4 89.4 89.4 89.4 89.4 89.4 89.4 89.4 89.4 89.4 89.4 89.4 89.4 89.4 89.4 89.4 89.4 89.4 89.4 89.4 89.4 89.4 89.4 89.4 89.4 89.4 89.4 89.4 89.4 89.4 89.4 89.4 89.4 89.4 89.4 76.2 76.2 76.2 76.2 76.2 76.2 76.2 76.2 76.2 76.2 76.2 76.2 76.2 76.2 76.2 76.2 76.2 76.2 76.2 76.2 76.2 76.2 76.2 76.2 76.2 76.2 76.2 76.2 76.2 
100.7 100.7 100.7 100.7 100.7 100.7 100.7 100.7 100.7 100.7 100.7 89.4 89.4 89.4 89.4 89.4 89.4 89.4 89.4 89.4 89.4 89.4 89.4 89.4 89.4 89.4 89.4 89.4 89.4 89.4 89.4 89.4 89.4 89.4 89.4 89.4 89.4 89.4 89.4 89.4 89.4 89.4 89.4 89.4 89.4 89.4 89.4 89.4 89.4 89.4 89.4 89.4 89.4 89.4 89.4 89.4 89.4 89.4 89.4 89.4 89.4 89.4 89.4 89.4 89.4 89.4 89.4 89.4 89.4 89.4 89.4 76.2 76.2 76.2 76.2 76.2 76.2 76.2 76.2 76.2 76.2 76.2 76.2 76.2 76.2 76.2 76.2 76.2 76.2 76.2 76.2 76.2 76.2 76.2 76.2 76.2 76.2 76.2 76.2 76.2 
100.7 100.7 100.7 100.7 100.7 100.7 100.7 100.7 100.7 100.7 100.7 89.4 89.4 89.4 89.4 89.4 89.4 89.4 89.4 89.4 89.4 89.4 89.4 89.4 89.4 89.4 89.4 89.4 89.4 89.4 89.4 89.4 89.4 89.4 89.4 89.4 89.4 89.4 89.4 89.4 89.4 89.4 89.4 89.4 89.4 89.4 89.4 89.4 89.4 89.4 89.4 89.4 89.4 89.4 89.4 89.4 89.4 89.4 89.4 89.4 89.4 89.4 89.4 89.4 89.4 89.4 89.4 89.4 89.4 89.4 89.4 76.2 76.2 76.2 76.2 76.2 76.2 76.2 76.2 76.2 76.2 76.2 76.2 76.2 76.2 76.2 76.2 76.2 76.2 76.2 76.2 76.2 76.2 76.2 76.2 76.2 76.2 76.2 76.2 76.2 
100.7 100.7 100.7 100.7 100.7 100.7 100.7 100.7 100.7 100.7 100.7 89.4 89.4 89.4 89.4 89.4 89.4 89.4 89.4 89.4 89.4 89.4 89.4 89.4 89.4 89.4 89.4 89.4 89.4 89.4 89.4 89.4 89.4 89.4 89.4 89.4 89.4 89.4 89.4 89.4 89.4 89.4 89.4 89.4 89.4 89.4 89.4 89.4 89.4 89.4 89.4 89.4 89.4 89.4 89.4 89.4 89.4 89.4 89.4 89.4 89.4 89.4 89.4 89.4 89.4 89.4 89.4 89.4 89.4 89.4 89.4 76.2 76.2 76.2 76.2 76.2 76.2 76.2 76.2 76.2 76.2 76.2 76.2 76.2 76.2 76.2 76.2 76.2 76.2 76.2 76.2 76.2 76.2 76.2 76.2 76.2 76.2 76.2 76.2 76.2 
100.7 100.7 100.7 100.7 100.7 100.7 100.7 100.7 100.7 100.7 100.7 89.4 89.4 89.4 89.4 89.4 89.4 89.4 89.4 89.4 89.4 89.4 89.4 89.4 89.4 89.4 89.4 89.4 89.4 89.4 89.4 89.4 89.4 89.4 89.4 89.4 89.4 89.4 89.4 89.4 89.4 89.4 89.4 89.4 89.4 89.4 89.4 89.4 89.4 89.4 89.4 89.4 89.4 89.4 89.4 89.4 89.4 89.4 89.4 89.4 89.4 89.4 89.4 89.4 89.4 89.4 89.4 89.4 89.4 89.4 89.4 76.2 76.2 76.2 76.2 76.2 76.2 76.2 76.2 76.2 76.2 76.2 76.2 76.2 76.2 76.2 76.2 76.2 76.2 76.2 76.2 76.2 76.2 76.2 76.2 76.2 76.2 76.2 76.2 76.2 
100.7 100.7 100.7 100.7 100.7 100.7 100.7 100.7 100.7 100.7 100.7 89.4 89.4 89.4 89.4 89.4 89.4 89.4 89.4 89.4 89.4 89.4 89.4 89.4 89.4 89.4 89.4 89.4 89.4 89.4 89.4 89.4 89.4 89.4 89.4 89.4 89.4 89.4 89.4 89.4 89.4 89.4 89.4 89.4 89.4 89.4 89.4 89.4 89.4 89.4 89.4 89.4 89.4 89.4 89.4 89.4 89.4 89.4 89.4 89.4 89.4 89.4 89.4 89.4 89.4 89.4 89.4 89.4 89.4 89.4 89.4 76.2 76.2 76.2 76.2 76.2 76.2 76.2 76.2 76.2 76.2 76.2 76.2 76.2 76.2 76.2 76.2 76.2 76.2 76.2 76.2 76.2 76.2 76.2 76.2 76.2 76.2 76.2 76.2 76.2 
100.7 100.7 100.7 100.7 100.7 100.7 100.7 100.7 100.7 100.7 100.7 89.4 89.4 89.4 89.4 89.4 89.4 89.4 89.4 89.4 89.4 89.4 89.4 89.4 89.4 89.4 89.4 89.4 89.4 89.4 89.4 89.4 89.4 89.4 89.4 89.4 89.4 89.4 89.4 89.4 89.4 89.4 89.4 89.4 89.4 89.4 89.4 89.4 89.4 89.4 89.4 89.4 89.4 89.4 89.4 89.4 89.4 89.4 89.4 89.4 89.4 89.4 89.4 89.4 89.4 89.4 89.4 89.4 89.4 89.4 89.4 76.2 76.2 76.2 76.2 76.2 76.2 76.2 76.2 76.2 76.2 76.2 76.2 76.2 76.2 76.2 76.2 76.2 76.2 76.2 76.2 76.2 76.2 76.2 76.2 76.2 76.2 76.2 76.2 76.2 
100.7 100.7 100.7 100.7 100.7 100.7 100.7 100.7 100.7 100.7 100.7 89.4 89.4 89.4 89.4 89.4 89.4 89.4 89.4 89.4 89.4 89.4 89.4 89.4 89.4 89.4 89.4 89.4 89.4 89.4 89.4 89.4 89.4 89.4 89.4 89.4 89.4 89.4 89.4 89.4 89.4 89.4 89.4 89.4 89.4 89.4 89.4 89.4 89.4 89.4 89.4 89.4 89.4 89.4 89.4 89.4 89.4 89.4 89.4 89.4 89.4 89.4 89.4 89.4 89.4 89.4 89.4 89.4 89.4 89.4 89.4 76.2 76.2 76.2 76.2 76.2 76.2 76.2 76.2 76.2 76.2 76.2 76.2 76.2 76.2 76.2 76.2 76.2 76.2 76.2 76.2 76.2 76.2 76.2 76.2 76.2 76.2 76.2 76.2 76.2 
100.7 100.7 100.7 100.7 100.7 100.7 100.7 100.7 100.7 100.7 100.7 89.4 89.4 89.4 89.4 89.4 89.4 89.4 89.4 89.4 89.4 89.4 89.4 89.4 89.4 89.4 89.4 89.4 89.4 89.4 89.4 89.4 89.4 89.4 89.4 89.4 89.4 89.4 89.4 89.4 89.4 89.4 89.4 89.4 89.4 89.4 89.4 89.4 89.4 89.4 89.4 89.4 89.4 89.4 89.4 89.4 89.4 89.4 89.4 89.4 89.4 89.4 89.4 89.4 89.4 89.4 89.4 89.4 89.4 89.4 89.4 76.2 76.2 76.2 76.2 76.2 76.2 76.2 76.2 76.2 76.2 76.2 76.2 76.2 76.2 76.2 76.2 76.2 76.2 76.2 76.2 76.2 76.2 76.2 76.2 76.2 76.2 76.2 76.2 76.2 
100.7 100.7 100.7 100.7 100.7 100.7 100.7 100.7 100.7 100.7 100.7 89.4 89.4 89.4 89.4 89.4 89.4 89.4 89.4 89.4 89.4 89.4 89.4 89.4 89.4 89.4 89.4 89.4 89.4 89.4 89.4 89.4 89.4 89.4 89.4 89.4 89.4 89.4 89.4 89.4 89.4 89.4 89.4 89.4 89.4 89.4 89.4 89.4 89.4 89.4 89.4 89.4 89.4 89.4 89.4 89.4 89.4 89.4 89.4 89.4 89.4 89.4 89.4 89.4 89.4 89.4 89.4 89.4 89.4 89.4 89.4 76.2 76.2 76.2 76.2 76.2 76.2 76.2 76.2 76.2 76.2 76.2 76.2 76.2 76.2 76.2 76.2 76.2 76.2 76.2 76.2 76.2 76.2 76.2 76.2 76.2 76.2 76.2 76.2 76.2 
123.6 123.6 123.6 123.6 123.6 123.6 123.6 123.6 123.6 123.6 123.6 109 109 109 109 109 109 109 109 109 109 109 109 109 109 109 109 109 109 109 109 109 109 109 109 109 109 109 109 109 109 109 109 109 109 109 109 109 109 109 109 109 109 109 109 109 109 109 109 109 109 109 109 109 109 109 109 109 109 109 109 89.2 89.2 89.2 89.2 89.2 89.2 89.2 89.2 89.2 89.2 89.2 89.2 89.2 89.2 89.2 89.2 89.2 89.2 89.2 89.2 89.2 89.2 89.2 89.2 89.2 89.2 89.2 89.2 89.2 
123.6 123.6 123.6 123.6 123.6 123.6 123.6 123.6 123.6 123.6 123.6 109 109 109 109 109 109 109 109 109 109 109 109 109 109 109 109 109 109 109 109 109 109 109 109 109 109 109 109 109 109 109 109 109 109 109 109 109 109 109 109 109 109 109 109 109 109 109 109 109 109 109 109 109 109 109 109 109 109 109 109 89.2 89.2 89.2 89.2 89.2 89.2 89.2 89.2 89.2 89.2 89.2 89.2 89.2 89.2 89.2 89.2 89.2 89.2 89.2 89.2 89.2 89.2 89.2 89.2 89.2 89.2 89.2 89.2 89.2 
123.6 123.6 123.6 123.6 123.6 123.6 123.6 123.6 123.6 123.6 123.6 109 109 109 109 109 109 109 109 109 109 109 109 109 109 109 109 109 109 109 109 109 109 109 109 109 109 109 109 109 109 109 109 109 109 109 109 109 109 109 109 109 109 109 109 109 109 109 109 109 109 109 109 109 109 109 109 109 109 109 109 89.2 89.2 89.2 89.2 89.2 89.2 89.2 89.2 89.2 89.2 89.2 89.2 89.2 89.2 89.2 89.2 89.2 89.2 89.2 89.2 89.2 89.2 89.2 89.2 89.2 89.2 89.2 89.2 89.2 
123.6 123.6 123.6 123.6 123.6 123.6 123.6 123.6 123.6 123.6 123.6 109 109 109 109 109 109 109 109 109 109 109 109 109 109 109 109 109 109 109 109 109 109 109 109 109 109 109 109 109 109 109 109 109 109 109 109 109 109 109 109 109 109 109 109 109 109 109 109 109 109 109 109 109 109 109 109 109 109 109 109 89.2 89.2 89.2 89.2 89.2 89.2 89.2 89.2 89.2 89.2 89.2 89.2 89.2 89.2 89.2 89.2 89.2 89.2 89.2 89.2 89.2 89.2 89.2 89.2 89.2 89.2 89.2 89.2 89.2 
123.6 123.6 123.6 123.6 123.6 123.6 123.6 123.6 123.6 123.6 123.6 109 109 109 109 109 109 109 109 109 109 109 109 109 109 109 109 109 109 109 109 109 109 109 109 109 109 109 109 109 109 109 109 109 109 109 109 109 109 109 109 109 109 109 109 109 109 109 109 109 109 109 109 109 109 109 109 109 109 109 109 89.2 89.2 89.2 89.2 89.2 89.2 89.2 89.2 89.2 89.2 89.2 89.2 89.2 89.2 89.2 89.2 89.2 89.2 89.2 89.2 89.2 89.2 89.2 89.2 89.2 89.2 89.2 89.2 89.2 
123.6 123.6 123.6 123.6 123.6 123.6 123.6 123.6 123.6 123.6 123.6 109 109 109 109 109 109 109 109 109 109 109 109 109 109 109 109 109 109 109 109 109 109 109 109 109 109 109 109 109 109 109 109 109 109 109 109 109 109 109 109 109 109 109 109 109 109 109 109 109 109 109 109 109 109 109 109 109 109 109 109 89.2 89.2 89.2 89.2 89.2 89.2 89.2 89.2 89.2 89.2 89.2 89.2 89.2 89.2 89.2 89.2 89.2 89.2 89.2 89.2 89.2 89.2 89.2 89.2 89.2 89.2 89.2 89.2 89.2 
123.6 123.6 123.6 123.6 123.6 123.6 123.6 123.6 123.6 123.6 123.6 109 109 109 109 109 109 109 109 109 109 109 109 109 109 109 109 109 109 109 109 109 109 109 109 109 109 109 109 109 109 109 109 109 109 109 109 109 109 109 109 109 109 109 109 109 109 109 109 109 109 109 109 109 109 109 109 109 109 109 109 89.2 89.2 89.2 89.2 89.2 89.2 89.2 89.2 89.2 89.2 89.2 89.2 89.2 89.2 89.2 89.2 89.2 89.2 89.2 89.2 89.2 89.2 89.2 89.2 89.2 89.2 89.2 89.2 89.2 
123.6 123.6 123.6 123.6 123.6 123.6 123.6 123.6 123.6 123.6 123.6 109 109 109 109 109 109 109 109 109 109 109 109 109 109 109 109 109 109 109 109 109 109 109 109 109 109 109 109 109 109 109 109 109 109 109 109 109 109 109 109 109 109 109 109 109 109 109 109 109 109 109 109 109 109 109 109 109 109 109 109 89.2 89.2 89.2 89.2 89.2 89.2 89.2 89.2 89.2 89.2 89.2 89.2 89.2 89.2 89.2 89.2 89.2 89.2 89.2 89.2 89.2 89.2 89.2 89.2 89.2 89.2 89.2 89.2 89.2 
123.6 123.6 123.6 123.6 123.6 123.6 123.6 123.6 123.6 123.6 123.6 109 109 109 109 109 109 109 109 109 109 109 109 109 109 109 109 109 109 109 109 109 109 109 109 109 109 109 109 109 109 109 109 109 109 109 109 109 109 109 109 109 109 109 109 109 109 109 109 109 109 109 109 109 109 109 109 109 109 109 109 89.2 89.2 89.2 89.2 89.2 89.2 89.2 89.2 89.2 89.2 89.2 89.2 89.2 89.2 89.2 89.2 89.2 89.2 89.2 89.2 89.2 89.2 89.2 89.2 89.2 89.2 89.2 89.2 89.2 
123.6 123.6 123.6 123.6 123.6 123.6 123.6 123.6 123.6 123.6 123.6 109 109 109 109 109 109 109 109 109 109 109 109 109 109 109 109 109 109 109 109 109 109 109 109 109 109 109 109 109 109 109 109 109 109 109 109 109 109 109 109 109 109 109 109 109 109 109 109 109 109 109 109 109 109 109 109 109 109 109 109 89.2 89.2 89.2 89.2 89.2 89.2 89.2 89.2 89.2 89.2 89.2 89.2 89.2 89.2 89.2 89.2 89.2 89.2 89.2 89.2 89.2 89.2 89.2 89.2 89.2 89.2 89.2 89.2 89.2 
123.6 123.6 123.6 123.6 123.6 123.6 123.6 123.6 123.6 123.6 123.6 109 109 109 109 109 109 109 109 109 109 109 109 109 109 109 109 109 109 109 109 109 109 109 109 109 109 109 109 109 109 109 109 109 109 109 109 109 109 109 109 109 109 109 109 109 109 109 109 109 109 109 109 109 109 109 109 109 109 109 109 89.2 89.2 89.2 89.2 89.2 89.2 89.2 89.2 89.2 89.2 89.2 89.2 89.2 89.2 89.2 89.2 89.2 89.2 89.2 89.2 89.2 89.2 89.2 89.2 89.2 89.2 89.2 89.2 89.2 
123.6 123.6 123.6 123.6 123.6 123.6 123.6 123.6 123.6 123.6 123.6 109 109 109 109 109 109 109 109 109 109 109 109 109 109 109 109 109 109 109 109 109 109 109 109 109 109 109 109 109 109 109 109 109 109 109 109 109 109 109 109 109 109 109 109 109 109 109 109 109 109 109 109 109 109 109 109 109 109 109 109 89.2 89.2 89.2 89.2 89.2 89.2 89.2 89.2 89.2 89.2 89.2 89.2 89.2 89.2 89.2 89.2 89.2 89.2 89.2 89.2 89.2 89.2 89.2 89.2 89.2 89.2 89.2 89.2 89.2 
123.6 123.6 123.6 123.6 123.6 123.6 123.6 123.6 123.6 123.6 123.6 109 109 109 109 109 109 109 109 109 109 109 109 109 109 109 109 109 109 109 109 109 109 109 109 109 109 109 109 109 109 109 109 109 109 109 109 109 109 109 109 109 109 109 109 109 109 109 109 109 109 109 109 109 109 109 109 109 109 109 109 89.2 89.2 89.2 89.2 89.2 89.2 89.2 89.2 89.2 89.2 89.2 89.2 89.2 89.2 89.2 89.2 89.2 89.2 89.2 89.2 89.2 89.2 89.2 89.2 89.2 89.2 89.2 89.2 89.2 
123.6 123.6 123.6 123.6 123.6 123.6 123.6 123.6 123.6 123.6 123.6 109 109 109 109 109 109 109 109 109 109 109 109 109 109 109 109 109 109 109 109 109 109 109 109 109 109 109 109 109 109 109 109 109 109 109 109 109 109 109 109 109 109 109 109 109 109 109 109 109 109 109 109 109 109 109 109 109 109 109 109 89.2 89.2 89.2 89.2 89.2 89.2 89.2 89.2 89.2 89.2 89.2 89.2 89.2 89.2 89.2 89.2 89.2 89.2 89.2 89.2 89.2 89.2 89.2 89.2 89.2 89.2 89.2 89.2 89.2 
123.6 123.6 123.6 123.6 123.6 123.6 123.6 123.6 123.6 123.6 123.6 109 109 109 109 109 109 109 109 109 109 109 109 109 109 109 109 109 109 109 109 109 109 109 109 109 109 109 109 109 109 109 109 109 109 109 109 109 109 109 109 109 109 109 109 109 109 109 109 109 109 109 109 109 109 109 109 109 109 109 109 89.2 89.2 89.2 89.2 89.2 89.2 89.2 89.2 89.2 89.2 89.2 89.2 89.2 89.2 89.2 89.2 89.2 89.2 89.2 89.2 89.2 89.2 89.2 89.2 89.2 89.2 89.2 89.2 89.2 
123.6 123.6 123.6 123.6 123.6 123.6 123.6 123.6 123.6 123.6 123.6 109 109 109 109 109 109 109 109 109 109 109 109 109 109 109 109 109 109 109 109 109 109 109 109 109 109 109 109 109 109 109 109 109 109 109 109 109 109 109 109 109 109 109 109 109 109 109 109 109 109 109 109 109 109 109 109 109 109 109 109 89.2 89.2 89.2 89.2 89.2 89.2 89.2 89.2 89.2 89.2 89.2 89.2 89.2 89.2 89.2 89.2 89.2 89.2 89.2 89.2 89.2 89.2 89.2 89.2 89.2 89.2 89.2 89.2 89.2 
123.6 123.6 123.6 123.6 123.6 123.6 123.6 123.6 123.6 123.6 123.6 109 109 109 109 109 109 109 109 109 109 109 109 109 109 109 109 109 109 109 109 109 109 109 109 109 109 109 109 109 109 109 109 109 109 109 109 109 109 109 109 109 109 109 109 109 109 109 109 109 109 109 109 109 109 109 109 109 109 109 109 89.2 89.2 89.2 89.2 89.2 89.2 89.2 89.2 89.2 89.2 89.2 89.2 89.2 89.2 89.2 89.2 89.2 89.2 89.2 89.2 89.2 89.2 89.2 89.2 89.2 89.2 89.2 89.2 89.2 
123.6 123.6 123.6 123.6 123.6 123.6 123.6 123.6 123.6 123.6 123.6 109 109 109 109 109 109 109 109 109 109 109 109 109 109 109 109 109 109 109 109 109 109 109 109 109 109 109 109 109 109 109 109 109 109 109 109 109 109 109 109 109 109 109 109 109 109 109 109 109 109 109 109 109 109 109 109 109 109 109 109 89.2 89.2 89.2 89.2 89.2 89.2 89.2 89.2 89.2 89.2 89.2 89.2 89.2 89.2 89.2 89.2 89.2 89.2 89.2 89.2 89.2 89.2 89.2 89.2 89.2 89.2 89.2 89.2 89.2 
123.6 123.6 123.6 123.6 123.6 123.6 123.6 123.6 123.6 123.6 123.6 109 109 109 109 109 109 109 109 109 109 109 109 109 109 109 109 109 109 109 109 109 109 109 109 109 109 109 109 109 109 109 109 109 109 109 109 109 109 109 109 109 109 109 109 109 109 109 109 109 109 109 109 109 109 109 109 109 109 109 109 89.2 89.2 89.2 89.2 89.2 89.2 89.2 89.2 89.2 89.2 89.2 89.2 89.2 89.2 89.2 89.2 89.2 89.2 89.2 89.2 89.2 89.2 89.2 89.2 89.2 89.2 89.2 89.2 89.2 
123.6 123.6 123.6 123.6 123.6 123.6 123.6 123.6 123.6 123.6 123.6 109 109 109 109 109 109 109 109 109 109 109 109 109 109 109 109 109 109 109 109 109 109 109 109 109 109 109 109 109 109 109 109 109 109 109 109 109 109 109 109 109 109 109 109 109 109 109 109 109 109 109 109 109 109 109 109 109 109 109 109 89.2 89.2 89.2 89.2 89.2 89.2 89.2 89.2 89.2 89.2 89.2 89.2 89.2 89.2 89.2 89.2 89.2 89.2 89.2 89.2 89.2 89.2 89.2 89.2 89.2 89.2 89.2 89.2 89.2 
123.6 123.6 123.6 123.6 123.6 123.6 123.6 123.6 123.6 123.6 123.6 109 109 109 109 109 109 109 109 109 109 109 109 109 109 109 109 109 109 109 109 109 109 109 109 109 109 109 109 109 109 109 109 109 109 109 109 109 109 109 109 109 109 109 109 109 109 109 109 109 109 109 109 109 109 109 109 109 109 109 109 89.2 89.2 89.2 89.2 89.2 89.2 89.2 89.2 89.2 89.2 89.2 89.2 89.2 89.2 89.2 89.2 89.2 89.2 89.2 89.2 89.2 89.2 89.2 89.2 89.2 89.2 89.2 89.2 89.2 
123.6 123.6 123.6 123.6 123.6 123.6 123.6 123.6 123.6 123.6 123.6 109 109 109 109 109 109 109 109 109 109 109 109 109 109 109 109 109 109 109 109 109 109 109 109 109 109 109 109 109 109 109 109 109 109 109 109 109 109 109 109 109 109 109 109 109 109 109 109 109 109 109 109 109 109 109 109 109 109 109 109 89.2 89.2 89.2 89.2 89.2 89.2 89.2 89.2 89.2 89.2 89.2 89.2 89.2 89.2 89.2 89.2 89.2 89.2 89.2 89.2 89.2 89.2 89.2 89.2 89.2 89.2 89.2 89.2 89.2 
123.6 123.6 123.6 123.6 123.6 123.6 123.6 123.6 123.6 123.6 123.6 109 109 109 109 109 109 109 109 109 109 109 109 109 109 109 109 109 109 109 109 109 109 109 109 109 109 109 109 109 109 109 109 109 109 109 109 109 109 109 109 109 109 109 109 109 109 109 109 109 109 109 109 109 109 109 109 109 109 109 109 89.2 89.2 89.2 89.2 89.2 89.2 89.2 89.2 89.2 89.2 89.2 89.2 89.2 89.2 89.2 89.2 89.2 89.2 89.2 89.2 89.2 89.2 89.2 89.2 89.2 89.2 89.2 89.2 89.2 
123.6 123.6 123.6 123.6 123.6 123.6 123.6 123.6 123.6 123.6 123.6 109 109 109 109 109 109 109 109 109 109 109 109 109 109 109 109 109 109 109 109 109 109 109 109 109 109 109 109 109 109 109 109 109 109 109 109 109 109 109 109 109 109 109 109 109 109 109 109 109 109 109 109 109 109 109 109 109 109 109 109 89.2 89.2 89.2 89.2 89.2 89.2 89.2 89.2 89.2 89.2 89.2 89.2 89.2 89.2 89.2 89.2 89.2 89.2 89.2 89.2 89.2 89.2 89.2 89.2 89.2 89.2 89.2 89.2 89.2 
123.6 123.6 123.6 123.6 123.6 123.6 123.6 123.6 123.6 123.6 123.6 109 109 109 109 109 109 109 109 109 109 109 109 109 109 109 109 109 109 109 109 109 109 109 109 109 109 109 109 109 109 109 109 109 109 109 109 109 109 109 109 109 109 109 109 109 109 109 109 109 109 109 109 109 109 109 109 109 109 109 109 89.2 89.2 89.2 89.2 89.2 89.2 89.2 89.2 89.2 89.2 89.2 89.2 89.2 89.2 89.2 89.2 89.2 89.2 89.2 89.2 89.2 89.2 89.2 89.2 89.2 89.2 89.2 89.2 89.2 
123.6 123.6 123.6 123.6 123.6 123.6 123.6 123.6 123.6 123.6 123.6 109 109 109 109 109 109 109 109 109 109 109 109 109 109 109 109 109 109 109 109 109 109 109 109 109 109 109 109 109 109 109 109 109 109 109 109 109 109 109 109 109 109 109 109 109 109 109 109 109 109 109 109 109 109 109 109 109 109 109 109 89.2 89.2 89.2 89.2 89.2 89.2 89.2 89.2 89.2 89.2 89.2 89.2 89.2 89.2 89.2 89.2 89.2 89.2 89.2 89.2 89.2 89.2 89.2 89.2 89.2 89.2 89.2 89.2 89.2 
123.6 123.6 123.6 123.6 123.6 123.6 123.6 123.6 123.6 123.6 123.6 109 109 109 109 109 109 109 109 109 109 109 109 109 109 109 109 109 109 109 109 109 109 109 109 109 109 109 109 109 109 109 109 109 109 109 109 109 109 109 109 109 109 109 109 109 109 109 109 109 109 109 109 109 109 109 109 109 109 109 109 89.2 89.2 89.2 89.2 89.2 89.2 89.2 89.2 89.2 89.2 89.2 89.2 89.2 89.2 89.2 89.2 89.2 89.2 89.2 89.2 89.2 89.2 89.2 89.2 89.2 89.2 89.2 89.2 89.2 
123.6 123.6 123.6 123.6 123.6 123.6 123.6 123.6 123.6 123.6 123.6 109 109 109 109 109 109 109 109 109 109 109 109 109 109 109 109 109 109 109 109 109 109 109 109 109 109 109 109 109 109 109 109 109 109 109 109 109 109 109 109 109 109 109 109 109 109 109 109 109 109 109 109 109 109 109 109 109 109 109 109 89.2 89.2 89.2 89.2 89.2 89.2 89.2 89.2 89.2 89.2 89.2 89.2 89.2 89.2 89.2 89.2 89.2 89.2 89.2 89.2 89.2 89.2 89.2 89.2 89.2 89.2 89.2 89.2 89.2 
123.6 123.6 123.6 123.6 123.6 123.6 123.6 123.6 123.6 123.6 123.6 109 109 109 109 109 109 109 109 109 109 109 109 109 109 109 109 109 109 109 109 109 109 109 109 109 109 109 109 109 109 109 109 109 109 109 109 109 109 109 109 109 109 109 109 109 109 109 109 109 109 109 109 109 109 109 109 109 109 109 109 89.2 89.2 89.2 89.2 89.2 89.2 89.2 89.2 89.2 89.2 89.2 89.2 89.2 89.2 89.2 89.2 89.2 89.2 89.2 89.2 89.2 89.2 89.2 89.2 89.2 89.2 89.2 89.2 89.2 
123.6 123.6 123.6 123.6 123.6 123.6 123.6 123.6 123.6 123.6 123.6 109 109 109 109 109 109 109 109 109 109 109 109 109 109 109 109 109 109 109 109 109 109 109 109 109 109 109 109 109 109 109 109 109 109 109 109 109 109 109 109 109 109 109 109 109 109 109 109 109 109 109 109 109 109 109 109 109 109 109 109 89.2 89.2 89.2 89.2 89.2 89.2 89.2 89.2 89.2 89.2 89.2 89.2 89.2 89.2 89.2 89.2 89.2 89.2 89.2 89.2 89.2 89.2 89.2 89.2 89.2 89.2 89.2 89.2 89.2 
123.6 123.6 123.6 123.6 123.6 123.6 123.6 123.6 123.6 123.6 123.6 109 109 109 109 109 109 109 109 109 109 109 109 109 109 109 109 109 109 109 109 109 109 109 109 109 109 109 109 109 109 109 109 109 109 109 109 109 109 109 109 109 109 109 109 109 109 109 109 109 109 109 109 109 109 109 109 109 109 109 109 89.2 89.2 89.2 89.2 89.2 89.2 89.2 89.2 89.2 89.2 89.2 89.2 89.2 89.2 89.2 89.2 89.2 89.2 89.2 89.2 89.2 89.2 89.2 89.2 89.2 89.2 89.2 89.2 89.2 
