ncols         100
nrows         100
xllcorner     -59982.863281
yllcorner     1851083.022172
cellsize      1000
NODATA_value  -9999
163.4 163.4 163.4 163.4 163.4 163.4 163.4 163.4 163.4 163.4 163.4 154.8 154.8 154.8 154.8 154.8 154.8 154.8 154.8 154.8 154.8 154.8 154.8 154.8 154.8 154.8 154.8 154.8 154.8 154.8 154.8 154.8 154.8 154.8 154.8 154.8 154.8 154.8 154.8 154.8 154.8 154.8 154.8 154.8 154.8 154.8 154.8 154.8 154.8 154.8 154.8 154.8 154.8 154.8 154.8 154.8 154.8 154.8 154.8 154.8 154.8 154.8 154.8 154.8 154.8 154.8 154.8 154.8 154.8 154.8 154.8 146.5 146.5 146.5 146.5 146.5 146.5 146.5 146.5 146.5 146.5 146.5 146.5 146.5 146.5 146.5 146.5 146.5 146.5 146.5 146.5 146.5 146.5 146.5 146.5 146.5 146.5 146.5 146.5 146.5 
163.4 163.4 163.4 163.4 163.4 163.4 163.4 163.4 163.4 163.4 163.4 154.8 154.8 154.8 154.8 154.8 154.8 154.8 154.8 154.8 154.8 154.8 154.8 154.8 154.8 154.8 154.8 154.8 154.8 154.8 154.8 154.8 154.8 154.8 154.8 154.8 154.8 154.8 154.8 154.8 154.8 154.8 154.8 154.8 154.8 154.8 154.8 154.8 154.8 154.8 154.8 154.8 154.8 154.8 154.8 154.8 154.8 154.8 154.8 154.8 154.8 154.8 154.8 154.8 154.8 154.8 154.8 154.8 154.8 154.8 154.8 146.5 146.5 146.5 146.5 146.5 146.5 146.5 146.5 146.5 146.5 146.5 146.5 146.5 146.5 146.5 146.5 146.5 146.5 146.5 146.5 146.5 146.5 146.5 146.5 146.5 146.5 146.5 146.5 146.5 
163.4 163.4 163.4 163.4 163.4 163.4 163.4 163.4 163.4 163.4 163.4 154.8 154.8 154.8 154.8 154.8 154.8 154.8 154.8 154.8 154.8 154.8 154.8 154.8 154.8 154.8 154.8 154.8 154.8 154.8 154.8 154.8 154.8 154.8 154.8 154.8 154.8 154.8 154.8 154.8 154.8 154.8 154.8 154.8 154.8 154.8 154.8 154.8 154.8 154.8 154.8 154.8 154.8 154.8 154.8 154.8 154.8 154.8 154.8 154.8 154.8 154.8 154.8 154.8 154.8 154.8 154.8 154.8 154.8 154.8 154.8 146.5 146.5 146.5 146.5 146.5 146.5 146.5 146.5 146.5 146.5 146.5 146.5 146.5 146.5 146.5 146.5 146.5 146.5 146.5 146.5 146.5 146.5 146.5 146.5 146.5 146.5 146.5 146.5 146.5 
163.4 163.4 163.4 163.4 163.4 163.4 163.4 163.4 163.4 163.4 163.4 154.8 154.8 154.8 154.8 154.8 154.8 154.8 154.8 154.8 154.8 154.8 154.8 154.8 154.8 154.8 154.8 154.8 154.8 154.8 154.8 154.8 154.8 154.8 154.8 154.8 154.8 154.8 154.8 154.8 154.8 154.8 154.8 154.8 154.8 154.8 154.8 154.8 154.8 154.8 154.8 154.8 154.8 154.8 154.8 154.8 154.8 154.8 154.8 154.8 154.8 154.8 154.8 154.8 154.8 154.8 154.8 154.8 154.8 154.8 154.8 146.5 146.5 146.5 146.5 146.5 146.5 146.5 146.5 146.5 146.5 146.5 146.5 146.5 146.5 146.5 146.5 146.5 146.5 146.5 146.5 146.5 146.5 146.5 146.5 146.5 146.5 146.5 146.5 146.5 
163.4 163.4 163.4 163.4 163.4 163.4 163.4 163.4 163.4 163.4 163.4 154.8 154.8 154.8 154.8 154.8 154.8 154.8 154.8 154.8 154.8 154.8 154.8 154.8 154.8 154.8 154.8 154.8 154.8 154.8 154.8 154.8 154.8 154.8 154.8 154.8 154.8 154.8 154.8 154.8 154.8 154.8 154.8 154.8 154.8 154.8 154.8 154.8 154.8 154.8 154.8 154.8 154.8 154.8 154.8 154.8 154.8 154.8 154.8 154.8 154.8 154.8 154.8 154.8 154.8 154.8 154.8 154.8 154.8 154.8 154.8 146.5 146.5 146.5 146.5 146.5 146.5 146.5 146.5 146.5 146.5 146.5 146.5 146.5 146.5 146.5 146.5 146.5 146.5 146.5 146.5 146.5 146.5 146.5 146.5 146.5 146.5 146.5 146.5 146.5 
163.4 163.4 163.4 163.4 163.4 163.4 163.4 163.4 163.4 163.4 163.4 154.8 154.8 154.8 154.8 154.8 154.8 154.8 154.8 154.8 154.8 154.8 154.8 154.8 154.8 154.8 154.8 154.8 154.8 154.8 154.8 154.8 154.8 154.8 154.8 154.8 154.8 154.8 154.8 154.8 154.8 154.8 154.8 154.8 154.8 154.8 154.8 154.8 154.8 154.8 154.8 154.8 154.8 154.8 154.8 154.8 154.8 154.8 154.8 154.8 154.8 154.8 154.8 154.8 154.8 154.8 154.8 154.8 154.8 154.8 154.8 146.5 146.5 146.5 146.5 146.5 146.5 146.5 146.5 146.5 146.5 146.5 146.5 146.5 146.5 146.5 146.5 146.5 146.5 146.5 146.5 146.5 146.5 146.5 146.5 146.5 146.5 146.5 146.5 146.5 
163.4 163.4 163.4 163.4 163.4 163.4 163.4 163.4 163.4 163.4 163.4 154.8 154.8 154.8 154.8 154.8 154.8 154.8 154.8 154.8 154.8 154.8 154.8 154.8 154.8 154.8 154.8 154.8 154.8 154.8 154.8 154.8 154.8 154.8 154.8 154.8 154.8 154.8 154.8 154.8 154.8 154.8 154.8 154.8 154.8 154.8 154.8 154.8 154.8 154.8 154.8 154.8 154.8 154.8 154.8 154.8 154.8 154.8 154.8 154.8 154.8 154.8 154.8 154.8 154.8 154.8 154.8 154.8 154.8 154.8 154.8 146.5 146.5 146.5 146.5 146.5 146.5 146.5 146.5 146.5 146.5 146.5 146.5 146.5 146.5 146.5 146.5 146.5 146.5 146.5 146.5 146.5 146.5 146.5 146.5 146.5 146.5 146.5 146.5 146.5 
163.4 163.4 163.4 163.4 163.4 163.4 163.4 163.4 163.4 163.4 163.4 154.8 154.8 154.8 154.8 154.8 154.8 154.8 154.8 154.8 154.8 154.8 154.8 154.8 154.8 154.8 154.8 154.8 154.8 154.8 154.8 154.8 154.8 154.8 154.8 154.8 154.8 154.8 154.8 154.8 154.8 154.8 154.8 154.8 154.8 154.8 154.8 154.8 154.8 154.8 154.8 154.8 154.8 154.8 154.8 154.8 154.8 154.8 154.8 154.8 154.8 154.8 154.8 154.8 154.8 154.8 154.8 154.8 154.8 154.8 154.8 146.5 146.5 146.5 146.5 146.5 146.5 146.5 146.5 146.5 146.5 146.5 146.5 146.5 146.5 146.5 146.5 146.5 146.5 146.5 146.5 146.5 146.5 146.5 146.5 146.5 146.5 146.5 146.5 146.5 
163.4 163.4 163.4 163.4 163.4 163.4 163.4 163.4 163.4 163.4 163.4 154.8 154.8 154.8 154.8 154.8 154.8 154.8 154.8 154.8 154.8 154.8 154.8 154.8 154.8 154.8 154.8 154.8 154.8 154.8 154.8 154.8 154.8 154.8 154.8 154.8 154.8 154.8 154.8 154.8 154.8 154.8 154.8 154.8 154.8 154.8 154.8 154.8 154.8 154.8 154.8 154.8 154.8 154.8 154.8 154.8 154.8 154.8 154.8 154.8 154.8 154.8 154.8 154.8 154.8 154.8 154.8 154.8 154.8 154.8 154.8 146.5 146.5 146.5 146.5 146.5 146.5 146.5 146.5 146.5 146.5 146.5 146.5 146.5 146.5 146.5 146.5 146.5 146.5 146.5 146.5 146.5 146.5 146.5 146.5 146.5 146.5 146.5 146.5 146.5 
175.4 175.4 175.4 175.4 175.4 175.4 175.4 175.4 175.4 175.4 175.4 175.7 175.7 175.7 175.7 175.7 175.7 175.7 175.7 175.7 175.7 175.7 175.7 175.7 175.7 175.7 175.7 175.7 175.7 175.7 175.7 175.7 175.7 175.7 175.7 175.7 175.7 175.7 175.7 175.7 175.7 175.7 175.7 175.7 175.7 175.7 175.7 175.7 175.7 175.7 175.7 175.7 175.7 175.7 175.7 175.7 175.7 175.7 175.7 175.7 175.7 175.7 175.7 175.7 175.7 175.7 175.7 175.7 175.7 175.7 175.7 165.8 165.8 165.8 165.8 165.8 165.8 165.8 165.8 165.8 165.8 165.8 165.8 165.8 165.8 165.8 165.8 165.8 165.8 165.8 165.8 165.8 165.8 165.8 165.8 165.8 165.8 165.8 165.8 165.8 
175.4 175.4 175.4 175.4 175.4 175.4 175.4 175.4 175.4 175.4 175.4 175.7 175.7 175.7 175.7 175.7 175.7 175.7 175.7 175.7 175.7 175.7 175.7 175.7 175.7 175.7 175.7 175.7 175.7 175.7 175.7 175.7 175.7 175.7 175.7 175.7 175.7 175.7 175.7 175.7 175.7 175.7 175.7 175.7 175.7 175.7 175.7 175.7 175.7 175.7 175.7 175.7 175.7 175.7 175.7 175.7 175.7 175.7 175.7 175.7 175.7 175.7 175.7 175.7 175.7 175.7 175.7 175.7 175.7 175.7 175.7 165.8 165.8 165.8 165.8 165.8 165.8 165.8 165.8 165.8 165.8 165.8 165.8 165.8 165.8 165.8 165.8 165.8 165.8 165.8 165.8 165.8 165.8 165.8 165.8 165.8 165.8 165.8 165.8 165.8 
175.4 175.4 175.4 175.4 175.4 175.4 175.4 175.4 175.4 175.4 175.4 175.7 175.7 175.7 175.7 175.7 175.7 175.7 175.7 175.7 175.7 175.7 175.7 175.7 175.7 175.7 175.7 175.7 175.7 175.7 175.7 175.7 175.7 175.7 175.7 175.7 175.7 175.7 175.7 175.7 175.7 175.7 175.7 175.7 175.7 175.7 175.7 175.7 175.7 175.7 175.7 175.7 175.7 175.7 175.7 175.7 175.7 175.7 175.7 175.7 175.7 175.7 175.7 175.7 175.7 175.7 175.7 175.7 175.7 175.7 175.7 165.8 165.8 165.8 165.8 165.8 165.8 165.8 165.8 165.8 165.8 165.8 165.8 165.8 165.8 165.8 165.8 165.8 165.8 165.8 165.8 165.8 165.8 165.8 165.8 165.8 165.8 165.8 165.8 165.8 
175.4 175.4 175.4 175.4 175.4 175.4 175.4 175.4 175.4 175.4 175.4 175.7 175.7 175.7 175.7 175.7 175.7 175.7 175.7 175.7 175.7 175.7 175.7 175.7 175.7 175.7 175.7 175.7 175.7 175.7 175.7 175.7 175.7 175.7 175.7 175.7 175.7 175.7 175.7 175.7 175.7 175.7 175.7 175.7 175.7 175.7 175.7 175.7 175.7 175.7 175.7 175.7 175.7 175.7 175.7 175.7 175.7 175.7 175.7 175.7 175.7 175.7 175.7 175.7 175.7 175.7 175.7 175.7 175.7 175.7 175.7 165.8 165.8 165.8 165.8 165.8 165.8 165.8 165.8 165.8 165.8 165.8 165.8 165.8 165.8 165.8 165.8 165.8 165.8 165.8 165.8 165.8 165.8 165.8 165.8 165.8 165.8 165.8 165.8 165.8 
175.4 175.4 175.4 175.4 175.4 175.4 175.4 175.4 175.4 175.4 175.4 175.7 175.7 175.7 175.7 175.7 175.7 175.7 175.7 175.7 175.7 175.7 175.7 175.7 175.7 175.7 175.7 175.7 175.7 175.7 175.7 175.7 175.7 175.7 175.7 175.7 175.7 175.7 175.7 175.7 175.7 175.7 175.7 175.7 175.7 175.7 175.7 175.7 175.7 175.7 175.7 175.7 175.7 175.7 175.7 175.7 175.7 175.7 175.7 175.7 175.7 175.7 175.7 175.7 175.7 175.7 175.7 175.7 175.7 175.7 175.7 165.8 165.8 165.8 165.8 165.8 165.8 165.8 165.8 165.8 165.8 165.8 165.8 165.8 165.8 165.8 165.8 165.8 165.8 165.8 165.8 165.8 165.8 165.8 165.8 165.8 165.8 165.8 165.8 165.8 
175.4 175.4 175.4 175.4 175.4 175.4 175.4 175.4 175.4 175.4 175.4 175.7 175.7 175.7 175.7 175.7 175.7 175.7 175.7 175.7 175.7 175.7 175.7 175.7 175.7 175.7 175.7 175.7 175.7 175.7 175.7 175.7 175.7 175.7 175.7 175.7 175.7 175.7 175.7 175.7 175.7 175.7 175.7 175.7 175.7 175.7 175.7 175.7 175.7 175.7 175.7 175.7 175.7 175.7 175.7 175.7 175.7 175.7 175.7 175.7 175.7 175.7 175.7 175.7 175.7 175.7 175.7 175.7 175.7 175.7 175.7 165.8 165.8 165.8 165.8 165.8 165.8 165.8 165.8 165.8 165.8 165.8 165.8 165.8 165.8 165.8 165.8 165.8 165.8 165.8 165.8 165.8 165.8 165.8 165.8 165.8 165.8 165.8 165.8 165.8 
175.4 175.4 175.4 175.4 175.4 175.4 175.4 175.4 175.4 175.4 175.4 175.7 175.7 175.7 175.7 175.7 175.7 175.7 175.7 175.7 175.7 175.7 175.7 175.7 175.7 175.7 175.7 175.7 175.7 175.7 175.7 175.7 175.7 175.7 175.7 175.7 175.7 175.7 175.7 175.7 175.7 175.7 175.7 175.7 175.7 175.7 175.7 175.7 175.7 175.7 175.7 175.7 175.7 175.7 175.7 175.7 175.7 175.7 175.7 175.7 175.7 175.7 175.7 175.7 175.7 175.7 175.7 175.7 175.7 175.7 175.7 165.8 165.8 165.8 165.8 165.8 165.8 165.8 165.8 165.8 165.8 165.8 165.8 165.8 165.8 165.8 165.8 165.8 165.8 165.8 165.8 165.8 165.8 165.8 165.8 165.8 165.8 165.8 165.8 165.8 
175.4 175.4 175.4 175.4 175.4 175.4 175.4 175.4 175.4 175.4 175.4 175.7 175.7 175.7 175.7 175.7 175.7 175.7 175.7 175.7 175.7 175.7 175.7 175.7 175.7 175.7 175.7 175.7 175.7 175.7 175.7 175.7 175.7 175.7 175.7 175.7 175.7 175.7 175.7 175.7 175.7 175.7 175.7 175.7 175.7 175.7 175.7 175.7 175.7 175.7 175.7 175.7 175.7 175.7 175.7 175.7 175.7 175.7 175.7 175.7 175.7 175.7 175.7 175.7 175.7 175.7 175.7 175.7 175.7 175.7 175.7 165.8 165.8 165.8 165.8 165.8 165.8 165.8 165.8 165.8 165.8 165.8 165.8 165.8 165.8 165.8 165.8 165.8 165.8 165.8 165.8 165.8 165.8 165.8 165.8 165.8 165.8 165.8 165.8 165.8 
175.4 175.4 175.4 175.4 175.4 175.4 175.4 175.4 175.4 175.4 175.4 175.7 175.7 175.7 175.7 175.7 175.7 175.7 175.7 175.7 175.7 175.7 175.7 175.7 175.7 175.7 175.7 175.7 175.7 175.7 175.7 175.7 175.7 175.7 175.7 175.7 175.7 175.7 175.7 175.7 175.7 175.7 175.7 175.7 175.7 175.7 175.7 175.7 175.7 175.7 175.7 175.7 175.7 175.7 175.7 175.7 175.7 175.7 175.7 175.7 175.7 175.7 175.7 175.7 175.7 175.7 175.7 175.7 175.7 175.7 175.7 165.8 165.8 165.8 165.8 165.8 165.8 165.8 165.8 165.8 165.8 165.8 165.8 165.8 165.8 165.8 165.8 165.8 165.8 165.8 165.8 165.8 165.8 165.8 165.8 165.8 165.8 165.8 165.8 165.8 
175.4 175.4 175.4 175.4 175.4 175.4 175.4 175.4 175.4 175.4 175.4 175.7 175.7 175.7 175.7 175.7 175.7 175.7 175.7 175.7 175.7 175.7 175.7 175.7 175.7 175.7 175.7 175.7 175.7 175.7 175.7 175.7 175.7 175.7 175.7 175.7 175.7 175.7 175.7 175.7 175.7 175.7 175.7 175.7 175.7 175.7 175.7 175.7 175.7 175.7 175.7 175.7 175.7 175.7 175.7 175.7 175.7 175.7 175.7 175.7 175.7 175.7 175.7 175.7 175.7 175.7 175.7 175.7 175.7 175.7 175.7 165.8 165.8 165.8 165.8 165.8 165.8 165.8 165.8 165.8 165.8 165.8 165.8 165.8 165.8 165.8 165.8 165.8 165.8 165.8 165.8 165.8 165.8 165.8 165.8 165.8 165.8 165.8 165.8 165.8 
175.4 175.4 175.4 175.4 175.4 175.4 175.4 175.4 175.4 175.4 175.4 175.7 175.7 175.7 175.7 175.7 175.7 175.7 175.7 175.7 175.7 175.7 175.7 175.7 175.7 175.7 175.7 175.7 175.7 175.7 175.7 175.7 175.7 175.7 175.7 175.7 175.7 175.7 175.7 175.7 175.7 175.7 175.7 175.7 175.7 175.7 175.7 175.7 175.7 175.7 175.7 175.7 175.7 175.7 175.7 175.7 175.7 175.7 175.7 175.7 175.7 175.7 175.7 175.7 175.7 175.7 175.7 175.7 175.7 175.7 175.7 165.8 165.8 165.8 165.8 165.8 165.8 165.8 165.8 165.8 165.8 165.8 165.8 165.8 165.8 165.8 165.8 165.8 165.8 165.8 165.8 165.8 165.8 165.8 165.8 165.8 165.8 165.8 165.8 165.8 
175.4 175.4 175.4 175.4 175.4 175.4 175.4 175.4 175.4 175.4 175.4 175.7 175.7 175.7 175.7 175.7 175.7 175.7 175.7 175.7 175.7 175.7 175.7 175.7 175.7 175.7 175.7 175.7 175.7 175.7 175.7 175.7 175.7 175.7 175.7 175.7 175.7 175.7 175.7 175.7 175.7 175.7 175.7 175.7 175.7 175.7 175.7 175.7 175.7 175.7 175.7 175.7 175.7 175.7 175.7 175.7 175.7 175.7 175.7 175.7 175.7 175.7 175.7 175.7 175.7 175.7 175.7 175.7 175.7 175.7 175.7 165.8 165.8 165.8 165.8 165.8 165.8 165.8 165.8 165.8 165.8 165.8 165.8 165.8 165.8 165.8 165.8 165.8 165.8 165.8 165.8 165.8 165.8 165.8 165.8 165.8 165.8 165.8 165.8 165.8 
175.4 175.4 175.4 175.4 175.4 175.4 175.4 175.4 175.4 175.4 175.4 175.7 175.7 175.7 175.7 175.7 175.7 175.7 175.7 175.7 175.7 175.7 175.7 175.7 175.7 175.7 175.7 175.7 175.7 175.7 175.7 175.7 175.7 175.7 175.7 175.7 175.7 175.7 175.7 175.7 175.7 175.7 175.7 175.7 175.7 175.7 175.7 175.7 175.7 175.7 175.7 175.7 175.7 175.7 175.7 175.7 175.7 175.7 175.7 175.7 175.7 175.7 175.7 175.7 175.7 175.7 175.7 175.7 175.7 175.7 175.7 165.8 165.8 165.8 165.8 165.8 165.8 165.8 165.8 165.8 165.8 165.8 165.8 165.8 165.8 165.8 165.8 165.8 165.8 165.8 165.8 165.8 165.8 165.8 165.8 165.8 165.8 165.8 165.8 165.8 
175.4 175.4 175.4 175.4 175.4 175.4 175.4 175.4 175.4 175.4 175.4 175.7 175.7 175.7 175.7 175.7 175.7 175.7 175.7 175.7 175.7 175.7 175.7 175.7 175.7 175.7 175.7 175.7 175.7 175.7 175.7 175.7 175.7 175.7 175.7 175.7 175.7 175.7 175.7 175.7 175.7 175.7 175.7 175.7 175.7 175.7 175.7 175.7 175.7 175.7 175.7 175.7 175.7 175.7 175.7 175.7 175.7 175.7 175.7 175.7 175.7 175.7 175.7 175.7 175.7 175.7 175.7 175.7 175.7 175.7 175.7 165.8 165.8 165.8 165.8 165.8 165.8 165.8 165.8 165.8 165.8 165.8 165.8 165.8 165.8 165.8 165.8 165.8 165.8 165.8 165.8 165.8 165.8 165.8 165.8 165.8 165.8 165.8 165.8 165.8 
175.4 175.4 175.4 175.4 175.4 175.4 175.4 175.4 175.4 175.4 175.4 175.7 175.7 175.7 175.7 175.7 175.7 175.7 175.7 175.7 175.7 175.7 175.7 175.7 175.7 175.7 175.7 175.7 175.7 175.7 175.7 175.7 175.7 175.7 175.7 175.7 175.7 175.7 175.7 175.7 175.7 175.7 175.7 175.7 175.7 175.7 175.7 175.7 175.7 175.7 175.7 175.7 175.7 175.7 175.7 175.7 175.7 175.7 175.7 175.7 175.7 175.7 175.7 175.7 175.7 175.7 175.7 175.7 175.7 175.7 175.7 165.8 165.8 165.8 165.8 165.8 165.8 165.8 165.8 165.8 165.8 165.8 165.8 165.8 165.8 165.8 165.8 165.8 165.8 165.8 165.8 165.8 165.8 165.8 165.8 165.8 165.8 165.8 165.8 165.8 
175.4 175.4 175.4 175.4 175.4 175.4 175.4 175.4 175.4 175.4 175.4 175.7 175.7 175.7 175.7 175.7 175.7 175.7 175.7 175.7 175.7 175.7 175.7 175.7 175.7 175.7 175.7 175.7 175.7 175.7 175.7 175.7 175.7 175.7 175.7 175.7 175.7 175.7 175.7 175.7 175.7 175.7 175.7 175.7 175.7 175.7 175.7 175.7 175.7 175.7 175.7 175.7 175.7 175.7 175.7 175.7 175.7 175.7 175.7 175.7 175.7 175.7 175.7 175.7 175.7 175.7 175.7 175.7 175.7 175.7 175.7 165.8 165.8 165.8 165.8 165.8 165.8 165.8 165.8 165.8 165.8 165.8 165.8 165.8 165.8 165.8 165.8 165.8 165.8 165.8 165.8 165.8 165.8 165.8 165.8 165.8 165.8 165.8 165.8 165.8 
175.4 175.4 175.4 175.4 175.4 175.4 175.4 175.4 175.4 175.4 175.4 175.7 175.7 175.7 175.7 175.7 175.7 175.7 175.7 175.7 175.7 175.7 175.7 175.7 175.7 175.7 175.7 175.7 175.7 175.7 175.7 175.7 175.7 175.7 175.7 175.7 175.7 175.7 175.7 175.7 175.7 175.7 175.7 175.7 175.7 175.7 175.7 175.7 175.7 175.7 175.7 175.7 175.7 175.7 175.7 175.7 175.7 175.7 175.7 175.7 175.7 175.7 175.7 175.7 175.7 175.7 175.7 175.7 175.7 175.7 175.7 165.8 165.8 165.8 165.8 165.8 165.8 165.8 165.8 165.8 165.8 165.8 165.8 165.8 165.8 165.8 165.8 165.8 165.8 165.8 165.8 165.8 165.8 165.8 165.8 165.8 165.8 165.8 165.8 165.8 
175.4 175.4 175.4 175.4 175.4 175.4 175.4 175.4 175.4 175.4 175.4 175.7 175.7 175.7 175.7 175.7 175.7 175.7 175.7 175.7 175.7 175.7 175.7 175.7 175.7 175.7 175.7 175.7 175.7 175.7 175.7 175.7 175.7 175.7 175.7 175.7 175.7 175.7 175.7 175.7 175.7 175.7 175.7 175.7 175.7 175.7 175.7 175.7 175.7 175.7 175.7 175.7 175.7 175.7 175.7 175.7 175.7 175.7 175.7 175.7 175.7 175.7 175.7 175.7 175.7 175.7 175.7 175.7 175.7 175.7 175.7 165.8 165.8 165.8 165.8 165.8 165.8 165.8 165.8 165.8 165.8 165.8 165.8 165.8 165.8 165.8 165.8 165.8 165.8 165.8 165.8 165.8 165.8 165.8 165.8 165.8 165.8 165.8 165.8 165.8 
175.4 175.4 175.4 175.4 175.4 175.4 175.4 175.4 175.4 175.4 175.4 175.7 175.7 175.7 175.7 175.7 175.7 175.7 175.7 175.7 175.7 175.7 175.7 175.7 175.7 175.7 175.7 175.7 175.7 175.7 175.7 175.7 175.7 175.7 175.7 175.7 175.7 175.7 175.7 175.7 175.7 175.7 175.7 175.7 175.7 175.7 175.7 175.7 175.7 175.7 175.7 175.7 175.7 175.7 175.7 175.7 175.7 175.7 175.7 175.7 175.7 175.7 175.7 175.7 175.7 175.7 175.7 175.7 175.7 175.7 175.7 165.8 165.8 165.8 165.8 165.8 165.8 165.8 165.8 165.8 165.8 165.8 165.8 165.8 165.8 165.8 165.8 165.8 165.8 165.8 165.8 165.8 165.8 165.8 165.8 165.8 165.8 165.8 165.8 165.8 
175.4 175.4 175.4 175.4 175.4 175.4 175.4 175.4 175.4 175.4 175.4 175.7 175.7 175.7 175.7 175.7 175.7 175.7 175.7 175.7 175.7 175.7 175.7 175.7 175.7 175.7 175.7 175.7 175.7 175.7 175.7 175.7 175.7 175.7 175.7 175.7 175.7 175.7 175.7 175.7 175.7 175.7 175.7 175.7 175.7 175.7 175.7 175.7 175.7 175.7 175.7 175.7 175.7 175.7 175.7 175.7 175.7 175.7 175.7 175.7 175.7 175.7 175.7 175.7 175.7 175.7 175.7 175.7 175.7 175.7 175.7 165.8 165.8 165.8 165.8 165.8 165.8 165.8 165.8 165.8 165.8 165.8 165.8 165.8 165.8 165.8 165.8 165.8 165.8 165.8 165.8 165.8 165.8 165.8 165.8 165.8 165.8 165.8 165.8 165.8 
175.4 175.4 175.4 175.4 175.4 175.4 175.4 175.4 175.4 175.4 175.4 175.7 175.7 175.7 175.7 175.7 175.7 175.7 175.7 175.7 175.7 175.7 175.7 175.7 175.7 175.7 175.7 175.7 175.7 175.7 175.7 175.7 175.7 175.7 175.7 175.7 175.7 175.7 175.7 175.7 175.7 175.7 175.7 175.7 175.7 175.7 175.7 175.7 175.7 175.7 175.7 175.7 175.7 175.7 175.7 175.7 175.7 175.7 175.7 175.7 175.7 175.7 175.7 175.7 175.7 175.7 175.7 175.7 175.7 175.7 175.7 165.8 165.8 165.8 165.8 165.8 165.8 165.8 165.8 165.8 165.8 165.8 165.8 165.8 165.8 165.8 165.8 165.8 165.8 165.8 165.8 165.8 165.8 165.8 165.8 165.8 165.8 165.8 165.8 165.8 
175.4 175.4 175.4 175.4 175.4 175.4 175.4 175.4 175.4 175.4 175.4 175.7 175.7 175.7 175.7 175.7 175.7 175.7 175.7 175.7 175.7 175.7 175.7 175.7 175.7 175.7 175.7 175.7 175.7 175.7 175.7 175.7 175.7 175.7 175.7 175.7 175.7 175.7 175.7 175.7 175.7 175.7 175.7 175.7 175.7 175.7 175.7 175.7 175.7 175.7 175.7 175.7 175.7 175.7 175.7 175.7 175.7 175.7 175.7 175.7 175.7 175.7 175.7 175.7 175.7 175.7 175.7 175.7 175.7 175.7 175.7 165.8 165.8 165.8 165.8 165.8 165.8 165.8 165.8 165.8 165.8 165.8 165.8 165.8 165.8 165.8 165.8 165.8 165.8 165.8 165.8 165.8 165.8 165.8 165.8 165.8 165.8 165.8 165.8 165.8 
175.4 175.4 175.4 175.4 175.4 175.4 175.4 175.4 175.4 175.4 175.4 175.7 175.7 175.7 175.7 175.7 175.7 175.7 175.7 175.7 175.7 175.7 175.7 175.7 175.7 175.7 175.7 175.7 175.7 175.7 175.7 175.7 175.7 175.7 175.7 175.7 175.7 175.7 175.7 175.7 175.7 175.7 175.7 175.7 175.7 175.7 175.7 175.7 175.7 175.7 175.7 175.7 175.7 175.7 175.7 175.7 175.7 175.7 175.7 175.7 175.7 175.7 175.7 175.7 175.7 175.7 175.7 175.7 175.7 175.7 175.7 165.8 165.8 165.8 165.8 165.8 165.8 165.8 165.8 165.8 165.8 165.8 165.8 165.8 165.8 165.8 165.8 165.8 165.8 165.8 165.8 165.8 165.8 165.8 165.8 165.8 165.8 165.8 165.8 165.8 
175.4 175.4 175.4 175.4 175.4 175.4 175.4 175.4 175.4 175.4 175.4 175.7 175.7 175.7 175.7 175.7 175.7 175.7 175.7 175.7 175.7 175.7 175.7 175.7 175.7 175.7 175.7 175.7 175.7 175.7 175.7 175.7 175.7 175.7 175.7 175.7 175.7 175.7 175.7 175.7 175.7 175.7 175.7 175.7 175.7 175.7 175.7 175.7 175.7 175.7 175.7 175.7 175.7 175.7 175.7 175.7 175.7 175.7 175.7 175.7 175.7 175.7 175.7 175.7 175.7 175.7 175.7 175.7 175.7 175.7 175.7 165.8 165.8 165.8 165.8 165.8 165.8 165.8 165.8 165.8 165.8 165.8 165.8 165.8 165.8 165.8 165.8 165.8 165.8 165.8 165.8 165.8 165.8 165.8 165.8 165.8 165.8 165.8 165.8 165.8 
175.4 175.4 175.4 175.4 175.4 175.4 175.4 175.4 175.4 175.4 175.4 175.7 175.7 175.7 175.7 175.7 175.7 175.7 175.7 175.7 175.7 175.7 175.7 175.7 175.7 175.7 175.7 175.7 175.7 175.7 175.7 175.7 175.7 175.7 175.7 175.7 175.7 175.7 175.7 175.7 175.7 175.7 175.7 175.7 175.7 175.7 175.7 175.7 175.7 175.7 175.7 175.7 175.7 175.7 175.7 175.7 175.7 175.7 175.7 175.7 175.7 175.7 175.7 175.7 175.7 175.7 175.7 175.7 175.7 175.7 175.7 165.8 165.8 165.8 165.8 165.8 165.8 165.8 165.8 165.8 165.8 165.8 165.8 165.8 165.8 165.8 165.8 165.8 165.8 165.8 165.8 165.8 165.8 165.8 165.8 165.8 165.8 165.8 165.8 165.8 
175.4 175.4 175.4 175.4 175.4 175.4 175.4 175.4 175.4 175.4 175.4 175.7 175.7 175.7 175.7 175.7 175.7 175.7 175.7 175.7 175.7 175.7 175.7 175.7 175.7 175.7 175.7 175.7 175.7 175.7 175.7 175.7 175.7 175.7 175.7 175.7 175.7 175.7 175.7 175.7 175.7 175.7 175.7 175.7 175.7 175.7 175.7 175.7 175.7 175.7 175.7 175.7 175.7 175.7 175.7 175.7 175.7 175.7 175.7 175.7 175.7 175.7 175.7 175.7 175.7 175.7 175.7 175.7 175.7 175.7 175.7 165.8 165.8 165.8 165.8 165.8 165.8 165.8 165.8 165.8 165.8 165.8 165.8 165.8 165.8 165.8 165.8 165.8 165.8 165.8 165.8 165.8 165.8 165.8 165.8 165.8 165.8 165.8 165.8 165.8 
175.4 175.4 175.4 175.4 175.4 175.4 175.4 175.4 175.4 175.4 175.4 175.7 175.7 175.7 175.7 175.7 175.7 175.7 175.7 175.7 175.7 175.7 175.7 175.7 175.7 175.7 175.7 175.7 175.7 175.7 175.7 175.7 175.7 175.7 175.7 175.7 175.7 175.7 175.7 175.7 175.7 175.7 175.7 175.7 175.7 175.7 175.7 175.7 175.7 175.7 175.7 175.7 175.7 175.7 175.7 175.7 175.7 175.7 175.7 175.7 175.7 175.7 175.7 175.7 175.7 175.7 175.7 175.7 175.7 175.7 175.7 165.8 165.8 165.8 165.8 165.8 165.8 165.8 165.8 165.8 165.8 165.8 165.8 165.8 165.8 165.8 165.8 165.8 165.8 165.8 165.8 165.8 165.8 165.8 165.8 165.8 165.8 165.8 165.8 165.8 
175.4 175.4 175.4 175.4 175.4 175.4 175.4 175.4 175.4 175.4 175.4 175.7 175.7 175.7 175.7 175.7 175.7 175.7 175.7 175.7 175.7 175.7 175.7 175.7 175.7 175.7 175.7 175.7 175.7 175.7 175.7 175.7 175.7 175.7 175.7 175.7 175.7 175.7 175.7 175.7 175.7 175.7 175.7 175.7 175.7 175.7 175.7 175.7 175.7 175.7 175.7 175.7 175.7 175.7 175.7 175.7 175.7 175.7 175.7 175.7 175.7 175.7 175.7 175.7 175.7 175.7 175.7 175.7 175.7 175.7 175.7 165.8 165.8 165.8 165.8 165.8 165.8 165.8 165.8 165.8 165.8 165.8 165.8 165.8 165.8 165.8 165.8 165.8 165.8 165.8 165.8 165.8 165.8 165.8 165.8 165.8 165.8 165.8 165.8 165.8 
175.4 175.4 175.4 175.4 175.4 175.4 175.4 175.4 175.4 175.4 175.4 175.7 175.7 175.7 175.7 175.7 175.7 175.7 175.7 175.7 175.7 175.7 175.7 175.7 175.7 175.7 175.7 175.7 175.7 175.7 175.7 175.7 175.7 175.7 175.7 175.7 175.7 175.7 175.7 175.7 175.7 175.7 175.7 175.7 175.7 175.7 175.7 175.7 175.7 175.7 175.7 175.7 175.7 175.7 175.7 175.7 175.7 175.7 175.7 175.7 175.7 175.7 175.7 175.7 175.7 175.7 175.7 175.7 175.7 175.7 175.7 165.8 165.8 165.8 165.8 165.8 165.8 165.8 165.8 165.8 165.8 165.8 165.8 165.8 165.8 165.8 165.8 165.8 165.8 165.8 165.8 165.8 165.8 165.8 165.8 165.8 165.8 165.8 165.8 165.8 
175.4 175.4 175.4 175.4 175.4 175.4 175.4 175.4 175.4 175.4 175.4 175.7 175.7 175.7 175.7 175.7 175.7 175.7 175.7 175.7 175.7 175.7 175.7 175.7 175.7 175.7 175.7 175.7 175.7 175.7 175.7 175.7 175.7 175.7 175.7 175.7 175.7 175.7 175.7 175.7 175.7 175.7 175.7 175.7 175.7 175.7 175.7 175.7 175.7 175.7 175.7 175.7 175.7 175.7 175.7 175.7 175.7 175.7 175.7 175.7 175.7 175.7 175.7 175.7 175.7 175.7 175.7 175.7 175.7 175.7 175.7 165.8 165.8 165.8 165.8 165.8 165.8 165.8 165.8 165.8 165.8 165.8 165.8 165.8 165.8 165.8 165.8 165.8 165.8 165.8 165.8 165.8 165.8 165.8 165.8 165.8 165.8 165.8 165.8 165.8 
175.4 175.4 175.4 175.4 175.4 175.4 175.4 175.4 175.4 175.4 175.4 175.7 175.7 175.7 175.7 175.7 175.7 175.7 175.7 175.7 175.7 175.7 175.7 175.7 175.7 175.7 175.7 175.7 175.7 175.7 175.7 175.7 175.7 175.7 175.7 175.7 175.7 175.7 175.7 175.7 175.7 175.7 175.7 175.7 175.7 175.7 175.7 175.7 175.7 175.7 175.7 175.7 175.7 175.7 175.7 175.7 175.7 175.7 175.7 175.7 175.7 175.7 175.7 175.7 175.7 175.7 175.7 175.7 175.7 175.7 175.7 165.8 165.8 165.8 165.8 165.8 165.8 165.8 165.8 165.8 165.8 165.8 165.8 165.8 165.8 165.8 165.8 165.8 165.8 165.8 165.8 165.8 165.8 165.8 165.8 165.8 165.8 165.8 165.8 165.8 
175.4 175.4 175.4 175.4 175.4 175.4 175.4 175.4 175.4 175.4 175.4 175.7 175.7 175.7 175.7 175.7 175.7 175.7 175.7 175.7 175.7 175.7 175.7 175.7 175.7 175.7 175.7 175.7 175.7 175.7 175.7 175.7 175.7 175.7 175.7 175.7 175.7 175.7 175.7 175.7 175.7 175.7 175.7 175.7 175.7 175.7 175.7 175.7 175.7 175.7 175.7 175.7 175.7 175.7 175.7 175.7 175.7 175.7 175.7 175.7 175.7 175.7 175.7 175.7 175.7 175.7 175.7 175.7 175.7 175.7 175.7 165.8 165.8 165.8 165.8 165.8 165.8 165.8 165.8 165.8 165.8 165.8 165.8 165.8 165.8 165.8 165.8 165.8 165.8 165.8 165.8 165.8 165.8 165.8 165.8 165.8 165.8 165.8 165.8 165.8 
175.4 175.4 175.4 175.4 175.4 175.4 175.4 175.4 175.4 175.4 175.4 175.7 175.7 175.7 175.7 175.7 175.7 175.7 175.7 175.7 175.7 175.7 175.7 175.7 175.7 175.7 175.7 175.7 175.7 175.7 175.7 175.7 175.7 175.7 175.7 175.7 175.7 175.7 175.7 175.7 175.7 175.7 175.7 175.7 175.7 175.7 175.7 175.7 175.7 175.7 175.7 175.7 175.7 175.7 175.7 175.7 175.7 175.7 175.7 175.7 175.7 175.7 175.7 175.7 175.7 175.7 175.7 175.7 175.7 175.7 175.7 165.8 165.8 165.8 165.8 165.8 165.8 165.8 165.8 165.8 165.8 165.8 165.8 165.8 165.8 165.8 165.8 165.8 165.8 165.8 165.8 165.8 165.8 165.8 165.8 165.8 165.8 165.8 165.8 165.8 
175.4 175.4 175.4 175.4 175.4 175.4 175.4 175.4 175.4 175.4 175.4 175.7 175.7 175.7 175.7 175.7 175.7 175.7 175.7 175.7 175.7 175.7 175.7 175.7 175.7 175.7 175.7 175.7 175.7 175.7 175.7 175.7 175.7 175.7 175.7 175.7 175.7 175.7 175.7 175.7 175.7 175.7 175.7 175.7 175.7 175.7 175.7 175.7 175.7 175.7 175.7 175.7 175.7 175.7 175.7 175.7 175.7 175.7 175.7 175.7 175.7 175.7 175.7 175.7 175.7 175.7 175.7 175.7 175.7 175.7 175.7 165.8 165.8 165.8 165.8 165.8 165.8 165.8 165.8 165.8 165.8 165.8 165.8 165.8 165.8 165.8 165.8 165.8 165.8 165.8 165.8 165.8 165.8 165.8 165.8 165.8 165.8 165.8 165.8 165.8 
175.4 175.4 175.4 175.4 175.4 175.4 175.4 175.4 175.4 175.4 175.4 175.7 175.7 175.7 175.7 175.7 175.7 175.7 175.7 175.7 175.7 175.7 175.7 175.7 175.7 175.7 175.7 175.7 175.7 175.7 175.7 175.7 175.7 175.7 175.7 175.7 175.7 175.7 175.7 175.7 175.7 175.7 175.7 175.7 175.7 175.7 175.7 175.7 175.7 175.7 175.7 175.7 175.7 175.7 175.7 175.7 175.7 175.7 175.7 175.7 175.7 175.7 175.7 175.7 175.7 175.7 175.7 175.7 175.7 175.7 175.7 165.8 165.8 165.8 165.8 165.8 165.8 165.8 165.8 165.8 165.8 165.8 165.8 165.8 165.8 165.8 165.8 165.8 165.8 165.8 165.8 165.8 165.8 165.8 165.8 165.8 165.8 165.8 165.8 165.8 
175.4 175.4 175.4 175.4 175.4 175.4 175.4 175.4 175.4 175.4 175.4 175.7 175.7 175.7 175.7 175.7 175.7 175.7 175.7 175.7 175.7 175.7 175.7 175.7 175.7 175.7 175.7 175.7 175.7 175.7 175.7 175.7 175.7 175.7 175.7 175.7 175.7 175.7 175.7 175.7 175.7 175.7 175.7 175.7 175.7 175.7 175.7 175.7 175.7 175.7 175.7 175.7 175.7 175.7 175.7 175.7 175.7 175.7 175.7 175.7 175.7 175.7 175.7 175.7 175.7 175.7 175.7 175.7 175.7 175.7 175.7 165.8 165.8 165.8 165.8 165.8 165.8 165.8 165.8 165.8 165.8 165.8 165.8 165.8 165.8 165.8 165.8 165.8 165.8 165.8 165.8 165.8 165.8 165.8 165.8 165.8 165.8 165.8 165.8 165.8 
175.4 175.4 175.4 175.4 175.4 175.4 175.4 175.4 175.4 175.4 175.4 175.7 175.7 175.7 175.7 175.7 175.7 175.7 175.7 175.7 175.7 175.7 175.7 175.7 175.7 175.7 175.7 175.7 175.7 175.7 175.7 175.7 175.7 175.7 175.7 175.7 175.7 175.7 175.7 175.7 175.7 175.7 175.7 175.7 175.7 175.7 175.7 175.7 175.7 175.7 175.7 175.7 175.7 175.7 175.7 175.7 175.7 175.7 175.7 175.7 175.7 175.7 175.7 175.7 175.7 175.7 175.7 175.7 175.7 175.7 175.7 165.8 165.8 165.8 165.8 165.8 165.8 165.8 165.8 165.8 165.8 165.8 165.8 165.8 165.8 165.8 165.8 165.8 165.8 165.8 165.8 165.8 165.8 165.8 165.8 165.8 165.8 165.8 165.8 165.8 
175.4 175.4 175.4 175.4 175.4 175.4 175.4 175.4 175.4 175.4 175.4 175.7 175.7 175.7 175.7 175.7 175.7 175.7 175.7 175.7 175.7 175.7 175.7 175.7 175.7 175.7 175.7 175.7 175.7 175.7 175.7 175.7 175.7 175.7 175.7 175.7 175.7 175.7 175.7 175.7 175.7 175.7 175.7 175.7 175.7 175.7 175.7 175.7 175.7 175.7 175.7 175.7 175.7 175.7 175.7 175.7 175.7 175.7 175.7 175.7 175.7 175.7 175.7 175.7 175.7 175.7 175.7 175.7 175.7 175.7 175.7 165.8 165.8 165.8 165.8 165.8 165.8 165.8 165.8 165.8 165.8 165.8 165.8 165.8 165.8 165.8 165.8 165.8 165.8 165.8 165.8 165.8 165.8 165.8 165.8 165.8 165.8 165.8 165.8 165.8 
175.4 175.4 175.4 175.4 175.4 175.4 175.4 175.4 175.4 175.4 175.4 175.7 175.7 175.7 175.7 175.7 175.7 175.7 175.7 175.7 175.7 175.7 175.7 175.7 175.7 175.7 175.7 175.7 175.7 175.7 175.7 175.7 175.7 175.7 175.7 175.7 175.7 175.7 175.7 175.7 175.7 175.7 175.7 175.7 175.7 175.7 175.7 175.7 175.7 175.7 175.7 175.7 175.7 175.7 175.7 175.7 175.7 175.7 175.7 175.7 175.7 175.7 175.7 175.7 175.7 175.7 175.7 175.7 175.7 175.7 175.7 165.8 165.8 165.8 165.8 165.8 165.8 165.8 165.8 165.8 165.8 165.8 165.8 165.8 165.8 165.8 165.8 165.8 165.8 165.8 165.8 165.8 165.8 165.8 165.8 165.8 165.8 165.8 165.8 165.8 
175.4 175.4 175.4 175.4 175.4 175.4 175.4 175.4 175.4 175.4 175.4 175.7 175.7 175.7 175.7 175.7 175.7 175.7 175.7 175.7 175.7 175.7 175.7 175.7 175.7 175.7 175.7 175.7 175.7 175.7 175.7 175.7 175.7 175.7 175.7 175.7 175.7 175.7 175.7 175.7 175.7 175.7 175.7 175.7 175.7 175.7 175.7 175.7 175.7 175.7 175.7 175.7 175.7 175.7 175.7 175.7 175.7 175.7 175.7 175.7 175.7 175.7 175.7 175.7 175.7 175.7 175.7 175.7 175.7 175.7 175.7 165.8 165.8 165.8 165.8 165.8 165.8 165.8 165.8 165.8 165.8 165.8 165.8 165.8 165.8 165.8 165.8 165.8 165.8 165.8 165.8 165.8 165.8 165.8 165.8 165.8 165.8 165.8 165.8 165.8 
175.4 175.4 175.4 175.4 175.4 175.4 175.4 175.4 175.4 175.4 175.4 175.7 175.7 175.7 175.7 175.7 175.7 175.7 175.7 175.7 175.7 175.7 175.7 175.7 175.7 175.7 175.7 175.7 175.7 175.7 175.7 175.7 175.7 175.7 175.7 175.7 175.7 175.7 175.7 175.7 175.7 175.7 175.7 175.7 175.7 175.7 175.7 175.7 175.7 175.7 175.7 175.7 175.7 175.7 175.7 175.7 175.7 175.7 175.7 175.7 175.7 175.7 175.7 175.7 175.7 175.7 175.7 175.7 175.7 175.7 175.7 165.8 165.8 165.8 165.8 165.8 165.8 165.8 165.8 165.8 165.8 165.8 165.8 165.8 165.8 165.8 165.8 165.8 165.8 165.8 165.8 165.8 165.8 165.8 165.8 165.8 165.8 165.8 165.8 165.8 
175.4 175.4 175.4 175.4 175.4 175.4 175.4 175.4 175.4 175.4 175.4 175.7 175.7 175.7 175.7 175.7 175.7 175.7 175.7 175.7 175.7 175.7 175.7 175.7 175.7 175.7 175.7 175.7 175.7 175.7 175.7 175.7 175.7 175.7 175.7 175.7 175.7 175.7 175.7 175.7 175.7 175.7 175.7 175.7 175.7 175.7 175.7 175.7 175.7 175.7 175.7 175.7 175.7 175.7 175.7 175.7 175.7 175.7 175.7 175.7 175.7 175.7 175.7 175.7 175.7 175.7 175.7 175.7 175.7 175.7 175.7 165.8 165.8 165.8 165.8 165.8 165.8 165.8 165.8 165.8 165.8 165.8 165.8 165.8 165.8 165.8 165.8 165.8 165.8 165.8 165.8 165.8 165.8 165.8 165.8 165.8 165.8 165.8 165.8 165.8 
175.4 175.4 175.4 175.4 175.4 175.4 175.4 175.4 175.4 175.4 175.4 175.7 175.7 175.7 175.7 175.7 175.7 175.7 175.7 175.7 175.7 175.7 175.7 175.7 175.7 175.7 175.7 175.7 175.7 175.7 175.7 175.7 175.7 175.7 175.7 175.7 175.7 175.7 175.7 175.7 175.7 175.7 175.7 175.7 175.7 175.7 175.7 175.7 175.7 175.7 175.7 175.7 175.7 175.7 175.7 175.7 175.7 175.7 175.7 175.7 175.7 175.7 175.7 175.7 175.7 175.7 175.7 175.7 175.7 175.7 175.7 165.8 165.8 165.8 165.8 165.8 165.8 165.8 165.8 165.8 165.8 165.8 165.8 165.8 165.8 165.8 165.8 165.8 165.8 165.8 165.8 165.8 165.8 165.8 165.8 165.8 165.8 165.8 165.8 165.8 
175.4 175.4 175.4 175.4 175.4 175.4 175.4 175.4 175.4 175.4 175.4 175.7 175.7 175.7 175.7 175.7 175.7 175.7 175.7 175.7 175.7 175.7 175.7 175.7 175.7 175.7 175.7 175.7 175.7 175.7 175.7 175.7 175.7 175.7 175.7 175.7 175.7 175.7 175.7 175.7 175.7 175.7 175.7 175.7 175.7 175.7 175.7 175.7 175.7 175.7 175.7 175.7 175.7 175.7 175.7 175.7 175.7 175.7 175.7 175.7 175.7 175.7 175.7 175.7 175.7 175.7 175.7 175.7 175.7 175.7 175.7 165.8 165.8 165.8 165.8 165.8 165.8 165.8 165.8 165.8 165.8 165.8 165.8 165.8 165.8 165.8 165.8 165.8 165.8 165.8 165.8 165.8 165.8 165.8 165.8 165.8 165.8 165.8 165.8 165.8 
175.4 175.4 175.4 175.4 175.4 175.4 175.4 175.4 175.4 175.4 175.4 175.7 175.7 175.7 175.7 175.7 175.7 175.7 175.7 175.7 175.7 175.7 175.7 175.7 175.7 175.7 175.7 175.7 175.7 175.7 175.7 175.7 175.7 175.7 175.7 175.7 175.7 175.7 175.7 175.7 175.7 175.7 175.7 175.7 175.7 175.7 175.7 175.7 175.7 175.7 175.7 175.7 175.7 175.7 175.7 175.7 175.7 175.7 175.7 175.7 175.7 175.7 175.7 175.7 175.7 175.7 175.7 175.7 175.7 175.7 175.7 165.8 165.8 165.8 165.8 165.8 165.8 165.8 165.8 165.8 165.8 165.8 165.8 165.8 165.8 165.8 165.8 165.8 165.8 165.8 165.8 165.8 165.8 165.8 165.8 165.8 165.8 165.8 165.8 165.8 
175.4 175.4 175.4 175.4 175.4 175.4 175.4 175.4 175.4 175.4 175.4 175.7 175.7 175.7 175.7 175.7 175.7 175.7 175.7 175.7 175.7 175.7 175.7 175.7 175.7 175.7 175.7 175.7 175.7 175.7 175.7 175.7 175.7 175.7 175.7 175.7 175.7 175.7 175.7 175.7 175.7 175.7 175.7 175.7 175.7 175.7 175.7 175.7 175.7 175.7 175.7 175.7 175.7 175.7 175.7 175.7 175.7 175.7 175.7 175.7 175.7 175.7 175.7 175.7 175.7 175.7 175.7 175.7 175.7 175.7 175.7 165.8 165.8 165.8 165.8 165.8 165.8 165.8 165.8 165.8 165.8 165.8 165.8 165.8 165.8 165.8 165.8 165.8 165.8 165.8 165.8 165.8 165.8 165.8 165.8 165.8 165.8 165.8 165.8 165.8 
175.4 175.4 175.4 175.4 175.4 175.4 175.4 175.4 175.4 175.4 175.4 175.7 175.7 175.7 175.7 175.7 175.7 175.7 175.7 175.7 175.7 175.7 175.7 175.7 175.7 175.7 175.7 175.7 175.7 175.7 175.7 175.7 175.7 175.7 175.7 175.7 175.7 175.7 175.7 175.7 175.7 175.7 175.7 175.7 175.7 175.7 175.7 175.7 175.7 175.7 175.7 175.7 175.7 175.7 175.7 175.7 175.7 175.7 175.7 175.7 175.7 175.7 175.7 175.7 175.7 175.7 175.7 175.7 175.7 175.7 175.7 165.8 165.8 165.8 165.8 165.8 165.8 165.8 165.8 165.8 165.8 165.8 165.8 165.8 165.8 165.8 165.8 165.8 165.8 165.8 165.8 165.8 165.8 165.8 165.8 165.8 165.8 165.8 165.8 165.8 
175.4 175.4 175.4 175.4 175.4 175.4 175.4 175.4 175.4 175.4 175.4 175.7 175.7 175.7 175.7 175.7 175.7 175.7 175.7 175.7 175.7 175.7 175.7 175.7 175.7 175.7 175.7 175.7 175.7 175.7 175.7 175.7 175.7 175.7 175.7 175.7 175.7 175.7 175.7 175.7 175.7 175.7 175.7 175.7 175.7 175.7 175.7 175.7 175.7 175.7 175.7 175.7 175.7 175.7 175.7 175.7 175.7 175.7 175.7 175.7 175.7 175.7 175.7 175.7 175.7 175.7 175.7 175.7 175.7 175.7 175.7 165.8 165.8 165.8 165.8 165.8 165.8 165.8 165.8 165.8 165.8 165.8 165.8 165.8 165.8 165.8 165.8 165.8 165.8 165.8 165.8 165.8 165.8 165.8 165.8 165.8 165.8 165.8 165.8 165.8 
175.4 175.4 175.4 175.4 175.4 175.4 175.4 175.4 175.4 175.4 175.4 175.7 175.7 175.7 175.7 175.7 175.7 175.7 175.7 175.7 175.7 175.7 175.7 175.7 175.7 175.7 175.7 175.7 175.7 175.7 175.7 175.7 175.7 175.7 175.7 175.7 175.7 175.7 175.7 175.7 175.7 175.7 175.7 175.7 175.7 175.7 175.7 175.7 175.7 175.7 175.7 175.7 175.7 175.7 175.7 175.7 175.7 175.7 175.7 175.7 175.7 175.7 175.7 175.7 175.7 175.7 175.7 175.7 175.7 175.7 175.7 165.8 165.8 165.8 165.8 165.8 165.8 165.8 165.8 165.8 165.8 165.8 165.8 165.8 165.8 165.8 165.8 165.8 165.8 165.8 165.8 165.8 165.8 165.8 165.8 165.8 165.8 165.8 165.8 165.8 
175.4 175.4 175.4 175.4 175.4 175.4 175.4 175.4 175.4 175.4 175.4 175.7 175.7 175.7 175.7 175.7 175.7 175.7 175.7 175.7 175.7 175.7 175.7 175.7 175.7 175.7 175.7 175.7 175.7 175.7 175.7 175.7 175.7 175.7 175.7 175.7 175.7 175.7 175.7 175.7 175.7 175.7 175.7 175.7 175.7 175.7 175.7 175.7 175.7 175.7 175.7 175.7 175.7 175.7 175.7 175.7 175.7 175.7 175.7 175.7 175.7 175.7 175.7 175.7 175.7 175.7 175.7 175.7 175.7 175.7 175.7 165.8 165.8 165.8 165.8 165.8 165.8 165.8 165.8 165.8 165.8 165.8 165.8 165.8 165.8 165.8 165.8 165.8 165.8 165.8 165.8 165.8 165.8 165.8 165.8 165.8 165.8 165.8 165.8 165.8 
175.4 175.4 175.4 175.4 175.4 175.4 175.4 175.4 175.4 175.4 175.4 175.7 175.7 175.7 175.7 175.7 175.7 175.7 175.7 175.7 175.7 175.7 175.7 175.7 175.7 175.7 175.7 175.7 175.7 175.7 175.7 175.7 175.7 175.7 175.7 175.7 175.7 175.7 175.7 175.7 175.7 175.7 175.7 175.7 175.7 175.7 175.7 175.7 175.7 175.7 175.7 175.7 175.7 175.7 175.7 175.7 175.7 175.7 175.7 175.7 175.7 175.7 175.7 175.7 175.7 175.7 175.7 175.7 175.7 175.7 175.7 165.8 165.8 165.8 165.8 165.8 165.8 165.8 165.8 165.8 165.8 165.8 165.8 165.8 165.8 165.8 165.8 165.8 165.8 165.8 165.8 165.8 165.8 165.8 165.8 165.8 165.8 165.8 165.8 165.8 
175.4 175.4 175.4 175.4 175.4 175.4 175.4 175.4 175.4 175.4 175.4 175.7 175.7 175.7 175.7 175.7 175.7 175.7 175.7 175.7 175.7 175.7 175.7 175.7 175.7 175.7 175.7 175.7 175.7 175.7 175.7 175.7 175.7 175.7 175.7 175.7 175.7 175.7 175.7 175.7 175.7 175.7 175.7 175.7 175.7 175.7 175.7 175.7 175.7 175.7 175.7 175.7 175.7 175.7 175.7 175.7 175.7 175.7 175.7 175.7 175.7 175.7 175.7 175.7 175.7 175.7 175.7 175.7 175.7 175.7 175.7 165.8 165.8 165.8 165.8 165.8 165.8 165.8 165.8 165.8 165.8 165.8 165.8 165.8 165.8 165.8 165.8 165.8 165.8 165.8 165.8 165.8 165.8 165.8 165.8 165.8 165.8 165.8 165.8 165.8 
175.4 175.4 175.4 175.4 175.4 175.4 175.4 175.4 175.4 175.4 175.4 175.7 175.7 175.7 175.7 175.7 175.7 175.7 175.7 175.7 175.7 175.7 175.7 175.7 175.7 175.7 175.7 175.7 175.7 175.7 175.7 175.7 175.7 175.7 175.7 175.7 175.7 175.7 175.7 175.7 175.7 175.7 175.7 175.7 175.7 175.7 175.7 175.7 175.7 175.7 175.7 175.7 175.7 175.7 175.7 175.7 175.7 175.7 175.7 175.7 175.7 175.7 175.7 175.7 175.7 175.7 175.7 175.7 175.7 175.7 175.7 165.8 165.8 165.8 165.8 165.8 165.8 165.8 165.8 165.8 165.8 165.8 165.8 165.8 165.8 165.8 165.8 165.8 165.8 165.8 165.8 165.8 165.8 165.8 165.8 165.8 165.8 165.8 165.8 165.8 
175.4 175.4 175.4 175.4 175.4 175.4 175.4 175.4 175.4 175.4 175.4 175.7 175.7 175.7 175.7 175.7 175.7 175.7 175.7 175.7 175.7 175.7 175.7 175.7 175.7 175.7 175.7 175.7 175.7 175.7 175.7 175.7 175.7 175.7 175.7 175.7 175.7 175.7 175.7 175.7 175.7 175.7 175.7 175.7 175.7 175.7 175.7 175.7 175.7 175.7 175.7 175.7 175.7 175.7 175.7 175.7 175.7 175.7 175.7 175.7 175.7 175.7 175.7 175.7 175.7 175.7 175.7 175.7 175.7 175.7 175.7 165.8 165.8 165.8 165.8 165.8 165.8 165.8 165.8 165.8 165.8 165.8 165.8 165.8 165.8 165.8 165.8 165.8 165.8 165.8 165.8 165.8 165.8 165.8 165.8 165.8 165.8 165.8 165.8 165.8 
175.4 175.4 175.4 175.4 175.4 175.4 175.4 175.4 175.4 175.4 175.4 175.7 175.7 175.7 175.7 175.7 175.7 175.7 175.7 175.7 175.7 175.7 175.7 175.7 175.7 175.7 175.7 175.7 175.7 175.7 175.7 175.7 175.7 175.7 175.7 175.7 175.7 175.7 175.7 175.7 175.7 175.7 175.7 175.7 175.7 175.7 175.7 175.7 175.7 175.7 175.7 175.7 175.7 175.7 175.7 175.7 175.7 175.7 175.7 175.7 175.7 175.7 175.7 175.7 175.7 175.7 175.7 175.7 175.7 175.7 175.7 165.8 165.8 165.8 165.8 165.8 165.8 165.8 165.8 165.8 165.8 165.8 165.8 165.8 165.8 165.8 165.8 165.8 165.8 165.8 165.8 165.8 165.8 165.8 165.8 165.8 165.8 165.8 165.8 165.8 
175.4 175.4 175.4 175.4 175.4 175.4 175.4 175.4 175.4 175.4 175.4 175.7 175.7 175.7 175.7 175.7 175.7 175.7 175.7 175.7 175.7 175.7 175.7 175.7 175.7 175.7 175.7 175.7 175.7 175.7 175.7 175.7 175.7 175.7 175.7 175.7 175.7 175.7 175.7 175.7 175.7 175.7 175.7 175.7 175.7 175.7 175.7 175.7 175.7 175.7 175.7 175.7 175.7 175.7 175.7 175.7 175.7 175.7 175.7 175.7 175.7 175.7 175.7 175.7 175.7 175.7 175.7 175.7 175.7 175.7 175.7 165.8 165.8 165.8 165.8 165.8 165.8 165.8 165.8 165.8 165.8 165.8 165.8 165.8 165.8 165.8 165.8 165.8 165.8 165.8 165.8 165.8 165.8 165.8 165.8 165.8 165.8 165.8 165.8 165.8 
175.4 175.4 175.4 175.4 175.4 175.4 175.4 175.4 175.4 175.4 175.4 175.7 175.7 175.7 175.7 175.7 175.7 175.7 175.7 175.7 175.7 175.7 175.7 175.7 175.7 175.7 175.7 175.7 175.7 175.7 175.7 175.7 175.7 175.7 175.7 175.7 175.7 175.7 175.7 175.7 175.7 175.7 175.7 175.7 175.7 175.7 175.7 175.7 175.7 175.7 175.7 175.7 175.7 175.7 175.7 175.7 175.7 175.7 175.7 175.7 175.7 175.7 175.7 175.7 175.7 175.7 175.7 175.7 175.7 175.7 175.7 165.8 165.8 165.8 165.8 165.8 165.8 165.8 165.8 165.8 165.8 165.8 165.8 165.8 165.8 165.8 165.8 165.8 165.8 165.8 165.8 165.8 165.8 165.8 165.8 165.8 165.8 165.8 165.8 165.8 
175.4 175.4 175.4 175.4 175.4 175.4 175.4 175.4 175.4 175.4 175.4 175.7 175.7 175.7 175.7 175.7 175.7 175.7 175.7 175.7 175.7 175.7 175.7 175.7 175.7 175.7 175.7 175.7 175.7 175.7 175.7 175.7 175.7 175.7 175.7 175.7 175.7 175.7 175.7 175.7 175.7 175.7 175.7 175.7 175.7 175.7 175.7 175.7 175.7 175.7 175.7 175.7 175.7 175.7 175.7 175.7 175.7 175.7 175.7 175.7 175.7 175.7 175.7 175.7 175.7 175.7 175.7 175.7 175.7 175.7 175.7 165.8 165.8 165.8 165.8 165.8 165.8 165.8 165.8 165.8 165.8 165.8 165.8 165.8 165.8 165.8 165.8 165.8 165.8 165.8 165.8 165.8 165.8 165.8 165.8 165.8 165.8 165.8 165.8 165.8 
175.4 175.4 175.4 175.4 175.4 175.4 175.4 175.4 175.4 175.4 175.4 175.7 175.7 175.7 175.7 175.7 175.7 175.7 175.7 175.7 175.7 175.7 175.7 175.7 175.7 175.7 175.7 175.7 175.7 175.7 175.7 175.7 175.7 175.7 175.7 175.7 175.7 175.7 175.7 175.7 175.7 175.7 175.7 175.7 175.7 175.7 175.7 175.7 175.7 175.7 175.7 175.7 175.7 175.7 175.7 175.7 175.7 175.7 175.7 175.7 175.7 175.7 175.7 175.7 175.7 175.7 175.7 175.7 175.7 175.7 175.7 165.8 165.8 165.8 165.8 165.8 165.8 165.8 165.8 165.8 165.8 165.8 165.8 165.8 165.8 165.8 165.8 165.8 165.8 165.8 165.8 165.8 165.8 165.8 165.8 165.8 165.8 165.8 165.8 165.8 
175.4 175.4 175.4 175.4 175.4 175.4 175.4 175.4 175.4 175.4 175.4 175.7 175.7 175.7 175.7 175.7 175.7 175.7 175.7 175.7 175.7 175.7 175.7 175.7 175.7 175.7 175.7 175.7 175.7 175.7 175.7 175.7 175.7 175.7 175.7 175.7 175.7 175.7 175.7 175.7 175.7 175.7 175.7 175.7 175.7 175.7 175.7 175.7 175.7 175.7 175.7 175.7 175.7 175.7 175.7 175.7 175.7 175.7 175.7 175.7 175.7 175.7 175.7 175.7 175.7 175.7 175.7 175.7 175.7 175.7 175.7 165.8 165.8 165.8 165.8 165.8 165.8 165.8 165.8 165.8 165.8 165.8 165.8 165.8 165.8 165.8 165.8 165.8 165.8 165.8 165.8 165.8 165.8 165.8 165.8 165.8 165.8 165.8 165.8 165.8 
220.5 220.5 220.5 220.5 220.5 220.5 220.5 220.5 220.5 220.5 220.5 220.5 220.5 220.5 220.5 220.5 220.5 220.5 220.5 220.5 220.5 220.5 220.5 220.5 220.5 220.5 220.5 220.5 220.5 220.5 220.5 220.5 220.5 220.5 220.5 220.5 220.5 220.5 220.5 220.5 220.5 220.5 220.5 220.5 220.5 220.5 220.5 220.5 220.5 220.5 220.5 220.5 220.5 220.5 220.5 220.5 220.5 220.5 220.5 220.5 220.5 220.5 220.5 220.5 220.5 220.5 220.5 220.5 220.5 220.5 220.5 204.3 204.3 204.3 204.3 204.3 204.3 204.3 204.3 204.3 204.3 204.3 204.3 204.3 204.3 204.3 204.3 204.3 204.3 204.3 204.3 204.3 204.3 204.3 204.3 204.3 204.3 204.3 204.3 204.3 
220.5 220.5 220.5 220.5 220.5 220.5 220.5 220.5 220.5 220.5 220.5 220.5 220.5 220.5 220.5 220.5 220.5 220.5 220.5 220.5 220.5 220.5 220.5 220.5 220.5 220.5 220.5 220.5 220.5 220.5 220.5 220.5 220.5 220.5 220.5 220.5 220.5 220.5 220.5 220.5 220.5 220.5 220.5 220.5 220.5 220.5 220.5 220.5 220.5 220.5 220.5 220.5 220.5 220.5 220.5 220.5 220.5 220.5 220.5 220.5 220.5 220.5 220.5 220.5 220.5 220.5 220.5 220.5 220.5 220.5 220.5 204.3 204.3 204.3 204.3 204.3 204.3 204.3 204.3 204.3 204.3 204.3 204.3 204.3 204.3 204.3 204.3 204.3 204.3 204.3 204.3 204.3 204.3 204.3 204.3 204.3 204.3 204.3 204.3 204.3 
220.5 220.5 220.5 220.5 220.5 220.5 220.5 220.5 220.5 220.5 220.5 220.5 220.5 220.5 220.5 220.5 220.5 220.5 220.5 220.5 220.5 220.5 220.5 220.5 220.5 220.5 220.5 220.5 220.5 220.5 220.5 220.5 220.5 220.5 220.5 220.5 220.5 220.5 220.5 220.5 220.5 220.5 220.5 220.5 220.5 220.5 220.5 220.5 220.5 220.5 220.5 220.5 220.5 220.5 220.5 220.5 220.5 220.5 220.5 220.5 220.5 220.5 220.5 220.5 220.5 220.5 220.5 220.5 220.5 220.5 220.5 204.3 204.3 204.3 204.3 204.3 204.3 204.3 204.3 204.3 204.3 204.3 204.3 204.3 204.3 204.3 204.3 204.3 204.3 204.3 204.3 204.3 204.3 204.3 204.3 204.3 204.3 204.3 204.3 204.3 
220.5 220.5 220.5 220.5 220.5 220.5 220.5 220.5 220.5 220.5 220.5 220.5 220.5 220.5 220.5 220.5 220.5 220.5 220.5 220.5 220.5 220.5 220.5 220.5 220.5 220.5 220.5 220.5 220.5 220.5 220.5 220.5 220.5 220.5 220.5 220.5 220.5 220.5 220.5 220.5 220.5 220.5 220.5 220.5 220.5 220.5 220.5 220.5 220.5 220.5 220.5 220.5 220.5 220.5 220.5 220.5 220.5 220.5 220.5 220.5 220.5 220.5 220.5 220.5 220.5 220.5 220.5 220.5 220.5 220.5 220.5 204.3 204.3 204.3 204.3 204.3 204.3 204.3 204.3 204.3 204.3 204.3 204.3 204.3 204.3 204.3 204.3 204.3 204.3 204.3 204.3 204.3 204.3 204.3 204.3 204.3 204.3 204.3 204.3 204.3 
220.5 220.5 220.5 220.5 220.5 220.5 220.5 220.5 220.5 220.5 220.5 220.5 220.5 220.5 220.5 220.5 220.5 220.5 220.5 220.5 220.5 220.5 220.5 220.5 220.5 220.5 220.5 220.5 220.5 220.5 220.5 220.5 220.5 220.5 220.5 220.5 220.5 220.5 220.5 220.5 220.5 220.5 220.5 220.5 220.5 220.5 220.5 220.5 220.5 220.5 220.5 220.5 220.5 220.5 220.5 220.5 220.5 220.5 220.5 220.5 220.5 220.5 220.5 220.5 220.5 220.5 220.5 220.5 220.5 220.5 220.5 204.3 204.3 204.3 204.3 204.3 204.3 204.3 204.3 204.3 204.3 204.3 204.3 204.3 204.3 204.3 204.3 204.3 204.3 204.3 204.3 204.3 204.3 204.3 204.3 204.3 204.3 204.3 204.3 204.3 
220.5 220.5 220.5 220.5 220.5 220.5 220.5 220.5 220.5 220.5 220.5 220.5 220.5 220.5 220.5 220.5 220.5 220.5 220.5 220.5 220.5 220.5 220.5 220.5 220.5 220.5 220.5 220.5 220.5 220.5 220.5 220.5 220.5 220.5 220.5 220.5 220.5 220.5 220.5 220.5 220.5 220.5 220.5 220.5 220.5 220.5 220.5 220.5 220.5 220.5 220.5 220.5 220.5 220.5 220.5 220.5 220.5 220.5 220.5 220.5 220.5 220.5 220.5 220.5 220.5 220.5 220.5 220.5 220.5 220.5 220.5 204.3 204.3 204.3 204.3 204.3 204.3 204.3 204.3 204.3 204.3 204.3 204.3 204.3 204.3 204.3 204.3 204.3 204.3 204.3 204.3 204.3 204.3 204.3 204.3 204.3 204.3 204.3 204.3 204.3 
220.5 220.5 220.5 220.5 220.5 220.5 220.5 220.5 220.5 220.5 220.5 220.5 220.5 220.5 220.5 220.5 220.5 220.5 220.5 220.5 220.5 220.5 220.5 220.5 220.5 220.5 220.5 220.5 220.5 220.5 220.5 220.5 220.5 220.5 220.5 220.5 220.5 220.5 220.5 220.5 220.5 220.5 220.5 220.5 220.5 220.5 220.5 220.5 220.5 220.5 220.5 220.5 220.5 220.5 220.5 220.5 220.5 220.5 220.5 220.5 220.5 220.5 220.5 220.5 220.5 220.5 220.5 220.5 220.5 220.5 220.5 204.3 204.3 204.3 204.3 204.3 204.3 204.3 204.3 204.3 204.3 204.3 204.3 204.3 204.3 204.3 204.3 204.3 204.3 204.3 204.3 204.3 204.3 204.3 204.3 204.3 204.3 204.3 204.3 204.3 
220.5 220.5 220.5 220.5 220.5 220.5 220.5 220.5 220.5 220.5 220.5 220.5 220.5 220.5 220.5 220.5 220.5 220.5 220.5 220.5 220.5 220.5 220.5 220.5 220.5 220.5 220.5 220.5 220.5 220.5 220.5 220.5 220.5 220.5 220.5 220.5 220.5 220.5 220.5 220.5 220.5 220.5 220.5 220.5 220.5 220.5 220.5 220.5 220.5 220.5 220.5 220.5 220.5 220.5 220.5 220.5 220.5 220.5 220.5 220.5 220.5 220.5 220.5 220.5 220.5 220.5 220.5 220.5 220.5 220.5 220.5 204.3 204.3 204.3 204.3 204.3 204.3 204.3 204.3 204.3 204.3 204.3 204.3 204.3 204.3 204.3 204.3 204.3 204.3 204.3 204.3 204.3 204.3 204.3 204.3 204.3 204.3 204.3 204.3 204.3 
220.5 220.5 220.5 220.5 220.5 220.5 220.5 220.5 220.5 220.5 220.5 220.5 220.5 220.5 220.5 220.5 220.5 220.5 220.5 220.5 220.5 220.5 220.5 220.5 220.5 220.5 220.5 220.5 220.5 220.5 220.5 220.5 220.5 220.5 220.5 220.5 220.5 220.5 220.5 220.5 220.5 220.5 220.5 220.5 220.5 220.5 220.5 220.5 220.5 220.5 220.5 220.5 220.5 220.5 220.5 220.5 220.5 220.5 220.5 220.5 220.5 220.5 220.5 220.5 220.5 220.5 220.5 220.5 220.5 220.5 220.5 204.3 204.3 204.3 204.3 204.3 204.3 204.3 204.3 204.3 204.3 204.3 204.3 204.3 204.3 204.3 204.3 204.3 204.3 204.3 204.3 204.3 204.3 204.3 204.3 204.3 204.3 204.3 204.3 204.3 
220.5 220.5 220.5 220.5 220.5 220.5 220.5 220.5 220.5 220.5 220.5 220.5 220.5 220.5 220.5 220.5 220.5 220.5 220.5 220.5 220.5 220.5 220.5 220.5 220.5 220.5 220.5 220.5 220.5 220.5 220.5 220.5 220.5 220.5 220.5 220.5 220.5 220.5 220.5 220.5 220.5 220.5 220.5 220.5 220.5 220.5 220.5 220.5 220.5 220.5 220.5 220.5 220.5 220.5 220.5 220.5 220.5 220.5 220.5 220.5 220.5 220.5 220.5 220.5 220.5 220.5 220.5 220.5 220.5 220.5 220.5 204.3 204.3 204.3 204.3 204.3 204.3 204.3 204.3 204.3 204.3 204.3 204.3 204.3 204.3 204.3 204.3 204.3 204.3 204.3 204.3 204.3 204.3 204.3 204.3 204.3 204.3 204.3 204.3 204.3 
220.5 220.5 220.5 220.5 220.5 220.5 220.5 220.5 220.5 220.5 220.5 220.5 220.5 220.5 220.5 220.5 220.5 220.5 220.5 220.5 220.5 220.5 220.5 220.5 220.5 220.5 220.5 220.5 220.5 220.5 220.5 220.5 220.5 220.5 220.5 220.5 220.5 220.5 220.5 220.5 220.5 220.5 220.5 220.5 220.5 220.5 220.5 220.5 220.5 220.5 220.5 220.5 220.5 220.5 220.5 220.5 220.5 220.5 220.5 220.5 220.5 220.5 220.5 220.5 220.5 220.5 220.5 220.5 220.5 220.5 220.5 204.3 204.3 204.3 204.3 204.3 204.3 204.3 204.3 204.3 204.3 204.3 204.3 204.3 204.3 204.3 204.3 204.3 204.3 204.3 204.3 204.3 204.3 204.3 204.3 204.3 204.3 204.3 204.3 204.3 
220.5 220.5 220.5 220.5 220.5 220.5 220.5 220.5 220.5 220.5 220.5 220.5 220.5 220.5 220.5 220.5 220.5 220.5 220.5 220.5 220.5 220.5 220.5 220.5 220.5 220.5 220.5 220.5 220.5 220.5 220.5 220.5 220.5 220.5 220.5 220.5 220.5 220.5 220.5 220.5 220.5 220.5 220.5 220.5 220.5 220.5 220.5 220.5 220.5 220.5 220.5 220.5 220.5 220.5 220.5 220.5 220.5 220.5 220.5 220.5 220.5 220.5 220.5 220.5 220.5 220.5 220.5 220.5 220.5 220.5 220.5 204.3 204.3 204.3 204.3 204.3 204.3 204.3 204.3 204.3 204.3 204.3 204.3 204.3 204.3 204.3 204.3 204.3 204.3 204.3 204.3 204.3 204.3 204.3 204.3 204.3 204.3 204.3 204.3 204.3 
220.5 220.5 220.5 220.5 220.5 220.5 220.5 220.5 220.5 220.5 220.5 220.5 220.5 220.5 220.5 220.5 220.5 220.5 220.5 220.5 220.5 220.5 220.5 220.5 220.5 220.5 220.5 220.5 220.5 220.5 220.5 220.5 220.5 220.5 220.5 220.5 220.5 220.5 220.5 220.5 220.5 220.5 220.5 220.5 220.5 220.5 220.5 220.5 220.5 220.5 220.5 220.5 220.5 220.5 220.5 220.5 220.5 220.5 220.5 220.5 220.5 220.5 220.5 220.5 220.5 220.5 220.5 220.5 220.5 220.5 220.5 204.3 204.3 204.3 204.3 204.3 204.3 204.3 204.3 204.3 204.3 204.3 204.3 204.3 204.3 204.3 204.3 204.3 204.3 204.3 204.3 204.3 204.3 204.3 204.3 204.3 204.3 204.3 204.3 204.3 
220.5 220.5 220.5 220.5 220.5 220.5 220.5 220.5 220.5 220.5 220.5 220.5 220.5 220.5 220.5 220.5 220.5 220.5 220.5 220.5 220.5 220.5 220.5 220.5 220.5 220.5 220.5 220.5 220.5 220.5 220.5 220.5 220.5 220.5 220.5 220.5 220.5 220.5 220.5 220.5 220.5 220.5 220.5 220.5 220.5 220.5 220.5 220.5 220.5 220.5 220.5 220.5 220.5 220.5 220.5 220.5 220.5 220.5 220.5 220.5 220.5 220.5 220.5 220.5 220.5 220.5 220.5 220.5 220.5 220.5 220.5 204.3 204.3 204.3 204.3 204.3 204.3 204.3 204.3 204.3 204.3 204.3 204.3 204.3 204.3 204.3 204.3 204.3 204.3 204.3 204.3 204.3 204.3 204.3 204.3 204.3 204.3 204.3 204.3 204.3 
220.5 220.5 220.5 220.5 220.5 220.5 220.5 220.5 220.5 220.5 220.5 220.5 220.5 220.5 220.5 220.5 220.5 220.5 220.5 220.5 220.5 220.5 220.5 220.5 220.5 220.5 220.5 220.5 220.5 220.5 220.5 220.5 220.5 220.5 220.5 220.5 220.5 220.5 220.5 220.5 220.5 220.5 220.5 220.5 220.5 220.5 220.5 220.5 220.5 220.5 220.5 220.5 220.5 220.5 220.5 220.5 220.5 220.5 220.5 220.5 220.5 220.5 220.5 220.5 220.5 220.5 220.5 220.5 220.5 220.5 220.5 204.3 204.3 204.3 204.3 204.3 204.3 204.3 204.3 204.3 204.3 204.3 204.3 204.3 204.3 204.3 204.3 204.3 204.3 204.3 204.3 204.3 204.3 204.3 204.3 204.3 204.3 204.3 204.3 204.3 
220.5 220.5 220.5 220.5 220.5 220.5 220.5 220.5 220.5 220.5 220.5 220.5 220.5 220.5 220.5 220.5 220.5 220.5 220.5 220.5 220.5 220.5 220.5 220.5 220.5 220.5 220.5 220.5 220.5 220.5 220.5 220.5 220.5 220.5 220.5 220.5 220.5 220.5 220.5 220.5 220.5 220.5 220.5 220.5 220.5 220.5 220.5 220.5 220.5 220.5 220.5 220.5 220.5 220.5 220.5 220.5 220.5 220.5 220.5 220.5 220.5 220.5 220.5 220.5 220.5 220.5 220.5 220.5 220.5 220.5 220.5 204.3 204.3 204.3 204.3 204.3 204.3 204.3 204.3 204.3 204.3 204.3 204.3 204.3 204.3 204.3 204.3 204.3 204.3 204.3 204.3 204.3 204.3 204.3 204.3 204.3 204.3 204.3 204.3 204.3 
220.5 220.5 220.5 220.5 220.5 220.5 220.5 220.5 220.5 220.5 220.5 220.5 220.5 220.5 220.5 220.5 220.5 220.5 220.5 220.5 220.5 220.5 220.5 220.5 220.5 220.5 220.5 220.5 220.5 220.5 220.5 220.5 220.5 220.5 220.5 220.5 220.5 220.5 220.5 220.5 220.5 220.5 220.5 220.5 220.5 220.5 220.5 220.5 220.5 220.5 220.5 220.5 220.5 220.5 220.5 220.5 220.5 220.5 220.5 220.5 220.5 220.5 220.5 220.5 220.5 220.5 220.5 220.5 220.5 220.5 220.5 204.3 204.3 204.3 204.3 204.3 204.3 204.3 204.3 204.3 204.3 204.3 204.3 204.3 204.3 204.3 204.3 204.3 204.3 204.3 204.3 204.3 204.3 204.3 204.3 204.3 204.3 204.3 204.3 204.3 
220.5 220.5 220.5 220.5 220.5 220.5 220.5 220.5 220.5 220.5 220.5 220.5 220.5 220.5 220.5 220.5 220.5 220.5 220.5 220.5 220.5 220.5 220.5 220.5 220.5 220.5 220.5 220.5 220.5 220.5 220.5 220.5 220.5 220.5 220.5 220.5 220.5 220.5 220.5 220.5 220.5 220.5 220.5 220.5 220.5 220.5 220.5 220.5 220.5 220.5 220.5 220.5 220.5 220.5 220.5 220.5 220.5 220.5 220.5 220.5 220.5 220.5 220.5 220.5 220.5 220.5 220.5 220.5 220.5 220.5 220.5 204.3 204.3 204.3 204.3 204.3 204.3 204.3 204.3 204.3 204.3 204.3 204.3 204.3 204.3 204.3 204.3 204.3 204.3 204.3 204.3 204.3 204.3 204.3 204.3 204.3 204.3 204.3 204.3 204.3 
220.5 220.5 220.5 220.5 220.5 220.5 220.5 220.5 220.5 220.5 220.5 220.5 220.5 220.5 220.5 220.5 220.5 220.5 220.5 220.5 220.5 220.5 220.5 220.5 220.5 220.5 220.5 220.5 220.5 220.5 220.5 220.5 220.5 220.5 220.5 220.5 220.5 220.5 220.5 220.5 220.5 220.5 220.5 220.5 220.5 220.5 220.5 220.5 220.5 220.5 220.5 220.5 220.5 220.5 220.5 220.5 220.5 220.5 220.5 220.5 220.5 220.5 220.5 220.5 220.5 220.5 220.5 220.5 220.5 220.5 220.5 204.3 204.3 204.3 204.3 204.3 204.3 204.3 204.3 204.3 204.3 204.3 204.3 204.3 204.3 204.3 204.3 204.3 204.3 204.3 204.3 204.3 204.3 204.3 204.3 204.3 204.3 204.3 204.3 204.3 
220.5 220.5 220.5 220.5 220.5 220.5 220.5 220.5 220.5 220.5 220.5 220.5 220.5 220.5 220.5 220.5 220.5 220.5 220.5 220.5 220.5 220.5 220.5 220.5 220.5 220.5 220.5 220.5 220.5 220.5 220.5 220.5 220.5 220.5 220.5 220.5 220.5 220.5 220.5 220.5 220.5 220.5 220.5 220.5 220.5 220.5 220.5 220.5 220.5 220.5 220.5 220.5 220.5 220.5 220.5 220.5 220.5 220.5 220.5 220.5 220.5 220.5 220.5 220.5 220.5 220.5 220.5 220.5 220.5 220.5 220.5 204.3 204.3 204.3 204.3 204.3 204.3 204.3 204.3 204.3 204.3 204.3 204.3 204.3 204.3 204.3 204.3 204.3 204.3 204.3 204.3 204.3 204.3 204.3 204.3 204.3 204.3 204.3 204.3 204.3 
220.5 220.5 220.5 220.5 220.5 220.5 220.5 220.5 220.5 220.5 220.5 220.5 220.5 220.5 220.5 220.5 220.5 220.5 220.5 220.5 220.5 220.5 220.5 220.5 220.5 220.5 220.5 220.5 220.5 220.5 220.5 220.5 220.5 220.5 220.5 220.5 220.5 220.5 220.5 220.5 220.5 220.5 220.5 220.5 220.5 220.5 220.5 220.5 220.5 220.5 220.5 220.5 220.5 220.5 220.5 220.5 220.5 220.5 220.5 220.5 220.5 220.5 220.5 220.5 220.5 220.5 220.5 220.5 220.5 220.5 220.5 204.3 204.3 204.3 204.3 204.3 204.3 204.3 204.3 204.3 204.3 204.3 204.3 204.3 204.3 204.3 204.3 204.3 204.3 204.3 204.3 204.3 204.3 204.3 204.3 204.3 204.3 204.3 204.3 204.3 
220.5 220.5 220.5 220.5 220.5 220.5 220.5 220.5 220.5 220.5 220.5 220.5 220.5 220.5 220.5 220.5 220.5 220.5 220.5 220.5 220.5 220.5 220.5 220.5 220.5 220.5 220.5 220.5 220.5 220.5 220.5 220.5 220.5 220.5 220.5 220.5 220.5 220.5 220.5 220.5 220.5 220.5 220.5 220.5 220.5 220.5 220.5 220.5 220.5 220.5 220.5 220.5 220.5 220.5 220.5 220.5 220.5 220.5 220.5 220.5 220.5 220.5 220.5 220.5 220.5 220.5 220.5 220.5 220.5 220.5 220.5 204.3 204.3 204.3 204.3 204.3 204.3 204.3 204.3 204.3 204.3 204.3 204.3 204.3 204.3 204.3 204.3 204.3 204.3 204.3 204.3 204.3 204.3 204.3 204.3 204.3 204.3 204.3 204.3 204.3 
220.5 220.5 220.5 220.5 220.5 220.5 220.5 220.5 220.5 220.5 220.5 220.5 220.5 220.5 220.5 220.5 220.5 220.5 220.5 220.5 220.5 220.5 220.5 220.5 220.5 220.5 220.5 220.5 220.5 220.5 220.5 220.5 220.5 220.5 220.5 220.5 220.5 220.5 220.5 220.5 220.5 220.5 220.5 220.5 220.5 220.5 220.5 220.5 220.5 220.5 220.5 220.5 220.5 220.5 220.5 220.5 220.5 220.5 220.5 220.5 220.5 220.5 220.5 220.5 220.5 220.5 220.5 220.5 220.5 220.5 220.5 204.3 204.3 204.3 204.3 204.3 204.3 204.3 204.3 204.3 204.3 204.3 204.3 204.3 204.3 204.3 204.3 204.3 204.3 204.3 204.3 204.3 204.3 204.3 204.3 204.3 204.3 204.3 204.3 204.3 
220.5 220.5 220.5 220.5 220.5 220.5 220.5 220.5 220.5 220.5 220.5 220.5 220.5 220.5 220.5 220.5 220.5 220.5 220.5 220.5 220.5 220.5 220.5 220.5 220.5 220.5 220.5 220.5 220.5 220.5 220.5 220.5 220.5 220.5 220.5 220.5 220.5 220.5 220.5 220.5 220.5 220.5 220.5 220.5 220.5 220.5 220.5 220.5 220.5 220.5 220.5 220.5 220.5 220.5 220.5 220.5 220.5 220.5 220.5 220.5 220.5 220.5 220.5 220.5 220.5 220.5 220.5 220.5 220.5 220.5 220.5 204.3 204.3 204.3 204.3 204.3 204.3 204.3 204.3 204.3 204.3 204.3 204.3 204.3 204.3 204.3 204.3 204.3 204.3 204.3 204.3 204.3 204.3 204.3 204.3 204.3 204.3 204.3 204.3 204.3 
220.5 220.5 220.5 220.5 220.5 220.5 220.5 220.5 220.5 220.5 220.5 220.5 220.5 220.5 220.5 220.5 220.5 220.5 220.5 220.5 220.5 220.5 220.5 220.5 220.5 220.5 220.5 220.5 220.5 220.5 220.5 220.5 220.5 220.5 220.5 220.5 220.5 220.5 220.5 220.5 220.5 220.5 220.5 220.5 220.5 220.5 220.5 220.5 220.5 220.5 220.5 220.5 220.5 220.5 220.5 220.5 220.5 220.5 220.5 220.5 220.5 220.5 220.5 220.5 220.5 220.5 220.5 220.5 220.5 220.5 220.5 204.3 204.3 204.3 204.3 204.3 204.3 204.3 204.3 204.3 204.3 204.3 204.3 204.3 204.3 204.3 204.3 204.3 204.3 204.3 204.3 204.3 204.3 204.3 204.3 204.3 204.3 204.3 204.3 204.3 
220.5 220.5 220.5 220.5 220.5 220.5 220.5 220.5 220.5 220.5 220.5 220.5 220.5 220.5 220.5 220.5 220.5 220.5 220.5 220.5 220.5 220.5 220.5 220.5 220.5 220.5 220.5 220.5 220.5 220.5 220.5 220.5 220.5 220.5 220.5 220.5 220.5 220.5 220.5 220.5 220.5 220.5 220.5 220.5 220.5 220.5 220.5 220.5 220.5 220.5 220.5 220.5 220.5 220.5 220.5 220.5 220.5 220.5 220.5 220.5 220.5 220.5 220.5 220.5 220.5 220.5 220.5 220.5 220.5 220.5 220.5 204.3 204.3 204.3 204.3 204.3 204.3 204.3 204.3 204.3 204.3 204.3 204.3 204.3 204.3 204.3 204.3 204.3 204.3 204.3 204.3 204.3 204.3 204.3 204.3 204.3 204.3 204.3 204.3 204.3 
220.5 220.5 220.5 220.5 220.5 220.5 220.5 220.5 220.5 220.5 220.5 220.5 220.5 220.5 220.5 220.5 220.5 220.5 220.5 220.5 220.5 220.5 220.5 220.5 220.5 220.5 220.5 220.5 220.5 220.5 220.5 220.5 220.5 220.5 220.5 220.5 220.5 220.5 220.5 220.5 220.5 220.5 220.5 220.5 220.5 220.5 220.5 220.5 220.5 220.5 220.5 220.5 220.5 220.5 220.5 220.5 220.5 220.5 220.5 220.5 220.5 220.5 220.5 220.5 220.5 220.5 220.5 220.5 220.5 220.5 220.5 204.3 204.3 204.3 204.3 204.3 204.3 204.3 204.3 204.3 204.3 204.3 204.3 204.3 204.3 204.3 204.3 204.3 204.3 204.3 204.3 204.3 204.3 204.3 204.3 204.3 204.3 204.3 204.3 204.3 
220.5 220.5 220.5 220.5 220.5 220.5 220.5 220.5 220.5 220.5 220.5 220.5 220.5 220.5 220.5 220.5 220.5 220.5 220.5 220.5 220.5 220.5 220.5 220.5 220.5 220.5 220.5 220.5 220.5 220.5 220.5 220.5 220.5 220.5 220.5 220.5 220.5 220.5 220.5 220.5 220.5 220.5 220.5 220.5 220.5 220.5 220.5 220.5 220.5 220.5 220.5 220.5 220.5 220.5 220.5 220.5 220.5 220.5 220.5 220.5 220.5 220.5 220.5 220.5 220.5 220.5 220.5 220.5 220.5 220.5 220.5 204.3 204.3 204.3 204.3 204.3 204.3 204.3 204.3 204.3 204.3 204.3 204.3 204.3 204.3 204.3 204.3 204.3 204.3 204.3 204.3 204.3 204.3 204.3 204.3 204.3 204.3 204.3 204.3 204.3 
220.5 220.5 220.5 220.5 220.5 220.5 220.5 220.5 220.5 220.5 220.5 220.5 220.5 220.5 220.5 220.5 220.5 220.5 220.5 220.5 220.5 220.5 220.5 220.5 220.5 220.5 220.5 220.5 220.5 220.5 220.5 220.5 220.5 220.5 220.5 220.5 220.5 220.5 220.5 220.5 220.5 220.5 220.5 220.5 220.5 220.5 220.5 220.5 220.5 220.5 220.5 220.5 220.5 220.5 220.5 220.5 220.5 220.5 220.5 220.5 220.5 220.5 220.5 220.5 220.5 220.5 220.5 220.5 220.5 220.5 220.5 204.3 204.3 204.3 204.3 204.3 204.3 204.3 204.3 204.3 204.3 204.3 204.3 204.3 204.3 204.3 204.3 204.3 204.3 204.3 204.3 204.3 204.3 204.3 204.3 204.3 204.3 204.3 204.3 204.3 
220.5 220.5 220.5 220.5 220.5 220.5 220.5 220.5 220.5 220.5 220.5 220.5 220.5 220.5 220.5 220.5 220.5 220.5 220.5 220.5 220.5 220.5 220.5 220.5 220.5 220.5 220.5 220.5 220.5 220.5 220.5 220.5 220.5 220.5 220.5 220.5 220.5 220.5 220.5 220.5 220.5 220.5 220.5 220.5 220.5 220.5 220.5 220.5 220.5 220.5 220.5 220.5 220.5 220.5 220.5 220.5 220.5 220.5 220.5 220.5 220.5 220.5 220.5 220.5 220.5 220.5 220.5 220.5 220.5 220.5 220.5 204.3 204.3 204.3 204.3 204.3 204.3 204.3 204.3 204.3 204.3 204.3 204.3 204.3 204.3 204.3 204.3 204.3 204.3 204.3 204.3 204.3 204.3 204.3 204.3 204.3 204.3 204.3 204.3 204.3 
220.5 220.5 220.5 220.5 220.5 220.5 220.5 220.5 220.5 220.5 220.5 220.5 220.5 220.5 220.5 220.5 220.5 220.5 220.5 220.5 220.5 220.5 220.5 220.5 220.5 220.5 220.5 220.5 220.5 220.5 220.5 220.5 220.5 220.5 220.5 220.5 220.5 220.5 220.5 220.5 220.5 220.5 220.5 220.5 220.5 220.5 220.5 220.5 220.5 220.5 220.5 220.5 220.5 220.5 220.5 220.5 220.5 220.5 220.5 220.5 220.5 220.5 220.5 220.5 220.5 220.5 220.5 220.5 220.5 220.5 220.5 204.3 204.3 204.3 204.3 204.3 204.3 204.3 204.3 204.3 204.3 204.3 204.3 204.3 204.3 204.3 204.3 204.3 204.3 204.3 204.3 204.3 204.3 204.3 204.3 204.3 204.3 204.3 204.3 204.3 
