ncols         100
nrows         100
xllcorner     -59982.863281
yllcorner     1851083.022172
cellsize      1000
NODATA_value  -9999
3.16 3.16 3.16 3.16 3.16 3.16 3.16 3.16 3.16 3.16 3.16 2.7 2.7 2.7 2.7 2.7 2.7 2.7 2.7 2.7 2.7 2.7 2.7 2.7 2.7 2.7 2.7 2.7 2.7 2.7 2.7 2.7 2.7 2.7 2.7 2.7 2.7 2.7 2.7 2.7 2.7 2.7 2.7 2.7 2.7 2.7 2.7 2.7 2.7 2.7 2.7 2.7 2.7 2.7 2.7 2.7 2.7 2.7 2.7 2.7 2.7 2.7 2.7 2.7 2.7 2.7 2.7 2.7 2.7 2.7 2.7 2.94 2.94 2.94 2.94 2.94 2.94 2.94 2.94 2.94 2.94 2.94 2.94 2.94 2.94 2.94 2.94 2.94 2.94 2.94 2.94 2.94 2.94 2.94 2.94 2.94 2.94 2.94 2.94 2.94 
3.16 3.16 3.16 3.16 3.16 3.16 3.16 3.16 3.16 3.16 3.16 2.7 2.7 2.7 2.7 2.7 2.7 2.7 2.7 2.7 2.7 2.7 2.7 2.7 2.7 2.7 2.7 2.7 2.7 2.7 2.7 2.7 2.7 2.7 2.7 2.7 2.7 2.7 2.7 2.7 2.7 2.7 2.7 2.7 2.7 2.7 2.7 2.7 2.7 2.7 2.7 2.7 2.7 2.7 2.7 2.7 2.7 2.7 2.7 2.7 2.7 2.7 2.7 2.7 2.7 2.7 2.7 2.7 2.7 2.7 2.7 2.94 2.94 2.94 2.94 2.94 2.94 2.94 2.94 2.94 2.94 2.94 2.94 2.94 2.94 2.94 2.94 2.94 2.94 2.94 2.94 2.94 2.94 2.94 2.94 2.94 2.94 2.94 2.94 2.94 
3.16 3.16 3.16 3.16 3.16 3.16 3.16 3.16 3.16 3.16 3.16 2.7 2.7 2.7 2.7 2.7 2.7 2.7 2.7 2.7 2.7 2.7 2.7 2.7 2.7 2.7 2.7 2.7 2.7 2.7 2.7 2.7 2.7 2.7 2.7 2.7 2.7 2.7 2.7 2.7 2.7 2.7 2.7 2.7 2.7 2.7 2.7 2.7 2.7 2.7 2.7 2.7 2.7 2.7 2.7 2.7 2.7 2.7 2.7 2.7 2.7 2.7 2.7 2.7 2.7 2.7 2.7 2.7 2.7 2.7 2.7 2.94 2.94 2.94 2.94 2.94 2.94 2.94 2.94 2.94 2.94 2.94 2.94 2.94 2.94 2.94 2.94 2.94 2.94 2.94 2.94 2.94 2.94 2.94 2.94 2.94 2.94 2.94 2.94 2.94 
3.16 3.16 3.16 3.16 3.16 3.16 3.16 3.16 3.16 3.16 3.16 2.7 2.7 2.7 2.7 2.7 2.7 2.7 2.7 2.7 2.7 2.7 2.7 2.7 2.7 2.7 2.7 2.7 2.7 2.7 2.7 2.7 2.7 2.7 2.7 2.7 2.7 2.7 2.7 2.7 2.7 2.7 2.7 2.7 2.7 2.7 2.7 2.7 2.7 2.7 2.7 2.7 2.7 2.7 2.7 2.7 2.7 2.7 2.7 2.7 2.7 2.7 2.7 2.7 2.7 2.7 2.7 2.7 2.7 2.7 2.7 2.94 2.94 2.94 2.94 2.94 2.94 2.94 2.94 2.94 2.94 2.94 2.94 2.94 2.94 2.94 2.94 2.94 2.94 2.94 2.94 2.94 2.94 2.94 2.94 2.94 2.94 2.94 2.94 2.94 
3.16 3.16 3.16 3.16 3.16 3.16 3.16 3.16 3.16 3.16 3.16 2.7 2.7 2.7 2.7 2.7 2.7 2.7 2.7 2.7 2.7 2.7 2.7 2.7 2.7 2.7 2.7 2.7 2.7 2.7 2.7 2.7 2.7 2.7 2.7 2.7 2.7 2.7 2.7 2.7 2.7 2.7 2.7 2.7 2.7 2.7 2.7 2.7 2.7 2.7 2.7 2.7 2.7 2.7 2.7 2.7 2.7 2.7 2.7 2.7 2.7 2.7 2.7 2.7 2.7 2.7 2.7 2.7 2.7 2.7 2.7 2.94 2.94 2.94 2.94 2.94 2.94 2.94 2.94 2.94 2.94 2.94 2.94 2.94 2.94 2.94 2.94 2.94 2.94 2.94 2.94 2.94 2.94 2.94 2.94 2.94 2.94 2.94 2.94 2.94 
3.16 3.16 3.16 3.16 3.16 3.16 3.16 3.16 3.16 3.16 3.16 2.7 2.7 2.7 2.7 2.7 2.7 2.7 2.7 2.7 2.7 2.7 2.7 2.7 2.7 2.7 2.7 2.7 2.7 2.7 2.7 2.7 2.7 2.7 2.7 2.7 2.7 2.7 2.7 2.7 2.7 2.7 2.7 2.7 2.7 2.7 2.7 2.7 2.7 2.7 2.7 2.7 2.7 2.7 2.7 2.7 2.7 2.7 2.7 2.7 2.7 2.7 2.7 2.7 2.7 2.7 2.7 2.7 2.7 2.7 2.7 2.94 2.94 2.94 2.94 2.94 2.94 2.94 2.94 2.94 2.94 2.94 2.94 2.94 2.94 2.94 2.94 2.94 2.94 2.94 2.94 2.94 2.94 2.94 2.94 2.94 2.94 2.94 2.94 2.94 
3.16 3.16 3.16 3.16 3.16 3.16 3.16 3.16 3.16 3.16 3.16 2.7 2.7 2.7 2.7 2.7 2.7 2.7 2.7 2.7 2.7 2.7 2.7 2.7 2.7 2.7 2.7 2.7 2.7 2.7 2.7 2.7 2.7 2.7 2.7 2.7 2.7 2.7 2.7 2.7 2.7 2.7 2.7 2.7 2.7 2.7 2.7 2.7 2.7 2.7 2.7 2.7 2.7 2.7 2.7 2.7 2.7 2.7 2.7 2.7 2.7 2.7 2.7 2.7 2.7 2.7 2.7 2.7 2.7 2.7 2.7 2.94 2.94 2.94 2.94 2.94 2.94 2.94 2.94 2.94 2.94 2.94 2.94 2.94 2.94 2.94 2.94 2.94 2.94 2.94 2.94 2.94 2.94 2.94 2.94 2.94 2.94 2.94 2.94 2.94 
3.16 3.16 3.16 3.16 3.16 3.16 3.16 3.16 3.16 3.16 3.16 2.7 2.7 2.7 2.7 2.7 2.7 2.7 2.7 2.7 2.7 2.7 2.7 2.7 2.7 2.7 2.7 2.7 2.7 2.7 2.7 2.7 2.7 2.7 2.7 2.7 2.7 2.7 2.7 2.7 2.7 2.7 2.7 2.7 2.7 2.7 2.7 2.7 2.7 2.7 2.7 2.7 2.7 2.7 2.7 2.7 2.7 2.7 2.7 2.7 2.7 2.7 2.7 2.7 2.7 2.7 2.7 2.7 2.7 2.7 2.7 2.94 2.94 2.94 2.94 2.94 2.94 2.94 2.94 2.94 2.94 2.94 2.94 2.94 2.94 2.94 2.94 2.94 2.94 2.94 2.94 2.94 2.94 2.94 2.94 2.94 2.94 2.94 2.94 2.94 
3.16 3.16 3.16 3.16 3.16 3.16 3.16 3.16 3.16 3.16 3.16 2.7 2.7 2.7 2.7 2.7 2.7 2.7 2.7 2.7 2.7 2.7 2.7 2.7 2.7 2.7 2.7 2.7 2.7 2.7 2.7 2.7 2.7 2.7 2.7 2.7 2.7 2.7 2.7 2.7 2.7 2.7 2.7 2.7 2.7 2.7 2.7 2.7 2.7 2.7 2.7 2.7 2.7 2.7 2.7 2.7 2.7 2.7 2.7 2.7 2.7 2.7 2.7 2.7 2.7 2.7 2.7 2.7 2.7 2.7 2.7 2.94 2.94 2.94 2.94 2.94 2.94 2.94 2.94 2.94 2.94 2.94 2.94 2.94 2.94 2.94 2.94 2.94 2.94 2.94 2.94 2.94 2.94 2.94 2.94 2.94 2.94 2.94 2.94 2.94 
3.46 3.46 3.46 3.46 3.46 3.46 3.46 3.46 3.46 3.46 3.46 3.54 3.54 3.54 3.54 3.54 3.54 3.54 3.54 3.54 3.54 3.54 3.54 3.54 3.54 3.54 3.54 3.54 3.54 3.54 3.54 3.54 3.54 3.54 3.54 3.54 3.54 3.54 3.54 3.54 3.54 3.54 3.54 3.54 3.54 3.54 3.54 3.54 3.54 3.54 3.54 3.54 3.54 3.54 3.54 3.54 3.54 3.54 3.54 3.54 3.54 3.54 3.54 3.54 3.54 3.54 3.54 3.54 3.54 3.54 3.54 3.78 3.78 3.78 3.78 3.78 3.78 3.78 3.78 3.78 3.78 3.78 3.78 3.78 3.78 3.78 3.78 3.78 3.78 3.78 3.78 3.78 3.78 3.78 3.78 3.78 3.78 3.78 3.78 3.78 
3.46 3.46 3.46 3.46 3.46 3.46 3.46 3.46 3.46 3.46 3.46 3.54 3.54 3.54 3.54 3.54 3.54 3.54 3.54 3.54 3.54 3.54 3.54 3.54 3.54 3.54 3.54 3.54 3.54 3.54 3.54 3.54 3.54 3.54 3.54 3.54 3.54 3.54 3.54 3.54 3.54 3.54 3.54 3.54 3.54 3.54 3.54 3.54 3.54 3.54 3.54 3.54 3.54 3.54 3.54 3.54 3.54 3.54 3.54 3.54 3.54 3.54 3.54 3.54 3.54 3.54 3.54 3.54 3.54 3.54 3.54 3.78 3.78 3.78 3.78 3.78 3.78 3.78 3.78 3.78 3.78 3.78 3.78 3.78 3.78 3.78 3.78 3.78 3.78 3.78 3.78 3.78 3.78 3.78 3.78 3.78 3.78 3.78 3.78 3.78 
3.46 3.46 3.46 3.46 3.46 3.46 3.46 3.46 3.46 3.46 3.46 3.54 3.54 3.54 3.54 3.54 3.54 3.54 3.54 3.54 3.54 3.54 3.54 3.54 3.54 3.54 3.54 3.54 3.54 3.54 3.54 3.54 3.54 3.54 3.54 3.54 3.54 3.54 3.54 3.54 3.54 3.54 3.54 3.54 3.54 3.54 3.54 3.54 3.54 3.54 3.54 3.54 3.54 3.54 3.54 3.54 3.54 3.54 3.54 3.54 3.54 3.54 3.54 3.54 3.54 3.54 3.54 3.54 3.54 3.54 3.54 3.78 3.78 3.78 3.78 3.78 3.78 3.78 3.78 3.78 3.78 3.78 3.78 3.78 3.78 3.78 3.78 3.78 3.78 3.78 3.78 3.78 3.78 3.78 3.78 3.78 3.78 3.78 3.78 3.78 
3.46 3.46 3.46 3.46 3.46 3.46 3.46 3.46 3.46 3.46 3.46 3.54 3.54 3.54 3.54 3.54 3.54 3.54 3.54 3.54 3.54 3.54 3.54 3.54 3.54 3.54 3.54 3.54 3.54 3.54 3.54 3.54 3.54 3.54 3.54 3.54 3.54 3.54 3.54 3.54 3.54 3.54 3.54 3.54 3.54 3.54 3.54 3.54 3.54 3.54 3.54 3.54 3.54 3.54 3.54 3.54 3.54 3.54 3.54 3.54 3.54 3.54 3.54 3.54 3.54 3.54 3.54 3.54 3.54 3.54 3.54 3.78 3.78 3.78 3.78 3.78 3.78 3.78 3.78 3.78 3.78 3.78 3.78 3.78 3.78 3.78 3.78 3.78 3.78 3.78 3.78 3.78 3.78 3.78 3.78 3.78 3.78 3.78 3.78 3.78 
3.46 3.46 3.46 3.46 3.46 3.46 3.46 3.46 3.46 3.46 3.46 3.54 3.54 3.54 3.54 3.54 3.54 3.54 3.54 3.54 3.54 3.54 3.54 3.54 3.54 3.54 3.54 3.54 3.54 3.54 3.54 3.54 3.54 3.54 3.54 3.54 3.54 3.54 3.54 3.54 3.54 3.54 3.54 3.54 3.54 3.54 3.54 3.54 3.54 3.54 3.54 3.54 3.54 3.54 3.54 3.54 3.54 3.54 3.54 3.54 3.54 3.54 3.54 3.54 3.54 3.54 3.54 3.54 3.54 3.54 3.54 3.78 3.78 3.78 3.78 3.78 3.78 3.78 3.78 3.78 3.78 3.78 3.78 3.78 3.78 3.78 3.78 3.78 3.78 3.78 3.78 3.78 3.78 3.78 3.78 3.78 3.78 3.78 3.78 3.78 
3.46 3.46 3.46 3.46 3.46 3.46 3.46 3.46 3.46 3.46 3.46 3.54 3.54 3.54 3.54 3.54 3.54 3.54 3.54 3.54 3.54 3.54 3.54 3.54 3.54 3.54 3.54 3.54 3.54 3.54 3.54 3.54 3.54 3.54 3.54 3.54 3.54 3.54 3.54 3.54 3.54 3.54 3.54 3.54 3.54 3.54 3.54 3.54 3.54 3.54 3.54 3.54 3.54 3.54 3.54 3.54 3.54 3.54 3.54 3.54 3.54 3.54 3.54 3.54 3.54 3.54 3.54 3.54 3.54 3.54 3.54 3.78 3.78 3.78 3.78 3.78 3.78 3.78 3.78 3.78 3.78 3.78 3.78 3.78 3.78 3.78 3.78 3.78 3.78 3.78 3.78 3.78 3.78 3.78 3.78 3.78 3.78 3.78 3.78 3.78 
3.46 3.46 3.46 3.46 3.46 3.46 3.46 3.46 3.46 3.46 3.46 3.54 3.54 3.54 3.54 3.54 3.54 3.54 3.54 3.54 3.54 3.54 3.54 3.54 3.54 3.54 3.54 3.54 3.54 3.54 3.54 3.54 3.54 3.54 3.54 3.54 3.54 3.54 3.54 3.54 3.54 3.54 3.54 3.54 3.54 3.54 3.54 3.54 3.54 3.54 3.54 3.54 3.54 3.54 3.54 3.54 3.54 3.54 3.54 3.54 3.54 3.54 3.54 3.54 3.54 3.54 3.54 3.54 3.54 3.54 3.54 3.78 3.78 3.78 3.78 3.78 3.78 3.78 3.78 3.78 3.78 3.78 3.78 3.78 3.78 3.78 3.78 3.78 3.78 3.78 3.78 3.78 3.78 3.78 3.78 3.78 3.78 3.78 3.78 3.78 
3.46 3.46 3.46 3.46 3.46 3.46 3.46 3.46 3.46 3.46 3.46 3.54 3.54 3.54 3.54 3.54 3.54 3.54 3.54 3.54 3.54 3.54 3.54 3.54 3.54 3.54 3.54 3.54 3.54 3.54 3.54 3.54 3.54 3.54 3.54 3.54 3.54 3.54 3.54 3.54 3.54 3.54 3.54 3.54 3.54 3.54 3.54 3.54 3.54 3.54 3.54 3.54 3.54 3.54 3.54 3.54 3.54 3.54 3.54 3.54 3.54 3.54 3.54 3.54 3.54 3.54 3.54 3.54 3.54 3.54 3.54 3.78 3.78 3.78 3.78 3.78 3.78 3.78 3.78 3.78 3.78 3.78 3.78 3.78 3.78 3.78 3.78 3.78 3.78 3.78 3.78 3.78 3.78 3.78 3.78 3.78 3.78 3.78 3.78 3.78 
3.46 3.46 3.46 3.46 3.46 3.46 3.46 3.46 3.46 3.46 3.46 3.54 3.54 3.54 3.54 3.54 3.54 3.54 3.54 3.54 3.54 3.54 3.54 3.54 3.54 3.54 3.54 3.54 3.54 3.54 3.54 3.54 3.54 3.54 3.54 3.54 3.54 3.54 3.54 3.54 3.54 3.54 3.54 3.54 3.54 3.54 3.54 3.54 3.54 3.54 3.54 3.54 3.54 3.54 3.54 3.54 3.54 3.54 3.54 3.54 3.54 3.54 3.54 3.54 3.54 3.54 3.54 3.54 3.54 3.54 3.54 3.78 3.78 3.78 3.78 3.78 3.78 3.78 3.78 3.78 3.78 3.78 3.78 3.78 3.78 3.78 3.78 3.78 3.78 3.78 3.78 3.78 3.78 3.78 3.78 3.78 3.78 3.78 3.78 3.78 
3.46 3.46 3.46 3.46 3.46 3.46 3.46 3.46 3.46 3.46 3.46 3.54 3.54 3.54 3.54 3.54 3.54 3.54 3.54 3.54 3.54 3.54 3.54 3.54 3.54 3.54 3.54 3.54 3.54 3.54 3.54 3.54 3.54 3.54 3.54 3.54 3.54 3.54 3.54 3.54 3.54 3.54 3.54 3.54 3.54 3.54 3.54 3.54 3.54 3.54 3.54 3.54 3.54 3.54 3.54 3.54 3.54 3.54 3.54 3.54 3.54 3.54 3.54 3.54 3.54 3.54 3.54 3.54 3.54 3.54 3.54 3.78 3.78 3.78 3.78 3.78 3.78 3.78 3.78 3.78 3.78 3.78 3.78 3.78 3.78 3.78 3.78 3.78 3.78 3.78 3.78 3.78 3.78 3.78 3.78 3.78 3.78 3.78 3.78 3.78 
3.46 3.46 3.46 3.46 3.46 3.46 3.46 3.46 3.46 3.46 3.46 3.54 3.54 3.54 3.54 3.54 3.54 3.54 3.54 3.54 3.54 3.54 3.54 3.54 3.54 3.54 3.54 3.54 3.54 3.54 3.54 3.54 3.54 3.54 3.54 3.54 3.54 3.54 3.54 3.54 3.54 3.54 3.54 3.54 3.54 3.54 3.54 3.54 3.54 3.54 3.54 3.54 3.54 3.54 3.54 3.54 3.54 3.54 3.54 3.54 3.54 3.54 3.54 3.54 3.54 3.54 3.54 3.54 3.54 3.54 3.54 3.78 3.78 3.78 3.78 3.78 3.78 3.78 3.78 3.78 3.78 3.78 3.78 3.78 3.78 3.78 3.78 3.78 3.78 3.78 3.78 3.78 3.78 3.78 3.78 3.78 3.78 3.78 3.78 3.78 
3.46 3.46 3.46 3.46 3.46 3.46 3.46 3.46 3.46 3.46 3.46 3.54 3.54 3.54 3.54 3.54 3.54 3.54 3.54 3.54 3.54 3.54 3.54 3.54 3.54 3.54 3.54 3.54 3.54 3.54 3.54 3.54 3.54 3.54 3.54 3.54 3.54 3.54 3.54 3.54 3.54 3.54 3.54 3.54 3.54 3.54 3.54 3.54 3.54 3.54 3.54 3.54 3.54 3.54 3.54 3.54 3.54 3.54 3.54 3.54 3.54 3.54 3.54 3.54 3.54 3.54 3.54 3.54 3.54 3.54 3.54 3.78 3.78 3.78 3.78 3.78 3.78 3.78 3.78 3.78 3.78 3.78 3.78 3.78 3.78 3.78 3.78 3.78 3.78 3.78 3.78 3.78 3.78 3.78 3.78 3.78 3.78 3.78 3.78 3.78 
3.46 3.46 3.46 3.46 3.46 3.46 3.46 3.46 3.46 3.46 3.46 3.54 3.54 3.54 3.54 3.54 3.54 3.54 3.54 3.54 3.54 3.54 3.54 3.54 3.54 3.54 3.54 3.54 3.54 3.54 3.54 3.54 3.54 3.54 3.54 3.54 3.54 3.54 3.54 3.54 3.54 3.54 3.54 3.54 3.54 3.54 3.54 3.54 3.54 3.54 3.54 3.54 3.54 3.54 3.54 3.54 3.54 3.54 3.54 3.54 3.54 3.54 3.54 3.54 3.54 3.54 3.54 3.54 3.54 3.54 3.54 3.78 3.78 3.78 3.78 3.78 3.78 3.78 3.78 3.78 3.78 3.78 3.78 3.78 3.78 3.78 3.78 3.78 3.78 3.78 3.78 3.78 3.78 3.78 3.78 3.78 3.78 3.78 3.78 3.78 
3.46 3.46 3.46 3.46 3.46 3.46 3.46 3.46 3.46 3.46 3.46 3.54 3.54 3.54 3.54 3.54 3.54 3.54 3.54 3.54 3.54 3.54 3.54 3.54 3.54 3.54 3.54 3.54 3.54 3.54 3.54 3.54 3.54 3.54 3.54 3.54 3.54 3.54 3.54 3.54 3.54 3.54 3.54 3.54 3.54 3.54 3.54 3.54 3.54 3.54 3.54 3.54 3.54 3.54 3.54 3.54 3.54 3.54 3.54 3.54 3.54 3.54 3.54 3.54 3.54 3.54 3.54 3.54 3.54 3.54 3.54 3.78 3.78 3.78 3.78 3.78 3.78 3.78 3.78 3.78 3.78 3.78 3.78 3.78 3.78 3.78 3.78 3.78 3.78 3.78 3.78 3.78 3.78 3.78 3.78 3.78 3.78 3.78 3.78 3.78 
3.46 3.46 3.46 3.46 3.46 3.46 3.46 3.46 3.46 3.46 3.46 3.54 3.54 3.54 3.54 3.54 3.54 3.54 3.54 3.54 3.54 3.54 3.54 3.54 3.54 3.54 3.54 3.54 3.54 3.54 3.54 3.54 3.54 3.54 3.54 3.54 3.54 3.54 3.54 3.54 3.54 3.54 3.54 3.54 3.54 3.54 3.54 3.54 3.54 3.54 3.54 3.54 3.54 3.54 3.54 3.54 3.54 3.54 3.54 3.54 3.54 3.54 3.54 3.54 3.54 3.54 3.54 3.54 3.54 3.54 3.54 3.78 3.78 3.78 3.78 3.78 3.78 3.78 3.78 3.78 3.78 3.78 3.78 3.78 3.78 3.78 3.78 3.78 3.78 3.78 3.78 3.78 3.78 3.78 3.78 3.78 3.78 3.78 3.78 3.78 
3.46 3.46 3.46 3.46 3.46 3.46 3.46 3.46 3.46 3.46 3.46 3.54 3.54 3.54 3.54 3.54 3.54 3.54 3.54 3.54 3.54 3.54 3.54 3.54 3.54 3.54 3.54 3.54 3.54 3.54 3.54 3.54 3.54 3.54 3.54 3.54 3.54 3.54 3.54 3.54 3.54 3.54 3.54 3.54 3.54 3.54 3.54 3.54 3.54 3.54 3.54 3.54 3.54 3.54 3.54 3.54 3.54 3.54 3.54 3.54 3.54 3.54 3.54 3.54 3.54 3.54 3.54 3.54 3.54 3.54 3.54 3.78 3.78 3.78 3.78 3.78 3.78 3.78 3.78 3.78 3.78 3.78 3.78 3.78 3.78 3.78 3.78 3.78 3.78 3.78 3.78 3.78 3.78 3.78 3.78 3.78 3.78 3.78 3.78 3.78 
3.46 3.46 3.46 3.46 3.46 3.46 3.46 3.46 3.46 3.46 3.46 3.54 3.54 3.54 3.54 3.54 3.54 3.54 3.54 3.54 3.54 3.54 3.54 3.54 3.54 3.54 3.54 3.54 3.54 3.54 3.54 3.54 3.54 3.54 3.54 3.54 3.54 3.54 3.54 3.54 3.54 3.54 3.54 3.54 3.54 3.54 3.54 3.54 3.54 3.54 3.54 3.54 3.54 3.54 3.54 3.54 3.54 3.54 3.54 3.54 3.54 3.54 3.54 3.54 3.54 3.54 3.54 3.54 3.54 3.54 3.54 3.78 3.78 3.78 3.78 3.78 3.78 3.78 3.78 3.78 3.78 3.78 3.78 3.78 3.78 3.78 3.78 3.78 3.78 3.78 3.78 3.78 3.78 3.78 3.78 3.78 3.78 3.78 3.78 3.78 
3.46 3.46 3.46 3.46 3.46 3.46 3.46 3.46 3.46 3.46 3.46 3.54 3.54 3.54 3.54 3.54 3.54 3.54 3.54 3.54 3.54 3.54 3.54 3.54 3.54 3.54 3.54 3.54 3.54 3.54 3.54 3.54 3.54 3.54 3.54 3.54 3.54 3.54 3.54 3.54 3.54 3.54 3.54 3.54 3.54 3.54 3.54 3.54 3.54 3.54 3.54 3.54 3.54 3.54 3.54 3.54 3.54 3.54 3.54 3.54 3.54 3.54 3.54 3.54 3.54 3.54 3.54 3.54 3.54 3.54 3.54 3.78 3.78 3.78 3.78 3.78 3.78 3.78 3.78 3.78 3.78 3.78 3.78 3.78 3.78 3.78 3.78 3.78 3.78 3.78 3.78 3.78 3.78 3.78 3.78 3.78 3.78 3.78 3.78 3.78 
3.46 3.46 3.46 3.46 3.46 3.46 3.46 3.46 3.46 3.46 3.46 3.54 3.54 3.54 3.54 3.54 3.54 3.54 3.54 3.54 3.54 3.54 3.54 3.54 3.54 3.54 3.54 3.54 3.54 3.54 3.54 3.54 3.54 3.54 3.54 3.54 3.54 3.54 3.54 3.54 3.54 3.54 3.54 3.54 3.54 3.54 3.54 3.54 3.54 3.54 3.54 3.54 3.54 3.54 3.54 3.54 3.54 3.54 3.54 3.54 3.54 3.54 3.54 3.54 3.54 3.54 3.54 3.54 3.54 3.54 3.54 3.78 3.78 3.78 3.78 3.78 3.78 3.78 3.78 3.78 3.78 3.78 3.78 3.78 3.78 3.78 3.78 3.78 3.78 3.78 3.78 3.78 3.78 3.78 3.78 3.78 3.78 3.78 3.78 3.78 
3.46 3.46 3.46 3.46 3.46 3.46 3.46 3.46 3.46 3.46 3.46 3.54 3.54 3.54 3.54 3.54 3.54 3.54 3.54 3.54 3.54 3.54 3.54 3.54 3.54 3.54 3.54 3.54 3.54 3.54 3.54 3.54 3.54 3.54 3.54 3.54 3.54 3.54 3.54 3.54 3.54 3.54 3.54 3.54 3.54 3.54 3.54 3.54 3.54 3.54 3.54 3.54 3.54 3.54 3.54 3.54 3.54 3.54 3.54 3.54 3.54 3.54 3.54 3.54 3.54 3.54 3.54 3.54 3.54 3.54 3.54 3.78 3.78 3.78 3.78 3.78 3.78 3.78 3.78 3.78 3.78 3.78 3.78 3.78 3.78 3.78 3.78 3.78 3.78 3.78 3.78 3.78 3.78 3.78 3.78 3.78 3.78 3.78 3.78 3.78 
3.46 3.46 3.46 3.46 3.46 3.46 3.46 3.46 3.46 3.46 3.46 3.54 3.54 3.54 3.54 3.54 3.54 3.54 3.54 3.54 3.54 3.54 3.54 3.54 3.54 3.54 3.54 3.54 3.54 3.54 3.54 3.54 3.54 3.54 3.54 3.54 3.54 3.54 3.54 3.54 3.54 3.54 3.54 3.54 3.54 3.54 3.54 3.54 3.54 3.54 3.54 3.54 3.54 3.54 3.54 3.54 3.54 3.54 3.54 3.54 3.54 3.54 3.54 3.54 3.54 3.54 3.54 3.54 3.54 3.54 3.54 3.78 3.78 3.78 3.78 3.78 3.78 3.78 3.78 3.78 3.78 3.78 3.78 3.78 3.78 3.78 3.78 3.78 3.78 3.78 3.78 3.78 3.78 3.78 3.78 3.78 3.78 3.78 3.78 3.78 
3.46 3.46 3.46 3.46 3.46 3.46 3.46 3.46 3.46 3.46 3.46 3.54 3.54 3.54 3.54 3.54 3.54 3.54 3.54 3.54 3.54 3.54 3.54 3.54 3.54 3.54 3.54 3.54 3.54 3.54 3.54 3.54 3.54 3.54 3.54 3.54 3.54 3.54 3.54 3.54 3.54 3.54 3.54 3.54 3.54 3.54 3.54 3.54 3.54 3.54 3.54 3.54 3.54 3.54 3.54 3.54 3.54 3.54 3.54 3.54 3.54 3.54 3.54 3.54 3.54 3.54 3.54 3.54 3.54 3.54 3.54 3.78 3.78 3.78 3.78 3.78 3.78 3.78 3.78 3.78 3.78 3.78 3.78 3.78 3.78 3.78 3.78 3.78 3.78 3.78 3.78 3.78 3.78 3.78 3.78 3.78 3.78 3.78 3.78 3.78 
3.46 3.46 3.46 3.46 3.46 3.46 3.46 3.46 3.46 3.46 3.46 3.54 3.54 3.54 3.54 3.54 3.54 3.54 3.54 3.54 3.54 3.54 3.54 3.54 3.54 3.54 3.54 3.54 3.54 3.54 3.54 3.54 3.54 3.54 3.54 3.54 3.54 3.54 3.54 3.54 3.54 3.54 3.54 3.54 3.54 3.54 3.54 3.54 3.54 3.54 3.54 3.54 3.54 3.54 3.54 3.54 3.54 3.54 3.54 3.54 3.54 3.54 3.54 3.54 3.54 3.54 3.54 3.54 3.54 3.54 3.54 3.78 3.78 3.78 3.78 3.78 3.78 3.78 3.78 3.78 3.78 3.78 3.78 3.78 3.78 3.78 3.78 3.78 3.78 3.78 3.78 3.78 3.78 3.78 3.78 3.78 3.78 3.78 3.78 3.78 
3.46 3.46 3.46 3.46 3.46 3.46 3.46 3.46 3.46 3.46 3.46 3.54 3.54 3.54 3.54 3.54 3.54 3.54 3.54 3.54 3.54 3.54 3.54 3.54 3.54 3.54 3.54 3.54 3.54 3.54 3.54 3.54 3.54 3.54 3.54 3.54 3.54 3.54 3.54 3.54 3.54 3.54 3.54 3.54 3.54 3.54 3.54 3.54 3.54 3.54 3.54 3.54 3.54 3.54 3.54 3.54 3.54 3.54 3.54 3.54 3.54 3.54 3.54 3.54 3.54 3.54 3.54 3.54 3.54 3.54 3.54 3.78 3.78 3.78 3.78 3.78 3.78 3.78 3.78 3.78 3.78 3.78 3.78 3.78 3.78 3.78 3.78 3.78 3.78 3.78 3.78 3.78 3.78 3.78 3.78 3.78 3.78 3.78 3.78 3.78 
3.46 3.46 3.46 3.46 3.46 3.46 3.46 3.46 3.46 3.46 3.46 3.54 3.54 3.54 3.54 3.54 3.54 3.54 3.54 3.54 3.54 3.54 3.54 3.54 3.54 3.54 3.54 3.54 3.54 3.54 3.54 3.54 3.54 3.54 3.54 3.54 3.54 3.54 3.54 3.54 3.54 3.54 3.54 3.54 3.54 3.54 3.54 3.54 3.54 3.54 3.54 3.54 3.54 3.54 3.54 3.54 3.54 3.54 3.54 3.54 3.54 3.54 3.54 3.54 3.54 3.54 3.54 3.54 3.54 3.54 3.54 3.78 3.78 3.78 3.78 3.78 3.78 3.78 3.78 3.78 3.78 3.78 3.78 3.78 3.78 3.78 3.78 3.78 3.78 3.78 3.78 3.78 3.78 3.78 3.78 3.78 3.78 3.78 3.78 3.78 
3.46 3.46 3.46 3.46 3.46 3.46 3.46 3.46 3.46 3.46 3.46 3.54 3.54 3.54 3.54 3.54 3.54 3.54 3.54 3.54 3.54 3.54 3.54 3.54 3.54 3.54 3.54 3.54 3.54 3.54 3.54 3.54 3.54 3.54 3.54 3.54 3.54 3.54 3.54 3.54 3.54 3.54 3.54 3.54 3.54 3.54 3.54 3.54 3.54 3.54 3.54 3.54 3.54 3.54 3.54 3.54 3.54 3.54 3.54 3.54 3.54 3.54 3.54 3.54 3.54 3.54 3.54 3.54 3.54 3.54 3.54 3.78 3.78 3.78 3.78 3.78 3.78 3.78 3.78 3.78 3.78 3.78 3.78 3.78 3.78 3.78 3.78 3.78 3.78 3.78 3.78 3.78 3.78 3.78 3.78 3.78 3.78 3.78 3.78 3.78 
3.46 3.46 3.46 3.46 3.46 3.46 3.46 3.46 3.46 3.46 3.46 3.54 3.54 3.54 3.54 3.54 3.54 3.54 3.54 3.54 3.54 3.54 3.54 3.54 3.54 3.54 3.54 3.54 3.54 3.54 3.54 3.54 3.54 3.54 3.54 3.54 3.54 3.54 3.54 3.54 3.54 3.54 3.54 3.54 3.54 3.54 3.54 3.54 3.54 3.54 3.54 3.54 3.54 3.54 3.54 3.54 3.54 3.54 3.54 3.54 3.54 3.54 3.54 3.54 3.54 3.54 3.54 3.54 3.54 3.54 3.54 3.78 3.78 3.78 3.78 3.78 3.78 3.78 3.78 3.78 3.78 3.78 3.78 3.78 3.78 3.78 3.78 3.78 3.78 3.78 3.78 3.78 3.78 3.78 3.78 3.78 3.78 3.78 3.78 3.78 
3.46 3.46 3.46 3.46 3.46 3.46 3.46 3.46 3.46 3.46 3.46 3.54 3.54 3.54 3.54 3.54 3.54 3.54 3.54 3.54 3.54 3.54 3.54 3.54 3.54 3.54 3.54 3.54 3.54 3.54 3.54 3.54 3.54 3.54 3.54 3.54 3.54 3.54 3.54 3.54 3.54 3.54 3.54 3.54 3.54 3.54 3.54 3.54 3.54 3.54 3.54 3.54 3.54 3.54 3.54 3.54 3.54 3.54 3.54 3.54 3.54 3.54 3.54 3.54 3.54 3.54 3.54 3.54 3.54 3.54 3.54 3.78 3.78 3.78 3.78 3.78 3.78 3.78 3.78 3.78 3.78 3.78 3.78 3.78 3.78 3.78 3.78 3.78 3.78 3.78 3.78 3.78 3.78 3.78 3.78 3.78 3.78 3.78 3.78 3.78 
3.46 3.46 3.46 3.46 3.46 3.46 3.46 3.46 3.46 3.46 3.46 3.54 3.54 3.54 3.54 3.54 3.54 3.54 3.54 3.54 3.54 3.54 3.54 3.54 3.54 3.54 3.54 3.54 3.54 3.54 3.54 3.54 3.54 3.54 3.54 3.54 3.54 3.54 3.54 3.54 3.54 3.54 3.54 3.54 3.54 3.54 3.54 3.54 3.54 3.54 3.54 3.54 3.54 3.54 3.54 3.54 3.54 3.54 3.54 3.54 3.54 3.54 3.54 3.54 3.54 3.54 3.54 3.54 3.54 3.54 3.54 3.78 3.78 3.78 3.78 3.78 3.78 3.78 3.78 3.78 3.78 3.78 3.78 3.78 3.78 3.78 3.78 3.78 3.78 3.78 3.78 3.78 3.78 3.78 3.78 3.78 3.78 3.78 3.78 3.78 
3.46 3.46 3.46 3.46 3.46 3.46 3.46 3.46 3.46 3.46 3.46 3.54 3.54 3.54 3.54 3.54 3.54 3.54 3.54 3.54 3.54 3.54 3.54 3.54 3.54 3.54 3.54 3.54 3.54 3.54 3.54 3.54 3.54 3.54 3.54 3.54 3.54 3.54 3.54 3.54 3.54 3.54 3.54 3.54 3.54 3.54 3.54 3.54 3.54 3.54 3.54 3.54 3.54 3.54 3.54 3.54 3.54 3.54 3.54 3.54 3.54 3.54 3.54 3.54 3.54 3.54 3.54 3.54 3.54 3.54 3.54 3.78 3.78 3.78 3.78 3.78 3.78 3.78 3.78 3.78 3.78 3.78 3.78 3.78 3.78 3.78 3.78 3.78 3.78 3.78 3.78 3.78 3.78 3.78 3.78 3.78 3.78 3.78 3.78 3.78 
3.46 3.46 3.46 3.46 3.46 3.46 3.46 3.46 3.46 3.46 3.46 3.54 3.54 3.54 3.54 3.54 3.54 3.54 3.54 3.54 3.54 3.54 3.54 3.54 3.54 3.54 3.54 3.54 3.54 3.54 3.54 3.54 3.54 3.54 3.54 3.54 3.54 3.54 3.54 3.54 3.54 3.54 3.54 3.54 3.54 3.54 3.54 3.54 3.54 3.54 3.54 3.54 3.54 3.54 3.54 3.54 3.54 3.54 3.54 3.54 3.54 3.54 3.54 3.54 3.54 3.54 3.54 3.54 3.54 3.54 3.54 3.78 3.78 3.78 3.78 3.78 3.78 3.78 3.78 3.78 3.78 3.78 3.78 3.78 3.78 3.78 3.78 3.78 3.78 3.78 3.78 3.78 3.78 3.78 3.78 3.78 3.78 3.78 3.78 3.78 
3.46 3.46 3.46 3.46 3.46 3.46 3.46 3.46 3.46 3.46 3.46 3.54 3.54 3.54 3.54 3.54 3.54 3.54 3.54 3.54 3.54 3.54 3.54 3.54 3.54 3.54 3.54 3.54 3.54 3.54 3.54 3.54 3.54 3.54 3.54 3.54 3.54 3.54 3.54 3.54 3.54 3.54 3.54 3.54 3.54 3.54 3.54 3.54 3.54 3.54 3.54 3.54 3.54 3.54 3.54 3.54 3.54 3.54 3.54 3.54 3.54 3.54 3.54 3.54 3.54 3.54 3.54 3.54 3.54 3.54 3.54 3.78 3.78 3.78 3.78 3.78 3.78 3.78 3.78 3.78 3.78 3.78 3.78 3.78 3.78 3.78 3.78 3.78 3.78 3.78 3.78 3.78 3.78 3.78 3.78 3.78 3.78 3.78 3.78 3.78 
3.46 3.46 3.46 3.46 3.46 3.46 3.46 3.46 3.46 3.46 3.46 3.54 3.54 3.54 3.54 3.54 3.54 3.54 3.54 3.54 3.54 3.54 3.54 3.54 3.54 3.54 3.54 3.54 3.54 3.54 3.54 3.54 3.54 3.54 3.54 3.54 3.54 3.54 3.54 3.54 3.54 3.54 3.54 3.54 3.54 3.54 3.54 3.54 3.54 3.54 3.54 3.54 3.54 3.54 3.54 3.54 3.54 3.54 3.54 3.54 3.54 3.54 3.54 3.54 3.54 3.54 3.54 3.54 3.54 3.54 3.54 3.78 3.78 3.78 3.78 3.78 3.78 3.78 3.78 3.78 3.78 3.78 3.78 3.78 3.78 3.78 3.78 3.78 3.78 3.78 3.78 3.78 3.78 3.78 3.78 3.78 3.78 3.78 3.78 3.78 
3.46 3.46 3.46 3.46 3.46 3.46 3.46 3.46 3.46 3.46 3.46 3.54 3.54 3.54 3.54 3.54 3.54 3.54 3.54 3.54 3.54 3.54 3.54 3.54 3.54 3.54 3.54 3.54 3.54 3.54 3.54 3.54 3.54 3.54 3.54 3.54 3.54 3.54 3.54 3.54 3.54 3.54 3.54 3.54 3.54 3.54 3.54 3.54 3.54 3.54 3.54 3.54 3.54 3.54 3.54 3.54 3.54 3.54 3.54 3.54 3.54 3.54 3.54 3.54 3.54 3.54 3.54 3.54 3.54 3.54 3.54 3.78 3.78 3.78 3.78 3.78 3.78 3.78 3.78 3.78 3.78 3.78 3.78 3.78 3.78 3.78 3.78 3.78 3.78 3.78 3.78 3.78 3.78 3.78 3.78 3.78 3.78 3.78 3.78 3.78 
3.46 3.46 3.46 3.46 3.46 3.46 3.46 3.46 3.46 3.46 3.46 3.54 3.54 3.54 3.54 3.54 3.54 3.54 3.54 3.54 3.54 3.54 3.54 3.54 3.54 3.54 3.54 3.54 3.54 3.54 3.54 3.54 3.54 3.54 3.54 3.54 3.54 3.54 3.54 3.54 3.54 3.54 3.54 3.54 3.54 3.54 3.54 3.54 3.54 3.54 3.54 3.54 3.54 3.54 3.54 3.54 3.54 3.54 3.54 3.54 3.54 3.54 3.54 3.54 3.54 3.54 3.54 3.54 3.54 3.54 3.54 3.78 3.78 3.78 3.78 3.78 3.78 3.78 3.78 3.78 3.78 3.78 3.78 3.78 3.78 3.78 3.78 3.78 3.78 3.78 3.78 3.78 3.78 3.78 3.78 3.78 3.78 3.78 3.78 3.78 
3.46 3.46 3.46 3.46 3.46 3.46 3.46 3.46 3.46 3.46 3.46 3.54 3.54 3.54 3.54 3.54 3.54 3.54 3.54 3.54 3.54 3.54 3.54 3.54 3.54 3.54 3.54 3.54 3.54 3.54 3.54 3.54 3.54 3.54 3.54 3.54 3.54 3.54 3.54 3.54 3.54 3.54 3.54 3.54 3.54 3.54 3.54 3.54 3.54 3.54 3.54 3.54 3.54 3.54 3.54 3.54 3.54 3.54 3.54 3.54 3.54 3.54 3.54 3.54 3.54 3.54 3.54 3.54 3.54 3.54 3.54 3.78 3.78 3.78 3.78 3.78 3.78 3.78 3.78 3.78 3.78 3.78 3.78 3.78 3.78 3.78 3.78 3.78 3.78 3.78 3.78 3.78 3.78 3.78 3.78 3.78 3.78 3.78 3.78 3.78 
3.46 3.46 3.46 3.46 3.46 3.46 3.46 3.46 3.46 3.46 3.46 3.54 3.54 3.54 3.54 3.54 3.54 3.54 3.54 3.54 3.54 3.54 3.54 3.54 3.54 3.54 3.54 3.54 3.54 3.54 3.54 3.54 3.54 3.54 3.54 3.54 3.54 3.54 3.54 3.54 3.54 3.54 3.54 3.54 3.54 3.54 3.54 3.54 3.54 3.54 3.54 3.54 3.54 3.54 3.54 3.54 3.54 3.54 3.54 3.54 3.54 3.54 3.54 3.54 3.54 3.54 3.54 3.54 3.54 3.54 3.54 3.78 3.78 3.78 3.78 3.78 3.78 3.78 3.78 3.78 3.78 3.78 3.78 3.78 3.78 3.78 3.78 3.78 3.78 3.78 3.78 3.78 3.78 3.78 3.78 3.78 3.78 3.78 3.78 3.78 
3.46 3.46 3.46 3.46 3.46 3.46 3.46 3.46 3.46 3.46 3.46 3.54 3.54 3.54 3.54 3.54 3.54 3.54 3.54 3.54 3.54 3.54 3.54 3.54 3.54 3.54 3.54 3.54 3.54 3.54 3.54 3.54 3.54 3.54 3.54 3.54 3.54 3.54 3.54 3.54 3.54 3.54 3.54 3.54 3.54 3.54 3.54 3.54 3.54 3.54 3.54 3.54 3.54 3.54 3.54 3.54 3.54 3.54 3.54 3.54 3.54 3.54 3.54 3.54 3.54 3.54 3.54 3.54 3.54 3.54 3.54 3.78 3.78 3.78 3.78 3.78 3.78 3.78 3.78 3.78 3.78 3.78 3.78 3.78 3.78 3.78 3.78 3.78 3.78 3.78 3.78 3.78 3.78 3.78 3.78 3.78 3.78 3.78 3.78 3.78 
3.46 3.46 3.46 3.46 3.46 3.46 3.46 3.46 3.46 3.46 3.46 3.54 3.54 3.54 3.54 3.54 3.54 3.54 3.54 3.54 3.54 3.54 3.54 3.54 3.54 3.54 3.54 3.54 3.54 3.54 3.54 3.54 3.54 3.54 3.54 3.54 3.54 3.54 3.54 3.54 3.54 3.54 3.54 3.54 3.54 3.54 3.54 3.54 3.54 3.54 3.54 3.54 3.54 3.54 3.54 3.54 3.54 3.54 3.54 3.54 3.54 3.54 3.54 3.54 3.54 3.54 3.54 3.54 3.54 3.54 3.54 3.78 3.78 3.78 3.78 3.78 3.78 3.78 3.78 3.78 3.78 3.78 3.78 3.78 3.78 3.78 3.78 3.78 3.78 3.78 3.78 3.78 3.78 3.78 3.78 3.78 3.78 3.78 3.78 3.78 
3.46 3.46 3.46 3.46 3.46 3.46 3.46 3.46 3.46 3.46 3.46 3.54 3.54 3.54 3.54 3.54 3.54 3.54 3.54 3.54 3.54 3.54 3.54 3.54 3.54 3.54 3.54 3.54 3.54 3.54 3.54 3.54 3.54 3.54 3.54 3.54 3.54 3.54 3.54 3.54 3.54 3.54 3.54 3.54 3.54 3.54 3.54 3.54 3.54 3.54 3.54 3.54 3.54 3.54 3.54 3.54 3.54 3.54 3.54 3.54 3.54 3.54 3.54 3.54 3.54 3.54 3.54 3.54 3.54 3.54 3.54 3.78 3.78 3.78 3.78 3.78 3.78 3.78 3.78 3.78 3.78 3.78 3.78 3.78 3.78 3.78 3.78 3.78 3.78 3.78 3.78 3.78 3.78 3.78 3.78 3.78 3.78 3.78 3.78 3.78 
3.46 3.46 3.46 3.46 3.46 3.46 3.46 3.46 3.46 3.46 3.46 3.54 3.54 3.54 3.54 3.54 3.54 3.54 3.54 3.54 3.54 3.54 3.54 3.54 3.54 3.54 3.54 3.54 3.54 3.54 3.54 3.54 3.54 3.54 3.54 3.54 3.54 3.54 3.54 3.54 3.54 3.54 3.54 3.54 3.54 3.54 3.54 3.54 3.54 3.54 3.54 3.54 3.54 3.54 3.54 3.54 3.54 3.54 3.54 3.54 3.54 3.54 3.54 3.54 3.54 3.54 3.54 3.54 3.54 3.54 3.54 3.78 3.78 3.78 3.78 3.78 3.78 3.78 3.78 3.78 3.78 3.78 3.78 3.78 3.78 3.78 3.78 3.78 3.78 3.78 3.78 3.78 3.78 3.78 3.78 3.78 3.78 3.78 3.78 3.78 
3.46 3.46 3.46 3.46 3.46 3.46 3.46 3.46 3.46 3.46 3.46 3.54 3.54 3.54 3.54 3.54 3.54 3.54 3.54 3.54 3.54 3.54 3.54 3.54 3.54 3.54 3.54 3.54 3.54 3.54 3.54 3.54 3.54 3.54 3.54 3.54 3.54 3.54 3.54 3.54 3.54 3.54 3.54 3.54 3.54 3.54 3.54 3.54 3.54 3.54 3.54 3.54 3.54 3.54 3.54 3.54 3.54 3.54 3.54 3.54 3.54 3.54 3.54 3.54 3.54 3.54 3.54 3.54 3.54 3.54 3.54 3.78 3.78 3.78 3.78 3.78 3.78 3.78 3.78 3.78 3.78 3.78 3.78 3.78 3.78 3.78 3.78 3.78 3.78 3.78 3.78 3.78 3.78 3.78 3.78 3.78 3.78 3.78 3.78 3.78 
3.46 3.46 3.46 3.46 3.46 3.46 3.46 3.46 3.46 3.46 3.46 3.54 3.54 3.54 3.54 3.54 3.54 3.54 3.54 3.54 3.54 3.54 3.54 3.54 3.54 3.54 3.54 3.54 3.54 3.54 3.54 3.54 3.54 3.54 3.54 3.54 3.54 3.54 3.54 3.54 3.54 3.54 3.54 3.54 3.54 3.54 3.54 3.54 3.54 3.54 3.54 3.54 3.54 3.54 3.54 3.54 3.54 3.54 3.54 3.54 3.54 3.54 3.54 3.54 3.54 3.54 3.54 3.54 3.54 3.54 3.54 3.78 3.78 3.78 3.78 3.78 3.78 3.78 3.78 3.78 3.78 3.78 3.78 3.78 3.78 3.78 3.78 3.78 3.78 3.78 3.78 3.78 3.78 3.78 3.78 3.78 3.78 3.78 3.78 3.78 
3.46 3.46 3.46 3.46 3.46 3.46 3.46 3.46 3.46 3.46 3.46 3.54 3.54 3.54 3.54 3.54 3.54 3.54 3.54 3.54 3.54 3.54 3.54 3.54 3.54 3.54 3.54 3.54 3.54 3.54 3.54 3.54 3.54 3.54 3.54 3.54 3.54 3.54 3.54 3.54 3.54 3.54 3.54 3.54 3.54 3.54 3.54 3.54 3.54 3.54 3.54 3.54 3.54 3.54 3.54 3.54 3.54 3.54 3.54 3.54 3.54 3.54 3.54 3.54 3.54 3.54 3.54 3.54 3.54 3.54 3.54 3.78 3.78 3.78 3.78 3.78 3.78 3.78 3.78 3.78 3.78 3.78 3.78 3.78 3.78 3.78 3.78 3.78 3.78 3.78 3.78 3.78 3.78 3.78 3.78 3.78 3.78 3.78 3.78 3.78 
3.46 3.46 3.46 3.46 3.46 3.46 3.46 3.46 3.46 3.46 3.46 3.54 3.54 3.54 3.54 3.54 3.54 3.54 3.54 3.54 3.54 3.54 3.54 3.54 3.54 3.54 3.54 3.54 3.54 3.54 3.54 3.54 3.54 3.54 3.54 3.54 3.54 3.54 3.54 3.54 3.54 3.54 3.54 3.54 3.54 3.54 3.54 3.54 3.54 3.54 3.54 3.54 3.54 3.54 3.54 3.54 3.54 3.54 3.54 3.54 3.54 3.54 3.54 3.54 3.54 3.54 3.54 3.54 3.54 3.54 3.54 3.78 3.78 3.78 3.78 3.78 3.78 3.78 3.78 3.78 3.78 3.78 3.78 3.78 3.78 3.78 3.78 3.78 3.78 3.78 3.78 3.78 3.78 3.78 3.78 3.78 3.78 3.78 3.78 3.78 
3.46 3.46 3.46 3.46 3.46 3.46 3.46 3.46 3.46 3.46 3.46 3.54 3.54 3.54 3.54 3.54 3.54 3.54 3.54 3.54 3.54 3.54 3.54 3.54 3.54 3.54 3.54 3.54 3.54 3.54 3.54 3.54 3.54 3.54 3.54 3.54 3.54 3.54 3.54 3.54 3.54 3.54 3.54 3.54 3.54 3.54 3.54 3.54 3.54 3.54 3.54 3.54 3.54 3.54 3.54 3.54 3.54 3.54 3.54 3.54 3.54 3.54 3.54 3.54 3.54 3.54 3.54 3.54 3.54 3.54 3.54 3.78 3.78 3.78 3.78 3.78 3.78 3.78 3.78 3.78 3.78 3.78 3.78 3.78 3.78 3.78 3.78 3.78 3.78 3.78 3.78 3.78 3.78 3.78 3.78 3.78 3.78 3.78 3.78 3.78 
3.46 3.46 3.46 3.46 3.46 3.46 3.46 3.46 3.46 3.46 3.46 3.54 3.54 3.54 3.54 3.54 3.54 3.54 3.54 3.54 3.54 3.54 3.54 3.54 3.54 3.54 3.54 3.54 3.54 3.54 3.54 3.54 3.54 3.54 3.54 3.54 3.54 3.54 3.54 3.54 3.54 3.54 3.54 3.54 3.54 3.54 3.54 3.54 3.54 3.54 3.54 3.54 3.54 3.54 3.54 3.54 3.54 3.54 3.54 3.54 3.54 3.54 3.54 3.54 3.54 3.54 3.54 3.54 3.54 3.54 3.54 3.78 3.78 3.78 3.78 3.78 3.78 3.78 3.78 3.78 3.78 3.78 3.78 3.78 3.78 3.78 3.78 3.78 3.78 3.78 3.78 3.78 3.78 3.78 3.78 3.78 3.78 3.78 3.78 3.78 
3.46 3.46 3.46 3.46 3.46 3.46 3.46 3.46 3.46 3.46 3.46 3.54 3.54 3.54 3.54 3.54 3.54 3.54 3.54 3.54 3.54 3.54 3.54 3.54 3.54 3.54 3.54 3.54 3.54 3.54 3.54 3.54 3.54 3.54 3.54 3.54 3.54 3.54 3.54 3.54 3.54 3.54 3.54 3.54 3.54 3.54 3.54 3.54 3.54 3.54 3.54 3.54 3.54 3.54 3.54 3.54 3.54 3.54 3.54 3.54 3.54 3.54 3.54 3.54 3.54 3.54 3.54 3.54 3.54 3.54 3.54 3.78 3.78 3.78 3.78 3.78 3.78 3.78 3.78 3.78 3.78 3.78 3.78 3.78 3.78 3.78 3.78 3.78 3.78 3.78 3.78 3.78 3.78 3.78 3.78 3.78 3.78 3.78 3.78 3.78 
3.46 3.46 3.46 3.46 3.46 3.46 3.46 3.46 3.46 3.46 3.46 3.54 3.54 3.54 3.54 3.54 3.54 3.54 3.54 3.54 3.54 3.54 3.54 3.54 3.54 3.54 3.54 3.54 3.54 3.54 3.54 3.54 3.54 3.54 3.54 3.54 3.54 3.54 3.54 3.54 3.54 3.54 3.54 3.54 3.54 3.54 3.54 3.54 3.54 3.54 3.54 3.54 3.54 3.54 3.54 3.54 3.54 3.54 3.54 3.54 3.54 3.54 3.54 3.54 3.54 3.54 3.54 3.54 3.54 3.54 3.54 3.78 3.78 3.78 3.78 3.78 3.78 3.78 3.78 3.78 3.78 3.78 3.78 3.78 3.78 3.78 3.78 3.78 3.78 3.78 3.78 3.78 3.78 3.78 3.78 3.78 3.78 3.78 3.78 3.78 
3.46 3.46 3.46 3.46 3.46 3.46 3.46 3.46 3.46 3.46 3.46 3.54 3.54 3.54 3.54 3.54 3.54 3.54 3.54 3.54 3.54 3.54 3.54 3.54 3.54 3.54 3.54 3.54 3.54 3.54 3.54 3.54 3.54 3.54 3.54 3.54 3.54 3.54 3.54 3.54 3.54 3.54 3.54 3.54 3.54 3.54 3.54 3.54 3.54 3.54 3.54 3.54 3.54 3.54 3.54 3.54 3.54 3.54 3.54 3.54 3.54 3.54 3.54 3.54 3.54 3.54 3.54 3.54 3.54 3.54 3.54 3.78 3.78 3.78 3.78 3.78 3.78 3.78 3.78 3.78 3.78 3.78 3.78 3.78 3.78 3.78 3.78 3.78 3.78 3.78 3.78 3.78 3.78 3.78 3.78 3.78 3.78 3.78 3.78 3.78 
3.46 3.46 3.46 3.46 3.46 3.46 3.46 3.46 3.46 3.46 3.46 3.54 3.54 3.54 3.54 3.54 3.54 3.54 3.54 3.54 3.54 3.54 3.54 3.54 3.54 3.54 3.54 3.54 3.54 3.54 3.54 3.54 3.54 3.54 3.54 3.54 3.54 3.54 3.54 3.54 3.54 3.54 3.54 3.54 3.54 3.54 3.54 3.54 3.54 3.54 3.54 3.54 3.54 3.54 3.54 3.54 3.54 3.54 3.54 3.54 3.54 3.54 3.54 3.54 3.54 3.54 3.54 3.54 3.54 3.54 3.54 3.78 3.78 3.78 3.78 3.78 3.78 3.78 3.78 3.78 3.78 3.78 3.78 3.78 3.78 3.78 3.78 3.78 3.78 3.78 3.78 3.78 3.78 3.78 3.78 3.78 3.78 3.78 3.78 3.78 
3.46 3.46 3.46 3.46 3.46 3.46 3.46 3.46 3.46 3.46 3.46 3.54 3.54 3.54 3.54 3.54 3.54 3.54 3.54 3.54 3.54 3.54 3.54 3.54 3.54 3.54 3.54 3.54 3.54 3.54 3.54 3.54 3.54 3.54 3.54 3.54 3.54 3.54 3.54 3.54 3.54 3.54 3.54 3.54 3.54 3.54 3.54 3.54 3.54 3.54 3.54 3.54 3.54 3.54 3.54 3.54 3.54 3.54 3.54 3.54 3.54 3.54 3.54 3.54 3.54 3.54 3.54 3.54 3.54 3.54 3.54 3.78 3.78 3.78 3.78 3.78 3.78 3.78 3.78 3.78 3.78 3.78 3.78 3.78 3.78 3.78 3.78 3.78 3.78 3.78 3.78 3.78 3.78 3.78 3.78 3.78 3.78 3.78 3.78 3.78 
3.46 3.46 3.46 3.46 3.46 3.46 3.46 3.46 3.46 3.46 3.46 3.54 3.54 3.54 3.54 3.54 3.54 3.54 3.54 3.54 3.54 3.54 3.54 3.54 3.54 3.54 3.54 3.54 3.54 3.54 3.54 3.54 3.54 3.54 3.54 3.54 3.54 3.54 3.54 3.54 3.54 3.54 3.54 3.54 3.54 3.54 3.54 3.54 3.54 3.54 3.54 3.54 3.54 3.54 3.54 3.54 3.54 3.54 3.54 3.54 3.54 3.54 3.54 3.54 3.54 3.54 3.54 3.54 3.54 3.54 3.54 3.78 3.78 3.78 3.78 3.78 3.78 3.78 3.78 3.78 3.78 3.78 3.78 3.78 3.78 3.78 3.78 3.78 3.78 3.78 3.78 3.78 3.78 3.78 3.78 3.78 3.78 3.78 3.78 3.78 
3.46 3.46 3.46 3.46 3.46 3.46 3.46 3.46 3.46 3.46 3.46 3.54 3.54 3.54 3.54 3.54 3.54 3.54 3.54 3.54 3.54 3.54 3.54 3.54 3.54 3.54 3.54 3.54 3.54 3.54 3.54 3.54 3.54 3.54 3.54 3.54 3.54 3.54 3.54 3.54 3.54 3.54 3.54 3.54 3.54 3.54 3.54 3.54 3.54 3.54 3.54 3.54 3.54 3.54 3.54 3.54 3.54 3.54 3.54 3.54 3.54 3.54 3.54 3.54 3.54 3.54 3.54 3.54 3.54 3.54 3.54 3.78 3.78 3.78 3.78 3.78 3.78 3.78 3.78 3.78 3.78 3.78 3.78 3.78 3.78 3.78 3.78 3.78 3.78 3.78 3.78 3.78 3.78 3.78 3.78 3.78 3.78 3.78 3.78 3.78 
3.46 3.46 3.46 3.46 3.46 3.46 3.46 3.46 3.46 3.46 3.46 3.54 3.54 3.54 3.54 3.54 3.54 3.54 3.54 3.54 3.54 3.54 3.54 3.54 3.54 3.54 3.54 3.54 3.54 3.54 3.54 3.54 3.54 3.54 3.54 3.54 3.54 3.54 3.54 3.54 3.54 3.54 3.54 3.54 3.54 3.54 3.54 3.54 3.54 3.54 3.54 3.54 3.54 3.54 3.54 3.54 3.54 3.54 3.54 3.54 3.54 3.54 3.54 3.54 3.54 3.54 3.54 3.54 3.54 3.54 3.54 3.78 3.78 3.78 3.78 3.78 3.78 3.78 3.78 3.78 3.78 3.78 3.78 3.78 3.78 3.78 3.78 3.78 3.78 3.78 3.78 3.78 3.78 3.78 3.78 3.78 3.78 3.78 3.78 3.78 
3.46 3.46 3.46 3.46 3.46 3.46 3.46 3.46 3.46 3.46 3.46 3.54 3.54 3.54 3.54 3.54 3.54 3.54 3.54 3.54 3.54 3.54 3.54 3.54 3.54 3.54 3.54 3.54 3.54 3.54 3.54 3.54 3.54 3.54 3.54 3.54 3.54 3.54 3.54 3.54 3.54 3.54 3.54 3.54 3.54 3.54 3.54 3.54 3.54 3.54 3.54 3.54 3.54 3.54 3.54 3.54 3.54 3.54 3.54 3.54 3.54 3.54 3.54 3.54 3.54 3.54 3.54 3.54 3.54 3.54 3.54 3.78 3.78 3.78 3.78 3.78 3.78 3.78 3.78 3.78 3.78 3.78 3.78 3.78 3.78 3.78 3.78 3.78 3.78 3.78 3.78 3.78 3.78 3.78 3.78 3.78 3.78 3.78 3.78 3.78 
3.46 3.46 3.46 3.46 3.46 3.46 3.46 3.46 3.46 3.46 3.46 3.54 3.54 3.54 3.54 3.54 3.54 3.54 3.54 3.54 3.54 3.54 3.54 3.54 3.54 3.54 3.54 3.54 3.54 3.54 3.54 3.54 3.54 3.54 3.54 3.54 3.54 3.54 3.54 3.54 3.54 3.54 3.54 3.54 3.54 3.54 3.54 3.54 3.54 3.54 3.54 3.54 3.54 3.54 3.54 3.54 3.54 3.54 3.54 3.54 3.54 3.54 3.54 3.54 3.54 3.54 3.54 3.54 3.54 3.54 3.54 3.78 3.78 3.78 3.78 3.78 3.78 3.78 3.78 3.78 3.78 3.78 3.78 3.78 3.78 3.78 3.78 3.78 3.78 3.78 3.78 3.78 3.78 3.78 3.78 3.78 3.78 3.78 3.78 3.78 
3.46 3.46 3.46 3.46 3.46 3.46 3.46 3.46 3.46 3.46 3.46 3.54 3.54 3.54 3.54 3.54 3.54 3.54 3.54 3.54 3.54 3.54 3.54 3.54 3.54 3.54 3.54 3.54 3.54 3.54 3.54 3.54 3.54 3.54 3.54 3.54 3.54 3.54 3.54 3.54 3.54 3.54 3.54 3.54 3.54 3.54 3.54 3.54 3.54 3.54 3.54 3.54 3.54 3.54 3.54 3.54 3.54 3.54 3.54 3.54 3.54 3.54 3.54 3.54 3.54 3.54 3.54 3.54 3.54 3.54 3.54 3.78 3.78 3.78 3.78 3.78 3.78 3.78 3.78 3.78 3.78 3.78 3.78 3.78 3.78 3.78 3.78 3.78 3.78 3.78 3.78 3.78 3.78 3.78 3.78 3.78 3.78 3.78 3.78 3.78 
3.46 3.46 3.46 3.46 3.46 3.46 3.46 3.46 3.46 3.46 3.46 3.54 3.54 3.54 3.54 3.54 3.54 3.54 3.54 3.54 3.54 3.54 3.54 3.54 3.54 3.54 3.54 3.54 3.54 3.54 3.54 3.54 3.54 3.54 3.54 3.54 3.54 3.54 3.54 3.54 3.54 3.54 3.54 3.54 3.54 3.54 3.54 3.54 3.54 3.54 3.54 3.54 3.54 3.54 3.54 3.54 3.54 3.54 3.54 3.54 3.54 3.54 3.54 3.54 3.54 3.54 3.54 3.54 3.54 3.54 3.54 3.78 3.78 3.78 3.78 3.78 3.78 3.78 3.78 3.78 3.78 3.78 3.78 3.78 3.78 3.78 3.78 3.78 3.78 3.78 3.78 3.78 3.78 3.78 3.78 3.78 3.78 3.78 3.78 3.78 
3.46 3.46 3.46 3.46 3.46 3.46 3.46 3.46 3.46 3.46 3.46 3.54 3.54 3.54 3.54 3.54 3.54 3.54 3.54 3.54 3.54 3.54 3.54 3.54 3.54 3.54 3.54 3.54 3.54 3.54 3.54 3.54 3.54 3.54 3.54 3.54 3.54 3.54 3.54 3.54 3.54 3.54 3.54 3.54 3.54 3.54 3.54 3.54 3.54 3.54 3.54 3.54 3.54 3.54 3.54 3.54 3.54 3.54 3.54 3.54 3.54 3.54 3.54 3.54 3.54 3.54 3.54 3.54 3.54 3.54 3.54 3.78 3.78 3.78 3.78 3.78 3.78 3.78 3.78 3.78 3.78 3.78 3.78 3.78 3.78 3.78 3.78 3.78 3.78 3.78 3.78 3.78 3.78 3.78 3.78 3.78 3.78 3.78 3.78 3.78 
6.76 6.76 6.76 6.76 6.76 6.76 6.76 6.76 6.76 6.76 6.76 7.06 7.06 7.06 7.06 7.06 7.06 7.06 7.06 7.06 7.06 7.06 7.06 7.06 7.06 7.06 7.06 7.06 7.06 7.06 7.06 7.06 7.06 7.06 7.06 7.06 7.06 7.06 7.06 7.06 7.06 7.06 7.06 7.06 7.06 7.06 7.06 7.06 7.06 7.06 7.06 7.06 7.06 7.06 7.06 7.06 7.06 7.06 7.06 7.06 7.06 7.06 7.06 7.06 7.06 7.06 7.06 7.06 7.06 7.06 7.06 7.24 7.24 7.24 7.24 7.24 7.24 7.24 7.24 7.24 7.24 7.24 7.24 7.24 7.24 7.24 7.24 7.24 7.24 7.24 7.24 7.24 7.24 7.24 7.24 7.24 7.24 7.24 7.24 7.24 
6.76 6.76 6.76 6.76 6.76 6.76 6.76 6.76 6.76 6.76 6.76 7.06 7.06 7.06 7.06 7.06 7.06 7.06 7.06 7.06 7.06 7.06 7.06 7.06 7.06 7.06 7.06 7.06 7.06 7.06 7.06 7.06 7.06 7.06 7.06 7.06 7.06 7.06 7.06 7.06 7.06 7.06 7.06 7.06 7.06 7.06 7.06 7.06 7.06 7.06 7.06 7.06 7.06 7.06 7.06 7.06 7.06 7.06 7.06 7.06 7.06 7.06 7.06 7.06 7.06 7.06 7.06 7.06 7.06 7.06 7.06 7.24 7.24 7.24 7.24 7.24 7.24 7.24 7.24 7.24 7.24 7.24 7.24 7.24 7.24 7.24 7.24 7.24 7.24 7.24 7.24 7.24 7.24 7.24 7.24 7.24 7.24 7.24 7.24 7.24 
6.76 6.76 6.76 6.76 6.76 6.76 6.76 6.76 6.76 6.76 6.76 7.06 7.06 7.06 7.06 7.06 7.06 7.06 7.06 7.06 7.06 7.06 7.06 7.06 7.06 7.06 7.06 7.06 7.06 7.06 7.06 7.06 7.06 7.06 7.06 7.06 7.06 7.06 7.06 7.06 7.06 7.06 7.06 7.06 7.06 7.06 7.06 7.06 7.06 7.06 7.06 7.06 7.06 7.06 7.06 7.06 7.06 7.06 7.06 7.06 7.06 7.06 7.06 7.06 7.06 7.06 7.06 7.06 7.06 7.06 7.06 7.24 7.24 7.24 7.24 7.24 7.24 7.24 7.24 7.24 7.24 7.24 7.24 7.24 7.24 7.24 7.24 7.24 7.24 7.24 7.24 7.24 7.24 7.24 7.24 7.24 7.24 7.24 7.24 7.24 
6.76 6.76 6.76 6.76 6.76 6.76 6.76 6.76 6.76 6.76 6.76 7.06 7.06 7.06 7.06 7.06 7.06 7.06 7.06 7.06 7.06 7.06 7.06 7.06 7.06 7.06 7.06 7.06 7.06 7.06 7.06 7.06 7.06 7.06 7.06 7.06 7.06 7.06 7.06 7.06 7.06 7.06 7.06 7.06 7.06 7.06 7.06 7.06 7.06 7.06 7.06 7.06 7.06 7.06 7.06 7.06 7.06 7.06 7.06 7.06 7.06 7.06 7.06 7.06 7.06 7.06 7.06 7.06 7.06 7.06 7.06 7.24 7.24 7.24 7.24 7.24 7.24 7.24 7.24 7.24 7.24 7.24 7.24 7.24 7.24 7.24 7.24 7.24 7.24 7.24 7.24 7.24 7.24 7.24 7.24 7.24 7.24 7.24 7.24 7.24 
6.76 6.76 6.76 6.76 6.76 6.76 6.76 6.76 6.76 6.76 6.76 7.06 7.06 7.06 7.06 7.06 7.06 7.06 7.06 7.06 7.06 7.06 7.06 7.06 7.06 7.06 7.06 7.06 7.06 7.06 7.06 7.06 7.06 7.06 7.06 7.06 7.06 7.06 7.06 7.06 7.06 7.06 7.06 7.06 7.06 7.06 7.06 7.06 7.06 7.06 7.06 7.06 7.06 7.06 7.06 7.06 7.06 7.06 7.06 7.06 7.06 7.06 7.06 7.06 7.06 7.06 7.06 7.06 7.06 7.06 7.06 7.24 7.24 7.24 7.24 7.24 7.24 7.24 7.24 7.24 7.24 7.24 7.24 7.24 7.24 7.24 7.24 7.24 7.24 7.24 7.24 7.24 7.24 7.24 7.24 7.24 7.24 7.24 7.24 7.24 
6.76 6.76 6.76 6.76 6.76 6.76 6.76 6.76 6.76 6.76 6.76 7.06 7.06 7.06 7.06 7.06 7.06 7.06 7.06 7.06 7.06 7.06 7.06 7.06 7.06 7.06 7.06 7.06 7.06 7.06 7.06 7.06 7.06 7.06 7.06 7.06 7.06 7.06 7.06 7.06 7.06 7.06 7.06 7.06 7.06 7.06 7.06 7.06 7.06 7.06 7.06 7.06 7.06 7.06 7.06 7.06 7.06 7.06 7.06 7.06 7.06 7.06 7.06 7.06 7.06 7.06 7.06 7.06 7.06 7.06 7.06 7.24 7.24 7.24 7.24 7.24 7.24 7.24 7.24 7.24 7.24 7.24 7.24 7.24 7.24 7.24 7.24 7.24 7.24 7.24 7.24 7.24 7.24 7.24 7.24 7.24 7.24 7.24 7.24 7.24 
6.76 6.76 6.76 6.76 6.76 6.76 6.76 6.76 6.76 6.76 6.76 7.06 7.06 7.06 7.06 7.06 7.06 7.06 7.06 7.06 7.06 7.06 7.06 7.06 7.06 7.06 7.06 7.06 7.06 7.06 7.06 7.06 7.06 7.06 7.06 7.06 7.06 7.06 7.06 7.06 7.06 7.06 7.06 7.06 7.06 7.06 7.06 7.06 7.06 7.06 7.06 7.06 7.06 7.06 7.06 7.06 7.06 7.06 7.06 7.06 7.06 7.06 7.06 7.06 7.06 7.06 7.06 7.06 7.06 7.06 7.06 7.24 7.24 7.24 7.24 7.24 7.24 7.24 7.24 7.24 7.24 7.24 7.24 7.24 7.24 7.24 7.24 7.24 7.24 7.24 7.24 7.24 7.24 7.24 7.24 7.24 7.24 7.24 7.24 7.24 
6.76 6.76 6.76 6.76 6.76 6.76 6.76 6.76 6.76 6.76 6.76 7.06 7.06 7.06 7.06 7.06 7.06 7.06 7.06 7.06 7.06 7.06 7.06 7.06 7.06 7.06 7.06 7.06 7.06 7.06 7.06 7.06 7.06 7.06 7.06 7.06 7.06 7.06 7.06 7.06 7.06 7.06 7.06 7.06 7.06 7.06 7.06 7.06 7.06 7.06 7.06 7.06 7.06 7.06 7.06 7.06 7.06 7.06 7.06 7.06 7.06 7.06 7.06 7.06 7.06 7.06 7.06 7.06 7.06 7.06 7.06 7.24 7.24 7.24 7.24 7.24 7.24 7.24 7.24 7.24 7.24 7.24 7.24 7.24 7.24 7.24 7.24 7.24 7.24 7.24 7.24 7.24 7.24 7.24 7.24 7.24 7.24 7.24 7.24 7.24 
6.76 6.76 6.76 6.76 6.76 6.76 6.76 6.76 6.76 6.76 6.76 7.06 7.06 7.06 7.06 7.06 7.06 7.06 7.06 7.06 7.06 7.06 7.06 7.06 7.06 7.06 7.06 7.06 7.06 7.06 7.06 7.06 7.06 7.06 7.06 7.06 7.06 7.06 7.06 7.06 7.06 7.06 7.06 7.06 7.06 7.06 7.06 7.06 7.06 7.06 7.06 7.06 7.06 7.06 7.06 7.06 7.06 7.06 7.06 7.06 7.06 7.06 7.06 7.06 7.06 7.06 7.06 7.06 7.06 7.06 7.06 7.24 7.24 7.24 7.24 7.24 7.24 7.24 7.24 7.24 7.24 7.24 7.24 7.24 7.24 7.24 7.24 7.24 7.24 7.24 7.24 7.24 7.24 7.24 7.24 7.24 7.24 7.24 7.24 7.24 
6.76 6.76 6.76 6.76 6.76 6.76 6.76 6.76 6.76 6.76 6.76 7.06 7.06 7.06 7.06 7.06 7.06 7.06 7.06 7.06 7.06 7.06 7.06 7.06 7.06 7.06 7.06 7.06 7.06 7.06 7.06 7.06 7.06 7.06 7.06 7.06 7.06 7.06 7.06 7.06 7.06 7.06 7.06 7.06 7.06 7.06 7.06 7.06 7.06 7.06 7.06 7.06 7.06 7.06 7.06 7.06 7.06 7.06 7.06 7.06 7.06 7.06 7.06 7.06 7.06 7.06 7.06 7.06 7.06 7.06 7.06 7.24 7.24 7.24 7.24 7.24 7.24 7.24 7.24 7.24 7.24 7.24 7.24 7.24 7.24 7.24 7.24 7.24 7.24 7.24 7.24 7.24 7.24 7.24 7.24 7.24 7.24 7.24 7.24 7.24 
6.76 6.76 6.76 6.76 6.76 6.76 6.76 6.76 6.76 6.76 6.76 7.06 7.06 7.06 7.06 7.06 7.06 7.06 7.06 7.06 7.06 7.06 7.06 7.06 7.06 7.06 7.06 7.06 7.06 7.06 7.06 7.06 7.06 7.06 7.06 7.06 7.06 7.06 7.06 7.06 7.06 7.06 7.06 7.06 7.06 7.06 7.06 7.06 7.06 7.06 7.06 7.06 7.06 7.06 7.06 7.06 7.06 7.06 7.06 7.06 7.06 7.06 7.06 7.06 7.06 7.06 7.06 7.06 7.06 7.06 7.06 7.24 7.24 7.24 7.24 7.24 7.24 7.24 7.24 7.24 7.24 7.24 7.24 7.24 7.24 7.24 7.24 7.24 7.24 7.24 7.24 7.24 7.24 7.24 7.24 7.24 7.24 7.24 7.24 7.24 
6.76 6.76 6.76 6.76 6.76 6.76 6.76 6.76 6.76 6.76 6.76 7.06 7.06 7.06 7.06 7.06 7.06 7.06 7.06 7.06 7.06 7.06 7.06 7.06 7.06 7.06 7.06 7.06 7.06 7.06 7.06 7.06 7.06 7.06 7.06 7.06 7.06 7.06 7.06 7.06 7.06 7.06 7.06 7.06 7.06 7.06 7.06 7.06 7.06 7.06 7.06 7.06 7.06 7.06 7.06 7.06 7.06 7.06 7.06 7.06 7.06 7.06 7.06 7.06 7.06 7.06 7.06 7.06 7.06 7.06 7.06 7.24 7.24 7.24 7.24 7.24 7.24 7.24 7.24 7.24 7.24 7.24 7.24 7.24 7.24 7.24 7.24 7.24 7.24 7.24 7.24 7.24 7.24 7.24 7.24 7.24 7.24 7.24 7.24 7.24 
6.76 6.76 6.76 6.76 6.76 6.76 6.76 6.76 6.76 6.76 6.76 7.06 7.06 7.06 7.06 7.06 7.06 7.06 7.06 7.06 7.06 7.06 7.06 7.06 7.06 7.06 7.06 7.06 7.06 7.06 7.06 7.06 7.06 7.06 7.06 7.06 7.06 7.06 7.06 7.06 7.06 7.06 7.06 7.06 7.06 7.06 7.06 7.06 7.06 7.06 7.06 7.06 7.06 7.06 7.06 7.06 7.06 7.06 7.06 7.06 7.06 7.06 7.06 7.06 7.06 7.06 7.06 7.06 7.06 7.06 7.06 7.24 7.24 7.24 7.24 7.24 7.24 7.24 7.24 7.24 7.24 7.24 7.24 7.24 7.24 7.24 7.24 7.24 7.24 7.24 7.24 7.24 7.24 7.24 7.24 7.24 7.24 7.24 7.24 7.24 
6.76 6.76 6.76 6.76 6.76 6.76 6.76 6.76 6.76 6.76 6.76 7.06 7.06 7.06 7.06 7.06 7.06 7.06 7.06 7.06 7.06 7.06 7.06 7.06 7.06 7.06 7.06 7.06 7.06 7.06 7.06 7.06 7.06 7.06 7.06 7.06 7.06 7.06 7.06 7.06 7.06 7.06 7.06 7.06 7.06 7.06 7.06 7.06 7.06 7.06 7.06 7.06 7.06 7.06 7.06 7.06 7.06 7.06 7.06 7.06 7.06 7.06 7.06 7.06 7.06 7.06 7.06 7.06 7.06 7.06 7.06 7.24 7.24 7.24 7.24 7.24 7.24 7.24 7.24 7.24 7.24 7.24 7.24 7.24 7.24 7.24 7.24 7.24 7.24 7.24 7.24 7.24 7.24 7.24 7.24 7.24 7.24 7.24 7.24 7.24 
6.76 6.76 6.76 6.76 6.76 6.76 6.76 6.76 6.76 6.76 6.76 7.06 7.06 7.06 7.06 7.06 7.06 7.06 7.06 7.06 7.06 7.06 7.06 7.06 7.06 7.06 7.06 7.06 7.06 7.06 7.06 7.06 7.06 7.06 7.06 7.06 7.06 7.06 7.06 7.06 7.06 7.06 7.06 7.06 7.06 7.06 7.06 7.06 7.06 7.06 7.06 7.06 7.06 7.06 7.06 7.06 7.06 7.06 7.06 7.06 7.06 7.06 7.06 7.06 7.06 7.06 7.06 7.06 7.06 7.06 7.06 7.24 7.24 7.24 7.24 7.24 7.24 7.24 7.24 7.24 7.24 7.24 7.24 7.24 7.24 7.24 7.24 7.24 7.24 7.24 7.24 7.24 7.24 7.24 7.24 7.24 7.24 7.24 7.24 7.24 
6.76 6.76 6.76 6.76 6.76 6.76 6.76 6.76 6.76 6.76 6.76 7.06 7.06 7.06 7.06 7.06 7.06 7.06 7.06 7.06 7.06 7.06 7.06 7.06 7.06 7.06 7.06 7.06 7.06 7.06 7.06 7.06 7.06 7.06 7.06 7.06 7.06 7.06 7.06 7.06 7.06 7.06 7.06 7.06 7.06 7.06 7.06 7.06 7.06 7.06 7.06 7.06 7.06 7.06 7.06 7.06 7.06 7.06 7.06 7.06 7.06 7.06 7.06 7.06 7.06 7.06 7.06 7.06 7.06 7.06 7.06 7.24 7.24 7.24 7.24 7.24 7.24 7.24 7.24 7.24 7.24 7.24 7.24 7.24 7.24 7.24 7.24 7.24 7.24 7.24 7.24 7.24 7.24 7.24 7.24 7.24 7.24 7.24 7.24 7.24 
6.76 6.76 6.76 6.76 6.76 6.76 6.76 6.76 6.76 6.76 6.76 7.06 7.06 7.06 7.06 7.06 7.06 7.06 7.06 7.06 7.06 7.06 7.06 7.06 7.06 7.06 7.06 7.06 7.06 7.06 7.06 7.06 7.06 7.06 7.06 7.06 7.06 7.06 7.06 7.06 7.06 7.06 7.06 7.06 7.06 7.06 7.06 7.06 7.06 7.06 7.06 7.06 7.06 7.06 7.06 7.06 7.06 7.06 7.06 7.06 7.06 7.06 7.06 7.06 7.06 7.06 7.06 7.06 7.06 7.06 7.06 7.24 7.24 7.24 7.24 7.24 7.24 7.24 7.24 7.24 7.24 7.24 7.24 7.24 7.24 7.24 7.24 7.24 7.24 7.24 7.24 7.24 7.24 7.24 7.24 7.24 7.24 7.24 7.24 7.24 
6.76 6.76 6.76 6.76 6.76 6.76 6.76 6.76 6.76 6.76 6.76 7.06 7.06 7.06 7.06 7.06 7.06 7.06 7.06 7.06 7.06 7.06 7.06 7.06 7.06 7.06 7.06 7.06 7.06 7.06 7.06 7.06 7.06 7.06 7.06 7.06 7.06 7.06 7.06 7.06 7.06 7.06 7.06 7.06 7.06 7.06 7.06 7.06 7.06 7.06 7.06 7.06 7.06 7.06 7.06 7.06 7.06 7.06 7.06 7.06 7.06 7.06 7.06 7.06 7.06 7.06 7.06 7.06 7.06 7.06 7.06 7.24 7.24 7.24 7.24 7.24 7.24 7.24 7.24 7.24 7.24 7.24 7.24 7.24 7.24 7.24 7.24 7.24 7.24 7.24 7.24 7.24 7.24 7.24 7.24 7.24 7.24 7.24 7.24 7.24 
6.76 6.76 6.76 6.76 6.76 6.76 6.76 6.76 6.76 6.76 6.76 7.06 7.06 7.06 7.06 7.06 7.06 7.06 7.06 7.06 7.06 7.06 7.06 7.06 7.06 7.06 7.06 7.06 7.06 7.06 7.06 7.06 7.06 7.06 7.06 7.06 7.06 7.06 7.06 7.06 7.06 7.06 7.06 7.06 7.06 7.06 7.06 7.06 7.06 7.06 7.06 7.06 7.06 7.06 7.06 7.06 7.06 7.06 7.06 7.06 7.06 7.06 7.06 7.06 7.06 7.06 7.06 7.06 7.06 7.06 7.06 7.24 7.24 7.24 7.24 7.24 7.24 7.24 7.24 7.24 7.24 7.24 7.24 7.24 7.24 7.24 7.24 7.24 7.24 7.24 7.24 7.24 7.24 7.24 7.24 7.24 7.24 7.24 7.24 7.24 
6.76 6.76 6.76 6.76 6.76 6.76 6.76 6.76 6.76 6.76 6.76 7.06 7.06 7.06 7.06 7.06 7.06 7.06 7.06 7.06 7.06 7.06 7.06 7.06 7.06 7.06 7.06 7.06 7.06 7.06 7.06 7.06 7.06 7.06 7.06 7.06 7.06 7.06 7.06 7.06 7.06 7.06 7.06 7.06 7.06 7.06 7.06 7.06 7.06 7.06 7.06 7.06 7.06 7.06 7.06 7.06 7.06 7.06 7.06 7.06 7.06 7.06 7.06 7.06 7.06 7.06 7.06 7.06 7.06 7.06 7.06 7.24 7.24 7.24 7.24 7.24 7.24 7.24 7.24 7.24 7.24 7.24 7.24 7.24 7.24 7.24 7.24 7.24 7.24 7.24 7.24 7.24 7.24 7.24 7.24 7.24 7.24 7.24 7.24 7.24 
6.76 6.76 6.76 6.76 6.76 6.76 6.76 6.76 6.76 6.76 6.76 7.06 7.06 7.06 7.06 7.06 7.06 7.06 7.06 7.06 7.06 7.06 7.06 7.06 7.06 7.06 7.06 7.06 7.06 7.06 7.06 7.06 7.06 7.06 7.06 7.06 7.06 7.06 7.06 7.06 7.06 7.06 7.06 7.06 7.06 7.06 7.06 7.06 7.06 7.06 7.06 7.06 7.06 7.06 7.06 7.06 7.06 7.06 7.06 7.06 7.06 7.06 7.06 7.06 7.06 7.06 7.06 7.06 7.06 7.06 7.06 7.24 7.24 7.24 7.24 7.24 7.24 7.24 7.24 7.24 7.24 7.24 7.24 7.24 7.24 7.24 7.24 7.24 7.24 7.24 7.24 7.24 7.24 7.24 7.24 7.24 7.24 7.24 7.24 7.24 
6.76 6.76 6.76 6.76 6.76 6.76 6.76 6.76 6.76 6.76 6.76 7.06 7.06 7.06 7.06 7.06 7.06 7.06 7.06 7.06 7.06 7.06 7.06 7.06 7.06 7.06 7.06 7.06 7.06 7.06 7.06 7.06 7.06 7.06 7.06 7.06 7.06 7.06 7.06 7.06 7.06 7.06 7.06 7.06 7.06 7.06 7.06 7.06 7.06 7.06 7.06 7.06 7.06 7.06 7.06 7.06 7.06 7.06 7.06 7.06 7.06 7.06 7.06 7.06 7.06 7.06 7.06 7.06 7.06 7.06 7.06 7.24 7.24 7.24 7.24 7.24 7.24 7.24 7.24 7.24 7.24 7.24 7.24 7.24 7.24 7.24 7.24 7.24 7.24 7.24 7.24 7.24 7.24 7.24 7.24 7.24 7.24 7.24 7.24 7.24 
6.76 6.76 6.76 6.76 6.76 6.76 6.76 6.76 6.76 6.76 6.76 7.06 7.06 7.06 7.06 7.06 7.06 7.06 7.06 7.06 7.06 7.06 7.06 7.06 7.06 7.06 7.06 7.06 7.06 7.06 7.06 7.06 7.06 7.06 7.06 7.06 7.06 7.06 7.06 7.06 7.06 7.06 7.06 7.06 7.06 7.06 7.06 7.06 7.06 7.06 7.06 7.06 7.06 7.06 7.06 7.06 7.06 7.06 7.06 7.06 7.06 7.06 7.06 7.06 7.06 7.06 7.06 7.06 7.06 7.06 7.06 7.24 7.24 7.24 7.24 7.24 7.24 7.24 7.24 7.24 7.24 7.24 7.24 7.24 7.24 7.24 7.24 7.24 7.24 7.24 7.24 7.24 7.24 7.24 7.24 7.24 7.24 7.24 7.24 7.24 
6.76 6.76 6.76 6.76 6.76 6.76 6.76 6.76 6.76 6.76 6.76 7.06 7.06 7.06 7.06 7.06 7.06 7.06 7.06 7.06 7.06 7.06 7.06 7.06 7.06 7.06 7.06 7.06 7.06 7.06 7.06 7.06 7.06 7.06 7.06 7.06 7.06 7.06 7.06 7.06 7.06 7.06 7.06 7.06 7.06 7.06 7.06 7.06 7.06 7.06 7.06 7.06 7.06 7.06 7.06 7.06 7.06 7.06 7.06 7.06 7.06 7.06 7.06 7.06 7.06 7.06 7.06 7.06 7.06 7.06 7.06 7.24 7.24 7.24 7.24 7.24 7.24 7.24 7.24 7.24 7.24 7.24 7.24 7.24 7.24 7.24 7.24 7.24 7.24 7.24 7.24 7.24 7.24 7.24 7.24 7.24 7.24 7.24 7.24 7.24 
6.76 6.76 6.76 6.76 6.76 6.76 6.76 6.76 6.76 6.76 6.76 7.06 7.06 7.06 7.06 7.06 7.06 7.06 7.06 7.06 7.06 7.06 7.06 7.06 7.06 7.06 7.06 7.06 7.06 7.06 7.06 7.06 7.06 7.06 7.06 7.06 7.06 7.06 7.06 7.06 7.06 7.06 7.06 7.06 7.06 7.06 7.06 7.06 7.06 7.06 7.06 7.06 7.06 7.06 7.06 7.06 7.06 7.06 7.06 7.06 7.06 7.06 7.06 7.06 7.06 7.06 7.06 7.06 7.06 7.06 7.06 7.24 7.24 7.24 7.24 7.24 7.24 7.24 7.24 7.24 7.24 7.24 7.24 7.24 7.24 7.24 7.24 7.24 7.24 7.24 7.24 7.24 7.24 7.24 7.24 7.24 7.24 7.24 7.24 7.24 
6.76 6.76 6.76 6.76 6.76 6.76 6.76 6.76 6.76 6.76 6.76 7.06 7.06 7.06 7.06 7.06 7.06 7.06 7.06 7.06 7.06 7.06 7.06 7.06 7.06 7.06 7.06 7.06 7.06 7.06 7.06 7.06 7.06 7.06 7.06 7.06 7.06 7.06 7.06 7.06 7.06 7.06 7.06 7.06 7.06 7.06 7.06 7.06 7.06 7.06 7.06 7.06 7.06 7.06 7.06 7.06 7.06 7.06 7.06 7.06 7.06 7.06 7.06 7.06 7.06 7.06 7.06 7.06 7.06 7.06 7.06 7.24 7.24 7.24 7.24 7.24 7.24 7.24 7.24 7.24 7.24 7.24 7.24 7.24 7.24 7.24 7.24 7.24 7.24 7.24 7.24 7.24 7.24 7.24 7.24 7.24 7.24 7.24 7.24 7.24 
6.76 6.76 6.76 6.76 6.76 6.76 6.76 6.76 6.76 6.76 6.76 7.06 7.06 7.06 7.06 7.06 7.06 7.06 7.06 7.06 7.06 7.06 7.06 7.06 7.06 7.06 7.06 7.06 7.06 7.06 7.06 7.06 7.06 7.06 7.06 7.06 7.06 7.06 7.06 7.06 7.06 7.06 7.06 7.06 7.06 7.06 7.06 7.06 7.06 7.06 7.06 7.06 7.06 7.06 7.06 7.06 7.06 7.06 7.06 7.06 7.06 7.06 7.06 7.06 7.06 7.06 7.06 7.06 7.06 7.06 7.06 7.24 7.24 7.24 7.24 7.24 7.24 7.24 7.24 7.24 7.24 7.24 7.24 7.24 7.24 7.24 7.24 7.24 7.24 7.24 7.24 7.24 7.24 7.24 7.24 7.24 7.24 7.24 7.24 7.24 
6.76 6.76 6.76 6.76 6.76 6.76 6.76 6.76 6.76 6.76 6.76 7.06 7.06 7.06 7.06 7.06 7.06 7.06 7.06 7.06 7.06 7.06 7.06 7.06 7.06 7.06 7.06 7.06 7.06 7.06 7.06 7.06 7.06 7.06 7.06 7.06 7.06 7.06 7.06 7.06 7.06 7.06 7.06 7.06 7.06 7.06 7.06 7.06 7.06 7.06 7.06 7.06 7.06 7.06 7.06 7.06 7.06 7.06 7.06 7.06 7.06 7.06 7.06 7.06 7.06 7.06 7.06 7.06 7.06 7.06 7.06 7.24 7.24 7.24 7.24 7.24 7.24 7.24 7.24 7.24 7.24 7.24 7.24 7.24 7.24 7.24 7.24 7.24 7.24 7.24 7.24 7.24 7.24 7.24 7.24 7.24 7.24 7.24 7.24 7.24 
6.76 6.76 6.76 6.76 6.76 6.76 6.76 6.76 6.76 6.76 6.76 7.06 7.06 7.06 7.06 7.06 7.06 7.06 7.06 7.06 7.06 7.06 7.06 7.06 7.06 7.06 7.06 7.06 7.06 7.06 7.06 7.06 7.06 7.06 7.06 7.06 7.06 7.06 7.06 7.06 7.06 7.06 7.06 7.06 7.06 7.06 7.06 7.06 7.06 7.06 7.06 7.06 7.06 7.06 7.06 7.06 7.06 7.06 7.06 7.06 7.06 7.06 7.06 7.06 7.06 7.06 7.06 7.06 7.06 7.06 7.06 7.24 7.24 7.24 7.24 7.24 7.24 7.24 7.24 7.24 7.24 7.24 7.24 7.24 7.24 7.24 7.24 7.24 7.24 7.24 7.24 7.24 7.24 7.24 7.24 7.24 7.24 7.24 7.24 7.24 
6.76 6.76 6.76 6.76 6.76 6.76 6.76 6.76 6.76 6.76 6.76 7.06 7.06 7.06 7.06 7.06 7.06 7.06 7.06 7.06 7.06 7.06 7.06 7.06 7.06 7.06 7.06 7.06 7.06 7.06 7.06 7.06 7.06 7.06 7.06 7.06 7.06 7.06 7.06 7.06 7.06 7.06 7.06 7.06 7.06 7.06 7.06 7.06 7.06 7.06 7.06 7.06 7.06 7.06 7.06 7.06 7.06 7.06 7.06 7.06 7.06 7.06 7.06 7.06 7.06 7.06 7.06 7.06 7.06 7.06 7.06 7.24 7.24 7.24 7.24 7.24 7.24 7.24 7.24 7.24 7.24 7.24 7.24 7.24 7.24 7.24 7.24 7.24 7.24 7.24 7.24 7.24 7.24 7.24 7.24 7.24 7.24 7.24 7.24 7.24 
6.76 6.76 6.76 6.76 6.76 6.76 6.76 6.76 6.76 6.76 6.76 7.06 7.06 7.06 7.06 7.06 7.06 7.06 7.06 7.06 7.06 7.06 7.06 7.06 7.06 7.06 7.06 7.06 7.06 7.06 7.06 7.06 7.06 7.06 7.06 7.06 7.06 7.06 7.06 7.06 7.06 7.06 7.06 7.06 7.06 7.06 7.06 7.06 7.06 7.06 7.06 7.06 7.06 7.06 7.06 7.06 7.06 7.06 7.06 7.06 7.06 7.06 7.06 7.06 7.06 7.06 7.06 7.06 7.06 7.06 7.06 7.24 7.24 7.24 7.24 7.24 7.24 7.24 7.24 7.24 7.24 7.24 7.24 7.24 7.24 7.24 7.24 7.24 7.24 7.24 7.24 7.24 7.24 7.24 7.24 7.24 7.24 7.24 7.24 7.24 
