ncols         100
nrows         100
xllcorner     -59982.863281
yllcorner     1851083.022172
cellsize      1000
NODATA_value  -9999
84 84 84 84 84 84 84 84 84 84 84 70.1 70.1 70.1 70.1 70.1 70.1 70.1 70.1 70.1 70.1 70.1 70.1 70.1 70.1 70.1 70.1 70.1 70.1 70.1 70.1 70.1 70.1 70.1 70.1 70.1 70.1 70.1 70.1 70.1 70.1 70.1 70.1 70.1 70.1 70.1 70.1 70.1 70.1 70.1 70.1 70.1 70.1 70.1 70.1 70.1 70.1 70.1 70.1 70.1 70.1 70.1 70.1 70.1 70.1 70.1 70.1 70.1 70.1 70.1 70.1 63.7 63.7 63.7 63.7 63.7 63.7 63.7 63.7 63.7 63.7 63.7 63.7 63.7 63.7 63.7 63.7 63.7 63.7 63.7 63.7 63.7 63.7 63.7 63.7 63.7 63.7 63.7 63.7 63.7 
84 84 84 84 84 84 84 84 84 84 84 70.1 70.1 70.1 70.1 70.1 70.1 70.1 70.1 70.1 70.1 70.1 70.1 70.1 70.1 70.1 70.1 70.1 70.1 70.1 70.1 70.1 70.1 70.1 70.1 70.1 70.1 70.1 70.1 70.1 70.1 70.1 70.1 70.1 70.1 70.1 70.1 70.1 70.1 70.1 70.1 70.1 70.1 70.1 70.1 70.1 70.1 70.1 70.1 70.1 70.1 70.1 70.1 70.1 70.1 70.1 70.1 70.1 70.1 70.1 70.1 63.7 63.7 63.7 63.7 63.7 63.7 63.7 63.7 63.7 63.7 63.7 63.7 63.7 63.7 63.7 63.7 63.7 63.7 63.7 63.7 63.7 63.7 63.7 63.7 63.7 63.7 63.7 63.7 63.7 
84 84 84 84 84 84 84 84 84 84 84 70.1 70.1 70.1 70.1 70.1 70.1 70.1 70.1 70.1 70.1 70.1 70.1 70.1 70.1 70.1 70.1 70.1 70.1 70.1 70.1 70.1 70.1 70.1 70.1 70.1 70.1 70.1 70.1 70.1 70.1 70.1 70.1 70.1 70.1 70.1 70.1 70.1 70.1 70.1 70.1 70.1 70.1 70.1 70.1 70.1 70.1 70.1 70.1 70.1 70.1 70.1 70.1 70.1 70.1 70.1 70.1 70.1 70.1 70.1 70.1 63.7 63.7 63.7 63.7 63.7 63.7 63.7 63.7 63.7 63.7 63.7 63.7 63.7 63.7 63.7 63.7 63.7 63.7 63.7 63.7 63.7 63.7 63.7 63.7 63.7 63.7 63.7 63.7 63.7 
84 84 84 84 84 84 84 84 84 84 84 70.1 70.1 70.1 70.1 70.1 70.1 70.1 70.1 70.1 70.1 70.1 70.1 70.1 70.1 70.1 70.1 70.1 70.1 70.1 70.1 70.1 70.1 70.1 70.1 70.1 70.1 70.1 70.1 70.1 70.1 70.1 70.1 70.1 70.1 70.1 70.1 70.1 70.1 70.1 70.1 70.1 70.1 70.1 70.1 70.1 70.1 70.1 70.1 70.1 70.1 70.1 70.1 70.1 70.1 70.1 70.1 70.1 70.1 70.1 70.1 63.7 63.7 63.7 63.7 63.7 63.7 63.7 63.7 63.7 63.7 63.7 63.7 63.7 63.7 63.7 63.7 63.7 63.7 63.7 63.7 63.7 63.7 63.7 63.7 63.7 63.7 63.7 63.7 63.7 
84 84 84 84 84 84 84 84 84 84 84 70.1 70.1 70.1 70.1 70.1 70.1 70.1 70.1 70.1 70.1 70.1 70.1 70.1 70.1 70.1 70.1 70.1 70.1 70.1 70.1 70.1 70.1 70.1 70.1 70.1 70.1 70.1 70.1 70.1 70.1 70.1 70.1 70.1 70.1 70.1 70.1 70.1 70.1 70.1 70.1 70.1 70.1 70.1 70.1 70.1 70.1 70.1 70.1 70.1 70.1 70.1 70.1 70.1 70.1 70.1 70.1 70.1 70.1 70.1 70.1 63.7 63.7 63.7 63.7 63.7 63.7 63.7 63.7 63.7 63.7 63.7 63.7 63.7 63.7 63.7 63.7 63.7 63.7 63.7 63.7 63.7 63.7 63.7 63.7 63.7 63.7 63.7 63.7 63.7 
84 84 84 84 84 84 84 84 84 84 84 70.1 70.1 70.1 70.1 70.1 70.1 70.1 70.1 70.1 70.1 70.1 70.1 70.1 70.1 70.1 70.1 70.1 70.1 70.1 70.1 70.1 70.1 70.1 70.1 70.1 70.1 70.1 70.1 70.1 70.1 70.1 70.1 70.1 70.1 70.1 70.1 70.1 70.1 70.1 70.1 70.1 70.1 70.1 70.1 70.1 70.1 70.1 70.1 70.1 70.1 70.1 70.1 70.1 70.1 70.1 70.1 70.1 70.1 70.1 70.1 63.7 63.7 63.7 63.7 63.7 63.7 63.7 63.7 63.7 63.7 63.7 63.7 63.7 63.7 63.7 63.7 63.7 63.7 63.7 63.7 63.7 63.7 63.7 63.7 63.7 63.7 63.7 63.7 63.7 
84 84 84 84 84 84 84 84 84 84 84 70.1 70.1 70.1 70.1 70.1 70.1 70.1 70.1 70.1 70.1 70.1 70.1 70.1 70.1 70.1 70.1 70.1 70.1 70.1 70.1 70.1 70.1 70.1 70.1 70.1 70.1 70.1 70.1 70.1 70.1 70.1 70.1 70.1 70.1 70.1 70.1 70.1 70.1 70.1 70.1 70.1 70.1 70.1 70.1 70.1 70.1 70.1 70.1 70.1 70.1 70.1 70.1 70.1 70.1 70.1 70.1 70.1 70.1 70.1 70.1 63.7 63.7 63.7 63.7 63.7 63.7 63.7 63.7 63.7 63.7 63.7 63.7 63.7 63.7 63.7 63.7 63.7 63.7 63.7 63.7 63.7 63.7 63.7 63.7 63.7 63.7 63.7 63.7 63.7 
84 84 84 84 84 84 84 84 84 84 84 70.1 70.1 70.1 70.1 70.1 70.1 70.1 70.1 70.1 70.1 70.1 70.1 70.1 70.1 70.1 70.1 70.1 70.1 70.1 70.1 70.1 70.1 70.1 70.1 70.1 70.1 70.1 70.1 70.1 70.1 70.1 70.1 70.1 70.1 70.1 70.1 70.1 70.1 70.1 70.1 70.1 70.1 70.1 70.1 70.1 70.1 70.1 70.1 70.1 70.1 70.1 70.1 70.1 70.1 70.1 70.1 70.1 70.1 70.1 70.1 63.7 63.7 63.7 63.7 63.7 63.7 63.7 63.7 63.7 63.7 63.7 63.7 63.7 63.7 63.7 63.7 63.7 63.7 63.7 63.7 63.7 63.7 63.7 63.7 63.7 63.7 63.7 63.7 63.7 
84 84 84 84 84 84 84 84 84 84 84 70.1 70.1 70.1 70.1 70.1 70.1 70.1 70.1 70.1 70.1 70.1 70.1 70.1 70.1 70.1 70.1 70.1 70.1 70.1 70.1 70.1 70.1 70.1 70.1 70.1 70.1 70.1 70.1 70.1 70.1 70.1 70.1 70.1 70.1 70.1 70.1 70.1 70.1 70.1 70.1 70.1 70.1 70.1 70.1 70.1 70.1 70.1 70.1 70.1 70.1 70.1 70.1 70.1 70.1 70.1 70.1 70.1 70.1 70.1 70.1 63.7 63.7 63.7 63.7 63.7 63.7 63.7 63.7 63.7 63.7 63.7 63.7 63.7 63.7 63.7 63.7 63.7 63.7 63.7 63.7 63.7 63.7 63.7 63.7 63.7 63.7 63.7 63.7 63.7 
87.2 87.2 87.2 87.2 87.2 87.2 87.2 87.2 87.2 87.2 87.2 80.1 80.1 80.1 80.1 80.1 80.1 80.1 80.1 80.1 80.1 80.1 80.1 80.1 80.1 80.1 80.1 80.1 80.1 80.1 80.1 80.1 80.1 80.1 80.1 80.1 80.1 80.1 80.1 80.1 80.1 80.1 80.1 80.1 80.1 80.1 80.1 80.1 80.1 80.1 80.1 80.1 80.1 80.1 80.1 80.1 80.1 80.1 80.1 80.1 80.1 80.1 80.1 80.1 80.1 80.1 80.1 80.1 80.1 80.1 80.1 72.1 72.1 72.1 72.1 72.1 72.1 72.1 72.1 72.1 72.1 72.1 72.1 72.1 72.1 72.1 72.1 72.1 72.1 72.1 72.1 72.1 72.1 72.1 72.1 72.1 72.1 72.1 72.1 72.1 
87.2 87.2 87.2 87.2 87.2 87.2 87.2 87.2 87.2 87.2 87.2 80.1 80.1 80.1 80.1 80.1 80.1 80.1 80.1 80.1 80.1 80.1 80.1 80.1 80.1 80.1 80.1 80.1 80.1 80.1 80.1 80.1 80.1 80.1 80.1 80.1 80.1 80.1 80.1 80.1 80.1 80.1 80.1 80.1 80.1 80.1 80.1 80.1 80.1 80.1 80.1 80.1 80.1 80.1 80.1 80.1 80.1 80.1 80.1 80.1 80.1 80.1 80.1 80.1 80.1 80.1 80.1 80.1 80.1 80.1 80.1 72.1 72.1 72.1 72.1 72.1 72.1 72.1 72.1 72.1 72.1 72.1 72.1 72.1 72.1 72.1 72.1 72.1 72.1 72.1 72.1 72.1 72.1 72.1 72.1 72.1 72.1 72.1 72.1 72.1 
87.2 87.2 87.2 87.2 87.2 87.2 87.2 87.2 87.2 87.2 87.2 80.1 80.1 80.1 80.1 80.1 80.1 80.1 80.1 80.1 80.1 80.1 80.1 80.1 80.1 80.1 80.1 80.1 80.1 80.1 80.1 80.1 80.1 80.1 80.1 80.1 80.1 80.1 80.1 80.1 80.1 80.1 80.1 80.1 80.1 80.1 80.1 80.1 80.1 80.1 80.1 80.1 80.1 80.1 80.1 80.1 80.1 80.1 80.1 80.1 80.1 80.1 80.1 80.1 80.1 80.1 80.1 80.1 80.1 80.1 80.1 72.1 72.1 72.1 72.1 72.1 72.1 72.1 72.1 72.1 72.1 72.1 72.1 72.1 72.1 72.1 72.1 72.1 72.1 72.1 72.1 72.1 72.1 72.1 72.1 72.1 72.1 72.1 72.1 72.1 
87.2 87.2 87.2 87.2 87.2 87.2 87.2 87.2 87.2 87.2 87.2 80.1 80.1 80.1 80.1 80.1 80.1 80.1 80.1 80.1 80.1 80.1 80.1 80.1 80.1 80.1 80.1 80.1 80.1 80.1 80.1 80.1 80.1 80.1 80.1 80.1 80.1 80.1 80.1 80.1 80.1 80.1 80.1 80.1 80.1 80.1 80.1 80.1 80.1 80.1 80.1 80.1 80.1 80.1 80.1 80.1 80.1 80.1 80.1 80.1 80.1 80.1 80.1 80.1 80.1 80.1 80.1 80.1 80.1 80.1 80.1 72.1 72.1 72.1 72.1 72.1 72.1 72.1 72.1 72.1 72.1 72.1 72.1 72.1 72.1 72.1 72.1 72.1 72.1 72.1 72.1 72.1 72.1 72.1 72.1 72.1 72.1 72.1 72.1 72.1 
87.2 87.2 87.2 87.2 87.2 87.2 87.2 87.2 87.2 87.2 87.2 80.1 80.1 80.1 80.1 80.1 80.1 80.1 80.1 80.1 80.1 80.1 80.1 80.1 80.1 80.1 80.1 80.1 80.1 80.1 80.1 80.1 80.1 80.1 80.1 80.1 80.1 80.1 80.1 80.1 80.1 80.1 80.1 80.1 80.1 80.1 80.1 80.1 80.1 80.1 80.1 80.1 80.1 80.1 80.1 80.1 80.1 80.1 80.1 80.1 80.1 80.1 80.1 80.1 80.1 80.1 80.1 80.1 80.1 80.1 80.1 72.1 72.1 72.1 72.1 72.1 72.1 72.1 72.1 72.1 72.1 72.1 72.1 72.1 72.1 72.1 72.1 72.1 72.1 72.1 72.1 72.1 72.1 72.1 72.1 72.1 72.1 72.1 72.1 72.1 
87.2 87.2 87.2 87.2 87.2 87.2 87.2 87.2 87.2 87.2 87.2 80.1 80.1 80.1 80.1 80.1 80.1 80.1 80.1 80.1 80.1 80.1 80.1 80.1 80.1 80.1 80.1 80.1 80.1 80.1 80.1 80.1 80.1 80.1 80.1 80.1 80.1 80.1 80.1 80.1 80.1 80.1 80.1 80.1 80.1 80.1 80.1 80.1 80.1 80.1 80.1 80.1 80.1 80.1 80.1 80.1 80.1 80.1 80.1 80.1 80.1 80.1 80.1 80.1 80.1 80.1 80.1 80.1 80.1 80.1 80.1 72.1 72.1 72.1 72.1 72.1 72.1 72.1 72.1 72.1 72.1 72.1 72.1 72.1 72.1 72.1 72.1 72.1 72.1 72.1 72.1 72.1 72.1 72.1 72.1 72.1 72.1 72.1 72.1 72.1 
87.2 87.2 87.2 87.2 87.2 87.2 87.2 87.2 87.2 87.2 87.2 80.1 80.1 80.1 80.1 80.1 80.1 80.1 80.1 80.1 80.1 80.1 80.1 80.1 80.1 80.1 80.1 80.1 80.1 80.1 80.1 80.1 80.1 80.1 80.1 80.1 80.1 80.1 80.1 80.1 80.1 80.1 80.1 80.1 80.1 80.1 80.1 80.1 80.1 80.1 80.1 80.1 80.1 80.1 80.1 80.1 80.1 80.1 80.1 80.1 80.1 80.1 80.1 80.1 80.1 80.1 80.1 80.1 80.1 80.1 80.1 72.1 72.1 72.1 72.1 72.1 72.1 72.1 72.1 72.1 72.1 72.1 72.1 72.1 72.1 72.1 72.1 72.1 72.1 72.1 72.1 72.1 72.1 72.1 72.1 72.1 72.1 72.1 72.1 72.1 
87.2 87.2 87.2 87.2 87.2 87.2 87.2 87.2 87.2 87.2 87.2 80.1 80.1 80.1 80.1 80.1 80.1 80.1 80.1 80.1 80.1 80.1 80.1 80.1 80.1 80.1 80.1 80.1 80.1 80.1 80.1 80.1 80.1 80.1 80.1 80.1 80.1 80.1 80.1 80.1 80.1 80.1 80.1 80.1 80.1 80.1 80.1 80.1 80.1 80.1 80.1 80.1 80.1 80.1 80.1 80.1 80.1 80.1 80.1 80.1 80.1 80.1 80.1 80.1 80.1 80.1 80.1 80.1 80.1 80.1 80.1 72.1 72.1 72.1 72.1 72.1 72.1 72.1 72.1 72.1 72.1 72.1 72.1 72.1 72.1 72.1 72.1 72.1 72.1 72.1 72.1 72.1 72.1 72.1 72.1 72.1 72.1 72.1 72.1 72.1 
87.2 87.2 87.2 87.2 87.2 87.2 87.2 87.2 87.2 87.2 87.2 80.1 80.1 80.1 80.1 80.1 80.1 80.1 80.1 80.1 80.1 80.1 80.1 80.1 80.1 80.1 80.1 80.1 80.1 80.1 80.1 80.1 80.1 80.1 80.1 80.1 80.1 80.1 80.1 80.1 80.1 80.1 80.1 80.1 80.1 80.1 80.1 80.1 80.1 80.1 80.1 80.1 80.1 80.1 80.1 80.1 80.1 80.1 80.1 80.1 80.1 80.1 80.1 80.1 80.1 80.1 80.1 80.1 80.1 80.1 80.1 72.1 72.1 72.1 72.1 72.1 72.1 72.1 72.1 72.1 72.1 72.1 72.1 72.1 72.1 72.1 72.1 72.1 72.1 72.1 72.1 72.1 72.1 72.1 72.1 72.1 72.1 72.1 72.1 72.1 
87.2 87.2 87.2 87.2 87.2 87.2 87.2 87.2 87.2 87.2 87.2 80.1 80.1 80.1 80.1 80.1 80.1 80.1 80.1 80.1 80.1 80.1 80.1 80.1 80.1 80.1 80.1 80.1 80.1 80.1 80.1 80.1 80.1 80.1 80.1 80.1 80.1 80.1 80.1 80.1 80.1 80.1 80.1 80.1 80.1 80.1 80.1 80.1 80.1 80.1 80.1 80.1 80.1 80.1 80.1 80.1 80.1 80.1 80.1 80.1 80.1 80.1 80.1 80.1 80.1 80.1 80.1 80.1 80.1 80.1 80.1 72.1 72.1 72.1 72.1 72.1 72.1 72.1 72.1 72.1 72.1 72.1 72.1 72.1 72.1 72.1 72.1 72.1 72.1 72.1 72.1 72.1 72.1 72.1 72.1 72.1 72.1 72.1 72.1 72.1 
87.2 87.2 87.2 87.2 87.2 87.2 87.2 87.2 87.2 87.2 87.2 80.1 80.1 80.1 80.1 80.1 80.1 80.1 80.1 80.1 80.1 80.1 80.1 80.1 80.1 80.1 80.1 80.1 80.1 80.1 80.1 80.1 80.1 80.1 80.1 80.1 80.1 80.1 80.1 80.1 80.1 80.1 80.1 80.1 80.1 80.1 80.1 80.1 80.1 80.1 80.1 80.1 80.1 80.1 80.1 80.1 80.1 80.1 80.1 80.1 80.1 80.1 80.1 80.1 80.1 80.1 80.1 80.1 80.1 80.1 80.1 72.1 72.1 72.1 72.1 72.1 72.1 72.1 72.1 72.1 72.1 72.1 72.1 72.1 72.1 72.1 72.1 72.1 72.1 72.1 72.1 72.1 72.1 72.1 72.1 72.1 72.1 72.1 72.1 72.1 
87.2 87.2 87.2 87.2 87.2 87.2 87.2 87.2 87.2 87.2 87.2 80.1 80.1 80.1 80.1 80.1 80.1 80.1 80.1 80.1 80.1 80.1 80.1 80.1 80.1 80.1 80.1 80.1 80.1 80.1 80.1 80.1 80.1 80.1 80.1 80.1 80.1 80.1 80.1 80.1 80.1 80.1 80.1 80.1 80.1 80.1 80.1 80.1 80.1 80.1 80.1 80.1 80.1 80.1 80.1 80.1 80.1 80.1 80.1 80.1 80.1 80.1 80.1 80.1 80.1 80.1 80.1 80.1 80.1 80.1 80.1 72.1 72.1 72.1 72.1 72.1 72.1 72.1 72.1 72.1 72.1 72.1 72.1 72.1 72.1 72.1 72.1 72.1 72.1 72.1 72.1 72.1 72.1 72.1 72.1 72.1 72.1 72.1 72.1 72.1 
87.2 87.2 87.2 87.2 87.2 87.2 87.2 87.2 87.2 87.2 87.2 80.1 80.1 80.1 80.1 80.1 80.1 80.1 80.1 80.1 80.1 80.1 80.1 80.1 80.1 80.1 80.1 80.1 80.1 80.1 80.1 80.1 80.1 80.1 80.1 80.1 80.1 80.1 80.1 80.1 80.1 80.1 80.1 80.1 80.1 80.1 80.1 80.1 80.1 80.1 80.1 80.1 80.1 80.1 80.1 80.1 80.1 80.1 80.1 80.1 80.1 80.1 80.1 80.1 80.1 80.1 80.1 80.1 80.1 80.1 80.1 72.1 72.1 72.1 72.1 72.1 72.1 72.1 72.1 72.1 72.1 72.1 72.1 72.1 72.1 72.1 72.1 72.1 72.1 72.1 72.1 72.1 72.1 72.1 72.1 72.1 72.1 72.1 72.1 72.1 
87.2 87.2 87.2 87.2 87.2 87.2 87.2 87.2 87.2 87.2 87.2 80.1 80.1 80.1 80.1 80.1 80.1 80.1 80.1 80.1 80.1 80.1 80.1 80.1 80.1 80.1 80.1 80.1 80.1 80.1 80.1 80.1 80.1 80.1 80.1 80.1 80.1 80.1 80.1 80.1 80.1 80.1 80.1 80.1 80.1 80.1 80.1 80.1 80.1 80.1 80.1 80.1 80.1 80.1 80.1 80.1 80.1 80.1 80.1 80.1 80.1 80.1 80.1 80.1 80.1 80.1 80.1 80.1 80.1 80.1 80.1 72.1 72.1 72.1 72.1 72.1 72.1 72.1 72.1 72.1 72.1 72.1 72.1 72.1 72.1 72.1 72.1 72.1 72.1 72.1 72.1 72.1 72.1 72.1 72.1 72.1 72.1 72.1 72.1 72.1 
87.2 87.2 87.2 87.2 87.2 87.2 87.2 87.2 87.2 87.2 87.2 80.1 80.1 80.1 80.1 80.1 80.1 80.1 80.1 80.1 80.1 80.1 80.1 80.1 80.1 80.1 80.1 80.1 80.1 80.1 80.1 80.1 80.1 80.1 80.1 80.1 80.1 80.1 80.1 80.1 80.1 80.1 80.1 80.1 80.1 80.1 80.1 80.1 80.1 80.1 80.1 80.1 80.1 80.1 80.1 80.1 80.1 80.1 80.1 80.1 80.1 80.1 80.1 80.1 80.1 80.1 80.1 80.1 80.1 80.1 80.1 72.1 72.1 72.1 72.1 72.1 72.1 72.1 72.1 72.1 72.1 72.1 72.1 72.1 72.1 72.1 72.1 72.1 72.1 72.1 72.1 72.1 72.1 72.1 72.1 72.1 72.1 72.1 72.1 72.1 
87.2 87.2 87.2 87.2 87.2 87.2 87.2 87.2 87.2 87.2 87.2 80.1 80.1 80.1 80.1 80.1 80.1 80.1 80.1 80.1 80.1 80.1 80.1 80.1 80.1 80.1 80.1 80.1 80.1 80.1 80.1 80.1 80.1 80.1 80.1 80.1 80.1 80.1 80.1 80.1 80.1 80.1 80.1 80.1 80.1 80.1 80.1 80.1 80.1 80.1 80.1 80.1 80.1 80.1 80.1 80.1 80.1 80.1 80.1 80.1 80.1 80.1 80.1 80.1 80.1 80.1 80.1 80.1 80.1 80.1 80.1 72.1 72.1 72.1 72.1 72.1 72.1 72.1 72.1 72.1 72.1 72.1 72.1 72.1 72.1 72.1 72.1 72.1 72.1 72.1 72.1 72.1 72.1 72.1 72.1 72.1 72.1 72.1 72.1 72.1 
87.2 87.2 87.2 87.2 87.2 87.2 87.2 87.2 87.2 87.2 87.2 80.1 80.1 80.1 80.1 80.1 80.1 80.1 80.1 80.1 80.1 80.1 80.1 80.1 80.1 80.1 80.1 80.1 80.1 80.1 80.1 80.1 80.1 80.1 80.1 80.1 80.1 80.1 80.1 80.1 80.1 80.1 80.1 80.1 80.1 80.1 80.1 80.1 80.1 80.1 80.1 80.1 80.1 80.1 80.1 80.1 80.1 80.1 80.1 80.1 80.1 80.1 80.1 80.1 80.1 80.1 80.1 80.1 80.1 80.1 80.1 72.1 72.1 72.1 72.1 72.1 72.1 72.1 72.1 72.1 72.1 72.1 72.1 72.1 72.1 72.1 72.1 72.1 72.1 72.1 72.1 72.1 72.1 72.1 72.1 72.1 72.1 72.1 72.1 72.1 
87.2 87.2 87.2 87.2 87.2 87.2 87.2 87.2 87.2 87.2 87.2 80.1 80.1 80.1 80.1 80.1 80.1 80.1 80.1 80.1 80.1 80.1 80.1 80.1 80.1 80.1 80.1 80.1 80.1 80.1 80.1 80.1 80.1 80.1 80.1 80.1 80.1 80.1 80.1 80.1 80.1 80.1 80.1 80.1 80.1 80.1 80.1 80.1 80.1 80.1 80.1 80.1 80.1 80.1 80.1 80.1 80.1 80.1 80.1 80.1 80.1 80.1 80.1 80.1 80.1 80.1 80.1 80.1 80.1 80.1 80.1 72.1 72.1 72.1 72.1 72.1 72.1 72.1 72.1 72.1 72.1 72.1 72.1 72.1 72.1 72.1 72.1 72.1 72.1 72.1 72.1 72.1 72.1 72.1 72.1 72.1 72.1 72.1 72.1 72.1 
87.2 87.2 87.2 87.2 87.2 87.2 87.2 87.2 87.2 87.2 87.2 80.1 80.1 80.1 80.1 80.1 80.1 80.1 80.1 80.1 80.1 80.1 80.1 80.1 80.1 80.1 80.1 80.1 80.1 80.1 80.1 80.1 80.1 80.1 80.1 80.1 80.1 80.1 80.1 80.1 80.1 80.1 80.1 80.1 80.1 80.1 80.1 80.1 80.1 80.1 80.1 80.1 80.1 80.1 80.1 80.1 80.1 80.1 80.1 80.1 80.1 80.1 80.1 80.1 80.1 80.1 80.1 80.1 80.1 80.1 80.1 72.1 72.1 72.1 72.1 72.1 72.1 72.1 72.1 72.1 72.1 72.1 72.1 72.1 72.1 72.1 72.1 72.1 72.1 72.1 72.1 72.1 72.1 72.1 72.1 72.1 72.1 72.1 72.1 72.1 
87.2 87.2 87.2 87.2 87.2 87.2 87.2 87.2 87.2 87.2 87.2 80.1 80.1 80.1 80.1 80.1 80.1 80.1 80.1 80.1 80.1 80.1 80.1 80.1 80.1 80.1 80.1 80.1 80.1 80.1 80.1 80.1 80.1 80.1 80.1 80.1 80.1 80.1 80.1 80.1 80.1 80.1 80.1 80.1 80.1 80.1 80.1 80.1 80.1 80.1 80.1 80.1 80.1 80.1 80.1 80.1 80.1 80.1 80.1 80.1 80.1 80.1 80.1 80.1 80.1 80.1 80.1 80.1 80.1 80.1 80.1 72.1 72.1 72.1 72.1 72.1 72.1 72.1 72.1 72.1 72.1 72.1 72.1 72.1 72.1 72.1 72.1 72.1 72.1 72.1 72.1 72.1 72.1 72.1 72.1 72.1 72.1 72.1 72.1 72.1 
87.2 87.2 87.2 87.2 87.2 87.2 87.2 87.2 87.2 87.2 87.2 80.1 80.1 80.1 80.1 80.1 80.1 80.1 80.1 80.1 80.1 80.1 80.1 80.1 80.1 80.1 80.1 80.1 80.1 80.1 80.1 80.1 80.1 80.1 80.1 80.1 80.1 80.1 80.1 80.1 80.1 80.1 80.1 80.1 80.1 80.1 80.1 80.1 80.1 80.1 80.1 80.1 80.1 80.1 80.1 80.1 80.1 80.1 80.1 80.1 80.1 80.1 80.1 80.1 80.1 80.1 80.1 80.1 80.1 80.1 80.1 72.1 72.1 72.1 72.1 72.1 72.1 72.1 72.1 72.1 72.1 72.1 72.1 72.1 72.1 72.1 72.1 72.1 72.1 72.1 72.1 72.1 72.1 72.1 72.1 72.1 72.1 72.1 72.1 72.1 
87.2 87.2 87.2 87.2 87.2 87.2 87.2 87.2 87.2 87.2 87.2 80.1 80.1 80.1 80.1 80.1 80.1 80.1 80.1 80.1 80.1 80.1 80.1 80.1 80.1 80.1 80.1 80.1 80.1 80.1 80.1 80.1 80.1 80.1 80.1 80.1 80.1 80.1 80.1 80.1 80.1 80.1 80.1 80.1 80.1 80.1 80.1 80.1 80.1 80.1 80.1 80.1 80.1 80.1 80.1 80.1 80.1 80.1 80.1 80.1 80.1 80.1 80.1 80.1 80.1 80.1 80.1 80.1 80.1 80.1 80.1 72.1 72.1 72.1 72.1 72.1 72.1 72.1 72.1 72.1 72.1 72.1 72.1 72.1 72.1 72.1 72.1 72.1 72.1 72.1 72.1 72.1 72.1 72.1 72.1 72.1 72.1 72.1 72.1 72.1 
87.2 87.2 87.2 87.2 87.2 87.2 87.2 87.2 87.2 87.2 87.2 80.1 80.1 80.1 80.1 80.1 80.1 80.1 80.1 80.1 80.1 80.1 80.1 80.1 80.1 80.1 80.1 80.1 80.1 80.1 80.1 80.1 80.1 80.1 80.1 80.1 80.1 80.1 80.1 80.1 80.1 80.1 80.1 80.1 80.1 80.1 80.1 80.1 80.1 80.1 80.1 80.1 80.1 80.1 80.1 80.1 80.1 80.1 80.1 80.1 80.1 80.1 80.1 80.1 80.1 80.1 80.1 80.1 80.1 80.1 80.1 72.1 72.1 72.1 72.1 72.1 72.1 72.1 72.1 72.1 72.1 72.1 72.1 72.1 72.1 72.1 72.1 72.1 72.1 72.1 72.1 72.1 72.1 72.1 72.1 72.1 72.1 72.1 72.1 72.1 
87.2 87.2 87.2 87.2 87.2 87.2 87.2 87.2 87.2 87.2 87.2 80.1 80.1 80.1 80.1 80.1 80.1 80.1 80.1 80.1 80.1 80.1 80.1 80.1 80.1 80.1 80.1 80.1 80.1 80.1 80.1 80.1 80.1 80.1 80.1 80.1 80.1 80.1 80.1 80.1 80.1 80.1 80.1 80.1 80.1 80.1 80.1 80.1 80.1 80.1 80.1 80.1 80.1 80.1 80.1 80.1 80.1 80.1 80.1 80.1 80.1 80.1 80.1 80.1 80.1 80.1 80.1 80.1 80.1 80.1 80.1 72.1 72.1 72.1 72.1 72.1 72.1 72.1 72.1 72.1 72.1 72.1 72.1 72.1 72.1 72.1 72.1 72.1 72.1 72.1 72.1 72.1 72.1 72.1 72.1 72.1 72.1 72.1 72.1 72.1 
87.2 87.2 87.2 87.2 87.2 87.2 87.2 87.2 87.2 87.2 87.2 80.1 80.1 80.1 80.1 80.1 80.1 80.1 80.1 80.1 80.1 80.1 80.1 80.1 80.1 80.1 80.1 80.1 80.1 80.1 80.1 80.1 80.1 80.1 80.1 80.1 80.1 80.1 80.1 80.1 80.1 80.1 80.1 80.1 80.1 80.1 80.1 80.1 80.1 80.1 80.1 80.1 80.1 80.1 80.1 80.1 80.1 80.1 80.1 80.1 80.1 80.1 80.1 80.1 80.1 80.1 80.1 80.1 80.1 80.1 80.1 72.1 72.1 72.1 72.1 72.1 72.1 72.1 72.1 72.1 72.1 72.1 72.1 72.1 72.1 72.1 72.1 72.1 72.1 72.1 72.1 72.1 72.1 72.1 72.1 72.1 72.1 72.1 72.1 72.1 
87.2 87.2 87.2 87.2 87.2 87.2 87.2 87.2 87.2 87.2 87.2 80.1 80.1 80.1 80.1 80.1 80.1 80.1 80.1 80.1 80.1 80.1 80.1 80.1 80.1 80.1 80.1 80.1 80.1 80.1 80.1 80.1 80.1 80.1 80.1 80.1 80.1 80.1 80.1 80.1 80.1 80.1 80.1 80.1 80.1 80.1 80.1 80.1 80.1 80.1 80.1 80.1 80.1 80.1 80.1 80.1 80.1 80.1 80.1 80.1 80.1 80.1 80.1 80.1 80.1 80.1 80.1 80.1 80.1 80.1 80.1 72.1 72.1 72.1 72.1 72.1 72.1 72.1 72.1 72.1 72.1 72.1 72.1 72.1 72.1 72.1 72.1 72.1 72.1 72.1 72.1 72.1 72.1 72.1 72.1 72.1 72.1 72.1 72.1 72.1 
87.2 87.2 87.2 87.2 87.2 87.2 87.2 87.2 87.2 87.2 87.2 80.1 80.1 80.1 80.1 80.1 80.1 80.1 80.1 80.1 80.1 80.1 80.1 80.1 80.1 80.1 80.1 80.1 80.1 80.1 80.1 80.1 80.1 80.1 80.1 80.1 80.1 80.1 80.1 80.1 80.1 80.1 80.1 80.1 80.1 80.1 80.1 80.1 80.1 80.1 80.1 80.1 80.1 80.1 80.1 80.1 80.1 80.1 80.1 80.1 80.1 80.1 80.1 80.1 80.1 80.1 80.1 80.1 80.1 80.1 80.1 72.1 72.1 72.1 72.1 72.1 72.1 72.1 72.1 72.1 72.1 72.1 72.1 72.1 72.1 72.1 72.1 72.1 72.1 72.1 72.1 72.1 72.1 72.1 72.1 72.1 72.1 72.1 72.1 72.1 
87.2 87.2 87.2 87.2 87.2 87.2 87.2 87.2 87.2 87.2 87.2 80.1 80.1 80.1 80.1 80.1 80.1 80.1 80.1 80.1 80.1 80.1 80.1 80.1 80.1 80.1 80.1 80.1 80.1 80.1 80.1 80.1 80.1 80.1 80.1 80.1 80.1 80.1 80.1 80.1 80.1 80.1 80.1 80.1 80.1 80.1 80.1 80.1 80.1 80.1 80.1 80.1 80.1 80.1 80.1 80.1 80.1 80.1 80.1 80.1 80.1 80.1 80.1 80.1 80.1 80.1 80.1 80.1 80.1 80.1 80.1 72.1 72.1 72.1 72.1 72.1 72.1 72.1 72.1 72.1 72.1 72.1 72.1 72.1 72.1 72.1 72.1 72.1 72.1 72.1 72.1 72.1 72.1 72.1 72.1 72.1 72.1 72.1 72.1 72.1 
87.2 87.2 87.2 87.2 87.2 87.2 87.2 87.2 87.2 87.2 87.2 80.1 80.1 80.1 80.1 80.1 80.1 80.1 80.1 80.1 80.1 80.1 80.1 80.1 80.1 80.1 80.1 80.1 80.1 80.1 80.1 80.1 80.1 80.1 80.1 80.1 80.1 80.1 80.1 80.1 80.1 80.1 80.1 80.1 80.1 80.1 80.1 80.1 80.1 80.1 80.1 80.1 80.1 80.1 80.1 80.1 80.1 80.1 80.1 80.1 80.1 80.1 80.1 80.1 80.1 80.1 80.1 80.1 80.1 80.1 80.1 72.1 72.1 72.1 72.1 72.1 72.1 72.1 72.1 72.1 72.1 72.1 72.1 72.1 72.1 72.1 72.1 72.1 72.1 72.1 72.1 72.1 72.1 72.1 72.1 72.1 72.1 72.1 72.1 72.1 
87.2 87.2 87.2 87.2 87.2 87.2 87.2 87.2 87.2 87.2 87.2 80.1 80.1 80.1 80.1 80.1 80.1 80.1 80.1 80.1 80.1 80.1 80.1 80.1 80.1 80.1 80.1 80.1 80.1 80.1 80.1 80.1 80.1 80.1 80.1 80.1 80.1 80.1 80.1 80.1 80.1 80.1 80.1 80.1 80.1 80.1 80.1 80.1 80.1 80.1 80.1 80.1 80.1 80.1 80.1 80.1 80.1 80.1 80.1 80.1 80.1 80.1 80.1 80.1 80.1 80.1 80.1 80.1 80.1 80.1 80.1 72.1 72.1 72.1 72.1 72.1 72.1 72.1 72.1 72.1 72.1 72.1 72.1 72.1 72.1 72.1 72.1 72.1 72.1 72.1 72.1 72.1 72.1 72.1 72.1 72.1 72.1 72.1 72.1 72.1 
87.2 87.2 87.2 87.2 87.2 87.2 87.2 87.2 87.2 87.2 87.2 80.1 80.1 80.1 80.1 80.1 80.1 80.1 80.1 80.1 80.1 80.1 80.1 80.1 80.1 80.1 80.1 80.1 80.1 80.1 80.1 80.1 80.1 80.1 80.1 80.1 80.1 80.1 80.1 80.1 80.1 80.1 80.1 80.1 80.1 80.1 80.1 80.1 80.1 80.1 80.1 80.1 80.1 80.1 80.1 80.1 80.1 80.1 80.1 80.1 80.1 80.1 80.1 80.1 80.1 80.1 80.1 80.1 80.1 80.1 80.1 72.1 72.1 72.1 72.1 72.1 72.1 72.1 72.1 72.1 72.1 72.1 72.1 72.1 72.1 72.1 72.1 72.1 72.1 72.1 72.1 72.1 72.1 72.1 72.1 72.1 72.1 72.1 72.1 72.1 
87.2 87.2 87.2 87.2 87.2 87.2 87.2 87.2 87.2 87.2 87.2 80.1 80.1 80.1 80.1 80.1 80.1 80.1 80.1 80.1 80.1 80.1 80.1 80.1 80.1 80.1 80.1 80.1 80.1 80.1 80.1 80.1 80.1 80.1 80.1 80.1 80.1 80.1 80.1 80.1 80.1 80.1 80.1 80.1 80.1 80.1 80.1 80.1 80.1 80.1 80.1 80.1 80.1 80.1 80.1 80.1 80.1 80.1 80.1 80.1 80.1 80.1 80.1 80.1 80.1 80.1 80.1 80.1 80.1 80.1 80.1 72.1 72.1 72.1 72.1 72.1 72.1 72.1 72.1 72.1 72.1 72.1 72.1 72.1 72.1 72.1 72.1 72.1 72.1 72.1 72.1 72.1 72.1 72.1 72.1 72.1 72.1 72.1 72.1 72.1 
87.2 87.2 87.2 87.2 87.2 87.2 87.2 87.2 87.2 87.2 87.2 80.1 80.1 80.1 80.1 80.1 80.1 80.1 80.1 80.1 80.1 80.1 80.1 80.1 80.1 80.1 80.1 80.1 80.1 80.1 80.1 80.1 80.1 80.1 80.1 80.1 80.1 80.1 80.1 80.1 80.1 80.1 80.1 80.1 80.1 80.1 80.1 80.1 80.1 80.1 80.1 80.1 80.1 80.1 80.1 80.1 80.1 80.1 80.1 80.1 80.1 80.1 80.1 80.1 80.1 80.1 80.1 80.1 80.1 80.1 80.1 72.1 72.1 72.1 72.1 72.1 72.1 72.1 72.1 72.1 72.1 72.1 72.1 72.1 72.1 72.1 72.1 72.1 72.1 72.1 72.1 72.1 72.1 72.1 72.1 72.1 72.1 72.1 72.1 72.1 
87.2 87.2 87.2 87.2 87.2 87.2 87.2 87.2 87.2 87.2 87.2 80.1 80.1 80.1 80.1 80.1 80.1 80.1 80.1 80.1 80.1 80.1 80.1 80.1 80.1 80.1 80.1 80.1 80.1 80.1 80.1 80.1 80.1 80.1 80.1 80.1 80.1 80.1 80.1 80.1 80.1 80.1 80.1 80.1 80.1 80.1 80.1 80.1 80.1 80.1 80.1 80.1 80.1 80.1 80.1 80.1 80.1 80.1 80.1 80.1 80.1 80.1 80.1 80.1 80.1 80.1 80.1 80.1 80.1 80.1 80.1 72.1 72.1 72.1 72.1 72.1 72.1 72.1 72.1 72.1 72.1 72.1 72.1 72.1 72.1 72.1 72.1 72.1 72.1 72.1 72.1 72.1 72.1 72.1 72.1 72.1 72.1 72.1 72.1 72.1 
87.2 87.2 87.2 87.2 87.2 87.2 87.2 87.2 87.2 87.2 87.2 80.1 80.1 80.1 80.1 80.1 80.1 80.1 80.1 80.1 80.1 80.1 80.1 80.1 80.1 80.1 80.1 80.1 80.1 80.1 80.1 80.1 80.1 80.1 80.1 80.1 80.1 80.1 80.1 80.1 80.1 80.1 80.1 80.1 80.1 80.1 80.1 80.1 80.1 80.1 80.1 80.1 80.1 80.1 80.1 80.1 80.1 80.1 80.1 80.1 80.1 80.1 80.1 80.1 80.1 80.1 80.1 80.1 80.1 80.1 80.1 72.1 72.1 72.1 72.1 72.1 72.1 72.1 72.1 72.1 72.1 72.1 72.1 72.1 72.1 72.1 72.1 72.1 72.1 72.1 72.1 72.1 72.1 72.1 72.1 72.1 72.1 72.1 72.1 72.1 
87.2 87.2 87.2 87.2 87.2 87.2 87.2 87.2 87.2 87.2 87.2 80.1 80.1 80.1 80.1 80.1 80.1 80.1 80.1 80.1 80.1 80.1 80.1 80.1 80.1 80.1 80.1 80.1 80.1 80.1 80.1 80.1 80.1 80.1 80.1 80.1 80.1 80.1 80.1 80.1 80.1 80.1 80.1 80.1 80.1 80.1 80.1 80.1 80.1 80.1 80.1 80.1 80.1 80.1 80.1 80.1 80.1 80.1 80.1 80.1 80.1 80.1 80.1 80.1 80.1 80.1 80.1 80.1 80.1 80.1 80.1 72.1 72.1 72.1 72.1 72.1 72.1 72.1 72.1 72.1 72.1 72.1 72.1 72.1 72.1 72.1 72.1 72.1 72.1 72.1 72.1 72.1 72.1 72.1 72.1 72.1 72.1 72.1 72.1 72.1 
87.2 87.2 87.2 87.2 87.2 87.2 87.2 87.2 87.2 87.2 87.2 80.1 80.1 80.1 80.1 80.1 80.1 80.1 80.1 80.1 80.1 80.1 80.1 80.1 80.1 80.1 80.1 80.1 80.1 80.1 80.1 80.1 80.1 80.1 80.1 80.1 80.1 80.1 80.1 80.1 80.1 80.1 80.1 80.1 80.1 80.1 80.1 80.1 80.1 80.1 80.1 80.1 80.1 80.1 80.1 80.1 80.1 80.1 80.1 80.1 80.1 80.1 80.1 80.1 80.1 80.1 80.1 80.1 80.1 80.1 80.1 72.1 72.1 72.1 72.1 72.1 72.1 72.1 72.1 72.1 72.1 72.1 72.1 72.1 72.1 72.1 72.1 72.1 72.1 72.1 72.1 72.1 72.1 72.1 72.1 72.1 72.1 72.1 72.1 72.1 
87.2 87.2 87.2 87.2 87.2 87.2 87.2 87.2 87.2 87.2 87.2 80.1 80.1 80.1 80.1 80.1 80.1 80.1 80.1 80.1 80.1 80.1 80.1 80.1 80.1 80.1 80.1 80.1 80.1 80.1 80.1 80.1 80.1 80.1 80.1 80.1 80.1 80.1 80.1 80.1 80.1 80.1 80.1 80.1 80.1 80.1 80.1 80.1 80.1 80.1 80.1 80.1 80.1 80.1 80.1 80.1 80.1 80.1 80.1 80.1 80.1 80.1 80.1 80.1 80.1 80.1 80.1 80.1 80.1 80.1 80.1 72.1 72.1 72.1 72.1 72.1 72.1 72.1 72.1 72.1 72.1 72.1 72.1 72.1 72.1 72.1 72.1 72.1 72.1 72.1 72.1 72.1 72.1 72.1 72.1 72.1 72.1 72.1 72.1 72.1 
87.2 87.2 87.2 87.2 87.2 87.2 87.2 87.2 87.2 87.2 87.2 80.1 80.1 80.1 80.1 80.1 80.1 80.1 80.1 80.1 80.1 80.1 80.1 80.1 80.1 80.1 80.1 80.1 80.1 80.1 80.1 80.1 80.1 80.1 80.1 80.1 80.1 80.1 80.1 80.1 80.1 80.1 80.1 80.1 80.1 80.1 80.1 80.1 80.1 80.1 80.1 80.1 80.1 80.1 80.1 80.1 80.1 80.1 80.1 80.1 80.1 80.1 80.1 80.1 80.1 80.1 80.1 80.1 80.1 80.1 80.1 72.1 72.1 72.1 72.1 72.1 72.1 72.1 72.1 72.1 72.1 72.1 72.1 72.1 72.1 72.1 72.1 72.1 72.1 72.1 72.1 72.1 72.1 72.1 72.1 72.1 72.1 72.1 72.1 72.1 
87.2 87.2 87.2 87.2 87.2 87.2 87.2 87.2 87.2 87.2 87.2 80.1 80.1 80.1 80.1 80.1 80.1 80.1 80.1 80.1 80.1 80.1 80.1 80.1 80.1 80.1 80.1 80.1 80.1 80.1 80.1 80.1 80.1 80.1 80.1 80.1 80.1 80.1 80.1 80.1 80.1 80.1 80.1 80.1 80.1 80.1 80.1 80.1 80.1 80.1 80.1 80.1 80.1 80.1 80.1 80.1 80.1 80.1 80.1 80.1 80.1 80.1 80.1 80.1 80.1 80.1 80.1 80.1 80.1 80.1 80.1 72.1 72.1 72.1 72.1 72.1 72.1 72.1 72.1 72.1 72.1 72.1 72.1 72.1 72.1 72.1 72.1 72.1 72.1 72.1 72.1 72.1 72.1 72.1 72.1 72.1 72.1 72.1 72.1 72.1 
87.2 87.2 87.2 87.2 87.2 87.2 87.2 87.2 87.2 87.2 87.2 80.1 80.1 80.1 80.1 80.1 80.1 80.1 80.1 80.1 80.1 80.1 80.1 80.1 80.1 80.1 80.1 80.1 80.1 80.1 80.1 80.1 80.1 80.1 80.1 80.1 80.1 80.1 80.1 80.1 80.1 80.1 80.1 80.1 80.1 80.1 80.1 80.1 80.1 80.1 80.1 80.1 80.1 80.1 80.1 80.1 80.1 80.1 80.1 80.1 80.1 80.1 80.1 80.1 80.1 80.1 80.1 80.1 80.1 80.1 80.1 72.1 72.1 72.1 72.1 72.1 72.1 72.1 72.1 72.1 72.1 72.1 72.1 72.1 72.1 72.1 72.1 72.1 72.1 72.1 72.1 72.1 72.1 72.1 72.1 72.1 72.1 72.1 72.1 72.1 
87.2 87.2 87.2 87.2 87.2 87.2 87.2 87.2 87.2 87.2 87.2 80.1 80.1 80.1 80.1 80.1 80.1 80.1 80.1 80.1 80.1 80.1 80.1 80.1 80.1 80.1 80.1 80.1 80.1 80.1 80.1 80.1 80.1 80.1 80.1 80.1 80.1 80.1 80.1 80.1 80.1 80.1 80.1 80.1 80.1 80.1 80.1 80.1 80.1 80.1 80.1 80.1 80.1 80.1 80.1 80.1 80.1 80.1 80.1 80.1 80.1 80.1 80.1 80.1 80.1 80.1 80.1 80.1 80.1 80.1 80.1 72.1 72.1 72.1 72.1 72.1 72.1 72.1 72.1 72.1 72.1 72.1 72.1 72.1 72.1 72.1 72.1 72.1 72.1 72.1 72.1 72.1 72.1 72.1 72.1 72.1 72.1 72.1 72.1 72.1 
87.2 87.2 87.2 87.2 87.2 87.2 87.2 87.2 87.2 87.2 87.2 80.1 80.1 80.1 80.1 80.1 80.1 80.1 80.1 80.1 80.1 80.1 80.1 80.1 80.1 80.1 80.1 80.1 80.1 80.1 80.1 80.1 80.1 80.1 80.1 80.1 80.1 80.1 80.1 80.1 80.1 80.1 80.1 80.1 80.1 80.1 80.1 80.1 80.1 80.1 80.1 80.1 80.1 80.1 80.1 80.1 80.1 80.1 80.1 80.1 80.1 80.1 80.1 80.1 80.1 80.1 80.1 80.1 80.1 80.1 80.1 72.1 72.1 72.1 72.1 72.1 72.1 72.1 72.1 72.1 72.1 72.1 72.1 72.1 72.1 72.1 72.1 72.1 72.1 72.1 72.1 72.1 72.1 72.1 72.1 72.1 72.1 72.1 72.1 72.1 
87.2 87.2 87.2 87.2 87.2 87.2 87.2 87.2 87.2 87.2 87.2 80.1 80.1 80.1 80.1 80.1 80.1 80.1 80.1 80.1 80.1 80.1 80.1 80.1 80.1 80.1 80.1 80.1 80.1 80.1 80.1 80.1 80.1 80.1 80.1 80.1 80.1 80.1 80.1 80.1 80.1 80.1 80.1 80.1 80.1 80.1 80.1 80.1 80.1 80.1 80.1 80.1 80.1 80.1 80.1 80.1 80.1 80.1 80.1 80.1 80.1 80.1 80.1 80.1 80.1 80.1 80.1 80.1 80.1 80.1 80.1 72.1 72.1 72.1 72.1 72.1 72.1 72.1 72.1 72.1 72.1 72.1 72.1 72.1 72.1 72.1 72.1 72.1 72.1 72.1 72.1 72.1 72.1 72.1 72.1 72.1 72.1 72.1 72.1 72.1 
87.2 87.2 87.2 87.2 87.2 87.2 87.2 87.2 87.2 87.2 87.2 80.1 80.1 80.1 80.1 80.1 80.1 80.1 80.1 80.1 80.1 80.1 80.1 80.1 80.1 80.1 80.1 80.1 80.1 80.1 80.1 80.1 80.1 80.1 80.1 80.1 80.1 80.1 80.1 80.1 80.1 80.1 80.1 80.1 80.1 80.1 80.1 80.1 80.1 80.1 80.1 80.1 80.1 80.1 80.1 80.1 80.1 80.1 80.1 80.1 80.1 80.1 80.1 80.1 80.1 80.1 80.1 80.1 80.1 80.1 80.1 72.1 72.1 72.1 72.1 72.1 72.1 72.1 72.1 72.1 72.1 72.1 72.1 72.1 72.1 72.1 72.1 72.1 72.1 72.1 72.1 72.1 72.1 72.1 72.1 72.1 72.1 72.1 72.1 72.1 
87.2 87.2 87.2 87.2 87.2 87.2 87.2 87.2 87.2 87.2 87.2 80.1 80.1 80.1 80.1 80.1 80.1 80.1 80.1 80.1 80.1 80.1 80.1 80.1 80.1 80.1 80.1 80.1 80.1 80.1 80.1 80.1 80.1 80.1 80.1 80.1 80.1 80.1 80.1 80.1 80.1 80.1 80.1 80.1 80.1 80.1 80.1 80.1 80.1 80.1 80.1 80.1 80.1 80.1 80.1 80.1 80.1 80.1 80.1 80.1 80.1 80.1 80.1 80.1 80.1 80.1 80.1 80.1 80.1 80.1 80.1 72.1 72.1 72.1 72.1 72.1 72.1 72.1 72.1 72.1 72.1 72.1 72.1 72.1 72.1 72.1 72.1 72.1 72.1 72.1 72.1 72.1 72.1 72.1 72.1 72.1 72.1 72.1 72.1 72.1 
87.2 87.2 87.2 87.2 87.2 87.2 87.2 87.2 87.2 87.2 87.2 80.1 80.1 80.1 80.1 80.1 80.1 80.1 80.1 80.1 80.1 80.1 80.1 80.1 80.1 80.1 80.1 80.1 80.1 80.1 80.1 80.1 80.1 80.1 80.1 80.1 80.1 80.1 80.1 80.1 80.1 80.1 80.1 80.1 80.1 80.1 80.1 80.1 80.1 80.1 80.1 80.1 80.1 80.1 80.1 80.1 80.1 80.1 80.1 80.1 80.1 80.1 80.1 80.1 80.1 80.1 80.1 80.1 80.1 80.1 80.1 72.1 72.1 72.1 72.1 72.1 72.1 72.1 72.1 72.1 72.1 72.1 72.1 72.1 72.1 72.1 72.1 72.1 72.1 72.1 72.1 72.1 72.1 72.1 72.1 72.1 72.1 72.1 72.1 72.1 
87.2 87.2 87.2 87.2 87.2 87.2 87.2 87.2 87.2 87.2 87.2 80.1 80.1 80.1 80.1 80.1 80.1 80.1 80.1 80.1 80.1 80.1 80.1 80.1 80.1 80.1 80.1 80.1 80.1 80.1 80.1 80.1 80.1 80.1 80.1 80.1 80.1 80.1 80.1 80.1 80.1 80.1 80.1 80.1 80.1 80.1 80.1 80.1 80.1 80.1 80.1 80.1 80.1 80.1 80.1 80.1 80.1 80.1 80.1 80.1 80.1 80.1 80.1 80.1 80.1 80.1 80.1 80.1 80.1 80.1 80.1 72.1 72.1 72.1 72.1 72.1 72.1 72.1 72.1 72.1 72.1 72.1 72.1 72.1 72.1 72.1 72.1 72.1 72.1 72.1 72.1 72.1 72.1 72.1 72.1 72.1 72.1 72.1 72.1 72.1 
87.2 87.2 87.2 87.2 87.2 87.2 87.2 87.2 87.2 87.2 87.2 80.1 80.1 80.1 80.1 80.1 80.1 80.1 80.1 80.1 80.1 80.1 80.1 80.1 80.1 80.1 80.1 80.1 80.1 80.1 80.1 80.1 80.1 80.1 80.1 80.1 80.1 80.1 80.1 80.1 80.1 80.1 80.1 80.1 80.1 80.1 80.1 80.1 80.1 80.1 80.1 80.1 80.1 80.1 80.1 80.1 80.1 80.1 80.1 80.1 80.1 80.1 80.1 80.1 80.1 80.1 80.1 80.1 80.1 80.1 80.1 72.1 72.1 72.1 72.1 72.1 72.1 72.1 72.1 72.1 72.1 72.1 72.1 72.1 72.1 72.1 72.1 72.1 72.1 72.1 72.1 72.1 72.1 72.1 72.1 72.1 72.1 72.1 72.1 72.1 
87.2 87.2 87.2 87.2 87.2 87.2 87.2 87.2 87.2 87.2 87.2 80.1 80.1 80.1 80.1 80.1 80.1 80.1 80.1 80.1 80.1 80.1 80.1 80.1 80.1 80.1 80.1 80.1 80.1 80.1 80.1 80.1 80.1 80.1 80.1 80.1 80.1 80.1 80.1 80.1 80.1 80.1 80.1 80.1 80.1 80.1 80.1 80.1 80.1 80.1 80.1 80.1 80.1 80.1 80.1 80.1 80.1 80.1 80.1 80.1 80.1 80.1 80.1 80.1 80.1 80.1 80.1 80.1 80.1 80.1 80.1 72.1 72.1 72.1 72.1 72.1 72.1 72.1 72.1 72.1 72.1 72.1 72.1 72.1 72.1 72.1 72.1 72.1 72.1 72.1 72.1 72.1 72.1 72.1 72.1 72.1 72.1 72.1 72.1 72.1 
87.2 87.2 87.2 87.2 87.2 87.2 87.2 87.2 87.2 87.2 87.2 80.1 80.1 80.1 80.1 80.1 80.1 80.1 80.1 80.1 80.1 80.1 80.1 80.1 80.1 80.1 80.1 80.1 80.1 80.1 80.1 80.1 80.1 80.1 80.1 80.1 80.1 80.1 80.1 80.1 80.1 80.1 80.1 80.1 80.1 80.1 80.1 80.1 80.1 80.1 80.1 80.1 80.1 80.1 80.1 80.1 80.1 80.1 80.1 80.1 80.1 80.1 80.1 80.1 80.1 80.1 80.1 80.1 80.1 80.1 80.1 72.1 72.1 72.1 72.1 72.1 72.1 72.1 72.1 72.1 72.1 72.1 72.1 72.1 72.1 72.1 72.1 72.1 72.1 72.1 72.1 72.1 72.1 72.1 72.1 72.1 72.1 72.1 72.1 72.1 
87.2 87.2 87.2 87.2 87.2 87.2 87.2 87.2 87.2 87.2 87.2 80.1 80.1 80.1 80.1 80.1 80.1 80.1 80.1 80.1 80.1 80.1 80.1 80.1 80.1 80.1 80.1 80.1 80.1 80.1 80.1 80.1 80.1 80.1 80.1 80.1 80.1 80.1 80.1 80.1 80.1 80.1 80.1 80.1 80.1 80.1 80.1 80.1 80.1 80.1 80.1 80.1 80.1 80.1 80.1 80.1 80.1 80.1 80.1 80.1 80.1 80.1 80.1 80.1 80.1 80.1 80.1 80.1 80.1 80.1 80.1 72.1 72.1 72.1 72.1 72.1 72.1 72.1 72.1 72.1 72.1 72.1 72.1 72.1 72.1 72.1 72.1 72.1 72.1 72.1 72.1 72.1 72.1 72.1 72.1 72.1 72.1 72.1 72.1 72.1 
87.2 87.2 87.2 87.2 87.2 87.2 87.2 87.2 87.2 87.2 87.2 80.1 80.1 80.1 80.1 80.1 80.1 80.1 80.1 80.1 80.1 80.1 80.1 80.1 80.1 80.1 80.1 80.1 80.1 80.1 80.1 80.1 80.1 80.1 80.1 80.1 80.1 80.1 80.1 80.1 80.1 80.1 80.1 80.1 80.1 80.1 80.1 80.1 80.1 80.1 80.1 80.1 80.1 80.1 80.1 80.1 80.1 80.1 80.1 80.1 80.1 80.1 80.1 80.1 80.1 80.1 80.1 80.1 80.1 80.1 80.1 72.1 72.1 72.1 72.1 72.1 72.1 72.1 72.1 72.1 72.1 72.1 72.1 72.1 72.1 72.1 72.1 72.1 72.1 72.1 72.1 72.1 72.1 72.1 72.1 72.1 72.1 72.1 72.1 72.1 
87.2 87.2 87.2 87.2 87.2 87.2 87.2 87.2 87.2 87.2 87.2 80.1 80.1 80.1 80.1 80.1 80.1 80.1 80.1 80.1 80.1 80.1 80.1 80.1 80.1 80.1 80.1 80.1 80.1 80.1 80.1 80.1 80.1 80.1 80.1 80.1 80.1 80.1 80.1 80.1 80.1 80.1 80.1 80.1 80.1 80.1 80.1 80.1 80.1 80.1 80.1 80.1 80.1 80.1 80.1 80.1 80.1 80.1 80.1 80.1 80.1 80.1 80.1 80.1 80.1 80.1 80.1 80.1 80.1 80.1 80.1 72.1 72.1 72.1 72.1 72.1 72.1 72.1 72.1 72.1 72.1 72.1 72.1 72.1 72.1 72.1 72.1 72.1 72.1 72.1 72.1 72.1 72.1 72.1 72.1 72.1 72.1 72.1 72.1 72.1 
87.2 87.2 87.2 87.2 87.2 87.2 87.2 87.2 87.2 87.2 87.2 80.1 80.1 80.1 80.1 80.1 80.1 80.1 80.1 80.1 80.1 80.1 80.1 80.1 80.1 80.1 80.1 80.1 80.1 80.1 80.1 80.1 80.1 80.1 80.1 80.1 80.1 80.1 80.1 80.1 80.1 80.1 80.1 80.1 80.1 80.1 80.1 80.1 80.1 80.1 80.1 80.1 80.1 80.1 80.1 80.1 80.1 80.1 80.1 80.1 80.1 80.1 80.1 80.1 80.1 80.1 80.1 80.1 80.1 80.1 80.1 72.1 72.1 72.1 72.1 72.1 72.1 72.1 72.1 72.1 72.1 72.1 72.1 72.1 72.1 72.1 72.1 72.1 72.1 72.1 72.1 72.1 72.1 72.1 72.1 72.1 72.1 72.1 72.1 72.1 
87.2 87.2 87.2 87.2 87.2 87.2 87.2 87.2 87.2 87.2 87.2 80.1 80.1 80.1 80.1 80.1 80.1 80.1 80.1 80.1 80.1 80.1 80.1 80.1 80.1 80.1 80.1 80.1 80.1 80.1 80.1 80.1 80.1 80.1 80.1 80.1 80.1 80.1 80.1 80.1 80.1 80.1 80.1 80.1 80.1 80.1 80.1 80.1 80.1 80.1 80.1 80.1 80.1 80.1 80.1 80.1 80.1 80.1 80.1 80.1 80.1 80.1 80.1 80.1 80.1 80.1 80.1 80.1 80.1 80.1 80.1 72.1 72.1 72.1 72.1 72.1 72.1 72.1 72.1 72.1 72.1 72.1 72.1 72.1 72.1 72.1 72.1 72.1 72.1 72.1 72.1 72.1 72.1 72.1 72.1 72.1 72.1 72.1 72.1 72.1 
87.2 87.2 87.2 87.2 87.2 87.2 87.2 87.2 87.2 87.2 87.2 80.1 80.1 80.1 80.1 80.1 80.1 80.1 80.1 80.1 80.1 80.1 80.1 80.1 80.1 80.1 80.1 80.1 80.1 80.1 80.1 80.1 80.1 80.1 80.1 80.1 80.1 80.1 80.1 80.1 80.1 80.1 80.1 80.1 80.1 80.1 80.1 80.1 80.1 80.1 80.1 80.1 80.1 80.1 80.1 80.1 80.1 80.1 80.1 80.1 80.1 80.1 80.1 80.1 80.1 80.1 80.1 80.1 80.1 80.1 80.1 72.1 72.1 72.1 72.1 72.1 72.1 72.1 72.1 72.1 72.1 72.1 72.1 72.1 72.1 72.1 72.1 72.1 72.1 72.1 72.1 72.1 72.1 72.1 72.1 72.1 72.1 72.1 72.1 72.1 
87.2 87.2 87.2 87.2 87.2 87.2 87.2 87.2 87.2 87.2 87.2 80.1 80.1 80.1 80.1 80.1 80.1 80.1 80.1 80.1 80.1 80.1 80.1 80.1 80.1 80.1 80.1 80.1 80.1 80.1 80.1 80.1 80.1 80.1 80.1 80.1 80.1 80.1 80.1 80.1 80.1 80.1 80.1 80.1 80.1 80.1 80.1 80.1 80.1 80.1 80.1 80.1 80.1 80.1 80.1 80.1 80.1 80.1 80.1 80.1 80.1 80.1 80.1 80.1 80.1 80.1 80.1 80.1 80.1 80.1 80.1 72.1 72.1 72.1 72.1 72.1 72.1 72.1 72.1 72.1 72.1 72.1 72.1 72.1 72.1 72.1 72.1 72.1 72.1 72.1 72.1 72.1 72.1 72.1 72.1 72.1 72.1 72.1 72.1 72.1 
87.2 87.2 87.2 87.2 87.2 87.2 87.2 87.2 87.2 87.2 87.2 80.1 80.1 80.1 80.1 80.1 80.1 80.1 80.1 80.1 80.1 80.1 80.1 80.1 80.1 80.1 80.1 80.1 80.1 80.1 80.1 80.1 80.1 80.1 80.1 80.1 80.1 80.1 80.1 80.1 80.1 80.1 80.1 80.1 80.1 80.1 80.1 80.1 80.1 80.1 80.1 80.1 80.1 80.1 80.1 80.1 80.1 80.1 80.1 80.1 80.1 80.1 80.1 80.1 80.1 80.1 80.1 80.1 80.1 80.1 80.1 72.1 72.1 72.1 72.1 72.1 72.1 72.1 72.1 72.1 72.1 72.1 72.1 72.1 72.1 72.1 72.1 72.1 72.1 72.1 72.1 72.1 72.1 72.1 72.1 72.1 72.1 72.1 72.1 72.1 
87.2 87.2 87.2 87.2 87.2 87.2 87.2 87.2 87.2 87.2 87.2 80.1 80.1 80.1 80.1 80.1 80.1 80.1 80.1 80.1 80.1 80.1 80.1 80.1 80.1 80.1 80.1 80.1 80.1 80.1 80.1 80.1 80.1 80.1 80.1 80.1 80.1 80.1 80.1 80.1 80.1 80.1 80.1 80.1 80.1 80.1 80.1 80.1 80.1 80.1 80.1 80.1 80.1 80.1 80.1 80.1 80.1 80.1 80.1 80.1 80.1 80.1 80.1 80.1 80.1 80.1 80.1 80.1 80.1 80.1 80.1 72.1 72.1 72.1 72.1 72.1 72.1 72.1 72.1 72.1 72.1 72.1 72.1 72.1 72.1 72.1 72.1 72.1 72.1 72.1 72.1 72.1 72.1 72.1 72.1 72.1 72.1 72.1 72.1 72.1 
115.9 115.9 115.9 115.9 115.9 115.9 115.9 115.9 115.9 115.9 115.9 107.7 107.7 107.7 107.7 107.7 107.7 107.7 107.7 107.7 107.7 107.7 107.7 107.7 107.7 107.7 107.7 107.7 107.7 107.7 107.7 107.7 107.7 107.7 107.7 107.7 107.7 107.7 107.7 107.7 107.7 107.7 107.7 107.7 107.7 107.7 107.7 107.7 107.7 107.7 107.7 107.7 107.7 107.7 107.7 107.7 107.7 107.7 107.7 107.7 107.7 107.7 107.7 107.7 107.7 107.7 107.7 107.7 107.7 107.7 107.7 92.1 92.1 92.1 92.1 92.1 92.1 92.1 92.1 92.1 92.1 92.1 92.1 92.1 92.1 92.1 92.1 92.1 92.1 92.1 92.1 92.1 92.1 92.1 92.1 92.1 92.1 92.1 92.1 92.1 
115.9 115.9 115.9 115.9 115.9 115.9 115.9 115.9 115.9 115.9 115.9 107.7 107.7 107.7 107.7 107.7 107.7 107.7 107.7 107.7 107.7 107.7 107.7 107.7 107.7 107.7 107.7 107.7 107.7 107.7 107.7 107.7 107.7 107.7 107.7 107.7 107.7 107.7 107.7 107.7 107.7 107.7 107.7 107.7 107.7 107.7 107.7 107.7 107.7 107.7 107.7 107.7 107.7 107.7 107.7 107.7 107.7 107.7 107.7 107.7 107.7 107.7 107.7 107.7 107.7 107.7 107.7 107.7 107.7 107.7 107.7 92.1 92.1 92.1 92.1 92.1 92.1 92.1 92.1 92.1 92.1 92.1 92.1 92.1 92.1 92.1 92.1 92.1 92.1 92.1 92.1 92.1 92.1 92.1 92.1 92.1 92.1 92.1 92.1 92.1 
115.9 115.9 115.9 115.9 115.9 115.9 115.9 115.9 115.9 115.9 115.9 107.7 107.7 107.7 107.7 107.7 107.7 107.7 107.7 107.7 107.7 107.7 107.7 107.7 107.7 107.7 107.7 107.7 107.7 107.7 107.7 107.7 107.7 107.7 107.7 107.7 107.7 107.7 107.7 107.7 107.7 107.7 107.7 107.7 107.7 107.7 107.7 107.7 107.7 107.7 107.7 107.7 107.7 107.7 107.7 107.7 107.7 107.7 107.7 107.7 107.7 107.7 107.7 107.7 107.7 107.7 107.7 107.7 107.7 107.7 107.7 92.1 92.1 92.1 92.1 92.1 92.1 92.1 92.1 92.1 92.1 92.1 92.1 92.1 92.1 92.1 92.1 92.1 92.1 92.1 92.1 92.1 92.1 92.1 92.1 92.1 92.1 92.1 92.1 92.1 
115.9 115.9 115.9 115.9 115.9 115.9 115.9 115.9 115.9 115.9 115.9 107.7 107.7 107.7 107.7 107.7 107.7 107.7 107.7 107.7 107.7 107.7 107.7 107.7 107.7 107.7 107.7 107.7 107.7 107.7 107.7 107.7 107.7 107.7 107.7 107.7 107.7 107.7 107.7 107.7 107.7 107.7 107.7 107.7 107.7 107.7 107.7 107.7 107.7 107.7 107.7 107.7 107.7 107.7 107.7 107.7 107.7 107.7 107.7 107.7 107.7 107.7 107.7 107.7 107.7 107.7 107.7 107.7 107.7 107.7 107.7 92.1 92.1 92.1 92.1 92.1 92.1 92.1 92.1 92.1 92.1 92.1 92.1 92.1 92.1 92.1 92.1 92.1 92.1 92.1 92.1 92.1 92.1 92.1 92.1 92.1 92.1 92.1 92.1 92.1 
115.9 115.9 115.9 115.9 115.9 115.9 115.9 115.9 115.9 115.9 115.9 107.7 107.7 107.7 107.7 107.7 107.7 107.7 107.7 107.7 107.7 107.7 107.7 107.7 107.7 107.7 107.7 107.7 107.7 107.7 107.7 107.7 107.7 107.7 107.7 107.7 107.7 107.7 107.7 107.7 107.7 107.7 107.7 107.7 107.7 107.7 107.7 107.7 107.7 107.7 107.7 107.7 107.7 107.7 107.7 107.7 107.7 107.7 107.7 107.7 107.7 107.7 107.7 107.7 107.7 107.7 107.7 107.7 107.7 107.7 107.7 92.1 92.1 92.1 92.1 92.1 92.1 92.1 92.1 92.1 92.1 92.1 92.1 92.1 92.1 92.1 92.1 92.1 92.1 92.1 92.1 92.1 92.1 92.1 92.1 92.1 92.1 92.1 92.1 92.1 
115.9 115.9 115.9 115.9 115.9 115.9 115.9 115.9 115.9 115.9 115.9 107.7 107.7 107.7 107.7 107.7 107.7 107.7 107.7 107.7 107.7 107.7 107.7 107.7 107.7 107.7 107.7 107.7 107.7 107.7 107.7 107.7 107.7 107.7 107.7 107.7 107.7 107.7 107.7 107.7 107.7 107.7 107.7 107.7 107.7 107.7 107.7 107.7 107.7 107.7 107.7 107.7 107.7 107.7 107.7 107.7 107.7 107.7 107.7 107.7 107.7 107.7 107.7 107.7 107.7 107.7 107.7 107.7 107.7 107.7 107.7 92.1 92.1 92.1 92.1 92.1 92.1 92.1 92.1 92.1 92.1 92.1 92.1 92.1 92.1 92.1 92.1 92.1 92.1 92.1 92.1 92.1 92.1 92.1 92.1 92.1 92.1 92.1 92.1 92.1 
115.9 115.9 115.9 115.9 115.9 115.9 115.9 115.9 115.9 115.9 115.9 107.7 107.7 107.7 107.7 107.7 107.7 107.7 107.7 107.7 107.7 107.7 107.7 107.7 107.7 107.7 107.7 107.7 107.7 107.7 107.7 107.7 107.7 107.7 107.7 107.7 107.7 107.7 107.7 107.7 107.7 107.7 107.7 107.7 107.7 107.7 107.7 107.7 107.7 107.7 107.7 107.7 107.7 107.7 107.7 107.7 107.7 107.7 107.7 107.7 107.7 107.7 107.7 107.7 107.7 107.7 107.7 107.7 107.7 107.7 107.7 92.1 92.1 92.1 92.1 92.1 92.1 92.1 92.1 92.1 92.1 92.1 92.1 92.1 92.1 92.1 92.1 92.1 92.1 92.1 92.1 92.1 92.1 92.1 92.1 92.1 92.1 92.1 92.1 92.1 
115.9 115.9 115.9 115.9 115.9 115.9 115.9 115.9 115.9 115.9 115.9 107.7 107.7 107.7 107.7 107.7 107.7 107.7 107.7 107.7 107.7 107.7 107.7 107.7 107.7 107.7 107.7 107.7 107.7 107.7 107.7 107.7 107.7 107.7 107.7 107.7 107.7 107.7 107.7 107.7 107.7 107.7 107.7 107.7 107.7 107.7 107.7 107.7 107.7 107.7 107.7 107.7 107.7 107.7 107.7 107.7 107.7 107.7 107.7 107.7 107.7 107.7 107.7 107.7 107.7 107.7 107.7 107.7 107.7 107.7 107.7 92.1 92.1 92.1 92.1 92.1 92.1 92.1 92.1 92.1 92.1 92.1 92.1 92.1 92.1 92.1 92.1 92.1 92.1 92.1 92.1 92.1 92.1 92.1 92.1 92.1 92.1 92.1 92.1 92.1 
115.9 115.9 115.9 115.9 115.9 115.9 115.9 115.9 115.9 115.9 115.9 107.7 107.7 107.7 107.7 107.7 107.7 107.7 107.7 107.7 107.7 107.7 107.7 107.7 107.7 107.7 107.7 107.7 107.7 107.7 107.7 107.7 107.7 107.7 107.7 107.7 107.7 107.7 107.7 107.7 107.7 107.7 107.7 107.7 107.7 107.7 107.7 107.7 107.7 107.7 107.7 107.7 107.7 107.7 107.7 107.7 107.7 107.7 107.7 107.7 107.7 107.7 107.7 107.7 107.7 107.7 107.7 107.7 107.7 107.7 107.7 92.1 92.1 92.1 92.1 92.1 92.1 92.1 92.1 92.1 92.1 92.1 92.1 92.1 92.1 92.1 92.1 92.1 92.1 92.1 92.1 92.1 92.1 92.1 92.1 92.1 92.1 92.1 92.1 92.1 
115.9 115.9 115.9 115.9 115.9 115.9 115.9 115.9 115.9 115.9 115.9 107.7 107.7 107.7 107.7 107.7 107.7 107.7 107.7 107.7 107.7 107.7 107.7 107.7 107.7 107.7 107.7 107.7 107.7 107.7 107.7 107.7 107.7 107.7 107.7 107.7 107.7 107.7 107.7 107.7 107.7 107.7 107.7 107.7 107.7 107.7 107.7 107.7 107.7 107.7 107.7 107.7 107.7 107.7 107.7 107.7 107.7 107.7 107.7 107.7 107.7 107.7 107.7 107.7 107.7 107.7 107.7 107.7 107.7 107.7 107.7 92.1 92.1 92.1 92.1 92.1 92.1 92.1 92.1 92.1 92.1 92.1 92.1 92.1 92.1 92.1 92.1 92.1 92.1 92.1 92.1 92.1 92.1 92.1 92.1 92.1 92.1 92.1 92.1 92.1 
115.9 115.9 115.9 115.9 115.9 115.9 115.9 115.9 115.9 115.9 115.9 107.7 107.7 107.7 107.7 107.7 107.7 107.7 107.7 107.7 107.7 107.7 107.7 107.7 107.7 107.7 107.7 107.7 107.7 107.7 107.7 107.7 107.7 107.7 107.7 107.7 107.7 107.7 107.7 107.7 107.7 107.7 107.7 107.7 107.7 107.7 107.7 107.7 107.7 107.7 107.7 107.7 107.7 107.7 107.7 107.7 107.7 107.7 107.7 107.7 107.7 107.7 107.7 107.7 107.7 107.7 107.7 107.7 107.7 107.7 107.7 92.1 92.1 92.1 92.1 92.1 92.1 92.1 92.1 92.1 92.1 92.1 92.1 92.1 92.1 92.1 92.1 92.1 92.1 92.1 92.1 92.1 92.1 92.1 92.1 92.1 92.1 92.1 92.1 92.1 
115.9 115.9 115.9 115.9 115.9 115.9 115.9 115.9 115.9 115.9 115.9 107.7 107.7 107.7 107.7 107.7 107.7 107.7 107.7 107.7 107.7 107.7 107.7 107.7 107.7 107.7 107.7 107.7 107.7 107.7 107.7 107.7 107.7 107.7 107.7 107.7 107.7 107.7 107.7 107.7 107.7 107.7 107.7 107.7 107.7 107.7 107.7 107.7 107.7 107.7 107.7 107.7 107.7 107.7 107.7 107.7 107.7 107.7 107.7 107.7 107.7 107.7 107.7 107.7 107.7 107.7 107.7 107.7 107.7 107.7 107.7 92.1 92.1 92.1 92.1 92.1 92.1 92.1 92.1 92.1 92.1 92.1 92.1 92.1 92.1 92.1 92.1 92.1 92.1 92.1 92.1 92.1 92.1 92.1 92.1 92.1 92.1 92.1 92.1 92.1 
115.9 115.9 115.9 115.9 115.9 115.9 115.9 115.9 115.9 115.9 115.9 107.7 107.7 107.7 107.7 107.7 107.7 107.7 107.7 107.7 107.7 107.7 107.7 107.7 107.7 107.7 107.7 107.7 107.7 107.7 107.7 107.7 107.7 107.7 107.7 107.7 107.7 107.7 107.7 107.7 107.7 107.7 107.7 107.7 107.7 107.7 107.7 107.7 107.7 107.7 107.7 107.7 107.7 107.7 107.7 107.7 107.7 107.7 107.7 107.7 107.7 107.7 107.7 107.7 107.7 107.7 107.7 107.7 107.7 107.7 107.7 92.1 92.1 92.1 92.1 92.1 92.1 92.1 92.1 92.1 92.1 92.1 92.1 92.1 92.1 92.1 92.1 92.1 92.1 92.1 92.1 92.1 92.1 92.1 92.1 92.1 92.1 92.1 92.1 92.1 
115.9 115.9 115.9 115.9 115.9 115.9 115.9 115.9 115.9 115.9 115.9 107.7 107.7 107.7 107.7 107.7 107.7 107.7 107.7 107.7 107.7 107.7 107.7 107.7 107.7 107.7 107.7 107.7 107.7 107.7 107.7 107.7 107.7 107.7 107.7 107.7 107.7 107.7 107.7 107.7 107.7 107.7 107.7 107.7 107.7 107.7 107.7 107.7 107.7 107.7 107.7 107.7 107.7 107.7 107.7 107.7 107.7 107.7 107.7 107.7 107.7 107.7 107.7 107.7 107.7 107.7 107.7 107.7 107.7 107.7 107.7 92.1 92.1 92.1 92.1 92.1 92.1 92.1 92.1 92.1 92.1 92.1 92.1 92.1 92.1 92.1 92.1 92.1 92.1 92.1 92.1 92.1 92.1 92.1 92.1 92.1 92.1 92.1 92.1 92.1 
115.9 115.9 115.9 115.9 115.9 115.9 115.9 115.9 115.9 115.9 115.9 107.7 107.7 107.7 107.7 107.7 107.7 107.7 107.7 107.7 107.7 107.7 107.7 107.7 107.7 107.7 107.7 107.7 107.7 107.7 107.7 107.7 107.7 107.7 107.7 107.7 107.7 107.7 107.7 107.7 107.7 107.7 107.7 107.7 107.7 107.7 107.7 107.7 107.7 107.7 107.7 107.7 107.7 107.7 107.7 107.7 107.7 107.7 107.7 107.7 107.7 107.7 107.7 107.7 107.7 107.7 107.7 107.7 107.7 107.7 107.7 92.1 92.1 92.1 92.1 92.1 92.1 92.1 92.1 92.1 92.1 92.1 92.1 92.1 92.1 92.1 92.1 92.1 92.1 92.1 92.1 92.1 92.1 92.1 92.1 92.1 92.1 92.1 92.1 92.1 
115.9 115.9 115.9 115.9 115.9 115.9 115.9 115.9 115.9 115.9 115.9 107.7 107.7 107.7 107.7 107.7 107.7 107.7 107.7 107.7 107.7 107.7 107.7 107.7 107.7 107.7 107.7 107.7 107.7 107.7 107.7 107.7 107.7 107.7 107.7 107.7 107.7 107.7 107.7 107.7 107.7 107.7 107.7 107.7 107.7 107.7 107.7 107.7 107.7 107.7 107.7 107.7 107.7 107.7 107.7 107.7 107.7 107.7 107.7 107.7 107.7 107.7 107.7 107.7 107.7 107.7 107.7 107.7 107.7 107.7 107.7 92.1 92.1 92.1 92.1 92.1 92.1 92.1 92.1 92.1 92.1 92.1 92.1 92.1 92.1 92.1 92.1 92.1 92.1 92.1 92.1 92.1 92.1 92.1 92.1 92.1 92.1 92.1 92.1 92.1 
115.9 115.9 115.9 115.9 115.9 115.9 115.9 115.9 115.9 115.9 115.9 107.7 107.7 107.7 107.7 107.7 107.7 107.7 107.7 107.7 107.7 107.7 107.7 107.7 107.7 107.7 107.7 107.7 107.7 107.7 107.7 107.7 107.7 107.7 107.7 107.7 107.7 107.7 107.7 107.7 107.7 107.7 107.7 107.7 107.7 107.7 107.7 107.7 107.7 107.7 107.7 107.7 107.7 107.7 107.7 107.7 107.7 107.7 107.7 107.7 107.7 107.7 107.7 107.7 107.7 107.7 107.7 107.7 107.7 107.7 107.7 92.1 92.1 92.1 92.1 92.1 92.1 92.1 92.1 92.1 92.1 92.1 92.1 92.1 92.1 92.1 92.1 92.1 92.1 92.1 92.1 92.1 92.1 92.1 92.1 92.1 92.1 92.1 92.1 92.1 
115.9 115.9 115.9 115.9 115.9 115.9 115.9 115.9 115.9 115.9 115.9 107.7 107.7 107.7 107.7 107.7 107.7 107.7 107.7 107.7 107.7 107.7 107.7 107.7 107.7 107.7 107.7 107.7 107.7 107.7 107.7 107.7 107.7 107.7 107.7 107.7 107.7 107.7 107.7 107.7 107.7 107.7 107.7 107.7 107.7 107.7 107.7 107.7 107.7 107.7 107.7 107.7 107.7 107.7 107.7 107.7 107.7 107.7 107.7 107.7 107.7 107.7 107.7 107.7 107.7 107.7 107.7 107.7 107.7 107.7 107.7 92.1 92.1 92.1 92.1 92.1 92.1 92.1 92.1 92.1 92.1 92.1 92.1 92.1 92.1 92.1 92.1 92.1 92.1 92.1 92.1 92.1 92.1 92.1 92.1 92.1 92.1 92.1 92.1 92.1 
115.9 115.9 115.9 115.9 115.9 115.9 115.9 115.9 115.9 115.9 115.9 107.7 107.7 107.7 107.7 107.7 107.7 107.7 107.7 107.7 107.7 107.7 107.7 107.7 107.7 107.7 107.7 107.7 107.7 107.7 107.7 107.7 107.7 107.7 107.7 107.7 107.7 107.7 107.7 107.7 107.7 107.7 107.7 107.7 107.7 107.7 107.7 107.7 107.7 107.7 107.7 107.7 107.7 107.7 107.7 107.7 107.7 107.7 107.7 107.7 107.7 107.7 107.7 107.7 107.7 107.7 107.7 107.7 107.7 107.7 107.7 92.1 92.1 92.1 92.1 92.1 92.1 92.1 92.1 92.1 92.1 92.1 92.1 92.1 92.1 92.1 92.1 92.1 92.1 92.1 92.1 92.1 92.1 92.1 92.1 92.1 92.1 92.1 92.1 92.1 
115.9 115.9 115.9 115.9 115.9 115.9 115.9 115.9 115.9 115.9 115.9 107.7 107.7 107.7 107.7 107.7 107.7 107.7 107.7 107.7 107.7 107.7 107.7 107.7 107.7 107.7 107.7 107.7 107.7 107.7 107.7 107.7 107.7 107.7 107.7 107.7 107.7 107.7 107.7 107.7 107.7 107.7 107.7 107.7 107.7 107.7 107.7 107.7 107.7 107.7 107.7 107.7 107.7 107.7 107.7 107.7 107.7 107.7 107.7 107.7 107.7 107.7 107.7 107.7 107.7 107.7 107.7 107.7 107.7 107.7 107.7 92.1 92.1 92.1 92.1 92.1 92.1 92.1 92.1 92.1 92.1 92.1 92.1 92.1 92.1 92.1 92.1 92.1 92.1 92.1 92.1 92.1 92.1 92.1 92.1 92.1 92.1 92.1 92.1 92.1 
115.9 115.9 115.9 115.9 115.9 115.9 115.9 115.9 115.9 115.9 115.9 107.7 107.7 107.7 107.7 107.7 107.7 107.7 107.7 107.7 107.7 107.7 107.7 107.7 107.7 107.7 107.7 107.7 107.7 107.7 107.7 107.7 107.7 107.7 107.7 107.7 107.7 107.7 107.7 107.7 107.7 107.7 107.7 107.7 107.7 107.7 107.7 107.7 107.7 107.7 107.7 107.7 107.7 107.7 107.7 107.7 107.7 107.7 107.7 107.7 107.7 107.7 107.7 107.7 107.7 107.7 107.7 107.7 107.7 107.7 107.7 92.1 92.1 92.1 92.1 92.1 92.1 92.1 92.1 92.1 92.1 92.1 92.1 92.1 92.1 92.1 92.1 92.1 92.1 92.1 92.1 92.1 92.1 92.1 92.1 92.1 92.1 92.1 92.1 92.1 
115.9 115.9 115.9 115.9 115.9 115.9 115.9 115.9 115.9 115.9 115.9 107.7 107.7 107.7 107.7 107.7 107.7 107.7 107.7 107.7 107.7 107.7 107.7 107.7 107.7 107.7 107.7 107.7 107.7 107.7 107.7 107.7 107.7 107.7 107.7 107.7 107.7 107.7 107.7 107.7 107.7 107.7 107.7 107.7 107.7 107.7 107.7 107.7 107.7 107.7 107.7 107.7 107.7 107.7 107.7 107.7 107.7 107.7 107.7 107.7 107.7 107.7 107.7 107.7 107.7 107.7 107.7 107.7 107.7 107.7 107.7 92.1 92.1 92.1 92.1 92.1 92.1 92.1 92.1 92.1 92.1 92.1 92.1 92.1 92.1 92.1 92.1 92.1 92.1 92.1 92.1 92.1 92.1 92.1 92.1 92.1 92.1 92.1 92.1 92.1 
115.9 115.9 115.9 115.9 115.9 115.9 115.9 115.9 115.9 115.9 115.9 107.7 107.7 107.7 107.7 107.7 107.7 107.7 107.7 107.7 107.7 107.7 107.7 107.7 107.7 107.7 107.7 107.7 107.7 107.7 107.7 107.7 107.7 107.7 107.7 107.7 107.7 107.7 107.7 107.7 107.7 107.7 107.7 107.7 107.7 107.7 107.7 107.7 107.7 107.7 107.7 107.7 107.7 107.7 107.7 107.7 107.7 107.7 107.7 107.7 107.7 107.7 107.7 107.7 107.7 107.7 107.7 107.7 107.7 107.7 107.7 92.1 92.1 92.1 92.1 92.1 92.1 92.1 92.1 92.1 92.1 92.1 92.1 92.1 92.1 92.1 92.1 92.1 92.1 92.1 92.1 92.1 92.1 92.1 92.1 92.1 92.1 92.1 92.1 92.1 
115.9 115.9 115.9 115.9 115.9 115.9 115.9 115.9 115.9 115.9 115.9 107.7 107.7 107.7 107.7 107.7 107.7 107.7 107.7 107.7 107.7 107.7 107.7 107.7 107.7 107.7 107.7 107.7 107.7 107.7 107.7 107.7 107.7 107.7 107.7 107.7 107.7 107.7 107.7 107.7 107.7 107.7 107.7 107.7 107.7 107.7 107.7 107.7 107.7 107.7 107.7 107.7 107.7 107.7 107.7 107.7 107.7 107.7 107.7 107.7 107.7 107.7 107.7 107.7 107.7 107.7 107.7 107.7 107.7 107.7 107.7 92.1 92.1 92.1 92.1 92.1 92.1 92.1 92.1 92.1 92.1 92.1 92.1 92.1 92.1 92.1 92.1 92.1 92.1 92.1 92.1 92.1 92.1 92.1 92.1 92.1 92.1 92.1 92.1 92.1 
115.9 115.9 115.9 115.9 115.9 115.9 115.9 115.9 115.9 115.9 115.9 107.7 107.7 107.7 107.7 107.7 107.7 107.7 107.7 107.7 107.7 107.7 107.7 107.7 107.7 107.7 107.7 107.7 107.7 107.7 107.7 107.7 107.7 107.7 107.7 107.7 107.7 107.7 107.7 107.7 107.7 107.7 107.7 107.7 107.7 107.7 107.7 107.7 107.7 107.7 107.7 107.7 107.7 107.7 107.7 107.7 107.7 107.7 107.7 107.7 107.7 107.7 107.7 107.7 107.7 107.7 107.7 107.7 107.7 107.7 107.7 92.1 92.1 92.1 92.1 92.1 92.1 92.1 92.1 92.1 92.1 92.1 92.1 92.1 92.1 92.1 92.1 92.1 92.1 92.1 92.1 92.1 92.1 92.1 92.1 92.1 92.1 92.1 92.1 92.1 
115.9 115.9 115.9 115.9 115.9 115.9 115.9 115.9 115.9 115.9 115.9 107.7 107.7 107.7 107.7 107.7 107.7 107.7 107.7 107.7 107.7 107.7 107.7 107.7 107.7 107.7 107.7 107.7 107.7 107.7 107.7 107.7 107.7 107.7 107.7 107.7 107.7 107.7 107.7 107.7 107.7 107.7 107.7 107.7 107.7 107.7 107.7 107.7 107.7 107.7 107.7 107.7 107.7 107.7 107.7 107.7 107.7 107.7 107.7 107.7 107.7 107.7 107.7 107.7 107.7 107.7 107.7 107.7 107.7 107.7 107.7 92.1 92.1 92.1 92.1 92.1 92.1 92.1 92.1 92.1 92.1 92.1 92.1 92.1 92.1 92.1 92.1 92.1 92.1 92.1 92.1 92.1 92.1 92.1 92.1 92.1 92.1 92.1 92.1 92.1 
115.9 115.9 115.9 115.9 115.9 115.9 115.9 115.9 115.9 115.9 115.9 107.7 107.7 107.7 107.7 107.7 107.7 107.7 107.7 107.7 107.7 107.7 107.7 107.7 107.7 107.7 107.7 107.7 107.7 107.7 107.7 107.7 107.7 107.7 107.7 107.7 107.7 107.7 107.7 107.7 107.7 107.7 107.7 107.7 107.7 107.7 107.7 107.7 107.7 107.7 107.7 107.7 107.7 107.7 107.7 107.7 107.7 107.7 107.7 107.7 107.7 107.7 107.7 107.7 107.7 107.7 107.7 107.7 107.7 107.7 107.7 92.1 92.1 92.1 92.1 92.1 92.1 92.1 92.1 92.1 92.1 92.1 92.1 92.1 92.1 92.1 92.1 92.1 92.1 92.1 92.1 92.1 92.1 92.1 92.1 92.1 92.1 92.1 92.1 92.1 
115.9 115.9 115.9 115.9 115.9 115.9 115.9 115.9 115.9 115.9 115.9 107.7 107.7 107.7 107.7 107.7 107.7 107.7 107.7 107.7 107.7 107.7 107.7 107.7 107.7 107.7 107.7 107.7 107.7 107.7 107.7 107.7 107.7 107.7 107.7 107.7 107.7 107.7 107.7 107.7 107.7 107.7 107.7 107.7 107.7 107.7 107.7 107.7 107.7 107.7 107.7 107.7 107.7 107.7 107.7 107.7 107.7 107.7 107.7 107.7 107.7 107.7 107.7 107.7 107.7 107.7 107.7 107.7 107.7 107.7 107.7 92.1 92.1 92.1 92.1 92.1 92.1 92.1 92.1 92.1 92.1 92.1 92.1 92.1 92.1 92.1 92.1 92.1 92.1 92.1 92.1 92.1 92.1 92.1 92.1 92.1 92.1 92.1 92.1 92.1 
115.9 115.9 115.9 115.9 115.9 115.9 115.9 115.9 115.9 115.9 115.9 107.7 107.7 107.7 107.7 107.7 107.7 107.7 107.7 107.7 107.7 107.7 107.7 107.7 107.7 107.7 107.7 107.7 107.7 107.7 107.7 107.7 107.7 107.7 107.7 107.7 107.7 107.7 107.7 107.7 107.7 107.7 107.7 107.7 107.7 107.7 107.7 107.7 107.7 107.7 107.7 107.7 107.7 107.7 107.7 107.7 107.7 107.7 107.7 107.7 107.7 107.7 107.7 107.7 107.7 107.7 107.7 107.7 107.7 107.7 107.7 92.1 92.1 92.1 92.1 92.1 92.1 92.1 92.1 92.1 92.1 92.1 92.1 92.1 92.1 92.1 92.1 92.1 92.1 92.1 92.1 92.1 92.1 92.1 92.1 92.1 92.1 92.1 92.1 92.1 
115.9 115.9 115.9 115.9 115.9 115.9 115.9 115.9 115.9 115.9 115.9 107.7 107.7 107.7 107.7 107.7 107.7 107.7 107.7 107.7 107.7 107.7 107.7 107.7 107.7 107.7 107.7 107.7 107.7 107.7 107.7 107.7 107.7 107.7 107.7 107.7 107.7 107.7 107.7 107.7 107.7 107.7 107.7 107.7 107.7 107.7 107.7 107.7 107.7 107.7 107.7 107.7 107.7 107.7 107.7 107.7 107.7 107.7 107.7 107.7 107.7 107.7 107.7 107.7 107.7 107.7 107.7 107.7 107.7 107.7 107.7 92.1 92.1 92.1 92.1 92.1 92.1 92.1 92.1 92.1 92.1 92.1 92.1 92.1 92.1 92.1 92.1 92.1 92.1 92.1 92.1 92.1 92.1 92.1 92.1 92.1 92.1 92.1 92.1 92.1 
115.9 115.9 115.9 115.9 115.9 115.9 115.9 115.9 115.9 115.9 115.9 107.7 107.7 107.7 107.7 107.7 107.7 107.7 107.7 107.7 107.7 107.7 107.7 107.7 107.7 107.7 107.7 107.7 107.7 107.7 107.7 107.7 107.7 107.7 107.7 107.7 107.7 107.7 107.7 107.7 107.7 107.7 107.7 107.7 107.7 107.7 107.7 107.7 107.7 107.7 107.7 107.7 107.7 107.7 107.7 107.7 107.7 107.7 107.7 107.7 107.7 107.7 107.7 107.7 107.7 107.7 107.7 107.7 107.7 107.7 107.7 92.1 92.1 92.1 92.1 92.1 92.1 92.1 92.1 92.1 92.1 92.1 92.1 92.1 92.1 92.1 92.1 92.1 92.1 92.1 92.1 92.1 92.1 92.1 92.1 92.1 92.1 92.1 92.1 92.1 
