ncols         100
nrows         100
xllcorner     -59982.863281
yllcorner     1851083.022172
cellsize      1000
NODATA_value  -9999
124.7 124.7 124.7 124.7 124.7 124.7 124.7 124.7 124.7 124.7 124.7 115.4 115.4 115.4 115.4 115.4 115.4 115.4 115.4 115.4 115.4 115.4 115.4 115.4 115.4 115.4 115.4 115.4 115.4 115.4 115.4 115.4 115.4 115.4 115.4 115.4 115.4 115.4 115.4 115.4 115.4 115.4 115.4 115.4 115.4 115.4 115.4 115.4 115.4 115.4 115.4 115.4 115.4 115.4 115.4 115.4 115.4 115.4 115.4 115.4 115.4 115.4 115.4 115.4 115.4 115.4 115.4 115.4 115.4 115.4 115.4 106.7 106.7 106.7 106.7 106.7 106.7 106.7 106.7 106.7 106.7 106.7 106.7 106.7 106.7 106.7 106.7 106.7 106.7 106.7 106.7 106.7 106.7 106.7 106.7 106.7 106.7 106.7 106.7 106.7 
124.7 124.7 124.7 124.7 124.7 124.7 124.7 124.7 124.7 124.7 124.7 115.4 115.4 115.4 115.4 115.4 115.4 115.4 115.4 115.4 115.4 115.4 115.4 115.4 115.4 115.4 115.4 115.4 115.4 115.4 115.4 115.4 115.4 115.4 115.4 115.4 115.4 115.4 115.4 115.4 115.4 115.4 115.4 115.4 115.4 115.4 115.4 115.4 115.4 115.4 115.4 115.4 115.4 115.4 115.4 115.4 115.4 115.4 115.4 115.4 115.4 115.4 115.4 115.4 115.4 115.4 115.4 115.4 115.4 115.4 115.4 106.7 106.7 106.7 106.7 106.7 106.7 106.7 106.7 106.7 106.7 106.7 106.7 106.7 106.7 106.7 106.7 106.7 106.7 106.7 106.7 106.7 106.7 106.7 106.7 106.7 106.7 106.7 106.7 106.7 
124.7 124.7 124.7 124.7 124.7 124.7 124.7 124.7 124.7 124.7 124.7 115.4 115.4 115.4 115.4 115.4 115.4 115.4 115.4 115.4 115.4 115.4 115.4 115.4 115.4 115.4 115.4 115.4 115.4 115.4 115.4 115.4 115.4 115.4 115.4 115.4 115.4 115.4 115.4 115.4 115.4 115.4 115.4 115.4 115.4 115.4 115.4 115.4 115.4 115.4 115.4 115.4 115.4 115.4 115.4 115.4 115.4 115.4 115.4 115.4 115.4 115.4 115.4 115.4 115.4 115.4 115.4 115.4 115.4 115.4 115.4 106.7 106.7 106.7 106.7 106.7 106.7 106.7 106.7 106.7 106.7 106.7 106.7 106.7 106.7 106.7 106.7 106.7 106.7 106.7 106.7 106.7 106.7 106.7 106.7 106.7 106.7 106.7 106.7 106.7 
124.7 124.7 124.7 124.7 124.7 124.7 124.7 124.7 124.7 124.7 124.7 115.4 115.4 115.4 115.4 115.4 115.4 115.4 115.4 115.4 115.4 115.4 115.4 115.4 115.4 115.4 115.4 115.4 115.4 115.4 115.4 115.4 115.4 115.4 115.4 115.4 115.4 115.4 115.4 115.4 115.4 115.4 115.4 115.4 115.4 115.4 115.4 115.4 115.4 115.4 115.4 115.4 115.4 115.4 115.4 115.4 115.4 115.4 115.4 115.4 115.4 115.4 115.4 115.4 115.4 115.4 115.4 115.4 115.4 115.4 115.4 106.7 106.7 106.7 106.7 106.7 106.7 106.7 106.7 106.7 106.7 106.7 106.7 106.7 106.7 106.7 106.7 106.7 106.7 106.7 106.7 106.7 106.7 106.7 106.7 106.7 106.7 106.7 106.7 106.7 
124.7 124.7 124.7 124.7 124.7 124.7 124.7 124.7 124.7 124.7 124.7 115.4 115.4 115.4 115.4 115.4 115.4 115.4 115.4 115.4 115.4 115.4 115.4 115.4 115.4 115.4 115.4 115.4 115.4 115.4 115.4 115.4 115.4 115.4 115.4 115.4 115.4 115.4 115.4 115.4 115.4 115.4 115.4 115.4 115.4 115.4 115.4 115.4 115.4 115.4 115.4 115.4 115.4 115.4 115.4 115.4 115.4 115.4 115.4 115.4 115.4 115.4 115.4 115.4 115.4 115.4 115.4 115.4 115.4 115.4 115.4 106.7 106.7 106.7 106.7 106.7 106.7 106.7 106.7 106.7 106.7 106.7 106.7 106.7 106.7 106.7 106.7 106.7 106.7 106.7 106.7 106.7 106.7 106.7 106.7 106.7 106.7 106.7 106.7 106.7 
124.7 124.7 124.7 124.7 124.7 124.7 124.7 124.7 124.7 124.7 124.7 115.4 115.4 115.4 115.4 115.4 115.4 115.4 115.4 115.4 115.4 115.4 115.4 115.4 115.4 115.4 115.4 115.4 115.4 115.4 115.4 115.4 115.4 115.4 115.4 115.4 115.4 115.4 115.4 115.4 115.4 115.4 115.4 115.4 115.4 115.4 115.4 115.4 115.4 115.4 115.4 115.4 115.4 115.4 115.4 115.4 115.4 115.4 115.4 115.4 115.4 115.4 115.4 115.4 115.4 115.4 115.4 115.4 115.4 115.4 115.4 106.7 106.7 106.7 106.7 106.7 106.7 106.7 106.7 106.7 106.7 106.7 106.7 106.7 106.7 106.7 106.7 106.7 106.7 106.7 106.7 106.7 106.7 106.7 106.7 106.7 106.7 106.7 106.7 106.7 
124.7 124.7 124.7 124.7 124.7 124.7 124.7 124.7 124.7 124.7 124.7 115.4 115.4 115.4 115.4 115.4 115.4 115.4 115.4 115.4 115.4 115.4 115.4 115.4 115.4 115.4 115.4 115.4 115.4 115.4 115.4 115.4 115.4 115.4 115.4 115.4 115.4 115.4 115.4 115.4 115.4 115.4 115.4 115.4 115.4 115.4 115.4 115.4 115.4 115.4 115.4 115.4 115.4 115.4 115.4 115.4 115.4 115.4 115.4 115.4 115.4 115.4 115.4 115.4 115.4 115.4 115.4 115.4 115.4 115.4 115.4 106.7 106.7 106.7 106.7 106.7 106.7 106.7 106.7 106.7 106.7 106.7 106.7 106.7 106.7 106.7 106.7 106.7 106.7 106.7 106.7 106.7 106.7 106.7 106.7 106.7 106.7 106.7 106.7 106.7 
124.7 124.7 124.7 124.7 124.7 124.7 124.7 124.7 124.7 124.7 124.7 115.4 115.4 115.4 115.4 115.4 115.4 115.4 115.4 115.4 115.4 115.4 115.4 115.4 115.4 115.4 115.4 115.4 115.4 115.4 115.4 115.4 115.4 115.4 115.4 115.4 115.4 115.4 115.4 115.4 115.4 115.4 115.4 115.4 115.4 115.4 115.4 115.4 115.4 115.4 115.4 115.4 115.4 115.4 115.4 115.4 115.4 115.4 115.4 115.4 115.4 115.4 115.4 115.4 115.4 115.4 115.4 115.4 115.4 115.4 115.4 106.7 106.7 106.7 106.7 106.7 106.7 106.7 106.7 106.7 106.7 106.7 106.7 106.7 106.7 106.7 106.7 106.7 106.7 106.7 106.7 106.7 106.7 106.7 106.7 106.7 106.7 106.7 106.7 106.7 
124.7 124.7 124.7 124.7 124.7 124.7 124.7 124.7 124.7 124.7 124.7 115.4 115.4 115.4 115.4 115.4 115.4 115.4 115.4 115.4 115.4 115.4 115.4 115.4 115.4 115.4 115.4 115.4 115.4 115.4 115.4 115.4 115.4 115.4 115.4 115.4 115.4 115.4 115.4 115.4 115.4 115.4 115.4 115.4 115.4 115.4 115.4 115.4 115.4 115.4 115.4 115.4 115.4 115.4 115.4 115.4 115.4 115.4 115.4 115.4 115.4 115.4 115.4 115.4 115.4 115.4 115.4 115.4 115.4 115.4 115.4 106.7 106.7 106.7 106.7 106.7 106.7 106.7 106.7 106.7 106.7 106.7 106.7 106.7 106.7 106.7 106.7 106.7 106.7 106.7 106.7 106.7 106.7 106.7 106.7 106.7 106.7 106.7 106.7 106.7 
132.8 132.8 132.8 132.8 132.8 132.8 132.8 132.8 132.8 132.8 132.8 128.9 128.9 128.9 128.9 128.9 128.9 128.9 128.9 128.9 128.9 128.9 128.9 128.9 128.9 128.9 128.9 128.9 128.9 128.9 128.9 128.9 128.9 128.9 128.9 128.9 128.9 128.9 128.9 128.9 128.9 128.9 128.9 128.9 128.9 128.9 128.9 128.9 128.9 128.9 128.9 128.9 128.9 128.9 128.9 128.9 128.9 128.9 128.9 128.9 128.9 128.9 128.9 128.9 128.9 128.9 128.9 128.9 128.9 128.9 128.9 118.5 118.5 118.5 118.5 118.5 118.5 118.5 118.5 118.5 118.5 118.5 118.5 118.5 118.5 118.5 118.5 118.5 118.5 118.5 118.5 118.5 118.5 118.5 118.5 118.5 118.5 118.5 118.5 118.5 
132.8 132.8 132.8 132.8 132.8 132.8 132.8 132.8 132.8 132.8 132.8 128.9 128.9 128.9 128.9 128.9 128.9 128.9 128.9 128.9 128.9 128.9 128.9 128.9 128.9 128.9 128.9 128.9 128.9 128.9 128.9 128.9 128.9 128.9 128.9 128.9 128.9 128.9 128.9 128.9 128.9 128.9 128.9 128.9 128.9 128.9 128.9 128.9 128.9 128.9 128.9 128.9 128.9 128.9 128.9 128.9 128.9 128.9 128.9 128.9 128.9 128.9 128.9 128.9 128.9 128.9 128.9 128.9 128.9 128.9 128.9 118.5 118.5 118.5 118.5 118.5 118.5 118.5 118.5 118.5 118.5 118.5 118.5 118.5 118.5 118.5 118.5 118.5 118.5 118.5 118.5 118.5 118.5 118.5 118.5 118.5 118.5 118.5 118.5 118.5 
132.8 132.8 132.8 132.8 132.8 132.8 132.8 132.8 132.8 132.8 132.8 128.9 128.9 128.9 128.9 128.9 128.9 128.9 128.9 128.9 128.9 128.9 128.9 128.9 128.9 128.9 128.9 128.9 128.9 128.9 128.9 128.9 128.9 128.9 128.9 128.9 128.9 128.9 128.9 128.9 128.9 128.9 128.9 128.9 128.9 128.9 128.9 128.9 128.9 128.9 128.9 128.9 128.9 128.9 128.9 128.9 128.9 128.9 128.9 128.9 128.9 128.9 128.9 128.9 128.9 128.9 128.9 128.9 128.9 128.9 128.9 118.5 118.5 118.5 118.5 118.5 118.5 118.5 118.5 118.5 118.5 118.5 118.5 118.5 118.5 118.5 118.5 118.5 118.5 118.5 118.5 118.5 118.5 118.5 118.5 118.5 118.5 118.5 118.5 118.5 
132.8 132.8 132.8 132.8 132.8 132.8 132.8 132.8 132.8 132.8 132.8 128.9 128.9 128.9 128.9 128.9 128.9 128.9 128.9 128.9 128.9 128.9 128.9 128.9 128.9 128.9 128.9 128.9 128.9 128.9 128.9 128.9 128.9 128.9 128.9 128.9 128.9 128.9 128.9 128.9 128.9 128.9 128.9 128.9 128.9 128.9 128.9 128.9 128.9 128.9 128.9 128.9 128.9 128.9 128.9 128.9 128.9 128.9 128.9 128.9 128.9 128.9 128.9 128.9 128.9 128.9 128.9 128.9 128.9 128.9 128.9 118.5 118.5 118.5 118.5 118.5 118.5 118.5 118.5 118.5 118.5 118.5 118.5 118.5 118.5 118.5 118.5 118.5 118.5 118.5 118.5 118.5 118.5 118.5 118.5 118.5 118.5 118.5 118.5 118.5 
132.8 132.8 132.8 132.8 132.8 132.8 132.8 132.8 132.8 132.8 132.8 128.9 128.9 128.9 128.9 128.9 128.9 128.9 128.9 128.9 128.9 128.9 128.9 128.9 128.9 128.9 128.9 128.9 128.9 128.9 128.9 128.9 128.9 128.9 128.9 128.9 128.9 128.9 128.9 128.9 128.9 128.9 128.9 128.9 128.9 128.9 128.9 128.9 128.9 128.9 128.9 128.9 128.9 128.9 128.9 128.9 128.9 128.9 128.9 128.9 128.9 128.9 128.9 128.9 128.9 128.9 128.9 128.9 128.9 128.9 128.9 118.5 118.5 118.5 118.5 118.5 118.5 118.5 118.5 118.5 118.5 118.5 118.5 118.5 118.5 118.5 118.5 118.5 118.5 118.5 118.5 118.5 118.5 118.5 118.5 118.5 118.5 118.5 118.5 118.5 
132.8 132.8 132.8 132.8 132.8 132.8 132.8 132.8 132.8 132.8 132.8 128.9 128.9 128.9 128.9 128.9 128.9 128.9 128.9 128.9 128.9 128.9 128.9 128.9 128.9 128.9 128.9 128.9 128.9 128.9 128.9 128.9 128.9 128.9 128.9 128.9 128.9 128.9 128.9 128.9 128.9 128.9 128.9 128.9 128.9 128.9 128.9 128.9 128.9 128.9 128.9 128.9 128.9 128.9 128.9 128.9 128.9 128.9 128.9 128.9 128.9 128.9 128.9 128.9 128.9 128.9 128.9 128.9 128.9 128.9 128.9 118.5 118.5 118.5 118.5 118.5 118.5 118.5 118.5 118.5 118.5 118.5 118.5 118.5 118.5 118.5 118.5 118.5 118.5 118.5 118.5 118.5 118.5 118.5 118.5 118.5 118.5 118.5 118.5 118.5 
132.8 132.8 132.8 132.8 132.8 132.8 132.8 132.8 132.8 132.8 132.8 128.9 128.9 128.9 128.9 128.9 128.9 128.9 128.9 128.9 128.9 128.9 128.9 128.9 128.9 128.9 128.9 128.9 128.9 128.9 128.9 128.9 128.9 128.9 128.9 128.9 128.9 128.9 128.9 128.9 128.9 128.9 128.9 128.9 128.9 128.9 128.9 128.9 128.9 128.9 128.9 128.9 128.9 128.9 128.9 128.9 128.9 128.9 128.9 128.9 128.9 128.9 128.9 128.9 128.9 128.9 128.9 128.9 128.9 128.9 128.9 118.5 118.5 118.5 118.5 118.5 118.5 118.5 118.5 118.5 118.5 118.5 118.5 118.5 118.5 118.5 118.5 118.5 118.5 118.5 118.5 118.5 118.5 118.5 118.5 118.5 118.5 118.5 118.5 118.5 
132.8 132.8 132.8 132.8 132.8 132.8 132.8 132.8 132.8 132.8 132.8 128.9 128.9 128.9 128.9 128.9 128.9 128.9 128.9 128.9 128.9 128.9 128.9 128.9 128.9 128.9 128.9 128.9 128.9 128.9 128.9 128.9 128.9 128.9 128.9 128.9 128.9 128.9 128.9 128.9 128.9 128.9 128.9 128.9 128.9 128.9 128.9 128.9 128.9 128.9 128.9 128.9 128.9 128.9 128.9 128.9 128.9 128.9 128.9 128.9 128.9 128.9 128.9 128.9 128.9 128.9 128.9 128.9 128.9 128.9 128.9 118.5 118.5 118.5 118.5 118.5 118.5 118.5 118.5 118.5 118.5 118.5 118.5 118.5 118.5 118.5 118.5 118.5 118.5 118.5 118.5 118.5 118.5 118.5 118.5 118.5 118.5 118.5 118.5 118.5 
132.8 132.8 132.8 132.8 132.8 132.8 132.8 132.8 132.8 132.8 132.8 128.9 128.9 128.9 128.9 128.9 128.9 128.9 128.9 128.9 128.9 128.9 128.9 128.9 128.9 128.9 128.9 128.9 128.9 128.9 128.9 128.9 128.9 128.9 128.9 128.9 128.9 128.9 128.9 128.9 128.9 128.9 128.9 128.9 128.9 128.9 128.9 128.9 128.9 128.9 128.9 128.9 128.9 128.9 128.9 128.9 128.9 128.9 128.9 128.9 128.9 128.9 128.9 128.9 128.9 128.9 128.9 128.9 128.9 128.9 128.9 118.5 118.5 118.5 118.5 118.5 118.5 118.5 118.5 118.5 118.5 118.5 118.5 118.5 118.5 118.5 118.5 118.5 118.5 118.5 118.5 118.5 118.5 118.5 118.5 118.5 118.5 118.5 118.5 118.5 
132.8 132.8 132.8 132.8 132.8 132.8 132.8 132.8 132.8 132.8 132.8 128.9 128.9 128.9 128.9 128.9 128.9 128.9 128.9 128.9 128.9 128.9 128.9 128.9 128.9 128.9 128.9 128.9 128.9 128.9 128.9 128.9 128.9 128.9 128.9 128.9 128.9 128.9 128.9 128.9 128.9 128.9 128.9 128.9 128.9 128.9 128.9 128.9 128.9 128.9 128.9 128.9 128.9 128.9 128.9 128.9 128.9 128.9 128.9 128.9 128.9 128.9 128.9 128.9 128.9 128.9 128.9 128.9 128.9 128.9 128.9 118.5 118.5 118.5 118.5 118.5 118.5 118.5 118.5 118.5 118.5 118.5 118.5 118.5 118.5 118.5 118.5 118.5 118.5 118.5 118.5 118.5 118.5 118.5 118.5 118.5 118.5 118.5 118.5 118.5 
132.8 132.8 132.8 132.8 132.8 132.8 132.8 132.8 132.8 132.8 132.8 128.9 128.9 128.9 128.9 128.9 128.9 128.9 128.9 128.9 128.9 128.9 128.9 128.9 128.9 128.9 128.9 128.9 128.9 128.9 128.9 128.9 128.9 128.9 128.9 128.9 128.9 128.9 128.9 128.9 128.9 128.9 128.9 128.9 128.9 128.9 128.9 128.9 128.9 128.9 128.9 128.9 128.9 128.9 128.9 128.9 128.9 128.9 128.9 128.9 128.9 128.9 128.9 128.9 128.9 128.9 128.9 128.9 128.9 128.9 128.9 118.5 118.5 118.5 118.5 118.5 118.5 118.5 118.5 118.5 118.5 118.5 118.5 118.5 118.5 118.5 118.5 118.5 118.5 118.5 118.5 118.5 118.5 118.5 118.5 118.5 118.5 118.5 118.5 118.5 
132.8 132.8 132.8 132.8 132.8 132.8 132.8 132.8 132.8 132.8 132.8 128.9 128.9 128.9 128.9 128.9 128.9 128.9 128.9 128.9 128.9 128.9 128.9 128.9 128.9 128.9 128.9 128.9 128.9 128.9 128.9 128.9 128.9 128.9 128.9 128.9 128.9 128.9 128.9 128.9 128.9 128.9 128.9 128.9 128.9 128.9 128.9 128.9 128.9 128.9 128.9 128.9 128.9 128.9 128.9 128.9 128.9 128.9 128.9 128.9 128.9 128.9 128.9 128.9 128.9 128.9 128.9 128.9 128.9 128.9 128.9 118.5 118.5 118.5 118.5 118.5 118.5 118.5 118.5 118.5 118.5 118.5 118.5 118.5 118.5 118.5 118.5 118.5 118.5 118.5 118.5 118.5 118.5 118.5 118.5 118.5 118.5 118.5 118.5 118.5 
132.8 132.8 132.8 132.8 132.8 132.8 132.8 132.8 132.8 132.8 132.8 128.9 128.9 128.9 128.9 128.9 128.9 128.9 128.9 128.9 128.9 128.9 128.9 128.9 128.9 128.9 128.9 128.9 128.9 128.9 128.9 128.9 128.9 128.9 128.9 128.9 128.9 128.9 128.9 128.9 128.9 128.9 128.9 128.9 128.9 128.9 128.9 128.9 128.9 128.9 128.9 128.9 128.9 128.9 128.9 128.9 128.9 128.9 128.9 128.9 128.9 128.9 128.9 128.9 128.9 128.9 128.9 128.9 128.9 128.9 128.9 118.5 118.5 118.5 118.5 118.5 118.5 118.5 118.5 118.5 118.5 118.5 118.5 118.5 118.5 118.5 118.5 118.5 118.5 118.5 118.5 118.5 118.5 118.5 118.5 118.5 118.5 118.5 118.5 118.5 
132.8 132.8 132.8 132.8 132.8 132.8 132.8 132.8 132.8 132.8 132.8 128.9 128.9 128.9 128.9 128.9 128.9 128.9 128.9 128.9 128.9 128.9 128.9 128.9 128.9 128.9 128.9 128.9 128.9 128.9 128.9 128.9 128.9 128.9 128.9 128.9 128.9 128.9 128.9 128.9 128.9 128.9 128.9 128.9 128.9 128.9 128.9 128.9 128.9 128.9 128.9 128.9 128.9 128.9 128.9 128.9 128.9 128.9 128.9 128.9 128.9 128.9 128.9 128.9 128.9 128.9 128.9 128.9 128.9 128.9 128.9 118.5 118.5 118.5 118.5 118.5 118.5 118.5 118.5 118.5 118.5 118.5 118.5 118.5 118.5 118.5 118.5 118.5 118.5 118.5 118.5 118.5 118.5 118.5 118.5 118.5 118.5 118.5 118.5 118.5 
132.8 132.8 132.8 132.8 132.8 132.8 132.8 132.8 132.8 132.8 132.8 128.9 128.9 128.9 128.9 128.9 128.9 128.9 128.9 128.9 128.9 128.9 128.9 128.9 128.9 128.9 128.9 128.9 128.9 128.9 128.9 128.9 128.9 128.9 128.9 128.9 128.9 128.9 128.9 128.9 128.9 128.9 128.9 128.9 128.9 128.9 128.9 128.9 128.9 128.9 128.9 128.9 128.9 128.9 128.9 128.9 128.9 128.9 128.9 128.9 128.9 128.9 128.9 128.9 128.9 128.9 128.9 128.9 128.9 128.9 128.9 118.5 118.5 118.5 118.5 118.5 118.5 118.5 118.5 118.5 118.5 118.5 118.5 118.5 118.5 118.5 118.5 118.5 118.5 118.5 118.5 118.5 118.5 118.5 118.5 118.5 118.5 118.5 118.5 118.5 
132.8 132.8 132.8 132.8 132.8 132.8 132.8 132.8 132.8 132.8 132.8 128.9 128.9 128.9 128.9 128.9 128.9 128.9 128.9 128.9 128.9 128.9 128.9 128.9 128.9 128.9 128.9 128.9 128.9 128.9 128.9 128.9 128.9 128.9 128.9 128.9 128.9 128.9 128.9 128.9 128.9 128.9 128.9 128.9 128.9 128.9 128.9 128.9 128.9 128.9 128.9 128.9 128.9 128.9 128.9 128.9 128.9 128.9 128.9 128.9 128.9 128.9 128.9 128.9 128.9 128.9 128.9 128.9 128.9 128.9 128.9 118.5 118.5 118.5 118.5 118.5 118.5 118.5 118.5 118.5 118.5 118.5 118.5 118.5 118.5 118.5 118.5 118.5 118.5 118.5 118.5 118.5 118.5 118.5 118.5 118.5 118.5 118.5 118.5 118.5 
132.8 132.8 132.8 132.8 132.8 132.8 132.8 132.8 132.8 132.8 132.8 128.9 128.9 128.9 128.9 128.9 128.9 128.9 128.9 128.9 128.9 128.9 128.9 128.9 128.9 128.9 128.9 128.9 128.9 128.9 128.9 128.9 128.9 128.9 128.9 128.9 128.9 128.9 128.9 128.9 128.9 128.9 128.9 128.9 128.9 128.9 128.9 128.9 128.9 128.9 128.9 128.9 128.9 128.9 128.9 128.9 128.9 128.9 128.9 128.9 128.9 128.9 128.9 128.9 128.9 128.9 128.9 128.9 128.9 128.9 128.9 118.5 118.5 118.5 118.5 118.5 118.5 118.5 118.5 118.5 118.5 118.5 118.5 118.5 118.5 118.5 118.5 118.5 118.5 118.5 118.5 118.5 118.5 118.5 118.5 118.5 118.5 118.5 118.5 118.5 
132.8 132.8 132.8 132.8 132.8 132.8 132.8 132.8 132.8 132.8 132.8 128.9 128.9 128.9 128.9 128.9 128.9 128.9 128.9 128.9 128.9 128.9 128.9 128.9 128.9 128.9 128.9 128.9 128.9 128.9 128.9 128.9 128.9 128.9 128.9 128.9 128.9 128.9 128.9 128.9 128.9 128.9 128.9 128.9 128.9 128.9 128.9 128.9 128.9 128.9 128.9 128.9 128.9 128.9 128.9 128.9 128.9 128.9 128.9 128.9 128.9 128.9 128.9 128.9 128.9 128.9 128.9 128.9 128.9 128.9 128.9 118.5 118.5 118.5 118.5 118.5 118.5 118.5 118.5 118.5 118.5 118.5 118.5 118.5 118.5 118.5 118.5 118.5 118.5 118.5 118.5 118.5 118.5 118.5 118.5 118.5 118.5 118.5 118.5 118.5 
132.8 132.8 132.8 132.8 132.8 132.8 132.8 132.8 132.8 132.8 132.8 128.9 128.9 128.9 128.9 128.9 128.9 128.9 128.9 128.9 128.9 128.9 128.9 128.9 128.9 128.9 128.9 128.9 128.9 128.9 128.9 128.9 128.9 128.9 128.9 128.9 128.9 128.9 128.9 128.9 128.9 128.9 128.9 128.9 128.9 128.9 128.9 128.9 128.9 128.9 128.9 128.9 128.9 128.9 128.9 128.9 128.9 128.9 128.9 128.9 128.9 128.9 128.9 128.9 128.9 128.9 128.9 128.9 128.9 128.9 128.9 118.5 118.5 118.5 118.5 118.5 118.5 118.5 118.5 118.5 118.5 118.5 118.5 118.5 118.5 118.5 118.5 118.5 118.5 118.5 118.5 118.5 118.5 118.5 118.5 118.5 118.5 118.5 118.5 118.5 
132.8 132.8 132.8 132.8 132.8 132.8 132.8 132.8 132.8 132.8 132.8 128.9 128.9 128.9 128.9 128.9 128.9 128.9 128.9 128.9 128.9 128.9 128.9 128.9 128.9 128.9 128.9 128.9 128.9 128.9 128.9 128.9 128.9 128.9 128.9 128.9 128.9 128.9 128.9 128.9 128.9 128.9 128.9 128.9 128.9 128.9 128.9 128.9 128.9 128.9 128.9 128.9 128.9 128.9 128.9 128.9 128.9 128.9 128.9 128.9 128.9 128.9 128.9 128.9 128.9 128.9 128.9 128.9 128.9 128.9 128.9 118.5 118.5 118.5 118.5 118.5 118.5 118.5 118.5 118.5 118.5 118.5 118.5 118.5 118.5 118.5 118.5 118.5 118.5 118.5 118.5 118.5 118.5 118.5 118.5 118.5 118.5 118.5 118.5 118.5 
132.8 132.8 132.8 132.8 132.8 132.8 132.8 132.8 132.8 132.8 132.8 128.9 128.9 128.9 128.9 128.9 128.9 128.9 128.9 128.9 128.9 128.9 128.9 128.9 128.9 128.9 128.9 128.9 128.9 128.9 128.9 128.9 128.9 128.9 128.9 128.9 128.9 128.9 128.9 128.9 128.9 128.9 128.9 128.9 128.9 128.9 128.9 128.9 128.9 128.9 128.9 128.9 128.9 128.9 128.9 128.9 128.9 128.9 128.9 128.9 128.9 128.9 128.9 128.9 128.9 128.9 128.9 128.9 128.9 128.9 128.9 118.5 118.5 118.5 118.5 118.5 118.5 118.5 118.5 118.5 118.5 118.5 118.5 118.5 118.5 118.5 118.5 118.5 118.5 118.5 118.5 118.5 118.5 118.5 118.5 118.5 118.5 118.5 118.5 118.5 
132.8 132.8 132.8 132.8 132.8 132.8 132.8 132.8 132.8 132.8 132.8 128.9 128.9 128.9 128.9 128.9 128.9 128.9 128.9 128.9 128.9 128.9 128.9 128.9 128.9 128.9 128.9 128.9 128.9 128.9 128.9 128.9 128.9 128.9 128.9 128.9 128.9 128.9 128.9 128.9 128.9 128.9 128.9 128.9 128.9 128.9 128.9 128.9 128.9 128.9 128.9 128.9 128.9 128.9 128.9 128.9 128.9 128.9 128.9 128.9 128.9 128.9 128.9 128.9 128.9 128.9 128.9 128.9 128.9 128.9 128.9 118.5 118.5 118.5 118.5 118.5 118.5 118.5 118.5 118.5 118.5 118.5 118.5 118.5 118.5 118.5 118.5 118.5 118.5 118.5 118.5 118.5 118.5 118.5 118.5 118.5 118.5 118.5 118.5 118.5 
132.8 132.8 132.8 132.8 132.8 132.8 132.8 132.8 132.8 132.8 132.8 128.9 128.9 128.9 128.9 128.9 128.9 128.9 128.9 128.9 128.9 128.9 128.9 128.9 128.9 128.9 128.9 128.9 128.9 128.9 128.9 128.9 128.9 128.9 128.9 128.9 128.9 128.9 128.9 128.9 128.9 128.9 128.9 128.9 128.9 128.9 128.9 128.9 128.9 128.9 128.9 128.9 128.9 128.9 128.9 128.9 128.9 128.9 128.9 128.9 128.9 128.9 128.9 128.9 128.9 128.9 128.9 128.9 128.9 128.9 128.9 118.5 118.5 118.5 118.5 118.5 118.5 118.5 118.5 118.5 118.5 118.5 118.5 118.5 118.5 118.5 118.5 118.5 118.5 118.5 118.5 118.5 118.5 118.5 118.5 118.5 118.5 118.5 118.5 118.5 
132.8 132.8 132.8 132.8 132.8 132.8 132.8 132.8 132.8 132.8 132.8 128.9 128.9 128.9 128.9 128.9 128.9 128.9 128.9 128.9 128.9 128.9 128.9 128.9 128.9 128.9 128.9 128.9 128.9 128.9 128.9 128.9 128.9 128.9 128.9 128.9 128.9 128.9 128.9 128.9 128.9 128.9 128.9 128.9 128.9 128.9 128.9 128.9 128.9 128.9 128.9 128.9 128.9 128.9 128.9 128.9 128.9 128.9 128.9 128.9 128.9 128.9 128.9 128.9 128.9 128.9 128.9 128.9 128.9 128.9 128.9 118.5 118.5 118.5 118.5 118.5 118.5 118.5 118.5 118.5 118.5 118.5 118.5 118.5 118.5 118.5 118.5 118.5 118.5 118.5 118.5 118.5 118.5 118.5 118.5 118.5 118.5 118.5 118.5 118.5 
132.8 132.8 132.8 132.8 132.8 132.8 132.8 132.8 132.8 132.8 132.8 128.9 128.9 128.9 128.9 128.9 128.9 128.9 128.9 128.9 128.9 128.9 128.9 128.9 128.9 128.9 128.9 128.9 128.9 128.9 128.9 128.9 128.9 128.9 128.9 128.9 128.9 128.9 128.9 128.9 128.9 128.9 128.9 128.9 128.9 128.9 128.9 128.9 128.9 128.9 128.9 128.9 128.9 128.9 128.9 128.9 128.9 128.9 128.9 128.9 128.9 128.9 128.9 128.9 128.9 128.9 128.9 128.9 128.9 128.9 128.9 118.5 118.5 118.5 118.5 118.5 118.5 118.5 118.5 118.5 118.5 118.5 118.5 118.5 118.5 118.5 118.5 118.5 118.5 118.5 118.5 118.5 118.5 118.5 118.5 118.5 118.5 118.5 118.5 118.5 
132.8 132.8 132.8 132.8 132.8 132.8 132.8 132.8 132.8 132.8 132.8 128.9 128.9 128.9 128.9 128.9 128.9 128.9 128.9 128.9 128.9 128.9 128.9 128.9 128.9 128.9 128.9 128.9 128.9 128.9 128.9 128.9 128.9 128.9 128.9 128.9 128.9 128.9 128.9 128.9 128.9 128.9 128.9 128.9 128.9 128.9 128.9 128.9 128.9 128.9 128.9 128.9 128.9 128.9 128.9 128.9 128.9 128.9 128.9 128.9 128.9 128.9 128.9 128.9 128.9 128.9 128.9 128.9 128.9 128.9 128.9 118.5 118.5 118.5 118.5 118.5 118.5 118.5 118.5 118.5 118.5 118.5 118.5 118.5 118.5 118.5 118.5 118.5 118.5 118.5 118.5 118.5 118.5 118.5 118.5 118.5 118.5 118.5 118.5 118.5 
132.8 132.8 132.8 132.8 132.8 132.8 132.8 132.8 132.8 132.8 132.8 128.9 128.9 128.9 128.9 128.9 128.9 128.9 128.9 128.9 128.9 128.9 128.9 128.9 128.9 128.9 128.9 128.9 128.9 128.9 128.9 128.9 128.9 128.9 128.9 128.9 128.9 128.9 128.9 128.9 128.9 128.9 128.9 128.9 128.9 128.9 128.9 128.9 128.9 128.9 128.9 128.9 128.9 128.9 128.9 128.9 128.9 128.9 128.9 128.9 128.9 128.9 128.9 128.9 128.9 128.9 128.9 128.9 128.9 128.9 128.9 118.5 118.5 118.5 118.5 118.5 118.5 118.5 118.5 118.5 118.5 118.5 118.5 118.5 118.5 118.5 118.5 118.5 118.5 118.5 118.5 118.5 118.5 118.5 118.5 118.5 118.5 118.5 118.5 118.5 
132.8 132.8 132.8 132.8 132.8 132.8 132.8 132.8 132.8 132.8 132.8 128.9 128.9 128.9 128.9 128.9 128.9 128.9 128.9 128.9 128.9 128.9 128.9 128.9 128.9 128.9 128.9 128.9 128.9 128.9 128.9 128.9 128.9 128.9 128.9 128.9 128.9 128.9 128.9 128.9 128.9 128.9 128.9 128.9 128.9 128.9 128.9 128.9 128.9 128.9 128.9 128.9 128.9 128.9 128.9 128.9 128.9 128.9 128.9 128.9 128.9 128.9 128.9 128.9 128.9 128.9 128.9 128.9 128.9 128.9 128.9 118.5 118.5 118.5 118.5 118.5 118.5 118.5 118.5 118.5 118.5 118.5 118.5 118.5 118.5 118.5 118.5 118.5 118.5 118.5 118.5 118.5 118.5 118.5 118.5 118.5 118.5 118.5 118.5 118.5 
132.8 132.8 132.8 132.8 132.8 132.8 132.8 132.8 132.8 132.8 132.8 128.9 128.9 128.9 128.9 128.9 128.9 128.9 128.9 128.9 128.9 128.9 128.9 128.9 128.9 128.9 128.9 128.9 128.9 128.9 128.9 128.9 128.9 128.9 128.9 128.9 128.9 128.9 128.9 128.9 128.9 128.9 128.9 128.9 128.9 128.9 128.9 128.9 128.9 128.9 128.9 128.9 128.9 128.9 128.9 128.9 128.9 128.9 128.9 128.9 128.9 128.9 128.9 128.9 128.9 128.9 128.9 128.9 128.9 128.9 128.9 118.5 118.5 118.5 118.5 118.5 118.5 118.5 118.5 118.5 118.5 118.5 118.5 118.5 118.5 118.5 118.5 118.5 118.5 118.5 118.5 118.5 118.5 118.5 118.5 118.5 118.5 118.5 118.5 118.5 
132.8 132.8 132.8 132.8 132.8 132.8 132.8 132.8 132.8 132.8 132.8 128.9 128.9 128.9 128.9 128.9 128.9 128.9 128.9 128.9 128.9 128.9 128.9 128.9 128.9 128.9 128.9 128.9 128.9 128.9 128.9 128.9 128.9 128.9 128.9 128.9 128.9 128.9 128.9 128.9 128.9 128.9 128.9 128.9 128.9 128.9 128.9 128.9 128.9 128.9 128.9 128.9 128.9 128.9 128.9 128.9 128.9 128.9 128.9 128.9 128.9 128.9 128.9 128.9 128.9 128.9 128.9 128.9 128.9 128.9 128.9 118.5 118.5 118.5 118.5 118.5 118.5 118.5 118.5 118.5 118.5 118.5 118.5 118.5 118.5 118.5 118.5 118.5 118.5 118.5 118.5 118.5 118.5 118.5 118.5 118.5 118.5 118.5 118.5 118.5 
132.8 132.8 132.8 132.8 132.8 132.8 132.8 132.8 132.8 132.8 132.8 128.9 128.9 128.9 128.9 128.9 128.9 128.9 128.9 128.9 128.9 128.9 128.9 128.9 128.9 128.9 128.9 128.9 128.9 128.9 128.9 128.9 128.9 128.9 128.9 128.9 128.9 128.9 128.9 128.9 128.9 128.9 128.9 128.9 128.9 128.9 128.9 128.9 128.9 128.9 128.9 128.9 128.9 128.9 128.9 128.9 128.9 128.9 128.9 128.9 128.9 128.9 128.9 128.9 128.9 128.9 128.9 128.9 128.9 128.9 128.9 118.5 118.5 118.5 118.5 118.5 118.5 118.5 118.5 118.5 118.5 118.5 118.5 118.5 118.5 118.5 118.5 118.5 118.5 118.5 118.5 118.5 118.5 118.5 118.5 118.5 118.5 118.5 118.5 118.5 
132.8 132.8 132.8 132.8 132.8 132.8 132.8 132.8 132.8 132.8 132.8 128.9 128.9 128.9 128.9 128.9 128.9 128.9 128.9 128.9 128.9 128.9 128.9 128.9 128.9 128.9 128.9 128.9 128.9 128.9 128.9 128.9 128.9 128.9 128.9 128.9 128.9 128.9 128.9 128.9 128.9 128.9 128.9 128.9 128.9 128.9 128.9 128.9 128.9 128.9 128.9 128.9 128.9 128.9 128.9 128.9 128.9 128.9 128.9 128.9 128.9 128.9 128.9 128.9 128.9 128.9 128.9 128.9 128.9 128.9 128.9 118.5 118.5 118.5 118.5 118.5 118.5 118.5 118.5 118.5 118.5 118.5 118.5 118.5 118.5 118.5 118.5 118.5 118.5 118.5 118.5 118.5 118.5 118.5 118.5 118.5 118.5 118.5 118.5 118.5 
132.8 132.8 132.8 132.8 132.8 132.8 132.8 132.8 132.8 132.8 132.8 128.9 128.9 128.9 128.9 128.9 128.9 128.9 128.9 128.9 128.9 128.9 128.9 128.9 128.9 128.9 128.9 128.9 128.9 128.9 128.9 128.9 128.9 128.9 128.9 128.9 128.9 128.9 128.9 128.9 128.9 128.9 128.9 128.9 128.9 128.9 128.9 128.9 128.9 128.9 128.9 128.9 128.9 128.9 128.9 128.9 128.9 128.9 128.9 128.9 128.9 128.9 128.9 128.9 128.9 128.9 128.9 128.9 128.9 128.9 128.9 118.5 118.5 118.5 118.5 118.5 118.5 118.5 118.5 118.5 118.5 118.5 118.5 118.5 118.5 118.5 118.5 118.5 118.5 118.5 118.5 118.5 118.5 118.5 118.5 118.5 118.5 118.5 118.5 118.5 
132.8 132.8 132.8 132.8 132.8 132.8 132.8 132.8 132.8 132.8 132.8 128.9 128.9 128.9 128.9 128.9 128.9 128.9 128.9 128.9 128.9 128.9 128.9 128.9 128.9 128.9 128.9 128.9 128.9 128.9 128.9 128.9 128.9 128.9 128.9 128.9 128.9 128.9 128.9 128.9 128.9 128.9 128.9 128.9 128.9 128.9 128.9 128.9 128.9 128.9 128.9 128.9 128.9 128.9 128.9 128.9 128.9 128.9 128.9 128.9 128.9 128.9 128.9 128.9 128.9 128.9 128.9 128.9 128.9 128.9 128.9 118.5 118.5 118.5 118.5 118.5 118.5 118.5 118.5 118.5 118.5 118.5 118.5 118.5 118.5 118.5 118.5 118.5 118.5 118.5 118.5 118.5 118.5 118.5 118.5 118.5 118.5 118.5 118.5 118.5 
132.8 132.8 132.8 132.8 132.8 132.8 132.8 132.8 132.8 132.8 132.8 128.9 128.9 128.9 128.9 128.9 128.9 128.9 128.9 128.9 128.9 128.9 128.9 128.9 128.9 128.9 128.9 128.9 128.9 128.9 128.9 128.9 128.9 128.9 128.9 128.9 128.9 128.9 128.9 128.9 128.9 128.9 128.9 128.9 128.9 128.9 128.9 128.9 128.9 128.9 128.9 128.9 128.9 128.9 128.9 128.9 128.9 128.9 128.9 128.9 128.9 128.9 128.9 128.9 128.9 128.9 128.9 128.9 128.9 128.9 128.9 118.5 118.5 118.5 118.5 118.5 118.5 118.5 118.5 118.5 118.5 118.5 118.5 118.5 118.5 118.5 118.5 118.5 118.5 118.5 118.5 118.5 118.5 118.5 118.5 118.5 118.5 118.5 118.5 118.5 
132.8 132.8 132.8 132.8 132.8 132.8 132.8 132.8 132.8 132.8 132.8 128.9 128.9 128.9 128.9 128.9 128.9 128.9 128.9 128.9 128.9 128.9 128.9 128.9 128.9 128.9 128.9 128.9 128.9 128.9 128.9 128.9 128.9 128.9 128.9 128.9 128.9 128.9 128.9 128.9 128.9 128.9 128.9 128.9 128.9 128.9 128.9 128.9 128.9 128.9 128.9 128.9 128.9 128.9 128.9 128.9 128.9 128.9 128.9 128.9 128.9 128.9 128.9 128.9 128.9 128.9 128.9 128.9 128.9 128.9 128.9 118.5 118.5 118.5 118.5 118.5 118.5 118.5 118.5 118.5 118.5 118.5 118.5 118.5 118.5 118.5 118.5 118.5 118.5 118.5 118.5 118.5 118.5 118.5 118.5 118.5 118.5 118.5 118.5 118.5 
132.8 132.8 132.8 132.8 132.8 132.8 132.8 132.8 132.8 132.8 132.8 128.9 128.9 128.9 128.9 128.9 128.9 128.9 128.9 128.9 128.9 128.9 128.9 128.9 128.9 128.9 128.9 128.9 128.9 128.9 128.9 128.9 128.9 128.9 128.9 128.9 128.9 128.9 128.9 128.9 128.9 128.9 128.9 128.9 128.9 128.9 128.9 128.9 128.9 128.9 128.9 128.9 128.9 128.9 128.9 128.9 128.9 128.9 128.9 128.9 128.9 128.9 128.9 128.9 128.9 128.9 128.9 128.9 128.9 128.9 128.9 118.5 118.5 118.5 118.5 118.5 118.5 118.5 118.5 118.5 118.5 118.5 118.5 118.5 118.5 118.5 118.5 118.5 118.5 118.5 118.5 118.5 118.5 118.5 118.5 118.5 118.5 118.5 118.5 118.5 
132.8 132.8 132.8 132.8 132.8 132.8 132.8 132.8 132.8 132.8 132.8 128.9 128.9 128.9 128.9 128.9 128.9 128.9 128.9 128.9 128.9 128.9 128.9 128.9 128.9 128.9 128.9 128.9 128.9 128.9 128.9 128.9 128.9 128.9 128.9 128.9 128.9 128.9 128.9 128.9 128.9 128.9 128.9 128.9 128.9 128.9 128.9 128.9 128.9 128.9 128.9 128.9 128.9 128.9 128.9 128.9 128.9 128.9 128.9 128.9 128.9 128.9 128.9 128.9 128.9 128.9 128.9 128.9 128.9 128.9 128.9 118.5 118.5 118.5 118.5 118.5 118.5 118.5 118.5 118.5 118.5 118.5 118.5 118.5 118.5 118.5 118.5 118.5 118.5 118.5 118.5 118.5 118.5 118.5 118.5 118.5 118.5 118.5 118.5 118.5 
132.8 132.8 132.8 132.8 132.8 132.8 132.8 132.8 132.8 132.8 132.8 128.9 128.9 128.9 128.9 128.9 128.9 128.9 128.9 128.9 128.9 128.9 128.9 128.9 128.9 128.9 128.9 128.9 128.9 128.9 128.9 128.9 128.9 128.9 128.9 128.9 128.9 128.9 128.9 128.9 128.9 128.9 128.9 128.9 128.9 128.9 128.9 128.9 128.9 128.9 128.9 128.9 128.9 128.9 128.9 128.9 128.9 128.9 128.9 128.9 128.9 128.9 128.9 128.9 128.9 128.9 128.9 128.9 128.9 128.9 128.9 118.5 118.5 118.5 118.5 118.5 118.5 118.5 118.5 118.5 118.5 118.5 118.5 118.5 118.5 118.5 118.5 118.5 118.5 118.5 118.5 118.5 118.5 118.5 118.5 118.5 118.5 118.5 118.5 118.5 
132.8 132.8 132.8 132.8 132.8 132.8 132.8 132.8 132.8 132.8 132.8 128.9 128.9 128.9 128.9 128.9 128.9 128.9 128.9 128.9 128.9 128.9 128.9 128.9 128.9 128.9 128.9 128.9 128.9 128.9 128.9 128.9 128.9 128.9 128.9 128.9 128.9 128.9 128.9 128.9 128.9 128.9 128.9 128.9 128.9 128.9 128.9 128.9 128.9 128.9 128.9 128.9 128.9 128.9 128.9 128.9 128.9 128.9 128.9 128.9 128.9 128.9 128.9 128.9 128.9 128.9 128.9 128.9 128.9 128.9 128.9 118.5 118.5 118.5 118.5 118.5 118.5 118.5 118.5 118.5 118.5 118.5 118.5 118.5 118.5 118.5 118.5 118.5 118.5 118.5 118.5 118.5 118.5 118.5 118.5 118.5 118.5 118.5 118.5 118.5 
132.8 132.8 132.8 132.8 132.8 132.8 132.8 132.8 132.8 132.8 132.8 128.9 128.9 128.9 128.9 128.9 128.9 128.9 128.9 128.9 128.9 128.9 128.9 128.9 128.9 128.9 128.9 128.9 128.9 128.9 128.9 128.9 128.9 128.9 128.9 128.9 128.9 128.9 128.9 128.9 128.9 128.9 128.9 128.9 128.9 128.9 128.9 128.9 128.9 128.9 128.9 128.9 128.9 128.9 128.9 128.9 128.9 128.9 128.9 128.9 128.9 128.9 128.9 128.9 128.9 128.9 128.9 128.9 128.9 128.9 128.9 118.5 118.5 118.5 118.5 118.5 118.5 118.5 118.5 118.5 118.5 118.5 118.5 118.5 118.5 118.5 118.5 118.5 118.5 118.5 118.5 118.5 118.5 118.5 118.5 118.5 118.5 118.5 118.5 118.5 
132.8 132.8 132.8 132.8 132.8 132.8 132.8 132.8 132.8 132.8 132.8 128.9 128.9 128.9 128.9 128.9 128.9 128.9 128.9 128.9 128.9 128.9 128.9 128.9 128.9 128.9 128.9 128.9 128.9 128.9 128.9 128.9 128.9 128.9 128.9 128.9 128.9 128.9 128.9 128.9 128.9 128.9 128.9 128.9 128.9 128.9 128.9 128.9 128.9 128.9 128.9 128.9 128.9 128.9 128.9 128.9 128.9 128.9 128.9 128.9 128.9 128.9 128.9 128.9 128.9 128.9 128.9 128.9 128.9 128.9 128.9 118.5 118.5 118.5 118.5 118.5 118.5 118.5 118.5 118.5 118.5 118.5 118.5 118.5 118.5 118.5 118.5 118.5 118.5 118.5 118.5 118.5 118.5 118.5 118.5 118.5 118.5 118.5 118.5 118.5 
132.8 132.8 132.8 132.8 132.8 132.8 132.8 132.8 132.8 132.8 132.8 128.9 128.9 128.9 128.9 128.9 128.9 128.9 128.9 128.9 128.9 128.9 128.9 128.9 128.9 128.9 128.9 128.9 128.9 128.9 128.9 128.9 128.9 128.9 128.9 128.9 128.9 128.9 128.9 128.9 128.9 128.9 128.9 128.9 128.9 128.9 128.9 128.9 128.9 128.9 128.9 128.9 128.9 128.9 128.9 128.9 128.9 128.9 128.9 128.9 128.9 128.9 128.9 128.9 128.9 128.9 128.9 128.9 128.9 128.9 128.9 118.5 118.5 118.5 118.5 118.5 118.5 118.5 118.5 118.5 118.5 118.5 118.5 118.5 118.5 118.5 118.5 118.5 118.5 118.5 118.5 118.5 118.5 118.5 118.5 118.5 118.5 118.5 118.5 118.5 
132.8 132.8 132.8 132.8 132.8 132.8 132.8 132.8 132.8 132.8 132.8 128.9 128.9 128.9 128.9 128.9 128.9 128.9 128.9 128.9 128.9 128.9 128.9 128.9 128.9 128.9 128.9 128.9 128.9 128.9 128.9 128.9 128.9 128.9 128.9 128.9 128.9 128.9 128.9 128.9 128.9 128.9 128.9 128.9 128.9 128.9 128.9 128.9 128.9 128.9 128.9 128.9 128.9 128.9 128.9 128.9 128.9 128.9 128.9 128.9 128.9 128.9 128.9 128.9 128.9 128.9 128.9 128.9 128.9 128.9 128.9 118.5 118.5 118.5 118.5 118.5 118.5 118.5 118.5 118.5 118.5 118.5 118.5 118.5 118.5 118.5 118.5 118.5 118.5 118.5 118.5 118.5 118.5 118.5 118.5 118.5 118.5 118.5 118.5 118.5 
132.8 132.8 132.8 132.8 132.8 132.8 132.8 132.8 132.8 132.8 132.8 128.9 128.9 128.9 128.9 128.9 128.9 128.9 128.9 128.9 128.9 128.9 128.9 128.9 128.9 128.9 128.9 128.9 128.9 128.9 128.9 128.9 128.9 128.9 128.9 128.9 128.9 128.9 128.9 128.9 128.9 128.9 128.9 128.9 128.9 128.9 128.9 128.9 128.9 128.9 128.9 128.9 128.9 128.9 128.9 128.9 128.9 128.9 128.9 128.9 128.9 128.9 128.9 128.9 128.9 128.9 128.9 128.9 128.9 128.9 128.9 118.5 118.5 118.5 118.5 118.5 118.5 118.5 118.5 118.5 118.5 118.5 118.5 118.5 118.5 118.5 118.5 118.5 118.5 118.5 118.5 118.5 118.5 118.5 118.5 118.5 118.5 118.5 118.5 118.5 
132.8 132.8 132.8 132.8 132.8 132.8 132.8 132.8 132.8 132.8 132.8 128.9 128.9 128.9 128.9 128.9 128.9 128.9 128.9 128.9 128.9 128.9 128.9 128.9 128.9 128.9 128.9 128.9 128.9 128.9 128.9 128.9 128.9 128.9 128.9 128.9 128.9 128.9 128.9 128.9 128.9 128.9 128.9 128.9 128.9 128.9 128.9 128.9 128.9 128.9 128.9 128.9 128.9 128.9 128.9 128.9 128.9 128.9 128.9 128.9 128.9 128.9 128.9 128.9 128.9 128.9 128.9 128.9 128.9 128.9 128.9 118.5 118.5 118.5 118.5 118.5 118.5 118.5 118.5 118.5 118.5 118.5 118.5 118.5 118.5 118.5 118.5 118.5 118.5 118.5 118.5 118.5 118.5 118.5 118.5 118.5 118.5 118.5 118.5 118.5 
132.8 132.8 132.8 132.8 132.8 132.8 132.8 132.8 132.8 132.8 132.8 128.9 128.9 128.9 128.9 128.9 128.9 128.9 128.9 128.9 128.9 128.9 128.9 128.9 128.9 128.9 128.9 128.9 128.9 128.9 128.9 128.9 128.9 128.9 128.9 128.9 128.9 128.9 128.9 128.9 128.9 128.9 128.9 128.9 128.9 128.9 128.9 128.9 128.9 128.9 128.9 128.9 128.9 128.9 128.9 128.9 128.9 128.9 128.9 128.9 128.9 128.9 128.9 128.9 128.9 128.9 128.9 128.9 128.9 128.9 128.9 118.5 118.5 118.5 118.5 118.5 118.5 118.5 118.5 118.5 118.5 118.5 118.5 118.5 118.5 118.5 118.5 118.5 118.5 118.5 118.5 118.5 118.5 118.5 118.5 118.5 118.5 118.5 118.5 118.5 
132.8 132.8 132.8 132.8 132.8 132.8 132.8 132.8 132.8 132.8 132.8 128.9 128.9 128.9 128.9 128.9 128.9 128.9 128.9 128.9 128.9 128.9 128.9 128.9 128.9 128.9 128.9 128.9 128.9 128.9 128.9 128.9 128.9 128.9 128.9 128.9 128.9 128.9 128.9 128.9 128.9 128.9 128.9 128.9 128.9 128.9 128.9 128.9 128.9 128.9 128.9 128.9 128.9 128.9 128.9 128.9 128.9 128.9 128.9 128.9 128.9 128.9 128.9 128.9 128.9 128.9 128.9 128.9 128.9 128.9 128.9 118.5 118.5 118.5 118.5 118.5 118.5 118.5 118.5 118.5 118.5 118.5 118.5 118.5 118.5 118.5 118.5 118.5 118.5 118.5 118.5 118.5 118.5 118.5 118.5 118.5 118.5 118.5 118.5 118.5 
132.8 132.8 132.8 132.8 132.8 132.8 132.8 132.8 132.8 132.8 132.8 128.9 128.9 128.9 128.9 128.9 128.9 128.9 128.9 128.9 128.9 128.9 128.9 128.9 128.9 128.9 128.9 128.9 128.9 128.9 128.9 128.9 128.9 128.9 128.9 128.9 128.9 128.9 128.9 128.9 128.9 128.9 128.9 128.9 128.9 128.9 128.9 128.9 128.9 128.9 128.9 128.9 128.9 128.9 128.9 128.9 128.9 128.9 128.9 128.9 128.9 128.9 128.9 128.9 128.9 128.9 128.9 128.9 128.9 128.9 128.9 118.5 118.5 118.5 118.5 118.5 118.5 118.5 118.5 118.5 118.5 118.5 118.5 118.5 118.5 118.5 118.5 118.5 118.5 118.5 118.5 118.5 118.5 118.5 118.5 118.5 118.5 118.5 118.5 118.5 
132.8 132.8 132.8 132.8 132.8 132.8 132.8 132.8 132.8 132.8 132.8 128.9 128.9 128.9 128.9 128.9 128.9 128.9 128.9 128.9 128.9 128.9 128.9 128.9 128.9 128.9 128.9 128.9 128.9 128.9 128.9 128.9 128.9 128.9 128.9 128.9 128.9 128.9 128.9 128.9 128.9 128.9 128.9 128.9 128.9 128.9 128.9 128.9 128.9 128.9 128.9 128.9 128.9 128.9 128.9 128.9 128.9 128.9 128.9 128.9 128.9 128.9 128.9 128.9 128.9 128.9 128.9 128.9 128.9 128.9 128.9 118.5 118.5 118.5 118.5 118.5 118.5 118.5 118.5 118.5 118.5 118.5 118.5 118.5 118.5 118.5 118.5 118.5 118.5 118.5 118.5 118.5 118.5 118.5 118.5 118.5 118.5 118.5 118.5 118.5 
132.8 132.8 132.8 132.8 132.8 132.8 132.8 132.8 132.8 132.8 132.8 128.9 128.9 128.9 128.9 128.9 128.9 128.9 128.9 128.9 128.9 128.9 128.9 128.9 128.9 128.9 128.9 128.9 128.9 128.9 128.9 128.9 128.9 128.9 128.9 128.9 128.9 128.9 128.9 128.9 128.9 128.9 128.9 128.9 128.9 128.9 128.9 128.9 128.9 128.9 128.9 128.9 128.9 128.9 128.9 128.9 128.9 128.9 128.9 128.9 128.9 128.9 128.9 128.9 128.9 128.9 128.9 128.9 128.9 128.9 128.9 118.5 118.5 118.5 118.5 118.5 118.5 118.5 118.5 118.5 118.5 118.5 118.5 118.5 118.5 118.5 118.5 118.5 118.5 118.5 118.5 118.5 118.5 118.5 118.5 118.5 118.5 118.5 118.5 118.5 
132.8 132.8 132.8 132.8 132.8 132.8 132.8 132.8 132.8 132.8 132.8 128.9 128.9 128.9 128.9 128.9 128.9 128.9 128.9 128.9 128.9 128.9 128.9 128.9 128.9 128.9 128.9 128.9 128.9 128.9 128.9 128.9 128.9 128.9 128.9 128.9 128.9 128.9 128.9 128.9 128.9 128.9 128.9 128.9 128.9 128.9 128.9 128.9 128.9 128.9 128.9 128.9 128.9 128.9 128.9 128.9 128.9 128.9 128.9 128.9 128.9 128.9 128.9 128.9 128.9 128.9 128.9 128.9 128.9 128.9 128.9 118.5 118.5 118.5 118.5 118.5 118.5 118.5 118.5 118.5 118.5 118.5 118.5 118.5 118.5 118.5 118.5 118.5 118.5 118.5 118.5 118.5 118.5 118.5 118.5 118.5 118.5 118.5 118.5 118.5 
132.8 132.8 132.8 132.8 132.8 132.8 132.8 132.8 132.8 132.8 132.8 128.9 128.9 128.9 128.9 128.9 128.9 128.9 128.9 128.9 128.9 128.9 128.9 128.9 128.9 128.9 128.9 128.9 128.9 128.9 128.9 128.9 128.9 128.9 128.9 128.9 128.9 128.9 128.9 128.9 128.9 128.9 128.9 128.9 128.9 128.9 128.9 128.9 128.9 128.9 128.9 128.9 128.9 128.9 128.9 128.9 128.9 128.9 128.9 128.9 128.9 128.9 128.9 128.9 128.9 128.9 128.9 128.9 128.9 128.9 128.9 118.5 118.5 118.5 118.5 118.5 118.5 118.5 118.5 118.5 118.5 118.5 118.5 118.5 118.5 118.5 118.5 118.5 118.5 118.5 118.5 118.5 118.5 118.5 118.5 118.5 118.5 118.5 118.5 118.5 
132.8 132.8 132.8 132.8 132.8 132.8 132.8 132.8 132.8 132.8 132.8 128.9 128.9 128.9 128.9 128.9 128.9 128.9 128.9 128.9 128.9 128.9 128.9 128.9 128.9 128.9 128.9 128.9 128.9 128.9 128.9 128.9 128.9 128.9 128.9 128.9 128.9 128.9 128.9 128.9 128.9 128.9 128.9 128.9 128.9 128.9 128.9 128.9 128.9 128.9 128.9 128.9 128.9 128.9 128.9 128.9 128.9 128.9 128.9 128.9 128.9 128.9 128.9 128.9 128.9 128.9 128.9 128.9 128.9 128.9 128.9 118.5 118.5 118.5 118.5 118.5 118.5 118.5 118.5 118.5 118.5 118.5 118.5 118.5 118.5 118.5 118.5 118.5 118.5 118.5 118.5 118.5 118.5 118.5 118.5 118.5 118.5 118.5 118.5 118.5 
132.8 132.8 132.8 132.8 132.8 132.8 132.8 132.8 132.8 132.8 132.8 128.9 128.9 128.9 128.9 128.9 128.9 128.9 128.9 128.9 128.9 128.9 128.9 128.9 128.9 128.9 128.9 128.9 128.9 128.9 128.9 128.9 128.9 128.9 128.9 128.9 128.9 128.9 128.9 128.9 128.9 128.9 128.9 128.9 128.9 128.9 128.9 128.9 128.9 128.9 128.9 128.9 128.9 128.9 128.9 128.9 128.9 128.9 128.9 128.9 128.9 128.9 128.9 128.9 128.9 128.9 128.9 128.9 128.9 128.9 128.9 118.5 118.5 118.5 118.5 118.5 118.5 118.5 118.5 118.5 118.5 118.5 118.5 118.5 118.5 118.5 118.5 118.5 118.5 118.5 118.5 118.5 118.5 118.5 118.5 118.5 118.5 118.5 118.5 118.5 
132.8 132.8 132.8 132.8 132.8 132.8 132.8 132.8 132.8 132.8 132.8 128.9 128.9 128.9 128.9 128.9 128.9 128.9 128.9 128.9 128.9 128.9 128.9 128.9 128.9 128.9 128.9 128.9 128.9 128.9 128.9 128.9 128.9 128.9 128.9 128.9 128.9 128.9 128.9 128.9 128.9 128.9 128.9 128.9 128.9 128.9 128.9 128.9 128.9 128.9 128.9 128.9 128.9 128.9 128.9 128.9 128.9 128.9 128.9 128.9 128.9 128.9 128.9 128.9 128.9 128.9 128.9 128.9 128.9 128.9 128.9 118.5 118.5 118.5 118.5 118.5 118.5 118.5 118.5 118.5 118.5 118.5 118.5 118.5 118.5 118.5 118.5 118.5 118.5 118.5 118.5 118.5 118.5 118.5 118.5 118.5 118.5 118.5 118.5 118.5 
132.8 132.8 132.8 132.8 132.8 132.8 132.8 132.8 132.8 132.8 132.8 128.9 128.9 128.9 128.9 128.9 128.9 128.9 128.9 128.9 128.9 128.9 128.9 128.9 128.9 128.9 128.9 128.9 128.9 128.9 128.9 128.9 128.9 128.9 128.9 128.9 128.9 128.9 128.9 128.9 128.9 128.9 128.9 128.9 128.9 128.9 128.9 128.9 128.9 128.9 128.9 128.9 128.9 128.9 128.9 128.9 128.9 128.9 128.9 128.9 128.9 128.9 128.9 128.9 128.9 128.9 128.9 128.9 128.9 128.9 128.9 118.5 118.5 118.5 118.5 118.5 118.5 118.5 118.5 118.5 118.5 118.5 118.5 118.5 118.5 118.5 118.5 118.5 118.5 118.5 118.5 118.5 118.5 118.5 118.5 118.5 118.5 118.5 118.5 118.5 
132.8 132.8 132.8 132.8 132.8 132.8 132.8 132.8 132.8 132.8 132.8 128.9 128.9 128.9 128.9 128.9 128.9 128.9 128.9 128.9 128.9 128.9 128.9 128.9 128.9 128.9 128.9 128.9 128.9 128.9 128.9 128.9 128.9 128.9 128.9 128.9 128.9 128.9 128.9 128.9 128.9 128.9 128.9 128.9 128.9 128.9 128.9 128.9 128.9 128.9 128.9 128.9 128.9 128.9 128.9 128.9 128.9 128.9 128.9 128.9 128.9 128.9 128.9 128.9 128.9 128.9 128.9 128.9 128.9 128.9 128.9 118.5 118.5 118.5 118.5 118.5 118.5 118.5 118.5 118.5 118.5 118.5 118.5 118.5 118.5 118.5 118.5 118.5 118.5 118.5 118.5 118.5 118.5 118.5 118.5 118.5 118.5 118.5 118.5 118.5 
132.8 132.8 132.8 132.8 132.8 132.8 132.8 132.8 132.8 132.8 132.8 128.9 128.9 128.9 128.9 128.9 128.9 128.9 128.9 128.9 128.9 128.9 128.9 128.9 128.9 128.9 128.9 128.9 128.9 128.9 128.9 128.9 128.9 128.9 128.9 128.9 128.9 128.9 128.9 128.9 128.9 128.9 128.9 128.9 128.9 128.9 128.9 128.9 128.9 128.9 128.9 128.9 128.9 128.9 128.9 128.9 128.9 128.9 128.9 128.9 128.9 128.9 128.9 128.9 128.9 128.9 128.9 128.9 128.9 128.9 128.9 118.5 118.5 118.5 118.5 118.5 118.5 118.5 118.5 118.5 118.5 118.5 118.5 118.5 118.5 118.5 118.5 118.5 118.5 118.5 118.5 118.5 118.5 118.5 118.5 118.5 118.5 118.5 118.5 118.5 
132.8 132.8 132.8 132.8 132.8 132.8 132.8 132.8 132.8 132.8 132.8 128.9 128.9 128.9 128.9 128.9 128.9 128.9 128.9 128.9 128.9 128.9 128.9 128.9 128.9 128.9 128.9 128.9 128.9 128.9 128.9 128.9 128.9 128.9 128.9 128.9 128.9 128.9 128.9 128.9 128.9 128.9 128.9 128.9 128.9 128.9 128.9 128.9 128.9 128.9 128.9 128.9 128.9 128.9 128.9 128.9 128.9 128.9 128.9 128.9 128.9 128.9 128.9 128.9 128.9 128.9 128.9 128.9 128.9 128.9 128.9 118.5 118.5 118.5 118.5 118.5 118.5 118.5 118.5 118.5 118.5 118.5 118.5 118.5 118.5 118.5 118.5 118.5 118.5 118.5 118.5 118.5 118.5 118.5 118.5 118.5 118.5 118.5 118.5 118.5 
166.4 166.4 166.4 166.4 166.4 166.4 166.4 166.4 166.4 166.4 166.4 160.9 160.9 160.9 160.9 160.9 160.9 160.9 160.9 160.9 160.9 160.9 160.9 160.9 160.9 160.9 160.9 160.9 160.9 160.9 160.9 160.9 160.9 160.9 160.9 160.9 160.9 160.9 160.9 160.9 160.9 160.9 160.9 160.9 160.9 160.9 160.9 160.9 160.9 160.9 160.9 160.9 160.9 160.9 160.9 160.9 160.9 160.9 160.9 160.9 160.9 160.9 160.9 160.9 160.9 160.9 160.9 160.9 160.9 160.9 160.9 143.8 143.8 143.8 143.8 143.8 143.8 143.8 143.8 143.8 143.8 143.8 143.8 143.8 143.8 143.8 143.8 143.8 143.8 143.8 143.8 143.8 143.8 143.8 143.8 143.8 143.8 143.8 143.8 143.8 
166.4 166.4 166.4 166.4 166.4 166.4 166.4 166.4 166.4 166.4 166.4 160.9 160.9 160.9 160.9 160.9 160.9 160.9 160.9 160.9 160.9 160.9 160.9 160.9 160.9 160.9 160.9 160.9 160.9 160.9 160.9 160.9 160.9 160.9 160.9 160.9 160.9 160.9 160.9 160.9 160.9 160.9 160.9 160.9 160.9 160.9 160.9 160.9 160.9 160.9 160.9 160.9 160.9 160.9 160.9 160.9 160.9 160.9 160.9 160.9 160.9 160.9 160.9 160.9 160.9 160.9 160.9 160.9 160.9 160.9 160.9 143.8 143.8 143.8 143.8 143.8 143.8 143.8 143.8 143.8 143.8 143.8 143.8 143.8 143.8 143.8 143.8 143.8 143.8 143.8 143.8 143.8 143.8 143.8 143.8 143.8 143.8 143.8 143.8 143.8 
166.4 166.4 166.4 166.4 166.4 166.4 166.4 166.4 166.4 166.4 166.4 160.9 160.9 160.9 160.9 160.9 160.9 160.9 160.9 160.9 160.9 160.9 160.9 160.9 160.9 160.9 160.9 160.9 160.9 160.9 160.9 160.9 160.9 160.9 160.9 160.9 160.9 160.9 160.9 160.9 160.9 160.9 160.9 160.9 160.9 160.9 160.9 160.9 160.9 160.9 160.9 160.9 160.9 160.9 160.9 160.9 160.9 160.9 160.9 160.9 160.9 160.9 160.9 160.9 160.9 160.9 160.9 160.9 160.9 160.9 160.9 143.8 143.8 143.8 143.8 143.8 143.8 143.8 143.8 143.8 143.8 143.8 143.8 143.8 143.8 143.8 143.8 143.8 143.8 143.8 143.8 143.8 143.8 143.8 143.8 143.8 143.8 143.8 143.8 143.8 
166.4 166.4 166.4 166.4 166.4 166.4 166.4 166.4 166.4 166.4 166.4 160.9 160.9 160.9 160.9 160.9 160.9 160.9 160.9 160.9 160.9 160.9 160.9 160.9 160.9 160.9 160.9 160.9 160.9 160.9 160.9 160.9 160.9 160.9 160.9 160.9 160.9 160.9 160.9 160.9 160.9 160.9 160.9 160.9 160.9 160.9 160.9 160.9 160.9 160.9 160.9 160.9 160.9 160.9 160.9 160.9 160.9 160.9 160.9 160.9 160.9 160.9 160.9 160.9 160.9 160.9 160.9 160.9 160.9 160.9 160.9 143.8 143.8 143.8 143.8 143.8 143.8 143.8 143.8 143.8 143.8 143.8 143.8 143.8 143.8 143.8 143.8 143.8 143.8 143.8 143.8 143.8 143.8 143.8 143.8 143.8 143.8 143.8 143.8 143.8 
166.4 166.4 166.4 166.4 166.4 166.4 166.4 166.4 166.4 166.4 166.4 160.9 160.9 160.9 160.9 160.9 160.9 160.9 160.9 160.9 160.9 160.9 160.9 160.9 160.9 160.9 160.9 160.9 160.9 160.9 160.9 160.9 160.9 160.9 160.9 160.9 160.9 160.9 160.9 160.9 160.9 160.9 160.9 160.9 160.9 160.9 160.9 160.9 160.9 160.9 160.9 160.9 160.9 160.9 160.9 160.9 160.9 160.9 160.9 160.9 160.9 160.9 160.9 160.9 160.9 160.9 160.9 160.9 160.9 160.9 160.9 143.8 143.8 143.8 143.8 143.8 143.8 143.8 143.8 143.8 143.8 143.8 143.8 143.8 143.8 143.8 143.8 143.8 143.8 143.8 143.8 143.8 143.8 143.8 143.8 143.8 143.8 143.8 143.8 143.8 
166.4 166.4 166.4 166.4 166.4 166.4 166.4 166.4 166.4 166.4 166.4 160.9 160.9 160.9 160.9 160.9 160.9 160.9 160.9 160.9 160.9 160.9 160.9 160.9 160.9 160.9 160.9 160.9 160.9 160.9 160.9 160.9 160.9 160.9 160.9 160.9 160.9 160.9 160.9 160.9 160.9 160.9 160.9 160.9 160.9 160.9 160.9 160.9 160.9 160.9 160.9 160.9 160.9 160.9 160.9 160.9 160.9 160.9 160.9 160.9 160.9 160.9 160.9 160.9 160.9 160.9 160.9 160.9 160.9 160.9 160.9 143.8 143.8 143.8 143.8 143.8 143.8 143.8 143.8 143.8 143.8 143.8 143.8 143.8 143.8 143.8 143.8 143.8 143.8 143.8 143.8 143.8 143.8 143.8 143.8 143.8 143.8 143.8 143.8 143.8 
166.4 166.4 166.4 166.4 166.4 166.4 166.4 166.4 166.4 166.4 166.4 160.9 160.9 160.9 160.9 160.9 160.9 160.9 160.9 160.9 160.9 160.9 160.9 160.9 160.9 160.9 160.9 160.9 160.9 160.9 160.9 160.9 160.9 160.9 160.9 160.9 160.9 160.9 160.9 160.9 160.9 160.9 160.9 160.9 160.9 160.9 160.9 160.9 160.9 160.9 160.9 160.9 160.9 160.9 160.9 160.9 160.9 160.9 160.9 160.9 160.9 160.9 160.9 160.9 160.9 160.9 160.9 160.9 160.9 160.9 160.9 143.8 143.8 143.8 143.8 143.8 143.8 143.8 143.8 143.8 143.8 143.8 143.8 143.8 143.8 143.8 143.8 143.8 143.8 143.8 143.8 143.8 143.8 143.8 143.8 143.8 143.8 143.8 143.8 143.8 
166.4 166.4 166.4 166.4 166.4 166.4 166.4 166.4 166.4 166.4 166.4 160.9 160.9 160.9 160.9 160.9 160.9 160.9 160.9 160.9 160.9 160.9 160.9 160.9 160.9 160.9 160.9 160.9 160.9 160.9 160.9 160.9 160.9 160.9 160.9 160.9 160.9 160.9 160.9 160.9 160.9 160.9 160.9 160.9 160.9 160.9 160.9 160.9 160.9 160.9 160.9 160.9 160.9 160.9 160.9 160.9 160.9 160.9 160.9 160.9 160.9 160.9 160.9 160.9 160.9 160.9 160.9 160.9 160.9 160.9 160.9 143.8 143.8 143.8 143.8 143.8 143.8 143.8 143.8 143.8 143.8 143.8 143.8 143.8 143.8 143.8 143.8 143.8 143.8 143.8 143.8 143.8 143.8 143.8 143.8 143.8 143.8 143.8 143.8 143.8 
166.4 166.4 166.4 166.4 166.4 166.4 166.4 166.4 166.4 166.4 166.4 160.9 160.9 160.9 160.9 160.9 160.9 160.9 160.9 160.9 160.9 160.9 160.9 160.9 160.9 160.9 160.9 160.9 160.9 160.9 160.9 160.9 160.9 160.9 160.9 160.9 160.9 160.9 160.9 160.9 160.9 160.9 160.9 160.9 160.9 160.9 160.9 160.9 160.9 160.9 160.9 160.9 160.9 160.9 160.9 160.9 160.9 160.9 160.9 160.9 160.9 160.9 160.9 160.9 160.9 160.9 160.9 160.9 160.9 160.9 160.9 143.8 143.8 143.8 143.8 143.8 143.8 143.8 143.8 143.8 143.8 143.8 143.8 143.8 143.8 143.8 143.8 143.8 143.8 143.8 143.8 143.8 143.8 143.8 143.8 143.8 143.8 143.8 143.8 143.8 
166.4 166.4 166.4 166.4 166.4 166.4 166.4 166.4 166.4 166.4 166.4 160.9 160.9 160.9 160.9 160.9 160.9 160.9 160.9 160.9 160.9 160.9 160.9 160.9 160.9 160.9 160.9 160.9 160.9 160.9 160.9 160.9 160.9 160.9 160.9 160.9 160.9 160.9 160.9 160.9 160.9 160.9 160.9 160.9 160.9 160.9 160.9 160.9 160.9 160.9 160.9 160.9 160.9 160.9 160.9 160.9 160.9 160.9 160.9 160.9 160.9 160.9 160.9 160.9 160.9 160.9 160.9 160.9 160.9 160.9 160.9 143.8 143.8 143.8 143.8 143.8 143.8 143.8 143.8 143.8 143.8 143.8 143.8 143.8 143.8 143.8 143.8 143.8 143.8 143.8 143.8 143.8 143.8 143.8 143.8 143.8 143.8 143.8 143.8 143.8 
166.4 166.4 166.4 166.4 166.4 166.4 166.4 166.4 166.4 166.4 166.4 160.9 160.9 160.9 160.9 160.9 160.9 160.9 160.9 160.9 160.9 160.9 160.9 160.9 160.9 160.9 160.9 160.9 160.9 160.9 160.9 160.9 160.9 160.9 160.9 160.9 160.9 160.9 160.9 160.9 160.9 160.9 160.9 160.9 160.9 160.9 160.9 160.9 160.9 160.9 160.9 160.9 160.9 160.9 160.9 160.9 160.9 160.9 160.9 160.9 160.9 160.9 160.9 160.9 160.9 160.9 160.9 160.9 160.9 160.9 160.9 143.8 143.8 143.8 143.8 143.8 143.8 143.8 143.8 143.8 143.8 143.8 143.8 143.8 143.8 143.8 143.8 143.8 143.8 143.8 143.8 143.8 143.8 143.8 143.8 143.8 143.8 143.8 143.8 143.8 
166.4 166.4 166.4 166.4 166.4 166.4 166.4 166.4 166.4 166.4 166.4 160.9 160.9 160.9 160.9 160.9 160.9 160.9 160.9 160.9 160.9 160.9 160.9 160.9 160.9 160.9 160.9 160.9 160.9 160.9 160.9 160.9 160.9 160.9 160.9 160.9 160.9 160.9 160.9 160.9 160.9 160.9 160.9 160.9 160.9 160.9 160.9 160.9 160.9 160.9 160.9 160.9 160.9 160.9 160.9 160.9 160.9 160.9 160.9 160.9 160.9 160.9 160.9 160.9 160.9 160.9 160.9 160.9 160.9 160.9 160.9 143.8 143.8 143.8 143.8 143.8 143.8 143.8 143.8 143.8 143.8 143.8 143.8 143.8 143.8 143.8 143.8 143.8 143.8 143.8 143.8 143.8 143.8 143.8 143.8 143.8 143.8 143.8 143.8 143.8 
166.4 166.4 166.4 166.4 166.4 166.4 166.4 166.4 166.4 166.4 166.4 160.9 160.9 160.9 160.9 160.9 160.9 160.9 160.9 160.9 160.9 160.9 160.9 160.9 160.9 160.9 160.9 160.9 160.9 160.9 160.9 160.9 160.9 160.9 160.9 160.9 160.9 160.9 160.9 160.9 160.9 160.9 160.9 160.9 160.9 160.9 160.9 160.9 160.9 160.9 160.9 160.9 160.9 160.9 160.9 160.9 160.9 160.9 160.9 160.9 160.9 160.9 160.9 160.9 160.9 160.9 160.9 160.9 160.9 160.9 160.9 143.8 143.8 143.8 143.8 143.8 143.8 143.8 143.8 143.8 143.8 143.8 143.8 143.8 143.8 143.8 143.8 143.8 143.8 143.8 143.8 143.8 143.8 143.8 143.8 143.8 143.8 143.8 143.8 143.8 
166.4 166.4 166.4 166.4 166.4 166.4 166.4 166.4 166.4 166.4 166.4 160.9 160.9 160.9 160.9 160.9 160.9 160.9 160.9 160.9 160.9 160.9 160.9 160.9 160.9 160.9 160.9 160.9 160.9 160.9 160.9 160.9 160.9 160.9 160.9 160.9 160.9 160.9 160.9 160.9 160.9 160.9 160.9 160.9 160.9 160.9 160.9 160.9 160.9 160.9 160.9 160.9 160.9 160.9 160.9 160.9 160.9 160.9 160.9 160.9 160.9 160.9 160.9 160.9 160.9 160.9 160.9 160.9 160.9 160.9 160.9 143.8 143.8 143.8 143.8 143.8 143.8 143.8 143.8 143.8 143.8 143.8 143.8 143.8 143.8 143.8 143.8 143.8 143.8 143.8 143.8 143.8 143.8 143.8 143.8 143.8 143.8 143.8 143.8 143.8 
166.4 166.4 166.4 166.4 166.4 166.4 166.4 166.4 166.4 166.4 166.4 160.9 160.9 160.9 160.9 160.9 160.9 160.9 160.9 160.9 160.9 160.9 160.9 160.9 160.9 160.9 160.9 160.9 160.9 160.9 160.9 160.9 160.9 160.9 160.9 160.9 160.9 160.9 160.9 160.9 160.9 160.9 160.9 160.9 160.9 160.9 160.9 160.9 160.9 160.9 160.9 160.9 160.9 160.9 160.9 160.9 160.9 160.9 160.9 160.9 160.9 160.9 160.9 160.9 160.9 160.9 160.9 160.9 160.9 160.9 160.9 143.8 143.8 143.8 143.8 143.8 143.8 143.8 143.8 143.8 143.8 143.8 143.8 143.8 143.8 143.8 143.8 143.8 143.8 143.8 143.8 143.8 143.8 143.8 143.8 143.8 143.8 143.8 143.8 143.8 
166.4 166.4 166.4 166.4 166.4 166.4 166.4 166.4 166.4 166.4 166.4 160.9 160.9 160.9 160.9 160.9 160.9 160.9 160.9 160.9 160.9 160.9 160.9 160.9 160.9 160.9 160.9 160.9 160.9 160.9 160.9 160.9 160.9 160.9 160.9 160.9 160.9 160.9 160.9 160.9 160.9 160.9 160.9 160.9 160.9 160.9 160.9 160.9 160.9 160.9 160.9 160.9 160.9 160.9 160.9 160.9 160.9 160.9 160.9 160.9 160.9 160.9 160.9 160.9 160.9 160.9 160.9 160.9 160.9 160.9 160.9 143.8 143.8 143.8 143.8 143.8 143.8 143.8 143.8 143.8 143.8 143.8 143.8 143.8 143.8 143.8 143.8 143.8 143.8 143.8 143.8 143.8 143.8 143.8 143.8 143.8 143.8 143.8 143.8 143.8 
166.4 166.4 166.4 166.4 166.4 166.4 166.4 166.4 166.4 166.4 166.4 160.9 160.9 160.9 160.9 160.9 160.9 160.9 160.9 160.9 160.9 160.9 160.9 160.9 160.9 160.9 160.9 160.9 160.9 160.9 160.9 160.9 160.9 160.9 160.9 160.9 160.9 160.9 160.9 160.9 160.9 160.9 160.9 160.9 160.9 160.9 160.9 160.9 160.9 160.9 160.9 160.9 160.9 160.9 160.9 160.9 160.9 160.9 160.9 160.9 160.9 160.9 160.9 160.9 160.9 160.9 160.9 160.9 160.9 160.9 160.9 143.8 143.8 143.8 143.8 143.8 143.8 143.8 143.8 143.8 143.8 143.8 143.8 143.8 143.8 143.8 143.8 143.8 143.8 143.8 143.8 143.8 143.8 143.8 143.8 143.8 143.8 143.8 143.8 143.8 
166.4 166.4 166.4 166.4 166.4 166.4 166.4 166.4 166.4 166.4 166.4 160.9 160.9 160.9 160.9 160.9 160.9 160.9 160.9 160.9 160.9 160.9 160.9 160.9 160.9 160.9 160.9 160.9 160.9 160.9 160.9 160.9 160.9 160.9 160.9 160.9 160.9 160.9 160.9 160.9 160.9 160.9 160.9 160.9 160.9 160.9 160.9 160.9 160.9 160.9 160.9 160.9 160.9 160.9 160.9 160.9 160.9 160.9 160.9 160.9 160.9 160.9 160.9 160.9 160.9 160.9 160.9 160.9 160.9 160.9 160.9 143.8 143.8 143.8 143.8 143.8 143.8 143.8 143.8 143.8 143.8 143.8 143.8 143.8 143.8 143.8 143.8 143.8 143.8 143.8 143.8 143.8 143.8 143.8 143.8 143.8 143.8 143.8 143.8 143.8 
166.4 166.4 166.4 166.4 166.4 166.4 166.4 166.4 166.4 166.4 166.4 160.9 160.9 160.9 160.9 160.9 160.9 160.9 160.9 160.9 160.9 160.9 160.9 160.9 160.9 160.9 160.9 160.9 160.9 160.9 160.9 160.9 160.9 160.9 160.9 160.9 160.9 160.9 160.9 160.9 160.9 160.9 160.9 160.9 160.9 160.9 160.9 160.9 160.9 160.9 160.9 160.9 160.9 160.9 160.9 160.9 160.9 160.9 160.9 160.9 160.9 160.9 160.9 160.9 160.9 160.9 160.9 160.9 160.9 160.9 160.9 143.8 143.8 143.8 143.8 143.8 143.8 143.8 143.8 143.8 143.8 143.8 143.8 143.8 143.8 143.8 143.8 143.8 143.8 143.8 143.8 143.8 143.8 143.8 143.8 143.8 143.8 143.8 143.8 143.8 
166.4 166.4 166.4 166.4 166.4 166.4 166.4 166.4 166.4 166.4 166.4 160.9 160.9 160.9 160.9 160.9 160.9 160.9 160.9 160.9 160.9 160.9 160.9 160.9 160.9 160.9 160.9 160.9 160.9 160.9 160.9 160.9 160.9 160.9 160.9 160.9 160.9 160.9 160.9 160.9 160.9 160.9 160.9 160.9 160.9 160.9 160.9 160.9 160.9 160.9 160.9 160.9 160.9 160.9 160.9 160.9 160.9 160.9 160.9 160.9 160.9 160.9 160.9 160.9 160.9 160.9 160.9 160.9 160.9 160.9 160.9 143.8 143.8 143.8 143.8 143.8 143.8 143.8 143.8 143.8 143.8 143.8 143.8 143.8 143.8 143.8 143.8 143.8 143.8 143.8 143.8 143.8 143.8 143.8 143.8 143.8 143.8 143.8 143.8 143.8 
166.4 166.4 166.4 166.4 166.4 166.4 166.4 166.4 166.4 166.4 166.4 160.9 160.9 160.9 160.9 160.9 160.9 160.9 160.9 160.9 160.9 160.9 160.9 160.9 160.9 160.9 160.9 160.9 160.9 160.9 160.9 160.9 160.9 160.9 160.9 160.9 160.9 160.9 160.9 160.9 160.9 160.9 160.9 160.9 160.9 160.9 160.9 160.9 160.9 160.9 160.9 160.9 160.9 160.9 160.9 160.9 160.9 160.9 160.9 160.9 160.9 160.9 160.9 160.9 160.9 160.9 160.9 160.9 160.9 160.9 160.9 143.8 143.8 143.8 143.8 143.8 143.8 143.8 143.8 143.8 143.8 143.8 143.8 143.8 143.8 143.8 143.8 143.8 143.8 143.8 143.8 143.8 143.8 143.8 143.8 143.8 143.8 143.8 143.8 143.8 
166.4 166.4 166.4 166.4 166.4 166.4 166.4 166.4 166.4 166.4 166.4 160.9 160.9 160.9 160.9 160.9 160.9 160.9 160.9 160.9 160.9 160.9 160.9 160.9 160.9 160.9 160.9 160.9 160.9 160.9 160.9 160.9 160.9 160.9 160.9 160.9 160.9 160.9 160.9 160.9 160.9 160.9 160.9 160.9 160.9 160.9 160.9 160.9 160.9 160.9 160.9 160.9 160.9 160.9 160.9 160.9 160.9 160.9 160.9 160.9 160.9 160.9 160.9 160.9 160.9 160.9 160.9 160.9 160.9 160.9 160.9 143.8 143.8 143.8 143.8 143.8 143.8 143.8 143.8 143.8 143.8 143.8 143.8 143.8 143.8 143.8 143.8 143.8 143.8 143.8 143.8 143.8 143.8 143.8 143.8 143.8 143.8 143.8 143.8 143.8 
166.4 166.4 166.4 166.4 166.4 166.4 166.4 166.4 166.4 166.4 166.4 160.9 160.9 160.9 160.9 160.9 160.9 160.9 160.9 160.9 160.9 160.9 160.9 160.9 160.9 160.9 160.9 160.9 160.9 160.9 160.9 160.9 160.9 160.9 160.9 160.9 160.9 160.9 160.9 160.9 160.9 160.9 160.9 160.9 160.9 160.9 160.9 160.9 160.9 160.9 160.9 160.9 160.9 160.9 160.9 160.9 160.9 160.9 160.9 160.9 160.9 160.9 160.9 160.9 160.9 160.9 160.9 160.9 160.9 160.9 160.9 143.8 143.8 143.8 143.8 143.8 143.8 143.8 143.8 143.8 143.8 143.8 143.8 143.8 143.8 143.8 143.8 143.8 143.8 143.8 143.8 143.8 143.8 143.8 143.8 143.8 143.8 143.8 143.8 143.8 
166.4 166.4 166.4 166.4 166.4 166.4 166.4 166.4 166.4 166.4 166.4 160.9 160.9 160.9 160.9 160.9 160.9 160.9 160.9 160.9 160.9 160.9 160.9 160.9 160.9 160.9 160.9 160.9 160.9 160.9 160.9 160.9 160.9 160.9 160.9 160.9 160.9 160.9 160.9 160.9 160.9 160.9 160.9 160.9 160.9 160.9 160.9 160.9 160.9 160.9 160.9 160.9 160.9 160.9 160.9 160.9 160.9 160.9 160.9 160.9 160.9 160.9 160.9 160.9 160.9 160.9 160.9 160.9 160.9 160.9 160.9 143.8 143.8 143.8 143.8 143.8 143.8 143.8 143.8 143.8 143.8 143.8 143.8 143.8 143.8 143.8 143.8 143.8 143.8 143.8 143.8 143.8 143.8 143.8 143.8 143.8 143.8 143.8 143.8 143.8 
166.4 166.4 166.4 166.4 166.4 166.4 166.4 166.4 166.4 166.4 166.4 160.9 160.9 160.9 160.9 160.9 160.9 160.9 160.9 160.9 160.9 160.9 160.9 160.9 160.9 160.9 160.9 160.9 160.9 160.9 160.9 160.9 160.9 160.9 160.9 160.9 160.9 160.9 160.9 160.9 160.9 160.9 160.9 160.9 160.9 160.9 160.9 160.9 160.9 160.9 160.9 160.9 160.9 160.9 160.9 160.9 160.9 160.9 160.9 160.9 160.9 160.9 160.9 160.9 160.9 160.9 160.9 160.9 160.9 160.9 160.9 143.8 143.8 143.8 143.8 143.8 143.8 143.8 143.8 143.8 143.8 143.8 143.8 143.8 143.8 143.8 143.8 143.8 143.8 143.8 143.8 143.8 143.8 143.8 143.8 143.8 143.8 143.8 143.8 143.8 
166.4 166.4 166.4 166.4 166.4 166.4 166.4 166.4 166.4 166.4 166.4 160.9 160.9 160.9 160.9 160.9 160.9 160.9 160.9 160.9 160.9 160.9 160.9 160.9 160.9 160.9 160.9 160.9 160.9 160.9 160.9 160.9 160.9 160.9 160.9 160.9 160.9 160.9 160.9 160.9 160.9 160.9 160.9 160.9 160.9 160.9 160.9 160.9 160.9 160.9 160.9 160.9 160.9 160.9 160.9 160.9 160.9 160.9 160.9 160.9 160.9 160.9 160.9 160.9 160.9 160.9 160.9 160.9 160.9 160.9 160.9 143.8 143.8 143.8 143.8 143.8 143.8 143.8 143.8 143.8 143.8 143.8 143.8 143.8 143.8 143.8 143.8 143.8 143.8 143.8 143.8 143.8 143.8 143.8 143.8 143.8 143.8 143.8 143.8 143.8 
166.4 166.4 166.4 166.4 166.4 166.4 166.4 166.4 166.4 166.4 166.4 160.9 160.9 160.9 160.9 160.9 160.9 160.9 160.9 160.9 160.9 160.9 160.9 160.9 160.9 160.9 160.9 160.9 160.9 160.9 160.9 160.9 160.9 160.9 160.9 160.9 160.9 160.9 160.9 160.9 160.9 160.9 160.9 160.9 160.9 160.9 160.9 160.9 160.9 160.9 160.9 160.9 160.9 160.9 160.9 160.9 160.9 160.9 160.9 160.9 160.9 160.9 160.9 160.9 160.9 160.9 160.9 160.9 160.9 160.9 160.9 143.8 143.8 143.8 143.8 143.8 143.8 143.8 143.8 143.8 143.8 143.8 143.8 143.8 143.8 143.8 143.8 143.8 143.8 143.8 143.8 143.8 143.8 143.8 143.8 143.8 143.8 143.8 143.8 143.8 
166.4 166.4 166.4 166.4 166.4 166.4 166.4 166.4 166.4 166.4 166.4 160.9 160.9 160.9 160.9 160.9 160.9 160.9 160.9 160.9 160.9 160.9 160.9 160.9 160.9 160.9 160.9 160.9 160.9 160.9 160.9 160.9 160.9 160.9 160.9 160.9 160.9 160.9 160.9 160.9 160.9 160.9 160.9 160.9 160.9 160.9 160.9 160.9 160.9 160.9 160.9 160.9 160.9 160.9 160.9 160.9 160.9 160.9 160.9 160.9 160.9 160.9 160.9 160.9 160.9 160.9 160.9 160.9 160.9 160.9 160.9 143.8 143.8 143.8 143.8 143.8 143.8 143.8 143.8 143.8 143.8 143.8 143.8 143.8 143.8 143.8 143.8 143.8 143.8 143.8 143.8 143.8 143.8 143.8 143.8 143.8 143.8 143.8 143.8 143.8 
166.4 166.4 166.4 166.4 166.4 166.4 166.4 166.4 166.4 166.4 166.4 160.9 160.9 160.9 160.9 160.9 160.9 160.9 160.9 160.9 160.9 160.9 160.9 160.9 160.9 160.9 160.9 160.9 160.9 160.9 160.9 160.9 160.9 160.9 160.9 160.9 160.9 160.9 160.9 160.9 160.9 160.9 160.9 160.9 160.9 160.9 160.9 160.9 160.9 160.9 160.9 160.9 160.9 160.9 160.9 160.9 160.9 160.9 160.9 160.9 160.9 160.9 160.9 160.9 160.9 160.9 160.9 160.9 160.9 160.9 160.9 143.8 143.8 143.8 143.8 143.8 143.8 143.8 143.8 143.8 143.8 143.8 143.8 143.8 143.8 143.8 143.8 143.8 143.8 143.8 143.8 143.8 143.8 143.8 143.8 143.8 143.8 143.8 143.8 143.8 
166.4 166.4 166.4 166.4 166.4 166.4 166.4 166.4 166.4 166.4 166.4 160.9 160.9 160.9 160.9 160.9 160.9 160.9 160.9 160.9 160.9 160.9 160.9 160.9 160.9 160.9 160.9 160.9 160.9 160.9 160.9 160.9 160.9 160.9 160.9 160.9 160.9 160.9 160.9 160.9 160.9 160.9 160.9 160.9 160.9 160.9 160.9 160.9 160.9 160.9 160.9 160.9 160.9 160.9 160.9 160.9 160.9 160.9 160.9 160.9 160.9 160.9 160.9 160.9 160.9 160.9 160.9 160.9 160.9 160.9 160.9 143.8 143.8 143.8 143.8 143.8 143.8 143.8 143.8 143.8 143.8 143.8 143.8 143.8 143.8 143.8 143.8 143.8 143.8 143.8 143.8 143.8 143.8 143.8 143.8 143.8 143.8 143.8 143.8 143.8 
166.4 166.4 166.4 166.4 166.4 166.4 166.4 166.4 166.4 166.4 166.4 160.9 160.9 160.9 160.9 160.9 160.9 160.9 160.9 160.9 160.9 160.9 160.9 160.9 160.9 160.9 160.9 160.9 160.9 160.9 160.9 160.9 160.9 160.9 160.9 160.9 160.9 160.9 160.9 160.9 160.9 160.9 160.9 160.9 160.9 160.9 160.9 160.9 160.9 160.9 160.9 160.9 160.9 160.9 160.9 160.9 160.9 160.9 160.9 160.9 160.9 160.9 160.9 160.9 160.9 160.9 160.9 160.9 160.9 160.9 160.9 143.8 143.8 143.8 143.8 143.8 143.8 143.8 143.8 143.8 143.8 143.8 143.8 143.8 143.8 143.8 143.8 143.8 143.8 143.8 143.8 143.8 143.8 143.8 143.8 143.8 143.8 143.8 143.8 143.8 
