ncols         100
nrows         100
xllcorner     -59982.863281
yllcorner     1851083.022172
cellsize      1000
NODATA_value  -9999
117.3 117.3 117.3 117.3 117.3 117.3 117.3 117.3 117.3 117.3 117.3 120.7 120.7 120.7 120.7 120.7 120.7 120.7 120.7 120.7 120.7 120.7 120.7 120.7 120.7 120.7 120.7 120.7 120.7 120.7 120.7 120.7 120.7 120.7 120.7 120.7 120.7 120.7 120.7 120.7 120.7 120.7 120.7 120.7 120.7 120.7 120.7 120.7 120.7 120.7 120.7 120.7 120.7 120.7 120.7 120.7 120.7 120.7 120.7 120.7 120.7 120.7 120.7 120.7 120.7 120.7 120.7 120.7 120.7 120.7 120.7 114.4 114.4 114.4 114.4 114.4 114.4 114.4 114.4 114.4 114.4 114.4 114.4 114.4 114.4 114.4 114.4 114.4 114.4 114.4 114.4 114.4 114.4 114.4 114.4 114.4 114.4 114.4 114.4 114.4 
117.3 117.3 117.3 117.3 117.3 117.3 117.3 117.3 117.3 117.3 117.3 120.7 120.7 120.7 120.7 120.7 120.7 120.7 120.7 120.7 120.7 120.7 120.7 120.7 120.7 120.7 120.7 120.7 120.7 120.7 120.7 120.7 120.7 120.7 120.7 120.7 120.7 120.7 120.7 120.7 120.7 120.7 120.7 120.7 120.7 120.7 120.7 120.7 120.7 120.7 120.7 120.7 120.7 120.7 120.7 120.7 120.7 120.7 120.7 120.7 120.7 120.7 120.7 120.7 120.7 120.7 120.7 120.7 120.7 120.7 120.7 114.4 114.4 114.4 114.4 114.4 114.4 114.4 114.4 114.4 114.4 114.4 114.4 114.4 114.4 114.4 114.4 114.4 114.4 114.4 114.4 114.4 114.4 114.4 114.4 114.4 114.4 114.4 114.4 114.4 
117.3 117.3 117.3 117.3 117.3 117.3 117.3 117.3 117.3 117.3 117.3 120.7 120.7 120.7 120.7 120.7 120.7 120.7 120.7 120.7 120.7 120.7 120.7 120.7 120.7 120.7 120.7 120.7 120.7 120.7 120.7 120.7 120.7 120.7 120.7 120.7 120.7 120.7 120.7 120.7 120.7 120.7 120.7 120.7 120.7 120.7 120.7 120.7 120.7 120.7 120.7 120.7 120.7 120.7 120.7 120.7 120.7 120.7 120.7 120.7 120.7 120.7 120.7 120.7 120.7 120.7 120.7 120.7 120.7 120.7 120.7 114.4 114.4 114.4 114.4 114.4 114.4 114.4 114.4 114.4 114.4 114.4 114.4 114.4 114.4 114.4 114.4 114.4 114.4 114.4 114.4 114.4 114.4 114.4 114.4 114.4 114.4 114.4 114.4 114.4 
117.3 117.3 117.3 117.3 117.3 117.3 117.3 117.3 117.3 117.3 117.3 120.7 120.7 120.7 120.7 120.7 120.7 120.7 120.7 120.7 120.7 120.7 120.7 120.7 120.7 120.7 120.7 120.7 120.7 120.7 120.7 120.7 120.7 120.7 120.7 120.7 120.7 120.7 120.7 120.7 120.7 120.7 120.7 120.7 120.7 120.7 120.7 120.7 120.7 120.7 120.7 120.7 120.7 120.7 120.7 120.7 120.7 120.7 120.7 120.7 120.7 120.7 120.7 120.7 120.7 120.7 120.7 120.7 120.7 120.7 120.7 114.4 114.4 114.4 114.4 114.4 114.4 114.4 114.4 114.4 114.4 114.4 114.4 114.4 114.4 114.4 114.4 114.4 114.4 114.4 114.4 114.4 114.4 114.4 114.4 114.4 114.4 114.4 114.4 114.4 
117.3 117.3 117.3 117.3 117.3 117.3 117.3 117.3 117.3 117.3 117.3 120.7 120.7 120.7 120.7 120.7 120.7 120.7 120.7 120.7 120.7 120.7 120.7 120.7 120.7 120.7 120.7 120.7 120.7 120.7 120.7 120.7 120.7 120.7 120.7 120.7 120.7 120.7 120.7 120.7 120.7 120.7 120.7 120.7 120.7 120.7 120.7 120.7 120.7 120.7 120.7 120.7 120.7 120.7 120.7 120.7 120.7 120.7 120.7 120.7 120.7 120.7 120.7 120.7 120.7 120.7 120.7 120.7 120.7 120.7 120.7 114.4 114.4 114.4 114.4 114.4 114.4 114.4 114.4 114.4 114.4 114.4 114.4 114.4 114.4 114.4 114.4 114.4 114.4 114.4 114.4 114.4 114.4 114.4 114.4 114.4 114.4 114.4 114.4 114.4 
117.3 117.3 117.3 117.3 117.3 117.3 117.3 117.3 117.3 117.3 117.3 120.7 120.7 120.7 120.7 120.7 120.7 120.7 120.7 120.7 120.7 120.7 120.7 120.7 120.7 120.7 120.7 120.7 120.7 120.7 120.7 120.7 120.7 120.7 120.7 120.7 120.7 120.7 120.7 120.7 120.7 120.7 120.7 120.7 120.7 120.7 120.7 120.7 120.7 120.7 120.7 120.7 120.7 120.7 120.7 120.7 120.7 120.7 120.7 120.7 120.7 120.7 120.7 120.7 120.7 120.7 120.7 120.7 120.7 120.7 120.7 114.4 114.4 114.4 114.4 114.4 114.4 114.4 114.4 114.4 114.4 114.4 114.4 114.4 114.4 114.4 114.4 114.4 114.4 114.4 114.4 114.4 114.4 114.4 114.4 114.4 114.4 114.4 114.4 114.4 
117.3 117.3 117.3 117.3 117.3 117.3 117.3 117.3 117.3 117.3 117.3 120.7 120.7 120.7 120.7 120.7 120.7 120.7 120.7 120.7 120.7 120.7 120.7 120.7 120.7 120.7 120.7 120.7 120.7 120.7 120.7 120.7 120.7 120.7 120.7 120.7 120.7 120.7 120.7 120.7 120.7 120.7 120.7 120.7 120.7 120.7 120.7 120.7 120.7 120.7 120.7 120.7 120.7 120.7 120.7 120.7 120.7 120.7 120.7 120.7 120.7 120.7 120.7 120.7 120.7 120.7 120.7 120.7 120.7 120.7 120.7 114.4 114.4 114.4 114.4 114.4 114.4 114.4 114.4 114.4 114.4 114.4 114.4 114.4 114.4 114.4 114.4 114.4 114.4 114.4 114.4 114.4 114.4 114.4 114.4 114.4 114.4 114.4 114.4 114.4 
117.3 117.3 117.3 117.3 117.3 117.3 117.3 117.3 117.3 117.3 117.3 120.7 120.7 120.7 120.7 120.7 120.7 120.7 120.7 120.7 120.7 120.7 120.7 120.7 120.7 120.7 120.7 120.7 120.7 120.7 120.7 120.7 120.7 120.7 120.7 120.7 120.7 120.7 120.7 120.7 120.7 120.7 120.7 120.7 120.7 120.7 120.7 120.7 120.7 120.7 120.7 120.7 120.7 120.7 120.7 120.7 120.7 120.7 120.7 120.7 120.7 120.7 120.7 120.7 120.7 120.7 120.7 120.7 120.7 120.7 120.7 114.4 114.4 114.4 114.4 114.4 114.4 114.4 114.4 114.4 114.4 114.4 114.4 114.4 114.4 114.4 114.4 114.4 114.4 114.4 114.4 114.4 114.4 114.4 114.4 114.4 114.4 114.4 114.4 114.4 
117.3 117.3 117.3 117.3 117.3 117.3 117.3 117.3 117.3 117.3 117.3 120.7 120.7 120.7 120.7 120.7 120.7 120.7 120.7 120.7 120.7 120.7 120.7 120.7 120.7 120.7 120.7 120.7 120.7 120.7 120.7 120.7 120.7 120.7 120.7 120.7 120.7 120.7 120.7 120.7 120.7 120.7 120.7 120.7 120.7 120.7 120.7 120.7 120.7 120.7 120.7 120.7 120.7 120.7 120.7 120.7 120.7 120.7 120.7 120.7 120.7 120.7 120.7 120.7 120.7 120.7 120.7 120.7 120.7 120.7 120.7 114.4 114.4 114.4 114.4 114.4 114.4 114.4 114.4 114.4 114.4 114.4 114.4 114.4 114.4 114.4 114.4 114.4 114.4 114.4 114.4 114.4 114.4 114.4 114.4 114.4 114.4 114.4 114.4 114.4 
127.1 127.1 127.1 127.1 127.1 127.1 127.1 127.1 127.1 127.1 127.1 133.3 133.3 133.3 133.3 133.3 133.3 133.3 133.3 133.3 133.3 133.3 133.3 133.3 133.3 133.3 133.3 133.3 133.3 133.3 133.3 133.3 133.3 133.3 133.3 133.3 133.3 133.3 133.3 133.3 133.3 133.3 133.3 133.3 133.3 133.3 133.3 133.3 133.3 133.3 133.3 133.3 133.3 133.3 133.3 133.3 133.3 133.3 133.3 133.3 133.3 133.3 133.3 133.3 133.3 133.3 133.3 133.3 133.3 133.3 133.3 127.7 127.7 127.7 127.7 127.7 127.7 127.7 127.7 127.7 127.7 127.7 127.7 127.7 127.7 127.7 127.7 127.7 127.7 127.7 127.7 127.7 127.7 127.7 127.7 127.7 127.7 127.7 127.7 127.7 
127.1 127.1 127.1 127.1 127.1 127.1 127.1 127.1 127.1 127.1 127.1 133.3 133.3 133.3 133.3 133.3 133.3 133.3 133.3 133.3 133.3 133.3 133.3 133.3 133.3 133.3 133.3 133.3 133.3 133.3 133.3 133.3 133.3 133.3 133.3 133.3 133.3 133.3 133.3 133.3 133.3 133.3 133.3 133.3 133.3 133.3 133.3 133.3 133.3 133.3 133.3 133.3 133.3 133.3 133.3 133.3 133.3 133.3 133.3 133.3 133.3 133.3 133.3 133.3 133.3 133.3 133.3 133.3 133.3 133.3 133.3 127.7 127.7 127.7 127.7 127.7 127.7 127.7 127.7 127.7 127.7 127.7 127.7 127.7 127.7 127.7 127.7 127.7 127.7 127.7 127.7 127.7 127.7 127.7 127.7 127.7 127.7 127.7 127.7 127.7 
127.1 127.1 127.1 127.1 127.1 127.1 127.1 127.1 127.1 127.1 127.1 133.3 133.3 133.3 133.3 133.3 133.3 133.3 133.3 133.3 133.3 133.3 133.3 133.3 133.3 133.3 133.3 133.3 133.3 133.3 133.3 133.3 133.3 133.3 133.3 133.3 133.3 133.3 133.3 133.3 133.3 133.3 133.3 133.3 133.3 133.3 133.3 133.3 133.3 133.3 133.3 133.3 133.3 133.3 133.3 133.3 133.3 133.3 133.3 133.3 133.3 133.3 133.3 133.3 133.3 133.3 133.3 133.3 133.3 133.3 133.3 127.7 127.7 127.7 127.7 127.7 127.7 127.7 127.7 127.7 127.7 127.7 127.7 127.7 127.7 127.7 127.7 127.7 127.7 127.7 127.7 127.7 127.7 127.7 127.7 127.7 127.7 127.7 127.7 127.7 
127.1 127.1 127.1 127.1 127.1 127.1 127.1 127.1 127.1 127.1 127.1 133.3 133.3 133.3 133.3 133.3 133.3 133.3 133.3 133.3 133.3 133.3 133.3 133.3 133.3 133.3 133.3 133.3 133.3 133.3 133.3 133.3 133.3 133.3 133.3 133.3 133.3 133.3 133.3 133.3 133.3 133.3 133.3 133.3 133.3 133.3 133.3 133.3 133.3 133.3 133.3 133.3 133.3 133.3 133.3 133.3 133.3 133.3 133.3 133.3 133.3 133.3 133.3 133.3 133.3 133.3 133.3 133.3 133.3 133.3 133.3 127.7 127.7 127.7 127.7 127.7 127.7 127.7 127.7 127.7 127.7 127.7 127.7 127.7 127.7 127.7 127.7 127.7 127.7 127.7 127.7 127.7 127.7 127.7 127.7 127.7 127.7 127.7 127.7 127.7 
127.1 127.1 127.1 127.1 127.1 127.1 127.1 127.1 127.1 127.1 127.1 133.3 133.3 133.3 133.3 133.3 133.3 133.3 133.3 133.3 133.3 133.3 133.3 133.3 133.3 133.3 133.3 133.3 133.3 133.3 133.3 133.3 133.3 133.3 133.3 133.3 133.3 133.3 133.3 133.3 133.3 133.3 133.3 133.3 133.3 133.3 133.3 133.3 133.3 133.3 133.3 133.3 133.3 133.3 133.3 133.3 133.3 133.3 133.3 133.3 133.3 133.3 133.3 133.3 133.3 133.3 133.3 133.3 133.3 133.3 133.3 127.7 127.7 127.7 127.7 127.7 127.7 127.7 127.7 127.7 127.7 127.7 127.7 127.7 127.7 127.7 127.7 127.7 127.7 127.7 127.7 127.7 127.7 127.7 127.7 127.7 127.7 127.7 127.7 127.7 
127.1 127.1 127.1 127.1 127.1 127.1 127.1 127.1 127.1 127.1 127.1 133.3 133.3 133.3 133.3 133.3 133.3 133.3 133.3 133.3 133.3 133.3 133.3 133.3 133.3 133.3 133.3 133.3 133.3 133.3 133.3 133.3 133.3 133.3 133.3 133.3 133.3 133.3 133.3 133.3 133.3 133.3 133.3 133.3 133.3 133.3 133.3 133.3 133.3 133.3 133.3 133.3 133.3 133.3 133.3 133.3 133.3 133.3 133.3 133.3 133.3 133.3 133.3 133.3 133.3 133.3 133.3 133.3 133.3 133.3 133.3 127.7 127.7 127.7 127.7 127.7 127.7 127.7 127.7 127.7 127.7 127.7 127.7 127.7 127.7 127.7 127.7 127.7 127.7 127.7 127.7 127.7 127.7 127.7 127.7 127.7 127.7 127.7 127.7 127.7 
127.1 127.1 127.1 127.1 127.1 127.1 127.1 127.1 127.1 127.1 127.1 133.3 133.3 133.3 133.3 133.3 133.3 133.3 133.3 133.3 133.3 133.3 133.3 133.3 133.3 133.3 133.3 133.3 133.3 133.3 133.3 133.3 133.3 133.3 133.3 133.3 133.3 133.3 133.3 133.3 133.3 133.3 133.3 133.3 133.3 133.3 133.3 133.3 133.3 133.3 133.3 133.3 133.3 133.3 133.3 133.3 133.3 133.3 133.3 133.3 133.3 133.3 133.3 133.3 133.3 133.3 133.3 133.3 133.3 133.3 133.3 127.7 127.7 127.7 127.7 127.7 127.7 127.7 127.7 127.7 127.7 127.7 127.7 127.7 127.7 127.7 127.7 127.7 127.7 127.7 127.7 127.7 127.7 127.7 127.7 127.7 127.7 127.7 127.7 127.7 
127.1 127.1 127.1 127.1 127.1 127.1 127.1 127.1 127.1 127.1 127.1 133.3 133.3 133.3 133.3 133.3 133.3 133.3 133.3 133.3 133.3 133.3 133.3 133.3 133.3 133.3 133.3 133.3 133.3 133.3 133.3 133.3 133.3 133.3 133.3 133.3 133.3 133.3 133.3 133.3 133.3 133.3 133.3 133.3 133.3 133.3 133.3 133.3 133.3 133.3 133.3 133.3 133.3 133.3 133.3 133.3 133.3 133.3 133.3 133.3 133.3 133.3 133.3 133.3 133.3 133.3 133.3 133.3 133.3 133.3 133.3 127.7 127.7 127.7 127.7 127.7 127.7 127.7 127.7 127.7 127.7 127.7 127.7 127.7 127.7 127.7 127.7 127.7 127.7 127.7 127.7 127.7 127.7 127.7 127.7 127.7 127.7 127.7 127.7 127.7 
127.1 127.1 127.1 127.1 127.1 127.1 127.1 127.1 127.1 127.1 127.1 133.3 133.3 133.3 133.3 133.3 133.3 133.3 133.3 133.3 133.3 133.3 133.3 133.3 133.3 133.3 133.3 133.3 133.3 133.3 133.3 133.3 133.3 133.3 133.3 133.3 133.3 133.3 133.3 133.3 133.3 133.3 133.3 133.3 133.3 133.3 133.3 133.3 133.3 133.3 133.3 133.3 133.3 133.3 133.3 133.3 133.3 133.3 133.3 133.3 133.3 133.3 133.3 133.3 133.3 133.3 133.3 133.3 133.3 133.3 133.3 127.7 127.7 127.7 127.7 127.7 127.7 127.7 127.7 127.7 127.7 127.7 127.7 127.7 127.7 127.7 127.7 127.7 127.7 127.7 127.7 127.7 127.7 127.7 127.7 127.7 127.7 127.7 127.7 127.7 
127.1 127.1 127.1 127.1 127.1 127.1 127.1 127.1 127.1 127.1 127.1 133.3 133.3 133.3 133.3 133.3 133.3 133.3 133.3 133.3 133.3 133.3 133.3 133.3 133.3 133.3 133.3 133.3 133.3 133.3 133.3 133.3 133.3 133.3 133.3 133.3 133.3 133.3 133.3 133.3 133.3 133.3 133.3 133.3 133.3 133.3 133.3 133.3 133.3 133.3 133.3 133.3 133.3 133.3 133.3 133.3 133.3 133.3 133.3 133.3 133.3 133.3 133.3 133.3 133.3 133.3 133.3 133.3 133.3 133.3 133.3 127.7 127.7 127.7 127.7 127.7 127.7 127.7 127.7 127.7 127.7 127.7 127.7 127.7 127.7 127.7 127.7 127.7 127.7 127.7 127.7 127.7 127.7 127.7 127.7 127.7 127.7 127.7 127.7 127.7 
127.1 127.1 127.1 127.1 127.1 127.1 127.1 127.1 127.1 127.1 127.1 133.3 133.3 133.3 133.3 133.3 133.3 133.3 133.3 133.3 133.3 133.3 133.3 133.3 133.3 133.3 133.3 133.3 133.3 133.3 133.3 133.3 133.3 133.3 133.3 133.3 133.3 133.3 133.3 133.3 133.3 133.3 133.3 133.3 133.3 133.3 133.3 133.3 133.3 133.3 133.3 133.3 133.3 133.3 133.3 133.3 133.3 133.3 133.3 133.3 133.3 133.3 133.3 133.3 133.3 133.3 133.3 133.3 133.3 133.3 133.3 127.7 127.7 127.7 127.7 127.7 127.7 127.7 127.7 127.7 127.7 127.7 127.7 127.7 127.7 127.7 127.7 127.7 127.7 127.7 127.7 127.7 127.7 127.7 127.7 127.7 127.7 127.7 127.7 127.7 
127.1 127.1 127.1 127.1 127.1 127.1 127.1 127.1 127.1 127.1 127.1 133.3 133.3 133.3 133.3 133.3 133.3 133.3 133.3 133.3 133.3 133.3 133.3 133.3 133.3 133.3 133.3 133.3 133.3 133.3 133.3 133.3 133.3 133.3 133.3 133.3 133.3 133.3 133.3 133.3 133.3 133.3 133.3 133.3 133.3 133.3 133.3 133.3 133.3 133.3 133.3 133.3 133.3 133.3 133.3 133.3 133.3 133.3 133.3 133.3 133.3 133.3 133.3 133.3 133.3 133.3 133.3 133.3 133.3 133.3 133.3 127.7 127.7 127.7 127.7 127.7 127.7 127.7 127.7 127.7 127.7 127.7 127.7 127.7 127.7 127.7 127.7 127.7 127.7 127.7 127.7 127.7 127.7 127.7 127.7 127.7 127.7 127.7 127.7 127.7 
127.1 127.1 127.1 127.1 127.1 127.1 127.1 127.1 127.1 127.1 127.1 133.3 133.3 133.3 133.3 133.3 133.3 133.3 133.3 133.3 133.3 133.3 133.3 133.3 133.3 133.3 133.3 133.3 133.3 133.3 133.3 133.3 133.3 133.3 133.3 133.3 133.3 133.3 133.3 133.3 133.3 133.3 133.3 133.3 133.3 133.3 133.3 133.3 133.3 133.3 133.3 133.3 133.3 133.3 133.3 133.3 133.3 133.3 133.3 133.3 133.3 133.3 133.3 133.3 133.3 133.3 133.3 133.3 133.3 133.3 133.3 127.7 127.7 127.7 127.7 127.7 127.7 127.7 127.7 127.7 127.7 127.7 127.7 127.7 127.7 127.7 127.7 127.7 127.7 127.7 127.7 127.7 127.7 127.7 127.7 127.7 127.7 127.7 127.7 127.7 
127.1 127.1 127.1 127.1 127.1 127.1 127.1 127.1 127.1 127.1 127.1 133.3 133.3 133.3 133.3 133.3 133.3 133.3 133.3 133.3 133.3 133.3 133.3 133.3 133.3 133.3 133.3 133.3 133.3 133.3 133.3 133.3 133.3 133.3 133.3 133.3 133.3 133.3 133.3 133.3 133.3 133.3 133.3 133.3 133.3 133.3 133.3 133.3 133.3 133.3 133.3 133.3 133.3 133.3 133.3 133.3 133.3 133.3 133.3 133.3 133.3 133.3 133.3 133.3 133.3 133.3 133.3 133.3 133.3 133.3 133.3 127.7 127.7 127.7 127.7 127.7 127.7 127.7 127.7 127.7 127.7 127.7 127.7 127.7 127.7 127.7 127.7 127.7 127.7 127.7 127.7 127.7 127.7 127.7 127.7 127.7 127.7 127.7 127.7 127.7 
127.1 127.1 127.1 127.1 127.1 127.1 127.1 127.1 127.1 127.1 127.1 133.3 133.3 133.3 133.3 133.3 133.3 133.3 133.3 133.3 133.3 133.3 133.3 133.3 133.3 133.3 133.3 133.3 133.3 133.3 133.3 133.3 133.3 133.3 133.3 133.3 133.3 133.3 133.3 133.3 133.3 133.3 133.3 133.3 133.3 133.3 133.3 133.3 133.3 133.3 133.3 133.3 133.3 133.3 133.3 133.3 133.3 133.3 133.3 133.3 133.3 133.3 133.3 133.3 133.3 133.3 133.3 133.3 133.3 133.3 133.3 127.7 127.7 127.7 127.7 127.7 127.7 127.7 127.7 127.7 127.7 127.7 127.7 127.7 127.7 127.7 127.7 127.7 127.7 127.7 127.7 127.7 127.7 127.7 127.7 127.7 127.7 127.7 127.7 127.7 
127.1 127.1 127.1 127.1 127.1 127.1 127.1 127.1 127.1 127.1 127.1 133.3 133.3 133.3 133.3 133.3 133.3 133.3 133.3 133.3 133.3 133.3 133.3 133.3 133.3 133.3 133.3 133.3 133.3 133.3 133.3 133.3 133.3 133.3 133.3 133.3 133.3 133.3 133.3 133.3 133.3 133.3 133.3 133.3 133.3 133.3 133.3 133.3 133.3 133.3 133.3 133.3 133.3 133.3 133.3 133.3 133.3 133.3 133.3 133.3 133.3 133.3 133.3 133.3 133.3 133.3 133.3 133.3 133.3 133.3 133.3 127.7 127.7 127.7 127.7 127.7 127.7 127.7 127.7 127.7 127.7 127.7 127.7 127.7 127.7 127.7 127.7 127.7 127.7 127.7 127.7 127.7 127.7 127.7 127.7 127.7 127.7 127.7 127.7 127.7 
127.1 127.1 127.1 127.1 127.1 127.1 127.1 127.1 127.1 127.1 127.1 133.3 133.3 133.3 133.3 133.3 133.3 133.3 133.3 133.3 133.3 133.3 133.3 133.3 133.3 133.3 133.3 133.3 133.3 133.3 133.3 133.3 133.3 133.3 133.3 133.3 133.3 133.3 133.3 133.3 133.3 133.3 133.3 133.3 133.3 133.3 133.3 133.3 133.3 133.3 133.3 133.3 133.3 133.3 133.3 133.3 133.3 133.3 133.3 133.3 133.3 133.3 133.3 133.3 133.3 133.3 133.3 133.3 133.3 133.3 133.3 127.7 127.7 127.7 127.7 127.7 127.7 127.7 127.7 127.7 127.7 127.7 127.7 127.7 127.7 127.7 127.7 127.7 127.7 127.7 127.7 127.7 127.7 127.7 127.7 127.7 127.7 127.7 127.7 127.7 
127.1 127.1 127.1 127.1 127.1 127.1 127.1 127.1 127.1 127.1 127.1 133.3 133.3 133.3 133.3 133.3 133.3 133.3 133.3 133.3 133.3 133.3 133.3 133.3 133.3 133.3 133.3 133.3 133.3 133.3 133.3 133.3 133.3 133.3 133.3 133.3 133.3 133.3 133.3 133.3 133.3 133.3 133.3 133.3 133.3 133.3 133.3 133.3 133.3 133.3 133.3 133.3 133.3 133.3 133.3 133.3 133.3 133.3 133.3 133.3 133.3 133.3 133.3 133.3 133.3 133.3 133.3 133.3 133.3 133.3 133.3 127.7 127.7 127.7 127.7 127.7 127.7 127.7 127.7 127.7 127.7 127.7 127.7 127.7 127.7 127.7 127.7 127.7 127.7 127.7 127.7 127.7 127.7 127.7 127.7 127.7 127.7 127.7 127.7 127.7 
127.1 127.1 127.1 127.1 127.1 127.1 127.1 127.1 127.1 127.1 127.1 133.3 133.3 133.3 133.3 133.3 133.3 133.3 133.3 133.3 133.3 133.3 133.3 133.3 133.3 133.3 133.3 133.3 133.3 133.3 133.3 133.3 133.3 133.3 133.3 133.3 133.3 133.3 133.3 133.3 133.3 133.3 133.3 133.3 133.3 133.3 133.3 133.3 133.3 133.3 133.3 133.3 133.3 133.3 133.3 133.3 133.3 133.3 133.3 133.3 133.3 133.3 133.3 133.3 133.3 133.3 133.3 133.3 133.3 133.3 133.3 127.7 127.7 127.7 127.7 127.7 127.7 127.7 127.7 127.7 127.7 127.7 127.7 127.7 127.7 127.7 127.7 127.7 127.7 127.7 127.7 127.7 127.7 127.7 127.7 127.7 127.7 127.7 127.7 127.7 
127.1 127.1 127.1 127.1 127.1 127.1 127.1 127.1 127.1 127.1 127.1 133.3 133.3 133.3 133.3 133.3 133.3 133.3 133.3 133.3 133.3 133.3 133.3 133.3 133.3 133.3 133.3 133.3 133.3 133.3 133.3 133.3 133.3 133.3 133.3 133.3 133.3 133.3 133.3 133.3 133.3 133.3 133.3 133.3 133.3 133.3 133.3 133.3 133.3 133.3 133.3 133.3 133.3 133.3 133.3 133.3 133.3 133.3 133.3 133.3 133.3 133.3 133.3 133.3 133.3 133.3 133.3 133.3 133.3 133.3 133.3 127.7 127.7 127.7 127.7 127.7 127.7 127.7 127.7 127.7 127.7 127.7 127.7 127.7 127.7 127.7 127.7 127.7 127.7 127.7 127.7 127.7 127.7 127.7 127.7 127.7 127.7 127.7 127.7 127.7 
127.1 127.1 127.1 127.1 127.1 127.1 127.1 127.1 127.1 127.1 127.1 133.3 133.3 133.3 133.3 133.3 133.3 133.3 133.3 133.3 133.3 133.3 133.3 133.3 133.3 133.3 133.3 133.3 133.3 133.3 133.3 133.3 133.3 133.3 133.3 133.3 133.3 133.3 133.3 133.3 133.3 133.3 133.3 133.3 133.3 133.3 133.3 133.3 133.3 133.3 133.3 133.3 133.3 133.3 133.3 133.3 133.3 133.3 133.3 133.3 133.3 133.3 133.3 133.3 133.3 133.3 133.3 133.3 133.3 133.3 133.3 127.7 127.7 127.7 127.7 127.7 127.7 127.7 127.7 127.7 127.7 127.7 127.7 127.7 127.7 127.7 127.7 127.7 127.7 127.7 127.7 127.7 127.7 127.7 127.7 127.7 127.7 127.7 127.7 127.7 
127.1 127.1 127.1 127.1 127.1 127.1 127.1 127.1 127.1 127.1 127.1 133.3 133.3 133.3 133.3 133.3 133.3 133.3 133.3 133.3 133.3 133.3 133.3 133.3 133.3 133.3 133.3 133.3 133.3 133.3 133.3 133.3 133.3 133.3 133.3 133.3 133.3 133.3 133.3 133.3 133.3 133.3 133.3 133.3 133.3 133.3 133.3 133.3 133.3 133.3 133.3 133.3 133.3 133.3 133.3 133.3 133.3 133.3 133.3 133.3 133.3 133.3 133.3 133.3 133.3 133.3 133.3 133.3 133.3 133.3 133.3 127.7 127.7 127.7 127.7 127.7 127.7 127.7 127.7 127.7 127.7 127.7 127.7 127.7 127.7 127.7 127.7 127.7 127.7 127.7 127.7 127.7 127.7 127.7 127.7 127.7 127.7 127.7 127.7 127.7 
127.1 127.1 127.1 127.1 127.1 127.1 127.1 127.1 127.1 127.1 127.1 133.3 133.3 133.3 133.3 133.3 133.3 133.3 133.3 133.3 133.3 133.3 133.3 133.3 133.3 133.3 133.3 133.3 133.3 133.3 133.3 133.3 133.3 133.3 133.3 133.3 133.3 133.3 133.3 133.3 133.3 133.3 133.3 133.3 133.3 133.3 133.3 133.3 133.3 133.3 133.3 133.3 133.3 133.3 133.3 133.3 133.3 133.3 133.3 133.3 133.3 133.3 133.3 133.3 133.3 133.3 133.3 133.3 133.3 133.3 133.3 127.7 127.7 127.7 127.7 127.7 127.7 127.7 127.7 127.7 127.7 127.7 127.7 127.7 127.7 127.7 127.7 127.7 127.7 127.7 127.7 127.7 127.7 127.7 127.7 127.7 127.7 127.7 127.7 127.7 
127.1 127.1 127.1 127.1 127.1 127.1 127.1 127.1 127.1 127.1 127.1 133.3 133.3 133.3 133.3 133.3 133.3 133.3 133.3 133.3 133.3 133.3 133.3 133.3 133.3 133.3 133.3 133.3 133.3 133.3 133.3 133.3 133.3 133.3 133.3 133.3 133.3 133.3 133.3 133.3 133.3 133.3 133.3 133.3 133.3 133.3 133.3 133.3 133.3 133.3 133.3 133.3 133.3 133.3 133.3 133.3 133.3 133.3 133.3 133.3 133.3 133.3 133.3 133.3 133.3 133.3 133.3 133.3 133.3 133.3 133.3 127.7 127.7 127.7 127.7 127.7 127.7 127.7 127.7 127.7 127.7 127.7 127.7 127.7 127.7 127.7 127.7 127.7 127.7 127.7 127.7 127.7 127.7 127.7 127.7 127.7 127.7 127.7 127.7 127.7 
127.1 127.1 127.1 127.1 127.1 127.1 127.1 127.1 127.1 127.1 127.1 133.3 133.3 133.3 133.3 133.3 133.3 133.3 133.3 133.3 133.3 133.3 133.3 133.3 133.3 133.3 133.3 133.3 133.3 133.3 133.3 133.3 133.3 133.3 133.3 133.3 133.3 133.3 133.3 133.3 133.3 133.3 133.3 133.3 133.3 133.3 133.3 133.3 133.3 133.3 133.3 133.3 133.3 133.3 133.3 133.3 133.3 133.3 133.3 133.3 133.3 133.3 133.3 133.3 133.3 133.3 133.3 133.3 133.3 133.3 133.3 127.7 127.7 127.7 127.7 127.7 127.7 127.7 127.7 127.7 127.7 127.7 127.7 127.7 127.7 127.7 127.7 127.7 127.7 127.7 127.7 127.7 127.7 127.7 127.7 127.7 127.7 127.7 127.7 127.7 
127.1 127.1 127.1 127.1 127.1 127.1 127.1 127.1 127.1 127.1 127.1 133.3 133.3 133.3 133.3 133.3 133.3 133.3 133.3 133.3 133.3 133.3 133.3 133.3 133.3 133.3 133.3 133.3 133.3 133.3 133.3 133.3 133.3 133.3 133.3 133.3 133.3 133.3 133.3 133.3 133.3 133.3 133.3 133.3 133.3 133.3 133.3 133.3 133.3 133.3 133.3 133.3 133.3 133.3 133.3 133.3 133.3 133.3 133.3 133.3 133.3 133.3 133.3 133.3 133.3 133.3 133.3 133.3 133.3 133.3 133.3 127.7 127.7 127.7 127.7 127.7 127.7 127.7 127.7 127.7 127.7 127.7 127.7 127.7 127.7 127.7 127.7 127.7 127.7 127.7 127.7 127.7 127.7 127.7 127.7 127.7 127.7 127.7 127.7 127.7 
127.1 127.1 127.1 127.1 127.1 127.1 127.1 127.1 127.1 127.1 127.1 133.3 133.3 133.3 133.3 133.3 133.3 133.3 133.3 133.3 133.3 133.3 133.3 133.3 133.3 133.3 133.3 133.3 133.3 133.3 133.3 133.3 133.3 133.3 133.3 133.3 133.3 133.3 133.3 133.3 133.3 133.3 133.3 133.3 133.3 133.3 133.3 133.3 133.3 133.3 133.3 133.3 133.3 133.3 133.3 133.3 133.3 133.3 133.3 133.3 133.3 133.3 133.3 133.3 133.3 133.3 133.3 133.3 133.3 133.3 133.3 127.7 127.7 127.7 127.7 127.7 127.7 127.7 127.7 127.7 127.7 127.7 127.7 127.7 127.7 127.7 127.7 127.7 127.7 127.7 127.7 127.7 127.7 127.7 127.7 127.7 127.7 127.7 127.7 127.7 
127.1 127.1 127.1 127.1 127.1 127.1 127.1 127.1 127.1 127.1 127.1 133.3 133.3 133.3 133.3 133.3 133.3 133.3 133.3 133.3 133.3 133.3 133.3 133.3 133.3 133.3 133.3 133.3 133.3 133.3 133.3 133.3 133.3 133.3 133.3 133.3 133.3 133.3 133.3 133.3 133.3 133.3 133.3 133.3 133.3 133.3 133.3 133.3 133.3 133.3 133.3 133.3 133.3 133.3 133.3 133.3 133.3 133.3 133.3 133.3 133.3 133.3 133.3 133.3 133.3 133.3 133.3 133.3 133.3 133.3 133.3 127.7 127.7 127.7 127.7 127.7 127.7 127.7 127.7 127.7 127.7 127.7 127.7 127.7 127.7 127.7 127.7 127.7 127.7 127.7 127.7 127.7 127.7 127.7 127.7 127.7 127.7 127.7 127.7 127.7 
127.1 127.1 127.1 127.1 127.1 127.1 127.1 127.1 127.1 127.1 127.1 133.3 133.3 133.3 133.3 133.3 133.3 133.3 133.3 133.3 133.3 133.3 133.3 133.3 133.3 133.3 133.3 133.3 133.3 133.3 133.3 133.3 133.3 133.3 133.3 133.3 133.3 133.3 133.3 133.3 133.3 133.3 133.3 133.3 133.3 133.3 133.3 133.3 133.3 133.3 133.3 133.3 133.3 133.3 133.3 133.3 133.3 133.3 133.3 133.3 133.3 133.3 133.3 133.3 133.3 133.3 133.3 133.3 133.3 133.3 133.3 127.7 127.7 127.7 127.7 127.7 127.7 127.7 127.7 127.7 127.7 127.7 127.7 127.7 127.7 127.7 127.7 127.7 127.7 127.7 127.7 127.7 127.7 127.7 127.7 127.7 127.7 127.7 127.7 127.7 
127.1 127.1 127.1 127.1 127.1 127.1 127.1 127.1 127.1 127.1 127.1 133.3 133.3 133.3 133.3 133.3 133.3 133.3 133.3 133.3 133.3 133.3 133.3 133.3 133.3 133.3 133.3 133.3 133.3 133.3 133.3 133.3 133.3 133.3 133.3 133.3 133.3 133.3 133.3 133.3 133.3 133.3 133.3 133.3 133.3 133.3 133.3 133.3 133.3 133.3 133.3 133.3 133.3 133.3 133.3 133.3 133.3 133.3 133.3 133.3 133.3 133.3 133.3 133.3 133.3 133.3 133.3 133.3 133.3 133.3 133.3 127.7 127.7 127.7 127.7 127.7 127.7 127.7 127.7 127.7 127.7 127.7 127.7 127.7 127.7 127.7 127.7 127.7 127.7 127.7 127.7 127.7 127.7 127.7 127.7 127.7 127.7 127.7 127.7 127.7 
127.1 127.1 127.1 127.1 127.1 127.1 127.1 127.1 127.1 127.1 127.1 133.3 133.3 133.3 133.3 133.3 133.3 133.3 133.3 133.3 133.3 133.3 133.3 133.3 133.3 133.3 133.3 133.3 133.3 133.3 133.3 133.3 133.3 133.3 133.3 133.3 133.3 133.3 133.3 133.3 133.3 133.3 133.3 133.3 133.3 133.3 133.3 133.3 133.3 133.3 133.3 133.3 133.3 133.3 133.3 133.3 133.3 133.3 133.3 133.3 133.3 133.3 133.3 133.3 133.3 133.3 133.3 133.3 133.3 133.3 133.3 127.7 127.7 127.7 127.7 127.7 127.7 127.7 127.7 127.7 127.7 127.7 127.7 127.7 127.7 127.7 127.7 127.7 127.7 127.7 127.7 127.7 127.7 127.7 127.7 127.7 127.7 127.7 127.7 127.7 
127.1 127.1 127.1 127.1 127.1 127.1 127.1 127.1 127.1 127.1 127.1 133.3 133.3 133.3 133.3 133.3 133.3 133.3 133.3 133.3 133.3 133.3 133.3 133.3 133.3 133.3 133.3 133.3 133.3 133.3 133.3 133.3 133.3 133.3 133.3 133.3 133.3 133.3 133.3 133.3 133.3 133.3 133.3 133.3 133.3 133.3 133.3 133.3 133.3 133.3 133.3 133.3 133.3 133.3 133.3 133.3 133.3 133.3 133.3 133.3 133.3 133.3 133.3 133.3 133.3 133.3 133.3 133.3 133.3 133.3 133.3 127.7 127.7 127.7 127.7 127.7 127.7 127.7 127.7 127.7 127.7 127.7 127.7 127.7 127.7 127.7 127.7 127.7 127.7 127.7 127.7 127.7 127.7 127.7 127.7 127.7 127.7 127.7 127.7 127.7 
127.1 127.1 127.1 127.1 127.1 127.1 127.1 127.1 127.1 127.1 127.1 133.3 133.3 133.3 133.3 133.3 133.3 133.3 133.3 133.3 133.3 133.3 133.3 133.3 133.3 133.3 133.3 133.3 133.3 133.3 133.3 133.3 133.3 133.3 133.3 133.3 133.3 133.3 133.3 133.3 133.3 133.3 133.3 133.3 133.3 133.3 133.3 133.3 133.3 133.3 133.3 133.3 133.3 133.3 133.3 133.3 133.3 133.3 133.3 133.3 133.3 133.3 133.3 133.3 133.3 133.3 133.3 133.3 133.3 133.3 133.3 127.7 127.7 127.7 127.7 127.7 127.7 127.7 127.7 127.7 127.7 127.7 127.7 127.7 127.7 127.7 127.7 127.7 127.7 127.7 127.7 127.7 127.7 127.7 127.7 127.7 127.7 127.7 127.7 127.7 
127.1 127.1 127.1 127.1 127.1 127.1 127.1 127.1 127.1 127.1 127.1 133.3 133.3 133.3 133.3 133.3 133.3 133.3 133.3 133.3 133.3 133.3 133.3 133.3 133.3 133.3 133.3 133.3 133.3 133.3 133.3 133.3 133.3 133.3 133.3 133.3 133.3 133.3 133.3 133.3 133.3 133.3 133.3 133.3 133.3 133.3 133.3 133.3 133.3 133.3 133.3 133.3 133.3 133.3 133.3 133.3 133.3 133.3 133.3 133.3 133.3 133.3 133.3 133.3 133.3 133.3 133.3 133.3 133.3 133.3 133.3 127.7 127.7 127.7 127.7 127.7 127.7 127.7 127.7 127.7 127.7 127.7 127.7 127.7 127.7 127.7 127.7 127.7 127.7 127.7 127.7 127.7 127.7 127.7 127.7 127.7 127.7 127.7 127.7 127.7 
127.1 127.1 127.1 127.1 127.1 127.1 127.1 127.1 127.1 127.1 127.1 133.3 133.3 133.3 133.3 133.3 133.3 133.3 133.3 133.3 133.3 133.3 133.3 133.3 133.3 133.3 133.3 133.3 133.3 133.3 133.3 133.3 133.3 133.3 133.3 133.3 133.3 133.3 133.3 133.3 133.3 133.3 133.3 133.3 133.3 133.3 133.3 133.3 133.3 133.3 133.3 133.3 133.3 133.3 133.3 133.3 133.3 133.3 133.3 133.3 133.3 133.3 133.3 133.3 133.3 133.3 133.3 133.3 133.3 133.3 133.3 127.7 127.7 127.7 127.7 127.7 127.7 127.7 127.7 127.7 127.7 127.7 127.7 127.7 127.7 127.7 127.7 127.7 127.7 127.7 127.7 127.7 127.7 127.7 127.7 127.7 127.7 127.7 127.7 127.7 
127.1 127.1 127.1 127.1 127.1 127.1 127.1 127.1 127.1 127.1 127.1 133.3 133.3 133.3 133.3 133.3 133.3 133.3 133.3 133.3 133.3 133.3 133.3 133.3 133.3 133.3 133.3 133.3 133.3 133.3 133.3 133.3 133.3 133.3 133.3 133.3 133.3 133.3 133.3 133.3 133.3 133.3 133.3 133.3 133.3 133.3 133.3 133.3 133.3 133.3 133.3 133.3 133.3 133.3 133.3 133.3 133.3 133.3 133.3 133.3 133.3 133.3 133.3 133.3 133.3 133.3 133.3 133.3 133.3 133.3 133.3 127.7 127.7 127.7 127.7 127.7 127.7 127.7 127.7 127.7 127.7 127.7 127.7 127.7 127.7 127.7 127.7 127.7 127.7 127.7 127.7 127.7 127.7 127.7 127.7 127.7 127.7 127.7 127.7 127.7 
127.1 127.1 127.1 127.1 127.1 127.1 127.1 127.1 127.1 127.1 127.1 133.3 133.3 133.3 133.3 133.3 133.3 133.3 133.3 133.3 133.3 133.3 133.3 133.3 133.3 133.3 133.3 133.3 133.3 133.3 133.3 133.3 133.3 133.3 133.3 133.3 133.3 133.3 133.3 133.3 133.3 133.3 133.3 133.3 133.3 133.3 133.3 133.3 133.3 133.3 133.3 133.3 133.3 133.3 133.3 133.3 133.3 133.3 133.3 133.3 133.3 133.3 133.3 133.3 133.3 133.3 133.3 133.3 133.3 133.3 133.3 127.7 127.7 127.7 127.7 127.7 127.7 127.7 127.7 127.7 127.7 127.7 127.7 127.7 127.7 127.7 127.7 127.7 127.7 127.7 127.7 127.7 127.7 127.7 127.7 127.7 127.7 127.7 127.7 127.7 
127.1 127.1 127.1 127.1 127.1 127.1 127.1 127.1 127.1 127.1 127.1 133.3 133.3 133.3 133.3 133.3 133.3 133.3 133.3 133.3 133.3 133.3 133.3 133.3 133.3 133.3 133.3 133.3 133.3 133.3 133.3 133.3 133.3 133.3 133.3 133.3 133.3 133.3 133.3 133.3 133.3 133.3 133.3 133.3 133.3 133.3 133.3 133.3 133.3 133.3 133.3 133.3 133.3 133.3 133.3 133.3 133.3 133.3 133.3 133.3 133.3 133.3 133.3 133.3 133.3 133.3 133.3 133.3 133.3 133.3 133.3 127.7 127.7 127.7 127.7 127.7 127.7 127.7 127.7 127.7 127.7 127.7 127.7 127.7 127.7 127.7 127.7 127.7 127.7 127.7 127.7 127.7 127.7 127.7 127.7 127.7 127.7 127.7 127.7 127.7 
127.1 127.1 127.1 127.1 127.1 127.1 127.1 127.1 127.1 127.1 127.1 133.3 133.3 133.3 133.3 133.3 133.3 133.3 133.3 133.3 133.3 133.3 133.3 133.3 133.3 133.3 133.3 133.3 133.3 133.3 133.3 133.3 133.3 133.3 133.3 133.3 133.3 133.3 133.3 133.3 133.3 133.3 133.3 133.3 133.3 133.3 133.3 133.3 133.3 133.3 133.3 133.3 133.3 133.3 133.3 133.3 133.3 133.3 133.3 133.3 133.3 133.3 133.3 133.3 133.3 133.3 133.3 133.3 133.3 133.3 133.3 127.7 127.7 127.7 127.7 127.7 127.7 127.7 127.7 127.7 127.7 127.7 127.7 127.7 127.7 127.7 127.7 127.7 127.7 127.7 127.7 127.7 127.7 127.7 127.7 127.7 127.7 127.7 127.7 127.7 
127.1 127.1 127.1 127.1 127.1 127.1 127.1 127.1 127.1 127.1 127.1 133.3 133.3 133.3 133.3 133.3 133.3 133.3 133.3 133.3 133.3 133.3 133.3 133.3 133.3 133.3 133.3 133.3 133.3 133.3 133.3 133.3 133.3 133.3 133.3 133.3 133.3 133.3 133.3 133.3 133.3 133.3 133.3 133.3 133.3 133.3 133.3 133.3 133.3 133.3 133.3 133.3 133.3 133.3 133.3 133.3 133.3 133.3 133.3 133.3 133.3 133.3 133.3 133.3 133.3 133.3 133.3 133.3 133.3 133.3 133.3 127.7 127.7 127.7 127.7 127.7 127.7 127.7 127.7 127.7 127.7 127.7 127.7 127.7 127.7 127.7 127.7 127.7 127.7 127.7 127.7 127.7 127.7 127.7 127.7 127.7 127.7 127.7 127.7 127.7 
127.1 127.1 127.1 127.1 127.1 127.1 127.1 127.1 127.1 127.1 127.1 133.3 133.3 133.3 133.3 133.3 133.3 133.3 133.3 133.3 133.3 133.3 133.3 133.3 133.3 133.3 133.3 133.3 133.3 133.3 133.3 133.3 133.3 133.3 133.3 133.3 133.3 133.3 133.3 133.3 133.3 133.3 133.3 133.3 133.3 133.3 133.3 133.3 133.3 133.3 133.3 133.3 133.3 133.3 133.3 133.3 133.3 133.3 133.3 133.3 133.3 133.3 133.3 133.3 133.3 133.3 133.3 133.3 133.3 133.3 133.3 127.7 127.7 127.7 127.7 127.7 127.7 127.7 127.7 127.7 127.7 127.7 127.7 127.7 127.7 127.7 127.7 127.7 127.7 127.7 127.7 127.7 127.7 127.7 127.7 127.7 127.7 127.7 127.7 127.7 
127.1 127.1 127.1 127.1 127.1 127.1 127.1 127.1 127.1 127.1 127.1 133.3 133.3 133.3 133.3 133.3 133.3 133.3 133.3 133.3 133.3 133.3 133.3 133.3 133.3 133.3 133.3 133.3 133.3 133.3 133.3 133.3 133.3 133.3 133.3 133.3 133.3 133.3 133.3 133.3 133.3 133.3 133.3 133.3 133.3 133.3 133.3 133.3 133.3 133.3 133.3 133.3 133.3 133.3 133.3 133.3 133.3 133.3 133.3 133.3 133.3 133.3 133.3 133.3 133.3 133.3 133.3 133.3 133.3 133.3 133.3 127.7 127.7 127.7 127.7 127.7 127.7 127.7 127.7 127.7 127.7 127.7 127.7 127.7 127.7 127.7 127.7 127.7 127.7 127.7 127.7 127.7 127.7 127.7 127.7 127.7 127.7 127.7 127.7 127.7 
127.1 127.1 127.1 127.1 127.1 127.1 127.1 127.1 127.1 127.1 127.1 133.3 133.3 133.3 133.3 133.3 133.3 133.3 133.3 133.3 133.3 133.3 133.3 133.3 133.3 133.3 133.3 133.3 133.3 133.3 133.3 133.3 133.3 133.3 133.3 133.3 133.3 133.3 133.3 133.3 133.3 133.3 133.3 133.3 133.3 133.3 133.3 133.3 133.3 133.3 133.3 133.3 133.3 133.3 133.3 133.3 133.3 133.3 133.3 133.3 133.3 133.3 133.3 133.3 133.3 133.3 133.3 133.3 133.3 133.3 133.3 127.7 127.7 127.7 127.7 127.7 127.7 127.7 127.7 127.7 127.7 127.7 127.7 127.7 127.7 127.7 127.7 127.7 127.7 127.7 127.7 127.7 127.7 127.7 127.7 127.7 127.7 127.7 127.7 127.7 
127.1 127.1 127.1 127.1 127.1 127.1 127.1 127.1 127.1 127.1 127.1 133.3 133.3 133.3 133.3 133.3 133.3 133.3 133.3 133.3 133.3 133.3 133.3 133.3 133.3 133.3 133.3 133.3 133.3 133.3 133.3 133.3 133.3 133.3 133.3 133.3 133.3 133.3 133.3 133.3 133.3 133.3 133.3 133.3 133.3 133.3 133.3 133.3 133.3 133.3 133.3 133.3 133.3 133.3 133.3 133.3 133.3 133.3 133.3 133.3 133.3 133.3 133.3 133.3 133.3 133.3 133.3 133.3 133.3 133.3 133.3 127.7 127.7 127.7 127.7 127.7 127.7 127.7 127.7 127.7 127.7 127.7 127.7 127.7 127.7 127.7 127.7 127.7 127.7 127.7 127.7 127.7 127.7 127.7 127.7 127.7 127.7 127.7 127.7 127.7 
127.1 127.1 127.1 127.1 127.1 127.1 127.1 127.1 127.1 127.1 127.1 133.3 133.3 133.3 133.3 133.3 133.3 133.3 133.3 133.3 133.3 133.3 133.3 133.3 133.3 133.3 133.3 133.3 133.3 133.3 133.3 133.3 133.3 133.3 133.3 133.3 133.3 133.3 133.3 133.3 133.3 133.3 133.3 133.3 133.3 133.3 133.3 133.3 133.3 133.3 133.3 133.3 133.3 133.3 133.3 133.3 133.3 133.3 133.3 133.3 133.3 133.3 133.3 133.3 133.3 133.3 133.3 133.3 133.3 133.3 133.3 127.7 127.7 127.7 127.7 127.7 127.7 127.7 127.7 127.7 127.7 127.7 127.7 127.7 127.7 127.7 127.7 127.7 127.7 127.7 127.7 127.7 127.7 127.7 127.7 127.7 127.7 127.7 127.7 127.7 
127.1 127.1 127.1 127.1 127.1 127.1 127.1 127.1 127.1 127.1 127.1 133.3 133.3 133.3 133.3 133.3 133.3 133.3 133.3 133.3 133.3 133.3 133.3 133.3 133.3 133.3 133.3 133.3 133.3 133.3 133.3 133.3 133.3 133.3 133.3 133.3 133.3 133.3 133.3 133.3 133.3 133.3 133.3 133.3 133.3 133.3 133.3 133.3 133.3 133.3 133.3 133.3 133.3 133.3 133.3 133.3 133.3 133.3 133.3 133.3 133.3 133.3 133.3 133.3 133.3 133.3 133.3 133.3 133.3 133.3 133.3 127.7 127.7 127.7 127.7 127.7 127.7 127.7 127.7 127.7 127.7 127.7 127.7 127.7 127.7 127.7 127.7 127.7 127.7 127.7 127.7 127.7 127.7 127.7 127.7 127.7 127.7 127.7 127.7 127.7 
127.1 127.1 127.1 127.1 127.1 127.1 127.1 127.1 127.1 127.1 127.1 133.3 133.3 133.3 133.3 133.3 133.3 133.3 133.3 133.3 133.3 133.3 133.3 133.3 133.3 133.3 133.3 133.3 133.3 133.3 133.3 133.3 133.3 133.3 133.3 133.3 133.3 133.3 133.3 133.3 133.3 133.3 133.3 133.3 133.3 133.3 133.3 133.3 133.3 133.3 133.3 133.3 133.3 133.3 133.3 133.3 133.3 133.3 133.3 133.3 133.3 133.3 133.3 133.3 133.3 133.3 133.3 133.3 133.3 133.3 133.3 127.7 127.7 127.7 127.7 127.7 127.7 127.7 127.7 127.7 127.7 127.7 127.7 127.7 127.7 127.7 127.7 127.7 127.7 127.7 127.7 127.7 127.7 127.7 127.7 127.7 127.7 127.7 127.7 127.7 
127.1 127.1 127.1 127.1 127.1 127.1 127.1 127.1 127.1 127.1 127.1 133.3 133.3 133.3 133.3 133.3 133.3 133.3 133.3 133.3 133.3 133.3 133.3 133.3 133.3 133.3 133.3 133.3 133.3 133.3 133.3 133.3 133.3 133.3 133.3 133.3 133.3 133.3 133.3 133.3 133.3 133.3 133.3 133.3 133.3 133.3 133.3 133.3 133.3 133.3 133.3 133.3 133.3 133.3 133.3 133.3 133.3 133.3 133.3 133.3 133.3 133.3 133.3 133.3 133.3 133.3 133.3 133.3 133.3 133.3 133.3 127.7 127.7 127.7 127.7 127.7 127.7 127.7 127.7 127.7 127.7 127.7 127.7 127.7 127.7 127.7 127.7 127.7 127.7 127.7 127.7 127.7 127.7 127.7 127.7 127.7 127.7 127.7 127.7 127.7 
127.1 127.1 127.1 127.1 127.1 127.1 127.1 127.1 127.1 127.1 127.1 133.3 133.3 133.3 133.3 133.3 133.3 133.3 133.3 133.3 133.3 133.3 133.3 133.3 133.3 133.3 133.3 133.3 133.3 133.3 133.3 133.3 133.3 133.3 133.3 133.3 133.3 133.3 133.3 133.3 133.3 133.3 133.3 133.3 133.3 133.3 133.3 133.3 133.3 133.3 133.3 133.3 133.3 133.3 133.3 133.3 133.3 133.3 133.3 133.3 133.3 133.3 133.3 133.3 133.3 133.3 133.3 133.3 133.3 133.3 133.3 127.7 127.7 127.7 127.7 127.7 127.7 127.7 127.7 127.7 127.7 127.7 127.7 127.7 127.7 127.7 127.7 127.7 127.7 127.7 127.7 127.7 127.7 127.7 127.7 127.7 127.7 127.7 127.7 127.7 
127.1 127.1 127.1 127.1 127.1 127.1 127.1 127.1 127.1 127.1 127.1 133.3 133.3 133.3 133.3 133.3 133.3 133.3 133.3 133.3 133.3 133.3 133.3 133.3 133.3 133.3 133.3 133.3 133.3 133.3 133.3 133.3 133.3 133.3 133.3 133.3 133.3 133.3 133.3 133.3 133.3 133.3 133.3 133.3 133.3 133.3 133.3 133.3 133.3 133.3 133.3 133.3 133.3 133.3 133.3 133.3 133.3 133.3 133.3 133.3 133.3 133.3 133.3 133.3 133.3 133.3 133.3 133.3 133.3 133.3 133.3 127.7 127.7 127.7 127.7 127.7 127.7 127.7 127.7 127.7 127.7 127.7 127.7 127.7 127.7 127.7 127.7 127.7 127.7 127.7 127.7 127.7 127.7 127.7 127.7 127.7 127.7 127.7 127.7 127.7 
127.1 127.1 127.1 127.1 127.1 127.1 127.1 127.1 127.1 127.1 127.1 133.3 133.3 133.3 133.3 133.3 133.3 133.3 133.3 133.3 133.3 133.3 133.3 133.3 133.3 133.3 133.3 133.3 133.3 133.3 133.3 133.3 133.3 133.3 133.3 133.3 133.3 133.3 133.3 133.3 133.3 133.3 133.3 133.3 133.3 133.3 133.3 133.3 133.3 133.3 133.3 133.3 133.3 133.3 133.3 133.3 133.3 133.3 133.3 133.3 133.3 133.3 133.3 133.3 133.3 133.3 133.3 133.3 133.3 133.3 133.3 127.7 127.7 127.7 127.7 127.7 127.7 127.7 127.7 127.7 127.7 127.7 127.7 127.7 127.7 127.7 127.7 127.7 127.7 127.7 127.7 127.7 127.7 127.7 127.7 127.7 127.7 127.7 127.7 127.7 
127.1 127.1 127.1 127.1 127.1 127.1 127.1 127.1 127.1 127.1 127.1 133.3 133.3 133.3 133.3 133.3 133.3 133.3 133.3 133.3 133.3 133.3 133.3 133.3 133.3 133.3 133.3 133.3 133.3 133.3 133.3 133.3 133.3 133.3 133.3 133.3 133.3 133.3 133.3 133.3 133.3 133.3 133.3 133.3 133.3 133.3 133.3 133.3 133.3 133.3 133.3 133.3 133.3 133.3 133.3 133.3 133.3 133.3 133.3 133.3 133.3 133.3 133.3 133.3 133.3 133.3 133.3 133.3 133.3 133.3 133.3 127.7 127.7 127.7 127.7 127.7 127.7 127.7 127.7 127.7 127.7 127.7 127.7 127.7 127.7 127.7 127.7 127.7 127.7 127.7 127.7 127.7 127.7 127.7 127.7 127.7 127.7 127.7 127.7 127.7 
127.1 127.1 127.1 127.1 127.1 127.1 127.1 127.1 127.1 127.1 127.1 133.3 133.3 133.3 133.3 133.3 133.3 133.3 133.3 133.3 133.3 133.3 133.3 133.3 133.3 133.3 133.3 133.3 133.3 133.3 133.3 133.3 133.3 133.3 133.3 133.3 133.3 133.3 133.3 133.3 133.3 133.3 133.3 133.3 133.3 133.3 133.3 133.3 133.3 133.3 133.3 133.3 133.3 133.3 133.3 133.3 133.3 133.3 133.3 133.3 133.3 133.3 133.3 133.3 133.3 133.3 133.3 133.3 133.3 133.3 133.3 127.7 127.7 127.7 127.7 127.7 127.7 127.7 127.7 127.7 127.7 127.7 127.7 127.7 127.7 127.7 127.7 127.7 127.7 127.7 127.7 127.7 127.7 127.7 127.7 127.7 127.7 127.7 127.7 127.7 
127.1 127.1 127.1 127.1 127.1 127.1 127.1 127.1 127.1 127.1 127.1 133.3 133.3 133.3 133.3 133.3 133.3 133.3 133.3 133.3 133.3 133.3 133.3 133.3 133.3 133.3 133.3 133.3 133.3 133.3 133.3 133.3 133.3 133.3 133.3 133.3 133.3 133.3 133.3 133.3 133.3 133.3 133.3 133.3 133.3 133.3 133.3 133.3 133.3 133.3 133.3 133.3 133.3 133.3 133.3 133.3 133.3 133.3 133.3 133.3 133.3 133.3 133.3 133.3 133.3 133.3 133.3 133.3 133.3 133.3 133.3 127.7 127.7 127.7 127.7 127.7 127.7 127.7 127.7 127.7 127.7 127.7 127.7 127.7 127.7 127.7 127.7 127.7 127.7 127.7 127.7 127.7 127.7 127.7 127.7 127.7 127.7 127.7 127.7 127.7 
127.1 127.1 127.1 127.1 127.1 127.1 127.1 127.1 127.1 127.1 127.1 133.3 133.3 133.3 133.3 133.3 133.3 133.3 133.3 133.3 133.3 133.3 133.3 133.3 133.3 133.3 133.3 133.3 133.3 133.3 133.3 133.3 133.3 133.3 133.3 133.3 133.3 133.3 133.3 133.3 133.3 133.3 133.3 133.3 133.3 133.3 133.3 133.3 133.3 133.3 133.3 133.3 133.3 133.3 133.3 133.3 133.3 133.3 133.3 133.3 133.3 133.3 133.3 133.3 133.3 133.3 133.3 133.3 133.3 133.3 133.3 127.7 127.7 127.7 127.7 127.7 127.7 127.7 127.7 127.7 127.7 127.7 127.7 127.7 127.7 127.7 127.7 127.7 127.7 127.7 127.7 127.7 127.7 127.7 127.7 127.7 127.7 127.7 127.7 127.7 
127.1 127.1 127.1 127.1 127.1 127.1 127.1 127.1 127.1 127.1 127.1 133.3 133.3 133.3 133.3 133.3 133.3 133.3 133.3 133.3 133.3 133.3 133.3 133.3 133.3 133.3 133.3 133.3 133.3 133.3 133.3 133.3 133.3 133.3 133.3 133.3 133.3 133.3 133.3 133.3 133.3 133.3 133.3 133.3 133.3 133.3 133.3 133.3 133.3 133.3 133.3 133.3 133.3 133.3 133.3 133.3 133.3 133.3 133.3 133.3 133.3 133.3 133.3 133.3 133.3 133.3 133.3 133.3 133.3 133.3 133.3 127.7 127.7 127.7 127.7 127.7 127.7 127.7 127.7 127.7 127.7 127.7 127.7 127.7 127.7 127.7 127.7 127.7 127.7 127.7 127.7 127.7 127.7 127.7 127.7 127.7 127.7 127.7 127.7 127.7 
127.1 127.1 127.1 127.1 127.1 127.1 127.1 127.1 127.1 127.1 127.1 133.3 133.3 133.3 133.3 133.3 133.3 133.3 133.3 133.3 133.3 133.3 133.3 133.3 133.3 133.3 133.3 133.3 133.3 133.3 133.3 133.3 133.3 133.3 133.3 133.3 133.3 133.3 133.3 133.3 133.3 133.3 133.3 133.3 133.3 133.3 133.3 133.3 133.3 133.3 133.3 133.3 133.3 133.3 133.3 133.3 133.3 133.3 133.3 133.3 133.3 133.3 133.3 133.3 133.3 133.3 133.3 133.3 133.3 133.3 133.3 127.7 127.7 127.7 127.7 127.7 127.7 127.7 127.7 127.7 127.7 127.7 127.7 127.7 127.7 127.7 127.7 127.7 127.7 127.7 127.7 127.7 127.7 127.7 127.7 127.7 127.7 127.7 127.7 127.7 
127.1 127.1 127.1 127.1 127.1 127.1 127.1 127.1 127.1 127.1 127.1 133.3 133.3 133.3 133.3 133.3 133.3 133.3 133.3 133.3 133.3 133.3 133.3 133.3 133.3 133.3 133.3 133.3 133.3 133.3 133.3 133.3 133.3 133.3 133.3 133.3 133.3 133.3 133.3 133.3 133.3 133.3 133.3 133.3 133.3 133.3 133.3 133.3 133.3 133.3 133.3 133.3 133.3 133.3 133.3 133.3 133.3 133.3 133.3 133.3 133.3 133.3 133.3 133.3 133.3 133.3 133.3 133.3 133.3 133.3 133.3 127.7 127.7 127.7 127.7 127.7 127.7 127.7 127.7 127.7 127.7 127.7 127.7 127.7 127.7 127.7 127.7 127.7 127.7 127.7 127.7 127.7 127.7 127.7 127.7 127.7 127.7 127.7 127.7 127.7 
127.1 127.1 127.1 127.1 127.1 127.1 127.1 127.1 127.1 127.1 127.1 133.3 133.3 133.3 133.3 133.3 133.3 133.3 133.3 133.3 133.3 133.3 133.3 133.3 133.3 133.3 133.3 133.3 133.3 133.3 133.3 133.3 133.3 133.3 133.3 133.3 133.3 133.3 133.3 133.3 133.3 133.3 133.3 133.3 133.3 133.3 133.3 133.3 133.3 133.3 133.3 133.3 133.3 133.3 133.3 133.3 133.3 133.3 133.3 133.3 133.3 133.3 133.3 133.3 133.3 133.3 133.3 133.3 133.3 133.3 133.3 127.7 127.7 127.7 127.7 127.7 127.7 127.7 127.7 127.7 127.7 127.7 127.7 127.7 127.7 127.7 127.7 127.7 127.7 127.7 127.7 127.7 127.7 127.7 127.7 127.7 127.7 127.7 127.7 127.7 
127.1 127.1 127.1 127.1 127.1 127.1 127.1 127.1 127.1 127.1 127.1 133.3 133.3 133.3 133.3 133.3 133.3 133.3 133.3 133.3 133.3 133.3 133.3 133.3 133.3 133.3 133.3 133.3 133.3 133.3 133.3 133.3 133.3 133.3 133.3 133.3 133.3 133.3 133.3 133.3 133.3 133.3 133.3 133.3 133.3 133.3 133.3 133.3 133.3 133.3 133.3 133.3 133.3 133.3 133.3 133.3 133.3 133.3 133.3 133.3 133.3 133.3 133.3 133.3 133.3 133.3 133.3 133.3 133.3 133.3 133.3 127.7 127.7 127.7 127.7 127.7 127.7 127.7 127.7 127.7 127.7 127.7 127.7 127.7 127.7 127.7 127.7 127.7 127.7 127.7 127.7 127.7 127.7 127.7 127.7 127.7 127.7 127.7 127.7 127.7 
153.9 153.9 153.9 153.9 153.9 153.9 153.9 153.9 153.9 153.9 153.9 157.7 157.7 157.7 157.7 157.7 157.7 157.7 157.7 157.7 157.7 157.7 157.7 157.7 157.7 157.7 157.7 157.7 157.7 157.7 157.7 157.7 157.7 157.7 157.7 157.7 157.7 157.7 157.7 157.7 157.7 157.7 157.7 157.7 157.7 157.7 157.7 157.7 157.7 157.7 157.7 157.7 157.7 157.7 157.7 157.7 157.7 157.7 157.7 157.7 157.7 157.7 157.7 157.7 157.7 157.7 157.7 157.7 157.7 157.7 157.7 149.7 149.7 149.7 149.7 149.7 149.7 149.7 149.7 149.7 149.7 149.7 149.7 149.7 149.7 149.7 149.7 149.7 149.7 149.7 149.7 149.7 149.7 149.7 149.7 149.7 149.7 149.7 149.7 149.7 
153.9 153.9 153.9 153.9 153.9 153.9 153.9 153.9 153.9 153.9 153.9 157.7 157.7 157.7 157.7 157.7 157.7 157.7 157.7 157.7 157.7 157.7 157.7 157.7 157.7 157.7 157.7 157.7 157.7 157.7 157.7 157.7 157.7 157.7 157.7 157.7 157.7 157.7 157.7 157.7 157.7 157.7 157.7 157.7 157.7 157.7 157.7 157.7 157.7 157.7 157.7 157.7 157.7 157.7 157.7 157.7 157.7 157.7 157.7 157.7 157.7 157.7 157.7 157.7 157.7 157.7 157.7 157.7 157.7 157.7 157.7 149.7 149.7 149.7 149.7 149.7 149.7 149.7 149.7 149.7 149.7 149.7 149.7 149.7 149.7 149.7 149.7 149.7 149.7 149.7 149.7 149.7 149.7 149.7 149.7 149.7 149.7 149.7 149.7 149.7 
153.9 153.9 153.9 153.9 153.9 153.9 153.9 153.9 153.9 153.9 153.9 157.7 157.7 157.7 157.7 157.7 157.7 157.7 157.7 157.7 157.7 157.7 157.7 157.7 157.7 157.7 157.7 157.7 157.7 157.7 157.7 157.7 157.7 157.7 157.7 157.7 157.7 157.7 157.7 157.7 157.7 157.7 157.7 157.7 157.7 157.7 157.7 157.7 157.7 157.7 157.7 157.7 157.7 157.7 157.7 157.7 157.7 157.7 157.7 157.7 157.7 157.7 157.7 157.7 157.7 157.7 157.7 157.7 157.7 157.7 157.7 149.7 149.7 149.7 149.7 149.7 149.7 149.7 149.7 149.7 149.7 149.7 149.7 149.7 149.7 149.7 149.7 149.7 149.7 149.7 149.7 149.7 149.7 149.7 149.7 149.7 149.7 149.7 149.7 149.7 
153.9 153.9 153.9 153.9 153.9 153.9 153.9 153.9 153.9 153.9 153.9 157.7 157.7 157.7 157.7 157.7 157.7 157.7 157.7 157.7 157.7 157.7 157.7 157.7 157.7 157.7 157.7 157.7 157.7 157.7 157.7 157.7 157.7 157.7 157.7 157.7 157.7 157.7 157.7 157.7 157.7 157.7 157.7 157.7 157.7 157.7 157.7 157.7 157.7 157.7 157.7 157.7 157.7 157.7 157.7 157.7 157.7 157.7 157.7 157.7 157.7 157.7 157.7 157.7 157.7 157.7 157.7 157.7 157.7 157.7 157.7 149.7 149.7 149.7 149.7 149.7 149.7 149.7 149.7 149.7 149.7 149.7 149.7 149.7 149.7 149.7 149.7 149.7 149.7 149.7 149.7 149.7 149.7 149.7 149.7 149.7 149.7 149.7 149.7 149.7 
153.9 153.9 153.9 153.9 153.9 153.9 153.9 153.9 153.9 153.9 153.9 157.7 157.7 157.7 157.7 157.7 157.7 157.7 157.7 157.7 157.7 157.7 157.7 157.7 157.7 157.7 157.7 157.7 157.7 157.7 157.7 157.7 157.7 157.7 157.7 157.7 157.7 157.7 157.7 157.7 157.7 157.7 157.7 157.7 157.7 157.7 157.7 157.7 157.7 157.7 157.7 157.7 157.7 157.7 157.7 157.7 157.7 157.7 157.7 157.7 157.7 157.7 157.7 157.7 157.7 157.7 157.7 157.7 157.7 157.7 157.7 149.7 149.7 149.7 149.7 149.7 149.7 149.7 149.7 149.7 149.7 149.7 149.7 149.7 149.7 149.7 149.7 149.7 149.7 149.7 149.7 149.7 149.7 149.7 149.7 149.7 149.7 149.7 149.7 149.7 
153.9 153.9 153.9 153.9 153.9 153.9 153.9 153.9 153.9 153.9 153.9 157.7 157.7 157.7 157.7 157.7 157.7 157.7 157.7 157.7 157.7 157.7 157.7 157.7 157.7 157.7 157.7 157.7 157.7 157.7 157.7 157.7 157.7 157.7 157.7 157.7 157.7 157.7 157.7 157.7 157.7 157.7 157.7 157.7 157.7 157.7 157.7 157.7 157.7 157.7 157.7 157.7 157.7 157.7 157.7 157.7 157.7 157.7 157.7 157.7 157.7 157.7 157.7 157.7 157.7 157.7 157.7 157.7 157.7 157.7 157.7 149.7 149.7 149.7 149.7 149.7 149.7 149.7 149.7 149.7 149.7 149.7 149.7 149.7 149.7 149.7 149.7 149.7 149.7 149.7 149.7 149.7 149.7 149.7 149.7 149.7 149.7 149.7 149.7 149.7 
153.9 153.9 153.9 153.9 153.9 153.9 153.9 153.9 153.9 153.9 153.9 157.7 157.7 157.7 157.7 157.7 157.7 157.7 157.7 157.7 157.7 157.7 157.7 157.7 157.7 157.7 157.7 157.7 157.7 157.7 157.7 157.7 157.7 157.7 157.7 157.7 157.7 157.7 157.7 157.7 157.7 157.7 157.7 157.7 157.7 157.7 157.7 157.7 157.7 157.7 157.7 157.7 157.7 157.7 157.7 157.7 157.7 157.7 157.7 157.7 157.7 157.7 157.7 157.7 157.7 157.7 157.7 157.7 157.7 157.7 157.7 149.7 149.7 149.7 149.7 149.7 149.7 149.7 149.7 149.7 149.7 149.7 149.7 149.7 149.7 149.7 149.7 149.7 149.7 149.7 149.7 149.7 149.7 149.7 149.7 149.7 149.7 149.7 149.7 149.7 
153.9 153.9 153.9 153.9 153.9 153.9 153.9 153.9 153.9 153.9 153.9 157.7 157.7 157.7 157.7 157.7 157.7 157.7 157.7 157.7 157.7 157.7 157.7 157.7 157.7 157.7 157.7 157.7 157.7 157.7 157.7 157.7 157.7 157.7 157.7 157.7 157.7 157.7 157.7 157.7 157.7 157.7 157.7 157.7 157.7 157.7 157.7 157.7 157.7 157.7 157.7 157.7 157.7 157.7 157.7 157.7 157.7 157.7 157.7 157.7 157.7 157.7 157.7 157.7 157.7 157.7 157.7 157.7 157.7 157.7 157.7 149.7 149.7 149.7 149.7 149.7 149.7 149.7 149.7 149.7 149.7 149.7 149.7 149.7 149.7 149.7 149.7 149.7 149.7 149.7 149.7 149.7 149.7 149.7 149.7 149.7 149.7 149.7 149.7 149.7 
153.9 153.9 153.9 153.9 153.9 153.9 153.9 153.9 153.9 153.9 153.9 157.7 157.7 157.7 157.7 157.7 157.7 157.7 157.7 157.7 157.7 157.7 157.7 157.7 157.7 157.7 157.7 157.7 157.7 157.7 157.7 157.7 157.7 157.7 157.7 157.7 157.7 157.7 157.7 157.7 157.7 157.7 157.7 157.7 157.7 157.7 157.7 157.7 157.7 157.7 157.7 157.7 157.7 157.7 157.7 157.7 157.7 157.7 157.7 157.7 157.7 157.7 157.7 157.7 157.7 157.7 157.7 157.7 157.7 157.7 157.7 149.7 149.7 149.7 149.7 149.7 149.7 149.7 149.7 149.7 149.7 149.7 149.7 149.7 149.7 149.7 149.7 149.7 149.7 149.7 149.7 149.7 149.7 149.7 149.7 149.7 149.7 149.7 149.7 149.7 
153.9 153.9 153.9 153.9 153.9 153.9 153.9 153.9 153.9 153.9 153.9 157.7 157.7 157.7 157.7 157.7 157.7 157.7 157.7 157.7 157.7 157.7 157.7 157.7 157.7 157.7 157.7 157.7 157.7 157.7 157.7 157.7 157.7 157.7 157.7 157.7 157.7 157.7 157.7 157.7 157.7 157.7 157.7 157.7 157.7 157.7 157.7 157.7 157.7 157.7 157.7 157.7 157.7 157.7 157.7 157.7 157.7 157.7 157.7 157.7 157.7 157.7 157.7 157.7 157.7 157.7 157.7 157.7 157.7 157.7 157.7 149.7 149.7 149.7 149.7 149.7 149.7 149.7 149.7 149.7 149.7 149.7 149.7 149.7 149.7 149.7 149.7 149.7 149.7 149.7 149.7 149.7 149.7 149.7 149.7 149.7 149.7 149.7 149.7 149.7 
153.9 153.9 153.9 153.9 153.9 153.9 153.9 153.9 153.9 153.9 153.9 157.7 157.7 157.7 157.7 157.7 157.7 157.7 157.7 157.7 157.7 157.7 157.7 157.7 157.7 157.7 157.7 157.7 157.7 157.7 157.7 157.7 157.7 157.7 157.7 157.7 157.7 157.7 157.7 157.7 157.7 157.7 157.7 157.7 157.7 157.7 157.7 157.7 157.7 157.7 157.7 157.7 157.7 157.7 157.7 157.7 157.7 157.7 157.7 157.7 157.7 157.7 157.7 157.7 157.7 157.7 157.7 157.7 157.7 157.7 157.7 149.7 149.7 149.7 149.7 149.7 149.7 149.7 149.7 149.7 149.7 149.7 149.7 149.7 149.7 149.7 149.7 149.7 149.7 149.7 149.7 149.7 149.7 149.7 149.7 149.7 149.7 149.7 149.7 149.7 
153.9 153.9 153.9 153.9 153.9 153.9 153.9 153.9 153.9 153.9 153.9 157.7 157.7 157.7 157.7 157.7 157.7 157.7 157.7 157.7 157.7 157.7 157.7 157.7 157.7 157.7 157.7 157.7 157.7 157.7 157.7 157.7 157.7 157.7 157.7 157.7 157.7 157.7 157.7 157.7 157.7 157.7 157.7 157.7 157.7 157.7 157.7 157.7 157.7 157.7 157.7 157.7 157.7 157.7 157.7 157.7 157.7 157.7 157.7 157.7 157.7 157.7 157.7 157.7 157.7 157.7 157.7 157.7 157.7 157.7 157.7 149.7 149.7 149.7 149.7 149.7 149.7 149.7 149.7 149.7 149.7 149.7 149.7 149.7 149.7 149.7 149.7 149.7 149.7 149.7 149.7 149.7 149.7 149.7 149.7 149.7 149.7 149.7 149.7 149.7 
153.9 153.9 153.9 153.9 153.9 153.9 153.9 153.9 153.9 153.9 153.9 157.7 157.7 157.7 157.7 157.7 157.7 157.7 157.7 157.7 157.7 157.7 157.7 157.7 157.7 157.7 157.7 157.7 157.7 157.7 157.7 157.7 157.7 157.7 157.7 157.7 157.7 157.7 157.7 157.7 157.7 157.7 157.7 157.7 157.7 157.7 157.7 157.7 157.7 157.7 157.7 157.7 157.7 157.7 157.7 157.7 157.7 157.7 157.7 157.7 157.7 157.7 157.7 157.7 157.7 157.7 157.7 157.7 157.7 157.7 157.7 149.7 149.7 149.7 149.7 149.7 149.7 149.7 149.7 149.7 149.7 149.7 149.7 149.7 149.7 149.7 149.7 149.7 149.7 149.7 149.7 149.7 149.7 149.7 149.7 149.7 149.7 149.7 149.7 149.7 
153.9 153.9 153.9 153.9 153.9 153.9 153.9 153.9 153.9 153.9 153.9 157.7 157.7 157.7 157.7 157.7 157.7 157.7 157.7 157.7 157.7 157.7 157.7 157.7 157.7 157.7 157.7 157.7 157.7 157.7 157.7 157.7 157.7 157.7 157.7 157.7 157.7 157.7 157.7 157.7 157.7 157.7 157.7 157.7 157.7 157.7 157.7 157.7 157.7 157.7 157.7 157.7 157.7 157.7 157.7 157.7 157.7 157.7 157.7 157.7 157.7 157.7 157.7 157.7 157.7 157.7 157.7 157.7 157.7 157.7 157.7 149.7 149.7 149.7 149.7 149.7 149.7 149.7 149.7 149.7 149.7 149.7 149.7 149.7 149.7 149.7 149.7 149.7 149.7 149.7 149.7 149.7 149.7 149.7 149.7 149.7 149.7 149.7 149.7 149.7 
153.9 153.9 153.9 153.9 153.9 153.9 153.9 153.9 153.9 153.9 153.9 157.7 157.7 157.7 157.7 157.7 157.7 157.7 157.7 157.7 157.7 157.7 157.7 157.7 157.7 157.7 157.7 157.7 157.7 157.7 157.7 157.7 157.7 157.7 157.7 157.7 157.7 157.7 157.7 157.7 157.7 157.7 157.7 157.7 157.7 157.7 157.7 157.7 157.7 157.7 157.7 157.7 157.7 157.7 157.7 157.7 157.7 157.7 157.7 157.7 157.7 157.7 157.7 157.7 157.7 157.7 157.7 157.7 157.7 157.7 157.7 149.7 149.7 149.7 149.7 149.7 149.7 149.7 149.7 149.7 149.7 149.7 149.7 149.7 149.7 149.7 149.7 149.7 149.7 149.7 149.7 149.7 149.7 149.7 149.7 149.7 149.7 149.7 149.7 149.7 
153.9 153.9 153.9 153.9 153.9 153.9 153.9 153.9 153.9 153.9 153.9 157.7 157.7 157.7 157.7 157.7 157.7 157.7 157.7 157.7 157.7 157.7 157.7 157.7 157.7 157.7 157.7 157.7 157.7 157.7 157.7 157.7 157.7 157.7 157.7 157.7 157.7 157.7 157.7 157.7 157.7 157.7 157.7 157.7 157.7 157.7 157.7 157.7 157.7 157.7 157.7 157.7 157.7 157.7 157.7 157.7 157.7 157.7 157.7 157.7 157.7 157.7 157.7 157.7 157.7 157.7 157.7 157.7 157.7 157.7 157.7 149.7 149.7 149.7 149.7 149.7 149.7 149.7 149.7 149.7 149.7 149.7 149.7 149.7 149.7 149.7 149.7 149.7 149.7 149.7 149.7 149.7 149.7 149.7 149.7 149.7 149.7 149.7 149.7 149.7 
153.9 153.9 153.9 153.9 153.9 153.9 153.9 153.9 153.9 153.9 153.9 157.7 157.7 157.7 157.7 157.7 157.7 157.7 157.7 157.7 157.7 157.7 157.7 157.7 157.7 157.7 157.7 157.7 157.7 157.7 157.7 157.7 157.7 157.7 157.7 157.7 157.7 157.7 157.7 157.7 157.7 157.7 157.7 157.7 157.7 157.7 157.7 157.7 157.7 157.7 157.7 157.7 157.7 157.7 157.7 157.7 157.7 157.7 157.7 157.7 157.7 157.7 157.7 157.7 157.7 157.7 157.7 157.7 157.7 157.7 157.7 149.7 149.7 149.7 149.7 149.7 149.7 149.7 149.7 149.7 149.7 149.7 149.7 149.7 149.7 149.7 149.7 149.7 149.7 149.7 149.7 149.7 149.7 149.7 149.7 149.7 149.7 149.7 149.7 149.7 
153.9 153.9 153.9 153.9 153.9 153.9 153.9 153.9 153.9 153.9 153.9 157.7 157.7 157.7 157.7 157.7 157.7 157.7 157.7 157.7 157.7 157.7 157.7 157.7 157.7 157.7 157.7 157.7 157.7 157.7 157.7 157.7 157.7 157.7 157.7 157.7 157.7 157.7 157.7 157.7 157.7 157.7 157.7 157.7 157.7 157.7 157.7 157.7 157.7 157.7 157.7 157.7 157.7 157.7 157.7 157.7 157.7 157.7 157.7 157.7 157.7 157.7 157.7 157.7 157.7 157.7 157.7 157.7 157.7 157.7 157.7 149.7 149.7 149.7 149.7 149.7 149.7 149.7 149.7 149.7 149.7 149.7 149.7 149.7 149.7 149.7 149.7 149.7 149.7 149.7 149.7 149.7 149.7 149.7 149.7 149.7 149.7 149.7 149.7 149.7 
153.9 153.9 153.9 153.9 153.9 153.9 153.9 153.9 153.9 153.9 153.9 157.7 157.7 157.7 157.7 157.7 157.7 157.7 157.7 157.7 157.7 157.7 157.7 157.7 157.7 157.7 157.7 157.7 157.7 157.7 157.7 157.7 157.7 157.7 157.7 157.7 157.7 157.7 157.7 157.7 157.7 157.7 157.7 157.7 157.7 157.7 157.7 157.7 157.7 157.7 157.7 157.7 157.7 157.7 157.7 157.7 157.7 157.7 157.7 157.7 157.7 157.7 157.7 157.7 157.7 157.7 157.7 157.7 157.7 157.7 157.7 149.7 149.7 149.7 149.7 149.7 149.7 149.7 149.7 149.7 149.7 149.7 149.7 149.7 149.7 149.7 149.7 149.7 149.7 149.7 149.7 149.7 149.7 149.7 149.7 149.7 149.7 149.7 149.7 149.7 
153.9 153.9 153.9 153.9 153.9 153.9 153.9 153.9 153.9 153.9 153.9 157.7 157.7 157.7 157.7 157.7 157.7 157.7 157.7 157.7 157.7 157.7 157.7 157.7 157.7 157.7 157.7 157.7 157.7 157.7 157.7 157.7 157.7 157.7 157.7 157.7 157.7 157.7 157.7 157.7 157.7 157.7 157.7 157.7 157.7 157.7 157.7 157.7 157.7 157.7 157.7 157.7 157.7 157.7 157.7 157.7 157.7 157.7 157.7 157.7 157.7 157.7 157.7 157.7 157.7 157.7 157.7 157.7 157.7 157.7 157.7 149.7 149.7 149.7 149.7 149.7 149.7 149.7 149.7 149.7 149.7 149.7 149.7 149.7 149.7 149.7 149.7 149.7 149.7 149.7 149.7 149.7 149.7 149.7 149.7 149.7 149.7 149.7 149.7 149.7 
153.9 153.9 153.9 153.9 153.9 153.9 153.9 153.9 153.9 153.9 153.9 157.7 157.7 157.7 157.7 157.7 157.7 157.7 157.7 157.7 157.7 157.7 157.7 157.7 157.7 157.7 157.7 157.7 157.7 157.7 157.7 157.7 157.7 157.7 157.7 157.7 157.7 157.7 157.7 157.7 157.7 157.7 157.7 157.7 157.7 157.7 157.7 157.7 157.7 157.7 157.7 157.7 157.7 157.7 157.7 157.7 157.7 157.7 157.7 157.7 157.7 157.7 157.7 157.7 157.7 157.7 157.7 157.7 157.7 157.7 157.7 149.7 149.7 149.7 149.7 149.7 149.7 149.7 149.7 149.7 149.7 149.7 149.7 149.7 149.7 149.7 149.7 149.7 149.7 149.7 149.7 149.7 149.7 149.7 149.7 149.7 149.7 149.7 149.7 149.7 
153.9 153.9 153.9 153.9 153.9 153.9 153.9 153.9 153.9 153.9 153.9 157.7 157.7 157.7 157.7 157.7 157.7 157.7 157.7 157.7 157.7 157.7 157.7 157.7 157.7 157.7 157.7 157.7 157.7 157.7 157.7 157.7 157.7 157.7 157.7 157.7 157.7 157.7 157.7 157.7 157.7 157.7 157.7 157.7 157.7 157.7 157.7 157.7 157.7 157.7 157.7 157.7 157.7 157.7 157.7 157.7 157.7 157.7 157.7 157.7 157.7 157.7 157.7 157.7 157.7 157.7 157.7 157.7 157.7 157.7 157.7 149.7 149.7 149.7 149.7 149.7 149.7 149.7 149.7 149.7 149.7 149.7 149.7 149.7 149.7 149.7 149.7 149.7 149.7 149.7 149.7 149.7 149.7 149.7 149.7 149.7 149.7 149.7 149.7 149.7 
153.9 153.9 153.9 153.9 153.9 153.9 153.9 153.9 153.9 153.9 153.9 157.7 157.7 157.7 157.7 157.7 157.7 157.7 157.7 157.7 157.7 157.7 157.7 157.7 157.7 157.7 157.7 157.7 157.7 157.7 157.7 157.7 157.7 157.7 157.7 157.7 157.7 157.7 157.7 157.7 157.7 157.7 157.7 157.7 157.7 157.7 157.7 157.7 157.7 157.7 157.7 157.7 157.7 157.7 157.7 157.7 157.7 157.7 157.7 157.7 157.7 157.7 157.7 157.7 157.7 157.7 157.7 157.7 157.7 157.7 157.7 149.7 149.7 149.7 149.7 149.7 149.7 149.7 149.7 149.7 149.7 149.7 149.7 149.7 149.7 149.7 149.7 149.7 149.7 149.7 149.7 149.7 149.7 149.7 149.7 149.7 149.7 149.7 149.7 149.7 
153.9 153.9 153.9 153.9 153.9 153.9 153.9 153.9 153.9 153.9 153.9 157.7 157.7 157.7 157.7 157.7 157.7 157.7 157.7 157.7 157.7 157.7 157.7 157.7 157.7 157.7 157.7 157.7 157.7 157.7 157.7 157.7 157.7 157.7 157.7 157.7 157.7 157.7 157.7 157.7 157.7 157.7 157.7 157.7 157.7 157.7 157.7 157.7 157.7 157.7 157.7 157.7 157.7 157.7 157.7 157.7 157.7 157.7 157.7 157.7 157.7 157.7 157.7 157.7 157.7 157.7 157.7 157.7 157.7 157.7 157.7 149.7 149.7 149.7 149.7 149.7 149.7 149.7 149.7 149.7 149.7 149.7 149.7 149.7 149.7 149.7 149.7 149.7 149.7 149.7 149.7 149.7 149.7 149.7 149.7 149.7 149.7 149.7 149.7 149.7 
153.9 153.9 153.9 153.9 153.9 153.9 153.9 153.9 153.9 153.9 153.9 157.7 157.7 157.7 157.7 157.7 157.7 157.7 157.7 157.7 157.7 157.7 157.7 157.7 157.7 157.7 157.7 157.7 157.7 157.7 157.7 157.7 157.7 157.7 157.7 157.7 157.7 157.7 157.7 157.7 157.7 157.7 157.7 157.7 157.7 157.7 157.7 157.7 157.7 157.7 157.7 157.7 157.7 157.7 157.7 157.7 157.7 157.7 157.7 157.7 157.7 157.7 157.7 157.7 157.7 157.7 157.7 157.7 157.7 157.7 157.7 149.7 149.7 149.7 149.7 149.7 149.7 149.7 149.7 149.7 149.7 149.7 149.7 149.7 149.7 149.7 149.7 149.7 149.7 149.7 149.7 149.7 149.7 149.7 149.7 149.7 149.7 149.7 149.7 149.7 
153.9 153.9 153.9 153.9 153.9 153.9 153.9 153.9 153.9 153.9 153.9 157.7 157.7 157.7 157.7 157.7 157.7 157.7 157.7 157.7 157.7 157.7 157.7 157.7 157.7 157.7 157.7 157.7 157.7 157.7 157.7 157.7 157.7 157.7 157.7 157.7 157.7 157.7 157.7 157.7 157.7 157.7 157.7 157.7 157.7 157.7 157.7 157.7 157.7 157.7 157.7 157.7 157.7 157.7 157.7 157.7 157.7 157.7 157.7 157.7 157.7 157.7 157.7 157.7 157.7 157.7 157.7 157.7 157.7 157.7 157.7 149.7 149.7 149.7 149.7 149.7 149.7 149.7 149.7 149.7 149.7 149.7 149.7 149.7 149.7 149.7 149.7 149.7 149.7 149.7 149.7 149.7 149.7 149.7 149.7 149.7 149.7 149.7 149.7 149.7 
153.9 153.9 153.9 153.9 153.9 153.9 153.9 153.9 153.9 153.9 153.9 157.7 157.7 157.7 157.7 157.7 157.7 157.7 157.7 157.7 157.7 157.7 157.7 157.7 157.7 157.7 157.7 157.7 157.7 157.7 157.7 157.7 157.7 157.7 157.7 157.7 157.7 157.7 157.7 157.7 157.7 157.7 157.7 157.7 157.7 157.7 157.7 157.7 157.7 157.7 157.7 157.7 157.7 157.7 157.7 157.7 157.7 157.7 157.7 157.7 157.7 157.7 157.7 157.7 157.7 157.7 157.7 157.7 157.7 157.7 157.7 149.7 149.7 149.7 149.7 149.7 149.7 149.7 149.7 149.7 149.7 149.7 149.7 149.7 149.7 149.7 149.7 149.7 149.7 149.7 149.7 149.7 149.7 149.7 149.7 149.7 149.7 149.7 149.7 149.7 
153.9 153.9 153.9 153.9 153.9 153.9 153.9 153.9 153.9 153.9 153.9 157.7 157.7 157.7 157.7 157.7 157.7 157.7 157.7 157.7 157.7 157.7 157.7 157.7 157.7 157.7 157.7 157.7 157.7 157.7 157.7 157.7 157.7 157.7 157.7 157.7 157.7 157.7 157.7 157.7 157.7 157.7 157.7 157.7 157.7 157.7 157.7 157.7 157.7 157.7 157.7 157.7 157.7 157.7 157.7 157.7 157.7 157.7 157.7 157.7 157.7 157.7 157.7 157.7 157.7 157.7 157.7 157.7 157.7 157.7 157.7 149.7 149.7 149.7 149.7 149.7 149.7 149.7 149.7 149.7 149.7 149.7 149.7 149.7 149.7 149.7 149.7 149.7 149.7 149.7 149.7 149.7 149.7 149.7 149.7 149.7 149.7 149.7 149.7 149.7 
153.9 153.9 153.9 153.9 153.9 153.9 153.9 153.9 153.9 153.9 153.9 157.7 157.7 157.7 157.7 157.7 157.7 157.7 157.7 157.7 157.7 157.7 157.7 157.7 157.7 157.7 157.7 157.7 157.7 157.7 157.7 157.7 157.7 157.7 157.7 157.7 157.7 157.7 157.7 157.7 157.7 157.7 157.7 157.7 157.7 157.7 157.7 157.7 157.7 157.7 157.7 157.7 157.7 157.7 157.7 157.7 157.7 157.7 157.7 157.7 157.7 157.7 157.7 157.7 157.7 157.7 157.7 157.7 157.7 157.7 157.7 149.7 149.7 149.7 149.7 149.7 149.7 149.7 149.7 149.7 149.7 149.7 149.7 149.7 149.7 149.7 149.7 149.7 149.7 149.7 149.7 149.7 149.7 149.7 149.7 149.7 149.7 149.7 149.7 149.7 
153.9 153.9 153.9 153.9 153.9 153.9 153.9 153.9 153.9 153.9 153.9 157.7 157.7 157.7 157.7 157.7 157.7 157.7 157.7 157.7 157.7 157.7 157.7 157.7 157.7 157.7 157.7 157.7 157.7 157.7 157.7 157.7 157.7 157.7 157.7 157.7 157.7 157.7 157.7 157.7 157.7 157.7 157.7 157.7 157.7 157.7 157.7 157.7 157.7 157.7 157.7 157.7 157.7 157.7 157.7 157.7 157.7 157.7 157.7 157.7 157.7 157.7 157.7 157.7 157.7 157.7 157.7 157.7 157.7 157.7 157.7 149.7 149.7 149.7 149.7 149.7 149.7 149.7 149.7 149.7 149.7 149.7 149.7 149.7 149.7 149.7 149.7 149.7 149.7 149.7 149.7 149.7 149.7 149.7 149.7 149.7 149.7 149.7 149.7 149.7 
153.9 153.9 153.9 153.9 153.9 153.9 153.9 153.9 153.9 153.9 153.9 157.7 157.7 157.7 157.7 157.7 157.7 157.7 157.7 157.7 157.7 157.7 157.7 157.7 157.7 157.7 157.7 157.7 157.7 157.7 157.7 157.7 157.7 157.7 157.7 157.7 157.7 157.7 157.7 157.7 157.7 157.7 157.7 157.7 157.7 157.7 157.7 157.7 157.7 157.7 157.7 157.7 157.7 157.7 157.7 157.7 157.7 157.7 157.7 157.7 157.7 157.7 157.7 157.7 157.7 157.7 157.7 157.7 157.7 157.7 157.7 149.7 149.7 149.7 149.7 149.7 149.7 149.7 149.7 149.7 149.7 149.7 149.7 149.7 149.7 149.7 149.7 149.7 149.7 149.7 149.7 149.7 149.7 149.7 149.7 149.7 149.7 149.7 149.7 149.7 
