ncols         100
nrows         100
xllcorner     -59982.863281
yllcorner     1851083.022172
cellsize      1000
NODATA_value  -9999
4.02 4.02 4.02 4.02 4.02 4.02 4.02 4.02 4.02 4.02 4.02 2.8 2.8 2.8 2.8 2.8 2.8 2.8 2.8 2.8 2.8 2.8 2.8 2.8 2.8 2.8 2.8 2.8 2.8 2.8 2.8 2.8 2.8 2.8 2.8 2.8 2.8 2.8 2.8 2.8 2.8 2.8 2.8 2.8 2.8 2.8 2.8 2.8 2.8 2.8 2.8 2.8 2.8 2.8 2.8 2.8 2.8 2.8 2.8 2.8 2.8 2.8 2.8 2.8 2.8 2.8 2.8 2.8 2.8 2.8 2.8 2.52 2.52 2.52 2.52 2.52 2.52 2.52 2.52 2.52 2.52 2.52 2.52 2.52 2.52 2.52 2.52 2.52 2.52 2.52 2.52 2.52 2.52 2.52 2.52 2.52 2.52 2.52 2.52 2.52 
4.02 4.02 4.02 4.02 4.02 4.02 4.02 4.02 4.02 4.02 4.02 2.8 2.8 2.8 2.8 2.8 2.8 2.8 2.8 2.8 2.8 2.8 2.8 2.8 2.8 2.8 2.8 2.8 2.8 2.8 2.8 2.8 2.8 2.8 2.8 2.8 2.8 2.8 2.8 2.8 2.8 2.8 2.8 2.8 2.8 2.8 2.8 2.8 2.8 2.8 2.8 2.8 2.8 2.8 2.8 2.8 2.8 2.8 2.8 2.8 2.8 2.8 2.8 2.8 2.8 2.8 2.8 2.8 2.8 2.8 2.8 2.52 2.52 2.52 2.52 2.52 2.52 2.52 2.52 2.52 2.52 2.52 2.52 2.52 2.52 2.52 2.52 2.52 2.52 2.52 2.52 2.52 2.52 2.52 2.52 2.52 2.52 2.52 2.52 2.52 
4.02 4.02 4.02 4.02 4.02 4.02 4.02 4.02 4.02 4.02 4.02 2.8 2.8 2.8 2.8 2.8 2.8 2.8 2.8 2.8 2.8 2.8 2.8 2.8 2.8 2.8 2.8 2.8 2.8 2.8 2.8 2.8 2.8 2.8 2.8 2.8 2.8 2.8 2.8 2.8 2.8 2.8 2.8 2.8 2.8 2.8 2.8 2.8 2.8 2.8 2.8 2.8 2.8 2.8 2.8 2.8 2.8 2.8 2.8 2.8 2.8 2.8 2.8 2.8 2.8 2.8 2.8 2.8 2.8 2.8 2.8 2.52 2.52 2.52 2.52 2.52 2.52 2.52 2.52 2.52 2.52 2.52 2.52 2.52 2.52 2.52 2.52 2.52 2.52 2.52 2.52 2.52 2.52 2.52 2.52 2.52 2.52 2.52 2.52 2.52 
4.02 4.02 4.02 4.02 4.02 4.02 4.02 4.02 4.02 4.02 4.02 2.8 2.8 2.8 2.8 2.8 2.8 2.8 2.8 2.8 2.8 2.8 2.8 2.8 2.8 2.8 2.8 2.8 2.8 2.8 2.8 2.8 2.8 2.8 2.8 2.8 2.8 2.8 2.8 2.8 2.8 2.8 2.8 2.8 2.8 2.8 2.8 2.8 2.8 2.8 2.8 2.8 2.8 2.8 2.8 2.8 2.8 2.8 2.8 2.8 2.8 2.8 2.8 2.8 2.8 2.8 2.8 2.8 2.8 2.8 2.8 2.52 2.52 2.52 2.52 2.52 2.52 2.52 2.52 2.52 2.52 2.52 2.52 2.52 2.52 2.52 2.52 2.52 2.52 2.52 2.52 2.52 2.52 2.52 2.52 2.52 2.52 2.52 2.52 2.52 
4.02 4.02 4.02 4.02 4.02 4.02 4.02 4.02 4.02 4.02 4.02 2.8 2.8 2.8 2.8 2.8 2.8 2.8 2.8 2.8 2.8 2.8 2.8 2.8 2.8 2.8 2.8 2.8 2.8 2.8 2.8 2.8 2.8 2.8 2.8 2.8 2.8 2.8 2.8 2.8 2.8 2.8 2.8 2.8 2.8 2.8 2.8 2.8 2.8 2.8 2.8 2.8 2.8 2.8 2.8 2.8 2.8 2.8 2.8 2.8 2.8 2.8 2.8 2.8 2.8 2.8 2.8 2.8 2.8 2.8 2.8 2.52 2.52 2.52 2.52 2.52 2.52 2.52 2.52 2.52 2.52 2.52 2.52 2.52 2.52 2.52 2.52 2.52 2.52 2.52 2.52 2.52 2.52 2.52 2.52 2.52 2.52 2.52 2.52 2.52 
4.02 4.02 4.02 4.02 4.02 4.02 4.02 4.02 4.02 4.02 4.02 2.8 2.8 2.8 2.8 2.8 2.8 2.8 2.8 2.8 2.8 2.8 2.8 2.8 2.8 2.8 2.8 2.8 2.8 2.8 2.8 2.8 2.8 2.8 2.8 2.8 2.8 2.8 2.8 2.8 2.8 2.8 2.8 2.8 2.8 2.8 2.8 2.8 2.8 2.8 2.8 2.8 2.8 2.8 2.8 2.8 2.8 2.8 2.8 2.8 2.8 2.8 2.8 2.8 2.8 2.8 2.8 2.8 2.8 2.8 2.8 2.52 2.52 2.52 2.52 2.52 2.52 2.52 2.52 2.52 2.52 2.52 2.52 2.52 2.52 2.52 2.52 2.52 2.52 2.52 2.52 2.52 2.52 2.52 2.52 2.52 2.52 2.52 2.52 2.52 
4.02 4.02 4.02 4.02 4.02 4.02 4.02 4.02 4.02 4.02 4.02 2.8 2.8 2.8 2.8 2.8 2.8 2.8 2.8 2.8 2.8 2.8 2.8 2.8 2.8 2.8 2.8 2.8 2.8 2.8 2.8 2.8 2.8 2.8 2.8 2.8 2.8 2.8 2.8 2.8 2.8 2.8 2.8 2.8 2.8 2.8 2.8 2.8 2.8 2.8 2.8 2.8 2.8 2.8 2.8 2.8 2.8 2.8 2.8 2.8 2.8 2.8 2.8 2.8 2.8 2.8 2.8 2.8 2.8 2.8 2.8 2.52 2.52 2.52 2.52 2.52 2.52 2.52 2.52 2.52 2.52 2.52 2.52 2.52 2.52 2.52 2.52 2.52 2.52 2.52 2.52 2.52 2.52 2.52 2.52 2.52 2.52 2.52 2.52 2.52 
4.02 4.02 4.02 4.02 4.02 4.02 4.02 4.02 4.02 4.02 4.02 2.8 2.8 2.8 2.8 2.8 2.8 2.8 2.8 2.8 2.8 2.8 2.8 2.8 2.8 2.8 2.8 2.8 2.8 2.8 2.8 2.8 2.8 2.8 2.8 2.8 2.8 2.8 2.8 2.8 2.8 2.8 2.8 2.8 2.8 2.8 2.8 2.8 2.8 2.8 2.8 2.8 2.8 2.8 2.8 2.8 2.8 2.8 2.8 2.8 2.8 2.8 2.8 2.8 2.8 2.8 2.8 2.8 2.8 2.8 2.8 2.52 2.52 2.52 2.52 2.52 2.52 2.52 2.52 2.52 2.52 2.52 2.52 2.52 2.52 2.52 2.52 2.52 2.52 2.52 2.52 2.52 2.52 2.52 2.52 2.52 2.52 2.52 2.52 2.52 
4.02 4.02 4.02 4.02 4.02 4.02 4.02 4.02 4.02 4.02 4.02 2.8 2.8 2.8 2.8 2.8 2.8 2.8 2.8 2.8 2.8 2.8 2.8 2.8 2.8 2.8 2.8 2.8 2.8 2.8 2.8 2.8 2.8 2.8 2.8 2.8 2.8 2.8 2.8 2.8 2.8 2.8 2.8 2.8 2.8 2.8 2.8 2.8 2.8 2.8 2.8 2.8 2.8 2.8 2.8 2.8 2.8 2.8 2.8 2.8 2.8 2.8 2.8 2.8 2.8 2.8 2.8 2.8 2.8 2.8 2.8 2.52 2.52 2.52 2.52 2.52 2.52 2.52 2.52 2.52 2.52 2.52 2.52 2.52 2.52 2.52 2.52 2.52 2.52 2.52 2.52 2.52 2.52 2.52 2.52 2.52 2.52 2.52 2.52 2.52 
4.02 4.02 4.02 4.02 4.02 4.02 4.02 4.02 4.02 4.02 4.02 3.92 3.92 3.92 3.92 3.92 3.92 3.92 3.92 3.92 3.92 3.92 3.92 3.92 3.92 3.92 3.92 3.92 3.92 3.92 3.92 3.92 3.92 3.92 3.92 3.92 3.92 3.92 3.92 3.92 3.92 3.92 3.92 3.92 3.92 3.92 3.92 3.92 3.92 3.92 3.92 3.92 3.92 3.92 3.92 3.92 3.92 3.92 3.92 3.92 3.92 3.92 3.92 3.92 3.92 3.92 3.92 3.92 3.92 3.92 3.92 3.98 3.98 3.98 3.98 3.98 3.98 3.98 3.98 3.98 3.98 3.98 3.98 3.98 3.98 3.98 3.98 3.98 3.98 3.98 3.98 3.98 3.98 3.98 3.98 3.98 3.98 3.98 3.98 3.98 
4.02 4.02 4.02 4.02 4.02 4.02 4.02 4.02 4.02 4.02 4.02 3.92 3.92 3.92 3.92 3.92 3.92 3.92 3.92 3.92 3.92 3.92 3.92 3.92 3.92 3.92 3.92 3.92 3.92 3.92 3.92 3.92 3.92 3.92 3.92 3.92 3.92 3.92 3.92 3.92 3.92 3.92 3.92 3.92 3.92 3.92 3.92 3.92 3.92 3.92 3.92 3.92 3.92 3.92 3.92 3.92 3.92 3.92 3.92 3.92 3.92 3.92 3.92 3.92 3.92 3.92 3.92 3.92 3.92 3.92 3.92 3.98 3.98 3.98 3.98 3.98 3.98 3.98 3.98 3.98 3.98 3.98 3.98 3.98 3.98 3.98 3.98 3.98 3.98 3.98 3.98 3.98 3.98 3.98 3.98 3.98 3.98 3.98 3.98 3.98 
4.02 4.02 4.02 4.02 4.02 4.02 4.02 4.02 4.02 4.02 4.02 3.92 3.92 3.92 3.92 3.92 3.92 3.92 3.92 3.92 3.92 3.92 3.92 3.92 3.92 3.92 3.92 3.92 3.92 3.92 3.92 3.92 3.92 3.92 3.92 3.92 3.92 3.92 3.92 3.92 3.92 3.92 3.92 3.92 3.92 3.92 3.92 3.92 3.92 3.92 3.92 3.92 3.92 3.92 3.92 3.92 3.92 3.92 3.92 3.92 3.92 3.92 3.92 3.92 3.92 3.92 3.92 3.92 3.92 3.92 3.92 3.98 3.98 3.98 3.98 3.98 3.98 3.98 3.98 3.98 3.98 3.98 3.98 3.98 3.98 3.98 3.98 3.98 3.98 3.98 3.98 3.98 3.98 3.98 3.98 3.98 3.98 3.98 3.98 3.98 
4.02 4.02 4.02 4.02 4.02 4.02 4.02 4.02 4.02 4.02 4.02 3.92 3.92 3.92 3.92 3.92 3.92 3.92 3.92 3.92 3.92 3.92 3.92 3.92 3.92 3.92 3.92 3.92 3.92 3.92 3.92 3.92 3.92 3.92 3.92 3.92 3.92 3.92 3.92 3.92 3.92 3.92 3.92 3.92 3.92 3.92 3.92 3.92 3.92 3.92 3.92 3.92 3.92 3.92 3.92 3.92 3.92 3.92 3.92 3.92 3.92 3.92 3.92 3.92 3.92 3.92 3.92 3.92 3.92 3.92 3.92 3.98 3.98 3.98 3.98 3.98 3.98 3.98 3.98 3.98 3.98 3.98 3.98 3.98 3.98 3.98 3.98 3.98 3.98 3.98 3.98 3.98 3.98 3.98 3.98 3.98 3.98 3.98 3.98 3.98 
4.02 4.02 4.02 4.02 4.02 4.02 4.02 4.02 4.02 4.02 4.02 3.92 3.92 3.92 3.92 3.92 3.92 3.92 3.92 3.92 3.92 3.92 3.92 3.92 3.92 3.92 3.92 3.92 3.92 3.92 3.92 3.92 3.92 3.92 3.92 3.92 3.92 3.92 3.92 3.92 3.92 3.92 3.92 3.92 3.92 3.92 3.92 3.92 3.92 3.92 3.92 3.92 3.92 3.92 3.92 3.92 3.92 3.92 3.92 3.92 3.92 3.92 3.92 3.92 3.92 3.92 3.92 3.92 3.92 3.92 3.92 3.98 3.98 3.98 3.98 3.98 3.98 3.98 3.98 3.98 3.98 3.98 3.98 3.98 3.98 3.98 3.98 3.98 3.98 3.98 3.98 3.98 3.98 3.98 3.98 3.98 3.98 3.98 3.98 3.98 
4.02 4.02 4.02 4.02 4.02 4.02 4.02 4.02 4.02 4.02 4.02 3.92 3.92 3.92 3.92 3.92 3.92 3.92 3.92 3.92 3.92 3.92 3.92 3.92 3.92 3.92 3.92 3.92 3.92 3.92 3.92 3.92 3.92 3.92 3.92 3.92 3.92 3.92 3.92 3.92 3.92 3.92 3.92 3.92 3.92 3.92 3.92 3.92 3.92 3.92 3.92 3.92 3.92 3.92 3.92 3.92 3.92 3.92 3.92 3.92 3.92 3.92 3.92 3.92 3.92 3.92 3.92 3.92 3.92 3.92 3.92 3.98 3.98 3.98 3.98 3.98 3.98 3.98 3.98 3.98 3.98 3.98 3.98 3.98 3.98 3.98 3.98 3.98 3.98 3.98 3.98 3.98 3.98 3.98 3.98 3.98 3.98 3.98 3.98 3.98 
4.02 4.02 4.02 4.02 4.02 4.02 4.02 4.02 4.02 4.02 4.02 3.92 3.92 3.92 3.92 3.92 3.92 3.92 3.92 3.92 3.92 3.92 3.92 3.92 3.92 3.92 3.92 3.92 3.92 3.92 3.92 3.92 3.92 3.92 3.92 3.92 3.92 3.92 3.92 3.92 3.92 3.92 3.92 3.92 3.92 3.92 3.92 3.92 3.92 3.92 3.92 3.92 3.92 3.92 3.92 3.92 3.92 3.92 3.92 3.92 3.92 3.92 3.92 3.92 3.92 3.92 3.92 3.92 3.92 3.92 3.92 3.98 3.98 3.98 3.98 3.98 3.98 3.98 3.98 3.98 3.98 3.98 3.98 3.98 3.98 3.98 3.98 3.98 3.98 3.98 3.98 3.98 3.98 3.98 3.98 3.98 3.98 3.98 3.98 3.98 
4.02 4.02 4.02 4.02 4.02 4.02 4.02 4.02 4.02 4.02 4.02 3.92 3.92 3.92 3.92 3.92 3.92 3.92 3.92 3.92 3.92 3.92 3.92 3.92 3.92 3.92 3.92 3.92 3.92 3.92 3.92 3.92 3.92 3.92 3.92 3.92 3.92 3.92 3.92 3.92 3.92 3.92 3.92 3.92 3.92 3.92 3.92 3.92 3.92 3.92 3.92 3.92 3.92 3.92 3.92 3.92 3.92 3.92 3.92 3.92 3.92 3.92 3.92 3.92 3.92 3.92 3.92 3.92 3.92 3.92 3.92 3.98 3.98 3.98 3.98 3.98 3.98 3.98 3.98 3.98 3.98 3.98 3.98 3.98 3.98 3.98 3.98 3.98 3.98 3.98 3.98 3.98 3.98 3.98 3.98 3.98 3.98 3.98 3.98 3.98 
4.02 4.02 4.02 4.02 4.02 4.02 4.02 4.02 4.02 4.02 4.02 3.92 3.92 3.92 3.92 3.92 3.92 3.92 3.92 3.92 3.92 3.92 3.92 3.92 3.92 3.92 3.92 3.92 3.92 3.92 3.92 3.92 3.92 3.92 3.92 3.92 3.92 3.92 3.92 3.92 3.92 3.92 3.92 3.92 3.92 3.92 3.92 3.92 3.92 3.92 3.92 3.92 3.92 3.92 3.92 3.92 3.92 3.92 3.92 3.92 3.92 3.92 3.92 3.92 3.92 3.92 3.92 3.92 3.92 3.92 3.92 3.98 3.98 3.98 3.98 3.98 3.98 3.98 3.98 3.98 3.98 3.98 3.98 3.98 3.98 3.98 3.98 3.98 3.98 3.98 3.98 3.98 3.98 3.98 3.98 3.98 3.98 3.98 3.98 3.98 
4.02 4.02 4.02 4.02 4.02 4.02 4.02 4.02 4.02 4.02 4.02 3.92 3.92 3.92 3.92 3.92 3.92 3.92 3.92 3.92 3.92 3.92 3.92 3.92 3.92 3.92 3.92 3.92 3.92 3.92 3.92 3.92 3.92 3.92 3.92 3.92 3.92 3.92 3.92 3.92 3.92 3.92 3.92 3.92 3.92 3.92 3.92 3.92 3.92 3.92 3.92 3.92 3.92 3.92 3.92 3.92 3.92 3.92 3.92 3.92 3.92 3.92 3.92 3.92 3.92 3.92 3.92 3.92 3.92 3.92 3.92 3.98 3.98 3.98 3.98 3.98 3.98 3.98 3.98 3.98 3.98 3.98 3.98 3.98 3.98 3.98 3.98 3.98 3.98 3.98 3.98 3.98 3.98 3.98 3.98 3.98 3.98 3.98 3.98 3.98 
4.02 4.02 4.02 4.02 4.02 4.02 4.02 4.02 4.02 4.02 4.02 3.92 3.92 3.92 3.92 3.92 3.92 3.92 3.92 3.92 3.92 3.92 3.92 3.92 3.92 3.92 3.92 3.92 3.92 3.92 3.92 3.92 3.92 3.92 3.92 3.92 3.92 3.92 3.92 3.92 3.92 3.92 3.92 3.92 3.92 3.92 3.92 3.92 3.92 3.92 3.92 3.92 3.92 3.92 3.92 3.92 3.92 3.92 3.92 3.92 3.92 3.92 3.92 3.92 3.92 3.92 3.92 3.92 3.92 3.92 3.92 3.98 3.98 3.98 3.98 3.98 3.98 3.98 3.98 3.98 3.98 3.98 3.98 3.98 3.98 3.98 3.98 3.98 3.98 3.98 3.98 3.98 3.98 3.98 3.98 3.98 3.98 3.98 3.98 3.98 
4.02 4.02 4.02 4.02 4.02 4.02 4.02 4.02 4.02 4.02 4.02 3.92 3.92 3.92 3.92 3.92 3.92 3.92 3.92 3.92 3.92 3.92 3.92 3.92 3.92 3.92 3.92 3.92 3.92 3.92 3.92 3.92 3.92 3.92 3.92 3.92 3.92 3.92 3.92 3.92 3.92 3.92 3.92 3.92 3.92 3.92 3.92 3.92 3.92 3.92 3.92 3.92 3.92 3.92 3.92 3.92 3.92 3.92 3.92 3.92 3.92 3.92 3.92 3.92 3.92 3.92 3.92 3.92 3.92 3.92 3.92 3.98 3.98 3.98 3.98 3.98 3.98 3.98 3.98 3.98 3.98 3.98 3.98 3.98 3.98 3.98 3.98 3.98 3.98 3.98 3.98 3.98 3.98 3.98 3.98 3.98 3.98 3.98 3.98 3.98 
4.02 4.02 4.02 4.02 4.02 4.02 4.02 4.02 4.02 4.02 4.02 3.92 3.92 3.92 3.92 3.92 3.92 3.92 3.92 3.92 3.92 3.92 3.92 3.92 3.92 3.92 3.92 3.92 3.92 3.92 3.92 3.92 3.92 3.92 3.92 3.92 3.92 3.92 3.92 3.92 3.92 3.92 3.92 3.92 3.92 3.92 3.92 3.92 3.92 3.92 3.92 3.92 3.92 3.92 3.92 3.92 3.92 3.92 3.92 3.92 3.92 3.92 3.92 3.92 3.92 3.92 3.92 3.92 3.92 3.92 3.92 3.98 3.98 3.98 3.98 3.98 3.98 3.98 3.98 3.98 3.98 3.98 3.98 3.98 3.98 3.98 3.98 3.98 3.98 3.98 3.98 3.98 3.98 3.98 3.98 3.98 3.98 3.98 3.98 3.98 
4.02 4.02 4.02 4.02 4.02 4.02 4.02 4.02 4.02 4.02 4.02 3.92 3.92 3.92 3.92 3.92 3.92 3.92 3.92 3.92 3.92 3.92 3.92 3.92 3.92 3.92 3.92 3.92 3.92 3.92 3.92 3.92 3.92 3.92 3.92 3.92 3.92 3.92 3.92 3.92 3.92 3.92 3.92 3.92 3.92 3.92 3.92 3.92 3.92 3.92 3.92 3.92 3.92 3.92 3.92 3.92 3.92 3.92 3.92 3.92 3.92 3.92 3.92 3.92 3.92 3.92 3.92 3.92 3.92 3.92 3.92 3.98 3.98 3.98 3.98 3.98 3.98 3.98 3.98 3.98 3.98 3.98 3.98 3.98 3.98 3.98 3.98 3.98 3.98 3.98 3.98 3.98 3.98 3.98 3.98 3.98 3.98 3.98 3.98 3.98 
4.02 4.02 4.02 4.02 4.02 4.02 4.02 4.02 4.02 4.02 4.02 3.92 3.92 3.92 3.92 3.92 3.92 3.92 3.92 3.92 3.92 3.92 3.92 3.92 3.92 3.92 3.92 3.92 3.92 3.92 3.92 3.92 3.92 3.92 3.92 3.92 3.92 3.92 3.92 3.92 3.92 3.92 3.92 3.92 3.92 3.92 3.92 3.92 3.92 3.92 3.92 3.92 3.92 3.92 3.92 3.92 3.92 3.92 3.92 3.92 3.92 3.92 3.92 3.92 3.92 3.92 3.92 3.92 3.92 3.92 3.92 3.98 3.98 3.98 3.98 3.98 3.98 3.98 3.98 3.98 3.98 3.98 3.98 3.98 3.98 3.98 3.98 3.98 3.98 3.98 3.98 3.98 3.98 3.98 3.98 3.98 3.98 3.98 3.98 3.98 
4.02 4.02 4.02 4.02 4.02 4.02 4.02 4.02 4.02 4.02 4.02 3.92 3.92 3.92 3.92 3.92 3.92 3.92 3.92 3.92 3.92 3.92 3.92 3.92 3.92 3.92 3.92 3.92 3.92 3.92 3.92 3.92 3.92 3.92 3.92 3.92 3.92 3.92 3.92 3.92 3.92 3.92 3.92 3.92 3.92 3.92 3.92 3.92 3.92 3.92 3.92 3.92 3.92 3.92 3.92 3.92 3.92 3.92 3.92 3.92 3.92 3.92 3.92 3.92 3.92 3.92 3.92 3.92 3.92 3.92 3.92 3.98 3.98 3.98 3.98 3.98 3.98 3.98 3.98 3.98 3.98 3.98 3.98 3.98 3.98 3.98 3.98 3.98 3.98 3.98 3.98 3.98 3.98 3.98 3.98 3.98 3.98 3.98 3.98 3.98 
4.02 4.02 4.02 4.02 4.02 4.02 4.02 4.02 4.02 4.02 4.02 3.92 3.92 3.92 3.92 3.92 3.92 3.92 3.92 3.92 3.92 3.92 3.92 3.92 3.92 3.92 3.92 3.92 3.92 3.92 3.92 3.92 3.92 3.92 3.92 3.92 3.92 3.92 3.92 3.92 3.92 3.92 3.92 3.92 3.92 3.92 3.92 3.92 3.92 3.92 3.92 3.92 3.92 3.92 3.92 3.92 3.92 3.92 3.92 3.92 3.92 3.92 3.92 3.92 3.92 3.92 3.92 3.92 3.92 3.92 3.92 3.98 3.98 3.98 3.98 3.98 3.98 3.98 3.98 3.98 3.98 3.98 3.98 3.98 3.98 3.98 3.98 3.98 3.98 3.98 3.98 3.98 3.98 3.98 3.98 3.98 3.98 3.98 3.98 3.98 
4.02 4.02 4.02 4.02 4.02 4.02 4.02 4.02 4.02 4.02 4.02 3.92 3.92 3.92 3.92 3.92 3.92 3.92 3.92 3.92 3.92 3.92 3.92 3.92 3.92 3.92 3.92 3.92 3.92 3.92 3.92 3.92 3.92 3.92 3.92 3.92 3.92 3.92 3.92 3.92 3.92 3.92 3.92 3.92 3.92 3.92 3.92 3.92 3.92 3.92 3.92 3.92 3.92 3.92 3.92 3.92 3.92 3.92 3.92 3.92 3.92 3.92 3.92 3.92 3.92 3.92 3.92 3.92 3.92 3.92 3.92 3.98 3.98 3.98 3.98 3.98 3.98 3.98 3.98 3.98 3.98 3.98 3.98 3.98 3.98 3.98 3.98 3.98 3.98 3.98 3.98 3.98 3.98 3.98 3.98 3.98 3.98 3.98 3.98 3.98 
4.02 4.02 4.02 4.02 4.02 4.02 4.02 4.02 4.02 4.02 4.02 3.92 3.92 3.92 3.92 3.92 3.92 3.92 3.92 3.92 3.92 3.92 3.92 3.92 3.92 3.92 3.92 3.92 3.92 3.92 3.92 3.92 3.92 3.92 3.92 3.92 3.92 3.92 3.92 3.92 3.92 3.92 3.92 3.92 3.92 3.92 3.92 3.92 3.92 3.92 3.92 3.92 3.92 3.92 3.92 3.92 3.92 3.92 3.92 3.92 3.92 3.92 3.92 3.92 3.92 3.92 3.92 3.92 3.92 3.92 3.92 3.98 3.98 3.98 3.98 3.98 3.98 3.98 3.98 3.98 3.98 3.98 3.98 3.98 3.98 3.98 3.98 3.98 3.98 3.98 3.98 3.98 3.98 3.98 3.98 3.98 3.98 3.98 3.98 3.98 
4.02 4.02 4.02 4.02 4.02 4.02 4.02 4.02 4.02 4.02 4.02 3.92 3.92 3.92 3.92 3.92 3.92 3.92 3.92 3.92 3.92 3.92 3.92 3.92 3.92 3.92 3.92 3.92 3.92 3.92 3.92 3.92 3.92 3.92 3.92 3.92 3.92 3.92 3.92 3.92 3.92 3.92 3.92 3.92 3.92 3.92 3.92 3.92 3.92 3.92 3.92 3.92 3.92 3.92 3.92 3.92 3.92 3.92 3.92 3.92 3.92 3.92 3.92 3.92 3.92 3.92 3.92 3.92 3.92 3.92 3.92 3.98 3.98 3.98 3.98 3.98 3.98 3.98 3.98 3.98 3.98 3.98 3.98 3.98 3.98 3.98 3.98 3.98 3.98 3.98 3.98 3.98 3.98 3.98 3.98 3.98 3.98 3.98 3.98 3.98 
4.02 4.02 4.02 4.02 4.02 4.02 4.02 4.02 4.02 4.02 4.02 3.92 3.92 3.92 3.92 3.92 3.92 3.92 3.92 3.92 3.92 3.92 3.92 3.92 3.92 3.92 3.92 3.92 3.92 3.92 3.92 3.92 3.92 3.92 3.92 3.92 3.92 3.92 3.92 3.92 3.92 3.92 3.92 3.92 3.92 3.92 3.92 3.92 3.92 3.92 3.92 3.92 3.92 3.92 3.92 3.92 3.92 3.92 3.92 3.92 3.92 3.92 3.92 3.92 3.92 3.92 3.92 3.92 3.92 3.92 3.92 3.98 3.98 3.98 3.98 3.98 3.98 3.98 3.98 3.98 3.98 3.98 3.98 3.98 3.98 3.98 3.98 3.98 3.98 3.98 3.98 3.98 3.98 3.98 3.98 3.98 3.98 3.98 3.98 3.98 
4.02 4.02 4.02 4.02 4.02 4.02 4.02 4.02 4.02 4.02 4.02 3.92 3.92 3.92 3.92 3.92 3.92 3.92 3.92 3.92 3.92 3.92 3.92 3.92 3.92 3.92 3.92 3.92 3.92 3.92 3.92 3.92 3.92 3.92 3.92 3.92 3.92 3.92 3.92 3.92 3.92 3.92 3.92 3.92 3.92 3.92 3.92 3.92 3.92 3.92 3.92 3.92 3.92 3.92 3.92 3.92 3.92 3.92 3.92 3.92 3.92 3.92 3.92 3.92 3.92 3.92 3.92 3.92 3.92 3.92 3.92 3.98 3.98 3.98 3.98 3.98 3.98 3.98 3.98 3.98 3.98 3.98 3.98 3.98 3.98 3.98 3.98 3.98 3.98 3.98 3.98 3.98 3.98 3.98 3.98 3.98 3.98 3.98 3.98 3.98 
4.02 4.02 4.02 4.02 4.02 4.02 4.02 4.02 4.02 4.02 4.02 3.92 3.92 3.92 3.92 3.92 3.92 3.92 3.92 3.92 3.92 3.92 3.92 3.92 3.92 3.92 3.92 3.92 3.92 3.92 3.92 3.92 3.92 3.92 3.92 3.92 3.92 3.92 3.92 3.92 3.92 3.92 3.92 3.92 3.92 3.92 3.92 3.92 3.92 3.92 3.92 3.92 3.92 3.92 3.92 3.92 3.92 3.92 3.92 3.92 3.92 3.92 3.92 3.92 3.92 3.92 3.92 3.92 3.92 3.92 3.92 3.98 3.98 3.98 3.98 3.98 3.98 3.98 3.98 3.98 3.98 3.98 3.98 3.98 3.98 3.98 3.98 3.98 3.98 3.98 3.98 3.98 3.98 3.98 3.98 3.98 3.98 3.98 3.98 3.98 
4.02 4.02 4.02 4.02 4.02 4.02 4.02 4.02 4.02 4.02 4.02 3.92 3.92 3.92 3.92 3.92 3.92 3.92 3.92 3.92 3.92 3.92 3.92 3.92 3.92 3.92 3.92 3.92 3.92 3.92 3.92 3.92 3.92 3.92 3.92 3.92 3.92 3.92 3.92 3.92 3.92 3.92 3.92 3.92 3.92 3.92 3.92 3.92 3.92 3.92 3.92 3.92 3.92 3.92 3.92 3.92 3.92 3.92 3.92 3.92 3.92 3.92 3.92 3.92 3.92 3.92 3.92 3.92 3.92 3.92 3.92 3.98 3.98 3.98 3.98 3.98 3.98 3.98 3.98 3.98 3.98 3.98 3.98 3.98 3.98 3.98 3.98 3.98 3.98 3.98 3.98 3.98 3.98 3.98 3.98 3.98 3.98 3.98 3.98 3.98 
4.02 4.02 4.02 4.02 4.02 4.02 4.02 4.02 4.02 4.02 4.02 3.92 3.92 3.92 3.92 3.92 3.92 3.92 3.92 3.92 3.92 3.92 3.92 3.92 3.92 3.92 3.92 3.92 3.92 3.92 3.92 3.92 3.92 3.92 3.92 3.92 3.92 3.92 3.92 3.92 3.92 3.92 3.92 3.92 3.92 3.92 3.92 3.92 3.92 3.92 3.92 3.92 3.92 3.92 3.92 3.92 3.92 3.92 3.92 3.92 3.92 3.92 3.92 3.92 3.92 3.92 3.92 3.92 3.92 3.92 3.92 3.98 3.98 3.98 3.98 3.98 3.98 3.98 3.98 3.98 3.98 3.98 3.98 3.98 3.98 3.98 3.98 3.98 3.98 3.98 3.98 3.98 3.98 3.98 3.98 3.98 3.98 3.98 3.98 3.98 
4.02 4.02 4.02 4.02 4.02 4.02 4.02 4.02 4.02 4.02 4.02 3.92 3.92 3.92 3.92 3.92 3.92 3.92 3.92 3.92 3.92 3.92 3.92 3.92 3.92 3.92 3.92 3.92 3.92 3.92 3.92 3.92 3.92 3.92 3.92 3.92 3.92 3.92 3.92 3.92 3.92 3.92 3.92 3.92 3.92 3.92 3.92 3.92 3.92 3.92 3.92 3.92 3.92 3.92 3.92 3.92 3.92 3.92 3.92 3.92 3.92 3.92 3.92 3.92 3.92 3.92 3.92 3.92 3.92 3.92 3.92 3.98 3.98 3.98 3.98 3.98 3.98 3.98 3.98 3.98 3.98 3.98 3.98 3.98 3.98 3.98 3.98 3.98 3.98 3.98 3.98 3.98 3.98 3.98 3.98 3.98 3.98 3.98 3.98 3.98 
4.02 4.02 4.02 4.02 4.02 4.02 4.02 4.02 4.02 4.02 4.02 3.92 3.92 3.92 3.92 3.92 3.92 3.92 3.92 3.92 3.92 3.92 3.92 3.92 3.92 3.92 3.92 3.92 3.92 3.92 3.92 3.92 3.92 3.92 3.92 3.92 3.92 3.92 3.92 3.92 3.92 3.92 3.92 3.92 3.92 3.92 3.92 3.92 3.92 3.92 3.92 3.92 3.92 3.92 3.92 3.92 3.92 3.92 3.92 3.92 3.92 3.92 3.92 3.92 3.92 3.92 3.92 3.92 3.92 3.92 3.92 3.98 3.98 3.98 3.98 3.98 3.98 3.98 3.98 3.98 3.98 3.98 3.98 3.98 3.98 3.98 3.98 3.98 3.98 3.98 3.98 3.98 3.98 3.98 3.98 3.98 3.98 3.98 3.98 3.98 
4.02 4.02 4.02 4.02 4.02 4.02 4.02 4.02 4.02 4.02 4.02 3.92 3.92 3.92 3.92 3.92 3.92 3.92 3.92 3.92 3.92 3.92 3.92 3.92 3.92 3.92 3.92 3.92 3.92 3.92 3.92 3.92 3.92 3.92 3.92 3.92 3.92 3.92 3.92 3.92 3.92 3.92 3.92 3.92 3.92 3.92 3.92 3.92 3.92 3.92 3.92 3.92 3.92 3.92 3.92 3.92 3.92 3.92 3.92 3.92 3.92 3.92 3.92 3.92 3.92 3.92 3.92 3.92 3.92 3.92 3.92 3.98 3.98 3.98 3.98 3.98 3.98 3.98 3.98 3.98 3.98 3.98 3.98 3.98 3.98 3.98 3.98 3.98 3.98 3.98 3.98 3.98 3.98 3.98 3.98 3.98 3.98 3.98 3.98 3.98 
4.02 4.02 4.02 4.02 4.02 4.02 4.02 4.02 4.02 4.02 4.02 3.92 3.92 3.92 3.92 3.92 3.92 3.92 3.92 3.92 3.92 3.92 3.92 3.92 3.92 3.92 3.92 3.92 3.92 3.92 3.92 3.92 3.92 3.92 3.92 3.92 3.92 3.92 3.92 3.92 3.92 3.92 3.92 3.92 3.92 3.92 3.92 3.92 3.92 3.92 3.92 3.92 3.92 3.92 3.92 3.92 3.92 3.92 3.92 3.92 3.92 3.92 3.92 3.92 3.92 3.92 3.92 3.92 3.92 3.92 3.92 3.98 3.98 3.98 3.98 3.98 3.98 3.98 3.98 3.98 3.98 3.98 3.98 3.98 3.98 3.98 3.98 3.98 3.98 3.98 3.98 3.98 3.98 3.98 3.98 3.98 3.98 3.98 3.98 3.98 
4.02 4.02 4.02 4.02 4.02 4.02 4.02 4.02 4.02 4.02 4.02 3.92 3.92 3.92 3.92 3.92 3.92 3.92 3.92 3.92 3.92 3.92 3.92 3.92 3.92 3.92 3.92 3.92 3.92 3.92 3.92 3.92 3.92 3.92 3.92 3.92 3.92 3.92 3.92 3.92 3.92 3.92 3.92 3.92 3.92 3.92 3.92 3.92 3.92 3.92 3.92 3.92 3.92 3.92 3.92 3.92 3.92 3.92 3.92 3.92 3.92 3.92 3.92 3.92 3.92 3.92 3.92 3.92 3.92 3.92 3.92 3.98 3.98 3.98 3.98 3.98 3.98 3.98 3.98 3.98 3.98 3.98 3.98 3.98 3.98 3.98 3.98 3.98 3.98 3.98 3.98 3.98 3.98 3.98 3.98 3.98 3.98 3.98 3.98 3.98 
4.02 4.02 4.02 4.02 4.02 4.02 4.02 4.02 4.02 4.02 4.02 3.92 3.92 3.92 3.92 3.92 3.92 3.92 3.92 3.92 3.92 3.92 3.92 3.92 3.92 3.92 3.92 3.92 3.92 3.92 3.92 3.92 3.92 3.92 3.92 3.92 3.92 3.92 3.92 3.92 3.92 3.92 3.92 3.92 3.92 3.92 3.92 3.92 3.92 3.92 3.92 3.92 3.92 3.92 3.92 3.92 3.92 3.92 3.92 3.92 3.92 3.92 3.92 3.92 3.92 3.92 3.92 3.92 3.92 3.92 3.92 3.98 3.98 3.98 3.98 3.98 3.98 3.98 3.98 3.98 3.98 3.98 3.98 3.98 3.98 3.98 3.98 3.98 3.98 3.98 3.98 3.98 3.98 3.98 3.98 3.98 3.98 3.98 3.98 3.98 
4.02 4.02 4.02 4.02 4.02 4.02 4.02 4.02 4.02 4.02 4.02 3.92 3.92 3.92 3.92 3.92 3.92 3.92 3.92 3.92 3.92 3.92 3.92 3.92 3.92 3.92 3.92 3.92 3.92 3.92 3.92 3.92 3.92 3.92 3.92 3.92 3.92 3.92 3.92 3.92 3.92 3.92 3.92 3.92 3.92 3.92 3.92 3.92 3.92 3.92 3.92 3.92 3.92 3.92 3.92 3.92 3.92 3.92 3.92 3.92 3.92 3.92 3.92 3.92 3.92 3.92 3.92 3.92 3.92 3.92 3.92 3.98 3.98 3.98 3.98 3.98 3.98 3.98 3.98 3.98 3.98 3.98 3.98 3.98 3.98 3.98 3.98 3.98 3.98 3.98 3.98 3.98 3.98 3.98 3.98 3.98 3.98 3.98 3.98 3.98 
4.02 4.02 4.02 4.02 4.02 4.02 4.02 4.02 4.02 4.02 4.02 3.92 3.92 3.92 3.92 3.92 3.92 3.92 3.92 3.92 3.92 3.92 3.92 3.92 3.92 3.92 3.92 3.92 3.92 3.92 3.92 3.92 3.92 3.92 3.92 3.92 3.92 3.92 3.92 3.92 3.92 3.92 3.92 3.92 3.92 3.92 3.92 3.92 3.92 3.92 3.92 3.92 3.92 3.92 3.92 3.92 3.92 3.92 3.92 3.92 3.92 3.92 3.92 3.92 3.92 3.92 3.92 3.92 3.92 3.92 3.92 3.98 3.98 3.98 3.98 3.98 3.98 3.98 3.98 3.98 3.98 3.98 3.98 3.98 3.98 3.98 3.98 3.98 3.98 3.98 3.98 3.98 3.98 3.98 3.98 3.98 3.98 3.98 3.98 3.98 
4.02 4.02 4.02 4.02 4.02 4.02 4.02 4.02 4.02 4.02 4.02 3.92 3.92 3.92 3.92 3.92 3.92 3.92 3.92 3.92 3.92 3.92 3.92 3.92 3.92 3.92 3.92 3.92 3.92 3.92 3.92 3.92 3.92 3.92 3.92 3.92 3.92 3.92 3.92 3.92 3.92 3.92 3.92 3.92 3.92 3.92 3.92 3.92 3.92 3.92 3.92 3.92 3.92 3.92 3.92 3.92 3.92 3.92 3.92 3.92 3.92 3.92 3.92 3.92 3.92 3.92 3.92 3.92 3.92 3.92 3.92 3.98 3.98 3.98 3.98 3.98 3.98 3.98 3.98 3.98 3.98 3.98 3.98 3.98 3.98 3.98 3.98 3.98 3.98 3.98 3.98 3.98 3.98 3.98 3.98 3.98 3.98 3.98 3.98 3.98 
4.02 4.02 4.02 4.02 4.02 4.02 4.02 4.02 4.02 4.02 4.02 3.92 3.92 3.92 3.92 3.92 3.92 3.92 3.92 3.92 3.92 3.92 3.92 3.92 3.92 3.92 3.92 3.92 3.92 3.92 3.92 3.92 3.92 3.92 3.92 3.92 3.92 3.92 3.92 3.92 3.92 3.92 3.92 3.92 3.92 3.92 3.92 3.92 3.92 3.92 3.92 3.92 3.92 3.92 3.92 3.92 3.92 3.92 3.92 3.92 3.92 3.92 3.92 3.92 3.92 3.92 3.92 3.92 3.92 3.92 3.92 3.98 3.98 3.98 3.98 3.98 3.98 3.98 3.98 3.98 3.98 3.98 3.98 3.98 3.98 3.98 3.98 3.98 3.98 3.98 3.98 3.98 3.98 3.98 3.98 3.98 3.98 3.98 3.98 3.98 
4.02 4.02 4.02 4.02 4.02 4.02 4.02 4.02 4.02 4.02 4.02 3.92 3.92 3.92 3.92 3.92 3.92 3.92 3.92 3.92 3.92 3.92 3.92 3.92 3.92 3.92 3.92 3.92 3.92 3.92 3.92 3.92 3.92 3.92 3.92 3.92 3.92 3.92 3.92 3.92 3.92 3.92 3.92 3.92 3.92 3.92 3.92 3.92 3.92 3.92 3.92 3.92 3.92 3.92 3.92 3.92 3.92 3.92 3.92 3.92 3.92 3.92 3.92 3.92 3.92 3.92 3.92 3.92 3.92 3.92 3.92 3.98 3.98 3.98 3.98 3.98 3.98 3.98 3.98 3.98 3.98 3.98 3.98 3.98 3.98 3.98 3.98 3.98 3.98 3.98 3.98 3.98 3.98 3.98 3.98 3.98 3.98 3.98 3.98 3.98 
4.02 4.02 4.02 4.02 4.02 4.02 4.02 4.02 4.02 4.02 4.02 3.92 3.92 3.92 3.92 3.92 3.92 3.92 3.92 3.92 3.92 3.92 3.92 3.92 3.92 3.92 3.92 3.92 3.92 3.92 3.92 3.92 3.92 3.92 3.92 3.92 3.92 3.92 3.92 3.92 3.92 3.92 3.92 3.92 3.92 3.92 3.92 3.92 3.92 3.92 3.92 3.92 3.92 3.92 3.92 3.92 3.92 3.92 3.92 3.92 3.92 3.92 3.92 3.92 3.92 3.92 3.92 3.92 3.92 3.92 3.92 3.98 3.98 3.98 3.98 3.98 3.98 3.98 3.98 3.98 3.98 3.98 3.98 3.98 3.98 3.98 3.98 3.98 3.98 3.98 3.98 3.98 3.98 3.98 3.98 3.98 3.98 3.98 3.98 3.98 
4.02 4.02 4.02 4.02 4.02 4.02 4.02 4.02 4.02 4.02 4.02 3.92 3.92 3.92 3.92 3.92 3.92 3.92 3.92 3.92 3.92 3.92 3.92 3.92 3.92 3.92 3.92 3.92 3.92 3.92 3.92 3.92 3.92 3.92 3.92 3.92 3.92 3.92 3.92 3.92 3.92 3.92 3.92 3.92 3.92 3.92 3.92 3.92 3.92 3.92 3.92 3.92 3.92 3.92 3.92 3.92 3.92 3.92 3.92 3.92 3.92 3.92 3.92 3.92 3.92 3.92 3.92 3.92 3.92 3.92 3.92 3.98 3.98 3.98 3.98 3.98 3.98 3.98 3.98 3.98 3.98 3.98 3.98 3.98 3.98 3.98 3.98 3.98 3.98 3.98 3.98 3.98 3.98 3.98 3.98 3.98 3.98 3.98 3.98 3.98 
4.02 4.02 4.02 4.02 4.02 4.02 4.02 4.02 4.02 4.02 4.02 3.92 3.92 3.92 3.92 3.92 3.92 3.92 3.92 3.92 3.92 3.92 3.92 3.92 3.92 3.92 3.92 3.92 3.92 3.92 3.92 3.92 3.92 3.92 3.92 3.92 3.92 3.92 3.92 3.92 3.92 3.92 3.92 3.92 3.92 3.92 3.92 3.92 3.92 3.92 3.92 3.92 3.92 3.92 3.92 3.92 3.92 3.92 3.92 3.92 3.92 3.92 3.92 3.92 3.92 3.92 3.92 3.92 3.92 3.92 3.92 3.98 3.98 3.98 3.98 3.98 3.98 3.98 3.98 3.98 3.98 3.98 3.98 3.98 3.98 3.98 3.98 3.98 3.98 3.98 3.98 3.98 3.98 3.98 3.98 3.98 3.98 3.98 3.98 3.98 
4.02 4.02 4.02 4.02 4.02 4.02 4.02 4.02 4.02 4.02 4.02 3.92 3.92 3.92 3.92 3.92 3.92 3.92 3.92 3.92 3.92 3.92 3.92 3.92 3.92 3.92 3.92 3.92 3.92 3.92 3.92 3.92 3.92 3.92 3.92 3.92 3.92 3.92 3.92 3.92 3.92 3.92 3.92 3.92 3.92 3.92 3.92 3.92 3.92 3.92 3.92 3.92 3.92 3.92 3.92 3.92 3.92 3.92 3.92 3.92 3.92 3.92 3.92 3.92 3.92 3.92 3.92 3.92 3.92 3.92 3.92 3.98 3.98 3.98 3.98 3.98 3.98 3.98 3.98 3.98 3.98 3.98 3.98 3.98 3.98 3.98 3.98 3.98 3.98 3.98 3.98 3.98 3.98 3.98 3.98 3.98 3.98 3.98 3.98 3.98 
4.02 4.02 4.02 4.02 4.02 4.02 4.02 4.02 4.02 4.02 4.02 3.92 3.92 3.92 3.92 3.92 3.92 3.92 3.92 3.92 3.92 3.92 3.92 3.92 3.92 3.92 3.92 3.92 3.92 3.92 3.92 3.92 3.92 3.92 3.92 3.92 3.92 3.92 3.92 3.92 3.92 3.92 3.92 3.92 3.92 3.92 3.92 3.92 3.92 3.92 3.92 3.92 3.92 3.92 3.92 3.92 3.92 3.92 3.92 3.92 3.92 3.92 3.92 3.92 3.92 3.92 3.92 3.92 3.92 3.92 3.92 3.98 3.98 3.98 3.98 3.98 3.98 3.98 3.98 3.98 3.98 3.98 3.98 3.98 3.98 3.98 3.98 3.98 3.98 3.98 3.98 3.98 3.98 3.98 3.98 3.98 3.98 3.98 3.98 3.98 
4.02 4.02 4.02 4.02 4.02 4.02 4.02 4.02 4.02 4.02 4.02 3.92 3.92 3.92 3.92 3.92 3.92 3.92 3.92 3.92 3.92 3.92 3.92 3.92 3.92 3.92 3.92 3.92 3.92 3.92 3.92 3.92 3.92 3.92 3.92 3.92 3.92 3.92 3.92 3.92 3.92 3.92 3.92 3.92 3.92 3.92 3.92 3.92 3.92 3.92 3.92 3.92 3.92 3.92 3.92 3.92 3.92 3.92 3.92 3.92 3.92 3.92 3.92 3.92 3.92 3.92 3.92 3.92 3.92 3.92 3.92 3.98 3.98 3.98 3.98 3.98 3.98 3.98 3.98 3.98 3.98 3.98 3.98 3.98 3.98 3.98 3.98 3.98 3.98 3.98 3.98 3.98 3.98 3.98 3.98 3.98 3.98 3.98 3.98 3.98 
4.02 4.02 4.02 4.02 4.02 4.02 4.02 4.02 4.02 4.02 4.02 3.92 3.92 3.92 3.92 3.92 3.92 3.92 3.92 3.92 3.92 3.92 3.92 3.92 3.92 3.92 3.92 3.92 3.92 3.92 3.92 3.92 3.92 3.92 3.92 3.92 3.92 3.92 3.92 3.92 3.92 3.92 3.92 3.92 3.92 3.92 3.92 3.92 3.92 3.92 3.92 3.92 3.92 3.92 3.92 3.92 3.92 3.92 3.92 3.92 3.92 3.92 3.92 3.92 3.92 3.92 3.92 3.92 3.92 3.92 3.92 3.98 3.98 3.98 3.98 3.98 3.98 3.98 3.98 3.98 3.98 3.98 3.98 3.98 3.98 3.98 3.98 3.98 3.98 3.98 3.98 3.98 3.98 3.98 3.98 3.98 3.98 3.98 3.98 3.98 
4.02 4.02 4.02 4.02 4.02 4.02 4.02 4.02 4.02 4.02 4.02 3.92 3.92 3.92 3.92 3.92 3.92 3.92 3.92 3.92 3.92 3.92 3.92 3.92 3.92 3.92 3.92 3.92 3.92 3.92 3.92 3.92 3.92 3.92 3.92 3.92 3.92 3.92 3.92 3.92 3.92 3.92 3.92 3.92 3.92 3.92 3.92 3.92 3.92 3.92 3.92 3.92 3.92 3.92 3.92 3.92 3.92 3.92 3.92 3.92 3.92 3.92 3.92 3.92 3.92 3.92 3.92 3.92 3.92 3.92 3.92 3.98 3.98 3.98 3.98 3.98 3.98 3.98 3.98 3.98 3.98 3.98 3.98 3.98 3.98 3.98 3.98 3.98 3.98 3.98 3.98 3.98 3.98 3.98 3.98 3.98 3.98 3.98 3.98 3.98 
4.02 4.02 4.02 4.02 4.02 4.02 4.02 4.02 4.02 4.02 4.02 3.92 3.92 3.92 3.92 3.92 3.92 3.92 3.92 3.92 3.92 3.92 3.92 3.92 3.92 3.92 3.92 3.92 3.92 3.92 3.92 3.92 3.92 3.92 3.92 3.92 3.92 3.92 3.92 3.92 3.92 3.92 3.92 3.92 3.92 3.92 3.92 3.92 3.92 3.92 3.92 3.92 3.92 3.92 3.92 3.92 3.92 3.92 3.92 3.92 3.92 3.92 3.92 3.92 3.92 3.92 3.92 3.92 3.92 3.92 3.92 3.98 3.98 3.98 3.98 3.98 3.98 3.98 3.98 3.98 3.98 3.98 3.98 3.98 3.98 3.98 3.98 3.98 3.98 3.98 3.98 3.98 3.98 3.98 3.98 3.98 3.98 3.98 3.98 3.98 
4.02 4.02 4.02 4.02 4.02 4.02 4.02 4.02 4.02 4.02 4.02 3.92 3.92 3.92 3.92 3.92 3.92 3.92 3.92 3.92 3.92 3.92 3.92 3.92 3.92 3.92 3.92 3.92 3.92 3.92 3.92 3.92 3.92 3.92 3.92 3.92 3.92 3.92 3.92 3.92 3.92 3.92 3.92 3.92 3.92 3.92 3.92 3.92 3.92 3.92 3.92 3.92 3.92 3.92 3.92 3.92 3.92 3.92 3.92 3.92 3.92 3.92 3.92 3.92 3.92 3.92 3.92 3.92 3.92 3.92 3.92 3.98 3.98 3.98 3.98 3.98 3.98 3.98 3.98 3.98 3.98 3.98 3.98 3.98 3.98 3.98 3.98 3.98 3.98 3.98 3.98 3.98 3.98 3.98 3.98 3.98 3.98 3.98 3.98 3.98 
4.02 4.02 4.02 4.02 4.02 4.02 4.02 4.02 4.02 4.02 4.02 3.92 3.92 3.92 3.92 3.92 3.92 3.92 3.92 3.92 3.92 3.92 3.92 3.92 3.92 3.92 3.92 3.92 3.92 3.92 3.92 3.92 3.92 3.92 3.92 3.92 3.92 3.92 3.92 3.92 3.92 3.92 3.92 3.92 3.92 3.92 3.92 3.92 3.92 3.92 3.92 3.92 3.92 3.92 3.92 3.92 3.92 3.92 3.92 3.92 3.92 3.92 3.92 3.92 3.92 3.92 3.92 3.92 3.92 3.92 3.92 3.98 3.98 3.98 3.98 3.98 3.98 3.98 3.98 3.98 3.98 3.98 3.98 3.98 3.98 3.98 3.98 3.98 3.98 3.98 3.98 3.98 3.98 3.98 3.98 3.98 3.98 3.98 3.98 3.98 
4.02 4.02 4.02 4.02 4.02 4.02 4.02 4.02 4.02 4.02 4.02 3.92 3.92 3.92 3.92 3.92 3.92 3.92 3.92 3.92 3.92 3.92 3.92 3.92 3.92 3.92 3.92 3.92 3.92 3.92 3.92 3.92 3.92 3.92 3.92 3.92 3.92 3.92 3.92 3.92 3.92 3.92 3.92 3.92 3.92 3.92 3.92 3.92 3.92 3.92 3.92 3.92 3.92 3.92 3.92 3.92 3.92 3.92 3.92 3.92 3.92 3.92 3.92 3.92 3.92 3.92 3.92 3.92 3.92 3.92 3.92 3.98 3.98 3.98 3.98 3.98 3.98 3.98 3.98 3.98 3.98 3.98 3.98 3.98 3.98 3.98 3.98 3.98 3.98 3.98 3.98 3.98 3.98 3.98 3.98 3.98 3.98 3.98 3.98 3.98 
4.02 4.02 4.02 4.02 4.02 4.02 4.02 4.02 4.02 4.02 4.02 3.92 3.92 3.92 3.92 3.92 3.92 3.92 3.92 3.92 3.92 3.92 3.92 3.92 3.92 3.92 3.92 3.92 3.92 3.92 3.92 3.92 3.92 3.92 3.92 3.92 3.92 3.92 3.92 3.92 3.92 3.92 3.92 3.92 3.92 3.92 3.92 3.92 3.92 3.92 3.92 3.92 3.92 3.92 3.92 3.92 3.92 3.92 3.92 3.92 3.92 3.92 3.92 3.92 3.92 3.92 3.92 3.92 3.92 3.92 3.92 3.98 3.98 3.98 3.98 3.98 3.98 3.98 3.98 3.98 3.98 3.98 3.98 3.98 3.98 3.98 3.98 3.98 3.98 3.98 3.98 3.98 3.98 3.98 3.98 3.98 3.98 3.98 3.98 3.98 
4.02 4.02 4.02 4.02 4.02 4.02 4.02 4.02 4.02 4.02 4.02 3.92 3.92 3.92 3.92 3.92 3.92 3.92 3.92 3.92 3.92 3.92 3.92 3.92 3.92 3.92 3.92 3.92 3.92 3.92 3.92 3.92 3.92 3.92 3.92 3.92 3.92 3.92 3.92 3.92 3.92 3.92 3.92 3.92 3.92 3.92 3.92 3.92 3.92 3.92 3.92 3.92 3.92 3.92 3.92 3.92 3.92 3.92 3.92 3.92 3.92 3.92 3.92 3.92 3.92 3.92 3.92 3.92 3.92 3.92 3.92 3.98 3.98 3.98 3.98 3.98 3.98 3.98 3.98 3.98 3.98 3.98 3.98 3.98 3.98 3.98 3.98 3.98 3.98 3.98 3.98 3.98 3.98 3.98 3.98 3.98 3.98 3.98 3.98 3.98 
4.02 4.02 4.02 4.02 4.02 4.02 4.02 4.02 4.02 4.02 4.02 3.92 3.92 3.92 3.92 3.92 3.92 3.92 3.92 3.92 3.92 3.92 3.92 3.92 3.92 3.92 3.92 3.92 3.92 3.92 3.92 3.92 3.92 3.92 3.92 3.92 3.92 3.92 3.92 3.92 3.92 3.92 3.92 3.92 3.92 3.92 3.92 3.92 3.92 3.92 3.92 3.92 3.92 3.92 3.92 3.92 3.92 3.92 3.92 3.92 3.92 3.92 3.92 3.92 3.92 3.92 3.92 3.92 3.92 3.92 3.92 3.98 3.98 3.98 3.98 3.98 3.98 3.98 3.98 3.98 3.98 3.98 3.98 3.98 3.98 3.98 3.98 3.98 3.98 3.98 3.98 3.98 3.98 3.98 3.98 3.98 3.98 3.98 3.98 3.98 
4.02 4.02 4.02 4.02 4.02 4.02 4.02 4.02 4.02 4.02 4.02 3.92 3.92 3.92 3.92 3.92 3.92 3.92 3.92 3.92 3.92 3.92 3.92 3.92 3.92 3.92 3.92 3.92 3.92 3.92 3.92 3.92 3.92 3.92 3.92 3.92 3.92 3.92 3.92 3.92 3.92 3.92 3.92 3.92 3.92 3.92 3.92 3.92 3.92 3.92 3.92 3.92 3.92 3.92 3.92 3.92 3.92 3.92 3.92 3.92 3.92 3.92 3.92 3.92 3.92 3.92 3.92 3.92 3.92 3.92 3.92 3.98 3.98 3.98 3.98 3.98 3.98 3.98 3.98 3.98 3.98 3.98 3.98 3.98 3.98 3.98 3.98 3.98 3.98 3.98 3.98 3.98 3.98 3.98 3.98 3.98 3.98 3.98 3.98 3.98 
4.02 4.02 4.02 4.02 4.02 4.02 4.02 4.02 4.02 4.02 4.02 3.92 3.92 3.92 3.92 3.92 3.92 3.92 3.92 3.92 3.92 3.92 3.92 3.92 3.92 3.92 3.92 3.92 3.92 3.92 3.92 3.92 3.92 3.92 3.92 3.92 3.92 3.92 3.92 3.92 3.92 3.92 3.92 3.92 3.92 3.92 3.92 3.92 3.92 3.92 3.92 3.92 3.92 3.92 3.92 3.92 3.92 3.92 3.92 3.92 3.92 3.92 3.92 3.92 3.92 3.92 3.92 3.92 3.92 3.92 3.92 3.98 3.98 3.98 3.98 3.98 3.98 3.98 3.98 3.98 3.98 3.98 3.98 3.98 3.98 3.98 3.98 3.98 3.98 3.98 3.98 3.98 3.98 3.98 3.98 3.98 3.98 3.98 3.98 3.98 
4.02 4.02 4.02 4.02 4.02 4.02 4.02 4.02 4.02 4.02 4.02 3.92 3.92 3.92 3.92 3.92 3.92 3.92 3.92 3.92 3.92 3.92 3.92 3.92 3.92 3.92 3.92 3.92 3.92 3.92 3.92 3.92 3.92 3.92 3.92 3.92 3.92 3.92 3.92 3.92 3.92 3.92 3.92 3.92 3.92 3.92 3.92 3.92 3.92 3.92 3.92 3.92 3.92 3.92 3.92 3.92 3.92 3.92 3.92 3.92 3.92 3.92 3.92 3.92 3.92 3.92 3.92 3.92 3.92 3.92 3.92 3.98 3.98 3.98 3.98 3.98 3.98 3.98 3.98 3.98 3.98 3.98 3.98 3.98 3.98 3.98 3.98 3.98 3.98 3.98 3.98 3.98 3.98 3.98 3.98 3.98 3.98 3.98 3.98 3.98 
4.02 4.02 4.02 4.02 4.02 4.02 4.02 4.02 4.02 4.02 4.02 3.92 3.92 3.92 3.92 3.92 3.92 3.92 3.92 3.92 3.92 3.92 3.92 3.92 3.92 3.92 3.92 3.92 3.92 3.92 3.92 3.92 3.92 3.92 3.92 3.92 3.92 3.92 3.92 3.92 3.92 3.92 3.92 3.92 3.92 3.92 3.92 3.92 3.92 3.92 3.92 3.92 3.92 3.92 3.92 3.92 3.92 3.92 3.92 3.92 3.92 3.92 3.92 3.92 3.92 3.92 3.92 3.92 3.92 3.92 3.92 3.98 3.98 3.98 3.98 3.98 3.98 3.98 3.98 3.98 3.98 3.98 3.98 3.98 3.98 3.98 3.98 3.98 3.98 3.98 3.98 3.98 3.98 3.98 3.98 3.98 3.98 3.98 3.98 3.98 
4.02 4.02 4.02 4.02 4.02 4.02 4.02 4.02 4.02 4.02 4.02 3.92 3.92 3.92 3.92 3.92 3.92 3.92 3.92 3.92 3.92 3.92 3.92 3.92 3.92 3.92 3.92 3.92 3.92 3.92 3.92 3.92 3.92 3.92 3.92 3.92 3.92 3.92 3.92 3.92 3.92 3.92 3.92 3.92 3.92 3.92 3.92 3.92 3.92 3.92 3.92 3.92 3.92 3.92 3.92 3.92 3.92 3.92 3.92 3.92 3.92 3.92 3.92 3.92 3.92 3.92 3.92 3.92 3.92 3.92 3.92 3.98 3.98 3.98 3.98 3.98 3.98 3.98 3.98 3.98 3.98 3.98 3.98 3.98 3.98 3.98 3.98 3.98 3.98 3.98 3.98 3.98 3.98 3.98 3.98 3.98 3.98 3.98 3.98 3.98 
4.02 4.02 4.02 4.02 4.02 4.02 4.02 4.02 4.02 4.02 4.02 3.92 3.92 3.92 3.92 3.92 3.92 3.92 3.92 3.92 3.92 3.92 3.92 3.92 3.92 3.92 3.92 3.92 3.92 3.92 3.92 3.92 3.92 3.92 3.92 3.92 3.92 3.92 3.92 3.92 3.92 3.92 3.92 3.92 3.92 3.92 3.92 3.92 3.92 3.92 3.92 3.92 3.92 3.92 3.92 3.92 3.92 3.92 3.92 3.92 3.92 3.92 3.92 3.92 3.92 3.92 3.92 3.92 3.92 3.92 3.92 3.98 3.98 3.98 3.98 3.98 3.98 3.98 3.98 3.98 3.98 3.98 3.98 3.98 3.98 3.98 3.98 3.98 3.98 3.98 3.98 3.98 3.98 3.98 3.98 3.98 3.98 3.98 3.98 3.98 
4.02 4.02 4.02 4.02 4.02 4.02 4.02 4.02 4.02 4.02 4.02 3.92 3.92 3.92 3.92 3.92 3.92 3.92 3.92 3.92 3.92 3.92 3.92 3.92 3.92 3.92 3.92 3.92 3.92 3.92 3.92 3.92 3.92 3.92 3.92 3.92 3.92 3.92 3.92 3.92 3.92 3.92 3.92 3.92 3.92 3.92 3.92 3.92 3.92 3.92 3.92 3.92 3.92 3.92 3.92 3.92 3.92 3.92 3.92 3.92 3.92 3.92 3.92 3.92 3.92 3.92 3.92 3.92 3.92 3.92 3.92 3.98 3.98 3.98 3.98 3.98 3.98 3.98 3.98 3.98 3.98 3.98 3.98 3.98 3.98 3.98 3.98 3.98 3.98 3.98 3.98 3.98 3.98 3.98 3.98 3.98 3.98 3.98 3.98 3.98 
4.02 4.02 4.02 4.02 4.02 4.02 4.02 4.02 4.02 4.02 4.02 3.92 3.92 3.92 3.92 3.92 3.92 3.92 3.92 3.92 3.92 3.92 3.92 3.92 3.92 3.92 3.92 3.92 3.92 3.92 3.92 3.92 3.92 3.92 3.92 3.92 3.92 3.92 3.92 3.92 3.92 3.92 3.92 3.92 3.92 3.92 3.92 3.92 3.92 3.92 3.92 3.92 3.92 3.92 3.92 3.92 3.92 3.92 3.92 3.92 3.92 3.92 3.92 3.92 3.92 3.92 3.92 3.92 3.92 3.92 3.92 3.98 3.98 3.98 3.98 3.98 3.98 3.98 3.98 3.98 3.98 3.98 3.98 3.98 3.98 3.98 3.98 3.98 3.98 3.98 3.98 3.98 3.98 3.98 3.98 3.98 3.98 3.98 3.98 3.98 
4.02 4.02 4.02 4.02 4.02 4.02 4.02 4.02 4.02 4.02 4.02 3.92 3.92 3.92 3.92 3.92 3.92 3.92 3.92 3.92 3.92 3.92 3.92 3.92 3.92 3.92 3.92 3.92 3.92 3.92 3.92 3.92 3.92 3.92 3.92 3.92 3.92 3.92 3.92 3.92 3.92 3.92 3.92 3.92 3.92 3.92 3.92 3.92 3.92 3.92 3.92 3.92 3.92 3.92 3.92 3.92 3.92 3.92 3.92 3.92 3.92 3.92 3.92 3.92 3.92 3.92 3.92 3.92 3.92 3.92 3.92 3.98 3.98 3.98 3.98 3.98 3.98 3.98 3.98 3.98 3.98 3.98 3.98 3.98 3.98 3.98 3.98 3.98 3.98 3.98 3.98 3.98 3.98 3.98 3.98 3.98 3.98 3.98 3.98 3.98 
7.22 7.22 7.22 7.22 7.22 7.22 7.22 7.22 7.22 7.22 7.22 7.16 7.16 7.16 7.16 7.16 7.16 7.16 7.16 7.16 7.16 7.16 7.16 7.16 7.16 7.16 7.16 7.16 7.16 7.16 7.16 7.16 7.16 7.16 7.16 7.16 7.16 7.16 7.16 7.16 7.16 7.16 7.16 7.16 7.16 7.16 7.16 7.16 7.16 7.16 7.16 7.16 7.16 7.16 7.16 7.16 7.16 7.16 7.16 7.16 7.16 7.16 7.16 7.16 7.16 7.16 7.16 7.16 7.16 7.16 7.16 6.58 6.58 6.58 6.58 6.58 6.58 6.58 6.58 6.58 6.58 6.58 6.58 6.58 6.58 6.58 6.58 6.58 6.58 6.58 6.58 6.58 6.58 6.58 6.58 6.58 6.58 6.58 6.58 6.58 
7.22 7.22 7.22 7.22 7.22 7.22 7.22 7.22 7.22 7.22 7.22 7.16 7.16 7.16 7.16 7.16 7.16 7.16 7.16 7.16 7.16 7.16 7.16 7.16 7.16 7.16 7.16 7.16 7.16 7.16 7.16 7.16 7.16 7.16 7.16 7.16 7.16 7.16 7.16 7.16 7.16 7.16 7.16 7.16 7.16 7.16 7.16 7.16 7.16 7.16 7.16 7.16 7.16 7.16 7.16 7.16 7.16 7.16 7.16 7.16 7.16 7.16 7.16 7.16 7.16 7.16 7.16 7.16 7.16 7.16 7.16 6.58 6.58 6.58 6.58 6.58 6.58 6.58 6.58 6.58 6.58 6.58 6.58 6.58 6.58 6.58 6.58 6.58 6.58 6.58 6.58 6.58 6.58 6.58 6.58 6.58 6.58 6.58 6.58 6.58 
7.22 7.22 7.22 7.22 7.22 7.22 7.22 7.22 7.22 7.22 7.22 7.16 7.16 7.16 7.16 7.16 7.16 7.16 7.16 7.16 7.16 7.16 7.16 7.16 7.16 7.16 7.16 7.16 7.16 7.16 7.16 7.16 7.16 7.16 7.16 7.16 7.16 7.16 7.16 7.16 7.16 7.16 7.16 7.16 7.16 7.16 7.16 7.16 7.16 7.16 7.16 7.16 7.16 7.16 7.16 7.16 7.16 7.16 7.16 7.16 7.16 7.16 7.16 7.16 7.16 7.16 7.16 7.16 7.16 7.16 7.16 6.58 6.58 6.58 6.58 6.58 6.58 6.58 6.58 6.58 6.58 6.58 6.58 6.58 6.58 6.58 6.58 6.58 6.58 6.58 6.58 6.58 6.58 6.58 6.58 6.58 6.58 6.58 6.58 6.58 
7.22 7.22 7.22 7.22 7.22 7.22 7.22 7.22 7.22 7.22 7.22 7.16 7.16 7.16 7.16 7.16 7.16 7.16 7.16 7.16 7.16 7.16 7.16 7.16 7.16 7.16 7.16 7.16 7.16 7.16 7.16 7.16 7.16 7.16 7.16 7.16 7.16 7.16 7.16 7.16 7.16 7.16 7.16 7.16 7.16 7.16 7.16 7.16 7.16 7.16 7.16 7.16 7.16 7.16 7.16 7.16 7.16 7.16 7.16 7.16 7.16 7.16 7.16 7.16 7.16 7.16 7.16 7.16 7.16 7.16 7.16 6.58 6.58 6.58 6.58 6.58 6.58 6.58 6.58 6.58 6.58 6.58 6.58 6.58 6.58 6.58 6.58 6.58 6.58 6.58 6.58 6.58 6.58 6.58 6.58 6.58 6.58 6.58 6.58 6.58 
7.22 7.22 7.22 7.22 7.22 7.22 7.22 7.22 7.22 7.22 7.22 7.16 7.16 7.16 7.16 7.16 7.16 7.16 7.16 7.16 7.16 7.16 7.16 7.16 7.16 7.16 7.16 7.16 7.16 7.16 7.16 7.16 7.16 7.16 7.16 7.16 7.16 7.16 7.16 7.16 7.16 7.16 7.16 7.16 7.16 7.16 7.16 7.16 7.16 7.16 7.16 7.16 7.16 7.16 7.16 7.16 7.16 7.16 7.16 7.16 7.16 7.16 7.16 7.16 7.16 7.16 7.16 7.16 7.16 7.16 7.16 6.58 6.58 6.58 6.58 6.58 6.58 6.58 6.58 6.58 6.58 6.58 6.58 6.58 6.58 6.58 6.58 6.58 6.58 6.58 6.58 6.58 6.58 6.58 6.58 6.58 6.58 6.58 6.58 6.58 
7.22 7.22 7.22 7.22 7.22 7.22 7.22 7.22 7.22 7.22 7.22 7.16 7.16 7.16 7.16 7.16 7.16 7.16 7.16 7.16 7.16 7.16 7.16 7.16 7.16 7.16 7.16 7.16 7.16 7.16 7.16 7.16 7.16 7.16 7.16 7.16 7.16 7.16 7.16 7.16 7.16 7.16 7.16 7.16 7.16 7.16 7.16 7.16 7.16 7.16 7.16 7.16 7.16 7.16 7.16 7.16 7.16 7.16 7.16 7.16 7.16 7.16 7.16 7.16 7.16 7.16 7.16 7.16 7.16 7.16 7.16 6.58 6.58 6.58 6.58 6.58 6.58 6.58 6.58 6.58 6.58 6.58 6.58 6.58 6.58 6.58 6.58 6.58 6.58 6.58 6.58 6.58 6.58 6.58 6.58 6.58 6.58 6.58 6.58 6.58 
7.22 7.22 7.22 7.22 7.22 7.22 7.22 7.22 7.22 7.22 7.22 7.16 7.16 7.16 7.16 7.16 7.16 7.16 7.16 7.16 7.16 7.16 7.16 7.16 7.16 7.16 7.16 7.16 7.16 7.16 7.16 7.16 7.16 7.16 7.16 7.16 7.16 7.16 7.16 7.16 7.16 7.16 7.16 7.16 7.16 7.16 7.16 7.16 7.16 7.16 7.16 7.16 7.16 7.16 7.16 7.16 7.16 7.16 7.16 7.16 7.16 7.16 7.16 7.16 7.16 7.16 7.16 7.16 7.16 7.16 7.16 6.58 6.58 6.58 6.58 6.58 6.58 6.58 6.58 6.58 6.58 6.58 6.58 6.58 6.58 6.58 6.58 6.58 6.58 6.58 6.58 6.58 6.58 6.58 6.58 6.58 6.58 6.58 6.58 6.58 
7.22 7.22 7.22 7.22 7.22 7.22 7.22 7.22 7.22 7.22 7.22 7.16 7.16 7.16 7.16 7.16 7.16 7.16 7.16 7.16 7.16 7.16 7.16 7.16 7.16 7.16 7.16 7.16 7.16 7.16 7.16 7.16 7.16 7.16 7.16 7.16 7.16 7.16 7.16 7.16 7.16 7.16 7.16 7.16 7.16 7.16 7.16 7.16 7.16 7.16 7.16 7.16 7.16 7.16 7.16 7.16 7.16 7.16 7.16 7.16 7.16 7.16 7.16 7.16 7.16 7.16 7.16 7.16 7.16 7.16 7.16 6.58 6.58 6.58 6.58 6.58 6.58 6.58 6.58 6.58 6.58 6.58 6.58 6.58 6.58 6.58 6.58 6.58 6.58 6.58 6.58 6.58 6.58 6.58 6.58 6.58 6.58 6.58 6.58 6.58 
7.22 7.22 7.22 7.22 7.22 7.22 7.22 7.22 7.22 7.22 7.22 7.16 7.16 7.16 7.16 7.16 7.16 7.16 7.16 7.16 7.16 7.16 7.16 7.16 7.16 7.16 7.16 7.16 7.16 7.16 7.16 7.16 7.16 7.16 7.16 7.16 7.16 7.16 7.16 7.16 7.16 7.16 7.16 7.16 7.16 7.16 7.16 7.16 7.16 7.16 7.16 7.16 7.16 7.16 7.16 7.16 7.16 7.16 7.16 7.16 7.16 7.16 7.16 7.16 7.16 7.16 7.16 7.16 7.16 7.16 7.16 6.58 6.58 6.58 6.58 6.58 6.58 6.58 6.58 6.58 6.58 6.58 6.58 6.58 6.58 6.58 6.58 6.58 6.58 6.58 6.58 6.58 6.58 6.58 6.58 6.58 6.58 6.58 6.58 6.58 
7.22 7.22 7.22 7.22 7.22 7.22 7.22 7.22 7.22 7.22 7.22 7.16 7.16 7.16 7.16 7.16 7.16 7.16 7.16 7.16 7.16 7.16 7.16 7.16 7.16 7.16 7.16 7.16 7.16 7.16 7.16 7.16 7.16 7.16 7.16 7.16 7.16 7.16 7.16 7.16 7.16 7.16 7.16 7.16 7.16 7.16 7.16 7.16 7.16 7.16 7.16 7.16 7.16 7.16 7.16 7.16 7.16 7.16 7.16 7.16 7.16 7.16 7.16 7.16 7.16 7.16 7.16 7.16 7.16 7.16 7.16 6.58 6.58 6.58 6.58 6.58 6.58 6.58 6.58 6.58 6.58 6.58 6.58 6.58 6.58 6.58 6.58 6.58 6.58 6.58 6.58 6.58 6.58 6.58 6.58 6.58 6.58 6.58 6.58 6.58 
7.22 7.22 7.22 7.22 7.22 7.22 7.22 7.22 7.22 7.22 7.22 7.16 7.16 7.16 7.16 7.16 7.16 7.16 7.16 7.16 7.16 7.16 7.16 7.16 7.16 7.16 7.16 7.16 7.16 7.16 7.16 7.16 7.16 7.16 7.16 7.16 7.16 7.16 7.16 7.16 7.16 7.16 7.16 7.16 7.16 7.16 7.16 7.16 7.16 7.16 7.16 7.16 7.16 7.16 7.16 7.16 7.16 7.16 7.16 7.16 7.16 7.16 7.16 7.16 7.16 7.16 7.16 7.16 7.16 7.16 7.16 6.58 6.58 6.58 6.58 6.58 6.58 6.58 6.58 6.58 6.58 6.58 6.58 6.58 6.58 6.58 6.58 6.58 6.58 6.58 6.58 6.58 6.58 6.58 6.58 6.58 6.58 6.58 6.58 6.58 
7.22 7.22 7.22 7.22 7.22 7.22 7.22 7.22 7.22 7.22 7.22 7.16 7.16 7.16 7.16 7.16 7.16 7.16 7.16 7.16 7.16 7.16 7.16 7.16 7.16 7.16 7.16 7.16 7.16 7.16 7.16 7.16 7.16 7.16 7.16 7.16 7.16 7.16 7.16 7.16 7.16 7.16 7.16 7.16 7.16 7.16 7.16 7.16 7.16 7.16 7.16 7.16 7.16 7.16 7.16 7.16 7.16 7.16 7.16 7.16 7.16 7.16 7.16 7.16 7.16 7.16 7.16 7.16 7.16 7.16 7.16 6.58 6.58 6.58 6.58 6.58 6.58 6.58 6.58 6.58 6.58 6.58 6.58 6.58 6.58 6.58 6.58 6.58 6.58 6.58 6.58 6.58 6.58 6.58 6.58 6.58 6.58 6.58 6.58 6.58 
7.22 7.22 7.22 7.22 7.22 7.22 7.22 7.22 7.22 7.22 7.22 7.16 7.16 7.16 7.16 7.16 7.16 7.16 7.16 7.16 7.16 7.16 7.16 7.16 7.16 7.16 7.16 7.16 7.16 7.16 7.16 7.16 7.16 7.16 7.16 7.16 7.16 7.16 7.16 7.16 7.16 7.16 7.16 7.16 7.16 7.16 7.16 7.16 7.16 7.16 7.16 7.16 7.16 7.16 7.16 7.16 7.16 7.16 7.16 7.16 7.16 7.16 7.16 7.16 7.16 7.16 7.16 7.16 7.16 7.16 7.16 6.58 6.58 6.58 6.58 6.58 6.58 6.58 6.58 6.58 6.58 6.58 6.58 6.58 6.58 6.58 6.58 6.58 6.58 6.58 6.58 6.58 6.58 6.58 6.58 6.58 6.58 6.58 6.58 6.58 
7.22 7.22 7.22 7.22 7.22 7.22 7.22 7.22 7.22 7.22 7.22 7.16 7.16 7.16 7.16 7.16 7.16 7.16 7.16 7.16 7.16 7.16 7.16 7.16 7.16 7.16 7.16 7.16 7.16 7.16 7.16 7.16 7.16 7.16 7.16 7.16 7.16 7.16 7.16 7.16 7.16 7.16 7.16 7.16 7.16 7.16 7.16 7.16 7.16 7.16 7.16 7.16 7.16 7.16 7.16 7.16 7.16 7.16 7.16 7.16 7.16 7.16 7.16 7.16 7.16 7.16 7.16 7.16 7.16 7.16 7.16 6.58 6.58 6.58 6.58 6.58 6.58 6.58 6.58 6.58 6.58 6.58 6.58 6.58 6.58 6.58 6.58 6.58 6.58 6.58 6.58 6.58 6.58 6.58 6.58 6.58 6.58 6.58 6.58 6.58 
7.22 7.22 7.22 7.22 7.22 7.22 7.22 7.22 7.22 7.22 7.22 7.16 7.16 7.16 7.16 7.16 7.16 7.16 7.16 7.16 7.16 7.16 7.16 7.16 7.16 7.16 7.16 7.16 7.16 7.16 7.16 7.16 7.16 7.16 7.16 7.16 7.16 7.16 7.16 7.16 7.16 7.16 7.16 7.16 7.16 7.16 7.16 7.16 7.16 7.16 7.16 7.16 7.16 7.16 7.16 7.16 7.16 7.16 7.16 7.16 7.16 7.16 7.16 7.16 7.16 7.16 7.16 7.16 7.16 7.16 7.16 6.58 6.58 6.58 6.58 6.58 6.58 6.58 6.58 6.58 6.58 6.58 6.58 6.58 6.58 6.58 6.58 6.58 6.58 6.58 6.58 6.58 6.58 6.58 6.58 6.58 6.58 6.58 6.58 6.58 
7.22 7.22 7.22 7.22 7.22 7.22 7.22 7.22 7.22 7.22 7.22 7.16 7.16 7.16 7.16 7.16 7.16 7.16 7.16 7.16 7.16 7.16 7.16 7.16 7.16 7.16 7.16 7.16 7.16 7.16 7.16 7.16 7.16 7.16 7.16 7.16 7.16 7.16 7.16 7.16 7.16 7.16 7.16 7.16 7.16 7.16 7.16 7.16 7.16 7.16 7.16 7.16 7.16 7.16 7.16 7.16 7.16 7.16 7.16 7.16 7.16 7.16 7.16 7.16 7.16 7.16 7.16 7.16 7.16 7.16 7.16 6.58 6.58 6.58 6.58 6.58 6.58 6.58 6.58 6.58 6.58 6.58 6.58 6.58 6.58 6.58 6.58 6.58 6.58 6.58 6.58 6.58 6.58 6.58 6.58 6.58 6.58 6.58 6.58 6.58 
7.22 7.22 7.22 7.22 7.22 7.22 7.22 7.22 7.22 7.22 7.22 7.16 7.16 7.16 7.16 7.16 7.16 7.16 7.16 7.16 7.16 7.16 7.16 7.16 7.16 7.16 7.16 7.16 7.16 7.16 7.16 7.16 7.16 7.16 7.16 7.16 7.16 7.16 7.16 7.16 7.16 7.16 7.16 7.16 7.16 7.16 7.16 7.16 7.16 7.16 7.16 7.16 7.16 7.16 7.16 7.16 7.16 7.16 7.16 7.16 7.16 7.16 7.16 7.16 7.16 7.16 7.16 7.16 7.16 7.16 7.16 6.58 6.58 6.58 6.58 6.58 6.58 6.58 6.58 6.58 6.58 6.58 6.58 6.58 6.58 6.58 6.58 6.58 6.58 6.58 6.58 6.58 6.58 6.58 6.58 6.58 6.58 6.58 6.58 6.58 
7.22 7.22 7.22 7.22 7.22 7.22 7.22 7.22 7.22 7.22 7.22 7.16 7.16 7.16 7.16 7.16 7.16 7.16 7.16 7.16 7.16 7.16 7.16 7.16 7.16 7.16 7.16 7.16 7.16 7.16 7.16 7.16 7.16 7.16 7.16 7.16 7.16 7.16 7.16 7.16 7.16 7.16 7.16 7.16 7.16 7.16 7.16 7.16 7.16 7.16 7.16 7.16 7.16 7.16 7.16 7.16 7.16 7.16 7.16 7.16 7.16 7.16 7.16 7.16 7.16 7.16 7.16 7.16 7.16 7.16 7.16 6.58 6.58 6.58 6.58 6.58 6.58 6.58 6.58 6.58 6.58 6.58 6.58 6.58 6.58 6.58 6.58 6.58 6.58 6.58 6.58 6.58 6.58 6.58 6.58 6.58 6.58 6.58 6.58 6.58 
7.22 7.22 7.22 7.22 7.22 7.22 7.22 7.22 7.22 7.22 7.22 7.16 7.16 7.16 7.16 7.16 7.16 7.16 7.16 7.16 7.16 7.16 7.16 7.16 7.16 7.16 7.16 7.16 7.16 7.16 7.16 7.16 7.16 7.16 7.16 7.16 7.16 7.16 7.16 7.16 7.16 7.16 7.16 7.16 7.16 7.16 7.16 7.16 7.16 7.16 7.16 7.16 7.16 7.16 7.16 7.16 7.16 7.16 7.16 7.16 7.16 7.16 7.16 7.16 7.16 7.16 7.16 7.16 7.16 7.16 7.16 6.58 6.58 6.58 6.58 6.58 6.58 6.58 6.58 6.58 6.58 6.58 6.58 6.58 6.58 6.58 6.58 6.58 6.58 6.58 6.58 6.58 6.58 6.58 6.58 6.58 6.58 6.58 6.58 6.58 
7.22 7.22 7.22 7.22 7.22 7.22 7.22 7.22 7.22 7.22 7.22 7.16 7.16 7.16 7.16 7.16 7.16 7.16 7.16 7.16 7.16 7.16 7.16 7.16 7.16 7.16 7.16 7.16 7.16 7.16 7.16 7.16 7.16 7.16 7.16 7.16 7.16 7.16 7.16 7.16 7.16 7.16 7.16 7.16 7.16 7.16 7.16 7.16 7.16 7.16 7.16 7.16 7.16 7.16 7.16 7.16 7.16 7.16 7.16 7.16 7.16 7.16 7.16 7.16 7.16 7.16 7.16 7.16 7.16 7.16 7.16 6.58 6.58 6.58 6.58 6.58 6.58 6.58 6.58 6.58 6.58 6.58 6.58 6.58 6.58 6.58 6.58 6.58 6.58 6.58 6.58 6.58 6.58 6.58 6.58 6.58 6.58 6.58 6.58 6.58 
7.22 7.22 7.22 7.22 7.22 7.22 7.22 7.22 7.22 7.22 7.22 7.16 7.16 7.16 7.16 7.16 7.16 7.16 7.16 7.16 7.16 7.16 7.16 7.16 7.16 7.16 7.16 7.16 7.16 7.16 7.16 7.16 7.16 7.16 7.16 7.16 7.16 7.16 7.16 7.16 7.16 7.16 7.16 7.16 7.16 7.16 7.16 7.16 7.16 7.16 7.16 7.16 7.16 7.16 7.16 7.16 7.16 7.16 7.16 7.16 7.16 7.16 7.16 7.16 7.16 7.16 7.16 7.16 7.16 7.16 7.16 6.58 6.58 6.58 6.58 6.58 6.58 6.58 6.58 6.58 6.58 6.58 6.58 6.58 6.58 6.58 6.58 6.58 6.58 6.58 6.58 6.58 6.58 6.58 6.58 6.58 6.58 6.58 6.58 6.58 
7.22 7.22 7.22 7.22 7.22 7.22 7.22 7.22 7.22 7.22 7.22 7.16 7.16 7.16 7.16 7.16 7.16 7.16 7.16 7.16 7.16 7.16 7.16 7.16 7.16 7.16 7.16 7.16 7.16 7.16 7.16 7.16 7.16 7.16 7.16 7.16 7.16 7.16 7.16 7.16 7.16 7.16 7.16 7.16 7.16 7.16 7.16 7.16 7.16 7.16 7.16 7.16 7.16 7.16 7.16 7.16 7.16 7.16 7.16 7.16 7.16 7.16 7.16 7.16 7.16 7.16 7.16 7.16 7.16 7.16 7.16 6.58 6.58 6.58 6.58 6.58 6.58 6.58 6.58 6.58 6.58 6.58 6.58 6.58 6.58 6.58 6.58 6.58 6.58 6.58 6.58 6.58 6.58 6.58 6.58 6.58 6.58 6.58 6.58 6.58 
7.22 7.22 7.22 7.22 7.22 7.22 7.22 7.22 7.22 7.22 7.22 7.16 7.16 7.16 7.16 7.16 7.16 7.16 7.16 7.16 7.16 7.16 7.16 7.16 7.16 7.16 7.16 7.16 7.16 7.16 7.16 7.16 7.16 7.16 7.16 7.16 7.16 7.16 7.16 7.16 7.16 7.16 7.16 7.16 7.16 7.16 7.16 7.16 7.16 7.16 7.16 7.16 7.16 7.16 7.16 7.16 7.16 7.16 7.16 7.16 7.16 7.16 7.16 7.16 7.16 7.16 7.16 7.16 7.16 7.16 7.16 6.58 6.58 6.58 6.58 6.58 6.58 6.58 6.58 6.58 6.58 6.58 6.58 6.58 6.58 6.58 6.58 6.58 6.58 6.58 6.58 6.58 6.58 6.58 6.58 6.58 6.58 6.58 6.58 6.58 
7.22 7.22 7.22 7.22 7.22 7.22 7.22 7.22 7.22 7.22 7.22 7.16 7.16 7.16 7.16 7.16 7.16 7.16 7.16 7.16 7.16 7.16 7.16 7.16 7.16 7.16 7.16 7.16 7.16 7.16 7.16 7.16 7.16 7.16 7.16 7.16 7.16 7.16 7.16 7.16 7.16 7.16 7.16 7.16 7.16 7.16 7.16 7.16 7.16 7.16 7.16 7.16 7.16 7.16 7.16 7.16 7.16 7.16 7.16 7.16 7.16 7.16 7.16 7.16 7.16 7.16 7.16 7.16 7.16 7.16 7.16 6.58 6.58 6.58 6.58 6.58 6.58 6.58 6.58 6.58 6.58 6.58 6.58 6.58 6.58 6.58 6.58 6.58 6.58 6.58 6.58 6.58 6.58 6.58 6.58 6.58 6.58 6.58 6.58 6.58 
7.22 7.22 7.22 7.22 7.22 7.22 7.22 7.22 7.22 7.22 7.22 7.16 7.16 7.16 7.16 7.16 7.16 7.16 7.16 7.16 7.16 7.16 7.16 7.16 7.16 7.16 7.16 7.16 7.16 7.16 7.16 7.16 7.16 7.16 7.16 7.16 7.16 7.16 7.16 7.16 7.16 7.16 7.16 7.16 7.16 7.16 7.16 7.16 7.16 7.16 7.16 7.16 7.16 7.16 7.16 7.16 7.16 7.16 7.16 7.16 7.16 7.16 7.16 7.16 7.16 7.16 7.16 7.16 7.16 7.16 7.16 6.58 6.58 6.58 6.58 6.58 6.58 6.58 6.58 6.58 6.58 6.58 6.58 6.58 6.58 6.58 6.58 6.58 6.58 6.58 6.58 6.58 6.58 6.58 6.58 6.58 6.58 6.58 6.58 6.58 
7.22 7.22 7.22 7.22 7.22 7.22 7.22 7.22 7.22 7.22 7.22 7.16 7.16 7.16 7.16 7.16 7.16 7.16 7.16 7.16 7.16 7.16 7.16 7.16 7.16 7.16 7.16 7.16 7.16 7.16 7.16 7.16 7.16 7.16 7.16 7.16 7.16 7.16 7.16 7.16 7.16 7.16 7.16 7.16 7.16 7.16 7.16 7.16 7.16 7.16 7.16 7.16 7.16 7.16 7.16 7.16 7.16 7.16 7.16 7.16 7.16 7.16 7.16 7.16 7.16 7.16 7.16 7.16 7.16 7.16 7.16 6.58 6.58 6.58 6.58 6.58 6.58 6.58 6.58 6.58 6.58 6.58 6.58 6.58 6.58 6.58 6.58 6.58 6.58 6.58 6.58 6.58 6.58 6.58 6.58 6.58 6.58 6.58 6.58 6.58 
7.22 7.22 7.22 7.22 7.22 7.22 7.22 7.22 7.22 7.22 7.22 7.16 7.16 7.16 7.16 7.16 7.16 7.16 7.16 7.16 7.16 7.16 7.16 7.16 7.16 7.16 7.16 7.16 7.16 7.16 7.16 7.16 7.16 7.16 7.16 7.16 7.16 7.16 7.16 7.16 7.16 7.16 7.16 7.16 7.16 7.16 7.16 7.16 7.16 7.16 7.16 7.16 7.16 7.16 7.16 7.16 7.16 7.16 7.16 7.16 7.16 7.16 7.16 7.16 7.16 7.16 7.16 7.16 7.16 7.16 7.16 6.58 6.58 6.58 6.58 6.58 6.58 6.58 6.58 6.58 6.58 6.58 6.58 6.58 6.58 6.58 6.58 6.58 6.58 6.58 6.58 6.58 6.58 6.58 6.58 6.58 6.58 6.58 6.58 6.58 
7.22 7.22 7.22 7.22 7.22 7.22 7.22 7.22 7.22 7.22 7.22 7.16 7.16 7.16 7.16 7.16 7.16 7.16 7.16 7.16 7.16 7.16 7.16 7.16 7.16 7.16 7.16 7.16 7.16 7.16 7.16 7.16 7.16 7.16 7.16 7.16 7.16 7.16 7.16 7.16 7.16 7.16 7.16 7.16 7.16 7.16 7.16 7.16 7.16 7.16 7.16 7.16 7.16 7.16 7.16 7.16 7.16 7.16 7.16 7.16 7.16 7.16 7.16 7.16 7.16 7.16 7.16 7.16 7.16 7.16 7.16 6.58 6.58 6.58 6.58 6.58 6.58 6.58 6.58 6.58 6.58 6.58 6.58 6.58 6.58 6.58 6.58 6.58 6.58 6.58 6.58 6.58 6.58 6.58 6.58 6.58 6.58 6.58 6.58 6.58 
7.22 7.22 7.22 7.22 7.22 7.22 7.22 7.22 7.22 7.22 7.22 7.16 7.16 7.16 7.16 7.16 7.16 7.16 7.16 7.16 7.16 7.16 7.16 7.16 7.16 7.16 7.16 7.16 7.16 7.16 7.16 7.16 7.16 7.16 7.16 7.16 7.16 7.16 7.16 7.16 7.16 7.16 7.16 7.16 7.16 7.16 7.16 7.16 7.16 7.16 7.16 7.16 7.16 7.16 7.16 7.16 7.16 7.16 7.16 7.16 7.16 7.16 7.16 7.16 7.16 7.16 7.16 7.16 7.16 7.16 7.16 6.58 6.58 6.58 6.58 6.58 6.58 6.58 6.58 6.58 6.58 6.58 6.58 6.58 6.58 6.58 6.58 6.58 6.58 6.58 6.58 6.58 6.58 6.58 6.58 6.58 6.58 6.58 6.58 6.58 
7.22 7.22 7.22 7.22 7.22 7.22 7.22 7.22 7.22 7.22 7.22 7.16 7.16 7.16 7.16 7.16 7.16 7.16 7.16 7.16 7.16 7.16 7.16 7.16 7.16 7.16 7.16 7.16 7.16 7.16 7.16 7.16 7.16 7.16 7.16 7.16 7.16 7.16 7.16 7.16 7.16 7.16 7.16 7.16 7.16 7.16 7.16 7.16 7.16 7.16 7.16 7.16 7.16 7.16 7.16 7.16 7.16 7.16 7.16 7.16 7.16 7.16 7.16 7.16 7.16 7.16 7.16 7.16 7.16 7.16 7.16 6.58 6.58 6.58 6.58 6.58 6.58 6.58 6.58 6.58 6.58 6.58 6.58 6.58 6.58 6.58 6.58 6.58 6.58 6.58 6.58 6.58 6.58 6.58 6.58 6.58 6.58 6.58 6.58 6.58 
7.22 7.22 7.22 7.22 7.22 7.22 7.22 7.22 7.22 7.22 7.22 7.16 7.16 7.16 7.16 7.16 7.16 7.16 7.16 7.16 7.16 7.16 7.16 7.16 7.16 7.16 7.16 7.16 7.16 7.16 7.16 7.16 7.16 7.16 7.16 7.16 7.16 7.16 7.16 7.16 7.16 7.16 7.16 7.16 7.16 7.16 7.16 7.16 7.16 7.16 7.16 7.16 7.16 7.16 7.16 7.16 7.16 7.16 7.16 7.16 7.16 7.16 7.16 7.16 7.16 7.16 7.16 7.16 7.16 7.16 7.16 6.58 6.58 6.58 6.58 6.58 6.58 6.58 6.58 6.58 6.58 6.58 6.58 6.58 6.58 6.58 6.58 6.58 6.58 6.58 6.58 6.58 6.58 6.58 6.58 6.58 6.58 6.58 6.58 6.58 
