ncols         100
nrows         100
xllcorner     -59982.863281
yllcorner     1851083.022172
cellsize      1000
NODATA_value  -9999
123.7 123.7 123.7 123.7 123.7 123.7 123.7 123.7 123.7 123.7 123.7 119.2 119.2 119.2 119.2 119.2 119.2 119.2 119.2 119.2 119.2 119.2 119.2 119.2 119.2 119.2 119.2 119.2 119.2 119.2 119.2 119.2 119.2 119.2 119.2 119.2 119.2 119.2 119.2 119.2 119.2 119.2 119.2 119.2 119.2 119.2 119.2 119.2 119.2 119.2 119.2 119.2 119.2 119.2 119.2 119.2 119.2 119.2 119.2 119.2 119.2 119.2 119.2 119.2 119.2 119.2 119.2 119.2 119.2 119.2 119.2 106.6 106.6 106.6 106.6 106.6 106.6 106.6 106.6 106.6 106.6 106.6 106.6 106.6 106.6 106.6 106.6 106.6 106.6 106.6 106.6 106.6 106.6 106.6 106.6 106.6 106.6 106.6 106.6 106.6 
123.7 123.7 123.7 123.7 123.7 123.7 123.7 123.7 123.7 123.7 123.7 119.2 119.2 119.2 119.2 119.2 119.2 119.2 119.2 119.2 119.2 119.2 119.2 119.2 119.2 119.2 119.2 119.2 119.2 119.2 119.2 119.2 119.2 119.2 119.2 119.2 119.2 119.2 119.2 119.2 119.2 119.2 119.2 119.2 119.2 119.2 119.2 119.2 119.2 119.2 119.2 119.2 119.2 119.2 119.2 119.2 119.2 119.2 119.2 119.2 119.2 119.2 119.2 119.2 119.2 119.2 119.2 119.2 119.2 119.2 119.2 106.6 106.6 106.6 106.6 106.6 106.6 106.6 106.6 106.6 106.6 106.6 106.6 106.6 106.6 106.6 106.6 106.6 106.6 106.6 106.6 106.6 106.6 106.6 106.6 106.6 106.6 106.6 106.6 106.6 
123.7 123.7 123.7 123.7 123.7 123.7 123.7 123.7 123.7 123.7 123.7 119.2 119.2 119.2 119.2 119.2 119.2 119.2 119.2 119.2 119.2 119.2 119.2 119.2 119.2 119.2 119.2 119.2 119.2 119.2 119.2 119.2 119.2 119.2 119.2 119.2 119.2 119.2 119.2 119.2 119.2 119.2 119.2 119.2 119.2 119.2 119.2 119.2 119.2 119.2 119.2 119.2 119.2 119.2 119.2 119.2 119.2 119.2 119.2 119.2 119.2 119.2 119.2 119.2 119.2 119.2 119.2 119.2 119.2 119.2 119.2 106.6 106.6 106.6 106.6 106.6 106.6 106.6 106.6 106.6 106.6 106.6 106.6 106.6 106.6 106.6 106.6 106.6 106.6 106.6 106.6 106.6 106.6 106.6 106.6 106.6 106.6 106.6 106.6 106.6 
123.7 123.7 123.7 123.7 123.7 123.7 123.7 123.7 123.7 123.7 123.7 119.2 119.2 119.2 119.2 119.2 119.2 119.2 119.2 119.2 119.2 119.2 119.2 119.2 119.2 119.2 119.2 119.2 119.2 119.2 119.2 119.2 119.2 119.2 119.2 119.2 119.2 119.2 119.2 119.2 119.2 119.2 119.2 119.2 119.2 119.2 119.2 119.2 119.2 119.2 119.2 119.2 119.2 119.2 119.2 119.2 119.2 119.2 119.2 119.2 119.2 119.2 119.2 119.2 119.2 119.2 119.2 119.2 119.2 119.2 119.2 106.6 106.6 106.6 106.6 106.6 106.6 106.6 106.6 106.6 106.6 106.6 106.6 106.6 106.6 106.6 106.6 106.6 106.6 106.6 106.6 106.6 106.6 106.6 106.6 106.6 106.6 106.6 106.6 106.6 
123.7 123.7 123.7 123.7 123.7 123.7 123.7 123.7 123.7 123.7 123.7 119.2 119.2 119.2 119.2 119.2 119.2 119.2 119.2 119.2 119.2 119.2 119.2 119.2 119.2 119.2 119.2 119.2 119.2 119.2 119.2 119.2 119.2 119.2 119.2 119.2 119.2 119.2 119.2 119.2 119.2 119.2 119.2 119.2 119.2 119.2 119.2 119.2 119.2 119.2 119.2 119.2 119.2 119.2 119.2 119.2 119.2 119.2 119.2 119.2 119.2 119.2 119.2 119.2 119.2 119.2 119.2 119.2 119.2 119.2 119.2 106.6 106.6 106.6 106.6 106.6 106.6 106.6 106.6 106.6 106.6 106.6 106.6 106.6 106.6 106.6 106.6 106.6 106.6 106.6 106.6 106.6 106.6 106.6 106.6 106.6 106.6 106.6 106.6 106.6 
123.7 123.7 123.7 123.7 123.7 123.7 123.7 123.7 123.7 123.7 123.7 119.2 119.2 119.2 119.2 119.2 119.2 119.2 119.2 119.2 119.2 119.2 119.2 119.2 119.2 119.2 119.2 119.2 119.2 119.2 119.2 119.2 119.2 119.2 119.2 119.2 119.2 119.2 119.2 119.2 119.2 119.2 119.2 119.2 119.2 119.2 119.2 119.2 119.2 119.2 119.2 119.2 119.2 119.2 119.2 119.2 119.2 119.2 119.2 119.2 119.2 119.2 119.2 119.2 119.2 119.2 119.2 119.2 119.2 119.2 119.2 106.6 106.6 106.6 106.6 106.6 106.6 106.6 106.6 106.6 106.6 106.6 106.6 106.6 106.6 106.6 106.6 106.6 106.6 106.6 106.6 106.6 106.6 106.6 106.6 106.6 106.6 106.6 106.6 106.6 
123.7 123.7 123.7 123.7 123.7 123.7 123.7 123.7 123.7 123.7 123.7 119.2 119.2 119.2 119.2 119.2 119.2 119.2 119.2 119.2 119.2 119.2 119.2 119.2 119.2 119.2 119.2 119.2 119.2 119.2 119.2 119.2 119.2 119.2 119.2 119.2 119.2 119.2 119.2 119.2 119.2 119.2 119.2 119.2 119.2 119.2 119.2 119.2 119.2 119.2 119.2 119.2 119.2 119.2 119.2 119.2 119.2 119.2 119.2 119.2 119.2 119.2 119.2 119.2 119.2 119.2 119.2 119.2 119.2 119.2 119.2 106.6 106.6 106.6 106.6 106.6 106.6 106.6 106.6 106.6 106.6 106.6 106.6 106.6 106.6 106.6 106.6 106.6 106.6 106.6 106.6 106.6 106.6 106.6 106.6 106.6 106.6 106.6 106.6 106.6 
123.7 123.7 123.7 123.7 123.7 123.7 123.7 123.7 123.7 123.7 123.7 119.2 119.2 119.2 119.2 119.2 119.2 119.2 119.2 119.2 119.2 119.2 119.2 119.2 119.2 119.2 119.2 119.2 119.2 119.2 119.2 119.2 119.2 119.2 119.2 119.2 119.2 119.2 119.2 119.2 119.2 119.2 119.2 119.2 119.2 119.2 119.2 119.2 119.2 119.2 119.2 119.2 119.2 119.2 119.2 119.2 119.2 119.2 119.2 119.2 119.2 119.2 119.2 119.2 119.2 119.2 119.2 119.2 119.2 119.2 119.2 106.6 106.6 106.6 106.6 106.6 106.6 106.6 106.6 106.6 106.6 106.6 106.6 106.6 106.6 106.6 106.6 106.6 106.6 106.6 106.6 106.6 106.6 106.6 106.6 106.6 106.6 106.6 106.6 106.6 
123.7 123.7 123.7 123.7 123.7 123.7 123.7 123.7 123.7 123.7 123.7 119.2 119.2 119.2 119.2 119.2 119.2 119.2 119.2 119.2 119.2 119.2 119.2 119.2 119.2 119.2 119.2 119.2 119.2 119.2 119.2 119.2 119.2 119.2 119.2 119.2 119.2 119.2 119.2 119.2 119.2 119.2 119.2 119.2 119.2 119.2 119.2 119.2 119.2 119.2 119.2 119.2 119.2 119.2 119.2 119.2 119.2 119.2 119.2 119.2 119.2 119.2 119.2 119.2 119.2 119.2 119.2 119.2 119.2 119.2 119.2 106.6 106.6 106.6 106.6 106.6 106.6 106.6 106.6 106.6 106.6 106.6 106.6 106.6 106.6 106.6 106.6 106.6 106.6 106.6 106.6 106.6 106.6 106.6 106.6 106.6 106.6 106.6 106.6 106.6 
132 132 132 132 132 132 132 132 132 132 132 133.3 133.3 133.3 133.3 133.3 133.3 133.3 133.3 133.3 133.3 133.3 133.3 133.3 133.3 133.3 133.3 133.3 133.3 133.3 133.3 133.3 133.3 133.3 133.3 133.3 133.3 133.3 133.3 133.3 133.3 133.3 133.3 133.3 133.3 133.3 133.3 133.3 133.3 133.3 133.3 133.3 133.3 133.3 133.3 133.3 133.3 133.3 133.3 133.3 133.3 133.3 133.3 133.3 133.3 133.3 133.3 133.3 133.3 133.3 133.3 119.7 119.7 119.7 119.7 119.7 119.7 119.7 119.7 119.7 119.7 119.7 119.7 119.7 119.7 119.7 119.7 119.7 119.7 119.7 119.7 119.7 119.7 119.7 119.7 119.7 119.7 119.7 119.7 119.7 
132 132 132 132 132 132 132 132 132 132 132 133.3 133.3 133.3 133.3 133.3 133.3 133.3 133.3 133.3 133.3 133.3 133.3 133.3 133.3 133.3 133.3 133.3 133.3 133.3 133.3 133.3 133.3 133.3 133.3 133.3 133.3 133.3 133.3 133.3 133.3 133.3 133.3 133.3 133.3 133.3 133.3 133.3 133.3 133.3 133.3 133.3 133.3 133.3 133.3 133.3 133.3 133.3 133.3 133.3 133.3 133.3 133.3 133.3 133.3 133.3 133.3 133.3 133.3 133.3 133.3 119.7 119.7 119.7 119.7 119.7 119.7 119.7 119.7 119.7 119.7 119.7 119.7 119.7 119.7 119.7 119.7 119.7 119.7 119.7 119.7 119.7 119.7 119.7 119.7 119.7 119.7 119.7 119.7 119.7 
132 132 132 132 132 132 132 132 132 132 132 133.3 133.3 133.3 133.3 133.3 133.3 133.3 133.3 133.3 133.3 133.3 133.3 133.3 133.3 133.3 133.3 133.3 133.3 133.3 133.3 133.3 133.3 133.3 133.3 133.3 133.3 133.3 133.3 133.3 133.3 133.3 133.3 133.3 133.3 133.3 133.3 133.3 133.3 133.3 133.3 133.3 133.3 133.3 133.3 133.3 133.3 133.3 133.3 133.3 133.3 133.3 133.3 133.3 133.3 133.3 133.3 133.3 133.3 133.3 133.3 119.7 119.7 119.7 119.7 119.7 119.7 119.7 119.7 119.7 119.7 119.7 119.7 119.7 119.7 119.7 119.7 119.7 119.7 119.7 119.7 119.7 119.7 119.7 119.7 119.7 119.7 119.7 119.7 119.7 
132 132 132 132 132 132 132 132 132 132 132 133.3 133.3 133.3 133.3 133.3 133.3 133.3 133.3 133.3 133.3 133.3 133.3 133.3 133.3 133.3 133.3 133.3 133.3 133.3 133.3 133.3 133.3 133.3 133.3 133.3 133.3 133.3 133.3 133.3 133.3 133.3 133.3 133.3 133.3 133.3 133.3 133.3 133.3 133.3 133.3 133.3 133.3 133.3 133.3 133.3 133.3 133.3 133.3 133.3 133.3 133.3 133.3 133.3 133.3 133.3 133.3 133.3 133.3 133.3 133.3 119.7 119.7 119.7 119.7 119.7 119.7 119.7 119.7 119.7 119.7 119.7 119.7 119.7 119.7 119.7 119.7 119.7 119.7 119.7 119.7 119.7 119.7 119.7 119.7 119.7 119.7 119.7 119.7 119.7 
132 132 132 132 132 132 132 132 132 132 132 133.3 133.3 133.3 133.3 133.3 133.3 133.3 133.3 133.3 133.3 133.3 133.3 133.3 133.3 133.3 133.3 133.3 133.3 133.3 133.3 133.3 133.3 133.3 133.3 133.3 133.3 133.3 133.3 133.3 133.3 133.3 133.3 133.3 133.3 133.3 133.3 133.3 133.3 133.3 133.3 133.3 133.3 133.3 133.3 133.3 133.3 133.3 133.3 133.3 133.3 133.3 133.3 133.3 133.3 133.3 133.3 133.3 133.3 133.3 133.3 119.7 119.7 119.7 119.7 119.7 119.7 119.7 119.7 119.7 119.7 119.7 119.7 119.7 119.7 119.7 119.7 119.7 119.7 119.7 119.7 119.7 119.7 119.7 119.7 119.7 119.7 119.7 119.7 119.7 
132 132 132 132 132 132 132 132 132 132 132 133.3 133.3 133.3 133.3 133.3 133.3 133.3 133.3 133.3 133.3 133.3 133.3 133.3 133.3 133.3 133.3 133.3 133.3 133.3 133.3 133.3 133.3 133.3 133.3 133.3 133.3 133.3 133.3 133.3 133.3 133.3 133.3 133.3 133.3 133.3 133.3 133.3 133.3 133.3 133.3 133.3 133.3 133.3 133.3 133.3 133.3 133.3 133.3 133.3 133.3 133.3 133.3 133.3 133.3 133.3 133.3 133.3 133.3 133.3 133.3 119.7 119.7 119.7 119.7 119.7 119.7 119.7 119.7 119.7 119.7 119.7 119.7 119.7 119.7 119.7 119.7 119.7 119.7 119.7 119.7 119.7 119.7 119.7 119.7 119.7 119.7 119.7 119.7 119.7 
132 132 132 132 132 132 132 132 132 132 132 133.3 133.3 133.3 133.3 133.3 133.3 133.3 133.3 133.3 133.3 133.3 133.3 133.3 133.3 133.3 133.3 133.3 133.3 133.3 133.3 133.3 133.3 133.3 133.3 133.3 133.3 133.3 133.3 133.3 133.3 133.3 133.3 133.3 133.3 133.3 133.3 133.3 133.3 133.3 133.3 133.3 133.3 133.3 133.3 133.3 133.3 133.3 133.3 133.3 133.3 133.3 133.3 133.3 133.3 133.3 133.3 133.3 133.3 133.3 133.3 119.7 119.7 119.7 119.7 119.7 119.7 119.7 119.7 119.7 119.7 119.7 119.7 119.7 119.7 119.7 119.7 119.7 119.7 119.7 119.7 119.7 119.7 119.7 119.7 119.7 119.7 119.7 119.7 119.7 
132 132 132 132 132 132 132 132 132 132 132 133.3 133.3 133.3 133.3 133.3 133.3 133.3 133.3 133.3 133.3 133.3 133.3 133.3 133.3 133.3 133.3 133.3 133.3 133.3 133.3 133.3 133.3 133.3 133.3 133.3 133.3 133.3 133.3 133.3 133.3 133.3 133.3 133.3 133.3 133.3 133.3 133.3 133.3 133.3 133.3 133.3 133.3 133.3 133.3 133.3 133.3 133.3 133.3 133.3 133.3 133.3 133.3 133.3 133.3 133.3 133.3 133.3 133.3 133.3 133.3 119.7 119.7 119.7 119.7 119.7 119.7 119.7 119.7 119.7 119.7 119.7 119.7 119.7 119.7 119.7 119.7 119.7 119.7 119.7 119.7 119.7 119.7 119.7 119.7 119.7 119.7 119.7 119.7 119.7 
132 132 132 132 132 132 132 132 132 132 132 133.3 133.3 133.3 133.3 133.3 133.3 133.3 133.3 133.3 133.3 133.3 133.3 133.3 133.3 133.3 133.3 133.3 133.3 133.3 133.3 133.3 133.3 133.3 133.3 133.3 133.3 133.3 133.3 133.3 133.3 133.3 133.3 133.3 133.3 133.3 133.3 133.3 133.3 133.3 133.3 133.3 133.3 133.3 133.3 133.3 133.3 133.3 133.3 133.3 133.3 133.3 133.3 133.3 133.3 133.3 133.3 133.3 133.3 133.3 133.3 119.7 119.7 119.7 119.7 119.7 119.7 119.7 119.7 119.7 119.7 119.7 119.7 119.7 119.7 119.7 119.7 119.7 119.7 119.7 119.7 119.7 119.7 119.7 119.7 119.7 119.7 119.7 119.7 119.7 
132 132 132 132 132 132 132 132 132 132 132 133.3 133.3 133.3 133.3 133.3 133.3 133.3 133.3 133.3 133.3 133.3 133.3 133.3 133.3 133.3 133.3 133.3 133.3 133.3 133.3 133.3 133.3 133.3 133.3 133.3 133.3 133.3 133.3 133.3 133.3 133.3 133.3 133.3 133.3 133.3 133.3 133.3 133.3 133.3 133.3 133.3 133.3 133.3 133.3 133.3 133.3 133.3 133.3 133.3 133.3 133.3 133.3 133.3 133.3 133.3 133.3 133.3 133.3 133.3 133.3 119.7 119.7 119.7 119.7 119.7 119.7 119.7 119.7 119.7 119.7 119.7 119.7 119.7 119.7 119.7 119.7 119.7 119.7 119.7 119.7 119.7 119.7 119.7 119.7 119.7 119.7 119.7 119.7 119.7 
132 132 132 132 132 132 132 132 132 132 132 133.3 133.3 133.3 133.3 133.3 133.3 133.3 133.3 133.3 133.3 133.3 133.3 133.3 133.3 133.3 133.3 133.3 133.3 133.3 133.3 133.3 133.3 133.3 133.3 133.3 133.3 133.3 133.3 133.3 133.3 133.3 133.3 133.3 133.3 133.3 133.3 133.3 133.3 133.3 133.3 133.3 133.3 133.3 133.3 133.3 133.3 133.3 133.3 133.3 133.3 133.3 133.3 133.3 133.3 133.3 133.3 133.3 133.3 133.3 133.3 119.7 119.7 119.7 119.7 119.7 119.7 119.7 119.7 119.7 119.7 119.7 119.7 119.7 119.7 119.7 119.7 119.7 119.7 119.7 119.7 119.7 119.7 119.7 119.7 119.7 119.7 119.7 119.7 119.7 
132 132 132 132 132 132 132 132 132 132 132 133.3 133.3 133.3 133.3 133.3 133.3 133.3 133.3 133.3 133.3 133.3 133.3 133.3 133.3 133.3 133.3 133.3 133.3 133.3 133.3 133.3 133.3 133.3 133.3 133.3 133.3 133.3 133.3 133.3 133.3 133.3 133.3 133.3 133.3 133.3 133.3 133.3 133.3 133.3 133.3 133.3 133.3 133.3 133.3 133.3 133.3 133.3 133.3 133.3 133.3 133.3 133.3 133.3 133.3 133.3 133.3 133.3 133.3 133.3 133.3 119.7 119.7 119.7 119.7 119.7 119.7 119.7 119.7 119.7 119.7 119.7 119.7 119.7 119.7 119.7 119.7 119.7 119.7 119.7 119.7 119.7 119.7 119.7 119.7 119.7 119.7 119.7 119.7 119.7 
132 132 132 132 132 132 132 132 132 132 132 133.3 133.3 133.3 133.3 133.3 133.3 133.3 133.3 133.3 133.3 133.3 133.3 133.3 133.3 133.3 133.3 133.3 133.3 133.3 133.3 133.3 133.3 133.3 133.3 133.3 133.3 133.3 133.3 133.3 133.3 133.3 133.3 133.3 133.3 133.3 133.3 133.3 133.3 133.3 133.3 133.3 133.3 133.3 133.3 133.3 133.3 133.3 133.3 133.3 133.3 133.3 133.3 133.3 133.3 133.3 133.3 133.3 133.3 133.3 133.3 119.7 119.7 119.7 119.7 119.7 119.7 119.7 119.7 119.7 119.7 119.7 119.7 119.7 119.7 119.7 119.7 119.7 119.7 119.7 119.7 119.7 119.7 119.7 119.7 119.7 119.7 119.7 119.7 119.7 
132 132 132 132 132 132 132 132 132 132 132 133.3 133.3 133.3 133.3 133.3 133.3 133.3 133.3 133.3 133.3 133.3 133.3 133.3 133.3 133.3 133.3 133.3 133.3 133.3 133.3 133.3 133.3 133.3 133.3 133.3 133.3 133.3 133.3 133.3 133.3 133.3 133.3 133.3 133.3 133.3 133.3 133.3 133.3 133.3 133.3 133.3 133.3 133.3 133.3 133.3 133.3 133.3 133.3 133.3 133.3 133.3 133.3 133.3 133.3 133.3 133.3 133.3 133.3 133.3 133.3 119.7 119.7 119.7 119.7 119.7 119.7 119.7 119.7 119.7 119.7 119.7 119.7 119.7 119.7 119.7 119.7 119.7 119.7 119.7 119.7 119.7 119.7 119.7 119.7 119.7 119.7 119.7 119.7 119.7 
132 132 132 132 132 132 132 132 132 132 132 133.3 133.3 133.3 133.3 133.3 133.3 133.3 133.3 133.3 133.3 133.3 133.3 133.3 133.3 133.3 133.3 133.3 133.3 133.3 133.3 133.3 133.3 133.3 133.3 133.3 133.3 133.3 133.3 133.3 133.3 133.3 133.3 133.3 133.3 133.3 133.3 133.3 133.3 133.3 133.3 133.3 133.3 133.3 133.3 133.3 133.3 133.3 133.3 133.3 133.3 133.3 133.3 133.3 133.3 133.3 133.3 133.3 133.3 133.3 133.3 119.7 119.7 119.7 119.7 119.7 119.7 119.7 119.7 119.7 119.7 119.7 119.7 119.7 119.7 119.7 119.7 119.7 119.7 119.7 119.7 119.7 119.7 119.7 119.7 119.7 119.7 119.7 119.7 119.7 
132 132 132 132 132 132 132 132 132 132 132 133.3 133.3 133.3 133.3 133.3 133.3 133.3 133.3 133.3 133.3 133.3 133.3 133.3 133.3 133.3 133.3 133.3 133.3 133.3 133.3 133.3 133.3 133.3 133.3 133.3 133.3 133.3 133.3 133.3 133.3 133.3 133.3 133.3 133.3 133.3 133.3 133.3 133.3 133.3 133.3 133.3 133.3 133.3 133.3 133.3 133.3 133.3 133.3 133.3 133.3 133.3 133.3 133.3 133.3 133.3 133.3 133.3 133.3 133.3 133.3 119.7 119.7 119.7 119.7 119.7 119.7 119.7 119.7 119.7 119.7 119.7 119.7 119.7 119.7 119.7 119.7 119.7 119.7 119.7 119.7 119.7 119.7 119.7 119.7 119.7 119.7 119.7 119.7 119.7 
132 132 132 132 132 132 132 132 132 132 132 133.3 133.3 133.3 133.3 133.3 133.3 133.3 133.3 133.3 133.3 133.3 133.3 133.3 133.3 133.3 133.3 133.3 133.3 133.3 133.3 133.3 133.3 133.3 133.3 133.3 133.3 133.3 133.3 133.3 133.3 133.3 133.3 133.3 133.3 133.3 133.3 133.3 133.3 133.3 133.3 133.3 133.3 133.3 133.3 133.3 133.3 133.3 133.3 133.3 133.3 133.3 133.3 133.3 133.3 133.3 133.3 133.3 133.3 133.3 133.3 119.7 119.7 119.7 119.7 119.7 119.7 119.7 119.7 119.7 119.7 119.7 119.7 119.7 119.7 119.7 119.7 119.7 119.7 119.7 119.7 119.7 119.7 119.7 119.7 119.7 119.7 119.7 119.7 119.7 
132 132 132 132 132 132 132 132 132 132 132 133.3 133.3 133.3 133.3 133.3 133.3 133.3 133.3 133.3 133.3 133.3 133.3 133.3 133.3 133.3 133.3 133.3 133.3 133.3 133.3 133.3 133.3 133.3 133.3 133.3 133.3 133.3 133.3 133.3 133.3 133.3 133.3 133.3 133.3 133.3 133.3 133.3 133.3 133.3 133.3 133.3 133.3 133.3 133.3 133.3 133.3 133.3 133.3 133.3 133.3 133.3 133.3 133.3 133.3 133.3 133.3 133.3 133.3 133.3 133.3 119.7 119.7 119.7 119.7 119.7 119.7 119.7 119.7 119.7 119.7 119.7 119.7 119.7 119.7 119.7 119.7 119.7 119.7 119.7 119.7 119.7 119.7 119.7 119.7 119.7 119.7 119.7 119.7 119.7 
132 132 132 132 132 132 132 132 132 132 132 133.3 133.3 133.3 133.3 133.3 133.3 133.3 133.3 133.3 133.3 133.3 133.3 133.3 133.3 133.3 133.3 133.3 133.3 133.3 133.3 133.3 133.3 133.3 133.3 133.3 133.3 133.3 133.3 133.3 133.3 133.3 133.3 133.3 133.3 133.3 133.3 133.3 133.3 133.3 133.3 133.3 133.3 133.3 133.3 133.3 133.3 133.3 133.3 133.3 133.3 133.3 133.3 133.3 133.3 133.3 133.3 133.3 133.3 133.3 133.3 119.7 119.7 119.7 119.7 119.7 119.7 119.7 119.7 119.7 119.7 119.7 119.7 119.7 119.7 119.7 119.7 119.7 119.7 119.7 119.7 119.7 119.7 119.7 119.7 119.7 119.7 119.7 119.7 119.7 
132 132 132 132 132 132 132 132 132 132 132 133.3 133.3 133.3 133.3 133.3 133.3 133.3 133.3 133.3 133.3 133.3 133.3 133.3 133.3 133.3 133.3 133.3 133.3 133.3 133.3 133.3 133.3 133.3 133.3 133.3 133.3 133.3 133.3 133.3 133.3 133.3 133.3 133.3 133.3 133.3 133.3 133.3 133.3 133.3 133.3 133.3 133.3 133.3 133.3 133.3 133.3 133.3 133.3 133.3 133.3 133.3 133.3 133.3 133.3 133.3 133.3 133.3 133.3 133.3 133.3 119.7 119.7 119.7 119.7 119.7 119.7 119.7 119.7 119.7 119.7 119.7 119.7 119.7 119.7 119.7 119.7 119.7 119.7 119.7 119.7 119.7 119.7 119.7 119.7 119.7 119.7 119.7 119.7 119.7 
132 132 132 132 132 132 132 132 132 132 132 133.3 133.3 133.3 133.3 133.3 133.3 133.3 133.3 133.3 133.3 133.3 133.3 133.3 133.3 133.3 133.3 133.3 133.3 133.3 133.3 133.3 133.3 133.3 133.3 133.3 133.3 133.3 133.3 133.3 133.3 133.3 133.3 133.3 133.3 133.3 133.3 133.3 133.3 133.3 133.3 133.3 133.3 133.3 133.3 133.3 133.3 133.3 133.3 133.3 133.3 133.3 133.3 133.3 133.3 133.3 133.3 133.3 133.3 133.3 133.3 119.7 119.7 119.7 119.7 119.7 119.7 119.7 119.7 119.7 119.7 119.7 119.7 119.7 119.7 119.7 119.7 119.7 119.7 119.7 119.7 119.7 119.7 119.7 119.7 119.7 119.7 119.7 119.7 119.7 
132 132 132 132 132 132 132 132 132 132 132 133.3 133.3 133.3 133.3 133.3 133.3 133.3 133.3 133.3 133.3 133.3 133.3 133.3 133.3 133.3 133.3 133.3 133.3 133.3 133.3 133.3 133.3 133.3 133.3 133.3 133.3 133.3 133.3 133.3 133.3 133.3 133.3 133.3 133.3 133.3 133.3 133.3 133.3 133.3 133.3 133.3 133.3 133.3 133.3 133.3 133.3 133.3 133.3 133.3 133.3 133.3 133.3 133.3 133.3 133.3 133.3 133.3 133.3 133.3 133.3 119.7 119.7 119.7 119.7 119.7 119.7 119.7 119.7 119.7 119.7 119.7 119.7 119.7 119.7 119.7 119.7 119.7 119.7 119.7 119.7 119.7 119.7 119.7 119.7 119.7 119.7 119.7 119.7 119.7 
132 132 132 132 132 132 132 132 132 132 132 133.3 133.3 133.3 133.3 133.3 133.3 133.3 133.3 133.3 133.3 133.3 133.3 133.3 133.3 133.3 133.3 133.3 133.3 133.3 133.3 133.3 133.3 133.3 133.3 133.3 133.3 133.3 133.3 133.3 133.3 133.3 133.3 133.3 133.3 133.3 133.3 133.3 133.3 133.3 133.3 133.3 133.3 133.3 133.3 133.3 133.3 133.3 133.3 133.3 133.3 133.3 133.3 133.3 133.3 133.3 133.3 133.3 133.3 133.3 133.3 119.7 119.7 119.7 119.7 119.7 119.7 119.7 119.7 119.7 119.7 119.7 119.7 119.7 119.7 119.7 119.7 119.7 119.7 119.7 119.7 119.7 119.7 119.7 119.7 119.7 119.7 119.7 119.7 119.7 
132 132 132 132 132 132 132 132 132 132 132 133.3 133.3 133.3 133.3 133.3 133.3 133.3 133.3 133.3 133.3 133.3 133.3 133.3 133.3 133.3 133.3 133.3 133.3 133.3 133.3 133.3 133.3 133.3 133.3 133.3 133.3 133.3 133.3 133.3 133.3 133.3 133.3 133.3 133.3 133.3 133.3 133.3 133.3 133.3 133.3 133.3 133.3 133.3 133.3 133.3 133.3 133.3 133.3 133.3 133.3 133.3 133.3 133.3 133.3 133.3 133.3 133.3 133.3 133.3 133.3 119.7 119.7 119.7 119.7 119.7 119.7 119.7 119.7 119.7 119.7 119.7 119.7 119.7 119.7 119.7 119.7 119.7 119.7 119.7 119.7 119.7 119.7 119.7 119.7 119.7 119.7 119.7 119.7 119.7 
132 132 132 132 132 132 132 132 132 132 132 133.3 133.3 133.3 133.3 133.3 133.3 133.3 133.3 133.3 133.3 133.3 133.3 133.3 133.3 133.3 133.3 133.3 133.3 133.3 133.3 133.3 133.3 133.3 133.3 133.3 133.3 133.3 133.3 133.3 133.3 133.3 133.3 133.3 133.3 133.3 133.3 133.3 133.3 133.3 133.3 133.3 133.3 133.3 133.3 133.3 133.3 133.3 133.3 133.3 133.3 133.3 133.3 133.3 133.3 133.3 133.3 133.3 133.3 133.3 133.3 119.7 119.7 119.7 119.7 119.7 119.7 119.7 119.7 119.7 119.7 119.7 119.7 119.7 119.7 119.7 119.7 119.7 119.7 119.7 119.7 119.7 119.7 119.7 119.7 119.7 119.7 119.7 119.7 119.7 
132 132 132 132 132 132 132 132 132 132 132 133.3 133.3 133.3 133.3 133.3 133.3 133.3 133.3 133.3 133.3 133.3 133.3 133.3 133.3 133.3 133.3 133.3 133.3 133.3 133.3 133.3 133.3 133.3 133.3 133.3 133.3 133.3 133.3 133.3 133.3 133.3 133.3 133.3 133.3 133.3 133.3 133.3 133.3 133.3 133.3 133.3 133.3 133.3 133.3 133.3 133.3 133.3 133.3 133.3 133.3 133.3 133.3 133.3 133.3 133.3 133.3 133.3 133.3 133.3 133.3 119.7 119.7 119.7 119.7 119.7 119.7 119.7 119.7 119.7 119.7 119.7 119.7 119.7 119.7 119.7 119.7 119.7 119.7 119.7 119.7 119.7 119.7 119.7 119.7 119.7 119.7 119.7 119.7 119.7 
132 132 132 132 132 132 132 132 132 132 132 133.3 133.3 133.3 133.3 133.3 133.3 133.3 133.3 133.3 133.3 133.3 133.3 133.3 133.3 133.3 133.3 133.3 133.3 133.3 133.3 133.3 133.3 133.3 133.3 133.3 133.3 133.3 133.3 133.3 133.3 133.3 133.3 133.3 133.3 133.3 133.3 133.3 133.3 133.3 133.3 133.3 133.3 133.3 133.3 133.3 133.3 133.3 133.3 133.3 133.3 133.3 133.3 133.3 133.3 133.3 133.3 133.3 133.3 133.3 133.3 119.7 119.7 119.7 119.7 119.7 119.7 119.7 119.7 119.7 119.7 119.7 119.7 119.7 119.7 119.7 119.7 119.7 119.7 119.7 119.7 119.7 119.7 119.7 119.7 119.7 119.7 119.7 119.7 119.7 
132 132 132 132 132 132 132 132 132 132 132 133.3 133.3 133.3 133.3 133.3 133.3 133.3 133.3 133.3 133.3 133.3 133.3 133.3 133.3 133.3 133.3 133.3 133.3 133.3 133.3 133.3 133.3 133.3 133.3 133.3 133.3 133.3 133.3 133.3 133.3 133.3 133.3 133.3 133.3 133.3 133.3 133.3 133.3 133.3 133.3 133.3 133.3 133.3 133.3 133.3 133.3 133.3 133.3 133.3 133.3 133.3 133.3 133.3 133.3 133.3 133.3 133.3 133.3 133.3 133.3 119.7 119.7 119.7 119.7 119.7 119.7 119.7 119.7 119.7 119.7 119.7 119.7 119.7 119.7 119.7 119.7 119.7 119.7 119.7 119.7 119.7 119.7 119.7 119.7 119.7 119.7 119.7 119.7 119.7 
132 132 132 132 132 132 132 132 132 132 132 133.3 133.3 133.3 133.3 133.3 133.3 133.3 133.3 133.3 133.3 133.3 133.3 133.3 133.3 133.3 133.3 133.3 133.3 133.3 133.3 133.3 133.3 133.3 133.3 133.3 133.3 133.3 133.3 133.3 133.3 133.3 133.3 133.3 133.3 133.3 133.3 133.3 133.3 133.3 133.3 133.3 133.3 133.3 133.3 133.3 133.3 133.3 133.3 133.3 133.3 133.3 133.3 133.3 133.3 133.3 133.3 133.3 133.3 133.3 133.3 119.7 119.7 119.7 119.7 119.7 119.7 119.7 119.7 119.7 119.7 119.7 119.7 119.7 119.7 119.7 119.7 119.7 119.7 119.7 119.7 119.7 119.7 119.7 119.7 119.7 119.7 119.7 119.7 119.7 
132 132 132 132 132 132 132 132 132 132 132 133.3 133.3 133.3 133.3 133.3 133.3 133.3 133.3 133.3 133.3 133.3 133.3 133.3 133.3 133.3 133.3 133.3 133.3 133.3 133.3 133.3 133.3 133.3 133.3 133.3 133.3 133.3 133.3 133.3 133.3 133.3 133.3 133.3 133.3 133.3 133.3 133.3 133.3 133.3 133.3 133.3 133.3 133.3 133.3 133.3 133.3 133.3 133.3 133.3 133.3 133.3 133.3 133.3 133.3 133.3 133.3 133.3 133.3 133.3 133.3 119.7 119.7 119.7 119.7 119.7 119.7 119.7 119.7 119.7 119.7 119.7 119.7 119.7 119.7 119.7 119.7 119.7 119.7 119.7 119.7 119.7 119.7 119.7 119.7 119.7 119.7 119.7 119.7 119.7 
132 132 132 132 132 132 132 132 132 132 132 133.3 133.3 133.3 133.3 133.3 133.3 133.3 133.3 133.3 133.3 133.3 133.3 133.3 133.3 133.3 133.3 133.3 133.3 133.3 133.3 133.3 133.3 133.3 133.3 133.3 133.3 133.3 133.3 133.3 133.3 133.3 133.3 133.3 133.3 133.3 133.3 133.3 133.3 133.3 133.3 133.3 133.3 133.3 133.3 133.3 133.3 133.3 133.3 133.3 133.3 133.3 133.3 133.3 133.3 133.3 133.3 133.3 133.3 133.3 133.3 119.7 119.7 119.7 119.7 119.7 119.7 119.7 119.7 119.7 119.7 119.7 119.7 119.7 119.7 119.7 119.7 119.7 119.7 119.7 119.7 119.7 119.7 119.7 119.7 119.7 119.7 119.7 119.7 119.7 
132 132 132 132 132 132 132 132 132 132 132 133.3 133.3 133.3 133.3 133.3 133.3 133.3 133.3 133.3 133.3 133.3 133.3 133.3 133.3 133.3 133.3 133.3 133.3 133.3 133.3 133.3 133.3 133.3 133.3 133.3 133.3 133.3 133.3 133.3 133.3 133.3 133.3 133.3 133.3 133.3 133.3 133.3 133.3 133.3 133.3 133.3 133.3 133.3 133.3 133.3 133.3 133.3 133.3 133.3 133.3 133.3 133.3 133.3 133.3 133.3 133.3 133.3 133.3 133.3 133.3 119.7 119.7 119.7 119.7 119.7 119.7 119.7 119.7 119.7 119.7 119.7 119.7 119.7 119.7 119.7 119.7 119.7 119.7 119.7 119.7 119.7 119.7 119.7 119.7 119.7 119.7 119.7 119.7 119.7 
132 132 132 132 132 132 132 132 132 132 132 133.3 133.3 133.3 133.3 133.3 133.3 133.3 133.3 133.3 133.3 133.3 133.3 133.3 133.3 133.3 133.3 133.3 133.3 133.3 133.3 133.3 133.3 133.3 133.3 133.3 133.3 133.3 133.3 133.3 133.3 133.3 133.3 133.3 133.3 133.3 133.3 133.3 133.3 133.3 133.3 133.3 133.3 133.3 133.3 133.3 133.3 133.3 133.3 133.3 133.3 133.3 133.3 133.3 133.3 133.3 133.3 133.3 133.3 133.3 133.3 119.7 119.7 119.7 119.7 119.7 119.7 119.7 119.7 119.7 119.7 119.7 119.7 119.7 119.7 119.7 119.7 119.7 119.7 119.7 119.7 119.7 119.7 119.7 119.7 119.7 119.7 119.7 119.7 119.7 
132 132 132 132 132 132 132 132 132 132 132 133.3 133.3 133.3 133.3 133.3 133.3 133.3 133.3 133.3 133.3 133.3 133.3 133.3 133.3 133.3 133.3 133.3 133.3 133.3 133.3 133.3 133.3 133.3 133.3 133.3 133.3 133.3 133.3 133.3 133.3 133.3 133.3 133.3 133.3 133.3 133.3 133.3 133.3 133.3 133.3 133.3 133.3 133.3 133.3 133.3 133.3 133.3 133.3 133.3 133.3 133.3 133.3 133.3 133.3 133.3 133.3 133.3 133.3 133.3 133.3 119.7 119.7 119.7 119.7 119.7 119.7 119.7 119.7 119.7 119.7 119.7 119.7 119.7 119.7 119.7 119.7 119.7 119.7 119.7 119.7 119.7 119.7 119.7 119.7 119.7 119.7 119.7 119.7 119.7 
132 132 132 132 132 132 132 132 132 132 132 133.3 133.3 133.3 133.3 133.3 133.3 133.3 133.3 133.3 133.3 133.3 133.3 133.3 133.3 133.3 133.3 133.3 133.3 133.3 133.3 133.3 133.3 133.3 133.3 133.3 133.3 133.3 133.3 133.3 133.3 133.3 133.3 133.3 133.3 133.3 133.3 133.3 133.3 133.3 133.3 133.3 133.3 133.3 133.3 133.3 133.3 133.3 133.3 133.3 133.3 133.3 133.3 133.3 133.3 133.3 133.3 133.3 133.3 133.3 133.3 119.7 119.7 119.7 119.7 119.7 119.7 119.7 119.7 119.7 119.7 119.7 119.7 119.7 119.7 119.7 119.7 119.7 119.7 119.7 119.7 119.7 119.7 119.7 119.7 119.7 119.7 119.7 119.7 119.7 
132 132 132 132 132 132 132 132 132 132 132 133.3 133.3 133.3 133.3 133.3 133.3 133.3 133.3 133.3 133.3 133.3 133.3 133.3 133.3 133.3 133.3 133.3 133.3 133.3 133.3 133.3 133.3 133.3 133.3 133.3 133.3 133.3 133.3 133.3 133.3 133.3 133.3 133.3 133.3 133.3 133.3 133.3 133.3 133.3 133.3 133.3 133.3 133.3 133.3 133.3 133.3 133.3 133.3 133.3 133.3 133.3 133.3 133.3 133.3 133.3 133.3 133.3 133.3 133.3 133.3 119.7 119.7 119.7 119.7 119.7 119.7 119.7 119.7 119.7 119.7 119.7 119.7 119.7 119.7 119.7 119.7 119.7 119.7 119.7 119.7 119.7 119.7 119.7 119.7 119.7 119.7 119.7 119.7 119.7 
132 132 132 132 132 132 132 132 132 132 132 133.3 133.3 133.3 133.3 133.3 133.3 133.3 133.3 133.3 133.3 133.3 133.3 133.3 133.3 133.3 133.3 133.3 133.3 133.3 133.3 133.3 133.3 133.3 133.3 133.3 133.3 133.3 133.3 133.3 133.3 133.3 133.3 133.3 133.3 133.3 133.3 133.3 133.3 133.3 133.3 133.3 133.3 133.3 133.3 133.3 133.3 133.3 133.3 133.3 133.3 133.3 133.3 133.3 133.3 133.3 133.3 133.3 133.3 133.3 133.3 119.7 119.7 119.7 119.7 119.7 119.7 119.7 119.7 119.7 119.7 119.7 119.7 119.7 119.7 119.7 119.7 119.7 119.7 119.7 119.7 119.7 119.7 119.7 119.7 119.7 119.7 119.7 119.7 119.7 
132 132 132 132 132 132 132 132 132 132 132 133.3 133.3 133.3 133.3 133.3 133.3 133.3 133.3 133.3 133.3 133.3 133.3 133.3 133.3 133.3 133.3 133.3 133.3 133.3 133.3 133.3 133.3 133.3 133.3 133.3 133.3 133.3 133.3 133.3 133.3 133.3 133.3 133.3 133.3 133.3 133.3 133.3 133.3 133.3 133.3 133.3 133.3 133.3 133.3 133.3 133.3 133.3 133.3 133.3 133.3 133.3 133.3 133.3 133.3 133.3 133.3 133.3 133.3 133.3 133.3 119.7 119.7 119.7 119.7 119.7 119.7 119.7 119.7 119.7 119.7 119.7 119.7 119.7 119.7 119.7 119.7 119.7 119.7 119.7 119.7 119.7 119.7 119.7 119.7 119.7 119.7 119.7 119.7 119.7 
132 132 132 132 132 132 132 132 132 132 132 133.3 133.3 133.3 133.3 133.3 133.3 133.3 133.3 133.3 133.3 133.3 133.3 133.3 133.3 133.3 133.3 133.3 133.3 133.3 133.3 133.3 133.3 133.3 133.3 133.3 133.3 133.3 133.3 133.3 133.3 133.3 133.3 133.3 133.3 133.3 133.3 133.3 133.3 133.3 133.3 133.3 133.3 133.3 133.3 133.3 133.3 133.3 133.3 133.3 133.3 133.3 133.3 133.3 133.3 133.3 133.3 133.3 133.3 133.3 133.3 119.7 119.7 119.7 119.7 119.7 119.7 119.7 119.7 119.7 119.7 119.7 119.7 119.7 119.7 119.7 119.7 119.7 119.7 119.7 119.7 119.7 119.7 119.7 119.7 119.7 119.7 119.7 119.7 119.7 
132 132 132 132 132 132 132 132 132 132 132 133.3 133.3 133.3 133.3 133.3 133.3 133.3 133.3 133.3 133.3 133.3 133.3 133.3 133.3 133.3 133.3 133.3 133.3 133.3 133.3 133.3 133.3 133.3 133.3 133.3 133.3 133.3 133.3 133.3 133.3 133.3 133.3 133.3 133.3 133.3 133.3 133.3 133.3 133.3 133.3 133.3 133.3 133.3 133.3 133.3 133.3 133.3 133.3 133.3 133.3 133.3 133.3 133.3 133.3 133.3 133.3 133.3 133.3 133.3 133.3 119.7 119.7 119.7 119.7 119.7 119.7 119.7 119.7 119.7 119.7 119.7 119.7 119.7 119.7 119.7 119.7 119.7 119.7 119.7 119.7 119.7 119.7 119.7 119.7 119.7 119.7 119.7 119.7 119.7 
132 132 132 132 132 132 132 132 132 132 132 133.3 133.3 133.3 133.3 133.3 133.3 133.3 133.3 133.3 133.3 133.3 133.3 133.3 133.3 133.3 133.3 133.3 133.3 133.3 133.3 133.3 133.3 133.3 133.3 133.3 133.3 133.3 133.3 133.3 133.3 133.3 133.3 133.3 133.3 133.3 133.3 133.3 133.3 133.3 133.3 133.3 133.3 133.3 133.3 133.3 133.3 133.3 133.3 133.3 133.3 133.3 133.3 133.3 133.3 133.3 133.3 133.3 133.3 133.3 133.3 119.7 119.7 119.7 119.7 119.7 119.7 119.7 119.7 119.7 119.7 119.7 119.7 119.7 119.7 119.7 119.7 119.7 119.7 119.7 119.7 119.7 119.7 119.7 119.7 119.7 119.7 119.7 119.7 119.7 
132 132 132 132 132 132 132 132 132 132 132 133.3 133.3 133.3 133.3 133.3 133.3 133.3 133.3 133.3 133.3 133.3 133.3 133.3 133.3 133.3 133.3 133.3 133.3 133.3 133.3 133.3 133.3 133.3 133.3 133.3 133.3 133.3 133.3 133.3 133.3 133.3 133.3 133.3 133.3 133.3 133.3 133.3 133.3 133.3 133.3 133.3 133.3 133.3 133.3 133.3 133.3 133.3 133.3 133.3 133.3 133.3 133.3 133.3 133.3 133.3 133.3 133.3 133.3 133.3 133.3 119.7 119.7 119.7 119.7 119.7 119.7 119.7 119.7 119.7 119.7 119.7 119.7 119.7 119.7 119.7 119.7 119.7 119.7 119.7 119.7 119.7 119.7 119.7 119.7 119.7 119.7 119.7 119.7 119.7 
132 132 132 132 132 132 132 132 132 132 132 133.3 133.3 133.3 133.3 133.3 133.3 133.3 133.3 133.3 133.3 133.3 133.3 133.3 133.3 133.3 133.3 133.3 133.3 133.3 133.3 133.3 133.3 133.3 133.3 133.3 133.3 133.3 133.3 133.3 133.3 133.3 133.3 133.3 133.3 133.3 133.3 133.3 133.3 133.3 133.3 133.3 133.3 133.3 133.3 133.3 133.3 133.3 133.3 133.3 133.3 133.3 133.3 133.3 133.3 133.3 133.3 133.3 133.3 133.3 133.3 119.7 119.7 119.7 119.7 119.7 119.7 119.7 119.7 119.7 119.7 119.7 119.7 119.7 119.7 119.7 119.7 119.7 119.7 119.7 119.7 119.7 119.7 119.7 119.7 119.7 119.7 119.7 119.7 119.7 
132 132 132 132 132 132 132 132 132 132 132 133.3 133.3 133.3 133.3 133.3 133.3 133.3 133.3 133.3 133.3 133.3 133.3 133.3 133.3 133.3 133.3 133.3 133.3 133.3 133.3 133.3 133.3 133.3 133.3 133.3 133.3 133.3 133.3 133.3 133.3 133.3 133.3 133.3 133.3 133.3 133.3 133.3 133.3 133.3 133.3 133.3 133.3 133.3 133.3 133.3 133.3 133.3 133.3 133.3 133.3 133.3 133.3 133.3 133.3 133.3 133.3 133.3 133.3 133.3 133.3 119.7 119.7 119.7 119.7 119.7 119.7 119.7 119.7 119.7 119.7 119.7 119.7 119.7 119.7 119.7 119.7 119.7 119.7 119.7 119.7 119.7 119.7 119.7 119.7 119.7 119.7 119.7 119.7 119.7 
132 132 132 132 132 132 132 132 132 132 132 133.3 133.3 133.3 133.3 133.3 133.3 133.3 133.3 133.3 133.3 133.3 133.3 133.3 133.3 133.3 133.3 133.3 133.3 133.3 133.3 133.3 133.3 133.3 133.3 133.3 133.3 133.3 133.3 133.3 133.3 133.3 133.3 133.3 133.3 133.3 133.3 133.3 133.3 133.3 133.3 133.3 133.3 133.3 133.3 133.3 133.3 133.3 133.3 133.3 133.3 133.3 133.3 133.3 133.3 133.3 133.3 133.3 133.3 133.3 133.3 119.7 119.7 119.7 119.7 119.7 119.7 119.7 119.7 119.7 119.7 119.7 119.7 119.7 119.7 119.7 119.7 119.7 119.7 119.7 119.7 119.7 119.7 119.7 119.7 119.7 119.7 119.7 119.7 119.7 
132 132 132 132 132 132 132 132 132 132 132 133.3 133.3 133.3 133.3 133.3 133.3 133.3 133.3 133.3 133.3 133.3 133.3 133.3 133.3 133.3 133.3 133.3 133.3 133.3 133.3 133.3 133.3 133.3 133.3 133.3 133.3 133.3 133.3 133.3 133.3 133.3 133.3 133.3 133.3 133.3 133.3 133.3 133.3 133.3 133.3 133.3 133.3 133.3 133.3 133.3 133.3 133.3 133.3 133.3 133.3 133.3 133.3 133.3 133.3 133.3 133.3 133.3 133.3 133.3 133.3 119.7 119.7 119.7 119.7 119.7 119.7 119.7 119.7 119.7 119.7 119.7 119.7 119.7 119.7 119.7 119.7 119.7 119.7 119.7 119.7 119.7 119.7 119.7 119.7 119.7 119.7 119.7 119.7 119.7 
132 132 132 132 132 132 132 132 132 132 132 133.3 133.3 133.3 133.3 133.3 133.3 133.3 133.3 133.3 133.3 133.3 133.3 133.3 133.3 133.3 133.3 133.3 133.3 133.3 133.3 133.3 133.3 133.3 133.3 133.3 133.3 133.3 133.3 133.3 133.3 133.3 133.3 133.3 133.3 133.3 133.3 133.3 133.3 133.3 133.3 133.3 133.3 133.3 133.3 133.3 133.3 133.3 133.3 133.3 133.3 133.3 133.3 133.3 133.3 133.3 133.3 133.3 133.3 133.3 133.3 119.7 119.7 119.7 119.7 119.7 119.7 119.7 119.7 119.7 119.7 119.7 119.7 119.7 119.7 119.7 119.7 119.7 119.7 119.7 119.7 119.7 119.7 119.7 119.7 119.7 119.7 119.7 119.7 119.7 
132 132 132 132 132 132 132 132 132 132 132 133.3 133.3 133.3 133.3 133.3 133.3 133.3 133.3 133.3 133.3 133.3 133.3 133.3 133.3 133.3 133.3 133.3 133.3 133.3 133.3 133.3 133.3 133.3 133.3 133.3 133.3 133.3 133.3 133.3 133.3 133.3 133.3 133.3 133.3 133.3 133.3 133.3 133.3 133.3 133.3 133.3 133.3 133.3 133.3 133.3 133.3 133.3 133.3 133.3 133.3 133.3 133.3 133.3 133.3 133.3 133.3 133.3 133.3 133.3 133.3 119.7 119.7 119.7 119.7 119.7 119.7 119.7 119.7 119.7 119.7 119.7 119.7 119.7 119.7 119.7 119.7 119.7 119.7 119.7 119.7 119.7 119.7 119.7 119.7 119.7 119.7 119.7 119.7 119.7 
132 132 132 132 132 132 132 132 132 132 132 133.3 133.3 133.3 133.3 133.3 133.3 133.3 133.3 133.3 133.3 133.3 133.3 133.3 133.3 133.3 133.3 133.3 133.3 133.3 133.3 133.3 133.3 133.3 133.3 133.3 133.3 133.3 133.3 133.3 133.3 133.3 133.3 133.3 133.3 133.3 133.3 133.3 133.3 133.3 133.3 133.3 133.3 133.3 133.3 133.3 133.3 133.3 133.3 133.3 133.3 133.3 133.3 133.3 133.3 133.3 133.3 133.3 133.3 133.3 133.3 119.7 119.7 119.7 119.7 119.7 119.7 119.7 119.7 119.7 119.7 119.7 119.7 119.7 119.7 119.7 119.7 119.7 119.7 119.7 119.7 119.7 119.7 119.7 119.7 119.7 119.7 119.7 119.7 119.7 
132 132 132 132 132 132 132 132 132 132 132 133.3 133.3 133.3 133.3 133.3 133.3 133.3 133.3 133.3 133.3 133.3 133.3 133.3 133.3 133.3 133.3 133.3 133.3 133.3 133.3 133.3 133.3 133.3 133.3 133.3 133.3 133.3 133.3 133.3 133.3 133.3 133.3 133.3 133.3 133.3 133.3 133.3 133.3 133.3 133.3 133.3 133.3 133.3 133.3 133.3 133.3 133.3 133.3 133.3 133.3 133.3 133.3 133.3 133.3 133.3 133.3 133.3 133.3 133.3 133.3 119.7 119.7 119.7 119.7 119.7 119.7 119.7 119.7 119.7 119.7 119.7 119.7 119.7 119.7 119.7 119.7 119.7 119.7 119.7 119.7 119.7 119.7 119.7 119.7 119.7 119.7 119.7 119.7 119.7 
132 132 132 132 132 132 132 132 132 132 132 133.3 133.3 133.3 133.3 133.3 133.3 133.3 133.3 133.3 133.3 133.3 133.3 133.3 133.3 133.3 133.3 133.3 133.3 133.3 133.3 133.3 133.3 133.3 133.3 133.3 133.3 133.3 133.3 133.3 133.3 133.3 133.3 133.3 133.3 133.3 133.3 133.3 133.3 133.3 133.3 133.3 133.3 133.3 133.3 133.3 133.3 133.3 133.3 133.3 133.3 133.3 133.3 133.3 133.3 133.3 133.3 133.3 133.3 133.3 133.3 119.7 119.7 119.7 119.7 119.7 119.7 119.7 119.7 119.7 119.7 119.7 119.7 119.7 119.7 119.7 119.7 119.7 119.7 119.7 119.7 119.7 119.7 119.7 119.7 119.7 119.7 119.7 119.7 119.7 
132 132 132 132 132 132 132 132 132 132 132 133.3 133.3 133.3 133.3 133.3 133.3 133.3 133.3 133.3 133.3 133.3 133.3 133.3 133.3 133.3 133.3 133.3 133.3 133.3 133.3 133.3 133.3 133.3 133.3 133.3 133.3 133.3 133.3 133.3 133.3 133.3 133.3 133.3 133.3 133.3 133.3 133.3 133.3 133.3 133.3 133.3 133.3 133.3 133.3 133.3 133.3 133.3 133.3 133.3 133.3 133.3 133.3 133.3 133.3 133.3 133.3 133.3 133.3 133.3 133.3 119.7 119.7 119.7 119.7 119.7 119.7 119.7 119.7 119.7 119.7 119.7 119.7 119.7 119.7 119.7 119.7 119.7 119.7 119.7 119.7 119.7 119.7 119.7 119.7 119.7 119.7 119.7 119.7 119.7 
132 132 132 132 132 132 132 132 132 132 132 133.3 133.3 133.3 133.3 133.3 133.3 133.3 133.3 133.3 133.3 133.3 133.3 133.3 133.3 133.3 133.3 133.3 133.3 133.3 133.3 133.3 133.3 133.3 133.3 133.3 133.3 133.3 133.3 133.3 133.3 133.3 133.3 133.3 133.3 133.3 133.3 133.3 133.3 133.3 133.3 133.3 133.3 133.3 133.3 133.3 133.3 133.3 133.3 133.3 133.3 133.3 133.3 133.3 133.3 133.3 133.3 133.3 133.3 133.3 133.3 119.7 119.7 119.7 119.7 119.7 119.7 119.7 119.7 119.7 119.7 119.7 119.7 119.7 119.7 119.7 119.7 119.7 119.7 119.7 119.7 119.7 119.7 119.7 119.7 119.7 119.7 119.7 119.7 119.7 
132 132 132 132 132 132 132 132 132 132 132 133.3 133.3 133.3 133.3 133.3 133.3 133.3 133.3 133.3 133.3 133.3 133.3 133.3 133.3 133.3 133.3 133.3 133.3 133.3 133.3 133.3 133.3 133.3 133.3 133.3 133.3 133.3 133.3 133.3 133.3 133.3 133.3 133.3 133.3 133.3 133.3 133.3 133.3 133.3 133.3 133.3 133.3 133.3 133.3 133.3 133.3 133.3 133.3 133.3 133.3 133.3 133.3 133.3 133.3 133.3 133.3 133.3 133.3 133.3 133.3 119.7 119.7 119.7 119.7 119.7 119.7 119.7 119.7 119.7 119.7 119.7 119.7 119.7 119.7 119.7 119.7 119.7 119.7 119.7 119.7 119.7 119.7 119.7 119.7 119.7 119.7 119.7 119.7 119.7 
132 132 132 132 132 132 132 132 132 132 132 133.3 133.3 133.3 133.3 133.3 133.3 133.3 133.3 133.3 133.3 133.3 133.3 133.3 133.3 133.3 133.3 133.3 133.3 133.3 133.3 133.3 133.3 133.3 133.3 133.3 133.3 133.3 133.3 133.3 133.3 133.3 133.3 133.3 133.3 133.3 133.3 133.3 133.3 133.3 133.3 133.3 133.3 133.3 133.3 133.3 133.3 133.3 133.3 133.3 133.3 133.3 133.3 133.3 133.3 133.3 133.3 133.3 133.3 133.3 133.3 119.7 119.7 119.7 119.7 119.7 119.7 119.7 119.7 119.7 119.7 119.7 119.7 119.7 119.7 119.7 119.7 119.7 119.7 119.7 119.7 119.7 119.7 119.7 119.7 119.7 119.7 119.7 119.7 119.7 
132 132 132 132 132 132 132 132 132 132 132 133.3 133.3 133.3 133.3 133.3 133.3 133.3 133.3 133.3 133.3 133.3 133.3 133.3 133.3 133.3 133.3 133.3 133.3 133.3 133.3 133.3 133.3 133.3 133.3 133.3 133.3 133.3 133.3 133.3 133.3 133.3 133.3 133.3 133.3 133.3 133.3 133.3 133.3 133.3 133.3 133.3 133.3 133.3 133.3 133.3 133.3 133.3 133.3 133.3 133.3 133.3 133.3 133.3 133.3 133.3 133.3 133.3 133.3 133.3 133.3 119.7 119.7 119.7 119.7 119.7 119.7 119.7 119.7 119.7 119.7 119.7 119.7 119.7 119.7 119.7 119.7 119.7 119.7 119.7 119.7 119.7 119.7 119.7 119.7 119.7 119.7 119.7 119.7 119.7 
132 132 132 132 132 132 132 132 132 132 132 133.3 133.3 133.3 133.3 133.3 133.3 133.3 133.3 133.3 133.3 133.3 133.3 133.3 133.3 133.3 133.3 133.3 133.3 133.3 133.3 133.3 133.3 133.3 133.3 133.3 133.3 133.3 133.3 133.3 133.3 133.3 133.3 133.3 133.3 133.3 133.3 133.3 133.3 133.3 133.3 133.3 133.3 133.3 133.3 133.3 133.3 133.3 133.3 133.3 133.3 133.3 133.3 133.3 133.3 133.3 133.3 133.3 133.3 133.3 133.3 119.7 119.7 119.7 119.7 119.7 119.7 119.7 119.7 119.7 119.7 119.7 119.7 119.7 119.7 119.7 119.7 119.7 119.7 119.7 119.7 119.7 119.7 119.7 119.7 119.7 119.7 119.7 119.7 119.7 
132 132 132 132 132 132 132 132 132 132 132 133.3 133.3 133.3 133.3 133.3 133.3 133.3 133.3 133.3 133.3 133.3 133.3 133.3 133.3 133.3 133.3 133.3 133.3 133.3 133.3 133.3 133.3 133.3 133.3 133.3 133.3 133.3 133.3 133.3 133.3 133.3 133.3 133.3 133.3 133.3 133.3 133.3 133.3 133.3 133.3 133.3 133.3 133.3 133.3 133.3 133.3 133.3 133.3 133.3 133.3 133.3 133.3 133.3 133.3 133.3 133.3 133.3 133.3 133.3 133.3 119.7 119.7 119.7 119.7 119.7 119.7 119.7 119.7 119.7 119.7 119.7 119.7 119.7 119.7 119.7 119.7 119.7 119.7 119.7 119.7 119.7 119.7 119.7 119.7 119.7 119.7 119.7 119.7 119.7 
132 132 132 132 132 132 132 132 132 132 132 133.3 133.3 133.3 133.3 133.3 133.3 133.3 133.3 133.3 133.3 133.3 133.3 133.3 133.3 133.3 133.3 133.3 133.3 133.3 133.3 133.3 133.3 133.3 133.3 133.3 133.3 133.3 133.3 133.3 133.3 133.3 133.3 133.3 133.3 133.3 133.3 133.3 133.3 133.3 133.3 133.3 133.3 133.3 133.3 133.3 133.3 133.3 133.3 133.3 133.3 133.3 133.3 133.3 133.3 133.3 133.3 133.3 133.3 133.3 133.3 119.7 119.7 119.7 119.7 119.7 119.7 119.7 119.7 119.7 119.7 119.7 119.7 119.7 119.7 119.7 119.7 119.7 119.7 119.7 119.7 119.7 119.7 119.7 119.7 119.7 119.7 119.7 119.7 119.7 
132 132 132 132 132 132 132 132 132 132 132 133.3 133.3 133.3 133.3 133.3 133.3 133.3 133.3 133.3 133.3 133.3 133.3 133.3 133.3 133.3 133.3 133.3 133.3 133.3 133.3 133.3 133.3 133.3 133.3 133.3 133.3 133.3 133.3 133.3 133.3 133.3 133.3 133.3 133.3 133.3 133.3 133.3 133.3 133.3 133.3 133.3 133.3 133.3 133.3 133.3 133.3 133.3 133.3 133.3 133.3 133.3 133.3 133.3 133.3 133.3 133.3 133.3 133.3 133.3 133.3 119.7 119.7 119.7 119.7 119.7 119.7 119.7 119.7 119.7 119.7 119.7 119.7 119.7 119.7 119.7 119.7 119.7 119.7 119.7 119.7 119.7 119.7 119.7 119.7 119.7 119.7 119.7 119.7 119.7 
161.2 161.2 161.2 161.2 161.2 161.2 161.2 161.2 161.2 161.2 161.2 162.4 162.4 162.4 162.4 162.4 162.4 162.4 162.4 162.4 162.4 162.4 162.4 162.4 162.4 162.4 162.4 162.4 162.4 162.4 162.4 162.4 162.4 162.4 162.4 162.4 162.4 162.4 162.4 162.4 162.4 162.4 162.4 162.4 162.4 162.4 162.4 162.4 162.4 162.4 162.4 162.4 162.4 162.4 162.4 162.4 162.4 162.4 162.4 162.4 162.4 162.4 162.4 162.4 162.4 162.4 162.4 162.4 162.4 162.4 162.4 145.1 145.1 145.1 145.1 145.1 145.1 145.1 145.1 145.1 145.1 145.1 145.1 145.1 145.1 145.1 145.1 145.1 145.1 145.1 145.1 145.1 145.1 145.1 145.1 145.1 145.1 145.1 145.1 145.1 
161.2 161.2 161.2 161.2 161.2 161.2 161.2 161.2 161.2 161.2 161.2 162.4 162.4 162.4 162.4 162.4 162.4 162.4 162.4 162.4 162.4 162.4 162.4 162.4 162.4 162.4 162.4 162.4 162.4 162.4 162.4 162.4 162.4 162.4 162.4 162.4 162.4 162.4 162.4 162.4 162.4 162.4 162.4 162.4 162.4 162.4 162.4 162.4 162.4 162.4 162.4 162.4 162.4 162.4 162.4 162.4 162.4 162.4 162.4 162.4 162.4 162.4 162.4 162.4 162.4 162.4 162.4 162.4 162.4 162.4 162.4 145.1 145.1 145.1 145.1 145.1 145.1 145.1 145.1 145.1 145.1 145.1 145.1 145.1 145.1 145.1 145.1 145.1 145.1 145.1 145.1 145.1 145.1 145.1 145.1 145.1 145.1 145.1 145.1 145.1 
161.2 161.2 161.2 161.2 161.2 161.2 161.2 161.2 161.2 161.2 161.2 162.4 162.4 162.4 162.4 162.4 162.4 162.4 162.4 162.4 162.4 162.4 162.4 162.4 162.4 162.4 162.4 162.4 162.4 162.4 162.4 162.4 162.4 162.4 162.4 162.4 162.4 162.4 162.4 162.4 162.4 162.4 162.4 162.4 162.4 162.4 162.4 162.4 162.4 162.4 162.4 162.4 162.4 162.4 162.4 162.4 162.4 162.4 162.4 162.4 162.4 162.4 162.4 162.4 162.4 162.4 162.4 162.4 162.4 162.4 162.4 145.1 145.1 145.1 145.1 145.1 145.1 145.1 145.1 145.1 145.1 145.1 145.1 145.1 145.1 145.1 145.1 145.1 145.1 145.1 145.1 145.1 145.1 145.1 145.1 145.1 145.1 145.1 145.1 145.1 
161.2 161.2 161.2 161.2 161.2 161.2 161.2 161.2 161.2 161.2 161.2 162.4 162.4 162.4 162.4 162.4 162.4 162.4 162.4 162.4 162.4 162.4 162.4 162.4 162.4 162.4 162.4 162.4 162.4 162.4 162.4 162.4 162.4 162.4 162.4 162.4 162.4 162.4 162.4 162.4 162.4 162.4 162.4 162.4 162.4 162.4 162.4 162.4 162.4 162.4 162.4 162.4 162.4 162.4 162.4 162.4 162.4 162.4 162.4 162.4 162.4 162.4 162.4 162.4 162.4 162.4 162.4 162.4 162.4 162.4 162.4 145.1 145.1 145.1 145.1 145.1 145.1 145.1 145.1 145.1 145.1 145.1 145.1 145.1 145.1 145.1 145.1 145.1 145.1 145.1 145.1 145.1 145.1 145.1 145.1 145.1 145.1 145.1 145.1 145.1 
161.2 161.2 161.2 161.2 161.2 161.2 161.2 161.2 161.2 161.2 161.2 162.4 162.4 162.4 162.4 162.4 162.4 162.4 162.4 162.4 162.4 162.4 162.4 162.4 162.4 162.4 162.4 162.4 162.4 162.4 162.4 162.4 162.4 162.4 162.4 162.4 162.4 162.4 162.4 162.4 162.4 162.4 162.4 162.4 162.4 162.4 162.4 162.4 162.4 162.4 162.4 162.4 162.4 162.4 162.4 162.4 162.4 162.4 162.4 162.4 162.4 162.4 162.4 162.4 162.4 162.4 162.4 162.4 162.4 162.4 162.4 145.1 145.1 145.1 145.1 145.1 145.1 145.1 145.1 145.1 145.1 145.1 145.1 145.1 145.1 145.1 145.1 145.1 145.1 145.1 145.1 145.1 145.1 145.1 145.1 145.1 145.1 145.1 145.1 145.1 
161.2 161.2 161.2 161.2 161.2 161.2 161.2 161.2 161.2 161.2 161.2 162.4 162.4 162.4 162.4 162.4 162.4 162.4 162.4 162.4 162.4 162.4 162.4 162.4 162.4 162.4 162.4 162.4 162.4 162.4 162.4 162.4 162.4 162.4 162.4 162.4 162.4 162.4 162.4 162.4 162.4 162.4 162.4 162.4 162.4 162.4 162.4 162.4 162.4 162.4 162.4 162.4 162.4 162.4 162.4 162.4 162.4 162.4 162.4 162.4 162.4 162.4 162.4 162.4 162.4 162.4 162.4 162.4 162.4 162.4 162.4 145.1 145.1 145.1 145.1 145.1 145.1 145.1 145.1 145.1 145.1 145.1 145.1 145.1 145.1 145.1 145.1 145.1 145.1 145.1 145.1 145.1 145.1 145.1 145.1 145.1 145.1 145.1 145.1 145.1 
161.2 161.2 161.2 161.2 161.2 161.2 161.2 161.2 161.2 161.2 161.2 162.4 162.4 162.4 162.4 162.4 162.4 162.4 162.4 162.4 162.4 162.4 162.4 162.4 162.4 162.4 162.4 162.4 162.4 162.4 162.4 162.4 162.4 162.4 162.4 162.4 162.4 162.4 162.4 162.4 162.4 162.4 162.4 162.4 162.4 162.4 162.4 162.4 162.4 162.4 162.4 162.4 162.4 162.4 162.4 162.4 162.4 162.4 162.4 162.4 162.4 162.4 162.4 162.4 162.4 162.4 162.4 162.4 162.4 162.4 162.4 145.1 145.1 145.1 145.1 145.1 145.1 145.1 145.1 145.1 145.1 145.1 145.1 145.1 145.1 145.1 145.1 145.1 145.1 145.1 145.1 145.1 145.1 145.1 145.1 145.1 145.1 145.1 145.1 145.1 
161.2 161.2 161.2 161.2 161.2 161.2 161.2 161.2 161.2 161.2 161.2 162.4 162.4 162.4 162.4 162.4 162.4 162.4 162.4 162.4 162.4 162.4 162.4 162.4 162.4 162.4 162.4 162.4 162.4 162.4 162.4 162.4 162.4 162.4 162.4 162.4 162.4 162.4 162.4 162.4 162.4 162.4 162.4 162.4 162.4 162.4 162.4 162.4 162.4 162.4 162.4 162.4 162.4 162.4 162.4 162.4 162.4 162.4 162.4 162.4 162.4 162.4 162.4 162.4 162.4 162.4 162.4 162.4 162.4 162.4 162.4 145.1 145.1 145.1 145.1 145.1 145.1 145.1 145.1 145.1 145.1 145.1 145.1 145.1 145.1 145.1 145.1 145.1 145.1 145.1 145.1 145.1 145.1 145.1 145.1 145.1 145.1 145.1 145.1 145.1 
161.2 161.2 161.2 161.2 161.2 161.2 161.2 161.2 161.2 161.2 161.2 162.4 162.4 162.4 162.4 162.4 162.4 162.4 162.4 162.4 162.4 162.4 162.4 162.4 162.4 162.4 162.4 162.4 162.4 162.4 162.4 162.4 162.4 162.4 162.4 162.4 162.4 162.4 162.4 162.4 162.4 162.4 162.4 162.4 162.4 162.4 162.4 162.4 162.4 162.4 162.4 162.4 162.4 162.4 162.4 162.4 162.4 162.4 162.4 162.4 162.4 162.4 162.4 162.4 162.4 162.4 162.4 162.4 162.4 162.4 162.4 145.1 145.1 145.1 145.1 145.1 145.1 145.1 145.1 145.1 145.1 145.1 145.1 145.1 145.1 145.1 145.1 145.1 145.1 145.1 145.1 145.1 145.1 145.1 145.1 145.1 145.1 145.1 145.1 145.1 
161.2 161.2 161.2 161.2 161.2 161.2 161.2 161.2 161.2 161.2 161.2 162.4 162.4 162.4 162.4 162.4 162.4 162.4 162.4 162.4 162.4 162.4 162.4 162.4 162.4 162.4 162.4 162.4 162.4 162.4 162.4 162.4 162.4 162.4 162.4 162.4 162.4 162.4 162.4 162.4 162.4 162.4 162.4 162.4 162.4 162.4 162.4 162.4 162.4 162.4 162.4 162.4 162.4 162.4 162.4 162.4 162.4 162.4 162.4 162.4 162.4 162.4 162.4 162.4 162.4 162.4 162.4 162.4 162.4 162.4 162.4 145.1 145.1 145.1 145.1 145.1 145.1 145.1 145.1 145.1 145.1 145.1 145.1 145.1 145.1 145.1 145.1 145.1 145.1 145.1 145.1 145.1 145.1 145.1 145.1 145.1 145.1 145.1 145.1 145.1 
161.2 161.2 161.2 161.2 161.2 161.2 161.2 161.2 161.2 161.2 161.2 162.4 162.4 162.4 162.4 162.4 162.4 162.4 162.4 162.4 162.4 162.4 162.4 162.4 162.4 162.4 162.4 162.4 162.4 162.4 162.4 162.4 162.4 162.4 162.4 162.4 162.4 162.4 162.4 162.4 162.4 162.4 162.4 162.4 162.4 162.4 162.4 162.4 162.4 162.4 162.4 162.4 162.4 162.4 162.4 162.4 162.4 162.4 162.4 162.4 162.4 162.4 162.4 162.4 162.4 162.4 162.4 162.4 162.4 162.4 162.4 145.1 145.1 145.1 145.1 145.1 145.1 145.1 145.1 145.1 145.1 145.1 145.1 145.1 145.1 145.1 145.1 145.1 145.1 145.1 145.1 145.1 145.1 145.1 145.1 145.1 145.1 145.1 145.1 145.1 
161.2 161.2 161.2 161.2 161.2 161.2 161.2 161.2 161.2 161.2 161.2 162.4 162.4 162.4 162.4 162.4 162.4 162.4 162.4 162.4 162.4 162.4 162.4 162.4 162.4 162.4 162.4 162.4 162.4 162.4 162.4 162.4 162.4 162.4 162.4 162.4 162.4 162.4 162.4 162.4 162.4 162.4 162.4 162.4 162.4 162.4 162.4 162.4 162.4 162.4 162.4 162.4 162.4 162.4 162.4 162.4 162.4 162.4 162.4 162.4 162.4 162.4 162.4 162.4 162.4 162.4 162.4 162.4 162.4 162.4 162.4 145.1 145.1 145.1 145.1 145.1 145.1 145.1 145.1 145.1 145.1 145.1 145.1 145.1 145.1 145.1 145.1 145.1 145.1 145.1 145.1 145.1 145.1 145.1 145.1 145.1 145.1 145.1 145.1 145.1 
161.2 161.2 161.2 161.2 161.2 161.2 161.2 161.2 161.2 161.2 161.2 162.4 162.4 162.4 162.4 162.4 162.4 162.4 162.4 162.4 162.4 162.4 162.4 162.4 162.4 162.4 162.4 162.4 162.4 162.4 162.4 162.4 162.4 162.4 162.4 162.4 162.4 162.4 162.4 162.4 162.4 162.4 162.4 162.4 162.4 162.4 162.4 162.4 162.4 162.4 162.4 162.4 162.4 162.4 162.4 162.4 162.4 162.4 162.4 162.4 162.4 162.4 162.4 162.4 162.4 162.4 162.4 162.4 162.4 162.4 162.4 145.1 145.1 145.1 145.1 145.1 145.1 145.1 145.1 145.1 145.1 145.1 145.1 145.1 145.1 145.1 145.1 145.1 145.1 145.1 145.1 145.1 145.1 145.1 145.1 145.1 145.1 145.1 145.1 145.1 
161.2 161.2 161.2 161.2 161.2 161.2 161.2 161.2 161.2 161.2 161.2 162.4 162.4 162.4 162.4 162.4 162.4 162.4 162.4 162.4 162.4 162.4 162.4 162.4 162.4 162.4 162.4 162.4 162.4 162.4 162.4 162.4 162.4 162.4 162.4 162.4 162.4 162.4 162.4 162.4 162.4 162.4 162.4 162.4 162.4 162.4 162.4 162.4 162.4 162.4 162.4 162.4 162.4 162.4 162.4 162.4 162.4 162.4 162.4 162.4 162.4 162.4 162.4 162.4 162.4 162.4 162.4 162.4 162.4 162.4 162.4 145.1 145.1 145.1 145.1 145.1 145.1 145.1 145.1 145.1 145.1 145.1 145.1 145.1 145.1 145.1 145.1 145.1 145.1 145.1 145.1 145.1 145.1 145.1 145.1 145.1 145.1 145.1 145.1 145.1 
161.2 161.2 161.2 161.2 161.2 161.2 161.2 161.2 161.2 161.2 161.2 162.4 162.4 162.4 162.4 162.4 162.4 162.4 162.4 162.4 162.4 162.4 162.4 162.4 162.4 162.4 162.4 162.4 162.4 162.4 162.4 162.4 162.4 162.4 162.4 162.4 162.4 162.4 162.4 162.4 162.4 162.4 162.4 162.4 162.4 162.4 162.4 162.4 162.4 162.4 162.4 162.4 162.4 162.4 162.4 162.4 162.4 162.4 162.4 162.4 162.4 162.4 162.4 162.4 162.4 162.4 162.4 162.4 162.4 162.4 162.4 145.1 145.1 145.1 145.1 145.1 145.1 145.1 145.1 145.1 145.1 145.1 145.1 145.1 145.1 145.1 145.1 145.1 145.1 145.1 145.1 145.1 145.1 145.1 145.1 145.1 145.1 145.1 145.1 145.1 
161.2 161.2 161.2 161.2 161.2 161.2 161.2 161.2 161.2 161.2 161.2 162.4 162.4 162.4 162.4 162.4 162.4 162.4 162.4 162.4 162.4 162.4 162.4 162.4 162.4 162.4 162.4 162.4 162.4 162.4 162.4 162.4 162.4 162.4 162.4 162.4 162.4 162.4 162.4 162.4 162.4 162.4 162.4 162.4 162.4 162.4 162.4 162.4 162.4 162.4 162.4 162.4 162.4 162.4 162.4 162.4 162.4 162.4 162.4 162.4 162.4 162.4 162.4 162.4 162.4 162.4 162.4 162.4 162.4 162.4 162.4 145.1 145.1 145.1 145.1 145.1 145.1 145.1 145.1 145.1 145.1 145.1 145.1 145.1 145.1 145.1 145.1 145.1 145.1 145.1 145.1 145.1 145.1 145.1 145.1 145.1 145.1 145.1 145.1 145.1 
161.2 161.2 161.2 161.2 161.2 161.2 161.2 161.2 161.2 161.2 161.2 162.4 162.4 162.4 162.4 162.4 162.4 162.4 162.4 162.4 162.4 162.4 162.4 162.4 162.4 162.4 162.4 162.4 162.4 162.4 162.4 162.4 162.4 162.4 162.4 162.4 162.4 162.4 162.4 162.4 162.4 162.4 162.4 162.4 162.4 162.4 162.4 162.4 162.4 162.4 162.4 162.4 162.4 162.4 162.4 162.4 162.4 162.4 162.4 162.4 162.4 162.4 162.4 162.4 162.4 162.4 162.4 162.4 162.4 162.4 162.4 145.1 145.1 145.1 145.1 145.1 145.1 145.1 145.1 145.1 145.1 145.1 145.1 145.1 145.1 145.1 145.1 145.1 145.1 145.1 145.1 145.1 145.1 145.1 145.1 145.1 145.1 145.1 145.1 145.1 
161.2 161.2 161.2 161.2 161.2 161.2 161.2 161.2 161.2 161.2 161.2 162.4 162.4 162.4 162.4 162.4 162.4 162.4 162.4 162.4 162.4 162.4 162.4 162.4 162.4 162.4 162.4 162.4 162.4 162.4 162.4 162.4 162.4 162.4 162.4 162.4 162.4 162.4 162.4 162.4 162.4 162.4 162.4 162.4 162.4 162.4 162.4 162.4 162.4 162.4 162.4 162.4 162.4 162.4 162.4 162.4 162.4 162.4 162.4 162.4 162.4 162.4 162.4 162.4 162.4 162.4 162.4 162.4 162.4 162.4 162.4 145.1 145.1 145.1 145.1 145.1 145.1 145.1 145.1 145.1 145.1 145.1 145.1 145.1 145.1 145.1 145.1 145.1 145.1 145.1 145.1 145.1 145.1 145.1 145.1 145.1 145.1 145.1 145.1 145.1 
161.2 161.2 161.2 161.2 161.2 161.2 161.2 161.2 161.2 161.2 161.2 162.4 162.4 162.4 162.4 162.4 162.4 162.4 162.4 162.4 162.4 162.4 162.4 162.4 162.4 162.4 162.4 162.4 162.4 162.4 162.4 162.4 162.4 162.4 162.4 162.4 162.4 162.4 162.4 162.4 162.4 162.4 162.4 162.4 162.4 162.4 162.4 162.4 162.4 162.4 162.4 162.4 162.4 162.4 162.4 162.4 162.4 162.4 162.4 162.4 162.4 162.4 162.4 162.4 162.4 162.4 162.4 162.4 162.4 162.4 162.4 145.1 145.1 145.1 145.1 145.1 145.1 145.1 145.1 145.1 145.1 145.1 145.1 145.1 145.1 145.1 145.1 145.1 145.1 145.1 145.1 145.1 145.1 145.1 145.1 145.1 145.1 145.1 145.1 145.1 
161.2 161.2 161.2 161.2 161.2 161.2 161.2 161.2 161.2 161.2 161.2 162.4 162.4 162.4 162.4 162.4 162.4 162.4 162.4 162.4 162.4 162.4 162.4 162.4 162.4 162.4 162.4 162.4 162.4 162.4 162.4 162.4 162.4 162.4 162.4 162.4 162.4 162.4 162.4 162.4 162.4 162.4 162.4 162.4 162.4 162.4 162.4 162.4 162.4 162.4 162.4 162.4 162.4 162.4 162.4 162.4 162.4 162.4 162.4 162.4 162.4 162.4 162.4 162.4 162.4 162.4 162.4 162.4 162.4 162.4 162.4 145.1 145.1 145.1 145.1 145.1 145.1 145.1 145.1 145.1 145.1 145.1 145.1 145.1 145.1 145.1 145.1 145.1 145.1 145.1 145.1 145.1 145.1 145.1 145.1 145.1 145.1 145.1 145.1 145.1 
161.2 161.2 161.2 161.2 161.2 161.2 161.2 161.2 161.2 161.2 161.2 162.4 162.4 162.4 162.4 162.4 162.4 162.4 162.4 162.4 162.4 162.4 162.4 162.4 162.4 162.4 162.4 162.4 162.4 162.4 162.4 162.4 162.4 162.4 162.4 162.4 162.4 162.4 162.4 162.4 162.4 162.4 162.4 162.4 162.4 162.4 162.4 162.4 162.4 162.4 162.4 162.4 162.4 162.4 162.4 162.4 162.4 162.4 162.4 162.4 162.4 162.4 162.4 162.4 162.4 162.4 162.4 162.4 162.4 162.4 162.4 145.1 145.1 145.1 145.1 145.1 145.1 145.1 145.1 145.1 145.1 145.1 145.1 145.1 145.1 145.1 145.1 145.1 145.1 145.1 145.1 145.1 145.1 145.1 145.1 145.1 145.1 145.1 145.1 145.1 
161.2 161.2 161.2 161.2 161.2 161.2 161.2 161.2 161.2 161.2 161.2 162.4 162.4 162.4 162.4 162.4 162.4 162.4 162.4 162.4 162.4 162.4 162.4 162.4 162.4 162.4 162.4 162.4 162.4 162.4 162.4 162.4 162.4 162.4 162.4 162.4 162.4 162.4 162.4 162.4 162.4 162.4 162.4 162.4 162.4 162.4 162.4 162.4 162.4 162.4 162.4 162.4 162.4 162.4 162.4 162.4 162.4 162.4 162.4 162.4 162.4 162.4 162.4 162.4 162.4 162.4 162.4 162.4 162.4 162.4 162.4 145.1 145.1 145.1 145.1 145.1 145.1 145.1 145.1 145.1 145.1 145.1 145.1 145.1 145.1 145.1 145.1 145.1 145.1 145.1 145.1 145.1 145.1 145.1 145.1 145.1 145.1 145.1 145.1 145.1 
161.2 161.2 161.2 161.2 161.2 161.2 161.2 161.2 161.2 161.2 161.2 162.4 162.4 162.4 162.4 162.4 162.4 162.4 162.4 162.4 162.4 162.4 162.4 162.4 162.4 162.4 162.4 162.4 162.4 162.4 162.4 162.4 162.4 162.4 162.4 162.4 162.4 162.4 162.4 162.4 162.4 162.4 162.4 162.4 162.4 162.4 162.4 162.4 162.4 162.4 162.4 162.4 162.4 162.4 162.4 162.4 162.4 162.4 162.4 162.4 162.4 162.4 162.4 162.4 162.4 162.4 162.4 162.4 162.4 162.4 162.4 145.1 145.1 145.1 145.1 145.1 145.1 145.1 145.1 145.1 145.1 145.1 145.1 145.1 145.1 145.1 145.1 145.1 145.1 145.1 145.1 145.1 145.1 145.1 145.1 145.1 145.1 145.1 145.1 145.1 
161.2 161.2 161.2 161.2 161.2 161.2 161.2 161.2 161.2 161.2 161.2 162.4 162.4 162.4 162.4 162.4 162.4 162.4 162.4 162.4 162.4 162.4 162.4 162.4 162.4 162.4 162.4 162.4 162.4 162.4 162.4 162.4 162.4 162.4 162.4 162.4 162.4 162.4 162.4 162.4 162.4 162.4 162.4 162.4 162.4 162.4 162.4 162.4 162.4 162.4 162.4 162.4 162.4 162.4 162.4 162.4 162.4 162.4 162.4 162.4 162.4 162.4 162.4 162.4 162.4 162.4 162.4 162.4 162.4 162.4 162.4 145.1 145.1 145.1 145.1 145.1 145.1 145.1 145.1 145.1 145.1 145.1 145.1 145.1 145.1 145.1 145.1 145.1 145.1 145.1 145.1 145.1 145.1 145.1 145.1 145.1 145.1 145.1 145.1 145.1 
161.2 161.2 161.2 161.2 161.2 161.2 161.2 161.2 161.2 161.2 161.2 162.4 162.4 162.4 162.4 162.4 162.4 162.4 162.4 162.4 162.4 162.4 162.4 162.4 162.4 162.4 162.4 162.4 162.4 162.4 162.4 162.4 162.4 162.4 162.4 162.4 162.4 162.4 162.4 162.4 162.4 162.4 162.4 162.4 162.4 162.4 162.4 162.4 162.4 162.4 162.4 162.4 162.4 162.4 162.4 162.4 162.4 162.4 162.4 162.4 162.4 162.4 162.4 162.4 162.4 162.4 162.4 162.4 162.4 162.4 162.4 145.1 145.1 145.1 145.1 145.1 145.1 145.1 145.1 145.1 145.1 145.1 145.1 145.1 145.1 145.1 145.1 145.1 145.1 145.1 145.1 145.1 145.1 145.1 145.1 145.1 145.1 145.1 145.1 145.1 
161.2 161.2 161.2 161.2 161.2 161.2 161.2 161.2 161.2 161.2 161.2 162.4 162.4 162.4 162.4 162.4 162.4 162.4 162.4 162.4 162.4 162.4 162.4 162.4 162.4 162.4 162.4 162.4 162.4 162.4 162.4 162.4 162.4 162.4 162.4 162.4 162.4 162.4 162.4 162.4 162.4 162.4 162.4 162.4 162.4 162.4 162.4 162.4 162.4 162.4 162.4 162.4 162.4 162.4 162.4 162.4 162.4 162.4 162.4 162.4 162.4 162.4 162.4 162.4 162.4 162.4 162.4 162.4 162.4 162.4 162.4 145.1 145.1 145.1 145.1 145.1 145.1 145.1 145.1 145.1 145.1 145.1 145.1 145.1 145.1 145.1 145.1 145.1 145.1 145.1 145.1 145.1 145.1 145.1 145.1 145.1 145.1 145.1 145.1 145.1 
161.2 161.2 161.2 161.2 161.2 161.2 161.2 161.2 161.2 161.2 161.2 162.4 162.4 162.4 162.4 162.4 162.4 162.4 162.4 162.4 162.4 162.4 162.4 162.4 162.4 162.4 162.4 162.4 162.4 162.4 162.4 162.4 162.4 162.4 162.4 162.4 162.4 162.4 162.4 162.4 162.4 162.4 162.4 162.4 162.4 162.4 162.4 162.4 162.4 162.4 162.4 162.4 162.4 162.4 162.4 162.4 162.4 162.4 162.4 162.4 162.4 162.4 162.4 162.4 162.4 162.4 162.4 162.4 162.4 162.4 162.4 145.1 145.1 145.1 145.1 145.1 145.1 145.1 145.1 145.1 145.1 145.1 145.1 145.1 145.1 145.1 145.1 145.1 145.1 145.1 145.1 145.1 145.1 145.1 145.1 145.1 145.1 145.1 145.1 145.1 
161.2 161.2 161.2 161.2 161.2 161.2 161.2 161.2 161.2 161.2 161.2 162.4 162.4 162.4 162.4 162.4 162.4 162.4 162.4 162.4 162.4 162.4 162.4 162.4 162.4 162.4 162.4 162.4 162.4 162.4 162.4 162.4 162.4 162.4 162.4 162.4 162.4 162.4 162.4 162.4 162.4 162.4 162.4 162.4 162.4 162.4 162.4 162.4 162.4 162.4 162.4 162.4 162.4 162.4 162.4 162.4 162.4 162.4 162.4 162.4 162.4 162.4 162.4 162.4 162.4 162.4 162.4 162.4 162.4 162.4 162.4 145.1 145.1 145.1 145.1 145.1 145.1 145.1 145.1 145.1 145.1 145.1 145.1 145.1 145.1 145.1 145.1 145.1 145.1 145.1 145.1 145.1 145.1 145.1 145.1 145.1 145.1 145.1 145.1 145.1 
161.2 161.2 161.2 161.2 161.2 161.2 161.2 161.2 161.2 161.2 161.2 162.4 162.4 162.4 162.4 162.4 162.4 162.4 162.4 162.4 162.4 162.4 162.4 162.4 162.4 162.4 162.4 162.4 162.4 162.4 162.4 162.4 162.4 162.4 162.4 162.4 162.4 162.4 162.4 162.4 162.4 162.4 162.4 162.4 162.4 162.4 162.4 162.4 162.4 162.4 162.4 162.4 162.4 162.4 162.4 162.4 162.4 162.4 162.4 162.4 162.4 162.4 162.4 162.4 162.4 162.4 162.4 162.4 162.4 162.4 162.4 145.1 145.1 145.1 145.1 145.1 145.1 145.1 145.1 145.1 145.1 145.1 145.1 145.1 145.1 145.1 145.1 145.1 145.1 145.1 145.1 145.1 145.1 145.1 145.1 145.1 145.1 145.1 145.1 145.1 
161.2 161.2 161.2 161.2 161.2 161.2 161.2 161.2 161.2 161.2 161.2 162.4 162.4 162.4 162.4 162.4 162.4 162.4 162.4 162.4 162.4 162.4 162.4 162.4 162.4 162.4 162.4 162.4 162.4 162.4 162.4 162.4 162.4 162.4 162.4 162.4 162.4 162.4 162.4 162.4 162.4 162.4 162.4 162.4 162.4 162.4 162.4 162.4 162.4 162.4 162.4 162.4 162.4 162.4 162.4 162.4 162.4 162.4 162.4 162.4 162.4 162.4 162.4 162.4 162.4 162.4 162.4 162.4 162.4 162.4 162.4 145.1 145.1 145.1 145.1 145.1 145.1 145.1 145.1 145.1 145.1 145.1 145.1 145.1 145.1 145.1 145.1 145.1 145.1 145.1 145.1 145.1 145.1 145.1 145.1 145.1 145.1 145.1 145.1 145.1 
161.2 161.2 161.2 161.2 161.2 161.2 161.2 161.2 161.2 161.2 161.2 162.4 162.4 162.4 162.4 162.4 162.4 162.4 162.4 162.4 162.4 162.4 162.4 162.4 162.4 162.4 162.4 162.4 162.4 162.4 162.4 162.4 162.4 162.4 162.4 162.4 162.4 162.4 162.4 162.4 162.4 162.4 162.4 162.4 162.4 162.4 162.4 162.4 162.4 162.4 162.4 162.4 162.4 162.4 162.4 162.4 162.4 162.4 162.4 162.4 162.4 162.4 162.4 162.4 162.4 162.4 162.4 162.4 162.4 162.4 162.4 145.1 145.1 145.1 145.1 145.1 145.1 145.1 145.1 145.1 145.1 145.1 145.1 145.1 145.1 145.1 145.1 145.1 145.1 145.1 145.1 145.1 145.1 145.1 145.1 145.1 145.1 145.1 145.1 145.1 
