ncols         100
nrows         100
xllcorner     -59982.863281
yllcorner     1851083.022172
cellsize      1000
NODATA_value  -9999
114.6 114.6 114.6 114.6 114.6 114.6 114.6 114.6 114.6 114.6 114.6 105.2 105.2 105.2 105.2 105.2 105.2 105.2 105.2 105.2 105.2 105.2 105.2 105.2 105.2 105.2 105.2 105.2 105.2 105.2 105.2 105.2 105.2 105.2 105.2 105.2 105.2 105.2 105.2 105.2 105.2 105.2 105.2 105.2 105.2 105.2 105.2 105.2 105.2 105.2 105.2 105.2 105.2 105.2 105.2 105.2 105.2 105.2 105.2 105.2 105.2 105.2 105.2 105.2 105.2 105.2 105.2 105.2 105.2 105.2 105.2 99.1 99.1 99.1 99.1 99.1 99.1 99.1 99.1 99.1 99.1 99.1 99.1 99.1 99.1 99.1 99.1 99.1 99.1 99.1 99.1 99.1 99.1 99.1 99.1 99.1 99.1 99.1 99.1 99.1 
114.6 114.6 114.6 114.6 114.6 114.6 114.6 114.6 114.6 114.6 114.6 105.2 105.2 105.2 105.2 105.2 105.2 105.2 105.2 105.2 105.2 105.2 105.2 105.2 105.2 105.2 105.2 105.2 105.2 105.2 105.2 105.2 105.2 105.2 105.2 105.2 105.2 105.2 105.2 105.2 105.2 105.2 105.2 105.2 105.2 105.2 105.2 105.2 105.2 105.2 105.2 105.2 105.2 105.2 105.2 105.2 105.2 105.2 105.2 105.2 105.2 105.2 105.2 105.2 105.2 105.2 105.2 105.2 105.2 105.2 105.2 99.1 99.1 99.1 99.1 99.1 99.1 99.1 99.1 99.1 99.1 99.1 99.1 99.1 99.1 99.1 99.1 99.1 99.1 99.1 99.1 99.1 99.1 99.1 99.1 99.1 99.1 99.1 99.1 99.1 
114.6 114.6 114.6 114.6 114.6 114.6 114.6 114.6 114.6 114.6 114.6 105.2 105.2 105.2 105.2 105.2 105.2 105.2 105.2 105.2 105.2 105.2 105.2 105.2 105.2 105.2 105.2 105.2 105.2 105.2 105.2 105.2 105.2 105.2 105.2 105.2 105.2 105.2 105.2 105.2 105.2 105.2 105.2 105.2 105.2 105.2 105.2 105.2 105.2 105.2 105.2 105.2 105.2 105.2 105.2 105.2 105.2 105.2 105.2 105.2 105.2 105.2 105.2 105.2 105.2 105.2 105.2 105.2 105.2 105.2 105.2 99.1 99.1 99.1 99.1 99.1 99.1 99.1 99.1 99.1 99.1 99.1 99.1 99.1 99.1 99.1 99.1 99.1 99.1 99.1 99.1 99.1 99.1 99.1 99.1 99.1 99.1 99.1 99.1 99.1 
114.6 114.6 114.6 114.6 114.6 114.6 114.6 114.6 114.6 114.6 114.6 105.2 105.2 105.2 105.2 105.2 105.2 105.2 105.2 105.2 105.2 105.2 105.2 105.2 105.2 105.2 105.2 105.2 105.2 105.2 105.2 105.2 105.2 105.2 105.2 105.2 105.2 105.2 105.2 105.2 105.2 105.2 105.2 105.2 105.2 105.2 105.2 105.2 105.2 105.2 105.2 105.2 105.2 105.2 105.2 105.2 105.2 105.2 105.2 105.2 105.2 105.2 105.2 105.2 105.2 105.2 105.2 105.2 105.2 105.2 105.2 99.1 99.1 99.1 99.1 99.1 99.1 99.1 99.1 99.1 99.1 99.1 99.1 99.1 99.1 99.1 99.1 99.1 99.1 99.1 99.1 99.1 99.1 99.1 99.1 99.1 99.1 99.1 99.1 99.1 
114.6 114.6 114.6 114.6 114.6 114.6 114.6 114.6 114.6 114.6 114.6 105.2 105.2 105.2 105.2 105.2 105.2 105.2 105.2 105.2 105.2 105.2 105.2 105.2 105.2 105.2 105.2 105.2 105.2 105.2 105.2 105.2 105.2 105.2 105.2 105.2 105.2 105.2 105.2 105.2 105.2 105.2 105.2 105.2 105.2 105.2 105.2 105.2 105.2 105.2 105.2 105.2 105.2 105.2 105.2 105.2 105.2 105.2 105.2 105.2 105.2 105.2 105.2 105.2 105.2 105.2 105.2 105.2 105.2 105.2 105.2 99.1 99.1 99.1 99.1 99.1 99.1 99.1 99.1 99.1 99.1 99.1 99.1 99.1 99.1 99.1 99.1 99.1 99.1 99.1 99.1 99.1 99.1 99.1 99.1 99.1 99.1 99.1 99.1 99.1 
114.6 114.6 114.6 114.6 114.6 114.6 114.6 114.6 114.6 114.6 114.6 105.2 105.2 105.2 105.2 105.2 105.2 105.2 105.2 105.2 105.2 105.2 105.2 105.2 105.2 105.2 105.2 105.2 105.2 105.2 105.2 105.2 105.2 105.2 105.2 105.2 105.2 105.2 105.2 105.2 105.2 105.2 105.2 105.2 105.2 105.2 105.2 105.2 105.2 105.2 105.2 105.2 105.2 105.2 105.2 105.2 105.2 105.2 105.2 105.2 105.2 105.2 105.2 105.2 105.2 105.2 105.2 105.2 105.2 105.2 105.2 99.1 99.1 99.1 99.1 99.1 99.1 99.1 99.1 99.1 99.1 99.1 99.1 99.1 99.1 99.1 99.1 99.1 99.1 99.1 99.1 99.1 99.1 99.1 99.1 99.1 99.1 99.1 99.1 99.1 
114.6 114.6 114.6 114.6 114.6 114.6 114.6 114.6 114.6 114.6 114.6 105.2 105.2 105.2 105.2 105.2 105.2 105.2 105.2 105.2 105.2 105.2 105.2 105.2 105.2 105.2 105.2 105.2 105.2 105.2 105.2 105.2 105.2 105.2 105.2 105.2 105.2 105.2 105.2 105.2 105.2 105.2 105.2 105.2 105.2 105.2 105.2 105.2 105.2 105.2 105.2 105.2 105.2 105.2 105.2 105.2 105.2 105.2 105.2 105.2 105.2 105.2 105.2 105.2 105.2 105.2 105.2 105.2 105.2 105.2 105.2 99.1 99.1 99.1 99.1 99.1 99.1 99.1 99.1 99.1 99.1 99.1 99.1 99.1 99.1 99.1 99.1 99.1 99.1 99.1 99.1 99.1 99.1 99.1 99.1 99.1 99.1 99.1 99.1 99.1 
114.6 114.6 114.6 114.6 114.6 114.6 114.6 114.6 114.6 114.6 114.6 105.2 105.2 105.2 105.2 105.2 105.2 105.2 105.2 105.2 105.2 105.2 105.2 105.2 105.2 105.2 105.2 105.2 105.2 105.2 105.2 105.2 105.2 105.2 105.2 105.2 105.2 105.2 105.2 105.2 105.2 105.2 105.2 105.2 105.2 105.2 105.2 105.2 105.2 105.2 105.2 105.2 105.2 105.2 105.2 105.2 105.2 105.2 105.2 105.2 105.2 105.2 105.2 105.2 105.2 105.2 105.2 105.2 105.2 105.2 105.2 99.1 99.1 99.1 99.1 99.1 99.1 99.1 99.1 99.1 99.1 99.1 99.1 99.1 99.1 99.1 99.1 99.1 99.1 99.1 99.1 99.1 99.1 99.1 99.1 99.1 99.1 99.1 99.1 99.1 
114.6 114.6 114.6 114.6 114.6 114.6 114.6 114.6 114.6 114.6 114.6 105.2 105.2 105.2 105.2 105.2 105.2 105.2 105.2 105.2 105.2 105.2 105.2 105.2 105.2 105.2 105.2 105.2 105.2 105.2 105.2 105.2 105.2 105.2 105.2 105.2 105.2 105.2 105.2 105.2 105.2 105.2 105.2 105.2 105.2 105.2 105.2 105.2 105.2 105.2 105.2 105.2 105.2 105.2 105.2 105.2 105.2 105.2 105.2 105.2 105.2 105.2 105.2 105.2 105.2 105.2 105.2 105.2 105.2 105.2 105.2 99.1 99.1 99.1 99.1 99.1 99.1 99.1 99.1 99.1 99.1 99.1 99.1 99.1 99.1 99.1 99.1 99.1 99.1 99.1 99.1 99.1 99.1 99.1 99.1 99.1 99.1 99.1 99.1 99.1 
118.4 118.4 118.4 118.4 118.4 118.4 118.4 118.4 118.4 118.4 118.4 113.4 113.4 113.4 113.4 113.4 113.4 113.4 113.4 113.4 113.4 113.4 113.4 113.4 113.4 113.4 113.4 113.4 113.4 113.4 113.4 113.4 113.4 113.4 113.4 113.4 113.4 113.4 113.4 113.4 113.4 113.4 113.4 113.4 113.4 113.4 113.4 113.4 113.4 113.4 113.4 113.4 113.4 113.4 113.4 113.4 113.4 113.4 113.4 113.4 113.4 113.4 113.4 113.4 113.4 113.4 113.4 113.4 113.4 113.4 113.4 105.7 105.7 105.7 105.7 105.7 105.7 105.7 105.7 105.7 105.7 105.7 105.7 105.7 105.7 105.7 105.7 105.7 105.7 105.7 105.7 105.7 105.7 105.7 105.7 105.7 105.7 105.7 105.7 105.7 
118.4 118.4 118.4 118.4 118.4 118.4 118.4 118.4 118.4 118.4 118.4 113.4 113.4 113.4 113.4 113.4 113.4 113.4 113.4 113.4 113.4 113.4 113.4 113.4 113.4 113.4 113.4 113.4 113.4 113.4 113.4 113.4 113.4 113.4 113.4 113.4 113.4 113.4 113.4 113.4 113.4 113.4 113.4 113.4 113.4 113.4 113.4 113.4 113.4 113.4 113.4 113.4 113.4 113.4 113.4 113.4 113.4 113.4 113.4 113.4 113.4 113.4 113.4 113.4 113.4 113.4 113.4 113.4 113.4 113.4 113.4 105.7 105.7 105.7 105.7 105.7 105.7 105.7 105.7 105.7 105.7 105.7 105.7 105.7 105.7 105.7 105.7 105.7 105.7 105.7 105.7 105.7 105.7 105.7 105.7 105.7 105.7 105.7 105.7 105.7 
118.4 118.4 118.4 118.4 118.4 118.4 118.4 118.4 118.4 118.4 118.4 113.4 113.4 113.4 113.4 113.4 113.4 113.4 113.4 113.4 113.4 113.4 113.4 113.4 113.4 113.4 113.4 113.4 113.4 113.4 113.4 113.4 113.4 113.4 113.4 113.4 113.4 113.4 113.4 113.4 113.4 113.4 113.4 113.4 113.4 113.4 113.4 113.4 113.4 113.4 113.4 113.4 113.4 113.4 113.4 113.4 113.4 113.4 113.4 113.4 113.4 113.4 113.4 113.4 113.4 113.4 113.4 113.4 113.4 113.4 113.4 105.7 105.7 105.7 105.7 105.7 105.7 105.7 105.7 105.7 105.7 105.7 105.7 105.7 105.7 105.7 105.7 105.7 105.7 105.7 105.7 105.7 105.7 105.7 105.7 105.7 105.7 105.7 105.7 105.7 
118.4 118.4 118.4 118.4 118.4 118.4 118.4 118.4 118.4 118.4 118.4 113.4 113.4 113.4 113.4 113.4 113.4 113.4 113.4 113.4 113.4 113.4 113.4 113.4 113.4 113.4 113.4 113.4 113.4 113.4 113.4 113.4 113.4 113.4 113.4 113.4 113.4 113.4 113.4 113.4 113.4 113.4 113.4 113.4 113.4 113.4 113.4 113.4 113.4 113.4 113.4 113.4 113.4 113.4 113.4 113.4 113.4 113.4 113.4 113.4 113.4 113.4 113.4 113.4 113.4 113.4 113.4 113.4 113.4 113.4 113.4 105.7 105.7 105.7 105.7 105.7 105.7 105.7 105.7 105.7 105.7 105.7 105.7 105.7 105.7 105.7 105.7 105.7 105.7 105.7 105.7 105.7 105.7 105.7 105.7 105.7 105.7 105.7 105.7 105.7 
118.4 118.4 118.4 118.4 118.4 118.4 118.4 118.4 118.4 118.4 118.4 113.4 113.4 113.4 113.4 113.4 113.4 113.4 113.4 113.4 113.4 113.4 113.4 113.4 113.4 113.4 113.4 113.4 113.4 113.4 113.4 113.4 113.4 113.4 113.4 113.4 113.4 113.4 113.4 113.4 113.4 113.4 113.4 113.4 113.4 113.4 113.4 113.4 113.4 113.4 113.4 113.4 113.4 113.4 113.4 113.4 113.4 113.4 113.4 113.4 113.4 113.4 113.4 113.4 113.4 113.4 113.4 113.4 113.4 113.4 113.4 105.7 105.7 105.7 105.7 105.7 105.7 105.7 105.7 105.7 105.7 105.7 105.7 105.7 105.7 105.7 105.7 105.7 105.7 105.7 105.7 105.7 105.7 105.7 105.7 105.7 105.7 105.7 105.7 105.7 
118.4 118.4 118.4 118.4 118.4 118.4 118.4 118.4 118.4 118.4 118.4 113.4 113.4 113.4 113.4 113.4 113.4 113.4 113.4 113.4 113.4 113.4 113.4 113.4 113.4 113.4 113.4 113.4 113.4 113.4 113.4 113.4 113.4 113.4 113.4 113.4 113.4 113.4 113.4 113.4 113.4 113.4 113.4 113.4 113.4 113.4 113.4 113.4 113.4 113.4 113.4 113.4 113.4 113.4 113.4 113.4 113.4 113.4 113.4 113.4 113.4 113.4 113.4 113.4 113.4 113.4 113.4 113.4 113.4 113.4 113.4 105.7 105.7 105.7 105.7 105.7 105.7 105.7 105.7 105.7 105.7 105.7 105.7 105.7 105.7 105.7 105.7 105.7 105.7 105.7 105.7 105.7 105.7 105.7 105.7 105.7 105.7 105.7 105.7 105.7 
118.4 118.4 118.4 118.4 118.4 118.4 118.4 118.4 118.4 118.4 118.4 113.4 113.4 113.4 113.4 113.4 113.4 113.4 113.4 113.4 113.4 113.4 113.4 113.4 113.4 113.4 113.4 113.4 113.4 113.4 113.4 113.4 113.4 113.4 113.4 113.4 113.4 113.4 113.4 113.4 113.4 113.4 113.4 113.4 113.4 113.4 113.4 113.4 113.4 113.4 113.4 113.4 113.4 113.4 113.4 113.4 113.4 113.4 113.4 113.4 113.4 113.4 113.4 113.4 113.4 113.4 113.4 113.4 113.4 113.4 113.4 105.7 105.7 105.7 105.7 105.7 105.7 105.7 105.7 105.7 105.7 105.7 105.7 105.7 105.7 105.7 105.7 105.7 105.7 105.7 105.7 105.7 105.7 105.7 105.7 105.7 105.7 105.7 105.7 105.7 
118.4 118.4 118.4 118.4 118.4 118.4 118.4 118.4 118.4 118.4 118.4 113.4 113.4 113.4 113.4 113.4 113.4 113.4 113.4 113.4 113.4 113.4 113.4 113.4 113.4 113.4 113.4 113.4 113.4 113.4 113.4 113.4 113.4 113.4 113.4 113.4 113.4 113.4 113.4 113.4 113.4 113.4 113.4 113.4 113.4 113.4 113.4 113.4 113.4 113.4 113.4 113.4 113.4 113.4 113.4 113.4 113.4 113.4 113.4 113.4 113.4 113.4 113.4 113.4 113.4 113.4 113.4 113.4 113.4 113.4 113.4 105.7 105.7 105.7 105.7 105.7 105.7 105.7 105.7 105.7 105.7 105.7 105.7 105.7 105.7 105.7 105.7 105.7 105.7 105.7 105.7 105.7 105.7 105.7 105.7 105.7 105.7 105.7 105.7 105.7 
118.4 118.4 118.4 118.4 118.4 118.4 118.4 118.4 118.4 118.4 118.4 113.4 113.4 113.4 113.4 113.4 113.4 113.4 113.4 113.4 113.4 113.4 113.4 113.4 113.4 113.4 113.4 113.4 113.4 113.4 113.4 113.4 113.4 113.4 113.4 113.4 113.4 113.4 113.4 113.4 113.4 113.4 113.4 113.4 113.4 113.4 113.4 113.4 113.4 113.4 113.4 113.4 113.4 113.4 113.4 113.4 113.4 113.4 113.4 113.4 113.4 113.4 113.4 113.4 113.4 113.4 113.4 113.4 113.4 113.4 113.4 105.7 105.7 105.7 105.7 105.7 105.7 105.7 105.7 105.7 105.7 105.7 105.7 105.7 105.7 105.7 105.7 105.7 105.7 105.7 105.7 105.7 105.7 105.7 105.7 105.7 105.7 105.7 105.7 105.7 
118.4 118.4 118.4 118.4 118.4 118.4 118.4 118.4 118.4 118.4 118.4 113.4 113.4 113.4 113.4 113.4 113.4 113.4 113.4 113.4 113.4 113.4 113.4 113.4 113.4 113.4 113.4 113.4 113.4 113.4 113.4 113.4 113.4 113.4 113.4 113.4 113.4 113.4 113.4 113.4 113.4 113.4 113.4 113.4 113.4 113.4 113.4 113.4 113.4 113.4 113.4 113.4 113.4 113.4 113.4 113.4 113.4 113.4 113.4 113.4 113.4 113.4 113.4 113.4 113.4 113.4 113.4 113.4 113.4 113.4 113.4 105.7 105.7 105.7 105.7 105.7 105.7 105.7 105.7 105.7 105.7 105.7 105.7 105.7 105.7 105.7 105.7 105.7 105.7 105.7 105.7 105.7 105.7 105.7 105.7 105.7 105.7 105.7 105.7 105.7 
118.4 118.4 118.4 118.4 118.4 118.4 118.4 118.4 118.4 118.4 118.4 113.4 113.4 113.4 113.4 113.4 113.4 113.4 113.4 113.4 113.4 113.4 113.4 113.4 113.4 113.4 113.4 113.4 113.4 113.4 113.4 113.4 113.4 113.4 113.4 113.4 113.4 113.4 113.4 113.4 113.4 113.4 113.4 113.4 113.4 113.4 113.4 113.4 113.4 113.4 113.4 113.4 113.4 113.4 113.4 113.4 113.4 113.4 113.4 113.4 113.4 113.4 113.4 113.4 113.4 113.4 113.4 113.4 113.4 113.4 113.4 105.7 105.7 105.7 105.7 105.7 105.7 105.7 105.7 105.7 105.7 105.7 105.7 105.7 105.7 105.7 105.7 105.7 105.7 105.7 105.7 105.7 105.7 105.7 105.7 105.7 105.7 105.7 105.7 105.7 
118.4 118.4 118.4 118.4 118.4 118.4 118.4 118.4 118.4 118.4 118.4 113.4 113.4 113.4 113.4 113.4 113.4 113.4 113.4 113.4 113.4 113.4 113.4 113.4 113.4 113.4 113.4 113.4 113.4 113.4 113.4 113.4 113.4 113.4 113.4 113.4 113.4 113.4 113.4 113.4 113.4 113.4 113.4 113.4 113.4 113.4 113.4 113.4 113.4 113.4 113.4 113.4 113.4 113.4 113.4 113.4 113.4 113.4 113.4 113.4 113.4 113.4 113.4 113.4 113.4 113.4 113.4 113.4 113.4 113.4 113.4 105.7 105.7 105.7 105.7 105.7 105.7 105.7 105.7 105.7 105.7 105.7 105.7 105.7 105.7 105.7 105.7 105.7 105.7 105.7 105.7 105.7 105.7 105.7 105.7 105.7 105.7 105.7 105.7 105.7 
118.4 118.4 118.4 118.4 118.4 118.4 118.4 118.4 118.4 118.4 118.4 113.4 113.4 113.4 113.4 113.4 113.4 113.4 113.4 113.4 113.4 113.4 113.4 113.4 113.4 113.4 113.4 113.4 113.4 113.4 113.4 113.4 113.4 113.4 113.4 113.4 113.4 113.4 113.4 113.4 113.4 113.4 113.4 113.4 113.4 113.4 113.4 113.4 113.4 113.4 113.4 113.4 113.4 113.4 113.4 113.4 113.4 113.4 113.4 113.4 113.4 113.4 113.4 113.4 113.4 113.4 113.4 113.4 113.4 113.4 113.4 105.7 105.7 105.7 105.7 105.7 105.7 105.7 105.7 105.7 105.7 105.7 105.7 105.7 105.7 105.7 105.7 105.7 105.7 105.7 105.7 105.7 105.7 105.7 105.7 105.7 105.7 105.7 105.7 105.7 
118.4 118.4 118.4 118.4 118.4 118.4 118.4 118.4 118.4 118.4 118.4 113.4 113.4 113.4 113.4 113.4 113.4 113.4 113.4 113.4 113.4 113.4 113.4 113.4 113.4 113.4 113.4 113.4 113.4 113.4 113.4 113.4 113.4 113.4 113.4 113.4 113.4 113.4 113.4 113.4 113.4 113.4 113.4 113.4 113.4 113.4 113.4 113.4 113.4 113.4 113.4 113.4 113.4 113.4 113.4 113.4 113.4 113.4 113.4 113.4 113.4 113.4 113.4 113.4 113.4 113.4 113.4 113.4 113.4 113.4 113.4 105.7 105.7 105.7 105.7 105.7 105.7 105.7 105.7 105.7 105.7 105.7 105.7 105.7 105.7 105.7 105.7 105.7 105.7 105.7 105.7 105.7 105.7 105.7 105.7 105.7 105.7 105.7 105.7 105.7 
118.4 118.4 118.4 118.4 118.4 118.4 118.4 118.4 118.4 118.4 118.4 113.4 113.4 113.4 113.4 113.4 113.4 113.4 113.4 113.4 113.4 113.4 113.4 113.4 113.4 113.4 113.4 113.4 113.4 113.4 113.4 113.4 113.4 113.4 113.4 113.4 113.4 113.4 113.4 113.4 113.4 113.4 113.4 113.4 113.4 113.4 113.4 113.4 113.4 113.4 113.4 113.4 113.4 113.4 113.4 113.4 113.4 113.4 113.4 113.4 113.4 113.4 113.4 113.4 113.4 113.4 113.4 113.4 113.4 113.4 113.4 105.7 105.7 105.7 105.7 105.7 105.7 105.7 105.7 105.7 105.7 105.7 105.7 105.7 105.7 105.7 105.7 105.7 105.7 105.7 105.7 105.7 105.7 105.7 105.7 105.7 105.7 105.7 105.7 105.7 
118.4 118.4 118.4 118.4 118.4 118.4 118.4 118.4 118.4 118.4 118.4 113.4 113.4 113.4 113.4 113.4 113.4 113.4 113.4 113.4 113.4 113.4 113.4 113.4 113.4 113.4 113.4 113.4 113.4 113.4 113.4 113.4 113.4 113.4 113.4 113.4 113.4 113.4 113.4 113.4 113.4 113.4 113.4 113.4 113.4 113.4 113.4 113.4 113.4 113.4 113.4 113.4 113.4 113.4 113.4 113.4 113.4 113.4 113.4 113.4 113.4 113.4 113.4 113.4 113.4 113.4 113.4 113.4 113.4 113.4 113.4 105.7 105.7 105.7 105.7 105.7 105.7 105.7 105.7 105.7 105.7 105.7 105.7 105.7 105.7 105.7 105.7 105.7 105.7 105.7 105.7 105.7 105.7 105.7 105.7 105.7 105.7 105.7 105.7 105.7 
118.4 118.4 118.4 118.4 118.4 118.4 118.4 118.4 118.4 118.4 118.4 113.4 113.4 113.4 113.4 113.4 113.4 113.4 113.4 113.4 113.4 113.4 113.4 113.4 113.4 113.4 113.4 113.4 113.4 113.4 113.4 113.4 113.4 113.4 113.4 113.4 113.4 113.4 113.4 113.4 113.4 113.4 113.4 113.4 113.4 113.4 113.4 113.4 113.4 113.4 113.4 113.4 113.4 113.4 113.4 113.4 113.4 113.4 113.4 113.4 113.4 113.4 113.4 113.4 113.4 113.4 113.4 113.4 113.4 113.4 113.4 105.7 105.7 105.7 105.7 105.7 105.7 105.7 105.7 105.7 105.7 105.7 105.7 105.7 105.7 105.7 105.7 105.7 105.7 105.7 105.7 105.7 105.7 105.7 105.7 105.7 105.7 105.7 105.7 105.7 
118.4 118.4 118.4 118.4 118.4 118.4 118.4 118.4 118.4 118.4 118.4 113.4 113.4 113.4 113.4 113.4 113.4 113.4 113.4 113.4 113.4 113.4 113.4 113.4 113.4 113.4 113.4 113.4 113.4 113.4 113.4 113.4 113.4 113.4 113.4 113.4 113.4 113.4 113.4 113.4 113.4 113.4 113.4 113.4 113.4 113.4 113.4 113.4 113.4 113.4 113.4 113.4 113.4 113.4 113.4 113.4 113.4 113.4 113.4 113.4 113.4 113.4 113.4 113.4 113.4 113.4 113.4 113.4 113.4 113.4 113.4 105.7 105.7 105.7 105.7 105.7 105.7 105.7 105.7 105.7 105.7 105.7 105.7 105.7 105.7 105.7 105.7 105.7 105.7 105.7 105.7 105.7 105.7 105.7 105.7 105.7 105.7 105.7 105.7 105.7 
118.4 118.4 118.4 118.4 118.4 118.4 118.4 118.4 118.4 118.4 118.4 113.4 113.4 113.4 113.4 113.4 113.4 113.4 113.4 113.4 113.4 113.4 113.4 113.4 113.4 113.4 113.4 113.4 113.4 113.4 113.4 113.4 113.4 113.4 113.4 113.4 113.4 113.4 113.4 113.4 113.4 113.4 113.4 113.4 113.4 113.4 113.4 113.4 113.4 113.4 113.4 113.4 113.4 113.4 113.4 113.4 113.4 113.4 113.4 113.4 113.4 113.4 113.4 113.4 113.4 113.4 113.4 113.4 113.4 113.4 113.4 105.7 105.7 105.7 105.7 105.7 105.7 105.7 105.7 105.7 105.7 105.7 105.7 105.7 105.7 105.7 105.7 105.7 105.7 105.7 105.7 105.7 105.7 105.7 105.7 105.7 105.7 105.7 105.7 105.7 
118.4 118.4 118.4 118.4 118.4 118.4 118.4 118.4 118.4 118.4 118.4 113.4 113.4 113.4 113.4 113.4 113.4 113.4 113.4 113.4 113.4 113.4 113.4 113.4 113.4 113.4 113.4 113.4 113.4 113.4 113.4 113.4 113.4 113.4 113.4 113.4 113.4 113.4 113.4 113.4 113.4 113.4 113.4 113.4 113.4 113.4 113.4 113.4 113.4 113.4 113.4 113.4 113.4 113.4 113.4 113.4 113.4 113.4 113.4 113.4 113.4 113.4 113.4 113.4 113.4 113.4 113.4 113.4 113.4 113.4 113.4 105.7 105.7 105.7 105.7 105.7 105.7 105.7 105.7 105.7 105.7 105.7 105.7 105.7 105.7 105.7 105.7 105.7 105.7 105.7 105.7 105.7 105.7 105.7 105.7 105.7 105.7 105.7 105.7 105.7 
118.4 118.4 118.4 118.4 118.4 118.4 118.4 118.4 118.4 118.4 118.4 113.4 113.4 113.4 113.4 113.4 113.4 113.4 113.4 113.4 113.4 113.4 113.4 113.4 113.4 113.4 113.4 113.4 113.4 113.4 113.4 113.4 113.4 113.4 113.4 113.4 113.4 113.4 113.4 113.4 113.4 113.4 113.4 113.4 113.4 113.4 113.4 113.4 113.4 113.4 113.4 113.4 113.4 113.4 113.4 113.4 113.4 113.4 113.4 113.4 113.4 113.4 113.4 113.4 113.4 113.4 113.4 113.4 113.4 113.4 113.4 105.7 105.7 105.7 105.7 105.7 105.7 105.7 105.7 105.7 105.7 105.7 105.7 105.7 105.7 105.7 105.7 105.7 105.7 105.7 105.7 105.7 105.7 105.7 105.7 105.7 105.7 105.7 105.7 105.7 
118.4 118.4 118.4 118.4 118.4 118.4 118.4 118.4 118.4 118.4 118.4 113.4 113.4 113.4 113.4 113.4 113.4 113.4 113.4 113.4 113.4 113.4 113.4 113.4 113.4 113.4 113.4 113.4 113.4 113.4 113.4 113.4 113.4 113.4 113.4 113.4 113.4 113.4 113.4 113.4 113.4 113.4 113.4 113.4 113.4 113.4 113.4 113.4 113.4 113.4 113.4 113.4 113.4 113.4 113.4 113.4 113.4 113.4 113.4 113.4 113.4 113.4 113.4 113.4 113.4 113.4 113.4 113.4 113.4 113.4 113.4 105.7 105.7 105.7 105.7 105.7 105.7 105.7 105.7 105.7 105.7 105.7 105.7 105.7 105.7 105.7 105.7 105.7 105.7 105.7 105.7 105.7 105.7 105.7 105.7 105.7 105.7 105.7 105.7 105.7 
118.4 118.4 118.4 118.4 118.4 118.4 118.4 118.4 118.4 118.4 118.4 113.4 113.4 113.4 113.4 113.4 113.4 113.4 113.4 113.4 113.4 113.4 113.4 113.4 113.4 113.4 113.4 113.4 113.4 113.4 113.4 113.4 113.4 113.4 113.4 113.4 113.4 113.4 113.4 113.4 113.4 113.4 113.4 113.4 113.4 113.4 113.4 113.4 113.4 113.4 113.4 113.4 113.4 113.4 113.4 113.4 113.4 113.4 113.4 113.4 113.4 113.4 113.4 113.4 113.4 113.4 113.4 113.4 113.4 113.4 113.4 105.7 105.7 105.7 105.7 105.7 105.7 105.7 105.7 105.7 105.7 105.7 105.7 105.7 105.7 105.7 105.7 105.7 105.7 105.7 105.7 105.7 105.7 105.7 105.7 105.7 105.7 105.7 105.7 105.7 
118.4 118.4 118.4 118.4 118.4 118.4 118.4 118.4 118.4 118.4 118.4 113.4 113.4 113.4 113.4 113.4 113.4 113.4 113.4 113.4 113.4 113.4 113.4 113.4 113.4 113.4 113.4 113.4 113.4 113.4 113.4 113.4 113.4 113.4 113.4 113.4 113.4 113.4 113.4 113.4 113.4 113.4 113.4 113.4 113.4 113.4 113.4 113.4 113.4 113.4 113.4 113.4 113.4 113.4 113.4 113.4 113.4 113.4 113.4 113.4 113.4 113.4 113.4 113.4 113.4 113.4 113.4 113.4 113.4 113.4 113.4 105.7 105.7 105.7 105.7 105.7 105.7 105.7 105.7 105.7 105.7 105.7 105.7 105.7 105.7 105.7 105.7 105.7 105.7 105.7 105.7 105.7 105.7 105.7 105.7 105.7 105.7 105.7 105.7 105.7 
118.4 118.4 118.4 118.4 118.4 118.4 118.4 118.4 118.4 118.4 118.4 113.4 113.4 113.4 113.4 113.4 113.4 113.4 113.4 113.4 113.4 113.4 113.4 113.4 113.4 113.4 113.4 113.4 113.4 113.4 113.4 113.4 113.4 113.4 113.4 113.4 113.4 113.4 113.4 113.4 113.4 113.4 113.4 113.4 113.4 113.4 113.4 113.4 113.4 113.4 113.4 113.4 113.4 113.4 113.4 113.4 113.4 113.4 113.4 113.4 113.4 113.4 113.4 113.4 113.4 113.4 113.4 113.4 113.4 113.4 113.4 105.7 105.7 105.7 105.7 105.7 105.7 105.7 105.7 105.7 105.7 105.7 105.7 105.7 105.7 105.7 105.7 105.7 105.7 105.7 105.7 105.7 105.7 105.7 105.7 105.7 105.7 105.7 105.7 105.7 
118.4 118.4 118.4 118.4 118.4 118.4 118.4 118.4 118.4 118.4 118.4 113.4 113.4 113.4 113.4 113.4 113.4 113.4 113.4 113.4 113.4 113.4 113.4 113.4 113.4 113.4 113.4 113.4 113.4 113.4 113.4 113.4 113.4 113.4 113.4 113.4 113.4 113.4 113.4 113.4 113.4 113.4 113.4 113.4 113.4 113.4 113.4 113.4 113.4 113.4 113.4 113.4 113.4 113.4 113.4 113.4 113.4 113.4 113.4 113.4 113.4 113.4 113.4 113.4 113.4 113.4 113.4 113.4 113.4 113.4 113.4 105.7 105.7 105.7 105.7 105.7 105.7 105.7 105.7 105.7 105.7 105.7 105.7 105.7 105.7 105.7 105.7 105.7 105.7 105.7 105.7 105.7 105.7 105.7 105.7 105.7 105.7 105.7 105.7 105.7 
118.4 118.4 118.4 118.4 118.4 118.4 118.4 118.4 118.4 118.4 118.4 113.4 113.4 113.4 113.4 113.4 113.4 113.4 113.4 113.4 113.4 113.4 113.4 113.4 113.4 113.4 113.4 113.4 113.4 113.4 113.4 113.4 113.4 113.4 113.4 113.4 113.4 113.4 113.4 113.4 113.4 113.4 113.4 113.4 113.4 113.4 113.4 113.4 113.4 113.4 113.4 113.4 113.4 113.4 113.4 113.4 113.4 113.4 113.4 113.4 113.4 113.4 113.4 113.4 113.4 113.4 113.4 113.4 113.4 113.4 113.4 105.7 105.7 105.7 105.7 105.7 105.7 105.7 105.7 105.7 105.7 105.7 105.7 105.7 105.7 105.7 105.7 105.7 105.7 105.7 105.7 105.7 105.7 105.7 105.7 105.7 105.7 105.7 105.7 105.7 
118.4 118.4 118.4 118.4 118.4 118.4 118.4 118.4 118.4 118.4 118.4 113.4 113.4 113.4 113.4 113.4 113.4 113.4 113.4 113.4 113.4 113.4 113.4 113.4 113.4 113.4 113.4 113.4 113.4 113.4 113.4 113.4 113.4 113.4 113.4 113.4 113.4 113.4 113.4 113.4 113.4 113.4 113.4 113.4 113.4 113.4 113.4 113.4 113.4 113.4 113.4 113.4 113.4 113.4 113.4 113.4 113.4 113.4 113.4 113.4 113.4 113.4 113.4 113.4 113.4 113.4 113.4 113.4 113.4 113.4 113.4 105.7 105.7 105.7 105.7 105.7 105.7 105.7 105.7 105.7 105.7 105.7 105.7 105.7 105.7 105.7 105.7 105.7 105.7 105.7 105.7 105.7 105.7 105.7 105.7 105.7 105.7 105.7 105.7 105.7 
118.4 118.4 118.4 118.4 118.4 118.4 118.4 118.4 118.4 118.4 118.4 113.4 113.4 113.4 113.4 113.4 113.4 113.4 113.4 113.4 113.4 113.4 113.4 113.4 113.4 113.4 113.4 113.4 113.4 113.4 113.4 113.4 113.4 113.4 113.4 113.4 113.4 113.4 113.4 113.4 113.4 113.4 113.4 113.4 113.4 113.4 113.4 113.4 113.4 113.4 113.4 113.4 113.4 113.4 113.4 113.4 113.4 113.4 113.4 113.4 113.4 113.4 113.4 113.4 113.4 113.4 113.4 113.4 113.4 113.4 113.4 105.7 105.7 105.7 105.7 105.7 105.7 105.7 105.7 105.7 105.7 105.7 105.7 105.7 105.7 105.7 105.7 105.7 105.7 105.7 105.7 105.7 105.7 105.7 105.7 105.7 105.7 105.7 105.7 105.7 
118.4 118.4 118.4 118.4 118.4 118.4 118.4 118.4 118.4 118.4 118.4 113.4 113.4 113.4 113.4 113.4 113.4 113.4 113.4 113.4 113.4 113.4 113.4 113.4 113.4 113.4 113.4 113.4 113.4 113.4 113.4 113.4 113.4 113.4 113.4 113.4 113.4 113.4 113.4 113.4 113.4 113.4 113.4 113.4 113.4 113.4 113.4 113.4 113.4 113.4 113.4 113.4 113.4 113.4 113.4 113.4 113.4 113.4 113.4 113.4 113.4 113.4 113.4 113.4 113.4 113.4 113.4 113.4 113.4 113.4 113.4 105.7 105.7 105.7 105.7 105.7 105.7 105.7 105.7 105.7 105.7 105.7 105.7 105.7 105.7 105.7 105.7 105.7 105.7 105.7 105.7 105.7 105.7 105.7 105.7 105.7 105.7 105.7 105.7 105.7 
118.4 118.4 118.4 118.4 118.4 118.4 118.4 118.4 118.4 118.4 118.4 113.4 113.4 113.4 113.4 113.4 113.4 113.4 113.4 113.4 113.4 113.4 113.4 113.4 113.4 113.4 113.4 113.4 113.4 113.4 113.4 113.4 113.4 113.4 113.4 113.4 113.4 113.4 113.4 113.4 113.4 113.4 113.4 113.4 113.4 113.4 113.4 113.4 113.4 113.4 113.4 113.4 113.4 113.4 113.4 113.4 113.4 113.4 113.4 113.4 113.4 113.4 113.4 113.4 113.4 113.4 113.4 113.4 113.4 113.4 113.4 105.7 105.7 105.7 105.7 105.7 105.7 105.7 105.7 105.7 105.7 105.7 105.7 105.7 105.7 105.7 105.7 105.7 105.7 105.7 105.7 105.7 105.7 105.7 105.7 105.7 105.7 105.7 105.7 105.7 
118.4 118.4 118.4 118.4 118.4 118.4 118.4 118.4 118.4 118.4 118.4 113.4 113.4 113.4 113.4 113.4 113.4 113.4 113.4 113.4 113.4 113.4 113.4 113.4 113.4 113.4 113.4 113.4 113.4 113.4 113.4 113.4 113.4 113.4 113.4 113.4 113.4 113.4 113.4 113.4 113.4 113.4 113.4 113.4 113.4 113.4 113.4 113.4 113.4 113.4 113.4 113.4 113.4 113.4 113.4 113.4 113.4 113.4 113.4 113.4 113.4 113.4 113.4 113.4 113.4 113.4 113.4 113.4 113.4 113.4 113.4 105.7 105.7 105.7 105.7 105.7 105.7 105.7 105.7 105.7 105.7 105.7 105.7 105.7 105.7 105.7 105.7 105.7 105.7 105.7 105.7 105.7 105.7 105.7 105.7 105.7 105.7 105.7 105.7 105.7 
118.4 118.4 118.4 118.4 118.4 118.4 118.4 118.4 118.4 118.4 118.4 113.4 113.4 113.4 113.4 113.4 113.4 113.4 113.4 113.4 113.4 113.4 113.4 113.4 113.4 113.4 113.4 113.4 113.4 113.4 113.4 113.4 113.4 113.4 113.4 113.4 113.4 113.4 113.4 113.4 113.4 113.4 113.4 113.4 113.4 113.4 113.4 113.4 113.4 113.4 113.4 113.4 113.4 113.4 113.4 113.4 113.4 113.4 113.4 113.4 113.4 113.4 113.4 113.4 113.4 113.4 113.4 113.4 113.4 113.4 113.4 105.7 105.7 105.7 105.7 105.7 105.7 105.7 105.7 105.7 105.7 105.7 105.7 105.7 105.7 105.7 105.7 105.7 105.7 105.7 105.7 105.7 105.7 105.7 105.7 105.7 105.7 105.7 105.7 105.7 
118.4 118.4 118.4 118.4 118.4 118.4 118.4 118.4 118.4 118.4 118.4 113.4 113.4 113.4 113.4 113.4 113.4 113.4 113.4 113.4 113.4 113.4 113.4 113.4 113.4 113.4 113.4 113.4 113.4 113.4 113.4 113.4 113.4 113.4 113.4 113.4 113.4 113.4 113.4 113.4 113.4 113.4 113.4 113.4 113.4 113.4 113.4 113.4 113.4 113.4 113.4 113.4 113.4 113.4 113.4 113.4 113.4 113.4 113.4 113.4 113.4 113.4 113.4 113.4 113.4 113.4 113.4 113.4 113.4 113.4 113.4 105.7 105.7 105.7 105.7 105.7 105.7 105.7 105.7 105.7 105.7 105.7 105.7 105.7 105.7 105.7 105.7 105.7 105.7 105.7 105.7 105.7 105.7 105.7 105.7 105.7 105.7 105.7 105.7 105.7 
118.4 118.4 118.4 118.4 118.4 118.4 118.4 118.4 118.4 118.4 118.4 113.4 113.4 113.4 113.4 113.4 113.4 113.4 113.4 113.4 113.4 113.4 113.4 113.4 113.4 113.4 113.4 113.4 113.4 113.4 113.4 113.4 113.4 113.4 113.4 113.4 113.4 113.4 113.4 113.4 113.4 113.4 113.4 113.4 113.4 113.4 113.4 113.4 113.4 113.4 113.4 113.4 113.4 113.4 113.4 113.4 113.4 113.4 113.4 113.4 113.4 113.4 113.4 113.4 113.4 113.4 113.4 113.4 113.4 113.4 113.4 105.7 105.7 105.7 105.7 105.7 105.7 105.7 105.7 105.7 105.7 105.7 105.7 105.7 105.7 105.7 105.7 105.7 105.7 105.7 105.7 105.7 105.7 105.7 105.7 105.7 105.7 105.7 105.7 105.7 
118.4 118.4 118.4 118.4 118.4 118.4 118.4 118.4 118.4 118.4 118.4 113.4 113.4 113.4 113.4 113.4 113.4 113.4 113.4 113.4 113.4 113.4 113.4 113.4 113.4 113.4 113.4 113.4 113.4 113.4 113.4 113.4 113.4 113.4 113.4 113.4 113.4 113.4 113.4 113.4 113.4 113.4 113.4 113.4 113.4 113.4 113.4 113.4 113.4 113.4 113.4 113.4 113.4 113.4 113.4 113.4 113.4 113.4 113.4 113.4 113.4 113.4 113.4 113.4 113.4 113.4 113.4 113.4 113.4 113.4 113.4 105.7 105.7 105.7 105.7 105.7 105.7 105.7 105.7 105.7 105.7 105.7 105.7 105.7 105.7 105.7 105.7 105.7 105.7 105.7 105.7 105.7 105.7 105.7 105.7 105.7 105.7 105.7 105.7 105.7 
118.4 118.4 118.4 118.4 118.4 118.4 118.4 118.4 118.4 118.4 118.4 113.4 113.4 113.4 113.4 113.4 113.4 113.4 113.4 113.4 113.4 113.4 113.4 113.4 113.4 113.4 113.4 113.4 113.4 113.4 113.4 113.4 113.4 113.4 113.4 113.4 113.4 113.4 113.4 113.4 113.4 113.4 113.4 113.4 113.4 113.4 113.4 113.4 113.4 113.4 113.4 113.4 113.4 113.4 113.4 113.4 113.4 113.4 113.4 113.4 113.4 113.4 113.4 113.4 113.4 113.4 113.4 113.4 113.4 113.4 113.4 105.7 105.7 105.7 105.7 105.7 105.7 105.7 105.7 105.7 105.7 105.7 105.7 105.7 105.7 105.7 105.7 105.7 105.7 105.7 105.7 105.7 105.7 105.7 105.7 105.7 105.7 105.7 105.7 105.7 
118.4 118.4 118.4 118.4 118.4 118.4 118.4 118.4 118.4 118.4 118.4 113.4 113.4 113.4 113.4 113.4 113.4 113.4 113.4 113.4 113.4 113.4 113.4 113.4 113.4 113.4 113.4 113.4 113.4 113.4 113.4 113.4 113.4 113.4 113.4 113.4 113.4 113.4 113.4 113.4 113.4 113.4 113.4 113.4 113.4 113.4 113.4 113.4 113.4 113.4 113.4 113.4 113.4 113.4 113.4 113.4 113.4 113.4 113.4 113.4 113.4 113.4 113.4 113.4 113.4 113.4 113.4 113.4 113.4 113.4 113.4 105.7 105.7 105.7 105.7 105.7 105.7 105.7 105.7 105.7 105.7 105.7 105.7 105.7 105.7 105.7 105.7 105.7 105.7 105.7 105.7 105.7 105.7 105.7 105.7 105.7 105.7 105.7 105.7 105.7 
118.4 118.4 118.4 118.4 118.4 118.4 118.4 118.4 118.4 118.4 118.4 113.4 113.4 113.4 113.4 113.4 113.4 113.4 113.4 113.4 113.4 113.4 113.4 113.4 113.4 113.4 113.4 113.4 113.4 113.4 113.4 113.4 113.4 113.4 113.4 113.4 113.4 113.4 113.4 113.4 113.4 113.4 113.4 113.4 113.4 113.4 113.4 113.4 113.4 113.4 113.4 113.4 113.4 113.4 113.4 113.4 113.4 113.4 113.4 113.4 113.4 113.4 113.4 113.4 113.4 113.4 113.4 113.4 113.4 113.4 113.4 105.7 105.7 105.7 105.7 105.7 105.7 105.7 105.7 105.7 105.7 105.7 105.7 105.7 105.7 105.7 105.7 105.7 105.7 105.7 105.7 105.7 105.7 105.7 105.7 105.7 105.7 105.7 105.7 105.7 
118.4 118.4 118.4 118.4 118.4 118.4 118.4 118.4 118.4 118.4 118.4 113.4 113.4 113.4 113.4 113.4 113.4 113.4 113.4 113.4 113.4 113.4 113.4 113.4 113.4 113.4 113.4 113.4 113.4 113.4 113.4 113.4 113.4 113.4 113.4 113.4 113.4 113.4 113.4 113.4 113.4 113.4 113.4 113.4 113.4 113.4 113.4 113.4 113.4 113.4 113.4 113.4 113.4 113.4 113.4 113.4 113.4 113.4 113.4 113.4 113.4 113.4 113.4 113.4 113.4 113.4 113.4 113.4 113.4 113.4 113.4 105.7 105.7 105.7 105.7 105.7 105.7 105.7 105.7 105.7 105.7 105.7 105.7 105.7 105.7 105.7 105.7 105.7 105.7 105.7 105.7 105.7 105.7 105.7 105.7 105.7 105.7 105.7 105.7 105.7 
118.4 118.4 118.4 118.4 118.4 118.4 118.4 118.4 118.4 118.4 118.4 113.4 113.4 113.4 113.4 113.4 113.4 113.4 113.4 113.4 113.4 113.4 113.4 113.4 113.4 113.4 113.4 113.4 113.4 113.4 113.4 113.4 113.4 113.4 113.4 113.4 113.4 113.4 113.4 113.4 113.4 113.4 113.4 113.4 113.4 113.4 113.4 113.4 113.4 113.4 113.4 113.4 113.4 113.4 113.4 113.4 113.4 113.4 113.4 113.4 113.4 113.4 113.4 113.4 113.4 113.4 113.4 113.4 113.4 113.4 113.4 105.7 105.7 105.7 105.7 105.7 105.7 105.7 105.7 105.7 105.7 105.7 105.7 105.7 105.7 105.7 105.7 105.7 105.7 105.7 105.7 105.7 105.7 105.7 105.7 105.7 105.7 105.7 105.7 105.7 
118.4 118.4 118.4 118.4 118.4 118.4 118.4 118.4 118.4 118.4 118.4 113.4 113.4 113.4 113.4 113.4 113.4 113.4 113.4 113.4 113.4 113.4 113.4 113.4 113.4 113.4 113.4 113.4 113.4 113.4 113.4 113.4 113.4 113.4 113.4 113.4 113.4 113.4 113.4 113.4 113.4 113.4 113.4 113.4 113.4 113.4 113.4 113.4 113.4 113.4 113.4 113.4 113.4 113.4 113.4 113.4 113.4 113.4 113.4 113.4 113.4 113.4 113.4 113.4 113.4 113.4 113.4 113.4 113.4 113.4 113.4 105.7 105.7 105.7 105.7 105.7 105.7 105.7 105.7 105.7 105.7 105.7 105.7 105.7 105.7 105.7 105.7 105.7 105.7 105.7 105.7 105.7 105.7 105.7 105.7 105.7 105.7 105.7 105.7 105.7 
118.4 118.4 118.4 118.4 118.4 118.4 118.4 118.4 118.4 118.4 118.4 113.4 113.4 113.4 113.4 113.4 113.4 113.4 113.4 113.4 113.4 113.4 113.4 113.4 113.4 113.4 113.4 113.4 113.4 113.4 113.4 113.4 113.4 113.4 113.4 113.4 113.4 113.4 113.4 113.4 113.4 113.4 113.4 113.4 113.4 113.4 113.4 113.4 113.4 113.4 113.4 113.4 113.4 113.4 113.4 113.4 113.4 113.4 113.4 113.4 113.4 113.4 113.4 113.4 113.4 113.4 113.4 113.4 113.4 113.4 113.4 105.7 105.7 105.7 105.7 105.7 105.7 105.7 105.7 105.7 105.7 105.7 105.7 105.7 105.7 105.7 105.7 105.7 105.7 105.7 105.7 105.7 105.7 105.7 105.7 105.7 105.7 105.7 105.7 105.7 
118.4 118.4 118.4 118.4 118.4 118.4 118.4 118.4 118.4 118.4 118.4 113.4 113.4 113.4 113.4 113.4 113.4 113.4 113.4 113.4 113.4 113.4 113.4 113.4 113.4 113.4 113.4 113.4 113.4 113.4 113.4 113.4 113.4 113.4 113.4 113.4 113.4 113.4 113.4 113.4 113.4 113.4 113.4 113.4 113.4 113.4 113.4 113.4 113.4 113.4 113.4 113.4 113.4 113.4 113.4 113.4 113.4 113.4 113.4 113.4 113.4 113.4 113.4 113.4 113.4 113.4 113.4 113.4 113.4 113.4 113.4 105.7 105.7 105.7 105.7 105.7 105.7 105.7 105.7 105.7 105.7 105.7 105.7 105.7 105.7 105.7 105.7 105.7 105.7 105.7 105.7 105.7 105.7 105.7 105.7 105.7 105.7 105.7 105.7 105.7 
118.4 118.4 118.4 118.4 118.4 118.4 118.4 118.4 118.4 118.4 118.4 113.4 113.4 113.4 113.4 113.4 113.4 113.4 113.4 113.4 113.4 113.4 113.4 113.4 113.4 113.4 113.4 113.4 113.4 113.4 113.4 113.4 113.4 113.4 113.4 113.4 113.4 113.4 113.4 113.4 113.4 113.4 113.4 113.4 113.4 113.4 113.4 113.4 113.4 113.4 113.4 113.4 113.4 113.4 113.4 113.4 113.4 113.4 113.4 113.4 113.4 113.4 113.4 113.4 113.4 113.4 113.4 113.4 113.4 113.4 113.4 105.7 105.7 105.7 105.7 105.7 105.7 105.7 105.7 105.7 105.7 105.7 105.7 105.7 105.7 105.7 105.7 105.7 105.7 105.7 105.7 105.7 105.7 105.7 105.7 105.7 105.7 105.7 105.7 105.7 
118.4 118.4 118.4 118.4 118.4 118.4 118.4 118.4 118.4 118.4 118.4 113.4 113.4 113.4 113.4 113.4 113.4 113.4 113.4 113.4 113.4 113.4 113.4 113.4 113.4 113.4 113.4 113.4 113.4 113.4 113.4 113.4 113.4 113.4 113.4 113.4 113.4 113.4 113.4 113.4 113.4 113.4 113.4 113.4 113.4 113.4 113.4 113.4 113.4 113.4 113.4 113.4 113.4 113.4 113.4 113.4 113.4 113.4 113.4 113.4 113.4 113.4 113.4 113.4 113.4 113.4 113.4 113.4 113.4 113.4 113.4 105.7 105.7 105.7 105.7 105.7 105.7 105.7 105.7 105.7 105.7 105.7 105.7 105.7 105.7 105.7 105.7 105.7 105.7 105.7 105.7 105.7 105.7 105.7 105.7 105.7 105.7 105.7 105.7 105.7 
118.4 118.4 118.4 118.4 118.4 118.4 118.4 118.4 118.4 118.4 118.4 113.4 113.4 113.4 113.4 113.4 113.4 113.4 113.4 113.4 113.4 113.4 113.4 113.4 113.4 113.4 113.4 113.4 113.4 113.4 113.4 113.4 113.4 113.4 113.4 113.4 113.4 113.4 113.4 113.4 113.4 113.4 113.4 113.4 113.4 113.4 113.4 113.4 113.4 113.4 113.4 113.4 113.4 113.4 113.4 113.4 113.4 113.4 113.4 113.4 113.4 113.4 113.4 113.4 113.4 113.4 113.4 113.4 113.4 113.4 113.4 105.7 105.7 105.7 105.7 105.7 105.7 105.7 105.7 105.7 105.7 105.7 105.7 105.7 105.7 105.7 105.7 105.7 105.7 105.7 105.7 105.7 105.7 105.7 105.7 105.7 105.7 105.7 105.7 105.7 
118.4 118.4 118.4 118.4 118.4 118.4 118.4 118.4 118.4 118.4 118.4 113.4 113.4 113.4 113.4 113.4 113.4 113.4 113.4 113.4 113.4 113.4 113.4 113.4 113.4 113.4 113.4 113.4 113.4 113.4 113.4 113.4 113.4 113.4 113.4 113.4 113.4 113.4 113.4 113.4 113.4 113.4 113.4 113.4 113.4 113.4 113.4 113.4 113.4 113.4 113.4 113.4 113.4 113.4 113.4 113.4 113.4 113.4 113.4 113.4 113.4 113.4 113.4 113.4 113.4 113.4 113.4 113.4 113.4 113.4 113.4 105.7 105.7 105.7 105.7 105.7 105.7 105.7 105.7 105.7 105.7 105.7 105.7 105.7 105.7 105.7 105.7 105.7 105.7 105.7 105.7 105.7 105.7 105.7 105.7 105.7 105.7 105.7 105.7 105.7 
118.4 118.4 118.4 118.4 118.4 118.4 118.4 118.4 118.4 118.4 118.4 113.4 113.4 113.4 113.4 113.4 113.4 113.4 113.4 113.4 113.4 113.4 113.4 113.4 113.4 113.4 113.4 113.4 113.4 113.4 113.4 113.4 113.4 113.4 113.4 113.4 113.4 113.4 113.4 113.4 113.4 113.4 113.4 113.4 113.4 113.4 113.4 113.4 113.4 113.4 113.4 113.4 113.4 113.4 113.4 113.4 113.4 113.4 113.4 113.4 113.4 113.4 113.4 113.4 113.4 113.4 113.4 113.4 113.4 113.4 113.4 105.7 105.7 105.7 105.7 105.7 105.7 105.7 105.7 105.7 105.7 105.7 105.7 105.7 105.7 105.7 105.7 105.7 105.7 105.7 105.7 105.7 105.7 105.7 105.7 105.7 105.7 105.7 105.7 105.7 
118.4 118.4 118.4 118.4 118.4 118.4 118.4 118.4 118.4 118.4 118.4 113.4 113.4 113.4 113.4 113.4 113.4 113.4 113.4 113.4 113.4 113.4 113.4 113.4 113.4 113.4 113.4 113.4 113.4 113.4 113.4 113.4 113.4 113.4 113.4 113.4 113.4 113.4 113.4 113.4 113.4 113.4 113.4 113.4 113.4 113.4 113.4 113.4 113.4 113.4 113.4 113.4 113.4 113.4 113.4 113.4 113.4 113.4 113.4 113.4 113.4 113.4 113.4 113.4 113.4 113.4 113.4 113.4 113.4 113.4 113.4 105.7 105.7 105.7 105.7 105.7 105.7 105.7 105.7 105.7 105.7 105.7 105.7 105.7 105.7 105.7 105.7 105.7 105.7 105.7 105.7 105.7 105.7 105.7 105.7 105.7 105.7 105.7 105.7 105.7 
118.4 118.4 118.4 118.4 118.4 118.4 118.4 118.4 118.4 118.4 118.4 113.4 113.4 113.4 113.4 113.4 113.4 113.4 113.4 113.4 113.4 113.4 113.4 113.4 113.4 113.4 113.4 113.4 113.4 113.4 113.4 113.4 113.4 113.4 113.4 113.4 113.4 113.4 113.4 113.4 113.4 113.4 113.4 113.4 113.4 113.4 113.4 113.4 113.4 113.4 113.4 113.4 113.4 113.4 113.4 113.4 113.4 113.4 113.4 113.4 113.4 113.4 113.4 113.4 113.4 113.4 113.4 113.4 113.4 113.4 113.4 105.7 105.7 105.7 105.7 105.7 105.7 105.7 105.7 105.7 105.7 105.7 105.7 105.7 105.7 105.7 105.7 105.7 105.7 105.7 105.7 105.7 105.7 105.7 105.7 105.7 105.7 105.7 105.7 105.7 
118.4 118.4 118.4 118.4 118.4 118.4 118.4 118.4 118.4 118.4 118.4 113.4 113.4 113.4 113.4 113.4 113.4 113.4 113.4 113.4 113.4 113.4 113.4 113.4 113.4 113.4 113.4 113.4 113.4 113.4 113.4 113.4 113.4 113.4 113.4 113.4 113.4 113.4 113.4 113.4 113.4 113.4 113.4 113.4 113.4 113.4 113.4 113.4 113.4 113.4 113.4 113.4 113.4 113.4 113.4 113.4 113.4 113.4 113.4 113.4 113.4 113.4 113.4 113.4 113.4 113.4 113.4 113.4 113.4 113.4 113.4 105.7 105.7 105.7 105.7 105.7 105.7 105.7 105.7 105.7 105.7 105.7 105.7 105.7 105.7 105.7 105.7 105.7 105.7 105.7 105.7 105.7 105.7 105.7 105.7 105.7 105.7 105.7 105.7 105.7 
118.4 118.4 118.4 118.4 118.4 118.4 118.4 118.4 118.4 118.4 118.4 113.4 113.4 113.4 113.4 113.4 113.4 113.4 113.4 113.4 113.4 113.4 113.4 113.4 113.4 113.4 113.4 113.4 113.4 113.4 113.4 113.4 113.4 113.4 113.4 113.4 113.4 113.4 113.4 113.4 113.4 113.4 113.4 113.4 113.4 113.4 113.4 113.4 113.4 113.4 113.4 113.4 113.4 113.4 113.4 113.4 113.4 113.4 113.4 113.4 113.4 113.4 113.4 113.4 113.4 113.4 113.4 113.4 113.4 113.4 113.4 105.7 105.7 105.7 105.7 105.7 105.7 105.7 105.7 105.7 105.7 105.7 105.7 105.7 105.7 105.7 105.7 105.7 105.7 105.7 105.7 105.7 105.7 105.7 105.7 105.7 105.7 105.7 105.7 105.7 
118.4 118.4 118.4 118.4 118.4 118.4 118.4 118.4 118.4 118.4 118.4 113.4 113.4 113.4 113.4 113.4 113.4 113.4 113.4 113.4 113.4 113.4 113.4 113.4 113.4 113.4 113.4 113.4 113.4 113.4 113.4 113.4 113.4 113.4 113.4 113.4 113.4 113.4 113.4 113.4 113.4 113.4 113.4 113.4 113.4 113.4 113.4 113.4 113.4 113.4 113.4 113.4 113.4 113.4 113.4 113.4 113.4 113.4 113.4 113.4 113.4 113.4 113.4 113.4 113.4 113.4 113.4 113.4 113.4 113.4 113.4 105.7 105.7 105.7 105.7 105.7 105.7 105.7 105.7 105.7 105.7 105.7 105.7 105.7 105.7 105.7 105.7 105.7 105.7 105.7 105.7 105.7 105.7 105.7 105.7 105.7 105.7 105.7 105.7 105.7 
118.4 118.4 118.4 118.4 118.4 118.4 118.4 118.4 118.4 118.4 118.4 113.4 113.4 113.4 113.4 113.4 113.4 113.4 113.4 113.4 113.4 113.4 113.4 113.4 113.4 113.4 113.4 113.4 113.4 113.4 113.4 113.4 113.4 113.4 113.4 113.4 113.4 113.4 113.4 113.4 113.4 113.4 113.4 113.4 113.4 113.4 113.4 113.4 113.4 113.4 113.4 113.4 113.4 113.4 113.4 113.4 113.4 113.4 113.4 113.4 113.4 113.4 113.4 113.4 113.4 113.4 113.4 113.4 113.4 113.4 113.4 105.7 105.7 105.7 105.7 105.7 105.7 105.7 105.7 105.7 105.7 105.7 105.7 105.7 105.7 105.7 105.7 105.7 105.7 105.7 105.7 105.7 105.7 105.7 105.7 105.7 105.7 105.7 105.7 105.7 
118.4 118.4 118.4 118.4 118.4 118.4 118.4 118.4 118.4 118.4 118.4 113.4 113.4 113.4 113.4 113.4 113.4 113.4 113.4 113.4 113.4 113.4 113.4 113.4 113.4 113.4 113.4 113.4 113.4 113.4 113.4 113.4 113.4 113.4 113.4 113.4 113.4 113.4 113.4 113.4 113.4 113.4 113.4 113.4 113.4 113.4 113.4 113.4 113.4 113.4 113.4 113.4 113.4 113.4 113.4 113.4 113.4 113.4 113.4 113.4 113.4 113.4 113.4 113.4 113.4 113.4 113.4 113.4 113.4 113.4 113.4 105.7 105.7 105.7 105.7 105.7 105.7 105.7 105.7 105.7 105.7 105.7 105.7 105.7 105.7 105.7 105.7 105.7 105.7 105.7 105.7 105.7 105.7 105.7 105.7 105.7 105.7 105.7 105.7 105.7 
118.4 118.4 118.4 118.4 118.4 118.4 118.4 118.4 118.4 118.4 118.4 113.4 113.4 113.4 113.4 113.4 113.4 113.4 113.4 113.4 113.4 113.4 113.4 113.4 113.4 113.4 113.4 113.4 113.4 113.4 113.4 113.4 113.4 113.4 113.4 113.4 113.4 113.4 113.4 113.4 113.4 113.4 113.4 113.4 113.4 113.4 113.4 113.4 113.4 113.4 113.4 113.4 113.4 113.4 113.4 113.4 113.4 113.4 113.4 113.4 113.4 113.4 113.4 113.4 113.4 113.4 113.4 113.4 113.4 113.4 113.4 105.7 105.7 105.7 105.7 105.7 105.7 105.7 105.7 105.7 105.7 105.7 105.7 105.7 105.7 105.7 105.7 105.7 105.7 105.7 105.7 105.7 105.7 105.7 105.7 105.7 105.7 105.7 105.7 105.7 
118.4 118.4 118.4 118.4 118.4 118.4 118.4 118.4 118.4 118.4 118.4 113.4 113.4 113.4 113.4 113.4 113.4 113.4 113.4 113.4 113.4 113.4 113.4 113.4 113.4 113.4 113.4 113.4 113.4 113.4 113.4 113.4 113.4 113.4 113.4 113.4 113.4 113.4 113.4 113.4 113.4 113.4 113.4 113.4 113.4 113.4 113.4 113.4 113.4 113.4 113.4 113.4 113.4 113.4 113.4 113.4 113.4 113.4 113.4 113.4 113.4 113.4 113.4 113.4 113.4 113.4 113.4 113.4 113.4 113.4 113.4 105.7 105.7 105.7 105.7 105.7 105.7 105.7 105.7 105.7 105.7 105.7 105.7 105.7 105.7 105.7 105.7 105.7 105.7 105.7 105.7 105.7 105.7 105.7 105.7 105.7 105.7 105.7 105.7 105.7 
118.4 118.4 118.4 118.4 118.4 118.4 118.4 118.4 118.4 118.4 118.4 113.4 113.4 113.4 113.4 113.4 113.4 113.4 113.4 113.4 113.4 113.4 113.4 113.4 113.4 113.4 113.4 113.4 113.4 113.4 113.4 113.4 113.4 113.4 113.4 113.4 113.4 113.4 113.4 113.4 113.4 113.4 113.4 113.4 113.4 113.4 113.4 113.4 113.4 113.4 113.4 113.4 113.4 113.4 113.4 113.4 113.4 113.4 113.4 113.4 113.4 113.4 113.4 113.4 113.4 113.4 113.4 113.4 113.4 113.4 113.4 105.7 105.7 105.7 105.7 105.7 105.7 105.7 105.7 105.7 105.7 105.7 105.7 105.7 105.7 105.7 105.7 105.7 105.7 105.7 105.7 105.7 105.7 105.7 105.7 105.7 105.7 105.7 105.7 105.7 
118.4 118.4 118.4 118.4 118.4 118.4 118.4 118.4 118.4 118.4 118.4 113.4 113.4 113.4 113.4 113.4 113.4 113.4 113.4 113.4 113.4 113.4 113.4 113.4 113.4 113.4 113.4 113.4 113.4 113.4 113.4 113.4 113.4 113.4 113.4 113.4 113.4 113.4 113.4 113.4 113.4 113.4 113.4 113.4 113.4 113.4 113.4 113.4 113.4 113.4 113.4 113.4 113.4 113.4 113.4 113.4 113.4 113.4 113.4 113.4 113.4 113.4 113.4 113.4 113.4 113.4 113.4 113.4 113.4 113.4 113.4 105.7 105.7 105.7 105.7 105.7 105.7 105.7 105.7 105.7 105.7 105.7 105.7 105.7 105.7 105.7 105.7 105.7 105.7 105.7 105.7 105.7 105.7 105.7 105.7 105.7 105.7 105.7 105.7 105.7 
138.8 138.8 138.8 138.8 138.8 138.8 138.8 138.8 138.8 138.8 138.8 132 132 132 132 132 132 132 132 132 132 132 132 132 132 132 132 132 132 132 132 132 132 132 132 132 132 132 132 132 132 132 132 132 132 132 132 132 132 132 132 132 132 132 132 132 132 132 132 132 132 132 132 132 132 132 132 132 132 132 132 119.5 119.5 119.5 119.5 119.5 119.5 119.5 119.5 119.5 119.5 119.5 119.5 119.5 119.5 119.5 119.5 119.5 119.5 119.5 119.5 119.5 119.5 119.5 119.5 119.5 119.5 119.5 119.5 119.5 
138.8 138.8 138.8 138.8 138.8 138.8 138.8 138.8 138.8 138.8 138.8 132 132 132 132 132 132 132 132 132 132 132 132 132 132 132 132 132 132 132 132 132 132 132 132 132 132 132 132 132 132 132 132 132 132 132 132 132 132 132 132 132 132 132 132 132 132 132 132 132 132 132 132 132 132 132 132 132 132 132 132 119.5 119.5 119.5 119.5 119.5 119.5 119.5 119.5 119.5 119.5 119.5 119.5 119.5 119.5 119.5 119.5 119.5 119.5 119.5 119.5 119.5 119.5 119.5 119.5 119.5 119.5 119.5 119.5 119.5 
138.8 138.8 138.8 138.8 138.8 138.8 138.8 138.8 138.8 138.8 138.8 132 132 132 132 132 132 132 132 132 132 132 132 132 132 132 132 132 132 132 132 132 132 132 132 132 132 132 132 132 132 132 132 132 132 132 132 132 132 132 132 132 132 132 132 132 132 132 132 132 132 132 132 132 132 132 132 132 132 132 132 119.5 119.5 119.5 119.5 119.5 119.5 119.5 119.5 119.5 119.5 119.5 119.5 119.5 119.5 119.5 119.5 119.5 119.5 119.5 119.5 119.5 119.5 119.5 119.5 119.5 119.5 119.5 119.5 119.5 
138.8 138.8 138.8 138.8 138.8 138.8 138.8 138.8 138.8 138.8 138.8 132 132 132 132 132 132 132 132 132 132 132 132 132 132 132 132 132 132 132 132 132 132 132 132 132 132 132 132 132 132 132 132 132 132 132 132 132 132 132 132 132 132 132 132 132 132 132 132 132 132 132 132 132 132 132 132 132 132 132 132 119.5 119.5 119.5 119.5 119.5 119.5 119.5 119.5 119.5 119.5 119.5 119.5 119.5 119.5 119.5 119.5 119.5 119.5 119.5 119.5 119.5 119.5 119.5 119.5 119.5 119.5 119.5 119.5 119.5 
138.8 138.8 138.8 138.8 138.8 138.8 138.8 138.8 138.8 138.8 138.8 132 132 132 132 132 132 132 132 132 132 132 132 132 132 132 132 132 132 132 132 132 132 132 132 132 132 132 132 132 132 132 132 132 132 132 132 132 132 132 132 132 132 132 132 132 132 132 132 132 132 132 132 132 132 132 132 132 132 132 132 119.5 119.5 119.5 119.5 119.5 119.5 119.5 119.5 119.5 119.5 119.5 119.5 119.5 119.5 119.5 119.5 119.5 119.5 119.5 119.5 119.5 119.5 119.5 119.5 119.5 119.5 119.5 119.5 119.5 
138.8 138.8 138.8 138.8 138.8 138.8 138.8 138.8 138.8 138.8 138.8 132 132 132 132 132 132 132 132 132 132 132 132 132 132 132 132 132 132 132 132 132 132 132 132 132 132 132 132 132 132 132 132 132 132 132 132 132 132 132 132 132 132 132 132 132 132 132 132 132 132 132 132 132 132 132 132 132 132 132 132 119.5 119.5 119.5 119.5 119.5 119.5 119.5 119.5 119.5 119.5 119.5 119.5 119.5 119.5 119.5 119.5 119.5 119.5 119.5 119.5 119.5 119.5 119.5 119.5 119.5 119.5 119.5 119.5 119.5 
138.8 138.8 138.8 138.8 138.8 138.8 138.8 138.8 138.8 138.8 138.8 132 132 132 132 132 132 132 132 132 132 132 132 132 132 132 132 132 132 132 132 132 132 132 132 132 132 132 132 132 132 132 132 132 132 132 132 132 132 132 132 132 132 132 132 132 132 132 132 132 132 132 132 132 132 132 132 132 132 132 132 119.5 119.5 119.5 119.5 119.5 119.5 119.5 119.5 119.5 119.5 119.5 119.5 119.5 119.5 119.5 119.5 119.5 119.5 119.5 119.5 119.5 119.5 119.5 119.5 119.5 119.5 119.5 119.5 119.5 
138.8 138.8 138.8 138.8 138.8 138.8 138.8 138.8 138.8 138.8 138.8 132 132 132 132 132 132 132 132 132 132 132 132 132 132 132 132 132 132 132 132 132 132 132 132 132 132 132 132 132 132 132 132 132 132 132 132 132 132 132 132 132 132 132 132 132 132 132 132 132 132 132 132 132 132 132 132 132 132 132 132 119.5 119.5 119.5 119.5 119.5 119.5 119.5 119.5 119.5 119.5 119.5 119.5 119.5 119.5 119.5 119.5 119.5 119.5 119.5 119.5 119.5 119.5 119.5 119.5 119.5 119.5 119.5 119.5 119.5 
138.8 138.8 138.8 138.8 138.8 138.8 138.8 138.8 138.8 138.8 138.8 132 132 132 132 132 132 132 132 132 132 132 132 132 132 132 132 132 132 132 132 132 132 132 132 132 132 132 132 132 132 132 132 132 132 132 132 132 132 132 132 132 132 132 132 132 132 132 132 132 132 132 132 132 132 132 132 132 132 132 132 119.5 119.5 119.5 119.5 119.5 119.5 119.5 119.5 119.5 119.5 119.5 119.5 119.5 119.5 119.5 119.5 119.5 119.5 119.5 119.5 119.5 119.5 119.5 119.5 119.5 119.5 119.5 119.5 119.5 
138.8 138.8 138.8 138.8 138.8 138.8 138.8 138.8 138.8 138.8 138.8 132 132 132 132 132 132 132 132 132 132 132 132 132 132 132 132 132 132 132 132 132 132 132 132 132 132 132 132 132 132 132 132 132 132 132 132 132 132 132 132 132 132 132 132 132 132 132 132 132 132 132 132 132 132 132 132 132 132 132 132 119.5 119.5 119.5 119.5 119.5 119.5 119.5 119.5 119.5 119.5 119.5 119.5 119.5 119.5 119.5 119.5 119.5 119.5 119.5 119.5 119.5 119.5 119.5 119.5 119.5 119.5 119.5 119.5 119.5 
138.8 138.8 138.8 138.8 138.8 138.8 138.8 138.8 138.8 138.8 138.8 132 132 132 132 132 132 132 132 132 132 132 132 132 132 132 132 132 132 132 132 132 132 132 132 132 132 132 132 132 132 132 132 132 132 132 132 132 132 132 132 132 132 132 132 132 132 132 132 132 132 132 132 132 132 132 132 132 132 132 132 119.5 119.5 119.5 119.5 119.5 119.5 119.5 119.5 119.5 119.5 119.5 119.5 119.5 119.5 119.5 119.5 119.5 119.5 119.5 119.5 119.5 119.5 119.5 119.5 119.5 119.5 119.5 119.5 119.5 
138.8 138.8 138.8 138.8 138.8 138.8 138.8 138.8 138.8 138.8 138.8 132 132 132 132 132 132 132 132 132 132 132 132 132 132 132 132 132 132 132 132 132 132 132 132 132 132 132 132 132 132 132 132 132 132 132 132 132 132 132 132 132 132 132 132 132 132 132 132 132 132 132 132 132 132 132 132 132 132 132 132 119.5 119.5 119.5 119.5 119.5 119.5 119.5 119.5 119.5 119.5 119.5 119.5 119.5 119.5 119.5 119.5 119.5 119.5 119.5 119.5 119.5 119.5 119.5 119.5 119.5 119.5 119.5 119.5 119.5 
138.8 138.8 138.8 138.8 138.8 138.8 138.8 138.8 138.8 138.8 138.8 132 132 132 132 132 132 132 132 132 132 132 132 132 132 132 132 132 132 132 132 132 132 132 132 132 132 132 132 132 132 132 132 132 132 132 132 132 132 132 132 132 132 132 132 132 132 132 132 132 132 132 132 132 132 132 132 132 132 132 132 119.5 119.5 119.5 119.5 119.5 119.5 119.5 119.5 119.5 119.5 119.5 119.5 119.5 119.5 119.5 119.5 119.5 119.5 119.5 119.5 119.5 119.5 119.5 119.5 119.5 119.5 119.5 119.5 119.5 
138.8 138.8 138.8 138.8 138.8 138.8 138.8 138.8 138.8 138.8 138.8 132 132 132 132 132 132 132 132 132 132 132 132 132 132 132 132 132 132 132 132 132 132 132 132 132 132 132 132 132 132 132 132 132 132 132 132 132 132 132 132 132 132 132 132 132 132 132 132 132 132 132 132 132 132 132 132 132 132 132 132 119.5 119.5 119.5 119.5 119.5 119.5 119.5 119.5 119.5 119.5 119.5 119.5 119.5 119.5 119.5 119.5 119.5 119.5 119.5 119.5 119.5 119.5 119.5 119.5 119.5 119.5 119.5 119.5 119.5 
138.8 138.8 138.8 138.8 138.8 138.8 138.8 138.8 138.8 138.8 138.8 132 132 132 132 132 132 132 132 132 132 132 132 132 132 132 132 132 132 132 132 132 132 132 132 132 132 132 132 132 132 132 132 132 132 132 132 132 132 132 132 132 132 132 132 132 132 132 132 132 132 132 132 132 132 132 132 132 132 132 132 119.5 119.5 119.5 119.5 119.5 119.5 119.5 119.5 119.5 119.5 119.5 119.5 119.5 119.5 119.5 119.5 119.5 119.5 119.5 119.5 119.5 119.5 119.5 119.5 119.5 119.5 119.5 119.5 119.5 
138.8 138.8 138.8 138.8 138.8 138.8 138.8 138.8 138.8 138.8 138.8 132 132 132 132 132 132 132 132 132 132 132 132 132 132 132 132 132 132 132 132 132 132 132 132 132 132 132 132 132 132 132 132 132 132 132 132 132 132 132 132 132 132 132 132 132 132 132 132 132 132 132 132 132 132 132 132 132 132 132 132 119.5 119.5 119.5 119.5 119.5 119.5 119.5 119.5 119.5 119.5 119.5 119.5 119.5 119.5 119.5 119.5 119.5 119.5 119.5 119.5 119.5 119.5 119.5 119.5 119.5 119.5 119.5 119.5 119.5 
138.8 138.8 138.8 138.8 138.8 138.8 138.8 138.8 138.8 138.8 138.8 132 132 132 132 132 132 132 132 132 132 132 132 132 132 132 132 132 132 132 132 132 132 132 132 132 132 132 132 132 132 132 132 132 132 132 132 132 132 132 132 132 132 132 132 132 132 132 132 132 132 132 132 132 132 132 132 132 132 132 132 119.5 119.5 119.5 119.5 119.5 119.5 119.5 119.5 119.5 119.5 119.5 119.5 119.5 119.5 119.5 119.5 119.5 119.5 119.5 119.5 119.5 119.5 119.5 119.5 119.5 119.5 119.5 119.5 119.5 
138.8 138.8 138.8 138.8 138.8 138.8 138.8 138.8 138.8 138.8 138.8 132 132 132 132 132 132 132 132 132 132 132 132 132 132 132 132 132 132 132 132 132 132 132 132 132 132 132 132 132 132 132 132 132 132 132 132 132 132 132 132 132 132 132 132 132 132 132 132 132 132 132 132 132 132 132 132 132 132 132 132 119.5 119.5 119.5 119.5 119.5 119.5 119.5 119.5 119.5 119.5 119.5 119.5 119.5 119.5 119.5 119.5 119.5 119.5 119.5 119.5 119.5 119.5 119.5 119.5 119.5 119.5 119.5 119.5 119.5 
138.8 138.8 138.8 138.8 138.8 138.8 138.8 138.8 138.8 138.8 138.8 132 132 132 132 132 132 132 132 132 132 132 132 132 132 132 132 132 132 132 132 132 132 132 132 132 132 132 132 132 132 132 132 132 132 132 132 132 132 132 132 132 132 132 132 132 132 132 132 132 132 132 132 132 132 132 132 132 132 132 132 119.5 119.5 119.5 119.5 119.5 119.5 119.5 119.5 119.5 119.5 119.5 119.5 119.5 119.5 119.5 119.5 119.5 119.5 119.5 119.5 119.5 119.5 119.5 119.5 119.5 119.5 119.5 119.5 119.5 
138.8 138.8 138.8 138.8 138.8 138.8 138.8 138.8 138.8 138.8 138.8 132 132 132 132 132 132 132 132 132 132 132 132 132 132 132 132 132 132 132 132 132 132 132 132 132 132 132 132 132 132 132 132 132 132 132 132 132 132 132 132 132 132 132 132 132 132 132 132 132 132 132 132 132 132 132 132 132 132 132 132 119.5 119.5 119.5 119.5 119.5 119.5 119.5 119.5 119.5 119.5 119.5 119.5 119.5 119.5 119.5 119.5 119.5 119.5 119.5 119.5 119.5 119.5 119.5 119.5 119.5 119.5 119.5 119.5 119.5 
138.8 138.8 138.8 138.8 138.8 138.8 138.8 138.8 138.8 138.8 138.8 132 132 132 132 132 132 132 132 132 132 132 132 132 132 132 132 132 132 132 132 132 132 132 132 132 132 132 132 132 132 132 132 132 132 132 132 132 132 132 132 132 132 132 132 132 132 132 132 132 132 132 132 132 132 132 132 132 132 132 132 119.5 119.5 119.5 119.5 119.5 119.5 119.5 119.5 119.5 119.5 119.5 119.5 119.5 119.5 119.5 119.5 119.5 119.5 119.5 119.5 119.5 119.5 119.5 119.5 119.5 119.5 119.5 119.5 119.5 
138.8 138.8 138.8 138.8 138.8 138.8 138.8 138.8 138.8 138.8 138.8 132 132 132 132 132 132 132 132 132 132 132 132 132 132 132 132 132 132 132 132 132 132 132 132 132 132 132 132 132 132 132 132 132 132 132 132 132 132 132 132 132 132 132 132 132 132 132 132 132 132 132 132 132 132 132 132 132 132 132 132 119.5 119.5 119.5 119.5 119.5 119.5 119.5 119.5 119.5 119.5 119.5 119.5 119.5 119.5 119.5 119.5 119.5 119.5 119.5 119.5 119.5 119.5 119.5 119.5 119.5 119.5 119.5 119.5 119.5 
138.8 138.8 138.8 138.8 138.8 138.8 138.8 138.8 138.8 138.8 138.8 132 132 132 132 132 132 132 132 132 132 132 132 132 132 132 132 132 132 132 132 132 132 132 132 132 132 132 132 132 132 132 132 132 132 132 132 132 132 132 132 132 132 132 132 132 132 132 132 132 132 132 132 132 132 132 132 132 132 132 132 119.5 119.5 119.5 119.5 119.5 119.5 119.5 119.5 119.5 119.5 119.5 119.5 119.5 119.5 119.5 119.5 119.5 119.5 119.5 119.5 119.5 119.5 119.5 119.5 119.5 119.5 119.5 119.5 119.5 
138.8 138.8 138.8 138.8 138.8 138.8 138.8 138.8 138.8 138.8 138.8 132 132 132 132 132 132 132 132 132 132 132 132 132 132 132 132 132 132 132 132 132 132 132 132 132 132 132 132 132 132 132 132 132 132 132 132 132 132 132 132 132 132 132 132 132 132 132 132 132 132 132 132 132 132 132 132 132 132 132 132 119.5 119.5 119.5 119.5 119.5 119.5 119.5 119.5 119.5 119.5 119.5 119.5 119.5 119.5 119.5 119.5 119.5 119.5 119.5 119.5 119.5 119.5 119.5 119.5 119.5 119.5 119.5 119.5 119.5 
138.8 138.8 138.8 138.8 138.8 138.8 138.8 138.8 138.8 138.8 138.8 132 132 132 132 132 132 132 132 132 132 132 132 132 132 132 132 132 132 132 132 132 132 132 132 132 132 132 132 132 132 132 132 132 132 132 132 132 132 132 132 132 132 132 132 132 132 132 132 132 132 132 132 132 132 132 132 132 132 132 132 119.5 119.5 119.5 119.5 119.5 119.5 119.5 119.5 119.5 119.5 119.5 119.5 119.5 119.5 119.5 119.5 119.5 119.5 119.5 119.5 119.5 119.5 119.5 119.5 119.5 119.5 119.5 119.5 119.5 
138.8 138.8 138.8 138.8 138.8 138.8 138.8 138.8 138.8 138.8 138.8 132 132 132 132 132 132 132 132 132 132 132 132 132 132 132 132 132 132 132 132 132 132 132 132 132 132 132 132 132 132 132 132 132 132 132 132 132 132 132 132 132 132 132 132 132 132 132 132 132 132 132 132 132 132 132 132 132 132 132 132 119.5 119.5 119.5 119.5 119.5 119.5 119.5 119.5 119.5 119.5 119.5 119.5 119.5 119.5 119.5 119.5 119.5 119.5 119.5 119.5 119.5 119.5 119.5 119.5 119.5 119.5 119.5 119.5 119.5 
138.8 138.8 138.8 138.8 138.8 138.8 138.8 138.8 138.8 138.8 138.8 132 132 132 132 132 132 132 132 132 132 132 132 132 132 132 132 132 132 132 132 132 132 132 132 132 132 132 132 132 132 132 132 132 132 132 132 132 132 132 132 132 132 132 132 132 132 132 132 132 132 132 132 132 132 132 132 132 132 132 132 119.5 119.5 119.5 119.5 119.5 119.5 119.5 119.5 119.5 119.5 119.5 119.5 119.5 119.5 119.5 119.5 119.5 119.5 119.5 119.5 119.5 119.5 119.5 119.5 119.5 119.5 119.5 119.5 119.5 
138.8 138.8 138.8 138.8 138.8 138.8 138.8 138.8 138.8 138.8 138.8 132 132 132 132 132 132 132 132 132 132 132 132 132 132 132 132 132 132 132 132 132 132 132 132 132 132 132 132 132 132 132 132 132 132 132 132 132 132 132 132 132 132 132 132 132 132 132 132 132 132 132 132 132 132 132 132 132 132 132 132 119.5 119.5 119.5 119.5 119.5 119.5 119.5 119.5 119.5 119.5 119.5 119.5 119.5 119.5 119.5 119.5 119.5 119.5 119.5 119.5 119.5 119.5 119.5 119.5 119.5 119.5 119.5 119.5 119.5 
138.8 138.8 138.8 138.8 138.8 138.8 138.8 138.8 138.8 138.8 138.8 132 132 132 132 132 132 132 132 132 132 132 132 132 132 132 132 132 132 132 132 132 132 132 132 132 132 132 132 132 132 132 132 132 132 132 132 132 132 132 132 132 132 132 132 132 132 132 132 132 132 132 132 132 132 132 132 132 132 132 132 119.5 119.5 119.5 119.5 119.5 119.5 119.5 119.5 119.5 119.5 119.5 119.5 119.5 119.5 119.5 119.5 119.5 119.5 119.5 119.5 119.5 119.5 119.5 119.5 119.5 119.5 119.5 119.5 119.5 
138.8 138.8 138.8 138.8 138.8 138.8 138.8 138.8 138.8 138.8 138.8 132 132 132 132 132 132 132 132 132 132 132 132 132 132 132 132 132 132 132 132 132 132 132 132 132 132 132 132 132 132 132 132 132 132 132 132 132 132 132 132 132 132 132 132 132 132 132 132 132 132 132 132 132 132 132 132 132 132 132 132 119.5 119.5 119.5 119.5 119.5 119.5 119.5 119.5 119.5 119.5 119.5 119.5 119.5 119.5 119.5 119.5 119.5 119.5 119.5 119.5 119.5 119.5 119.5 119.5 119.5 119.5 119.5 119.5 119.5 
138.8 138.8 138.8 138.8 138.8 138.8 138.8 138.8 138.8 138.8 138.8 132 132 132 132 132 132 132 132 132 132 132 132 132 132 132 132 132 132 132 132 132 132 132 132 132 132 132 132 132 132 132 132 132 132 132 132 132 132 132 132 132 132 132 132 132 132 132 132 132 132 132 132 132 132 132 132 132 132 132 132 119.5 119.5 119.5 119.5 119.5 119.5 119.5 119.5 119.5 119.5 119.5 119.5 119.5 119.5 119.5 119.5 119.5 119.5 119.5 119.5 119.5 119.5 119.5 119.5 119.5 119.5 119.5 119.5 119.5 
