ncols         100
nrows         100
xllcorner     -59982.863281
yllcorner     1851083.022172
cellsize      1000
NODATA_value  -9999
88 88 88 88 88 88 88 88 88 88 88 73.4 73.4 73.4 73.4 73.4 73.4 73.4 73.4 73.4 73.4 73.4 73.4 73.4 73.4 73.4 73.4 73.4 73.4 73.4 73.4 73.4 73.4 73.4 73.4 73.4 73.4 73.4 73.4 73.4 73.4 73.4 73.4 73.4 73.4 73.4 73.4 73.4 73.4 73.4 73.4 73.4 73.4 73.4 73.4 73.4 73.4 73.4 73.4 73.4 73.4 73.4 73.4 73.4 73.4 73.4 73.4 73.4 73.4 73.4 73.4 71.4 71.4 71.4 71.4 71.4 71.4 71.4 71.4 71.4 71.4 71.4 71.4 71.4 71.4 71.4 71.4 71.4 71.4 71.4 71.4 71.4 71.4 71.4 71.4 71.4 71.4 71.4 71.4 71.4 
88 88 88 88 88 88 88 88 88 88 88 73.4 73.4 73.4 73.4 73.4 73.4 73.4 73.4 73.4 73.4 73.4 73.4 73.4 73.4 73.4 73.4 73.4 73.4 73.4 73.4 73.4 73.4 73.4 73.4 73.4 73.4 73.4 73.4 73.4 73.4 73.4 73.4 73.4 73.4 73.4 73.4 73.4 73.4 73.4 73.4 73.4 73.4 73.4 73.4 73.4 73.4 73.4 73.4 73.4 73.4 73.4 73.4 73.4 73.4 73.4 73.4 73.4 73.4 73.4 73.4 71.4 71.4 71.4 71.4 71.4 71.4 71.4 71.4 71.4 71.4 71.4 71.4 71.4 71.4 71.4 71.4 71.4 71.4 71.4 71.4 71.4 71.4 71.4 71.4 71.4 71.4 71.4 71.4 71.4 
88 88 88 88 88 88 88 88 88 88 88 73.4 73.4 73.4 73.4 73.4 73.4 73.4 73.4 73.4 73.4 73.4 73.4 73.4 73.4 73.4 73.4 73.4 73.4 73.4 73.4 73.4 73.4 73.4 73.4 73.4 73.4 73.4 73.4 73.4 73.4 73.4 73.4 73.4 73.4 73.4 73.4 73.4 73.4 73.4 73.4 73.4 73.4 73.4 73.4 73.4 73.4 73.4 73.4 73.4 73.4 73.4 73.4 73.4 73.4 73.4 73.4 73.4 73.4 73.4 73.4 71.4 71.4 71.4 71.4 71.4 71.4 71.4 71.4 71.4 71.4 71.4 71.4 71.4 71.4 71.4 71.4 71.4 71.4 71.4 71.4 71.4 71.4 71.4 71.4 71.4 71.4 71.4 71.4 71.4 
88 88 88 88 88 88 88 88 88 88 88 73.4 73.4 73.4 73.4 73.4 73.4 73.4 73.4 73.4 73.4 73.4 73.4 73.4 73.4 73.4 73.4 73.4 73.4 73.4 73.4 73.4 73.4 73.4 73.4 73.4 73.4 73.4 73.4 73.4 73.4 73.4 73.4 73.4 73.4 73.4 73.4 73.4 73.4 73.4 73.4 73.4 73.4 73.4 73.4 73.4 73.4 73.4 73.4 73.4 73.4 73.4 73.4 73.4 73.4 73.4 73.4 73.4 73.4 73.4 73.4 71.4 71.4 71.4 71.4 71.4 71.4 71.4 71.4 71.4 71.4 71.4 71.4 71.4 71.4 71.4 71.4 71.4 71.4 71.4 71.4 71.4 71.4 71.4 71.4 71.4 71.4 71.4 71.4 71.4 
88 88 88 88 88 88 88 88 88 88 88 73.4 73.4 73.4 73.4 73.4 73.4 73.4 73.4 73.4 73.4 73.4 73.4 73.4 73.4 73.4 73.4 73.4 73.4 73.4 73.4 73.4 73.4 73.4 73.4 73.4 73.4 73.4 73.4 73.4 73.4 73.4 73.4 73.4 73.4 73.4 73.4 73.4 73.4 73.4 73.4 73.4 73.4 73.4 73.4 73.4 73.4 73.4 73.4 73.4 73.4 73.4 73.4 73.4 73.4 73.4 73.4 73.4 73.4 73.4 73.4 71.4 71.4 71.4 71.4 71.4 71.4 71.4 71.4 71.4 71.4 71.4 71.4 71.4 71.4 71.4 71.4 71.4 71.4 71.4 71.4 71.4 71.4 71.4 71.4 71.4 71.4 71.4 71.4 71.4 
88 88 88 88 88 88 88 88 88 88 88 73.4 73.4 73.4 73.4 73.4 73.4 73.4 73.4 73.4 73.4 73.4 73.4 73.4 73.4 73.4 73.4 73.4 73.4 73.4 73.4 73.4 73.4 73.4 73.4 73.4 73.4 73.4 73.4 73.4 73.4 73.4 73.4 73.4 73.4 73.4 73.4 73.4 73.4 73.4 73.4 73.4 73.4 73.4 73.4 73.4 73.4 73.4 73.4 73.4 73.4 73.4 73.4 73.4 73.4 73.4 73.4 73.4 73.4 73.4 73.4 71.4 71.4 71.4 71.4 71.4 71.4 71.4 71.4 71.4 71.4 71.4 71.4 71.4 71.4 71.4 71.4 71.4 71.4 71.4 71.4 71.4 71.4 71.4 71.4 71.4 71.4 71.4 71.4 71.4 
88 88 88 88 88 88 88 88 88 88 88 73.4 73.4 73.4 73.4 73.4 73.4 73.4 73.4 73.4 73.4 73.4 73.4 73.4 73.4 73.4 73.4 73.4 73.4 73.4 73.4 73.4 73.4 73.4 73.4 73.4 73.4 73.4 73.4 73.4 73.4 73.4 73.4 73.4 73.4 73.4 73.4 73.4 73.4 73.4 73.4 73.4 73.4 73.4 73.4 73.4 73.4 73.4 73.4 73.4 73.4 73.4 73.4 73.4 73.4 73.4 73.4 73.4 73.4 73.4 73.4 71.4 71.4 71.4 71.4 71.4 71.4 71.4 71.4 71.4 71.4 71.4 71.4 71.4 71.4 71.4 71.4 71.4 71.4 71.4 71.4 71.4 71.4 71.4 71.4 71.4 71.4 71.4 71.4 71.4 
88 88 88 88 88 88 88 88 88 88 88 73.4 73.4 73.4 73.4 73.4 73.4 73.4 73.4 73.4 73.4 73.4 73.4 73.4 73.4 73.4 73.4 73.4 73.4 73.4 73.4 73.4 73.4 73.4 73.4 73.4 73.4 73.4 73.4 73.4 73.4 73.4 73.4 73.4 73.4 73.4 73.4 73.4 73.4 73.4 73.4 73.4 73.4 73.4 73.4 73.4 73.4 73.4 73.4 73.4 73.4 73.4 73.4 73.4 73.4 73.4 73.4 73.4 73.4 73.4 73.4 71.4 71.4 71.4 71.4 71.4 71.4 71.4 71.4 71.4 71.4 71.4 71.4 71.4 71.4 71.4 71.4 71.4 71.4 71.4 71.4 71.4 71.4 71.4 71.4 71.4 71.4 71.4 71.4 71.4 
88 88 88 88 88 88 88 88 88 88 88 73.4 73.4 73.4 73.4 73.4 73.4 73.4 73.4 73.4 73.4 73.4 73.4 73.4 73.4 73.4 73.4 73.4 73.4 73.4 73.4 73.4 73.4 73.4 73.4 73.4 73.4 73.4 73.4 73.4 73.4 73.4 73.4 73.4 73.4 73.4 73.4 73.4 73.4 73.4 73.4 73.4 73.4 73.4 73.4 73.4 73.4 73.4 73.4 73.4 73.4 73.4 73.4 73.4 73.4 73.4 73.4 73.4 73.4 73.4 73.4 71.4 71.4 71.4 71.4 71.4 71.4 71.4 71.4 71.4 71.4 71.4 71.4 71.4 71.4 71.4 71.4 71.4 71.4 71.4 71.4 71.4 71.4 71.4 71.4 71.4 71.4 71.4 71.4 71.4 
95 95 95 95 95 95 95 95 95 95 95 88.2 88.2 88.2 88.2 88.2 88.2 88.2 88.2 88.2 88.2 88.2 88.2 88.2 88.2 88.2 88.2 88.2 88.2 88.2 88.2 88.2 88.2 88.2 88.2 88.2 88.2 88.2 88.2 88.2 88.2 88.2 88.2 88.2 88.2 88.2 88.2 88.2 88.2 88.2 88.2 88.2 88.2 88.2 88.2 88.2 88.2 88.2 88.2 88.2 88.2 88.2 88.2 88.2 88.2 88.2 88.2 88.2 88.2 88.2 88.2 85.9 85.9 85.9 85.9 85.9 85.9 85.9 85.9 85.9 85.9 85.9 85.9 85.9 85.9 85.9 85.9 85.9 85.9 85.9 85.9 85.9 85.9 85.9 85.9 85.9 85.9 85.9 85.9 85.9 
95 95 95 95 95 95 95 95 95 95 95 88.2 88.2 88.2 88.2 88.2 88.2 88.2 88.2 88.2 88.2 88.2 88.2 88.2 88.2 88.2 88.2 88.2 88.2 88.2 88.2 88.2 88.2 88.2 88.2 88.2 88.2 88.2 88.2 88.2 88.2 88.2 88.2 88.2 88.2 88.2 88.2 88.2 88.2 88.2 88.2 88.2 88.2 88.2 88.2 88.2 88.2 88.2 88.2 88.2 88.2 88.2 88.2 88.2 88.2 88.2 88.2 88.2 88.2 88.2 88.2 85.9 85.9 85.9 85.9 85.9 85.9 85.9 85.9 85.9 85.9 85.9 85.9 85.9 85.9 85.9 85.9 85.9 85.9 85.9 85.9 85.9 85.9 85.9 85.9 85.9 85.9 85.9 85.9 85.9 
95 95 95 95 95 95 95 95 95 95 95 88.2 88.2 88.2 88.2 88.2 88.2 88.2 88.2 88.2 88.2 88.2 88.2 88.2 88.2 88.2 88.2 88.2 88.2 88.2 88.2 88.2 88.2 88.2 88.2 88.2 88.2 88.2 88.2 88.2 88.2 88.2 88.2 88.2 88.2 88.2 88.2 88.2 88.2 88.2 88.2 88.2 88.2 88.2 88.2 88.2 88.2 88.2 88.2 88.2 88.2 88.2 88.2 88.2 88.2 88.2 88.2 88.2 88.2 88.2 88.2 85.9 85.9 85.9 85.9 85.9 85.9 85.9 85.9 85.9 85.9 85.9 85.9 85.9 85.9 85.9 85.9 85.9 85.9 85.9 85.9 85.9 85.9 85.9 85.9 85.9 85.9 85.9 85.9 85.9 
95 95 95 95 95 95 95 95 95 95 95 88.2 88.2 88.2 88.2 88.2 88.2 88.2 88.2 88.2 88.2 88.2 88.2 88.2 88.2 88.2 88.2 88.2 88.2 88.2 88.2 88.2 88.2 88.2 88.2 88.2 88.2 88.2 88.2 88.2 88.2 88.2 88.2 88.2 88.2 88.2 88.2 88.2 88.2 88.2 88.2 88.2 88.2 88.2 88.2 88.2 88.2 88.2 88.2 88.2 88.2 88.2 88.2 88.2 88.2 88.2 88.2 88.2 88.2 88.2 88.2 85.9 85.9 85.9 85.9 85.9 85.9 85.9 85.9 85.9 85.9 85.9 85.9 85.9 85.9 85.9 85.9 85.9 85.9 85.9 85.9 85.9 85.9 85.9 85.9 85.9 85.9 85.9 85.9 85.9 
95 95 95 95 95 95 95 95 95 95 95 88.2 88.2 88.2 88.2 88.2 88.2 88.2 88.2 88.2 88.2 88.2 88.2 88.2 88.2 88.2 88.2 88.2 88.2 88.2 88.2 88.2 88.2 88.2 88.2 88.2 88.2 88.2 88.2 88.2 88.2 88.2 88.2 88.2 88.2 88.2 88.2 88.2 88.2 88.2 88.2 88.2 88.2 88.2 88.2 88.2 88.2 88.2 88.2 88.2 88.2 88.2 88.2 88.2 88.2 88.2 88.2 88.2 88.2 88.2 88.2 85.9 85.9 85.9 85.9 85.9 85.9 85.9 85.9 85.9 85.9 85.9 85.9 85.9 85.9 85.9 85.9 85.9 85.9 85.9 85.9 85.9 85.9 85.9 85.9 85.9 85.9 85.9 85.9 85.9 
95 95 95 95 95 95 95 95 95 95 95 88.2 88.2 88.2 88.2 88.2 88.2 88.2 88.2 88.2 88.2 88.2 88.2 88.2 88.2 88.2 88.2 88.2 88.2 88.2 88.2 88.2 88.2 88.2 88.2 88.2 88.2 88.2 88.2 88.2 88.2 88.2 88.2 88.2 88.2 88.2 88.2 88.2 88.2 88.2 88.2 88.2 88.2 88.2 88.2 88.2 88.2 88.2 88.2 88.2 88.2 88.2 88.2 88.2 88.2 88.2 88.2 88.2 88.2 88.2 88.2 85.9 85.9 85.9 85.9 85.9 85.9 85.9 85.9 85.9 85.9 85.9 85.9 85.9 85.9 85.9 85.9 85.9 85.9 85.9 85.9 85.9 85.9 85.9 85.9 85.9 85.9 85.9 85.9 85.9 
95 95 95 95 95 95 95 95 95 95 95 88.2 88.2 88.2 88.2 88.2 88.2 88.2 88.2 88.2 88.2 88.2 88.2 88.2 88.2 88.2 88.2 88.2 88.2 88.2 88.2 88.2 88.2 88.2 88.2 88.2 88.2 88.2 88.2 88.2 88.2 88.2 88.2 88.2 88.2 88.2 88.2 88.2 88.2 88.2 88.2 88.2 88.2 88.2 88.2 88.2 88.2 88.2 88.2 88.2 88.2 88.2 88.2 88.2 88.2 88.2 88.2 88.2 88.2 88.2 88.2 85.9 85.9 85.9 85.9 85.9 85.9 85.9 85.9 85.9 85.9 85.9 85.9 85.9 85.9 85.9 85.9 85.9 85.9 85.9 85.9 85.9 85.9 85.9 85.9 85.9 85.9 85.9 85.9 85.9 
95 95 95 95 95 95 95 95 95 95 95 88.2 88.2 88.2 88.2 88.2 88.2 88.2 88.2 88.2 88.2 88.2 88.2 88.2 88.2 88.2 88.2 88.2 88.2 88.2 88.2 88.2 88.2 88.2 88.2 88.2 88.2 88.2 88.2 88.2 88.2 88.2 88.2 88.2 88.2 88.2 88.2 88.2 88.2 88.2 88.2 88.2 88.2 88.2 88.2 88.2 88.2 88.2 88.2 88.2 88.2 88.2 88.2 88.2 88.2 88.2 88.2 88.2 88.2 88.2 88.2 85.9 85.9 85.9 85.9 85.9 85.9 85.9 85.9 85.9 85.9 85.9 85.9 85.9 85.9 85.9 85.9 85.9 85.9 85.9 85.9 85.9 85.9 85.9 85.9 85.9 85.9 85.9 85.9 85.9 
95 95 95 95 95 95 95 95 95 95 95 88.2 88.2 88.2 88.2 88.2 88.2 88.2 88.2 88.2 88.2 88.2 88.2 88.2 88.2 88.2 88.2 88.2 88.2 88.2 88.2 88.2 88.2 88.2 88.2 88.2 88.2 88.2 88.2 88.2 88.2 88.2 88.2 88.2 88.2 88.2 88.2 88.2 88.2 88.2 88.2 88.2 88.2 88.2 88.2 88.2 88.2 88.2 88.2 88.2 88.2 88.2 88.2 88.2 88.2 88.2 88.2 88.2 88.2 88.2 88.2 85.9 85.9 85.9 85.9 85.9 85.9 85.9 85.9 85.9 85.9 85.9 85.9 85.9 85.9 85.9 85.9 85.9 85.9 85.9 85.9 85.9 85.9 85.9 85.9 85.9 85.9 85.9 85.9 85.9 
95 95 95 95 95 95 95 95 95 95 95 88.2 88.2 88.2 88.2 88.2 88.2 88.2 88.2 88.2 88.2 88.2 88.2 88.2 88.2 88.2 88.2 88.2 88.2 88.2 88.2 88.2 88.2 88.2 88.2 88.2 88.2 88.2 88.2 88.2 88.2 88.2 88.2 88.2 88.2 88.2 88.2 88.2 88.2 88.2 88.2 88.2 88.2 88.2 88.2 88.2 88.2 88.2 88.2 88.2 88.2 88.2 88.2 88.2 88.2 88.2 88.2 88.2 88.2 88.2 88.2 85.9 85.9 85.9 85.9 85.9 85.9 85.9 85.9 85.9 85.9 85.9 85.9 85.9 85.9 85.9 85.9 85.9 85.9 85.9 85.9 85.9 85.9 85.9 85.9 85.9 85.9 85.9 85.9 85.9 
95 95 95 95 95 95 95 95 95 95 95 88.2 88.2 88.2 88.2 88.2 88.2 88.2 88.2 88.2 88.2 88.2 88.2 88.2 88.2 88.2 88.2 88.2 88.2 88.2 88.2 88.2 88.2 88.2 88.2 88.2 88.2 88.2 88.2 88.2 88.2 88.2 88.2 88.2 88.2 88.2 88.2 88.2 88.2 88.2 88.2 88.2 88.2 88.2 88.2 88.2 88.2 88.2 88.2 88.2 88.2 88.2 88.2 88.2 88.2 88.2 88.2 88.2 88.2 88.2 88.2 85.9 85.9 85.9 85.9 85.9 85.9 85.9 85.9 85.9 85.9 85.9 85.9 85.9 85.9 85.9 85.9 85.9 85.9 85.9 85.9 85.9 85.9 85.9 85.9 85.9 85.9 85.9 85.9 85.9 
95 95 95 95 95 95 95 95 95 95 95 88.2 88.2 88.2 88.2 88.2 88.2 88.2 88.2 88.2 88.2 88.2 88.2 88.2 88.2 88.2 88.2 88.2 88.2 88.2 88.2 88.2 88.2 88.2 88.2 88.2 88.2 88.2 88.2 88.2 88.2 88.2 88.2 88.2 88.2 88.2 88.2 88.2 88.2 88.2 88.2 88.2 88.2 88.2 88.2 88.2 88.2 88.2 88.2 88.2 88.2 88.2 88.2 88.2 88.2 88.2 88.2 88.2 88.2 88.2 88.2 85.9 85.9 85.9 85.9 85.9 85.9 85.9 85.9 85.9 85.9 85.9 85.9 85.9 85.9 85.9 85.9 85.9 85.9 85.9 85.9 85.9 85.9 85.9 85.9 85.9 85.9 85.9 85.9 85.9 
95 95 95 95 95 95 95 95 95 95 95 88.2 88.2 88.2 88.2 88.2 88.2 88.2 88.2 88.2 88.2 88.2 88.2 88.2 88.2 88.2 88.2 88.2 88.2 88.2 88.2 88.2 88.2 88.2 88.2 88.2 88.2 88.2 88.2 88.2 88.2 88.2 88.2 88.2 88.2 88.2 88.2 88.2 88.2 88.2 88.2 88.2 88.2 88.2 88.2 88.2 88.2 88.2 88.2 88.2 88.2 88.2 88.2 88.2 88.2 88.2 88.2 88.2 88.2 88.2 88.2 85.9 85.9 85.9 85.9 85.9 85.9 85.9 85.9 85.9 85.9 85.9 85.9 85.9 85.9 85.9 85.9 85.9 85.9 85.9 85.9 85.9 85.9 85.9 85.9 85.9 85.9 85.9 85.9 85.9 
95 95 95 95 95 95 95 95 95 95 95 88.2 88.2 88.2 88.2 88.2 88.2 88.2 88.2 88.2 88.2 88.2 88.2 88.2 88.2 88.2 88.2 88.2 88.2 88.2 88.2 88.2 88.2 88.2 88.2 88.2 88.2 88.2 88.2 88.2 88.2 88.2 88.2 88.2 88.2 88.2 88.2 88.2 88.2 88.2 88.2 88.2 88.2 88.2 88.2 88.2 88.2 88.2 88.2 88.2 88.2 88.2 88.2 88.2 88.2 88.2 88.2 88.2 88.2 88.2 88.2 85.9 85.9 85.9 85.9 85.9 85.9 85.9 85.9 85.9 85.9 85.9 85.9 85.9 85.9 85.9 85.9 85.9 85.9 85.9 85.9 85.9 85.9 85.9 85.9 85.9 85.9 85.9 85.9 85.9 
95 95 95 95 95 95 95 95 95 95 95 88.2 88.2 88.2 88.2 88.2 88.2 88.2 88.2 88.2 88.2 88.2 88.2 88.2 88.2 88.2 88.2 88.2 88.2 88.2 88.2 88.2 88.2 88.2 88.2 88.2 88.2 88.2 88.2 88.2 88.2 88.2 88.2 88.2 88.2 88.2 88.2 88.2 88.2 88.2 88.2 88.2 88.2 88.2 88.2 88.2 88.2 88.2 88.2 88.2 88.2 88.2 88.2 88.2 88.2 88.2 88.2 88.2 88.2 88.2 88.2 85.9 85.9 85.9 85.9 85.9 85.9 85.9 85.9 85.9 85.9 85.9 85.9 85.9 85.9 85.9 85.9 85.9 85.9 85.9 85.9 85.9 85.9 85.9 85.9 85.9 85.9 85.9 85.9 85.9 
95 95 95 95 95 95 95 95 95 95 95 88.2 88.2 88.2 88.2 88.2 88.2 88.2 88.2 88.2 88.2 88.2 88.2 88.2 88.2 88.2 88.2 88.2 88.2 88.2 88.2 88.2 88.2 88.2 88.2 88.2 88.2 88.2 88.2 88.2 88.2 88.2 88.2 88.2 88.2 88.2 88.2 88.2 88.2 88.2 88.2 88.2 88.2 88.2 88.2 88.2 88.2 88.2 88.2 88.2 88.2 88.2 88.2 88.2 88.2 88.2 88.2 88.2 88.2 88.2 88.2 85.9 85.9 85.9 85.9 85.9 85.9 85.9 85.9 85.9 85.9 85.9 85.9 85.9 85.9 85.9 85.9 85.9 85.9 85.9 85.9 85.9 85.9 85.9 85.9 85.9 85.9 85.9 85.9 85.9 
95 95 95 95 95 95 95 95 95 95 95 88.2 88.2 88.2 88.2 88.2 88.2 88.2 88.2 88.2 88.2 88.2 88.2 88.2 88.2 88.2 88.2 88.2 88.2 88.2 88.2 88.2 88.2 88.2 88.2 88.2 88.2 88.2 88.2 88.2 88.2 88.2 88.2 88.2 88.2 88.2 88.2 88.2 88.2 88.2 88.2 88.2 88.2 88.2 88.2 88.2 88.2 88.2 88.2 88.2 88.2 88.2 88.2 88.2 88.2 88.2 88.2 88.2 88.2 88.2 88.2 85.9 85.9 85.9 85.9 85.9 85.9 85.9 85.9 85.9 85.9 85.9 85.9 85.9 85.9 85.9 85.9 85.9 85.9 85.9 85.9 85.9 85.9 85.9 85.9 85.9 85.9 85.9 85.9 85.9 
95 95 95 95 95 95 95 95 95 95 95 88.2 88.2 88.2 88.2 88.2 88.2 88.2 88.2 88.2 88.2 88.2 88.2 88.2 88.2 88.2 88.2 88.2 88.2 88.2 88.2 88.2 88.2 88.2 88.2 88.2 88.2 88.2 88.2 88.2 88.2 88.2 88.2 88.2 88.2 88.2 88.2 88.2 88.2 88.2 88.2 88.2 88.2 88.2 88.2 88.2 88.2 88.2 88.2 88.2 88.2 88.2 88.2 88.2 88.2 88.2 88.2 88.2 88.2 88.2 88.2 85.9 85.9 85.9 85.9 85.9 85.9 85.9 85.9 85.9 85.9 85.9 85.9 85.9 85.9 85.9 85.9 85.9 85.9 85.9 85.9 85.9 85.9 85.9 85.9 85.9 85.9 85.9 85.9 85.9 
95 95 95 95 95 95 95 95 95 95 95 88.2 88.2 88.2 88.2 88.2 88.2 88.2 88.2 88.2 88.2 88.2 88.2 88.2 88.2 88.2 88.2 88.2 88.2 88.2 88.2 88.2 88.2 88.2 88.2 88.2 88.2 88.2 88.2 88.2 88.2 88.2 88.2 88.2 88.2 88.2 88.2 88.2 88.2 88.2 88.2 88.2 88.2 88.2 88.2 88.2 88.2 88.2 88.2 88.2 88.2 88.2 88.2 88.2 88.2 88.2 88.2 88.2 88.2 88.2 88.2 85.9 85.9 85.9 85.9 85.9 85.9 85.9 85.9 85.9 85.9 85.9 85.9 85.9 85.9 85.9 85.9 85.9 85.9 85.9 85.9 85.9 85.9 85.9 85.9 85.9 85.9 85.9 85.9 85.9 
95 95 95 95 95 95 95 95 95 95 95 88.2 88.2 88.2 88.2 88.2 88.2 88.2 88.2 88.2 88.2 88.2 88.2 88.2 88.2 88.2 88.2 88.2 88.2 88.2 88.2 88.2 88.2 88.2 88.2 88.2 88.2 88.2 88.2 88.2 88.2 88.2 88.2 88.2 88.2 88.2 88.2 88.2 88.2 88.2 88.2 88.2 88.2 88.2 88.2 88.2 88.2 88.2 88.2 88.2 88.2 88.2 88.2 88.2 88.2 88.2 88.2 88.2 88.2 88.2 88.2 85.9 85.9 85.9 85.9 85.9 85.9 85.9 85.9 85.9 85.9 85.9 85.9 85.9 85.9 85.9 85.9 85.9 85.9 85.9 85.9 85.9 85.9 85.9 85.9 85.9 85.9 85.9 85.9 85.9 
95 95 95 95 95 95 95 95 95 95 95 88.2 88.2 88.2 88.2 88.2 88.2 88.2 88.2 88.2 88.2 88.2 88.2 88.2 88.2 88.2 88.2 88.2 88.2 88.2 88.2 88.2 88.2 88.2 88.2 88.2 88.2 88.2 88.2 88.2 88.2 88.2 88.2 88.2 88.2 88.2 88.2 88.2 88.2 88.2 88.2 88.2 88.2 88.2 88.2 88.2 88.2 88.2 88.2 88.2 88.2 88.2 88.2 88.2 88.2 88.2 88.2 88.2 88.2 88.2 88.2 85.9 85.9 85.9 85.9 85.9 85.9 85.9 85.9 85.9 85.9 85.9 85.9 85.9 85.9 85.9 85.9 85.9 85.9 85.9 85.9 85.9 85.9 85.9 85.9 85.9 85.9 85.9 85.9 85.9 
95 95 95 95 95 95 95 95 95 95 95 88.2 88.2 88.2 88.2 88.2 88.2 88.2 88.2 88.2 88.2 88.2 88.2 88.2 88.2 88.2 88.2 88.2 88.2 88.2 88.2 88.2 88.2 88.2 88.2 88.2 88.2 88.2 88.2 88.2 88.2 88.2 88.2 88.2 88.2 88.2 88.2 88.2 88.2 88.2 88.2 88.2 88.2 88.2 88.2 88.2 88.2 88.2 88.2 88.2 88.2 88.2 88.2 88.2 88.2 88.2 88.2 88.2 88.2 88.2 88.2 85.9 85.9 85.9 85.9 85.9 85.9 85.9 85.9 85.9 85.9 85.9 85.9 85.9 85.9 85.9 85.9 85.9 85.9 85.9 85.9 85.9 85.9 85.9 85.9 85.9 85.9 85.9 85.9 85.9 
95 95 95 95 95 95 95 95 95 95 95 88.2 88.2 88.2 88.2 88.2 88.2 88.2 88.2 88.2 88.2 88.2 88.2 88.2 88.2 88.2 88.2 88.2 88.2 88.2 88.2 88.2 88.2 88.2 88.2 88.2 88.2 88.2 88.2 88.2 88.2 88.2 88.2 88.2 88.2 88.2 88.2 88.2 88.2 88.2 88.2 88.2 88.2 88.2 88.2 88.2 88.2 88.2 88.2 88.2 88.2 88.2 88.2 88.2 88.2 88.2 88.2 88.2 88.2 88.2 88.2 85.9 85.9 85.9 85.9 85.9 85.9 85.9 85.9 85.9 85.9 85.9 85.9 85.9 85.9 85.9 85.9 85.9 85.9 85.9 85.9 85.9 85.9 85.9 85.9 85.9 85.9 85.9 85.9 85.9 
95 95 95 95 95 95 95 95 95 95 95 88.2 88.2 88.2 88.2 88.2 88.2 88.2 88.2 88.2 88.2 88.2 88.2 88.2 88.2 88.2 88.2 88.2 88.2 88.2 88.2 88.2 88.2 88.2 88.2 88.2 88.2 88.2 88.2 88.2 88.2 88.2 88.2 88.2 88.2 88.2 88.2 88.2 88.2 88.2 88.2 88.2 88.2 88.2 88.2 88.2 88.2 88.2 88.2 88.2 88.2 88.2 88.2 88.2 88.2 88.2 88.2 88.2 88.2 88.2 88.2 85.9 85.9 85.9 85.9 85.9 85.9 85.9 85.9 85.9 85.9 85.9 85.9 85.9 85.9 85.9 85.9 85.9 85.9 85.9 85.9 85.9 85.9 85.9 85.9 85.9 85.9 85.9 85.9 85.9 
95 95 95 95 95 95 95 95 95 95 95 88.2 88.2 88.2 88.2 88.2 88.2 88.2 88.2 88.2 88.2 88.2 88.2 88.2 88.2 88.2 88.2 88.2 88.2 88.2 88.2 88.2 88.2 88.2 88.2 88.2 88.2 88.2 88.2 88.2 88.2 88.2 88.2 88.2 88.2 88.2 88.2 88.2 88.2 88.2 88.2 88.2 88.2 88.2 88.2 88.2 88.2 88.2 88.2 88.2 88.2 88.2 88.2 88.2 88.2 88.2 88.2 88.2 88.2 88.2 88.2 85.9 85.9 85.9 85.9 85.9 85.9 85.9 85.9 85.9 85.9 85.9 85.9 85.9 85.9 85.9 85.9 85.9 85.9 85.9 85.9 85.9 85.9 85.9 85.9 85.9 85.9 85.9 85.9 85.9 
95 95 95 95 95 95 95 95 95 95 95 88.2 88.2 88.2 88.2 88.2 88.2 88.2 88.2 88.2 88.2 88.2 88.2 88.2 88.2 88.2 88.2 88.2 88.2 88.2 88.2 88.2 88.2 88.2 88.2 88.2 88.2 88.2 88.2 88.2 88.2 88.2 88.2 88.2 88.2 88.2 88.2 88.2 88.2 88.2 88.2 88.2 88.2 88.2 88.2 88.2 88.2 88.2 88.2 88.2 88.2 88.2 88.2 88.2 88.2 88.2 88.2 88.2 88.2 88.2 88.2 85.9 85.9 85.9 85.9 85.9 85.9 85.9 85.9 85.9 85.9 85.9 85.9 85.9 85.9 85.9 85.9 85.9 85.9 85.9 85.9 85.9 85.9 85.9 85.9 85.9 85.9 85.9 85.9 85.9 
95 95 95 95 95 95 95 95 95 95 95 88.2 88.2 88.2 88.2 88.2 88.2 88.2 88.2 88.2 88.2 88.2 88.2 88.2 88.2 88.2 88.2 88.2 88.2 88.2 88.2 88.2 88.2 88.2 88.2 88.2 88.2 88.2 88.2 88.2 88.2 88.2 88.2 88.2 88.2 88.2 88.2 88.2 88.2 88.2 88.2 88.2 88.2 88.2 88.2 88.2 88.2 88.2 88.2 88.2 88.2 88.2 88.2 88.2 88.2 88.2 88.2 88.2 88.2 88.2 88.2 85.9 85.9 85.9 85.9 85.9 85.9 85.9 85.9 85.9 85.9 85.9 85.9 85.9 85.9 85.9 85.9 85.9 85.9 85.9 85.9 85.9 85.9 85.9 85.9 85.9 85.9 85.9 85.9 85.9 
95 95 95 95 95 95 95 95 95 95 95 88.2 88.2 88.2 88.2 88.2 88.2 88.2 88.2 88.2 88.2 88.2 88.2 88.2 88.2 88.2 88.2 88.2 88.2 88.2 88.2 88.2 88.2 88.2 88.2 88.2 88.2 88.2 88.2 88.2 88.2 88.2 88.2 88.2 88.2 88.2 88.2 88.2 88.2 88.2 88.2 88.2 88.2 88.2 88.2 88.2 88.2 88.2 88.2 88.2 88.2 88.2 88.2 88.2 88.2 88.2 88.2 88.2 88.2 88.2 88.2 85.9 85.9 85.9 85.9 85.9 85.9 85.9 85.9 85.9 85.9 85.9 85.9 85.9 85.9 85.9 85.9 85.9 85.9 85.9 85.9 85.9 85.9 85.9 85.9 85.9 85.9 85.9 85.9 85.9 
95 95 95 95 95 95 95 95 95 95 95 88.2 88.2 88.2 88.2 88.2 88.2 88.2 88.2 88.2 88.2 88.2 88.2 88.2 88.2 88.2 88.2 88.2 88.2 88.2 88.2 88.2 88.2 88.2 88.2 88.2 88.2 88.2 88.2 88.2 88.2 88.2 88.2 88.2 88.2 88.2 88.2 88.2 88.2 88.2 88.2 88.2 88.2 88.2 88.2 88.2 88.2 88.2 88.2 88.2 88.2 88.2 88.2 88.2 88.2 88.2 88.2 88.2 88.2 88.2 88.2 85.9 85.9 85.9 85.9 85.9 85.9 85.9 85.9 85.9 85.9 85.9 85.9 85.9 85.9 85.9 85.9 85.9 85.9 85.9 85.9 85.9 85.9 85.9 85.9 85.9 85.9 85.9 85.9 85.9 
95 95 95 95 95 95 95 95 95 95 95 88.2 88.2 88.2 88.2 88.2 88.2 88.2 88.2 88.2 88.2 88.2 88.2 88.2 88.2 88.2 88.2 88.2 88.2 88.2 88.2 88.2 88.2 88.2 88.2 88.2 88.2 88.2 88.2 88.2 88.2 88.2 88.2 88.2 88.2 88.2 88.2 88.2 88.2 88.2 88.2 88.2 88.2 88.2 88.2 88.2 88.2 88.2 88.2 88.2 88.2 88.2 88.2 88.2 88.2 88.2 88.2 88.2 88.2 88.2 88.2 85.9 85.9 85.9 85.9 85.9 85.9 85.9 85.9 85.9 85.9 85.9 85.9 85.9 85.9 85.9 85.9 85.9 85.9 85.9 85.9 85.9 85.9 85.9 85.9 85.9 85.9 85.9 85.9 85.9 
95 95 95 95 95 95 95 95 95 95 95 88.2 88.2 88.2 88.2 88.2 88.2 88.2 88.2 88.2 88.2 88.2 88.2 88.2 88.2 88.2 88.2 88.2 88.2 88.2 88.2 88.2 88.2 88.2 88.2 88.2 88.2 88.2 88.2 88.2 88.2 88.2 88.2 88.2 88.2 88.2 88.2 88.2 88.2 88.2 88.2 88.2 88.2 88.2 88.2 88.2 88.2 88.2 88.2 88.2 88.2 88.2 88.2 88.2 88.2 88.2 88.2 88.2 88.2 88.2 88.2 85.9 85.9 85.9 85.9 85.9 85.9 85.9 85.9 85.9 85.9 85.9 85.9 85.9 85.9 85.9 85.9 85.9 85.9 85.9 85.9 85.9 85.9 85.9 85.9 85.9 85.9 85.9 85.9 85.9 
95 95 95 95 95 95 95 95 95 95 95 88.2 88.2 88.2 88.2 88.2 88.2 88.2 88.2 88.2 88.2 88.2 88.2 88.2 88.2 88.2 88.2 88.2 88.2 88.2 88.2 88.2 88.2 88.2 88.2 88.2 88.2 88.2 88.2 88.2 88.2 88.2 88.2 88.2 88.2 88.2 88.2 88.2 88.2 88.2 88.2 88.2 88.2 88.2 88.2 88.2 88.2 88.2 88.2 88.2 88.2 88.2 88.2 88.2 88.2 88.2 88.2 88.2 88.2 88.2 88.2 85.9 85.9 85.9 85.9 85.9 85.9 85.9 85.9 85.9 85.9 85.9 85.9 85.9 85.9 85.9 85.9 85.9 85.9 85.9 85.9 85.9 85.9 85.9 85.9 85.9 85.9 85.9 85.9 85.9 
95 95 95 95 95 95 95 95 95 95 95 88.2 88.2 88.2 88.2 88.2 88.2 88.2 88.2 88.2 88.2 88.2 88.2 88.2 88.2 88.2 88.2 88.2 88.2 88.2 88.2 88.2 88.2 88.2 88.2 88.2 88.2 88.2 88.2 88.2 88.2 88.2 88.2 88.2 88.2 88.2 88.2 88.2 88.2 88.2 88.2 88.2 88.2 88.2 88.2 88.2 88.2 88.2 88.2 88.2 88.2 88.2 88.2 88.2 88.2 88.2 88.2 88.2 88.2 88.2 88.2 85.9 85.9 85.9 85.9 85.9 85.9 85.9 85.9 85.9 85.9 85.9 85.9 85.9 85.9 85.9 85.9 85.9 85.9 85.9 85.9 85.9 85.9 85.9 85.9 85.9 85.9 85.9 85.9 85.9 
95 95 95 95 95 95 95 95 95 95 95 88.2 88.2 88.2 88.2 88.2 88.2 88.2 88.2 88.2 88.2 88.2 88.2 88.2 88.2 88.2 88.2 88.2 88.2 88.2 88.2 88.2 88.2 88.2 88.2 88.2 88.2 88.2 88.2 88.2 88.2 88.2 88.2 88.2 88.2 88.2 88.2 88.2 88.2 88.2 88.2 88.2 88.2 88.2 88.2 88.2 88.2 88.2 88.2 88.2 88.2 88.2 88.2 88.2 88.2 88.2 88.2 88.2 88.2 88.2 88.2 85.9 85.9 85.9 85.9 85.9 85.9 85.9 85.9 85.9 85.9 85.9 85.9 85.9 85.9 85.9 85.9 85.9 85.9 85.9 85.9 85.9 85.9 85.9 85.9 85.9 85.9 85.9 85.9 85.9 
95 95 95 95 95 95 95 95 95 95 95 88.2 88.2 88.2 88.2 88.2 88.2 88.2 88.2 88.2 88.2 88.2 88.2 88.2 88.2 88.2 88.2 88.2 88.2 88.2 88.2 88.2 88.2 88.2 88.2 88.2 88.2 88.2 88.2 88.2 88.2 88.2 88.2 88.2 88.2 88.2 88.2 88.2 88.2 88.2 88.2 88.2 88.2 88.2 88.2 88.2 88.2 88.2 88.2 88.2 88.2 88.2 88.2 88.2 88.2 88.2 88.2 88.2 88.2 88.2 88.2 85.9 85.9 85.9 85.9 85.9 85.9 85.9 85.9 85.9 85.9 85.9 85.9 85.9 85.9 85.9 85.9 85.9 85.9 85.9 85.9 85.9 85.9 85.9 85.9 85.9 85.9 85.9 85.9 85.9 
95 95 95 95 95 95 95 95 95 95 95 88.2 88.2 88.2 88.2 88.2 88.2 88.2 88.2 88.2 88.2 88.2 88.2 88.2 88.2 88.2 88.2 88.2 88.2 88.2 88.2 88.2 88.2 88.2 88.2 88.2 88.2 88.2 88.2 88.2 88.2 88.2 88.2 88.2 88.2 88.2 88.2 88.2 88.2 88.2 88.2 88.2 88.2 88.2 88.2 88.2 88.2 88.2 88.2 88.2 88.2 88.2 88.2 88.2 88.2 88.2 88.2 88.2 88.2 88.2 88.2 85.9 85.9 85.9 85.9 85.9 85.9 85.9 85.9 85.9 85.9 85.9 85.9 85.9 85.9 85.9 85.9 85.9 85.9 85.9 85.9 85.9 85.9 85.9 85.9 85.9 85.9 85.9 85.9 85.9 
95 95 95 95 95 95 95 95 95 95 95 88.2 88.2 88.2 88.2 88.2 88.2 88.2 88.2 88.2 88.2 88.2 88.2 88.2 88.2 88.2 88.2 88.2 88.2 88.2 88.2 88.2 88.2 88.2 88.2 88.2 88.2 88.2 88.2 88.2 88.2 88.2 88.2 88.2 88.2 88.2 88.2 88.2 88.2 88.2 88.2 88.2 88.2 88.2 88.2 88.2 88.2 88.2 88.2 88.2 88.2 88.2 88.2 88.2 88.2 88.2 88.2 88.2 88.2 88.2 88.2 85.9 85.9 85.9 85.9 85.9 85.9 85.9 85.9 85.9 85.9 85.9 85.9 85.9 85.9 85.9 85.9 85.9 85.9 85.9 85.9 85.9 85.9 85.9 85.9 85.9 85.9 85.9 85.9 85.9 
95 95 95 95 95 95 95 95 95 95 95 88.2 88.2 88.2 88.2 88.2 88.2 88.2 88.2 88.2 88.2 88.2 88.2 88.2 88.2 88.2 88.2 88.2 88.2 88.2 88.2 88.2 88.2 88.2 88.2 88.2 88.2 88.2 88.2 88.2 88.2 88.2 88.2 88.2 88.2 88.2 88.2 88.2 88.2 88.2 88.2 88.2 88.2 88.2 88.2 88.2 88.2 88.2 88.2 88.2 88.2 88.2 88.2 88.2 88.2 88.2 88.2 88.2 88.2 88.2 88.2 85.9 85.9 85.9 85.9 85.9 85.9 85.9 85.9 85.9 85.9 85.9 85.9 85.9 85.9 85.9 85.9 85.9 85.9 85.9 85.9 85.9 85.9 85.9 85.9 85.9 85.9 85.9 85.9 85.9 
95 95 95 95 95 95 95 95 95 95 95 88.2 88.2 88.2 88.2 88.2 88.2 88.2 88.2 88.2 88.2 88.2 88.2 88.2 88.2 88.2 88.2 88.2 88.2 88.2 88.2 88.2 88.2 88.2 88.2 88.2 88.2 88.2 88.2 88.2 88.2 88.2 88.2 88.2 88.2 88.2 88.2 88.2 88.2 88.2 88.2 88.2 88.2 88.2 88.2 88.2 88.2 88.2 88.2 88.2 88.2 88.2 88.2 88.2 88.2 88.2 88.2 88.2 88.2 88.2 88.2 85.9 85.9 85.9 85.9 85.9 85.9 85.9 85.9 85.9 85.9 85.9 85.9 85.9 85.9 85.9 85.9 85.9 85.9 85.9 85.9 85.9 85.9 85.9 85.9 85.9 85.9 85.9 85.9 85.9 
95 95 95 95 95 95 95 95 95 95 95 88.2 88.2 88.2 88.2 88.2 88.2 88.2 88.2 88.2 88.2 88.2 88.2 88.2 88.2 88.2 88.2 88.2 88.2 88.2 88.2 88.2 88.2 88.2 88.2 88.2 88.2 88.2 88.2 88.2 88.2 88.2 88.2 88.2 88.2 88.2 88.2 88.2 88.2 88.2 88.2 88.2 88.2 88.2 88.2 88.2 88.2 88.2 88.2 88.2 88.2 88.2 88.2 88.2 88.2 88.2 88.2 88.2 88.2 88.2 88.2 85.9 85.9 85.9 85.9 85.9 85.9 85.9 85.9 85.9 85.9 85.9 85.9 85.9 85.9 85.9 85.9 85.9 85.9 85.9 85.9 85.9 85.9 85.9 85.9 85.9 85.9 85.9 85.9 85.9 
95 95 95 95 95 95 95 95 95 95 95 88.2 88.2 88.2 88.2 88.2 88.2 88.2 88.2 88.2 88.2 88.2 88.2 88.2 88.2 88.2 88.2 88.2 88.2 88.2 88.2 88.2 88.2 88.2 88.2 88.2 88.2 88.2 88.2 88.2 88.2 88.2 88.2 88.2 88.2 88.2 88.2 88.2 88.2 88.2 88.2 88.2 88.2 88.2 88.2 88.2 88.2 88.2 88.2 88.2 88.2 88.2 88.2 88.2 88.2 88.2 88.2 88.2 88.2 88.2 88.2 85.9 85.9 85.9 85.9 85.9 85.9 85.9 85.9 85.9 85.9 85.9 85.9 85.9 85.9 85.9 85.9 85.9 85.9 85.9 85.9 85.9 85.9 85.9 85.9 85.9 85.9 85.9 85.9 85.9 
95 95 95 95 95 95 95 95 95 95 95 88.2 88.2 88.2 88.2 88.2 88.2 88.2 88.2 88.2 88.2 88.2 88.2 88.2 88.2 88.2 88.2 88.2 88.2 88.2 88.2 88.2 88.2 88.2 88.2 88.2 88.2 88.2 88.2 88.2 88.2 88.2 88.2 88.2 88.2 88.2 88.2 88.2 88.2 88.2 88.2 88.2 88.2 88.2 88.2 88.2 88.2 88.2 88.2 88.2 88.2 88.2 88.2 88.2 88.2 88.2 88.2 88.2 88.2 88.2 88.2 85.9 85.9 85.9 85.9 85.9 85.9 85.9 85.9 85.9 85.9 85.9 85.9 85.9 85.9 85.9 85.9 85.9 85.9 85.9 85.9 85.9 85.9 85.9 85.9 85.9 85.9 85.9 85.9 85.9 
95 95 95 95 95 95 95 95 95 95 95 88.2 88.2 88.2 88.2 88.2 88.2 88.2 88.2 88.2 88.2 88.2 88.2 88.2 88.2 88.2 88.2 88.2 88.2 88.2 88.2 88.2 88.2 88.2 88.2 88.2 88.2 88.2 88.2 88.2 88.2 88.2 88.2 88.2 88.2 88.2 88.2 88.2 88.2 88.2 88.2 88.2 88.2 88.2 88.2 88.2 88.2 88.2 88.2 88.2 88.2 88.2 88.2 88.2 88.2 88.2 88.2 88.2 88.2 88.2 88.2 85.9 85.9 85.9 85.9 85.9 85.9 85.9 85.9 85.9 85.9 85.9 85.9 85.9 85.9 85.9 85.9 85.9 85.9 85.9 85.9 85.9 85.9 85.9 85.9 85.9 85.9 85.9 85.9 85.9 
95 95 95 95 95 95 95 95 95 95 95 88.2 88.2 88.2 88.2 88.2 88.2 88.2 88.2 88.2 88.2 88.2 88.2 88.2 88.2 88.2 88.2 88.2 88.2 88.2 88.2 88.2 88.2 88.2 88.2 88.2 88.2 88.2 88.2 88.2 88.2 88.2 88.2 88.2 88.2 88.2 88.2 88.2 88.2 88.2 88.2 88.2 88.2 88.2 88.2 88.2 88.2 88.2 88.2 88.2 88.2 88.2 88.2 88.2 88.2 88.2 88.2 88.2 88.2 88.2 88.2 85.9 85.9 85.9 85.9 85.9 85.9 85.9 85.9 85.9 85.9 85.9 85.9 85.9 85.9 85.9 85.9 85.9 85.9 85.9 85.9 85.9 85.9 85.9 85.9 85.9 85.9 85.9 85.9 85.9 
95 95 95 95 95 95 95 95 95 95 95 88.2 88.2 88.2 88.2 88.2 88.2 88.2 88.2 88.2 88.2 88.2 88.2 88.2 88.2 88.2 88.2 88.2 88.2 88.2 88.2 88.2 88.2 88.2 88.2 88.2 88.2 88.2 88.2 88.2 88.2 88.2 88.2 88.2 88.2 88.2 88.2 88.2 88.2 88.2 88.2 88.2 88.2 88.2 88.2 88.2 88.2 88.2 88.2 88.2 88.2 88.2 88.2 88.2 88.2 88.2 88.2 88.2 88.2 88.2 88.2 85.9 85.9 85.9 85.9 85.9 85.9 85.9 85.9 85.9 85.9 85.9 85.9 85.9 85.9 85.9 85.9 85.9 85.9 85.9 85.9 85.9 85.9 85.9 85.9 85.9 85.9 85.9 85.9 85.9 
95 95 95 95 95 95 95 95 95 95 95 88.2 88.2 88.2 88.2 88.2 88.2 88.2 88.2 88.2 88.2 88.2 88.2 88.2 88.2 88.2 88.2 88.2 88.2 88.2 88.2 88.2 88.2 88.2 88.2 88.2 88.2 88.2 88.2 88.2 88.2 88.2 88.2 88.2 88.2 88.2 88.2 88.2 88.2 88.2 88.2 88.2 88.2 88.2 88.2 88.2 88.2 88.2 88.2 88.2 88.2 88.2 88.2 88.2 88.2 88.2 88.2 88.2 88.2 88.2 88.2 85.9 85.9 85.9 85.9 85.9 85.9 85.9 85.9 85.9 85.9 85.9 85.9 85.9 85.9 85.9 85.9 85.9 85.9 85.9 85.9 85.9 85.9 85.9 85.9 85.9 85.9 85.9 85.9 85.9 
95 95 95 95 95 95 95 95 95 95 95 88.2 88.2 88.2 88.2 88.2 88.2 88.2 88.2 88.2 88.2 88.2 88.2 88.2 88.2 88.2 88.2 88.2 88.2 88.2 88.2 88.2 88.2 88.2 88.2 88.2 88.2 88.2 88.2 88.2 88.2 88.2 88.2 88.2 88.2 88.2 88.2 88.2 88.2 88.2 88.2 88.2 88.2 88.2 88.2 88.2 88.2 88.2 88.2 88.2 88.2 88.2 88.2 88.2 88.2 88.2 88.2 88.2 88.2 88.2 88.2 85.9 85.9 85.9 85.9 85.9 85.9 85.9 85.9 85.9 85.9 85.9 85.9 85.9 85.9 85.9 85.9 85.9 85.9 85.9 85.9 85.9 85.9 85.9 85.9 85.9 85.9 85.9 85.9 85.9 
95 95 95 95 95 95 95 95 95 95 95 88.2 88.2 88.2 88.2 88.2 88.2 88.2 88.2 88.2 88.2 88.2 88.2 88.2 88.2 88.2 88.2 88.2 88.2 88.2 88.2 88.2 88.2 88.2 88.2 88.2 88.2 88.2 88.2 88.2 88.2 88.2 88.2 88.2 88.2 88.2 88.2 88.2 88.2 88.2 88.2 88.2 88.2 88.2 88.2 88.2 88.2 88.2 88.2 88.2 88.2 88.2 88.2 88.2 88.2 88.2 88.2 88.2 88.2 88.2 88.2 85.9 85.9 85.9 85.9 85.9 85.9 85.9 85.9 85.9 85.9 85.9 85.9 85.9 85.9 85.9 85.9 85.9 85.9 85.9 85.9 85.9 85.9 85.9 85.9 85.9 85.9 85.9 85.9 85.9 
95 95 95 95 95 95 95 95 95 95 95 88.2 88.2 88.2 88.2 88.2 88.2 88.2 88.2 88.2 88.2 88.2 88.2 88.2 88.2 88.2 88.2 88.2 88.2 88.2 88.2 88.2 88.2 88.2 88.2 88.2 88.2 88.2 88.2 88.2 88.2 88.2 88.2 88.2 88.2 88.2 88.2 88.2 88.2 88.2 88.2 88.2 88.2 88.2 88.2 88.2 88.2 88.2 88.2 88.2 88.2 88.2 88.2 88.2 88.2 88.2 88.2 88.2 88.2 88.2 88.2 85.9 85.9 85.9 85.9 85.9 85.9 85.9 85.9 85.9 85.9 85.9 85.9 85.9 85.9 85.9 85.9 85.9 85.9 85.9 85.9 85.9 85.9 85.9 85.9 85.9 85.9 85.9 85.9 85.9 
95 95 95 95 95 95 95 95 95 95 95 88.2 88.2 88.2 88.2 88.2 88.2 88.2 88.2 88.2 88.2 88.2 88.2 88.2 88.2 88.2 88.2 88.2 88.2 88.2 88.2 88.2 88.2 88.2 88.2 88.2 88.2 88.2 88.2 88.2 88.2 88.2 88.2 88.2 88.2 88.2 88.2 88.2 88.2 88.2 88.2 88.2 88.2 88.2 88.2 88.2 88.2 88.2 88.2 88.2 88.2 88.2 88.2 88.2 88.2 88.2 88.2 88.2 88.2 88.2 88.2 85.9 85.9 85.9 85.9 85.9 85.9 85.9 85.9 85.9 85.9 85.9 85.9 85.9 85.9 85.9 85.9 85.9 85.9 85.9 85.9 85.9 85.9 85.9 85.9 85.9 85.9 85.9 85.9 85.9 
95 95 95 95 95 95 95 95 95 95 95 88.2 88.2 88.2 88.2 88.2 88.2 88.2 88.2 88.2 88.2 88.2 88.2 88.2 88.2 88.2 88.2 88.2 88.2 88.2 88.2 88.2 88.2 88.2 88.2 88.2 88.2 88.2 88.2 88.2 88.2 88.2 88.2 88.2 88.2 88.2 88.2 88.2 88.2 88.2 88.2 88.2 88.2 88.2 88.2 88.2 88.2 88.2 88.2 88.2 88.2 88.2 88.2 88.2 88.2 88.2 88.2 88.2 88.2 88.2 88.2 85.9 85.9 85.9 85.9 85.9 85.9 85.9 85.9 85.9 85.9 85.9 85.9 85.9 85.9 85.9 85.9 85.9 85.9 85.9 85.9 85.9 85.9 85.9 85.9 85.9 85.9 85.9 85.9 85.9 
95 95 95 95 95 95 95 95 95 95 95 88.2 88.2 88.2 88.2 88.2 88.2 88.2 88.2 88.2 88.2 88.2 88.2 88.2 88.2 88.2 88.2 88.2 88.2 88.2 88.2 88.2 88.2 88.2 88.2 88.2 88.2 88.2 88.2 88.2 88.2 88.2 88.2 88.2 88.2 88.2 88.2 88.2 88.2 88.2 88.2 88.2 88.2 88.2 88.2 88.2 88.2 88.2 88.2 88.2 88.2 88.2 88.2 88.2 88.2 88.2 88.2 88.2 88.2 88.2 88.2 85.9 85.9 85.9 85.9 85.9 85.9 85.9 85.9 85.9 85.9 85.9 85.9 85.9 85.9 85.9 85.9 85.9 85.9 85.9 85.9 85.9 85.9 85.9 85.9 85.9 85.9 85.9 85.9 85.9 
95 95 95 95 95 95 95 95 95 95 95 88.2 88.2 88.2 88.2 88.2 88.2 88.2 88.2 88.2 88.2 88.2 88.2 88.2 88.2 88.2 88.2 88.2 88.2 88.2 88.2 88.2 88.2 88.2 88.2 88.2 88.2 88.2 88.2 88.2 88.2 88.2 88.2 88.2 88.2 88.2 88.2 88.2 88.2 88.2 88.2 88.2 88.2 88.2 88.2 88.2 88.2 88.2 88.2 88.2 88.2 88.2 88.2 88.2 88.2 88.2 88.2 88.2 88.2 88.2 88.2 85.9 85.9 85.9 85.9 85.9 85.9 85.9 85.9 85.9 85.9 85.9 85.9 85.9 85.9 85.9 85.9 85.9 85.9 85.9 85.9 85.9 85.9 85.9 85.9 85.9 85.9 85.9 85.9 85.9 
95 95 95 95 95 95 95 95 95 95 95 88.2 88.2 88.2 88.2 88.2 88.2 88.2 88.2 88.2 88.2 88.2 88.2 88.2 88.2 88.2 88.2 88.2 88.2 88.2 88.2 88.2 88.2 88.2 88.2 88.2 88.2 88.2 88.2 88.2 88.2 88.2 88.2 88.2 88.2 88.2 88.2 88.2 88.2 88.2 88.2 88.2 88.2 88.2 88.2 88.2 88.2 88.2 88.2 88.2 88.2 88.2 88.2 88.2 88.2 88.2 88.2 88.2 88.2 88.2 88.2 85.9 85.9 85.9 85.9 85.9 85.9 85.9 85.9 85.9 85.9 85.9 85.9 85.9 85.9 85.9 85.9 85.9 85.9 85.9 85.9 85.9 85.9 85.9 85.9 85.9 85.9 85.9 85.9 85.9 
95 95 95 95 95 95 95 95 95 95 95 88.2 88.2 88.2 88.2 88.2 88.2 88.2 88.2 88.2 88.2 88.2 88.2 88.2 88.2 88.2 88.2 88.2 88.2 88.2 88.2 88.2 88.2 88.2 88.2 88.2 88.2 88.2 88.2 88.2 88.2 88.2 88.2 88.2 88.2 88.2 88.2 88.2 88.2 88.2 88.2 88.2 88.2 88.2 88.2 88.2 88.2 88.2 88.2 88.2 88.2 88.2 88.2 88.2 88.2 88.2 88.2 88.2 88.2 88.2 88.2 85.9 85.9 85.9 85.9 85.9 85.9 85.9 85.9 85.9 85.9 85.9 85.9 85.9 85.9 85.9 85.9 85.9 85.9 85.9 85.9 85.9 85.9 85.9 85.9 85.9 85.9 85.9 85.9 85.9 
95 95 95 95 95 95 95 95 95 95 95 88.2 88.2 88.2 88.2 88.2 88.2 88.2 88.2 88.2 88.2 88.2 88.2 88.2 88.2 88.2 88.2 88.2 88.2 88.2 88.2 88.2 88.2 88.2 88.2 88.2 88.2 88.2 88.2 88.2 88.2 88.2 88.2 88.2 88.2 88.2 88.2 88.2 88.2 88.2 88.2 88.2 88.2 88.2 88.2 88.2 88.2 88.2 88.2 88.2 88.2 88.2 88.2 88.2 88.2 88.2 88.2 88.2 88.2 88.2 88.2 85.9 85.9 85.9 85.9 85.9 85.9 85.9 85.9 85.9 85.9 85.9 85.9 85.9 85.9 85.9 85.9 85.9 85.9 85.9 85.9 85.9 85.9 85.9 85.9 85.9 85.9 85.9 85.9 85.9 
95 95 95 95 95 95 95 95 95 95 95 88.2 88.2 88.2 88.2 88.2 88.2 88.2 88.2 88.2 88.2 88.2 88.2 88.2 88.2 88.2 88.2 88.2 88.2 88.2 88.2 88.2 88.2 88.2 88.2 88.2 88.2 88.2 88.2 88.2 88.2 88.2 88.2 88.2 88.2 88.2 88.2 88.2 88.2 88.2 88.2 88.2 88.2 88.2 88.2 88.2 88.2 88.2 88.2 88.2 88.2 88.2 88.2 88.2 88.2 88.2 88.2 88.2 88.2 88.2 88.2 85.9 85.9 85.9 85.9 85.9 85.9 85.9 85.9 85.9 85.9 85.9 85.9 85.9 85.9 85.9 85.9 85.9 85.9 85.9 85.9 85.9 85.9 85.9 85.9 85.9 85.9 85.9 85.9 85.9 
95 95 95 95 95 95 95 95 95 95 95 88.2 88.2 88.2 88.2 88.2 88.2 88.2 88.2 88.2 88.2 88.2 88.2 88.2 88.2 88.2 88.2 88.2 88.2 88.2 88.2 88.2 88.2 88.2 88.2 88.2 88.2 88.2 88.2 88.2 88.2 88.2 88.2 88.2 88.2 88.2 88.2 88.2 88.2 88.2 88.2 88.2 88.2 88.2 88.2 88.2 88.2 88.2 88.2 88.2 88.2 88.2 88.2 88.2 88.2 88.2 88.2 88.2 88.2 88.2 88.2 85.9 85.9 85.9 85.9 85.9 85.9 85.9 85.9 85.9 85.9 85.9 85.9 85.9 85.9 85.9 85.9 85.9 85.9 85.9 85.9 85.9 85.9 85.9 85.9 85.9 85.9 85.9 85.9 85.9 
95 95 95 95 95 95 95 95 95 95 95 88.2 88.2 88.2 88.2 88.2 88.2 88.2 88.2 88.2 88.2 88.2 88.2 88.2 88.2 88.2 88.2 88.2 88.2 88.2 88.2 88.2 88.2 88.2 88.2 88.2 88.2 88.2 88.2 88.2 88.2 88.2 88.2 88.2 88.2 88.2 88.2 88.2 88.2 88.2 88.2 88.2 88.2 88.2 88.2 88.2 88.2 88.2 88.2 88.2 88.2 88.2 88.2 88.2 88.2 88.2 88.2 88.2 88.2 88.2 88.2 85.9 85.9 85.9 85.9 85.9 85.9 85.9 85.9 85.9 85.9 85.9 85.9 85.9 85.9 85.9 85.9 85.9 85.9 85.9 85.9 85.9 85.9 85.9 85.9 85.9 85.9 85.9 85.9 85.9 
95 95 95 95 95 95 95 95 95 95 95 88.2 88.2 88.2 88.2 88.2 88.2 88.2 88.2 88.2 88.2 88.2 88.2 88.2 88.2 88.2 88.2 88.2 88.2 88.2 88.2 88.2 88.2 88.2 88.2 88.2 88.2 88.2 88.2 88.2 88.2 88.2 88.2 88.2 88.2 88.2 88.2 88.2 88.2 88.2 88.2 88.2 88.2 88.2 88.2 88.2 88.2 88.2 88.2 88.2 88.2 88.2 88.2 88.2 88.2 88.2 88.2 88.2 88.2 88.2 88.2 85.9 85.9 85.9 85.9 85.9 85.9 85.9 85.9 85.9 85.9 85.9 85.9 85.9 85.9 85.9 85.9 85.9 85.9 85.9 85.9 85.9 85.9 85.9 85.9 85.9 85.9 85.9 85.9 85.9 
130.9 130.9 130.9 130.9 130.9 130.9 130.9 130.9 130.9 130.9 130.9 125.1 125.1 125.1 125.1 125.1 125.1 125.1 125.1 125.1 125.1 125.1 125.1 125.1 125.1 125.1 125.1 125.1 125.1 125.1 125.1 125.1 125.1 125.1 125.1 125.1 125.1 125.1 125.1 125.1 125.1 125.1 125.1 125.1 125.1 125.1 125.1 125.1 125.1 125.1 125.1 125.1 125.1 125.1 125.1 125.1 125.1 125.1 125.1 125.1 125.1 125.1 125.1 125.1 125.1 125.1 125.1 125.1 125.1 125.1 125.1 112.7 112.7 112.7 112.7 112.7 112.7 112.7 112.7 112.7 112.7 112.7 112.7 112.7 112.7 112.7 112.7 112.7 112.7 112.7 112.7 112.7 112.7 112.7 112.7 112.7 112.7 112.7 112.7 112.7 
130.9 130.9 130.9 130.9 130.9 130.9 130.9 130.9 130.9 130.9 130.9 125.1 125.1 125.1 125.1 125.1 125.1 125.1 125.1 125.1 125.1 125.1 125.1 125.1 125.1 125.1 125.1 125.1 125.1 125.1 125.1 125.1 125.1 125.1 125.1 125.1 125.1 125.1 125.1 125.1 125.1 125.1 125.1 125.1 125.1 125.1 125.1 125.1 125.1 125.1 125.1 125.1 125.1 125.1 125.1 125.1 125.1 125.1 125.1 125.1 125.1 125.1 125.1 125.1 125.1 125.1 125.1 125.1 125.1 125.1 125.1 112.7 112.7 112.7 112.7 112.7 112.7 112.7 112.7 112.7 112.7 112.7 112.7 112.7 112.7 112.7 112.7 112.7 112.7 112.7 112.7 112.7 112.7 112.7 112.7 112.7 112.7 112.7 112.7 112.7 
130.9 130.9 130.9 130.9 130.9 130.9 130.9 130.9 130.9 130.9 130.9 125.1 125.1 125.1 125.1 125.1 125.1 125.1 125.1 125.1 125.1 125.1 125.1 125.1 125.1 125.1 125.1 125.1 125.1 125.1 125.1 125.1 125.1 125.1 125.1 125.1 125.1 125.1 125.1 125.1 125.1 125.1 125.1 125.1 125.1 125.1 125.1 125.1 125.1 125.1 125.1 125.1 125.1 125.1 125.1 125.1 125.1 125.1 125.1 125.1 125.1 125.1 125.1 125.1 125.1 125.1 125.1 125.1 125.1 125.1 125.1 112.7 112.7 112.7 112.7 112.7 112.7 112.7 112.7 112.7 112.7 112.7 112.7 112.7 112.7 112.7 112.7 112.7 112.7 112.7 112.7 112.7 112.7 112.7 112.7 112.7 112.7 112.7 112.7 112.7 
130.9 130.9 130.9 130.9 130.9 130.9 130.9 130.9 130.9 130.9 130.9 125.1 125.1 125.1 125.1 125.1 125.1 125.1 125.1 125.1 125.1 125.1 125.1 125.1 125.1 125.1 125.1 125.1 125.1 125.1 125.1 125.1 125.1 125.1 125.1 125.1 125.1 125.1 125.1 125.1 125.1 125.1 125.1 125.1 125.1 125.1 125.1 125.1 125.1 125.1 125.1 125.1 125.1 125.1 125.1 125.1 125.1 125.1 125.1 125.1 125.1 125.1 125.1 125.1 125.1 125.1 125.1 125.1 125.1 125.1 125.1 112.7 112.7 112.7 112.7 112.7 112.7 112.7 112.7 112.7 112.7 112.7 112.7 112.7 112.7 112.7 112.7 112.7 112.7 112.7 112.7 112.7 112.7 112.7 112.7 112.7 112.7 112.7 112.7 112.7 
130.9 130.9 130.9 130.9 130.9 130.9 130.9 130.9 130.9 130.9 130.9 125.1 125.1 125.1 125.1 125.1 125.1 125.1 125.1 125.1 125.1 125.1 125.1 125.1 125.1 125.1 125.1 125.1 125.1 125.1 125.1 125.1 125.1 125.1 125.1 125.1 125.1 125.1 125.1 125.1 125.1 125.1 125.1 125.1 125.1 125.1 125.1 125.1 125.1 125.1 125.1 125.1 125.1 125.1 125.1 125.1 125.1 125.1 125.1 125.1 125.1 125.1 125.1 125.1 125.1 125.1 125.1 125.1 125.1 125.1 125.1 112.7 112.7 112.7 112.7 112.7 112.7 112.7 112.7 112.7 112.7 112.7 112.7 112.7 112.7 112.7 112.7 112.7 112.7 112.7 112.7 112.7 112.7 112.7 112.7 112.7 112.7 112.7 112.7 112.7 
130.9 130.9 130.9 130.9 130.9 130.9 130.9 130.9 130.9 130.9 130.9 125.1 125.1 125.1 125.1 125.1 125.1 125.1 125.1 125.1 125.1 125.1 125.1 125.1 125.1 125.1 125.1 125.1 125.1 125.1 125.1 125.1 125.1 125.1 125.1 125.1 125.1 125.1 125.1 125.1 125.1 125.1 125.1 125.1 125.1 125.1 125.1 125.1 125.1 125.1 125.1 125.1 125.1 125.1 125.1 125.1 125.1 125.1 125.1 125.1 125.1 125.1 125.1 125.1 125.1 125.1 125.1 125.1 125.1 125.1 125.1 112.7 112.7 112.7 112.7 112.7 112.7 112.7 112.7 112.7 112.7 112.7 112.7 112.7 112.7 112.7 112.7 112.7 112.7 112.7 112.7 112.7 112.7 112.7 112.7 112.7 112.7 112.7 112.7 112.7 
130.9 130.9 130.9 130.9 130.9 130.9 130.9 130.9 130.9 130.9 130.9 125.1 125.1 125.1 125.1 125.1 125.1 125.1 125.1 125.1 125.1 125.1 125.1 125.1 125.1 125.1 125.1 125.1 125.1 125.1 125.1 125.1 125.1 125.1 125.1 125.1 125.1 125.1 125.1 125.1 125.1 125.1 125.1 125.1 125.1 125.1 125.1 125.1 125.1 125.1 125.1 125.1 125.1 125.1 125.1 125.1 125.1 125.1 125.1 125.1 125.1 125.1 125.1 125.1 125.1 125.1 125.1 125.1 125.1 125.1 125.1 112.7 112.7 112.7 112.7 112.7 112.7 112.7 112.7 112.7 112.7 112.7 112.7 112.7 112.7 112.7 112.7 112.7 112.7 112.7 112.7 112.7 112.7 112.7 112.7 112.7 112.7 112.7 112.7 112.7 
130.9 130.9 130.9 130.9 130.9 130.9 130.9 130.9 130.9 130.9 130.9 125.1 125.1 125.1 125.1 125.1 125.1 125.1 125.1 125.1 125.1 125.1 125.1 125.1 125.1 125.1 125.1 125.1 125.1 125.1 125.1 125.1 125.1 125.1 125.1 125.1 125.1 125.1 125.1 125.1 125.1 125.1 125.1 125.1 125.1 125.1 125.1 125.1 125.1 125.1 125.1 125.1 125.1 125.1 125.1 125.1 125.1 125.1 125.1 125.1 125.1 125.1 125.1 125.1 125.1 125.1 125.1 125.1 125.1 125.1 125.1 112.7 112.7 112.7 112.7 112.7 112.7 112.7 112.7 112.7 112.7 112.7 112.7 112.7 112.7 112.7 112.7 112.7 112.7 112.7 112.7 112.7 112.7 112.7 112.7 112.7 112.7 112.7 112.7 112.7 
130.9 130.9 130.9 130.9 130.9 130.9 130.9 130.9 130.9 130.9 130.9 125.1 125.1 125.1 125.1 125.1 125.1 125.1 125.1 125.1 125.1 125.1 125.1 125.1 125.1 125.1 125.1 125.1 125.1 125.1 125.1 125.1 125.1 125.1 125.1 125.1 125.1 125.1 125.1 125.1 125.1 125.1 125.1 125.1 125.1 125.1 125.1 125.1 125.1 125.1 125.1 125.1 125.1 125.1 125.1 125.1 125.1 125.1 125.1 125.1 125.1 125.1 125.1 125.1 125.1 125.1 125.1 125.1 125.1 125.1 125.1 112.7 112.7 112.7 112.7 112.7 112.7 112.7 112.7 112.7 112.7 112.7 112.7 112.7 112.7 112.7 112.7 112.7 112.7 112.7 112.7 112.7 112.7 112.7 112.7 112.7 112.7 112.7 112.7 112.7 
130.9 130.9 130.9 130.9 130.9 130.9 130.9 130.9 130.9 130.9 130.9 125.1 125.1 125.1 125.1 125.1 125.1 125.1 125.1 125.1 125.1 125.1 125.1 125.1 125.1 125.1 125.1 125.1 125.1 125.1 125.1 125.1 125.1 125.1 125.1 125.1 125.1 125.1 125.1 125.1 125.1 125.1 125.1 125.1 125.1 125.1 125.1 125.1 125.1 125.1 125.1 125.1 125.1 125.1 125.1 125.1 125.1 125.1 125.1 125.1 125.1 125.1 125.1 125.1 125.1 125.1 125.1 125.1 125.1 125.1 125.1 112.7 112.7 112.7 112.7 112.7 112.7 112.7 112.7 112.7 112.7 112.7 112.7 112.7 112.7 112.7 112.7 112.7 112.7 112.7 112.7 112.7 112.7 112.7 112.7 112.7 112.7 112.7 112.7 112.7 
130.9 130.9 130.9 130.9 130.9 130.9 130.9 130.9 130.9 130.9 130.9 125.1 125.1 125.1 125.1 125.1 125.1 125.1 125.1 125.1 125.1 125.1 125.1 125.1 125.1 125.1 125.1 125.1 125.1 125.1 125.1 125.1 125.1 125.1 125.1 125.1 125.1 125.1 125.1 125.1 125.1 125.1 125.1 125.1 125.1 125.1 125.1 125.1 125.1 125.1 125.1 125.1 125.1 125.1 125.1 125.1 125.1 125.1 125.1 125.1 125.1 125.1 125.1 125.1 125.1 125.1 125.1 125.1 125.1 125.1 125.1 112.7 112.7 112.7 112.7 112.7 112.7 112.7 112.7 112.7 112.7 112.7 112.7 112.7 112.7 112.7 112.7 112.7 112.7 112.7 112.7 112.7 112.7 112.7 112.7 112.7 112.7 112.7 112.7 112.7 
130.9 130.9 130.9 130.9 130.9 130.9 130.9 130.9 130.9 130.9 130.9 125.1 125.1 125.1 125.1 125.1 125.1 125.1 125.1 125.1 125.1 125.1 125.1 125.1 125.1 125.1 125.1 125.1 125.1 125.1 125.1 125.1 125.1 125.1 125.1 125.1 125.1 125.1 125.1 125.1 125.1 125.1 125.1 125.1 125.1 125.1 125.1 125.1 125.1 125.1 125.1 125.1 125.1 125.1 125.1 125.1 125.1 125.1 125.1 125.1 125.1 125.1 125.1 125.1 125.1 125.1 125.1 125.1 125.1 125.1 125.1 112.7 112.7 112.7 112.7 112.7 112.7 112.7 112.7 112.7 112.7 112.7 112.7 112.7 112.7 112.7 112.7 112.7 112.7 112.7 112.7 112.7 112.7 112.7 112.7 112.7 112.7 112.7 112.7 112.7 
130.9 130.9 130.9 130.9 130.9 130.9 130.9 130.9 130.9 130.9 130.9 125.1 125.1 125.1 125.1 125.1 125.1 125.1 125.1 125.1 125.1 125.1 125.1 125.1 125.1 125.1 125.1 125.1 125.1 125.1 125.1 125.1 125.1 125.1 125.1 125.1 125.1 125.1 125.1 125.1 125.1 125.1 125.1 125.1 125.1 125.1 125.1 125.1 125.1 125.1 125.1 125.1 125.1 125.1 125.1 125.1 125.1 125.1 125.1 125.1 125.1 125.1 125.1 125.1 125.1 125.1 125.1 125.1 125.1 125.1 125.1 112.7 112.7 112.7 112.7 112.7 112.7 112.7 112.7 112.7 112.7 112.7 112.7 112.7 112.7 112.7 112.7 112.7 112.7 112.7 112.7 112.7 112.7 112.7 112.7 112.7 112.7 112.7 112.7 112.7 
130.9 130.9 130.9 130.9 130.9 130.9 130.9 130.9 130.9 130.9 130.9 125.1 125.1 125.1 125.1 125.1 125.1 125.1 125.1 125.1 125.1 125.1 125.1 125.1 125.1 125.1 125.1 125.1 125.1 125.1 125.1 125.1 125.1 125.1 125.1 125.1 125.1 125.1 125.1 125.1 125.1 125.1 125.1 125.1 125.1 125.1 125.1 125.1 125.1 125.1 125.1 125.1 125.1 125.1 125.1 125.1 125.1 125.1 125.1 125.1 125.1 125.1 125.1 125.1 125.1 125.1 125.1 125.1 125.1 125.1 125.1 112.7 112.7 112.7 112.7 112.7 112.7 112.7 112.7 112.7 112.7 112.7 112.7 112.7 112.7 112.7 112.7 112.7 112.7 112.7 112.7 112.7 112.7 112.7 112.7 112.7 112.7 112.7 112.7 112.7 
130.9 130.9 130.9 130.9 130.9 130.9 130.9 130.9 130.9 130.9 130.9 125.1 125.1 125.1 125.1 125.1 125.1 125.1 125.1 125.1 125.1 125.1 125.1 125.1 125.1 125.1 125.1 125.1 125.1 125.1 125.1 125.1 125.1 125.1 125.1 125.1 125.1 125.1 125.1 125.1 125.1 125.1 125.1 125.1 125.1 125.1 125.1 125.1 125.1 125.1 125.1 125.1 125.1 125.1 125.1 125.1 125.1 125.1 125.1 125.1 125.1 125.1 125.1 125.1 125.1 125.1 125.1 125.1 125.1 125.1 125.1 112.7 112.7 112.7 112.7 112.7 112.7 112.7 112.7 112.7 112.7 112.7 112.7 112.7 112.7 112.7 112.7 112.7 112.7 112.7 112.7 112.7 112.7 112.7 112.7 112.7 112.7 112.7 112.7 112.7 
130.9 130.9 130.9 130.9 130.9 130.9 130.9 130.9 130.9 130.9 130.9 125.1 125.1 125.1 125.1 125.1 125.1 125.1 125.1 125.1 125.1 125.1 125.1 125.1 125.1 125.1 125.1 125.1 125.1 125.1 125.1 125.1 125.1 125.1 125.1 125.1 125.1 125.1 125.1 125.1 125.1 125.1 125.1 125.1 125.1 125.1 125.1 125.1 125.1 125.1 125.1 125.1 125.1 125.1 125.1 125.1 125.1 125.1 125.1 125.1 125.1 125.1 125.1 125.1 125.1 125.1 125.1 125.1 125.1 125.1 125.1 112.7 112.7 112.7 112.7 112.7 112.7 112.7 112.7 112.7 112.7 112.7 112.7 112.7 112.7 112.7 112.7 112.7 112.7 112.7 112.7 112.7 112.7 112.7 112.7 112.7 112.7 112.7 112.7 112.7 
130.9 130.9 130.9 130.9 130.9 130.9 130.9 130.9 130.9 130.9 130.9 125.1 125.1 125.1 125.1 125.1 125.1 125.1 125.1 125.1 125.1 125.1 125.1 125.1 125.1 125.1 125.1 125.1 125.1 125.1 125.1 125.1 125.1 125.1 125.1 125.1 125.1 125.1 125.1 125.1 125.1 125.1 125.1 125.1 125.1 125.1 125.1 125.1 125.1 125.1 125.1 125.1 125.1 125.1 125.1 125.1 125.1 125.1 125.1 125.1 125.1 125.1 125.1 125.1 125.1 125.1 125.1 125.1 125.1 125.1 125.1 112.7 112.7 112.7 112.7 112.7 112.7 112.7 112.7 112.7 112.7 112.7 112.7 112.7 112.7 112.7 112.7 112.7 112.7 112.7 112.7 112.7 112.7 112.7 112.7 112.7 112.7 112.7 112.7 112.7 
130.9 130.9 130.9 130.9 130.9 130.9 130.9 130.9 130.9 130.9 130.9 125.1 125.1 125.1 125.1 125.1 125.1 125.1 125.1 125.1 125.1 125.1 125.1 125.1 125.1 125.1 125.1 125.1 125.1 125.1 125.1 125.1 125.1 125.1 125.1 125.1 125.1 125.1 125.1 125.1 125.1 125.1 125.1 125.1 125.1 125.1 125.1 125.1 125.1 125.1 125.1 125.1 125.1 125.1 125.1 125.1 125.1 125.1 125.1 125.1 125.1 125.1 125.1 125.1 125.1 125.1 125.1 125.1 125.1 125.1 125.1 112.7 112.7 112.7 112.7 112.7 112.7 112.7 112.7 112.7 112.7 112.7 112.7 112.7 112.7 112.7 112.7 112.7 112.7 112.7 112.7 112.7 112.7 112.7 112.7 112.7 112.7 112.7 112.7 112.7 
130.9 130.9 130.9 130.9 130.9 130.9 130.9 130.9 130.9 130.9 130.9 125.1 125.1 125.1 125.1 125.1 125.1 125.1 125.1 125.1 125.1 125.1 125.1 125.1 125.1 125.1 125.1 125.1 125.1 125.1 125.1 125.1 125.1 125.1 125.1 125.1 125.1 125.1 125.1 125.1 125.1 125.1 125.1 125.1 125.1 125.1 125.1 125.1 125.1 125.1 125.1 125.1 125.1 125.1 125.1 125.1 125.1 125.1 125.1 125.1 125.1 125.1 125.1 125.1 125.1 125.1 125.1 125.1 125.1 125.1 125.1 112.7 112.7 112.7 112.7 112.7 112.7 112.7 112.7 112.7 112.7 112.7 112.7 112.7 112.7 112.7 112.7 112.7 112.7 112.7 112.7 112.7 112.7 112.7 112.7 112.7 112.7 112.7 112.7 112.7 
130.9 130.9 130.9 130.9 130.9 130.9 130.9 130.9 130.9 130.9 130.9 125.1 125.1 125.1 125.1 125.1 125.1 125.1 125.1 125.1 125.1 125.1 125.1 125.1 125.1 125.1 125.1 125.1 125.1 125.1 125.1 125.1 125.1 125.1 125.1 125.1 125.1 125.1 125.1 125.1 125.1 125.1 125.1 125.1 125.1 125.1 125.1 125.1 125.1 125.1 125.1 125.1 125.1 125.1 125.1 125.1 125.1 125.1 125.1 125.1 125.1 125.1 125.1 125.1 125.1 125.1 125.1 125.1 125.1 125.1 125.1 112.7 112.7 112.7 112.7 112.7 112.7 112.7 112.7 112.7 112.7 112.7 112.7 112.7 112.7 112.7 112.7 112.7 112.7 112.7 112.7 112.7 112.7 112.7 112.7 112.7 112.7 112.7 112.7 112.7 
130.9 130.9 130.9 130.9 130.9 130.9 130.9 130.9 130.9 130.9 130.9 125.1 125.1 125.1 125.1 125.1 125.1 125.1 125.1 125.1 125.1 125.1 125.1 125.1 125.1 125.1 125.1 125.1 125.1 125.1 125.1 125.1 125.1 125.1 125.1 125.1 125.1 125.1 125.1 125.1 125.1 125.1 125.1 125.1 125.1 125.1 125.1 125.1 125.1 125.1 125.1 125.1 125.1 125.1 125.1 125.1 125.1 125.1 125.1 125.1 125.1 125.1 125.1 125.1 125.1 125.1 125.1 125.1 125.1 125.1 125.1 112.7 112.7 112.7 112.7 112.7 112.7 112.7 112.7 112.7 112.7 112.7 112.7 112.7 112.7 112.7 112.7 112.7 112.7 112.7 112.7 112.7 112.7 112.7 112.7 112.7 112.7 112.7 112.7 112.7 
130.9 130.9 130.9 130.9 130.9 130.9 130.9 130.9 130.9 130.9 130.9 125.1 125.1 125.1 125.1 125.1 125.1 125.1 125.1 125.1 125.1 125.1 125.1 125.1 125.1 125.1 125.1 125.1 125.1 125.1 125.1 125.1 125.1 125.1 125.1 125.1 125.1 125.1 125.1 125.1 125.1 125.1 125.1 125.1 125.1 125.1 125.1 125.1 125.1 125.1 125.1 125.1 125.1 125.1 125.1 125.1 125.1 125.1 125.1 125.1 125.1 125.1 125.1 125.1 125.1 125.1 125.1 125.1 125.1 125.1 125.1 112.7 112.7 112.7 112.7 112.7 112.7 112.7 112.7 112.7 112.7 112.7 112.7 112.7 112.7 112.7 112.7 112.7 112.7 112.7 112.7 112.7 112.7 112.7 112.7 112.7 112.7 112.7 112.7 112.7 
130.9 130.9 130.9 130.9 130.9 130.9 130.9 130.9 130.9 130.9 130.9 125.1 125.1 125.1 125.1 125.1 125.1 125.1 125.1 125.1 125.1 125.1 125.1 125.1 125.1 125.1 125.1 125.1 125.1 125.1 125.1 125.1 125.1 125.1 125.1 125.1 125.1 125.1 125.1 125.1 125.1 125.1 125.1 125.1 125.1 125.1 125.1 125.1 125.1 125.1 125.1 125.1 125.1 125.1 125.1 125.1 125.1 125.1 125.1 125.1 125.1 125.1 125.1 125.1 125.1 125.1 125.1 125.1 125.1 125.1 125.1 112.7 112.7 112.7 112.7 112.7 112.7 112.7 112.7 112.7 112.7 112.7 112.7 112.7 112.7 112.7 112.7 112.7 112.7 112.7 112.7 112.7 112.7 112.7 112.7 112.7 112.7 112.7 112.7 112.7 
130.9 130.9 130.9 130.9 130.9 130.9 130.9 130.9 130.9 130.9 130.9 125.1 125.1 125.1 125.1 125.1 125.1 125.1 125.1 125.1 125.1 125.1 125.1 125.1 125.1 125.1 125.1 125.1 125.1 125.1 125.1 125.1 125.1 125.1 125.1 125.1 125.1 125.1 125.1 125.1 125.1 125.1 125.1 125.1 125.1 125.1 125.1 125.1 125.1 125.1 125.1 125.1 125.1 125.1 125.1 125.1 125.1 125.1 125.1 125.1 125.1 125.1 125.1 125.1 125.1 125.1 125.1 125.1 125.1 125.1 125.1 112.7 112.7 112.7 112.7 112.7 112.7 112.7 112.7 112.7 112.7 112.7 112.7 112.7 112.7 112.7 112.7 112.7 112.7 112.7 112.7 112.7 112.7 112.7 112.7 112.7 112.7 112.7 112.7 112.7 
130.9 130.9 130.9 130.9 130.9 130.9 130.9 130.9 130.9 130.9 130.9 125.1 125.1 125.1 125.1 125.1 125.1 125.1 125.1 125.1 125.1 125.1 125.1 125.1 125.1 125.1 125.1 125.1 125.1 125.1 125.1 125.1 125.1 125.1 125.1 125.1 125.1 125.1 125.1 125.1 125.1 125.1 125.1 125.1 125.1 125.1 125.1 125.1 125.1 125.1 125.1 125.1 125.1 125.1 125.1 125.1 125.1 125.1 125.1 125.1 125.1 125.1 125.1 125.1 125.1 125.1 125.1 125.1 125.1 125.1 125.1 112.7 112.7 112.7 112.7 112.7 112.7 112.7 112.7 112.7 112.7 112.7 112.7 112.7 112.7 112.7 112.7 112.7 112.7 112.7 112.7 112.7 112.7 112.7 112.7 112.7 112.7 112.7 112.7 112.7 
130.9 130.9 130.9 130.9 130.9 130.9 130.9 130.9 130.9 130.9 130.9 125.1 125.1 125.1 125.1 125.1 125.1 125.1 125.1 125.1 125.1 125.1 125.1 125.1 125.1 125.1 125.1 125.1 125.1 125.1 125.1 125.1 125.1 125.1 125.1 125.1 125.1 125.1 125.1 125.1 125.1 125.1 125.1 125.1 125.1 125.1 125.1 125.1 125.1 125.1 125.1 125.1 125.1 125.1 125.1 125.1 125.1 125.1 125.1 125.1 125.1 125.1 125.1 125.1 125.1 125.1 125.1 125.1 125.1 125.1 125.1 112.7 112.7 112.7 112.7 112.7 112.7 112.7 112.7 112.7 112.7 112.7 112.7 112.7 112.7 112.7 112.7 112.7 112.7 112.7 112.7 112.7 112.7 112.7 112.7 112.7 112.7 112.7 112.7 112.7 
130.9 130.9 130.9 130.9 130.9 130.9 130.9 130.9 130.9 130.9 130.9 125.1 125.1 125.1 125.1 125.1 125.1 125.1 125.1 125.1 125.1 125.1 125.1 125.1 125.1 125.1 125.1 125.1 125.1 125.1 125.1 125.1 125.1 125.1 125.1 125.1 125.1 125.1 125.1 125.1 125.1 125.1 125.1 125.1 125.1 125.1 125.1 125.1 125.1 125.1 125.1 125.1 125.1 125.1 125.1 125.1 125.1 125.1 125.1 125.1 125.1 125.1 125.1 125.1 125.1 125.1 125.1 125.1 125.1 125.1 125.1 112.7 112.7 112.7 112.7 112.7 112.7 112.7 112.7 112.7 112.7 112.7 112.7 112.7 112.7 112.7 112.7 112.7 112.7 112.7 112.7 112.7 112.7 112.7 112.7 112.7 112.7 112.7 112.7 112.7 
130.9 130.9 130.9 130.9 130.9 130.9 130.9 130.9 130.9 130.9 130.9 125.1 125.1 125.1 125.1 125.1 125.1 125.1 125.1 125.1 125.1 125.1 125.1 125.1 125.1 125.1 125.1 125.1 125.1 125.1 125.1 125.1 125.1 125.1 125.1 125.1 125.1 125.1 125.1 125.1 125.1 125.1 125.1 125.1 125.1 125.1 125.1 125.1 125.1 125.1 125.1 125.1 125.1 125.1 125.1 125.1 125.1 125.1 125.1 125.1 125.1 125.1 125.1 125.1 125.1 125.1 125.1 125.1 125.1 125.1 125.1 112.7 112.7 112.7 112.7 112.7 112.7 112.7 112.7 112.7 112.7 112.7 112.7 112.7 112.7 112.7 112.7 112.7 112.7 112.7 112.7 112.7 112.7 112.7 112.7 112.7 112.7 112.7 112.7 112.7 
130.9 130.9 130.9 130.9 130.9 130.9 130.9 130.9 130.9 130.9 130.9 125.1 125.1 125.1 125.1 125.1 125.1 125.1 125.1 125.1 125.1 125.1 125.1 125.1 125.1 125.1 125.1 125.1 125.1 125.1 125.1 125.1 125.1 125.1 125.1 125.1 125.1 125.1 125.1 125.1 125.1 125.1 125.1 125.1 125.1 125.1 125.1 125.1 125.1 125.1 125.1 125.1 125.1 125.1 125.1 125.1 125.1 125.1 125.1 125.1 125.1 125.1 125.1 125.1 125.1 125.1 125.1 125.1 125.1 125.1 125.1 112.7 112.7 112.7 112.7 112.7 112.7 112.7 112.7 112.7 112.7 112.7 112.7 112.7 112.7 112.7 112.7 112.7 112.7 112.7 112.7 112.7 112.7 112.7 112.7 112.7 112.7 112.7 112.7 112.7 
130.9 130.9 130.9 130.9 130.9 130.9 130.9 130.9 130.9 130.9 130.9 125.1 125.1 125.1 125.1 125.1 125.1 125.1 125.1 125.1 125.1 125.1 125.1 125.1 125.1 125.1 125.1 125.1 125.1 125.1 125.1 125.1 125.1 125.1 125.1 125.1 125.1 125.1 125.1 125.1 125.1 125.1 125.1 125.1 125.1 125.1 125.1 125.1 125.1 125.1 125.1 125.1 125.1 125.1 125.1 125.1 125.1 125.1 125.1 125.1 125.1 125.1 125.1 125.1 125.1 125.1 125.1 125.1 125.1 125.1 125.1 112.7 112.7 112.7 112.7 112.7 112.7 112.7 112.7 112.7 112.7 112.7 112.7 112.7 112.7 112.7 112.7 112.7 112.7 112.7 112.7 112.7 112.7 112.7 112.7 112.7 112.7 112.7 112.7 112.7 
130.9 130.9 130.9 130.9 130.9 130.9 130.9 130.9 130.9 130.9 130.9 125.1 125.1 125.1 125.1 125.1 125.1 125.1 125.1 125.1 125.1 125.1 125.1 125.1 125.1 125.1 125.1 125.1 125.1 125.1 125.1 125.1 125.1 125.1 125.1 125.1 125.1 125.1 125.1 125.1 125.1 125.1 125.1 125.1 125.1 125.1 125.1 125.1 125.1 125.1 125.1 125.1 125.1 125.1 125.1 125.1 125.1 125.1 125.1 125.1 125.1 125.1 125.1 125.1 125.1 125.1 125.1 125.1 125.1 125.1 125.1 112.7 112.7 112.7 112.7 112.7 112.7 112.7 112.7 112.7 112.7 112.7 112.7 112.7 112.7 112.7 112.7 112.7 112.7 112.7 112.7 112.7 112.7 112.7 112.7 112.7 112.7 112.7 112.7 112.7 
