ncols         100
nrows         100
xllcorner     -59982.863281
yllcorner     1851083.022172
cellsize      1000
NODATA_value  -9999
106.6 106.6 106.6 106.6 106.6 106.6 106.6 106.6 106.6 106.6 106.6 104.7 104.7 104.7 104.7 104.7 104.7 104.7 104.7 104.7 104.7 104.7 104.7 104.7 104.7 104.7 104.7 104.7 104.7 104.7 104.7 104.7 104.7 104.7 104.7 104.7 104.7 104.7 104.7 104.7 104.7 104.7 104.7 104.7 104.7 104.7 104.7 104.7 104.7 104.7 104.7 104.7 104.7 104.7 104.7 104.7 104.7 104.7 104.7 104.7 104.7 104.7 104.7 104.7 104.7 104.7 104.7 104.7 104.7 104.7 104.7 97.8 97.8 97.8 97.8 97.8 97.8 97.8 97.8 97.8 97.8 97.8 97.8 97.8 97.8 97.8 97.8 97.8 97.8 97.8 97.8 97.8 97.8 97.8 97.8 97.8 97.8 97.8 97.8 97.8 
106.6 106.6 106.6 106.6 106.6 106.6 106.6 106.6 106.6 106.6 106.6 104.7 104.7 104.7 104.7 104.7 104.7 104.7 104.7 104.7 104.7 104.7 104.7 104.7 104.7 104.7 104.7 104.7 104.7 104.7 104.7 104.7 104.7 104.7 104.7 104.7 104.7 104.7 104.7 104.7 104.7 104.7 104.7 104.7 104.7 104.7 104.7 104.7 104.7 104.7 104.7 104.7 104.7 104.7 104.7 104.7 104.7 104.7 104.7 104.7 104.7 104.7 104.7 104.7 104.7 104.7 104.7 104.7 104.7 104.7 104.7 97.8 97.8 97.8 97.8 97.8 97.8 97.8 97.8 97.8 97.8 97.8 97.8 97.8 97.8 97.8 97.8 97.8 97.8 97.8 97.8 97.8 97.8 97.8 97.8 97.8 97.8 97.8 97.8 97.8 
106.6 106.6 106.6 106.6 106.6 106.6 106.6 106.6 106.6 106.6 106.6 104.7 104.7 104.7 104.7 104.7 104.7 104.7 104.7 104.7 104.7 104.7 104.7 104.7 104.7 104.7 104.7 104.7 104.7 104.7 104.7 104.7 104.7 104.7 104.7 104.7 104.7 104.7 104.7 104.7 104.7 104.7 104.7 104.7 104.7 104.7 104.7 104.7 104.7 104.7 104.7 104.7 104.7 104.7 104.7 104.7 104.7 104.7 104.7 104.7 104.7 104.7 104.7 104.7 104.7 104.7 104.7 104.7 104.7 104.7 104.7 97.8 97.8 97.8 97.8 97.8 97.8 97.8 97.8 97.8 97.8 97.8 97.8 97.8 97.8 97.8 97.8 97.8 97.8 97.8 97.8 97.8 97.8 97.8 97.8 97.8 97.8 97.8 97.8 97.8 
106.6 106.6 106.6 106.6 106.6 106.6 106.6 106.6 106.6 106.6 106.6 104.7 104.7 104.7 104.7 104.7 104.7 104.7 104.7 104.7 104.7 104.7 104.7 104.7 104.7 104.7 104.7 104.7 104.7 104.7 104.7 104.7 104.7 104.7 104.7 104.7 104.7 104.7 104.7 104.7 104.7 104.7 104.7 104.7 104.7 104.7 104.7 104.7 104.7 104.7 104.7 104.7 104.7 104.7 104.7 104.7 104.7 104.7 104.7 104.7 104.7 104.7 104.7 104.7 104.7 104.7 104.7 104.7 104.7 104.7 104.7 97.8 97.8 97.8 97.8 97.8 97.8 97.8 97.8 97.8 97.8 97.8 97.8 97.8 97.8 97.8 97.8 97.8 97.8 97.8 97.8 97.8 97.8 97.8 97.8 97.8 97.8 97.8 97.8 97.8 
106.6 106.6 106.6 106.6 106.6 106.6 106.6 106.6 106.6 106.6 106.6 104.7 104.7 104.7 104.7 104.7 104.7 104.7 104.7 104.7 104.7 104.7 104.7 104.7 104.7 104.7 104.7 104.7 104.7 104.7 104.7 104.7 104.7 104.7 104.7 104.7 104.7 104.7 104.7 104.7 104.7 104.7 104.7 104.7 104.7 104.7 104.7 104.7 104.7 104.7 104.7 104.7 104.7 104.7 104.7 104.7 104.7 104.7 104.7 104.7 104.7 104.7 104.7 104.7 104.7 104.7 104.7 104.7 104.7 104.7 104.7 97.8 97.8 97.8 97.8 97.8 97.8 97.8 97.8 97.8 97.8 97.8 97.8 97.8 97.8 97.8 97.8 97.8 97.8 97.8 97.8 97.8 97.8 97.8 97.8 97.8 97.8 97.8 97.8 97.8 
106.6 106.6 106.6 106.6 106.6 106.6 106.6 106.6 106.6 106.6 106.6 104.7 104.7 104.7 104.7 104.7 104.7 104.7 104.7 104.7 104.7 104.7 104.7 104.7 104.7 104.7 104.7 104.7 104.7 104.7 104.7 104.7 104.7 104.7 104.7 104.7 104.7 104.7 104.7 104.7 104.7 104.7 104.7 104.7 104.7 104.7 104.7 104.7 104.7 104.7 104.7 104.7 104.7 104.7 104.7 104.7 104.7 104.7 104.7 104.7 104.7 104.7 104.7 104.7 104.7 104.7 104.7 104.7 104.7 104.7 104.7 97.8 97.8 97.8 97.8 97.8 97.8 97.8 97.8 97.8 97.8 97.8 97.8 97.8 97.8 97.8 97.8 97.8 97.8 97.8 97.8 97.8 97.8 97.8 97.8 97.8 97.8 97.8 97.8 97.8 
106.6 106.6 106.6 106.6 106.6 106.6 106.6 106.6 106.6 106.6 106.6 104.7 104.7 104.7 104.7 104.7 104.7 104.7 104.7 104.7 104.7 104.7 104.7 104.7 104.7 104.7 104.7 104.7 104.7 104.7 104.7 104.7 104.7 104.7 104.7 104.7 104.7 104.7 104.7 104.7 104.7 104.7 104.7 104.7 104.7 104.7 104.7 104.7 104.7 104.7 104.7 104.7 104.7 104.7 104.7 104.7 104.7 104.7 104.7 104.7 104.7 104.7 104.7 104.7 104.7 104.7 104.7 104.7 104.7 104.7 104.7 97.8 97.8 97.8 97.8 97.8 97.8 97.8 97.8 97.8 97.8 97.8 97.8 97.8 97.8 97.8 97.8 97.8 97.8 97.8 97.8 97.8 97.8 97.8 97.8 97.8 97.8 97.8 97.8 97.8 
106.6 106.6 106.6 106.6 106.6 106.6 106.6 106.6 106.6 106.6 106.6 104.7 104.7 104.7 104.7 104.7 104.7 104.7 104.7 104.7 104.7 104.7 104.7 104.7 104.7 104.7 104.7 104.7 104.7 104.7 104.7 104.7 104.7 104.7 104.7 104.7 104.7 104.7 104.7 104.7 104.7 104.7 104.7 104.7 104.7 104.7 104.7 104.7 104.7 104.7 104.7 104.7 104.7 104.7 104.7 104.7 104.7 104.7 104.7 104.7 104.7 104.7 104.7 104.7 104.7 104.7 104.7 104.7 104.7 104.7 104.7 97.8 97.8 97.8 97.8 97.8 97.8 97.8 97.8 97.8 97.8 97.8 97.8 97.8 97.8 97.8 97.8 97.8 97.8 97.8 97.8 97.8 97.8 97.8 97.8 97.8 97.8 97.8 97.8 97.8 
106.6 106.6 106.6 106.6 106.6 106.6 106.6 106.6 106.6 106.6 106.6 104.7 104.7 104.7 104.7 104.7 104.7 104.7 104.7 104.7 104.7 104.7 104.7 104.7 104.7 104.7 104.7 104.7 104.7 104.7 104.7 104.7 104.7 104.7 104.7 104.7 104.7 104.7 104.7 104.7 104.7 104.7 104.7 104.7 104.7 104.7 104.7 104.7 104.7 104.7 104.7 104.7 104.7 104.7 104.7 104.7 104.7 104.7 104.7 104.7 104.7 104.7 104.7 104.7 104.7 104.7 104.7 104.7 104.7 104.7 104.7 97.8 97.8 97.8 97.8 97.8 97.8 97.8 97.8 97.8 97.8 97.8 97.8 97.8 97.8 97.8 97.8 97.8 97.8 97.8 97.8 97.8 97.8 97.8 97.8 97.8 97.8 97.8 97.8 97.8 
114.6 114.6 114.6 114.6 114.6 114.6 114.6 114.6 114.6 114.6 114.6 114.8 114.8 114.8 114.8 114.8 114.8 114.8 114.8 114.8 114.8 114.8 114.8 114.8 114.8 114.8 114.8 114.8 114.8 114.8 114.8 114.8 114.8 114.8 114.8 114.8 114.8 114.8 114.8 114.8 114.8 114.8 114.8 114.8 114.8 114.8 114.8 114.8 114.8 114.8 114.8 114.8 114.8 114.8 114.8 114.8 114.8 114.8 114.8 114.8 114.8 114.8 114.8 114.8 114.8 114.8 114.8 114.8 114.8 114.8 114.8 107.5 107.5 107.5 107.5 107.5 107.5 107.5 107.5 107.5 107.5 107.5 107.5 107.5 107.5 107.5 107.5 107.5 107.5 107.5 107.5 107.5 107.5 107.5 107.5 107.5 107.5 107.5 107.5 107.5 
114.6 114.6 114.6 114.6 114.6 114.6 114.6 114.6 114.6 114.6 114.6 114.8 114.8 114.8 114.8 114.8 114.8 114.8 114.8 114.8 114.8 114.8 114.8 114.8 114.8 114.8 114.8 114.8 114.8 114.8 114.8 114.8 114.8 114.8 114.8 114.8 114.8 114.8 114.8 114.8 114.8 114.8 114.8 114.8 114.8 114.8 114.8 114.8 114.8 114.8 114.8 114.8 114.8 114.8 114.8 114.8 114.8 114.8 114.8 114.8 114.8 114.8 114.8 114.8 114.8 114.8 114.8 114.8 114.8 114.8 114.8 107.5 107.5 107.5 107.5 107.5 107.5 107.5 107.5 107.5 107.5 107.5 107.5 107.5 107.5 107.5 107.5 107.5 107.5 107.5 107.5 107.5 107.5 107.5 107.5 107.5 107.5 107.5 107.5 107.5 
114.6 114.6 114.6 114.6 114.6 114.6 114.6 114.6 114.6 114.6 114.6 114.8 114.8 114.8 114.8 114.8 114.8 114.8 114.8 114.8 114.8 114.8 114.8 114.8 114.8 114.8 114.8 114.8 114.8 114.8 114.8 114.8 114.8 114.8 114.8 114.8 114.8 114.8 114.8 114.8 114.8 114.8 114.8 114.8 114.8 114.8 114.8 114.8 114.8 114.8 114.8 114.8 114.8 114.8 114.8 114.8 114.8 114.8 114.8 114.8 114.8 114.8 114.8 114.8 114.8 114.8 114.8 114.8 114.8 114.8 114.8 107.5 107.5 107.5 107.5 107.5 107.5 107.5 107.5 107.5 107.5 107.5 107.5 107.5 107.5 107.5 107.5 107.5 107.5 107.5 107.5 107.5 107.5 107.5 107.5 107.5 107.5 107.5 107.5 107.5 
114.6 114.6 114.6 114.6 114.6 114.6 114.6 114.6 114.6 114.6 114.6 114.8 114.8 114.8 114.8 114.8 114.8 114.8 114.8 114.8 114.8 114.8 114.8 114.8 114.8 114.8 114.8 114.8 114.8 114.8 114.8 114.8 114.8 114.8 114.8 114.8 114.8 114.8 114.8 114.8 114.8 114.8 114.8 114.8 114.8 114.8 114.8 114.8 114.8 114.8 114.8 114.8 114.8 114.8 114.8 114.8 114.8 114.8 114.8 114.8 114.8 114.8 114.8 114.8 114.8 114.8 114.8 114.8 114.8 114.8 114.8 107.5 107.5 107.5 107.5 107.5 107.5 107.5 107.5 107.5 107.5 107.5 107.5 107.5 107.5 107.5 107.5 107.5 107.5 107.5 107.5 107.5 107.5 107.5 107.5 107.5 107.5 107.5 107.5 107.5 
114.6 114.6 114.6 114.6 114.6 114.6 114.6 114.6 114.6 114.6 114.6 114.8 114.8 114.8 114.8 114.8 114.8 114.8 114.8 114.8 114.8 114.8 114.8 114.8 114.8 114.8 114.8 114.8 114.8 114.8 114.8 114.8 114.8 114.8 114.8 114.8 114.8 114.8 114.8 114.8 114.8 114.8 114.8 114.8 114.8 114.8 114.8 114.8 114.8 114.8 114.8 114.8 114.8 114.8 114.8 114.8 114.8 114.8 114.8 114.8 114.8 114.8 114.8 114.8 114.8 114.8 114.8 114.8 114.8 114.8 114.8 107.5 107.5 107.5 107.5 107.5 107.5 107.5 107.5 107.5 107.5 107.5 107.5 107.5 107.5 107.5 107.5 107.5 107.5 107.5 107.5 107.5 107.5 107.5 107.5 107.5 107.5 107.5 107.5 107.5 
114.6 114.6 114.6 114.6 114.6 114.6 114.6 114.6 114.6 114.6 114.6 114.8 114.8 114.8 114.8 114.8 114.8 114.8 114.8 114.8 114.8 114.8 114.8 114.8 114.8 114.8 114.8 114.8 114.8 114.8 114.8 114.8 114.8 114.8 114.8 114.8 114.8 114.8 114.8 114.8 114.8 114.8 114.8 114.8 114.8 114.8 114.8 114.8 114.8 114.8 114.8 114.8 114.8 114.8 114.8 114.8 114.8 114.8 114.8 114.8 114.8 114.8 114.8 114.8 114.8 114.8 114.8 114.8 114.8 114.8 114.8 107.5 107.5 107.5 107.5 107.5 107.5 107.5 107.5 107.5 107.5 107.5 107.5 107.5 107.5 107.5 107.5 107.5 107.5 107.5 107.5 107.5 107.5 107.5 107.5 107.5 107.5 107.5 107.5 107.5 
114.6 114.6 114.6 114.6 114.6 114.6 114.6 114.6 114.6 114.6 114.6 114.8 114.8 114.8 114.8 114.8 114.8 114.8 114.8 114.8 114.8 114.8 114.8 114.8 114.8 114.8 114.8 114.8 114.8 114.8 114.8 114.8 114.8 114.8 114.8 114.8 114.8 114.8 114.8 114.8 114.8 114.8 114.8 114.8 114.8 114.8 114.8 114.8 114.8 114.8 114.8 114.8 114.8 114.8 114.8 114.8 114.8 114.8 114.8 114.8 114.8 114.8 114.8 114.8 114.8 114.8 114.8 114.8 114.8 114.8 114.8 107.5 107.5 107.5 107.5 107.5 107.5 107.5 107.5 107.5 107.5 107.5 107.5 107.5 107.5 107.5 107.5 107.5 107.5 107.5 107.5 107.5 107.5 107.5 107.5 107.5 107.5 107.5 107.5 107.5 
114.6 114.6 114.6 114.6 114.6 114.6 114.6 114.6 114.6 114.6 114.6 114.8 114.8 114.8 114.8 114.8 114.8 114.8 114.8 114.8 114.8 114.8 114.8 114.8 114.8 114.8 114.8 114.8 114.8 114.8 114.8 114.8 114.8 114.8 114.8 114.8 114.8 114.8 114.8 114.8 114.8 114.8 114.8 114.8 114.8 114.8 114.8 114.8 114.8 114.8 114.8 114.8 114.8 114.8 114.8 114.8 114.8 114.8 114.8 114.8 114.8 114.8 114.8 114.8 114.8 114.8 114.8 114.8 114.8 114.8 114.8 107.5 107.5 107.5 107.5 107.5 107.5 107.5 107.5 107.5 107.5 107.5 107.5 107.5 107.5 107.5 107.5 107.5 107.5 107.5 107.5 107.5 107.5 107.5 107.5 107.5 107.5 107.5 107.5 107.5 
114.6 114.6 114.6 114.6 114.6 114.6 114.6 114.6 114.6 114.6 114.6 114.8 114.8 114.8 114.8 114.8 114.8 114.8 114.8 114.8 114.8 114.8 114.8 114.8 114.8 114.8 114.8 114.8 114.8 114.8 114.8 114.8 114.8 114.8 114.8 114.8 114.8 114.8 114.8 114.8 114.8 114.8 114.8 114.8 114.8 114.8 114.8 114.8 114.8 114.8 114.8 114.8 114.8 114.8 114.8 114.8 114.8 114.8 114.8 114.8 114.8 114.8 114.8 114.8 114.8 114.8 114.8 114.8 114.8 114.8 114.8 107.5 107.5 107.5 107.5 107.5 107.5 107.5 107.5 107.5 107.5 107.5 107.5 107.5 107.5 107.5 107.5 107.5 107.5 107.5 107.5 107.5 107.5 107.5 107.5 107.5 107.5 107.5 107.5 107.5 
114.6 114.6 114.6 114.6 114.6 114.6 114.6 114.6 114.6 114.6 114.6 114.8 114.8 114.8 114.8 114.8 114.8 114.8 114.8 114.8 114.8 114.8 114.8 114.8 114.8 114.8 114.8 114.8 114.8 114.8 114.8 114.8 114.8 114.8 114.8 114.8 114.8 114.8 114.8 114.8 114.8 114.8 114.8 114.8 114.8 114.8 114.8 114.8 114.8 114.8 114.8 114.8 114.8 114.8 114.8 114.8 114.8 114.8 114.8 114.8 114.8 114.8 114.8 114.8 114.8 114.8 114.8 114.8 114.8 114.8 114.8 107.5 107.5 107.5 107.5 107.5 107.5 107.5 107.5 107.5 107.5 107.5 107.5 107.5 107.5 107.5 107.5 107.5 107.5 107.5 107.5 107.5 107.5 107.5 107.5 107.5 107.5 107.5 107.5 107.5 
114.6 114.6 114.6 114.6 114.6 114.6 114.6 114.6 114.6 114.6 114.6 114.8 114.8 114.8 114.8 114.8 114.8 114.8 114.8 114.8 114.8 114.8 114.8 114.8 114.8 114.8 114.8 114.8 114.8 114.8 114.8 114.8 114.8 114.8 114.8 114.8 114.8 114.8 114.8 114.8 114.8 114.8 114.8 114.8 114.8 114.8 114.8 114.8 114.8 114.8 114.8 114.8 114.8 114.8 114.8 114.8 114.8 114.8 114.8 114.8 114.8 114.8 114.8 114.8 114.8 114.8 114.8 114.8 114.8 114.8 114.8 107.5 107.5 107.5 107.5 107.5 107.5 107.5 107.5 107.5 107.5 107.5 107.5 107.5 107.5 107.5 107.5 107.5 107.5 107.5 107.5 107.5 107.5 107.5 107.5 107.5 107.5 107.5 107.5 107.5 
114.6 114.6 114.6 114.6 114.6 114.6 114.6 114.6 114.6 114.6 114.6 114.8 114.8 114.8 114.8 114.8 114.8 114.8 114.8 114.8 114.8 114.8 114.8 114.8 114.8 114.8 114.8 114.8 114.8 114.8 114.8 114.8 114.8 114.8 114.8 114.8 114.8 114.8 114.8 114.8 114.8 114.8 114.8 114.8 114.8 114.8 114.8 114.8 114.8 114.8 114.8 114.8 114.8 114.8 114.8 114.8 114.8 114.8 114.8 114.8 114.8 114.8 114.8 114.8 114.8 114.8 114.8 114.8 114.8 114.8 114.8 107.5 107.5 107.5 107.5 107.5 107.5 107.5 107.5 107.5 107.5 107.5 107.5 107.5 107.5 107.5 107.5 107.5 107.5 107.5 107.5 107.5 107.5 107.5 107.5 107.5 107.5 107.5 107.5 107.5 
114.6 114.6 114.6 114.6 114.6 114.6 114.6 114.6 114.6 114.6 114.6 114.8 114.8 114.8 114.8 114.8 114.8 114.8 114.8 114.8 114.8 114.8 114.8 114.8 114.8 114.8 114.8 114.8 114.8 114.8 114.8 114.8 114.8 114.8 114.8 114.8 114.8 114.8 114.8 114.8 114.8 114.8 114.8 114.8 114.8 114.8 114.8 114.8 114.8 114.8 114.8 114.8 114.8 114.8 114.8 114.8 114.8 114.8 114.8 114.8 114.8 114.8 114.8 114.8 114.8 114.8 114.8 114.8 114.8 114.8 114.8 107.5 107.5 107.5 107.5 107.5 107.5 107.5 107.5 107.5 107.5 107.5 107.5 107.5 107.5 107.5 107.5 107.5 107.5 107.5 107.5 107.5 107.5 107.5 107.5 107.5 107.5 107.5 107.5 107.5 
114.6 114.6 114.6 114.6 114.6 114.6 114.6 114.6 114.6 114.6 114.6 114.8 114.8 114.8 114.8 114.8 114.8 114.8 114.8 114.8 114.8 114.8 114.8 114.8 114.8 114.8 114.8 114.8 114.8 114.8 114.8 114.8 114.8 114.8 114.8 114.8 114.8 114.8 114.8 114.8 114.8 114.8 114.8 114.8 114.8 114.8 114.8 114.8 114.8 114.8 114.8 114.8 114.8 114.8 114.8 114.8 114.8 114.8 114.8 114.8 114.8 114.8 114.8 114.8 114.8 114.8 114.8 114.8 114.8 114.8 114.8 107.5 107.5 107.5 107.5 107.5 107.5 107.5 107.5 107.5 107.5 107.5 107.5 107.5 107.5 107.5 107.5 107.5 107.5 107.5 107.5 107.5 107.5 107.5 107.5 107.5 107.5 107.5 107.5 107.5 
114.6 114.6 114.6 114.6 114.6 114.6 114.6 114.6 114.6 114.6 114.6 114.8 114.8 114.8 114.8 114.8 114.8 114.8 114.8 114.8 114.8 114.8 114.8 114.8 114.8 114.8 114.8 114.8 114.8 114.8 114.8 114.8 114.8 114.8 114.8 114.8 114.8 114.8 114.8 114.8 114.8 114.8 114.8 114.8 114.8 114.8 114.8 114.8 114.8 114.8 114.8 114.8 114.8 114.8 114.8 114.8 114.8 114.8 114.8 114.8 114.8 114.8 114.8 114.8 114.8 114.8 114.8 114.8 114.8 114.8 114.8 107.5 107.5 107.5 107.5 107.5 107.5 107.5 107.5 107.5 107.5 107.5 107.5 107.5 107.5 107.5 107.5 107.5 107.5 107.5 107.5 107.5 107.5 107.5 107.5 107.5 107.5 107.5 107.5 107.5 
114.6 114.6 114.6 114.6 114.6 114.6 114.6 114.6 114.6 114.6 114.6 114.8 114.8 114.8 114.8 114.8 114.8 114.8 114.8 114.8 114.8 114.8 114.8 114.8 114.8 114.8 114.8 114.8 114.8 114.8 114.8 114.8 114.8 114.8 114.8 114.8 114.8 114.8 114.8 114.8 114.8 114.8 114.8 114.8 114.8 114.8 114.8 114.8 114.8 114.8 114.8 114.8 114.8 114.8 114.8 114.8 114.8 114.8 114.8 114.8 114.8 114.8 114.8 114.8 114.8 114.8 114.8 114.8 114.8 114.8 114.8 107.5 107.5 107.5 107.5 107.5 107.5 107.5 107.5 107.5 107.5 107.5 107.5 107.5 107.5 107.5 107.5 107.5 107.5 107.5 107.5 107.5 107.5 107.5 107.5 107.5 107.5 107.5 107.5 107.5 
114.6 114.6 114.6 114.6 114.6 114.6 114.6 114.6 114.6 114.6 114.6 114.8 114.8 114.8 114.8 114.8 114.8 114.8 114.8 114.8 114.8 114.8 114.8 114.8 114.8 114.8 114.8 114.8 114.8 114.8 114.8 114.8 114.8 114.8 114.8 114.8 114.8 114.8 114.8 114.8 114.8 114.8 114.8 114.8 114.8 114.8 114.8 114.8 114.8 114.8 114.8 114.8 114.8 114.8 114.8 114.8 114.8 114.8 114.8 114.8 114.8 114.8 114.8 114.8 114.8 114.8 114.8 114.8 114.8 114.8 114.8 107.5 107.5 107.5 107.5 107.5 107.5 107.5 107.5 107.5 107.5 107.5 107.5 107.5 107.5 107.5 107.5 107.5 107.5 107.5 107.5 107.5 107.5 107.5 107.5 107.5 107.5 107.5 107.5 107.5 
114.6 114.6 114.6 114.6 114.6 114.6 114.6 114.6 114.6 114.6 114.6 114.8 114.8 114.8 114.8 114.8 114.8 114.8 114.8 114.8 114.8 114.8 114.8 114.8 114.8 114.8 114.8 114.8 114.8 114.8 114.8 114.8 114.8 114.8 114.8 114.8 114.8 114.8 114.8 114.8 114.8 114.8 114.8 114.8 114.8 114.8 114.8 114.8 114.8 114.8 114.8 114.8 114.8 114.8 114.8 114.8 114.8 114.8 114.8 114.8 114.8 114.8 114.8 114.8 114.8 114.8 114.8 114.8 114.8 114.8 114.8 107.5 107.5 107.5 107.5 107.5 107.5 107.5 107.5 107.5 107.5 107.5 107.5 107.5 107.5 107.5 107.5 107.5 107.5 107.5 107.5 107.5 107.5 107.5 107.5 107.5 107.5 107.5 107.5 107.5 
114.6 114.6 114.6 114.6 114.6 114.6 114.6 114.6 114.6 114.6 114.6 114.8 114.8 114.8 114.8 114.8 114.8 114.8 114.8 114.8 114.8 114.8 114.8 114.8 114.8 114.8 114.8 114.8 114.8 114.8 114.8 114.8 114.8 114.8 114.8 114.8 114.8 114.8 114.8 114.8 114.8 114.8 114.8 114.8 114.8 114.8 114.8 114.8 114.8 114.8 114.8 114.8 114.8 114.8 114.8 114.8 114.8 114.8 114.8 114.8 114.8 114.8 114.8 114.8 114.8 114.8 114.8 114.8 114.8 114.8 114.8 107.5 107.5 107.5 107.5 107.5 107.5 107.5 107.5 107.5 107.5 107.5 107.5 107.5 107.5 107.5 107.5 107.5 107.5 107.5 107.5 107.5 107.5 107.5 107.5 107.5 107.5 107.5 107.5 107.5 
114.6 114.6 114.6 114.6 114.6 114.6 114.6 114.6 114.6 114.6 114.6 114.8 114.8 114.8 114.8 114.8 114.8 114.8 114.8 114.8 114.8 114.8 114.8 114.8 114.8 114.8 114.8 114.8 114.8 114.8 114.8 114.8 114.8 114.8 114.8 114.8 114.8 114.8 114.8 114.8 114.8 114.8 114.8 114.8 114.8 114.8 114.8 114.8 114.8 114.8 114.8 114.8 114.8 114.8 114.8 114.8 114.8 114.8 114.8 114.8 114.8 114.8 114.8 114.8 114.8 114.8 114.8 114.8 114.8 114.8 114.8 107.5 107.5 107.5 107.5 107.5 107.5 107.5 107.5 107.5 107.5 107.5 107.5 107.5 107.5 107.5 107.5 107.5 107.5 107.5 107.5 107.5 107.5 107.5 107.5 107.5 107.5 107.5 107.5 107.5 
114.6 114.6 114.6 114.6 114.6 114.6 114.6 114.6 114.6 114.6 114.6 114.8 114.8 114.8 114.8 114.8 114.8 114.8 114.8 114.8 114.8 114.8 114.8 114.8 114.8 114.8 114.8 114.8 114.8 114.8 114.8 114.8 114.8 114.8 114.8 114.8 114.8 114.8 114.8 114.8 114.8 114.8 114.8 114.8 114.8 114.8 114.8 114.8 114.8 114.8 114.8 114.8 114.8 114.8 114.8 114.8 114.8 114.8 114.8 114.8 114.8 114.8 114.8 114.8 114.8 114.8 114.8 114.8 114.8 114.8 114.8 107.5 107.5 107.5 107.5 107.5 107.5 107.5 107.5 107.5 107.5 107.5 107.5 107.5 107.5 107.5 107.5 107.5 107.5 107.5 107.5 107.5 107.5 107.5 107.5 107.5 107.5 107.5 107.5 107.5 
114.6 114.6 114.6 114.6 114.6 114.6 114.6 114.6 114.6 114.6 114.6 114.8 114.8 114.8 114.8 114.8 114.8 114.8 114.8 114.8 114.8 114.8 114.8 114.8 114.8 114.8 114.8 114.8 114.8 114.8 114.8 114.8 114.8 114.8 114.8 114.8 114.8 114.8 114.8 114.8 114.8 114.8 114.8 114.8 114.8 114.8 114.8 114.8 114.8 114.8 114.8 114.8 114.8 114.8 114.8 114.8 114.8 114.8 114.8 114.8 114.8 114.8 114.8 114.8 114.8 114.8 114.8 114.8 114.8 114.8 114.8 107.5 107.5 107.5 107.5 107.5 107.5 107.5 107.5 107.5 107.5 107.5 107.5 107.5 107.5 107.5 107.5 107.5 107.5 107.5 107.5 107.5 107.5 107.5 107.5 107.5 107.5 107.5 107.5 107.5 
114.6 114.6 114.6 114.6 114.6 114.6 114.6 114.6 114.6 114.6 114.6 114.8 114.8 114.8 114.8 114.8 114.8 114.8 114.8 114.8 114.8 114.8 114.8 114.8 114.8 114.8 114.8 114.8 114.8 114.8 114.8 114.8 114.8 114.8 114.8 114.8 114.8 114.8 114.8 114.8 114.8 114.8 114.8 114.8 114.8 114.8 114.8 114.8 114.8 114.8 114.8 114.8 114.8 114.8 114.8 114.8 114.8 114.8 114.8 114.8 114.8 114.8 114.8 114.8 114.8 114.8 114.8 114.8 114.8 114.8 114.8 107.5 107.5 107.5 107.5 107.5 107.5 107.5 107.5 107.5 107.5 107.5 107.5 107.5 107.5 107.5 107.5 107.5 107.5 107.5 107.5 107.5 107.5 107.5 107.5 107.5 107.5 107.5 107.5 107.5 
114.6 114.6 114.6 114.6 114.6 114.6 114.6 114.6 114.6 114.6 114.6 114.8 114.8 114.8 114.8 114.8 114.8 114.8 114.8 114.8 114.8 114.8 114.8 114.8 114.8 114.8 114.8 114.8 114.8 114.8 114.8 114.8 114.8 114.8 114.8 114.8 114.8 114.8 114.8 114.8 114.8 114.8 114.8 114.8 114.8 114.8 114.8 114.8 114.8 114.8 114.8 114.8 114.8 114.8 114.8 114.8 114.8 114.8 114.8 114.8 114.8 114.8 114.8 114.8 114.8 114.8 114.8 114.8 114.8 114.8 114.8 107.5 107.5 107.5 107.5 107.5 107.5 107.5 107.5 107.5 107.5 107.5 107.5 107.5 107.5 107.5 107.5 107.5 107.5 107.5 107.5 107.5 107.5 107.5 107.5 107.5 107.5 107.5 107.5 107.5 
114.6 114.6 114.6 114.6 114.6 114.6 114.6 114.6 114.6 114.6 114.6 114.8 114.8 114.8 114.8 114.8 114.8 114.8 114.8 114.8 114.8 114.8 114.8 114.8 114.8 114.8 114.8 114.8 114.8 114.8 114.8 114.8 114.8 114.8 114.8 114.8 114.8 114.8 114.8 114.8 114.8 114.8 114.8 114.8 114.8 114.8 114.8 114.8 114.8 114.8 114.8 114.8 114.8 114.8 114.8 114.8 114.8 114.8 114.8 114.8 114.8 114.8 114.8 114.8 114.8 114.8 114.8 114.8 114.8 114.8 114.8 107.5 107.5 107.5 107.5 107.5 107.5 107.5 107.5 107.5 107.5 107.5 107.5 107.5 107.5 107.5 107.5 107.5 107.5 107.5 107.5 107.5 107.5 107.5 107.5 107.5 107.5 107.5 107.5 107.5 
114.6 114.6 114.6 114.6 114.6 114.6 114.6 114.6 114.6 114.6 114.6 114.8 114.8 114.8 114.8 114.8 114.8 114.8 114.8 114.8 114.8 114.8 114.8 114.8 114.8 114.8 114.8 114.8 114.8 114.8 114.8 114.8 114.8 114.8 114.8 114.8 114.8 114.8 114.8 114.8 114.8 114.8 114.8 114.8 114.8 114.8 114.8 114.8 114.8 114.8 114.8 114.8 114.8 114.8 114.8 114.8 114.8 114.8 114.8 114.8 114.8 114.8 114.8 114.8 114.8 114.8 114.8 114.8 114.8 114.8 114.8 107.5 107.5 107.5 107.5 107.5 107.5 107.5 107.5 107.5 107.5 107.5 107.5 107.5 107.5 107.5 107.5 107.5 107.5 107.5 107.5 107.5 107.5 107.5 107.5 107.5 107.5 107.5 107.5 107.5 
114.6 114.6 114.6 114.6 114.6 114.6 114.6 114.6 114.6 114.6 114.6 114.8 114.8 114.8 114.8 114.8 114.8 114.8 114.8 114.8 114.8 114.8 114.8 114.8 114.8 114.8 114.8 114.8 114.8 114.8 114.8 114.8 114.8 114.8 114.8 114.8 114.8 114.8 114.8 114.8 114.8 114.8 114.8 114.8 114.8 114.8 114.8 114.8 114.8 114.8 114.8 114.8 114.8 114.8 114.8 114.8 114.8 114.8 114.8 114.8 114.8 114.8 114.8 114.8 114.8 114.8 114.8 114.8 114.8 114.8 114.8 107.5 107.5 107.5 107.5 107.5 107.5 107.5 107.5 107.5 107.5 107.5 107.5 107.5 107.5 107.5 107.5 107.5 107.5 107.5 107.5 107.5 107.5 107.5 107.5 107.5 107.5 107.5 107.5 107.5 
114.6 114.6 114.6 114.6 114.6 114.6 114.6 114.6 114.6 114.6 114.6 114.8 114.8 114.8 114.8 114.8 114.8 114.8 114.8 114.8 114.8 114.8 114.8 114.8 114.8 114.8 114.8 114.8 114.8 114.8 114.8 114.8 114.8 114.8 114.8 114.8 114.8 114.8 114.8 114.8 114.8 114.8 114.8 114.8 114.8 114.8 114.8 114.8 114.8 114.8 114.8 114.8 114.8 114.8 114.8 114.8 114.8 114.8 114.8 114.8 114.8 114.8 114.8 114.8 114.8 114.8 114.8 114.8 114.8 114.8 114.8 107.5 107.5 107.5 107.5 107.5 107.5 107.5 107.5 107.5 107.5 107.5 107.5 107.5 107.5 107.5 107.5 107.5 107.5 107.5 107.5 107.5 107.5 107.5 107.5 107.5 107.5 107.5 107.5 107.5 
114.6 114.6 114.6 114.6 114.6 114.6 114.6 114.6 114.6 114.6 114.6 114.8 114.8 114.8 114.8 114.8 114.8 114.8 114.8 114.8 114.8 114.8 114.8 114.8 114.8 114.8 114.8 114.8 114.8 114.8 114.8 114.8 114.8 114.8 114.8 114.8 114.8 114.8 114.8 114.8 114.8 114.8 114.8 114.8 114.8 114.8 114.8 114.8 114.8 114.8 114.8 114.8 114.8 114.8 114.8 114.8 114.8 114.8 114.8 114.8 114.8 114.8 114.8 114.8 114.8 114.8 114.8 114.8 114.8 114.8 114.8 107.5 107.5 107.5 107.5 107.5 107.5 107.5 107.5 107.5 107.5 107.5 107.5 107.5 107.5 107.5 107.5 107.5 107.5 107.5 107.5 107.5 107.5 107.5 107.5 107.5 107.5 107.5 107.5 107.5 
114.6 114.6 114.6 114.6 114.6 114.6 114.6 114.6 114.6 114.6 114.6 114.8 114.8 114.8 114.8 114.8 114.8 114.8 114.8 114.8 114.8 114.8 114.8 114.8 114.8 114.8 114.8 114.8 114.8 114.8 114.8 114.8 114.8 114.8 114.8 114.8 114.8 114.8 114.8 114.8 114.8 114.8 114.8 114.8 114.8 114.8 114.8 114.8 114.8 114.8 114.8 114.8 114.8 114.8 114.8 114.8 114.8 114.8 114.8 114.8 114.8 114.8 114.8 114.8 114.8 114.8 114.8 114.8 114.8 114.8 114.8 107.5 107.5 107.5 107.5 107.5 107.5 107.5 107.5 107.5 107.5 107.5 107.5 107.5 107.5 107.5 107.5 107.5 107.5 107.5 107.5 107.5 107.5 107.5 107.5 107.5 107.5 107.5 107.5 107.5 
114.6 114.6 114.6 114.6 114.6 114.6 114.6 114.6 114.6 114.6 114.6 114.8 114.8 114.8 114.8 114.8 114.8 114.8 114.8 114.8 114.8 114.8 114.8 114.8 114.8 114.8 114.8 114.8 114.8 114.8 114.8 114.8 114.8 114.8 114.8 114.8 114.8 114.8 114.8 114.8 114.8 114.8 114.8 114.8 114.8 114.8 114.8 114.8 114.8 114.8 114.8 114.8 114.8 114.8 114.8 114.8 114.8 114.8 114.8 114.8 114.8 114.8 114.8 114.8 114.8 114.8 114.8 114.8 114.8 114.8 114.8 107.5 107.5 107.5 107.5 107.5 107.5 107.5 107.5 107.5 107.5 107.5 107.5 107.5 107.5 107.5 107.5 107.5 107.5 107.5 107.5 107.5 107.5 107.5 107.5 107.5 107.5 107.5 107.5 107.5 
114.6 114.6 114.6 114.6 114.6 114.6 114.6 114.6 114.6 114.6 114.6 114.8 114.8 114.8 114.8 114.8 114.8 114.8 114.8 114.8 114.8 114.8 114.8 114.8 114.8 114.8 114.8 114.8 114.8 114.8 114.8 114.8 114.8 114.8 114.8 114.8 114.8 114.8 114.8 114.8 114.8 114.8 114.8 114.8 114.8 114.8 114.8 114.8 114.8 114.8 114.8 114.8 114.8 114.8 114.8 114.8 114.8 114.8 114.8 114.8 114.8 114.8 114.8 114.8 114.8 114.8 114.8 114.8 114.8 114.8 114.8 107.5 107.5 107.5 107.5 107.5 107.5 107.5 107.5 107.5 107.5 107.5 107.5 107.5 107.5 107.5 107.5 107.5 107.5 107.5 107.5 107.5 107.5 107.5 107.5 107.5 107.5 107.5 107.5 107.5 
114.6 114.6 114.6 114.6 114.6 114.6 114.6 114.6 114.6 114.6 114.6 114.8 114.8 114.8 114.8 114.8 114.8 114.8 114.8 114.8 114.8 114.8 114.8 114.8 114.8 114.8 114.8 114.8 114.8 114.8 114.8 114.8 114.8 114.8 114.8 114.8 114.8 114.8 114.8 114.8 114.8 114.8 114.8 114.8 114.8 114.8 114.8 114.8 114.8 114.8 114.8 114.8 114.8 114.8 114.8 114.8 114.8 114.8 114.8 114.8 114.8 114.8 114.8 114.8 114.8 114.8 114.8 114.8 114.8 114.8 114.8 107.5 107.5 107.5 107.5 107.5 107.5 107.5 107.5 107.5 107.5 107.5 107.5 107.5 107.5 107.5 107.5 107.5 107.5 107.5 107.5 107.5 107.5 107.5 107.5 107.5 107.5 107.5 107.5 107.5 
114.6 114.6 114.6 114.6 114.6 114.6 114.6 114.6 114.6 114.6 114.6 114.8 114.8 114.8 114.8 114.8 114.8 114.8 114.8 114.8 114.8 114.8 114.8 114.8 114.8 114.8 114.8 114.8 114.8 114.8 114.8 114.8 114.8 114.8 114.8 114.8 114.8 114.8 114.8 114.8 114.8 114.8 114.8 114.8 114.8 114.8 114.8 114.8 114.8 114.8 114.8 114.8 114.8 114.8 114.8 114.8 114.8 114.8 114.8 114.8 114.8 114.8 114.8 114.8 114.8 114.8 114.8 114.8 114.8 114.8 114.8 107.5 107.5 107.5 107.5 107.5 107.5 107.5 107.5 107.5 107.5 107.5 107.5 107.5 107.5 107.5 107.5 107.5 107.5 107.5 107.5 107.5 107.5 107.5 107.5 107.5 107.5 107.5 107.5 107.5 
114.6 114.6 114.6 114.6 114.6 114.6 114.6 114.6 114.6 114.6 114.6 114.8 114.8 114.8 114.8 114.8 114.8 114.8 114.8 114.8 114.8 114.8 114.8 114.8 114.8 114.8 114.8 114.8 114.8 114.8 114.8 114.8 114.8 114.8 114.8 114.8 114.8 114.8 114.8 114.8 114.8 114.8 114.8 114.8 114.8 114.8 114.8 114.8 114.8 114.8 114.8 114.8 114.8 114.8 114.8 114.8 114.8 114.8 114.8 114.8 114.8 114.8 114.8 114.8 114.8 114.8 114.8 114.8 114.8 114.8 114.8 107.5 107.5 107.5 107.5 107.5 107.5 107.5 107.5 107.5 107.5 107.5 107.5 107.5 107.5 107.5 107.5 107.5 107.5 107.5 107.5 107.5 107.5 107.5 107.5 107.5 107.5 107.5 107.5 107.5 
114.6 114.6 114.6 114.6 114.6 114.6 114.6 114.6 114.6 114.6 114.6 114.8 114.8 114.8 114.8 114.8 114.8 114.8 114.8 114.8 114.8 114.8 114.8 114.8 114.8 114.8 114.8 114.8 114.8 114.8 114.8 114.8 114.8 114.8 114.8 114.8 114.8 114.8 114.8 114.8 114.8 114.8 114.8 114.8 114.8 114.8 114.8 114.8 114.8 114.8 114.8 114.8 114.8 114.8 114.8 114.8 114.8 114.8 114.8 114.8 114.8 114.8 114.8 114.8 114.8 114.8 114.8 114.8 114.8 114.8 114.8 107.5 107.5 107.5 107.5 107.5 107.5 107.5 107.5 107.5 107.5 107.5 107.5 107.5 107.5 107.5 107.5 107.5 107.5 107.5 107.5 107.5 107.5 107.5 107.5 107.5 107.5 107.5 107.5 107.5 
114.6 114.6 114.6 114.6 114.6 114.6 114.6 114.6 114.6 114.6 114.6 114.8 114.8 114.8 114.8 114.8 114.8 114.8 114.8 114.8 114.8 114.8 114.8 114.8 114.8 114.8 114.8 114.8 114.8 114.8 114.8 114.8 114.8 114.8 114.8 114.8 114.8 114.8 114.8 114.8 114.8 114.8 114.8 114.8 114.8 114.8 114.8 114.8 114.8 114.8 114.8 114.8 114.8 114.8 114.8 114.8 114.8 114.8 114.8 114.8 114.8 114.8 114.8 114.8 114.8 114.8 114.8 114.8 114.8 114.8 114.8 107.5 107.5 107.5 107.5 107.5 107.5 107.5 107.5 107.5 107.5 107.5 107.5 107.5 107.5 107.5 107.5 107.5 107.5 107.5 107.5 107.5 107.5 107.5 107.5 107.5 107.5 107.5 107.5 107.5 
114.6 114.6 114.6 114.6 114.6 114.6 114.6 114.6 114.6 114.6 114.6 114.8 114.8 114.8 114.8 114.8 114.8 114.8 114.8 114.8 114.8 114.8 114.8 114.8 114.8 114.8 114.8 114.8 114.8 114.8 114.8 114.8 114.8 114.8 114.8 114.8 114.8 114.8 114.8 114.8 114.8 114.8 114.8 114.8 114.8 114.8 114.8 114.8 114.8 114.8 114.8 114.8 114.8 114.8 114.8 114.8 114.8 114.8 114.8 114.8 114.8 114.8 114.8 114.8 114.8 114.8 114.8 114.8 114.8 114.8 114.8 107.5 107.5 107.5 107.5 107.5 107.5 107.5 107.5 107.5 107.5 107.5 107.5 107.5 107.5 107.5 107.5 107.5 107.5 107.5 107.5 107.5 107.5 107.5 107.5 107.5 107.5 107.5 107.5 107.5 
114.6 114.6 114.6 114.6 114.6 114.6 114.6 114.6 114.6 114.6 114.6 114.8 114.8 114.8 114.8 114.8 114.8 114.8 114.8 114.8 114.8 114.8 114.8 114.8 114.8 114.8 114.8 114.8 114.8 114.8 114.8 114.8 114.8 114.8 114.8 114.8 114.8 114.8 114.8 114.8 114.8 114.8 114.8 114.8 114.8 114.8 114.8 114.8 114.8 114.8 114.8 114.8 114.8 114.8 114.8 114.8 114.8 114.8 114.8 114.8 114.8 114.8 114.8 114.8 114.8 114.8 114.8 114.8 114.8 114.8 114.8 107.5 107.5 107.5 107.5 107.5 107.5 107.5 107.5 107.5 107.5 107.5 107.5 107.5 107.5 107.5 107.5 107.5 107.5 107.5 107.5 107.5 107.5 107.5 107.5 107.5 107.5 107.5 107.5 107.5 
114.6 114.6 114.6 114.6 114.6 114.6 114.6 114.6 114.6 114.6 114.6 114.8 114.8 114.8 114.8 114.8 114.8 114.8 114.8 114.8 114.8 114.8 114.8 114.8 114.8 114.8 114.8 114.8 114.8 114.8 114.8 114.8 114.8 114.8 114.8 114.8 114.8 114.8 114.8 114.8 114.8 114.8 114.8 114.8 114.8 114.8 114.8 114.8 114.8 114.8 114.8 114.8 114.8 114.8 114.8 114.8 114.8 114.8 114.8 114.8 114.8 114.8 114.8 114.8 114.8 114.8 114.8 114.8 114.8 114.8 114.8 107.5 107.5 107.5 107.5 107.5 107.5 107.5 107.5 107.5 107.5 107.5 107.5 107.5 107.5 107.5 107.5 107.5 107.5 107.5 107.5 107.5 107.5 107.5 107.5 107.5 107.5 107.5 107.5 107.5 
114.6 114.6 114.6 114.6 114.6 114.6 114.6 114.6 114.6 114.6 114.6 114.8 114.8 114.8 114.8 114.8 114.8 114.8 114.8 114.8 114.8 114.8 114.8 114.8 114.8 114.8 114.8 114.8 114.8 114.8 114.8 114.8 114.8 114.8 114.8 114.8 114.8 114.8 114.8 114.8 114.8 114.8 114.8 114.8 114.8 114.8 114.8 114.8 114.8 114.8 114.8 114.8 114.8 114.8 114.8 114.8 114.8 114.8 114.8 114.8 114.8 114.8 114.8 114.8 114.8 114.8 114.8 114.8 114.8 114.8 114.8 107.5 107.5 107.5 107.5 107.5 107.5 107.5 107.5 107.5 107.5 107.5 107.5 107.5 107.5 107.5 107.5 107.5 107.5 107.5 107.5 107.5 107.5 107.5 107.5 107.5 107.5 107.5 107.5 107.5 
114.6 114.6 114.6 114.6 114.6 114.6 114.6 114.6 114.6 114.6 114.6 114.8 114.8 114.8 114.8 114.8 114.8 114.8 114.8 114.8 114.8 114.8 114.8 114.8 114.8 114.8 114.8 114.8 114.8 114.8 114.8 114.8 114.8 114.8 114.8 114.8 114.8 114.8 114.8 114.8 114.8 114.8 114.8 114.8 114.8 114.8 114.8 114.8 114.8 114.8 114.8 114.8 114.8 114.8 114.8 114.8 114.8 114.8 114.8 114.8 114.8 114.8 114.8 114.8 114.8 114.8 114.8 114.8 114.8 114.8 114.8 107.5 107.5 107.5 107.5 107.5 107.5 107.5 107.5 107.5 107.5 107.5 107.5 107.5 107.5 107.5 107.5 107.5 107.5 107.5 107.5 107.5 107.5 107.5 107.5 107.5 107.5 107.5 107.5 107.5 
114.6 114.6 114.6 114.6 114.6 114.6 114.6 114.6 114.6 114.6 114.6 114.8 114.8 114.8 114.8 114.8 114.8 114.8 114.8 114.8 114.8 114.8 114.8 114.8 114.8 114.8 114.8 114.8 114.8 114.8 114.8 114.8 114.8 114.8 114.8 114.8 114.8 114.8 114.8 114.8 114.8 114.8 114.8 114.8 114.8 114.8 114.8 114.8 114.8 114.8 114.8 114.8 114.8 114.8 114.8 114.8 114.8 114.8 114.8 114.8 114.8 114.8 114.8 114.8 114.8 114.8 114.8 114.8 114.8 114.8 114.8 107.5 107.5 107.5 107.5 107.5 107.5 107.5 107.5 107.5 107.5 107.5 107.5 107.5 107.5 107.5 107.5 107.5 107.5 107.5 107.5 107.5 107.5 107.5 107.5 107.5 107.5 107.5 107.5 107.5 
114.6 114.6 114.6 114.6 114.6 114.6 114.6 114.6 114.6 114.6 114.6 114.8 114.8 114.8 114.8 114.8 114.8 114.8 114.8 114.8 114.8 114.8 114.8 114.8 114.8 114.8 114.8 114.8 114.8 114.8 114.8 114.8 114.8 114.8 114.8 114.8 114.8 114.8 114.8 114.8 114.8 114.8 114.8 114.8 114.8 114.8 114.8 114.8 114.8 114.8 114.8 114.8 114.8 114.8 114.8 114.8 114.8 114.8 114.8 114.8 114.8 114.8 114.8 114.8 114.8 114.8 114.8 114.8 114.8 114.8 114.8 107.5 107.5 107.5 107.5 107.5 107.5 107.5 107.5 107.5 107.5 107.5 107.5 107.5 107.5 107.5 107.5 107.5 107.5 107.5 107.5 107.5 107.5 107.5 107.5 107.5 107.5 107.5 107.5 107.5 
114.6 114.6 114.6 114.6 114.6 114.6 114.6 114.6 114.6 114.6 114.6 114.8 114.8 114.8 114.8 114.8 114.8 114.8 114.8 114.8 114.8 114.8 114.8 114.8 114.8 114.8 114.8 114.8 114.8 114.8 114.8 114.8 114.8 114.8 114.8 114.8 114.8 114.8 114.8 114.8 114.8 114.8 114.8 114.8 114.8 114.8 114.8 114.8 114.8 114.8 114.8 114.8 114.8 114.8 114.8 114.8 114.8 114.8 114.8 114.8 114.8 114.8 114.8 114.8 114.8 114.8 114.8 114.8 114.8 114.8 114.8 107.5 107.5 107.5 107.5 107.5 107.5 107.5 107.5 107.5 107.5 107.5 107.5 107.5 107.5 107.5 107.5 107.5 107.5 107.5 107.5 107.5 107.5 107.5 107.5 107.5 107.5 107.5 107.5 107.5 
114.6 114.6 114.6 114.6 114.6 114.6 114.6 114.6 114.6 114.6 114.6 114.8 114.8 114.8 114.8 114.8 114.8 114.8 114.8 114.8 114.8 114.8 114.8 114.8 114.8 114.8 114.8 114.8 114.8 114.8 114.8 114.8 114.8 114.8 114.8 114.8 114.8 114.8 114.8 114.8 114.8 114.8 114.8 114.8 114.8 114.8 114.8 114.8 114.8 114.8 114.8 114.8 114.8 114.8 114.8 114.8 114.8 114.8 114.8 114.8 114.8 114.8 114.8 114.8 114.8 114.8 114.8 114.8 114.8 114.8 114.8 107.5 107.5 107.5 107.5 107.5 107.5 107.5 107.5 107.5 107.5 107.5 107.5 107.5 107.5 107.5 107.5 107.5 107.5 107.5 107.5 107.5 107.5 107.5 107.5 107.5 107.5 107.5 107.5 107.5 
114.6 114.6 114.6 114.6 114.6 114.6 114.6 114.6 114.6 114.6 114.6 114.8 114.8 114.8 114.8 114.8 114.8 114.8 114.8 114.8 114.8 114.8 114.8 114.8 114.8 114.8 114.8 114.8 114.8 114.8 114.8 114.8 114.8 114.8 114.8 114.8 114.8 114.8 114.8 114.8 114.8 114.8 114.8 114.8 114.8 114.8 114.8 114.8 114.8 114.8 114.8 114.8 114.8 114.8 114.8 114.8 114.8 114.8 114.8 114.8 114.8 114.8 114.8 114.8 114.8 114.8 114.8 114.8 114.8 114.8 114.8 107.5 107.5 107.5 107.5 107.5 107.5 107.5 107.5 107.5 107.5 107.5 107.5 107.5 107.5 107.5 107.5 107.5 107.5 107.5 107.5 107.5 107.5 107.5 107.5 107.5 107.5 107.5 107.5 107.5 
114.6 114.6 114.6 114.6 114.6 114.6 114.6 114.6 114.6 114.6 114.6 114.8 114.8 114.8 114.8 114.8 114.8 114.8 114.8 114.8 114.8 114.8 114.8 114.8 114.8 114.8 114.8 114.8 114.8 114.8 114.8 114.8 114.8 114.8 114.8 114.8 114.8 114.8 114.8 114.8 114.8 114.8 114.8 114.8 114.8 114.8 114.8 114.8 114.8 114.8 114.8 114.8 114.8 114.8 114.8 114.8 114.8 114.8 114.8 114.8 114.8 114.8 114.8 114.8 114.8 114.8 114.8 114.8 114.8 114.8 114.8 107.5 107.5 107.5 107.5 107.5 107.5 107.5 107.5 107.5 107.5 107.5 107.5 107.5 107.5 107.5 107.5 107.5 107.5 107.5 107.5 107.5 107.5 107.5 107.5 107.5 107.5 107.5 107.5 107.5 
114.6 114.6 114.6 114.6 114.6 114.6 114.6 114.6 114.6 114.6 114.6 114.8 114.8 114.8 114.8 114.8 114.8 114.8 114.8 114.8 114.8 114.8 114.8 114.8 114.8 114.8 114.8 114.8 114.8 114.8 114.8 114.8 114.8 114.8 114.8 114.8 114.8 114.8 114.8 114.8 114.8 114.8 114.8 114.8 114.8 114.8 114.8 114.8 114.8 114.8 114.8 114.8 114.8 114.8 114.8 114.8 114.8 114.8 114.8 114.8 114.8 114.8 114.8 114.8 114.8 114.8 114.8 114.8 114.8 114.8 114.8 107.5 107.5 107.5 107.5 107.5 107.5 107.5 107.5 107.5 107.5 107.5 107.5 107.5 107.5 107.5 107.5 107.5 107.5 107.5 107.5 107.5 107.5 107.5 107.5 107.5 107.5 107.5 107.5 107.5 
114.6 114.6 114.6 114.6 114.6 114.6 114.6 114.6 114.6 114.6 114.6 114.8 114.8 114.8 114.8 114.8 114.8 114.8 114.8 114.8 114.8 114.8 114.8 114.8 114.8 114.8 114.8 114.8 114.8 114.8 114.8 114.8 114.8 114.8 114.8 114.8 114.8 114.8 114.8 114.8 114.8 114.8 114.8 114.8 114.8 114.8 114.8 114.8 114.8 114.8 114.8 114.8 114.8 114.8 114.8 114.8 114.8 114.8 114.8 114.8 114.8 114.8 114.8 114.8 114.8 114.8 114.8 114.8 114.8 114.8 114.8 107.5 107.5 107.5 107.5 107.5 107.5 107.5 107.5 107.5 107.5 107.5 107.5 107.5 107.5 107.5 107.5 107.5 107.5 107.5 107.5 107.5 107.5 107.5 107.5 107.5 107.5 107.5 107.5 107.5 
114.6 114.6 114.6 114.6 114.6 114.6 114.6 114.6 114.6 114.6 114.6 114.8 114.8 114.8 114.8 114.8 114.8 114.8 114.8 114.8 114.8 114.8 114.8 114.8 114.8 114.8 114.8 114.8 114.8 114.8 114.8 114.8 114.8 114.8 114.8 114.8 114.8 114.8 114.8 114.8 114.8 114.8 114.8 114.8 114.8 114.8 114.8 114.8 114.8 114.8 114.8 114.8 114.8 114.8 114.8 114.8 114.8 114.8 114.8 114.8 114.8 114.8 114.8 114.8 114.8 114.8 114.8 114.8 114.8 114.8 114.8 107.5 107.5 107.5 107.5 107.5 107.5 107.5 107.5 107.5 107.5 107.5 107.5 107.5 107.5 107.5 107.5 107.5 107.5 107.5 107.5 107.5 107.5 107.5 107.5 107.5 107.5 107.5 107.5 107.5 
114.6 114.6 114.6 114.6 114.6 114.6 114.6 114.6 114.6 114.6 114.6 114.8 114.8 114.8 114.8 114.8 114.8 114.8 114.8 114.8 114.8 114.8 114.8 114.8 114.8 114.8 114.8 114.8 114.8 114.8 114.8 114.8 114.8 114.8 114.8 114.8 114.8 114.8 114.8 114.8 114.8 114.8 114.8 114.8 114.8 114.8 114.8 114.8 114.8 114.8 114.8 114.8 114.8 114.8 114.8 114.8 114.8 114.8 114.8 114.8 114.8 114.8 114.8 114.8 114.8 114.8 114.8 114.8 114.8 114.8 114.8 107.5 107.5 107.5 107.5 107.5 107.5 107.5 107.5 107.5 107.5 107.5 107.5 107.5 107.5 107.5 107.5 107.5 107.5 107.5 107.5 107.5 107.5 107.5 107.5 107.5 107.5 107.5 107.5 107.5 
114.6 114.6 114.6 114.6 114.6 114.6 114.6 114.6 114.6 114.6 114.6 114.8 114.8 114.8 114.8 114.8 114.8 114.8 114.8 114.8 114.8 114.8 114.8 114.8 114.8 114.8 114.8 114.8 114.8 114.8 114.8 114.8 114.8 114.8 114.8 114.8 114.8 114.8 114.8 114.8 114.8 114.8 114.8 114.8 114.8 114.8 114.8 114.8 114.8 114.8 114.8 114.8 114.8 114.8 114.8 114.8 114.8 114.8 114.8 114.8 114.8 114.8 114.8 114.8 114.8 114.8 114.8 114.8 114.8 114.8 114.8 107.5 107.5 107.5 107.5 107.5 107.5 107.5 107.5 107.5 107.5 107.5 107.5 107.5 107.5 107.5 107.5 107.5 107.5 107.5 107.5 107.5 107.5 107.5 107.5 107.5 107.5 107.5 107.5 107.5 
114.6 114.6 114.6 114.6 114.6 114.6 114.6 114.6 114.6 114.6 114.6 114.8 114.8 114.8 114.8 114.8 114.8 114.8 114.8 114.8 114.8 114.8 114.8 114.8 114.8 114.8 114.8 114.8 114.8 114.8 114.8 114.8 114.8 114.8 114.8 114.8 114.8 114.8 114.8 114.8 114.8 114.8 114.8 114.8 114.8 114.8 114.8 114.8 114.8 114.8 114.8 114.8 114.8 114.8 114.8 114.8 114.8 114.8 114.8 114.8 114.8 114.8 114.8 114.8 114.8 114.8 114.8 114.8 114.8 114.8 114.8 107.5 107.5 107.5 107.5 107.5 107.5 107.5 107.5 107.5 107.5 107.5 107.5 107.5 107.5 107.5 107.5 107.5 107.5 107.5 107.5 107.5 107.5 107.5 107.5 107.5 107.5 107.5 107.5 107.5 
114.6 114.6 114.6 114.6 114.6 114.6 114.6 114.6 114.6 114.6 114.6 114.8 114.8 114.8 114.8 114.8 114.8 114.8 114.8 114.8 114.8 114.8 114.8 114.8 114.8 114.8 114.8 114.8 114.8 114.8 114.8 114.8 114.8 114.8 114.8 114.8 114.8 114.8 114.8 114.8 114.8 114.8 114.8 114.8 114.8 114.8 114.8 114.8 114.8 114.8 114.8 114.8 114.8 114.8 114.8 114.8 114.8 114.8 114.8 114.8 114.8 114.8 114.8 114.8 114.8 114.8 114.8 114.8 114.8 114.8 114.8 107.5 107.5 107.5 107.5 107.5 107.5 107.5 107.5 107.5 107.5 107.5 107.5 107.5 107.5 107.5 107.5 107.5 107.5 107.5 107.5 107.5 107.5 107.5 107.5 107.5 107.5 107.5 107.5 107.5 
114.6 114.6 114.6 114.6 114.6 114.6 114.6 114.6 114.6 114.6 114.6 114.8 114.8 114.8 114.8 114.8 114.8 114.8 114.8 114.8 114.8 114.8 114.8 114.8 114.8 114.8 114.8 114.8 114.8 114.8 114.8 114.8 114.8 114.8 114.8 114.8 114.8 114.8 114.8 114.8 114.8 114.8 114.8 114.8 114.8 114.8 114.8 114.8 114.8 114.8 114.8 114.8 114.8 114.8 114.8 114.8 114.8 114.8 114.8 114.8 114.8 114.8 114.8 114.8 114.8 114.8 114.8 114.8 114.8 114.8 114.8 107.5 107.5 107.5 107.5 107.5 107.5 107.5 107.5 107.5 107.5 107.5 107.5 107.5 107.5 107.5 107.5 107.5 107.5 107.5 107.5 107.5 107.5 107.5 107.5 107.5 107.5 107.5 107.5 107.5 
114.6 114.6 114.6 114.6 114.6 114.6 114.6 114.6 114.6 114.6 114.6 114.8 114.8 114.8 114.8 114.8 114.8 114.8 114.8 114.8 114.8 114.8 114.8 114.8 114.8 114.8 114.8 114.8 114.8 114.8 114.8 114.8 114.8 114.8 114.8 114.8 114.8 114.8 114.8 114.8 114.8 114.8 114.8 114.8 114.8 114.8 114.8 114.8 114.8 114.8 114.8 114.8 114.8 114.8 114.8 114.8 114.8 114.8 114.8 114.8 114.8 114.8 114.8 114.8 114.8 114.8 114.8 114.8 114.8 114.8 114.8 107.5 107.5 107.5 107.5 107.5 107.5 107.5 107.5 107.5 107.5 107.5 107.5 107.5 107.5 107.5 107.5 107.5 107.5 107.5 107.5 107.5 107.5 107.5 107.5 107.5 107.5 107.5 107.5 107.5 
114.6 114.6 114.6 114.6 114.6 114.6 114.6 114.6 114.6 114.6 114.6 114.8 114.8 114.8 114.8 114.8 114.8 114.8 114.8 114.8 114.8 114.8 114.8 114.8 114.8 114.8 114.8 114.8 114.8 114.8 114.8 114.8 114.8 114.8 114.8 114.8 114.8 114.8 114.8 114.8 114.8 114.8 114.8 114.8 114.8 114.8 114.8 114.8 114.8 114.8 114.8 114.8 114.8 114.8 114.8 114.8 114.8 114.8 114.8 114.8 114.8 114.8 114.8 114.8 114.8 114.8 114.8 114.8 114.8 114.8 114.8 107.5 107.5 107.5 107.5 107.5 107.5 107.5 107.5 107.5 107.5 107.5 107.5 107.5 107.5 107.5 107.5 107.5 107.5 107.5 107.5 107.5 107.5 107.5 107.5 107.5 107.5 107.5 107.5 107.5 
114.6 114.6 114.6 114.6 114.6 114.6 114.6 114.6 114.6 114.6 114.6 114.8 114.8 114.8 114.8 114.8 114.8 114.8 114.8 114.8 114.8 114.8 114.8 114.8 114.8 114.8 114.8 114.8 114.8 114.8 114.8 114.8 114.8 114.8 114.8 114.8 114.8 114.8 114.8 114.8 114.8 114.8 114.8 114.8 114.8 114.8 114.8 114.8 114.8 114.8 114.8 114.8 114.8 114.8 114.8 114.8 114.8 114.8 114.8 114.8 114.8 114.8 114.8 114.8 114.8 114.8 114.8 114.8 114.8 114.8 114.8 107.5 107.5 107.5 107.5 107.5 107.5 107.5 107.5 107.5 107.5 107.5 107.5 107.5 107.5 107.5 107.5 107.5 107.5 107.5 107.5 107.5 107.5 107.5 107.5 107.5 107.5 107.5 107.5 107.5 
114.6 114.6 114.6 114.6 114.6 114.6 114.6 114.6 114.6 114.6 114.6 114.8 114.8 114.8 114.8 114.8 114.8 114.8 114.8 114.8 114.8 114.8 114.8 114.8 114.8 114.8 114.8 114.8 114.8 114.8 114.8 114.8 114.8 114.8 114.8 114.8 114.8 114.8 114.8 114.8 114.8 114.8 114.8 114.8 114.8 114.8 114.8 114.8 114.8 114.8 114.8 114.8 114.8 114.8 114.8 114.8 114.8 114.8 114.8 114.8 114.8 114.8 114.8 114.8 114.8 114.8 114.8 114.8 114.8 114.8 114.8 107.5 107.5 107.5 107.5 107.5 107.5 107.5 107.5 107.5 107.5 107.5 107.5 107.5 107.5 107.5 107.5 107.5 107.5 107.5 107.5 107.5 107.5 107.5 107.5 107.5 107.5 107.5 107.5 107.5 
133.5 133.5 133.5 133.5 133.5 133.5 133.5 133.5 133.5 133.5 133.5 131.6 131.6 131.6 131.6 131.6 131.6 131.6 131.6 131.6 131.6 131.6 131.6 131.6 131.6 131.6 131.6 131.6 131.6 131.6 131.6 131.6 131.6 131.6 131.6 131.6 131.6 131.6 131.6 131.6 131.6 131.6 131.6 131.6 131.6 131.6 131.6 131.6 131.6 131.6 131.6 131.6 131.6 131.6 131.6 131.6 131.6 131.6 131.6 131.6 131.6 131.6 131.6 131.6 131.6 131.6 131.6 131.6 131.6 131.6 131.6 121.2 121.2 121.2 121.2 121.2 121.2 121.2 121.2 121.2 121.2 121.2 121.2 121.2 121.2 121.2 121.2 121.2 121.2 121.2 121.2 121.2 121.2 121.2 121.2 121.2 121.2 121.2 121.2 121.2 
133.5 133.5 133.5 133.5 133.5 133.5 133.5 133.5 133.5 133.5 133.5 131.6 131.6 131.6 131.6 131.6 131.6 131.6 131.6 131.6 131.6 131.6 131.6 131.6 131.6 131.6 131.6 131.6 131.6 131.6 131.6 131.6 131.6 131.6 131.6 131.6 131.6 131.6 131.6 131.6 131.6 131.6 131.6 131.6 131.6 131.6 131.6 131.6 131.6 131.6 131.6 131.6 131.6 131.6 131.6 131.6 131.6 131.6 131.6 131.6 131.6 131.6 131.6 131.6 131.6 131.6 131.6 131.6 131.6 131.6 131.6 121.2 121.2 121.2 121.2 121.2 121.2 121.2 121.2 121.2 121.2 121.2 121.2 121.2 121.2 121.2 121.2 121.2 121.2 121.2 121.2 121.2 121.2 121.2 121.2 121.2 121.2 121.2 121.2 121.2 
133.5 133.5 133.5 133.5 133.5 133.5 133.5 133.5 133.5 133.5 133.5 131.6 131.6 131.6 131.6 131.6 131.6 131.6 131.6 131.6 131.6 131.6 131.6 131.6 131.6 131.6 131.6 131.6 131.6 131.6 131.6 131.6 131.6 131.6 131.6 131.6 131.6 131.6 131.6 131.6 131.6 131.6 131.6 131.6 131.6 131.6 131.6 131.6 131.6 131.6 131.6 131.6 131.6 131.6 131.6 131.6 131.6 131.6 131.6 131.6 131.6 131.6 131.6 131.6 131.6 131.6 131.6 131.6 131.6 131.6 131.6 121.2 121.2 121.2 121.2 121.2 121.2 121.2 121.2 121.2 121.2 121.2 121.2 121.2 121.2 121.2 121.2 121.2 121.2 121.2 121.2 121.2 121.2 121.2 121.2 121.2 121.2 121.2 121.2 121.2 
133.5 133.5 133.5 133.5 133.5 133.5 133.5 133.5 133.5 133.5 133.5 131.6 131.6 131.6 131.6 131.6 131.6 131.6 131.6 131.6 131.6 131.6 131.6 131.6 131.6 131.6 131.6 131.6 131.6 131.6 131.6 131.6 131.6 131.6 131.6 131.6 131.6 131.6 131.6 131.6 131.6 131.6 131.6 131.6 131.6 131.6 131.6 131.6 131.6 131.6 131.6 131.6 131.6 131.6 131.6 131.6 131.6 131.6 131.6 131.6 131.6 131.6 131.6 131.6 131.6 131.6 131.6 131.6 131.6 131.6 131.6 121.2 121.2 121.2 121.2 121.2 121.2 121.2 121.2 121.2 121.2 121.2 121.2 121.2 121.2 121.2 121.2 121.2 121.2 121.2 121.2 121.2 121.2 121.2 121.2 121.2 121.2 121.2 121.2 121.2 
133.5 133.5 133.5 133.5 133.5 133.5 133.5 133.5 133.5 133.5 133.5 131.6 131.6 131.6 131.6 131.6 131.6 131.6 131.6 131.6 131.6 131.6 131.6 131.6 131.6 131.6 131.6 131.6 131.6 131.6 131.6 131.6 131.6 131.6 131.6 131.6 131.6 131.6 131.6 131.6 131.6 131.6 131.6 131.6 131.6 131.6 131.6 131.6 131.6 131.6 131.6 131.6 131.6 131.6 131.6 131.6 131.6 131.6 131.6 131.6 131.6 131.6 131.6 131.6 131.6 131.6 131.6 131.6 131.6 131.6 131.6 121.2 121.2 121.2 121.2 121.2 121.2 121.2 121.2 121.2 121.2 121.2 121.2 121.2 121.2 121.2 121.2 121.2 121.2 121.2 121.2 121.2 121.2 121.2 121.2 121.2 121.2 121.2 121.2 121.2 
133.5 133.5 133.5 133.5 133.5 133.5 133.5 133.5 133.5 133.5 133.5 131.6 131.6 131.6 131.6 131.6 131.6 131.6 131.6 131.6 131.6 131.6 131.6 131.6 131.6 131.6 131.6 131.6 131.6 131.6 131.6 131.6 131.6 131.6 131.6 131.6 131.6 131.6 131.6 131.6 131.6 131.6 131.6 131.6 131.6 131.6 131.6 131.6 131.6 131.6 131.6 131.6 131.6 131.6 131.6 131.6 131.6 131.6 131.6 131.6 131.6 131.6 131.6 131.6 131.6 131.6 131.6 131.6 131.6 131.6 131.6 121.2 121.2 121.2 121.2 121.2 121.2 121.2 121.2 121.2 121.2 121.2 121.2 121.2 121.2 121.2 121.2 121.2 121.2 121.2 121.2 121.2 121.2 121.2 121.2 121.2 121.2 121.2 121.2 121.2 
133.5 133.5 133.5 133.5 133.5 133.5 133.5 133.5 133.5 133.5 133.5 131.6 131.6 131.6 131.6 131.6 131.6 131.6 131.6 131.6 131.6 131.6 131.6 131.6 131.6 131.6 131.6 131.6 131.6 131.6 131.6 131.6 131.6 131.6 131.6 131.6 131.6 131.6 131.6 131.6 131.6 131.6 131.6 131.6 131.6 131.6 131.6 131.6 131.6 131.6 131.6 131.6 131.6 131.6 131.6 131.6 131.6 131.6 131.6 131.6 131.6 131.6 131.6 131.6 131.6 131.6 131.6 131.6 131.6 131.6 131.6 121.2 121.2 121.2 121.2 121.2 121.2 121.2 121.2 121.2 121.2 121.2 121.2 121.2 121.2 121.2 121.2 121.2 121.2 121.2 121.2 121.2 121.2 121.2 121.2 121.2 121.2 121.2 121.2 121.2 
133.5 133.5 133.5 133.5 133.5 133.5 133.5 133.5 133.5 133.5 133.5 131.6 131.6 131.6 131.6 131.6 131.6 131.6 131.6 131.6 131.6 131.6 131.6 131.6 131.6 131.6 131.6 131.6 131.6 131.6 131.6 131.6 131.6 131.6 131.6 131.6 131.6 131.6 131.6 131.6 131.6 131.6 131.6 131.6 131.6 131.6 131.6 131.6 131.6 131.6 131.6 131.6 131.6 131.6 131.6 131.6 131.6 131.6 131.6 131.6 131.6 131.6 131.6 131.6 131.6 131.6 131.6 131.6 131.6 131.6 131.6 121.2 121.2 121.2 121.2 121.2 121.2 121.2 121.2 121.2 121.2 121.2 121.2 121.2 121.2 121.2 121.2 121.2 121.2 121.2 121.2 121.2 121.2 121.2 121.2 121.2 121.2 121.2 121.2 121.2 
133.5 133.5 133.5 133.5 133.5 133.5 133.5 133.5 133.5 133.5 133.5 131.6 131.6 131.6 131.6 131.6 131.6 131.6 131.6 131.6 131.6 131.6 131.6 131.6 131.6 131.6 131.6 131.6 131.6 131.6 131.6 131.6 131.6 131.6 131.6 131.6 131.6 131.6 131.6 131.6 131.6 131.6 131.6 131.6 131.6 131.6 131.6 131.6 131.6 131.6 131.6 131.6 131.6 131.6 131.6 131.6 131.6 131.6 131.6 131.6 131.6 131.6 131.6 131.6 131.6 131.6 131.6 131.6 131.6 131.6 131.6 121.2 121.2 121.2 121.2 121.2 121.2 121.2 121.2 121.2 121.2 121.2 121.2 121.2 121.2 121.2 121.2 121.2 121.2 121.2 121.2 121.2 121.2 121.2 121.2 121.2 121.2 121.2 121.2 121.2 
133.5 133.5 133.5 133.5 133.5 133.5 133.5 133.5 133.5 133.5 133.5 131.6 131.6 131.6 131.6 131.6 131.6 131.6 131.6 131.6 131.6 131.6 131.6 131.6 131.6 131.6 131.6 131.6 131.6 131.6 131.6 131.6 131.6 131.6 131.6 131.6 131.6 131.6 131.6 131.6 131.6 131.6 131.6 131.6 131.6 131.6 131.6 131.6 131.6 131.6 131.6 131.6 131.6 131.6 131.6 131.6 131.6 131.6 131.6 131.6 131.6 131.6 131.6 131.6 131.6 131.6 131.6 131.6 131.6 131.6 131.6 121.2 121.2 121.2 121.2 121.2 121.2 121.2 121.2 121.2 121.2 121.2 121.2 121.2 121.2 121.2 121.2 121.2 121.2 121.2 121.2 121.2 121.2 121.2 121.2 121.2 121.2 121.2 121.2 121.2 
133.5 133.5 133.5 133.5 133.5 133.5 133.5 133.5 133.5 133.5 133.5 131.6 131.6 131.6 131.6 131.6 131.6 131.6 131.6 131.6 131.6 131.6 131.6 131.6 131.6 131.6 131.6 131.6 131.6 131.6 131.6 131.6 131.6 131.6 131.6 131.6 131.6 131.6 131.6 131.6 131.6 131.6 131.6 131.6 131.6 131.6 131.6 131.6 131.6 131.6 131.6 131.6 131.6 131.6 131.6 131.6 131.6 131.6 131.6 131.6 131.6 131.6 131.6 131.6 131.6 131.6 131.6 131.6 131.6 131.6 131.6 121.2 121.2 121.2 121.2 121.2 121.2 121.2 121.2 121.2 121.2 121.2 121.2 121.2 121.2 121.2 121.2 121.2 121.2 121.2 121.2 121.2 121.2 121.2 121.2 121.2 121.2 121.2 121.2 121.2 
133.5 133.5 133.5 133.5 133.5 133.5 133.5 133.5 133.5 133.5 133.5 131.6 131.6 131.6 131.6 131.6 131.6 131.6 131.6 131.6 131.6 131.6 131.6 131.6 131.6 131.6 131.6 131.6 131.6 131.6 131.6 131.6 131.6 131.6 131.6 131.6 131.6 131.6 131.6 131.6 131.6 131.6 131.6 131.6 131.6 131.6 131.6 131.6 131.6 131.6 131.6 131.6 131.6 131.6 131.6 131.6 131.6 131.6 131.6 131.6 131.6 131.6 131.6 131.6 131.6 131.6 131.6 131.6 131.6 131.6 131.6 121.2 121.2 121.2 121.2 121.2 121.2 121.2 121.2 121.2 121.2 121.2 121.2 121.2 121.2 121.2 121.2 121.2 121.2 121.2 121.2 121.2 121.2 121.2 121.2 121.2 121.2 121.2 121.2 121.2 
133.5 133.5 133.5 133.5 133.5 133.5 133.5 133.5 133.5 133.5 133.5 131.6 131.6 131.6 131.6 131.6 131.6 131.6 131.6 131.6 131.6 131.6 131.6 131.6 131.6 131.6 131.6 131.6 131.6 131.6 131.6 131.6 131.6 131.6 131.6 131.6 131.6 131.6 131.6 131.6 131.6 131.6 131.6 131.6 131.6 131.6 131.6 131.6 131.6 131.6 131.6 131.6 131.6 131.6 131.6 131.6 131.6 131.6 131.6 131.6 131.6 131.6 131.6 131.6 131.6 131.6 131.6 131.6 131.6 131.6 131.6 121.2 121.2 121.2 121.2 121.2 121.2 121.2 121.2 121.2 121.2 121.2 121.2 121.2 121.2 121.2 121.2 121.2 121.2 121.2 121.2 121.2 121.2 121.2 121.2 121.2 121.2 121.2 121.2 121.2 
133.5 133.5 133.5 133.5 133.5 133.5 133.5 133.5 133.5 133.5 133.5 131.6 131.6 131.6 131.6 131.6 131.6 131.6 131.6 131.6 131.6 131.6 131.6 131.6 131.6 131.6 131.6 131.6 131.6 131.6 131.6 131.6 131.6 131.6 131.6 131.6 131.6 131.6 131.6 131.6 131.6 131.6 131.6 131.6 131.6 131.6 131.6 131.6 131.6 131.6 131.6 131.6 131.6 131.6 131.6 131.6 131.6 131.6 131.6 131.6 131.6 131.6 131.6 131.6 131.6 131.6 131.6 131.6 131.6 131.6 131.6 121.2 121.2 121.2 121.2 121.2 121.2 121.2 121.2 121.2 121.2 121.2 121.2 121.2 121.2 121.2 121.2 121.2 121.2 121.2 121.2 121.2 121.2 121.2 121.2 121.2 121.2 121.2 121.2 121.2 
133.5 133.5 133.5 133.5 133.5 133.5 133.5 133.5 133.5 133.5 133.5 131.6 131.6 131.6 131.6 131.6 131.6 131.6 131.6 131.6 131.6 131.6 131.6 131.6 131.6 131.6 131.6 131.6 131.6 131.6 131.6 131.6 131.6 131.6 131.6 131.6 131.6 131.6 131.6 131.6 131.6 131.6 131.6 131.6 131.6 131.6 131.6 131.6 131.6 131.6 131.6 131.6 131.6 131.6 131.6 131.6 131.6 131.6 131.6 131.6 131.6 131.6 131.6 131.6 131.6 131.6 131.6 131.6 131.6 131.6 131.6 121.2 121.2 121.2 121.2 121.2 121.2 121.2 121.2 121.2 121.2 121.2 121.2 121.2 121.2 121.2 121.2 121.2 121.2 121.2 121.2 121.2 121.2 121.2 121.2 121.2 121.2 121.2 121.2 121.2 
133.5 133.5 133.5 133.5 133.5 133.5 133.5 133.5 133.5 133.5 133.5 131.6 131.6 131.6 131.6 131.6 131.6 131.6 131.6 131.6 131.6 131.6 131.6 131.6 131.6 131.6 131.6 131.6 131.6 131.6 131.6 131.6 131.6 131.6 131.6 131.6 131.6 131.6 131.6 131.6 131.6 131.6 131.6 131.6 131.6 131.6 131.6 131.6 131.6 131.6 131.6 131.6 131.6 131.6 131.6 131.6 131.6 131.6 131.6 131.6 131.6 131.6 131.6 131.6 131.6 131.6 131.6 131.6 131.6 131.6 131.6 121.2 121.2 121.2 121.2 121.2 121.2 121.2 121.2 121.2 121.2 121.2 121.2 121.2 121.2 121.2 121.2 121.2 121.2 121.2 121.2 121.2 121.2 121.2 121.2 121.2 121.2 121.2 121.2 121.2 
133.5 133.5 133.5 133.5 133.5 133.5 133.5 133.5 133.5 133.5 133.5 131.6 131.6 131.6 131.6 131.6 131.6 131.6 131.6 131.6 131.6 131.6 131.6 131.6 131.6 131.6 131.6 131.6 131.6 131.6 131.6 131.6 131.6 131.6 131.6 131.6 131.6 131.6 131.6 131.6 131.6 131.6 131.6 131.6 131.6 131.6 131.6 131.6 131.6 131.6 131.6 131.6 131.6 131.6 131.6 131.6 131.6 131.6 131.6 131.6 131.6 131.6 131.6 131.6 131.6 131.6 131.6 131.6 131.6 131.6 131.6 121.2 121.2 121.2 121.2 121.2 121.2 121.2 121.2 121.2 121.2 121.2 121.2 121.2 121.2 121.2 121.2 121.2 121.2 121.2 121.2 121.2 121.2 121.2 121.2 121.2 121.2 121.2 121.2 121.2 
133.5 133.5 133.5 133.5 133.5 133.5 133.5 133.5 133.5 133.5 133.5 131.6 131.6 131.6 131.6 131.6 131.6 131.6 131.6 131.6 131.6 131.6 131.6 131.6 131.6 131.6 131.6 131.6 131.6 131.6 131.6 131.6 131.6 131.6 131.6 131.6 131.6 131.6 131.6 131.6 131.6 131.6 131.6 131.6 131.6 131.6 131.6 131.6 131.6 131.6 131.6 131.6 131.6 131.6 131.6 131.6 131.6 131.6 131.6 131.6 131.6 131.6 131.6 131.6 131.6 131.6 131.6 131.6 131.6 131.6 131.6 121.2 121.2 121.2 121.2 121.2 121.2 121.2 121.2 121.2 121.2 121.2 121.2 121.2 121.2 121.2 121.2 121.2 121.2 121.2 121.2 121.2 121.2 121.2 121.2 121.2 121.2 121.2 121.2 121.2 
133.5 133.5 133.5 133.5 133.5 133.5 133.5 133.5 133.5 133.5 133.5 131.6 131.6 131.6 131.6 131.6 131.6 131.6 131.6 131.6 131.6 131.6 131.6 131.6 131.6 131.6 131.6 131.6 131.6 131.6 131.6 131.6 131.6 131.6 131.6 131.6 131.6 131.6 131.6 131.6 131.6 131.6 131.6 131.6 131.6 131.6 131.6 131.6 131.6 131.6 131.6 131.6 131.6 131.6 131.6 131.6 131.6 131.6 131.6 131.6 131.6 131.6 131.6 131.6 131.6 131.6 131.6 131.6 131.6 131.6 131.6 121.2 121.2 121.2 121.2 121.2 121.2 121.2 121.2 121.2 121.2 121.2 121.2 121.2 121.2 121.2 121.2 121.2 121.2 121.2 121.2 121.2 121.2 121.2 121.2 121.2 121.2 121.2 121.2 121.2 
133.5 133.5 133.5 133.5 133.5 133.5 133.5 133.5 133.5 133.5 133.5 131.6 131.6 131.6 131.6 131.6 131.6 131.6 131.6 131.6 131.6 131.6 131.6 131.6 131.6 131.6 131.6 131.6 131.6 131.6 131.6 131.6 131.6 131.6 131.6 131.6 131.6 131.6 131.6 131.6 131.6 131.6 131.6 131.6 131.6 131.6 131.6 131.6 131.6 131.6 131.6 131.6 131.6 131.6 131.6 131.6 131.6 131.6 131.6 131.6 131.6 131.6 131.6 131.6 131.6 131.6 131.6 131.6 131.6 131.6 131.6 121.2 121.2 121.2 121.2 121.2 121.2 121.2 121.2 121.2 121.2 121.2 121.2 121.2 121.2 121.2 121.2 121.2 121.2 121.2 121.2 121.2 121.2 121.2 121.2 121.2 121.2 121.2 121.2 121.2 
133.5 133.5 133.5 133.5 133.5 133.5 133.5 133.5 133.5 133.5 133.5 131.6 131.6 131.6 131.6 131.6 131.6 131.6 131.6 131.6 131.6 131.6 131.6 131.6 131.6 131.6 131.6 131.6 131.6 131.6 131.6 131.6 131.6 131.6 131.6 131.6 131.6 131.6 131.6 131.6 131.6 131.6 131.6 131.6 131.6 131.6 131.6 131.6 131.6 131.6 131.6 131.6 131.6 131.6 131.6 131.6 131.6 131.6 131.6 131.6 131.6 131.6 131.6 131.6 131.6 131.6 131.6 131.6 131.6 131.6 131.6 121.2 121.2 121.2 121.2 121.2 121.2 121.2 121.2 121.2 121.2 121.2 121.2 121.2 121.2 121.2 121.2 121.2 121.2 121.2 121.2 121.2 121.2 121.2 121.2 121.2 121.2 121.2 121.2 121.2 
133.5 133.5 133.5 133.5 133.5 133.5 133.5 133.5 133.5 133.5 133.5 131.6 131.6 131.6 131.6 131.6 131.6 131.6 131.6 131.6 131.6 131.6 131.6 131.6 131.6 131.6 131.6 131.6 131.6 131.6 131.6 131.6 131.6 131.6 131.6 131.6 131.6 131.6 131.6 131.6 131.6 131.6 131.6 131.6 131.6 131.6 131.6 131.6 131.6 131.6 131.6 131.6 131.6 131.6 131.6 131.6 131.6 131.6 131.6 131.6 131.6 131.6 131.6 131.6 131.6 131.6 131.6 131.6 131.6 131.6 131.6 121.2 121.2 121.2 121.2 121.2 121.2 121.2 121.2 121.2 121.2 121.2 121.2 121.2 121.2 121.2 121.2 121.2 121.2 121.2 121.2 121.2 121.2 121.2 121.2 121.2 121.2 121.2 121.2 121.2 
133.5 133.5 133.5 133.5 133.5 133.5 133.5 133.5 133.5 133.5 133.5 131.6 131.6 131.6 131.6 131.6 131.6 131.6 131.6 131.6 131.6 131.6 131.6 131.6 131.6 131.6 131.6 131.6 131.6 131.6 131.6 131.6 131.6 131.6 131.6 131.6 131.6 131.6 131.6 131.6 131.6 131.6 131.6 131.6 131.6 131.6 131.6 131.6 131.6 131.6 131.6 131.6 131.6 131.6 131.6 131.6 131.6 131.6 131.6 131.6 131.6 131.6 131.6 131.6 131.6 131.6 131.6 131.6 131.6 131.6 131.6 121.2 121.2 121.2 121.2 121.2 121.2 121.2 121.2 121.2 121.2 121.2 121.2 121.2 121.2 121.2 121.2 121.2 121.2 121.2 121.2 121.2 121.2 121.2 121.2 121.2 121.2 121.2 121.2 121.2 
133.5 133.5 133.5 133.5 133.5 133.5 133.5 133.5 133.5 133.5 133.5 131.6 131.6 131.6 131.6 131.6 131.6 131.6 131.6 131.6 131.6 131.6 131.6 131.6 131.6 131.6 131.6 131.6 131.6 131.6 131.6 131.6 131.6 131.6 131.6 131.6 131.6 131.6 131.6 131.6 131.6 131.6 131.6 131.6 131.6 131.6 131.6 131.6 131.6 131.6 131.6 131.6 131.6 131.6 131.6 131.6 131.6 131.6 131.6 131.6 131.6 131.6 131.6 131.6 131.6 131.6 131.6 131.6 131.6 131.6 131.6 121.2 121.2 121.2 121.2 121.2 121.2 121.2 121.2 121.2 121.2 121.2 121.2 121.2 121.2 121.2 121.2 121.2 121.2 121.2 121.2 121.2 121.2 121.2 121.2 121.2 121.2 121.2 121.2 121.2 
133.5 133.5 133.5 133.5 133.5 133.5 133.5 133.5 133.5 133.5 133.5 131.6 131.6 131.6 131.6 131.6 131.6 131.6 131.6 131.6 131.6 131.6 131.6 131.6 131.6 131.6 131.6 131.6 131.6 131.6 131.6 131.6 131.6 131.6 131.6 131.6 131.6 131.6 131.6 131.6 131.6 131.6 131.6 131.6 131.6 131.6 131.6 131.6 131.6 131.6 131.6 131.6 131.6 131.6 131.6 131.6 131.6 131.6 131.6 131.6 131.6 131.6 131.6 131.6 131.6 131.6 131.6 131.6 131.6 131.6 131.6 121.2 121.2 121.2 121.2 121.2 121.2 121.2 121.2 121.2 121.2 121.2 121.2 121.2 121.2 121.2 121.2 121.2 121.2 121.2 121.2 121.2 121.2 121.2 121.2 121.2 121.2 121.2 121.2 121.2 
133.5 133.5 133.5 133.5 133.5 133.5 133.5 133.5 133.5 133.5 133.5 131.6 131.6 131.6 131.6 131.6 131.6 131.6 131.6 131.6 131.6 131.6 131.6 131.6 131.6 131.6 131.6 131.6 131.6 131.6 131.6 131.6 131.6 131.6 131.6 131.6 131.6 131.6 131.6 131.6 131.6 131.6 131.6 131.6 131.6 131.6 131.6 131.6 131.6 131.6 131.6 131.6 131.6 131.6 131.6 131.6 131.6 131.6 131.6 131.6 131.6 131.6 131.6 131.6 131.6 131.6 131.6 131.6 131.6 131.6 131.6 121.2 121.2 121.2 121.2 121.2 121.2 121.2 121.2 121.2 121.2 121.2 121.2 121.2 121.2 121.2 121.2 121.2 121.2 121.2 121.2 121.2 121.2 121.2 121.2 121.2 121.2 121.2 121.2 121.2 
133.5 133.5 133.5 133.5 133.5 133.5 133.5 133.5 133.5 133.5 133.5 131.6 131.6 131.6 131.6 131.6 131.6 131.6 131.6 131.6 131.6 131.6 131.6 131.6 131.6 131.6 131.6 131.6 131.6 131.6 131.6 131.6 131.6 131.6 131.6 131.6 131.6 131.6 131.6 131.6 131.6 131.6 131.6 131.6 131.6 131.6 131.6 131.6 131.6 131.6 131.6 131.6 131.6 131.6 131.6 131.6 131.6 131.6 131.6 131.6 131.6 131.6 131.6 131.6 131.6 131.6 131.6 131.6 131.6 131.6 131.6 121.2 121.2 121.2 121.2 121.2 121.2 121.2 121.2 121.2 121.2 121.2 121.2 121.2 121.2 121.2 121.2 121.2 121.2 121.2 121.2 121.2 121.2 121.2 121.2 121.2 121.2 121.2 121.2 121.2 
133.5 133.5 133.5 133.5 133.5 133.5 133.5 133.5 133.5 133.5 133.5 131.6 131.6 131.6 131.6 131.6 131.6 131.6 131.6 131.6 131.6 131.6 131.6 131.6 131.6 131.6 131.6 131.6 131.6 131.6 131.6 131.6 131.6 131.6 131.6 131.6 131.6 131.6 131.6 131.6 131.6 131.6 131.6 131.6 131.6 131.6 131.6 131.6 131.6 131.6 131.6 131.6 131.6 131.6 131.6 131.6 131.6 131.6 131.6 131.6 131.6 131.6 131.6 131.6 131.6 131.6 131.6 131.6 131.6 131.6 131.6 121.2 121.2 121.2 121.2 121.2 121.2 121.2 121.2 121.2 121.2 121.2 121.2 121.2 121.2 121.2 121.2 121.2 121.2 121.2 121.2 121.2 121.2 121.2 121.2 121.2 121.2 121.2 121.2 121.2 
133.5 133.5 133.5 133.5 133.5 133.5 133.5 133.5 133.5 133.5 133.5 131.6 131.6 131.6 131.6 131.6 131.6 131.6 131.6 131.6 131.6 131.6 131.6 131.6 131.6 131.6 131.6 131.6 131.6 131.6 131.6 131.6 131.6 131.6 131.6 131.6 131.6 131.6 131.6 131.6 131.6 131.6 131.6 131.6 131.6 131.6 131.6 131.6 131.6 131.6 131.6 131.6 131.6 131.6 131.6 131.6 131.6 131.6 131.6 131.6 131.6 131.6 131.6 131.6 131.6 131.6 131.6 131.6 131.6 131.6 131.6 121.2 121.2 121.2 121.2 121.2 121.2 121.2 121.2 121.2 121.2 121.2 121.2 121.2 121.2 121.2 121.2 121.2 121.2 121.2 121.2 121.2 121.2 121.2 121.2 121.2 121.2 121.2 121.2 121.2 
133.5 133.5 133.5 133.5 133.5 133.5 133.5 133.5 133.5 133.5 133.5 131.6 131.6 131.6 131.6 131.6 131.6 131.6 131.6 131.6 131.6 131.6 131.6 131.6 131.6 131.6 131.6 131.6 131.6 131.6 131.6 131.6 131.6 131.6 131.6 131.6 131.6 131.6 131.6 131.6 131.6 131.6 131.6 131.6 131.6 131.6 131.6 131.6 131.6 131.6 131.6 131.6 131.6 131.6 131.6 131.6 131.6 131.6 131.6 131.6 131.6 131.6 131.6 131.6 131.6 131.6 131.6 131.6 131.6 131.6 131.6 121.2 121.2 121.2 121.2 121.2 121.2 121.2 121.2 121.2 121.2 121.2 121.2 121.2 121.2 121.2 121.2 121.2 121.2 121.2 121.2 121.2 121.2 121.2 121.2 121.2 121.2 121.2 121.2 121.2 
133.5 133.5 133.5 133.5 133.5 133.5 133.5 133.5 133.5 133.5 133.5 131.6 131.6 131.6 131.6 131.6 131.6 131.6 131.6 131.6 131.6 131.6 131.6 131.6 131.6 131.6 131.6 131.6 131.6 131.6 131.6 131.6 131.6 131.6 131.6 131.6 131.6 131.6 131.6 131.6 131.6 131.6 131.6 131.6 131.6 131.6 131.6 131.6 131.6 131.6 131.6 131.6 131.6 131.6 131.6 131.6 131.6 131.6 131.6 131.6 131.6 131.6 131.6 131.6 131.6 131.6 131.6 131.6 131.6 131.6 131.6 121.2 121.2 121.2 121.2 121.2 121.2 121.2 121.2 121.2 121.2 121.2 121.2 121.2 121.2 121.2 121.2 121.2 121.2 121.2 121.2 121.2 121.2 121.2 121.2 121.2 121.2 121.2 121.2 121.2 
