ncols         100
nrows         100
xllcorner     -59982.863281
yllcorner     1851083.022172
cellsize      1000
NODATA_value  -9999
104 104 104 104 104 104 104 104 104 104 104 101.6 101.6 101.6 101.6 101.6 101.6 101.6 101.6 101.6 101.6 101.6 101.6 101.6 101.6 101.6 101.6 101.6 101.6 101.6 101.6 101.6 101.6 101.6 101.6 101.6 101.6 101.6 101.6 101.6 101.6 101.6 101.6 101.6 101.6 101.6 101.6 101.6 101.6 101.6 101.6 101.6 101.6 101.6 101.6 101.6 101.6 101.6 101.6 101.6 101.6 101.6 101.6 101.6 101.6 101.6 101.6 101.6 101.6 101.6 101.6 97.3 97.3 97.3 97.3 97.3 97.3 97.3 97.3 97.3 97.3 97.3 97.3 97.3 97.3 97.3 97.3 97.3 97.3 97.3 97.3 97.3 97.3 97.3 97.3 97.3 97.3 97.3 97.3 97.3 
104 104 104 104 104 104 104 104 104 104 104 101.6 101.6 101.6 101.6 101.6 101.6 101.6 101.6 101.6 101.6 101.6 101.6 101.6 101.6 101.6 101.6 101.6 101.6 101.6 101.6 101.6 101.6 101.6 101.6 101.6 101.6 101.6 101.6 101.6 101.6 101.6 101.6 101.6 101.6 101.6 101.6 101.6 101.6 101.6 101.6 101.6 101.6 101.6 101.6 101.6 101.6 101.6 101.6 101.6 101.6 101.6 101.6 101.6 101.6 101.6 101.6 101.6 101.6 101.6 101.6 97.3 97.3 97.3 97.3 97.3 97.3 97.3 97.3 97.3 97.3 97.3 97.3 97.3 97.3 97.3 97.3 97.3 97.3 97.3 97.3 97.3 97.3 97.3 97.3 97.3 97.3 97.3 97.3 97.3 
104 104 104 104 104 104 104 104 104 104 104 101.6 101.6 101.6 101.6 101.6 101.6 101.6 101.6 101.6 101.6 101.6 101.6 101.6 101.6 101.6 101.6 101.6 101.6 101.6 101.6 101.6 101.6 101.6 101.6 101.6 101.6 101.6 101.6 101.6 101.6 101.6 101.6 101.6 101.6 101.6 101.6 101.6 101.6 101.6 101.6 101.6 101.6 101.6 101.6 101.6 101.6 101.6 101.6 101.6 101.6 101.6 101.6 101.6 101.6 101.6 101.6 101.6 101.6 101.6 101.6 97.3 97.3 97.3 97.3 97.3 97.3 97.3 97.3 97.3 97.3 97.3 97.3 97.3 97.3 97.3 97.3 97.3 97.3 97.3 97.3 97.3 97.3 97.3 97.3 97.3 97.3 97.3 97.3 97.3 
104 104 104 104 104 104 104 104 104 104 104 101.6 101.6 101.6 101.6 101.6 101.6 101.6 101.6 101.6 101.6 101.6 101.6 101.6 101.6 101.6 101.6 101.6 101.6 101.6 101.6 101.6 101.6 101.6 101.6 101.6 101.6 101.6 101.6 101.6 101.6 101.6 101.6 101.6 101.6 101.6 101.6 101.6 101.6 101.6 101.6 101.6 101.6 101.6 101.6 101.6 101.6 101.6 101.6 101.6 101.6 101.6 101.6 101.6 101.6 101.6 101.6 101.6 101.6 101.6 101.6 97.3 97.3 97.3 97.3 97.3 97.3 97.3 97.3 97.3 97.3 97.3 97.3 97.3 97.3 97.3 97.3 97.3 97.3 97.3 97.3 97.3 97.3 97.3 97.3 97.3 97.3 97.3 97.3 97.3 
104 104 104 104 104 104 104 104 104 104 104 101.6 101.6 101.6 101.6 101.6 101.6 101.6 101.6 101.6 101.6 101.6 101.6 101.6 101.6 101.6 101.6 101.6 101.6 101.6 101.6 101.6 101.6 101.6 101.6 101.6 101.6 101.6 101.6 101.6 101.6 101.6 101.6 101.6 101.6 101.6 101.6 101.6 101.6 101.6 101.6 101.6 101.6 101.6 101.6 101.6 101.6 101.6 101.6 101.6 101.6 101.6 101.6 101.6 101.6 101.6 101.6 101.6 101.6 101.6 101.6 97.3 97.3 97.3 97.3 97.3 97.3 97.3 97.3 97.3 97.3 97.3 97.3 97.3 97.3 97.3 97.3 97.3 97.3 97.3 97.3 97.3 97.3 97.3 97.3 97.3 97.3 97.3 97.3 97.3 
104 104 104 104 104 104 104 104 104 104 104 101.6 101.6 101.6 101.6 101.6 101.6 101.6 101.6 101.6 101.6 101.6 101.6 101.6 101.6 101.6 101.6 101.6 101.6 101.6 101.6 101.6 101.6 101.6 101.6 101.6 101.6 101.6 101.6 101.6 101.6 101.6 101.6 101.6 101.6 101.6 101.6 101.6 101.6 101.6 101.6 101.6 101.6 101.6 101.6 101.6 101.6 101.6 101.6 101.6 101.6 101.6 101.6 101.6 101.6 101.6 101.6 101.6 101.6 101.6 101.6 97.3 97.3 97.3 97.3 97.3 97.3 97.3 97.3 97.3 97.3 97.3 97.3 97.3 97.3 97.3 97.3 97.3 97.3 97.3 97.3 97.3 97.3 97.3 97.3 97.3 97.3 97.3 97.3 97.3 
104 104 104 104 104 104 104 104 104 104 104 101.6 101.6 101.6 101.6 101.6 101.6 101.6 101.6 101.6 101.6 101.6 101.6 101.6 101.6 101.6 101.6 101.6 101.6 101.6 101.6 101.6 101.6 101.6 101.6 101.6 101.6 101.6 101.6 101.6 101.6 101.6 101.6 101.6 101.6 101.6 101.6 101.6 101.6 101.6 101.6 101.6 101.6 101.6 101.6 101.6 101.6 101.6 101.6 101.6 101.6 101.6 101.6 101.6 101.6 101.6 101.6 101.6 101.6 101.6 101.6 97.3 97.3 97.3 97.3 97.3 97.3 97.3 97.3 97.3 97.3 97.3 97.3 97.3 97.3 97.3 97.3 97.3 97.3 97.3 97.3 97.3 97.3 97.3 97.3 97.3 97.3 97.3 97.3 97.3 
104 104 104 104 104 104 104 104 104 104 104 101.6 101.6 101.6 101.6 101.6 101.6 101.6 101.6 101.6 101.6 101.6 101.6 101.6 101.6 101.6 101.6 101.6 101.6 101.6 101.6 101.6 101.6 101.6 101.6 101.6 101.6 101.6 101.6 101.6 101.6 101.6 101.6 101.6 101.6 101.6 101.6 101.6 101.6 101.6 101.6 101.6 101.6 101.6 101.6 101.6 101.6 101.6 101.6 101.6 101.6 101.6 101.6 101.6 101.6 101.6 101.6 101.6 101.6 101.6 101.6 97.3 97.3 97.3 97.3 97.3 97.3 97.3 97.3 97.3 97.3 97.3 97.3 97.3 97.3 97.3 97.3 97.3 97.3 97.3 97.3 97.3 97.3 97.3 97.3 97.3 97.3 97.3 97.3 97.3 
104 104 104 104 104 104 104 104 104 104 104 101.6 101.6 101.6 101.6 101.6 101.6 101.6 101.6 101.6 101.6 101.6 101.6 101.6 101.6 101.6 101.6 101.6 101.6 101.6 101.6 101.6 101.6 101.6 101.6 101.6 101.6 101.6 101.6 101.6 101.6 101.6 101.6 101.6 101.6 101.6 101.6 101.6 101.6 101.6 101.6 101.6 101.6 101.6 101.6 101.6 101.6 101.6 101.6 101.6 101.6 101.6 101.6 101.6 101.6 101.6 101.6 101.6 101.6 101.6 101.6 97.3 97.3 97.3 97.3 97.3 97.3 97.3 97.3 97.3 97.3 97.3 97.3 97.3 97.3 97.3 97.3 97.3 97.3 97.3 97.3 97.3 97.3 97.3 97.3 97.3 97.3 97.3 97.3 97.3 
113.2 113.2 113.2 113.2 113.2 113.2 113.2 113.2 113.2 113.2 113.2 114.8 114.8 114.8 114.8 114.8 114.8 114.8 114.8 114.8 114.8 114.8 114.8 114.8 114.8 114.8 114.8 114.8 114.8 114.8 114.8 114.8 114.8 114.8 114.8 114.8 114.8 114.8 114.8 114.8 114.8 114.8 114.8 114.8 114.8 114.8 114.8 114.8 114.8 114.8 114.8 114.8 114.8 114.8 114.8 114.8 114.8 114.8 114.8 114.8 114.8 114.8 114.8 114.8 114.8 114.8 114.8 114.8 114.8 114.8 114.8 109.5 109.5 109.5 109.5 109.5 109.5 109.5 109.5 109.5 109.5 109.5 109.5 109.5 109.5 109.5 109.5 109.5 109.5 109.5 109.5 109.5 109.5 109.5 109.5 109.5 109.5 109.5 109.5 109.5 
113.2 113.2 113.2 113.2 113.2 113.2 113.2 113.2 113.2 113.2 113.2 114.8 114.8 114.8 114.8 114.8 114.8 114.8 114.8 114.8 114.8 114.8 114.8 114.8 114.8 114.8 114.8 114.8 114.8 114.8 114.8 114.8 114.8 114.8 114.8 114.8 114.8 114.8 114.8 114.8 114.8 114.8 114.8 114.8 114.8 114.8 114.8 114.8 114.8 114.8 114.8 114.8 114.8 114.8 114.8 114.8 114.8 114.8 114.8 114.8 114.8 114.8 114.8 114.8 114.8 114.8 114.8 114.8 114.8 114.8 114.8 109.5 109.5 109.5 109.5 109.5 109.5 109.5 109.5 109.5 109.5 109.5 109.5 109.5 109.5 109.5 109.5 109.5 109.5 109.5 109.5 109.5 109.5 109.5 109.5 109.5 109.5 109.5 109.5 109.5 
113.2 113.2 113.2 113.2 113.2 113.2 113.2 113.2 113.2 113.2 113.2 114.8 114.8 114.8 114.8 114.8 114.8 114.8 114.8 114.8 114.8 114.8 114.8 114.8 114.8 114.8 114.8 114.8 114.8 114.8 114.8 114.8 114.8 114.8 114.8 114.8 114.8 114.8 114.8 114.8 114.8 114.8 114.8 114.8 114.8 114.8 114.8 114.8 114.8 114.8 114.8 114.8 114.8 114.8 114.8 114.8 114.8 114.8 114.8 114.8 114.8 114.8 114.8 114.8 114.8 114.8 114.8 114.8 114.8 114.8 114.8 109.5 109.5 109.5 109.5 109.5 109.5 109.5 109.5 109.5 109.5 109.5 109.5 109.5 109.5 109.5 109.5 109.5 109.5 109.5 109.5 109.5 109.5 109.5 109.5 109.5 109.5 109.5 109.5 109.5 
113.2 113.2 113.2 113.2 113.2 113.2 113.2 113.2 113.2 113.2 113.2 114.8 114.8 114.8 114.8 114.8 114.8 114.8 114.8 114.8 114.8 114.8 114.8 114.8 114.8 114.8 114.8 114.8 114.8 114.8 114.8 114.8 114.8 114.8 114.8 114.8 114.8 114.8 114.8 114.8 114.8 114.8 114.8 114.8 114.8 114.8 114.8 114.8 114.8 114.8 114.8 114.8 114.8 114.8 114.8 114.8 114.8 114.8 114.8 114.8 114.8 114.8 114.8 114.8 114.8 114.8 114.8 114.8 114.8 114.8 114.8 109.5 109.5 109.5 109.5 109.5 109.5 109.5 109.5 109.5 109.5 109.5 109.5 109.5 109.5 109.5 109.5 109.5 109.5 109.5 109.5 109.5 109.5 109.5 109.5 109.5 109.5 109.5 109.5 109.5 
113.2 113.2 113.2 113.2 113.2 113.2 113.2 113.2 113.2 113.2 113.2 114.8 114.8 114.8 114.8 114.8 114.8 114.8 114.8 114.8 114.8 114.8 114.8 114.8 114.8 114.8 114.8 114.8 114.8 114.8 114.8 114.8 114.8 114.8 114.8 114.8 114.8 114.8 114.8 114.8 114.8 114.8 114.8 114.8 114.8 114.8 114.8 114.8 114.8 114.8 114.8 114.8 114.8 114.8 114.8 114.8 114.8 114.8 114.8 114.8 114.8 114.8 114.8 114.8 114.8 114.8 114.8 114.8 114.8 114.8 114.8 109.5 109.5 109.5 109.5 109.5 109.5 109.5 109.5 109.5 109.5 109.5 109.5 109.5 109.5 109.5 109.5 109.5 109.5 109.5 109.5 109.5 109.5 109.5 109.5 109.5 109.5 109.5 109.5 109.5 
113.2 113.2 113.2 113.2 113.2 113.2 113.2 113.2 113.2 113.2 113.2 114.8 114.8 114.8 114.8 114.8 114.8 114.8 114.8 114.8 114.8 114.8 114.8 114.8 114.8 114.8 114.8 114.8 114.8 114.8 114.8 114.8 114.8 114.8 114.8 114.8 114.8 114.8 114.8 114.8 114.8 114.8 114.8 114.8 114.8 114.8 114.8 114.8 114.8 114.8 114.8 114.8 114.8 114.8 114.8 114.8 114.8 114.8 114.8 114.8 114.8 114.8 114.8 114.8 114.8 114.8 114.8 114.8 114.8 114.8 114.8 109.5 109.5 109.5 109.5 109.5 109.5 109.5 109.5 109.5 109.5 109.5 109.5 109.5 109.5 109.5 109.5 109.5 109.5 109.5 109.5 109.5 109.5 109.5 109.5 109.5 109.5 109.5 109.5 109.5 
113.2 113.2 113.2 113.2 113.2 113.2 113.2 113.2 113.2 113.2 113.2 114.8 114.8 114.8 114.8 114.8 114.8 114.8 114.8 114.8 114.8 114.8 114.8 114.8 114.8 114.8 114.8 114.8 114.8 114.8 114.8 114.8 114.8 114.8 114.8 114.8 114.8 114.8 114.8 114.8 114.8 114.8 114.8 114.8 114.8 114.8 114.8 114.8 114.8 114.8 114.8 114.8 114.8 114.8 114.8 114.8 114.8 114.8 114.8 114.8 114.8 114.8 114.8 114.8 114.8 114.8 114.8 114.8 114.8 114.8 114.8 109.5 109.5 109.5 109.5 109.5 109.5 109.5 109.5 109.5 109.5 109.5 109.5 109.5 109.5 109.5 109.5 109.5 109.5 109.5 109.5 109.5 109.5 109.5 109.5 109.5 109.5 109.5 109.5 109.5 
113.2 113.2 113.2 113.2 113.2 113.2 113.2 113.2 113.2 113.2 113.2 114.8 114.8 114.8 114.8 114.8 114.8 114.8 114.8 114.8 114.8 114.8 114.8 114.8 114.8 114.8 114.8 114.8 114.8 114.8 114.8 114.8 114.8 114.8 114.8 114.8 114.8 114.8 114.8 114.8 114.8 114.8 114.8 114.8 114.8 114.8 114.8 114.8 114.8 114.8 114.8 114.8 114.8 114.8 114.8 114.8 114.8 114.8 114.8 114.8 114.8 114.8 114.8 114.8 114.8 114.8 114.8 114.8 114.8 114.8 114.8 109.5 109.5 109.5 109.5 109.5 109.5 109.5 109.5 109.5 109.5 109.5 109.5 109.5 109.5 109.5 109.5 109.5 109.5 109.5 109.5 109.5 109.5 109.5 109.5 109.5 109.5 109.5 109.5 109.5 
113.2 113.2 113.2 113.2 113.2 113.2 113.2 113.2 113.2 113.2 113.2 114.8 114.8 114.8 114.8 114.8 114.8 114.8 114.8 114.8 114.8 114.8 114.8 114.8 114.8 114.8 114.8 114.8 114.8 114.8 114.8 114.8 114.8 114.8 114.8 114.8 114.8 114.8 114.8 114.8 114.8 114.8 114.8 114.8 114.8 114.8 114.8 114.8 114.8 114.8 114.8 114.8 114.8 114.8 114.8 114.8 114.8 114.8 114.8 114.8 114.8 114.8 114.8 114.8 114.8 114.8 114.8 114.8 114.8 114.8 114.8 109.5 109.5 109.5 109.5 109.5 109.5 109.5 109.5 109.5 109.5 109.5 109.5 109.5 109.5 109.5 109.5 109.5 109.5 109.5 109.5 109.5 109.5 109.5 109.5 109.5 109.5 109.5 109.5 109.5 
113.2 113.2 113.2 113.2 113.2 113.2 113.2 113.2 113.2 113.2 113.2 114.8 114.8 114.8 114.8 114.8 114.8 114.8 114.8 114.8 114.8 114.8 114.8 114.8 114.8 114.8 114.8 114.8 114.8 114.8 114.8 114.8 114.8 114.8 114.8 114.8 114.8 114.8 114.8 114.8 114.8 114.8 114.8 114.8 114.8 114.8 114.8 114.8 114.8 114.8 114.8 114.8 114.8 114.8 114.8 114.8 114.8 114.8 114.8 114.8 114.8 114.8 114.8 114.8 114.8 114.8 114.8 114.8 114.8 114.8 114.8 109.5 109.5 109.5 109.5 109.5 109.5 109.5 109.5 109.5 109.5 109.5 109.5 109.5 109.5 109.5 109.5 109.5 109.5 109.5 109.5 109.5 109.5 109.5 109.5 109.5 109.5 109.5 109.5 109.5 
113.2 113.2 113.2 113.2 113.2 113.2 113.2 113.2 113.2 113.2 113.2 114.8 114.8 114.8 114.8 114.8 114.8 114.8 114.8 114.8 114.8 114.8 114.8 114.8 114.8 114.8 114.8 114.8 114.8 114.8 114.8 114.8 114.8 114.8 114.8 114.8 114.8 114.8 114.8 114.8 114.8 114.8 114.8 114.8 114.8 114.8 114.8 114.8 114.8 114.8 114.8 114.8 114.8 114.8 114.8 114.8 114.8 114.8 114.8 114.8 114.8 114.8 114.8 114.8 114.8 114.8 114.8 114.8 114.8 114.8 114.8 109.5 109.5 109.5 109.5 109.5 109.5 109.5 109.5 109.5 109.5 109.5 109.5 109.5 109.5 109.5 109.5 109.5 109.5 109.5 109.5 109.5 109.5 109.5 109.5 109.5 109.5 109.5 109.5 109.5 
113.2 113.2 113.2 113.2 113.2 113.2 113.2 113.2 113.2 113.2 113.2 114.8 114.8 114.8 114.8 114.8 114.8 114.8 114.8 114.8 114.8 114.8 114.8 114.8 114.8 114.8 114.8 114.8 114.8 114.8 114.8 114.8 114.8 114.8 114.8 114.8 114.8 114.8 114.8 114.8 114.8 114.8 114.8 114.8 114.8 114.8 114.8 114.8 114.8 114.8 114.8 114.8 114.8 114.8 114.8 114.8 114.8 114.8 114.8 114.8 114.8 114.8 114.8 114.8 114.8 114.8 114.8 114.8 114.8 114.8 114.8 109.5 109.5 109.5 109.5 109.5 109.5 109.5 109.5 109.5 109.5 109.5 109.5 109.5 109.5 109.5 109.5 109.5 109.5 109.5 109.5 109.5 109.5 109.5 109.5 109.5 109.5 109.5 109.5 109.5 
113.2 113.2 113.2 113.2 113.2 113.2 113.2 113.2 113.2 113.2 113.2 114.8 114.8 114.8 114.8 114.8 114.8 114.8 114.8 114.8 114.8 114.8 114.8 114.8 114.8 114.8 114.8 114.8 114.8 114.8 114.8 114.8 114.8 114.8 114.8 114.8 114.8 114.8 114.8 114.8 114.8 114.8 114.8 114.8 114.8 114.8 114.8 114.8 114.8 114.8 114.8 114.8 114.8 114.8 114.8 114.8 114.8 114.8 114.8 114.8 114.8 114.8 114.8 114.8 114.8 114.8 114.8 114.8 114.8 114.8 114.8 109.5 109.5 109.5 109.5 109.5 109.5 109.5 109.5 109.5 109.5 109.5 109.5 109.5 109.5 109.5 109.5 109.5 109.5 109.5 109.5 109.5 109.5 109.5 109.5 109.5 109.5 109.5 109.5 109.5 
113.2 113.2 113.2 113.2 113.2 113.2 113.2 113.2 113.2 113.2 113.2 114.8 114.8 114.8 114.8 114.8 114.8 114.8 114.8 114.8 114.8 114.8 114.8 114.8 114.8 114.8 114.8 114.8 114.8 114.8 114.8 114.8 114.8 114.8 114.8 114.8 114.8 114.8 114.8 114.8 114.8 114.8 114.8 114.8 114.8 114.8 114.8 114.8 114.8 114.8 114.8 114.8 114.8 114.8 114.8 114.8 114.8 114.8 114.8 114.8 114.8 114.8 114.8 114.8 114.8 114.8 114.8 114.8 114.8 114.8 114.8 109.5 109.5 109.5 109.5 109.5 109.5 109.5 109.5 109.5 109.5 109.5 109.5 109.5 109.5 109.5 109.5 109.5 109.5 109.5 109.5 109.5 109.5 109.5 109.5 109.5 109.5 109.5 109.5 109.5 
113.2 113.2 113.2 113.2 113.2 113.2 113.2 113.2 113.2 113.2 113.2 114.8 114.8 114.8 114.8 114.8 114.8 114.8 114.8 114.8 114.8 114.8 114.8 114.8 114.8 114.8 114.8 114.8 114.8 114.8 114.8 114.8 114.8 114.8 114.8 114.8 114.8 114.8 114.8 114.8 114.8 114.8 114.8 114.8 114.8 114.8 114.8 114.8 114.8 114.8 114.8 114.8 114.8 114.8 114.8 114.8 114.8 114.8 114.8 114.8 114.8 114.8 114.8 114.8 114.8 114.8 114.8 114.8 114.8 114.8 114.8 109.5 109.5 109.5 109.5 109.5 109.5 109.5 109.5 109.5 109.5 109.5 109.5 109.5 109.5 109.5 109.5 109.5 109.5 109.5 109.5 109.5 109.5 109.5 109.5 109.5 109.5 109.5 109.5 109.5 
113.2 113.2 113.2 113.2 113.2 113.2 113.2 113.2 113.2 113.2 113.2 114.8 114.8 114.8 114.8 114.8 114.8 114.8 114.8 114.8 114.8 114.8 114.8 114.8 114.8 114.8 114.8 114.8 114.8 114.8 114.8 114.8 114.8 114.8 114.8 114.8 114.8 114.8 114.8 114.8 114.8 114.8 114.8 114.8 114.8 114.8 114.8 114.8 114.8 114.8 114.8 114.8 114.8 114.8 114.8 114.8 114.8 114.8 114.8 114.8 114.8 114.8 114.8 114.8 114.8 114.8 114.8 114.8 114.8 114.8 114.8 109.5 109.5 109.5 109.5 109.5 109.5 109.5 109.5 109.5 109.5 109.5 109.5 109.5 109.5 109.5 109.5 109.5 109.5 109.5 109.5 109.5 109.5 109.5 109.5 109.5 109.5 109.5 109.5 109.5 
113.2 113.2 113.2 113.2 113.2 113.2 113.2 113.2 113.2 113.2 113.2 114.8 114.8 114.8 114.8 114.8 114.8 114.8 114.8 114.8 114.8 114.8 114.8 114.8 114.8 114.8 114.8 114.8 114.8 114.8 114.8 114.8 114.8 114.8 114.8 114.8 114.8 114.8 114.8 114.8 114.8 114.8 114.8 114.8 114.8 114.8 114.8 114.8 114.8 114.8 114.8 114.8 114.8 114.8 114.8 114.8 114.8 114.8 114.8 114.8 114.8 114.8 114.8 114.8 114.8 114.8 114.8 114.8 114.8 114.8 114.8 109.5 109.5 109.5 109.5 109.5 109.5 109.5 109.5 109.5 109.5 109.5 109.5 109.5 109.5 109.5 109.5 109.5 109.5 109.5 109.5 109.5 109.5 109.5 109.5 109.5 109.5 109.5 109.5 109.5 
113.2 113.2 113.2 113.2 113.2 113.2 113.2 113.2 113.2 113.2 113.2 114.8 114.8 114.8 114.8 114.8 114.8 114.8 114.8 114.8 114.8 114.8 114.8 114.8 114.8 114.8 114.8 114.8 114.8 114.8 114.8 114.8 114.8 114.8 114.8 114.8 114.8 114.8 114.8 114.8 114.8 114.8 114.8 114.8 114.8 114.8 114.8 114.8 114.8 114.8 114.8 114.8 114.8 114.8 114.8 114.8 114.8 114.8 114.8 114.8 114.8 114.8 114.8 114.8 114.8 114.8 114.8 114.8 114.8 114.8 114.8 109.5 109.5 109.5 109.5 109.5 109.5 109.5 109.5 109.5 109.5 109.5 109.5 109.5 109.5 109.5 109.5 109.5 109.5 109.5 109.5 109.5 109.5 109.5 109.5 109.5 109.5 109.5 109.5 109.5 
113.2 113.2 113.2 113.2 113.2 113.2 113.2 113.2 113.2 113.2 113.2 114.8 114.8 114.8 114.8 114.8 114.8 114.8 114.8 114.8 114.8 114.8 114.8 114.8 114.8 114.8 114.8 114.8 114.8 114.8 114.8 114.8 114.8 114.8 114.8 114.8 114.8 114.8 114.8 114.8 114.8 114.8 114.8 114.8 114.8 114.8 114.8 114.8 114.8 114.8 114.8 114.8 114.8 114.8 114.8 114.8 114.8 114.8 114.8 114.8 114.8 114.8 114.8 114.8 114.8 114.8 114.8 114.8 114.8 114.8 114.8 109.5 109.5 109.5 109.5 109.5 109.5 109.5 109.5 109.5 109.5 109.5 109.5 109.5 109.5 109.5 109.5 109.5 109.5 109.5 109.5 109.5 109.5 109.5 109.5 109.5 109.5 109.5 109.5 109.5 
113.2 113.2 113.2 113.2 113.2 113.2 113.2 113.2 113.2 113.2 113.2 114.8 114.8 114.8 114.8 114.8 114.8 114.8 114.8 114.8 114.8 114.8 114.8 114.8 114.8 114.8 114.8 114.8 114.8 114.8 114.8 114.8 114.8 114.8 114.8 114.8 114.8 114.8 114.8 114.8 114.8 114.8 114.8 114.8 114.8 114.8 114.8 114.8 114.8 114.8 114.8 114.8 114.8 114.8 114.8 114.8 114.8 114.8 114.8 114.8 114.8 114.8 114.8 114.8 114.8 114.8 114.8 114.8 114.8 114.8 114.8 109.5 109.5 109.5 109.5 109.5 109.5 109.5 109.5 109.5 109.5 109.5 109.5 109.5 109.5 109.5 109.5 109.5 109.5 109.5 109.5 109.5 109.5 109.5 109.5 109.5 109.5 109.5 109.5 109.5 
113.2 113.2 113.2 113.2 113.2 113.2 113.2 113.2 113.2 113.2 113.2 114.8 114.8 114.8 114.8 114.8 114.8 114.8 114.8 114.8 114.8 114.8 114.8 114.8 114.8 114.8 114.8 114.8 114.8 114.8 114.8 114.8 114.8 114.8 114.8 114.8 114.8 114.8 114.8 114.8 114.8 114.8 114.8 114.8 114.8 114.8 114.8 114.8 114.8 114.8 114.8 114.8 114.8 114.8 114.8 114.8 114.8 114.8 114.8 114.8 114.8 114.8 114.8 114.8 114.8 114.8 114.8 114.8 114.8 114.8 114.8 109.5 109.5 109.5 109.5 109.5 109.5 109.5 109.5 109.5 109.5 109.5 109.5 109.5 109.5 109.5 109.5 109.5 109.5 109.5 109.5 109.5 109.5 109.5 109.5 109.5 109.5 109.5 109.5 109.5 
113.2 113.2 113.2 113.2 113.2 113.2 113.2 113.2 113.2 113.2 113.2 114.8 114.8 114.8 114.8 114.8 114.8 114.8 114.8 114.8 114.8 114.8 114.8 114.8 114.8 114.8 114.8 114.8 114.8 114.8 114.8 114.8 114.8 114.8 114.8 114.8 114.8 114.8 114.8 114.8 114.8 114.8 114.8 114.8 114.8 114.8 114.8 114.8 114.8 114.8 114.8 114.8 114.8 114.8 114.8 114.8 114.8 114.8 114.8 114.8 114.8 114.8 114.8 114.8 114.8 114.8 114.8 114.8 114.8 114.8 114.8 109.5 109.5 109.5 109.5 109.5 109.5 109.5 109.5 109.5 109.5 109.5 109.5 109.5 109.5 109.5 109.5 109.5 109.5 109.5 109.5 109.5 109.5 109.5 109.5 109.5 109.5 109.5 109.5 109.5 
113.2 113.2 113.2 113.2 113.2 113.2 113.2 113.2 113.2 113.2 113.2 114.8 114.8 114.8 114.8 114.8 114.8 114.8 114.8 114.8 114.8 114.8 114.8 114.8 114.8 114.8 114.8 114.8 114.8 114.8 114.8 114.8 114.8 114.8 114.8 114.8 114.8 114.8 114.8 114.8 114.8 114.8 114.8 114.8 114.8 114.8 114.8 114.8 114.8 114.8 114.8 114.8 114.8 114.8 114.8 114.8 114.8 114.8 114.8 114.8 114.8 114.8 114.8 114.8 114.8 114.8 114.8 114.8 114.8 114.8 114.8 109.5 109.5 109.5 109.5 109.5 109.5 109.5 109.5 109.5 109.5 109.5 109.5 109.5 109.5 109.5 109.5 109.5 109.5 109.5 109.5 109.5 109.5 109.5 109.5 109.5 109.5 109.5 109.5 109.5 
113.2 113.2 113.2 113.2 113.2 113.2 113.2 113.2 113.2 113.2 113.2 114.8 114.8 114.8 114.8 114.8 114.8 114.8 114.8 114.8 114.8 114.8 114.8 114.8 114.8 114.8 114.8 114.8 114.8 114.8 114.8 114.8 114.8 114.8 114.8 114.8 114.8 114.8 114.8 114.8 114.8 114.8 114.8 114.8 114.8 114.8 114.8 114.8 114.8 114.8 114.8 114.8 114.8 114.8 114.8 114.8 114.8 114.8 114.8 114.8 114.8 114.8 114.8 114.8 114.8 114.8 114.8 114.8 114.8 114.8 114.8 109.5 109.5 109.5 109.5 109.5 109.5 109.5 109.5 109.5 109.5 109.5 109.5 109.5 109.5 109.5 109.5 109.5 109.5 109.5 109.5 109.5 109.5 109.5 109.5 109.5 109.5 109.5 109.5 109.5 
113.2 113.2 113.2 113.2 113.2 113.2 113.2 113.2 113.2 113.2 113.2 114.8 114.8 114.8 114.8 114.8 114.8 114.8 114.8 114.8 114.8 114.8 114.8 114.8 114.8 114.8 114.8 114.8 114.8 114.8 114.8 114.8 114.8 114.8 114.8 114.8 114.8 114.8 114.8 114.8 114.8 114.8 114.8 114.8 114.8 114.8 114.8 114.8 114.8 114.8 114.8 114.8 114.8 114.8 114.8 114.8 114.8 114.8 114.8 114.8 114.8 114.8 114.8 114.8 114.8 114.8 114.8 114.8 114.8 114.8 114.8 109.5 109.5 109.5 109.5 109.5 109.5 109.5 109.5 109.5 109.5 109.5 109.5 109.5 109.5 109.5 109.5 109.5 109.5 109.5 109.5 109.5 109.5 109.5 109.5 109.5 109.5 109.5 109.5 109.5 
113.2 113.2 113.2 113.2 113.2 113.2 113.2 113.2 113.2 113.2 113.2 114.8 114.8 114.8 114.8 114.8 114.8 114.8 114.8 114.8 114.8 114.8 114.8 114.8 114.8 114.8 114.8 114.8 114.8 114.8 114.8 114.8 114.8 114.8 114.8 114.8 114.8 114.8 114.8 114.8 114.8 114.8 114.8 114.8 114.8 114.8 114.8 114.8 114.8 114.8 114.8 114.8 114.8 114.8 114.8 114.8 114.8 114.8 114.8 114.8 114.8 114.8 114.8 114.8 114.8 114.8 114.8 114.8 114.8 114.8 114.8 109.5 109.5 109.5 109.5 109.5 109.5 109.5 109.5 109.5 109.5 109.5 109.5 109.5 109.5 109.5 109.5 109.5 109.5 109.5 109.5 109.5 109.5 109.5 109.5 109.5 109.5 109.5 109.5 109.5 
113.2 113.2 113.2 113.2 113.2 113.2 113.2 113.2 113.2 113.2 113.2 114.8 114.8 114.8 114.8 114.8 114.8 114.8 114.8 114.8 114.8 114.8 114.8 114.8 114.8 114.8 114.8 114.8 114.8 114.8 114.8 114.8 114.8 114.8 114.8 114.8 114.8 114.8 114.8 114.8 114.8 114.8 114.8 114.8 114.8 114.8 114.8 114.8 114.8 114.8 114.8 114.8 114.8 114.8 114.8 114.8 114.8 114.8 114.8 114.8 114.8 114.8 114.8 114.8 114.8 114.8 114.8 114.8 114.8 114.8 114.8 109.5 109.5 109.5 109.5 109.5 109.5 109.5 109.5 109.5 109.5 109.5 109.5 109.5 109.5 109.5 109.5 109.5 109.5 109.5 109.5 109.5 109.5 109.5 109.5 109.5 109.5 109.5 109.5 109.5 
113.2 113.2 113.2 113.2 113.2 113.2 113.2 113.2 113.2 113.2 113.2 114.8 114.8 114.8 114.8 114.8 114.8 114.8 114.8 114.8 114.8 114.8 114.8 114.8 114.8 114.8 114.8 114.8 114.8 114.8 114.8 114.8 114.8 114.8 114.8 114.8 114.8 114.8 114.8 114.8 114.8 114.8 114.8 114.8 114.8 114.8 114.8 114.8 114.8 114.8 114.8 114.8 114.8 114.8 114.8 114.8 114.8 114.8 114.8 114.8 114.8 114.8 114.8 114.8 114.8 114.8 114.8 114.8 114.8 114.8 114.8 109.5 109.5 109.5 109.5 109.5 109.5 109.5 109.5 109.5 109.5 109.5 109.5 109.5 109.5 109.5 109.5 109.5 109.5 109.5 109.5 109.5 109.5 109.5 109.5 109.5 109.5 109.5 109.5 109.5 
113.2 113.2 113.2 113.2 113.2 113.2 113.2 113.2 113.2 113.2 113.2 114.8 114.8 114.8 114.8 114.8 114.8 114.8 114.8 114.8 114.8 114.8 114.8 114.8 114.8 114.8 114.8 114.8 114.8 114.8 114.8 114.8 114.8 114.8 114.8 114.8 114.8 114.8 114.8 114.8 114.8 114.8 114.8 114.8 114.8 114.8 114.8 114.8 114.8 114.8 114.8 114.8 114.8 114.8 114.8 114.8 114.8 114.8 114.8 114.8 114.8 114.8 114.8 114.8 114.8 114.8 114.8 114.8 114.8 114.8 114.8 109.5 109.5 109.5 109.5 109.5 109.5 109.5 109.5 109.5 109.5 109.5 109.5 109.5 109.5 109.5 109.5 109.5 109.5 109.5 109.5 109.5 109.5 109.5 109.5 109.5 109.5 109.5 109.5 109.5 
113.2 113.2 113.2 113.2 113.2 113.2 113.2 113.2 113.2 113.2 113.2 114.8 114.8 114.8 114.8 114.8 114.8 114.8 114.8 114.8 114.8 114.8 114.8 114.8 114.8 114.8 114.8 114.8 114.8 114.8 114.8 114.8 114.8 114.8 114.8 114.8 114.8 114.8 114.8 114.8 114.8 114.8 114.8 114.8 114.8 114.8 114.8 114.8 114.8 114.8 114.8 114.8 114.8 114.8 114.8 114.8 114.8 114.8 114.8 114.8 114.8 114.8 114.8 114.8 114.8 114.8 114.8 114.8 114.8 114.8 114.8 109.5 109.5 109.5 109.5 109.5 109.5 109.5 109.5 109.5 109.5 109.5 109.5 109.5 109.5 109.5 109.5 109.5 109.5 109.5 109.5 109.5 109.5 109.5 109.5 109.5 109.5 109.5 109.5 109.5 
113.2 113.2 113.2 113.2 113.2 113.2 113.2 113.2 113.2 113.2 113.2 114.8 114.8 114.8 114.8 114.8 114.8 114.8 114.8 114.8 114.8 114.8 114.8 114.8 114.8 114.8 114.8 114.8 114.8 114.8 114.8 114.8 114.8 114.8 114.8 114.8 114.8 114.8 114.8 114.8 114.8 114.8 114.8 114.8 114.8 114.8 114.8 114.8 114.8 114.8 114.8 114.8 114.8 114.8 114.8 114.8 114.8 114.8 114.8 114.8 114.8 114.8 114.8 114.8 114.8 114.8 114.8 114.8 114.8 114.8 114.8 109.5 109.5 109.5 109.5 109.5 109.5 109.5 109.5 109.5 109.5 109.5 109.5 109.5 109.5 109.5 109.5 109.5 109.5 109.5 109.5 109.5 109.5 109.5 109.5 109.5 109.5 109.5 109.5 109.5 
113.2 113.2 113.2 113.2 113.2 113.2 113.2 113.2 113.2 113.2 113.2 114.8 114.8 114.8 114.8 114.8 114.8 114.8 114.8 114.8 114.8 114.8 114.8 114.8 114.8 114.8 114.8 114.8 114.8 114.8 114.8 114.8 114.8 114.8 114.8 114.8 114.8 114.8 114.8 114.8 114.8 114.8 114.8 114.8 114.8 114.8 114.8 114.8 114.8 114.8 114.8 114.8 114.8 114.8 114.8 114.8 114.8 114.8 114.8 114.8 114.8 114.8 114.8 114.8 114.8 114.8 114.8 114.8 114.8 114.8 114.8 109.5 109.5 109.5 109.5 109.5 109.5 109.5 109.5 109.5 109.5 109.5 109.5 109.5 109.5 109.5 109.5 109.5 109.5 109.5 109.5 109.5 109.5 109.5 109.5 109.5 109.5 109.5 109.5 109.5 
113.2 113.2 113.2 113.2 113.2 113.2 113.2 113.2 113.2 113.2 113.2 114.8 114.8 114.8 114.8 114.8 114.8 114.8 114.8 114.8 114.8 114.8 114.8 114.8 114.8 114.8 114.8 114.8 114.8 114.8 114.8 114.8 114.8 114.8 114.8 114.8 114.8 114.8 114.8 114.8 114.8 114.8 114.8 114.8 114.8 114.8 114.8 114.8 114.8 114.8 114.8 114.8 114.8 114.8 114.8 114.8 114.8 114.8 114.8 114.8 114.8 114.8 114.8 114.8 114.8 114.8 114.8 114.8 114.8 114.8 114.8 109.5 109.5 109.5 109.5 109.5 109.5 109.5 109.5 109.5 109.5 109.5 109.5 109.5 109.5 109.5 109.5 109.5 109.5 109.5 109.5 109.5 109.5 109.5 109.5 109.5 109.5 109.5 109.5 109.5 
113.2 113.2 113.2 113.2 113.2 113.2 113.2 113.2 113.2 113.2 113.2 114.8 114.8 114.8 114.8 114.8 114.8 114.8 114.8 114.8 114.8 114.8 114.8 114.8 114.8 114.8 114.8 114.8 114.8 114.8 114.8 114.8 114.8 114.8 114.8 114.8 114.8 114.8 114.8 114.8 114.8 114.8 114.8 114.8 114.8 114.8 114.8 114.8 114.8 114.8 114.8 114.8 114.8 114.8 114.8 114.8 114.8 114.8 114.8 114.8 114.8 114.8 114.8 114.8 114.8 114.8 114.8 114.8 114.8 114.8 114.8 109.5 109.5 109.5 109.5 109.5 109.5 109.5 109.5 109.5 109.5 109.5 109.5 109.5 109.5 109.5 109.5 109.5 109.5 109.5 109.5 109.5 109.5 109.5 109.5 109.5 109.5 109.5 109.5 109.5 
113.2 113.2 113.2 113.2 113.2 113.2 113.2 113.2 113.2 113.2 113.2 114.8 114.8 114.8 114.8 114.8 114.8 114.8 114.8 114.8 114.8 114.8 114.8 114.8 114.8 114.8 114.8 114.8 114.8 114.8 114.8 114.8 114.8 114.8 114.8 114.8 114.8 114.8 114.8 114.8 114.8 114.8 114.8 114.8 114.8 114.8 114.8 114.8 114.8 114.8 114.8 114.8 114.8 114.8 114.8 114.8 114.8 114.8 114.8 114.8 114.8 114.8 114.8 114.8 114.8 114.8 114.8 114.8 114.8 114.8 114.8 109.5 109.5 109.5 109.5 109.5 109.5 109.5 109.5 109.5 109.5 109.5 109.5 109.5 109.5 109.5 109.5 109.5 109.5 109.5 109.5 109.5 109.5 109.5 109.5 109.5 109.5 109.5 109.5 109.5 
113.2 113.2 113.2 113.2 113.2 113.2 113.2 113.2 113.2 113.2 113.2 114.8 114.8 114.8 114.8 114.8 114.8 114.8 114.8 114.8 114.8 114.8 114.8 114.8 114.8 114.8 114.8 114.8 114.8 114.8 114.8 114.8 114.8 114.8 114.8 114.8 114.8 114.8 114.8 114.8 114.8 114.8 114.8 114.8 114.8 114.8 114.8 114.8 114.8 114.8 114.8 114.8 114.8 114.8 114.8 114.8 114.8 114.8 114.8 114.8 114.8 114.8 114.8 114.8 114.8 114.8 114.8 114.8 114.8 114.8 114.8 109.5 109.5 109.5 109.5 109.5 109.5 109.5 109.5 109.5 109.5 109.5 109.5 109.5 109.5 109.5 109.5 109.5 109.5 109.5 109.5 109.5 109.5 109.5 109.5 109.5 109.5 109.5 109.5 109.5 
113.2 113.2 113.2 113.2 113.2 113.2 113.2 113.2 113.2 113.2 113.2 114.8 114.8 114.8 114.8 114.8 114.8 114.8 114.8 114.8 114.8 114.8 114.8 114.8 114.8 114.8 114.8 114.8 114.8 114.8 114.8 114.8 114.8 114.8 114.8 114.8 114.8 114.8 114.8 114.8 114.8 114.8 114.8 114.8 114.8 114.8 114.8 114.8 114.8 114.8 114.8 114.8 114.8 114.8 114.8 114.8 114.8 114.8 114.8 114.8 114.8 114.8 114.8 114.8 114.8 114.8 114.8 114.8 114.8 114.8 114.8 109.5 109.5 109.5 109.5 109.5 109.5 109.5 109.5 109.5 109.5 109.5 109.5 109.5 109.5 109.5 109.5 109.5 109.5 109.5 109.5 109.5 109.5 109.5 109.5 109.5 109.5 109.5 109.5 109.5 
113.2 113.2 113.2 113.2 113.2 113.2 113.2 113.2 113.2 113.2 113.2 114.8 114.8 114.8 114.8 114.8 114.8 114.8 114.8 114.8 114.8 114.8 114.8 114.8 114.8 114.8 114.8 114.8 114.8 114.8 114.8 114.8 114.8 114.8 114.8 114.8 114.8 114.8 114.8 114.8 114.8 114.8 114.8 114.8 114.8 114.8 114.8 114.8 114.8 114.8 114.8 114.8 114.8 114.8 114.8 114.8 114.8 114.8 114.8 114.8 114.8 114.8 114.8 114.8 114.8 114.8 114.8 114.8 114.8 114.8 114.8 109.5 109.5 109.5 109.5 109.5 109.5 109.5 109.5 109.5 109.5 109.5 109.5 109.5 109.5 109.5 109.5 109.5 109.5 109.5 109.5 109.5 109.5 109.5 109.5 109.5 109.5 109.5 109.5 109.5 
113.2 113.2 113.2 113.2 113.2 113.2 113.2 113.2 113.2 113.2 113.2 114.8 114.8 114.8 114.8 114.8 114.8 114.8 114.8 114.8 114.8 114.8 114.8 114.8 114.8 114.8 114.8 114.8 114.8 114.8 114.8 114.8 114.8 114.8 114.8 114.8 114.8 114.8 114.8 114.8 114.8 114.8 114.8 114.8 114.8 114.8 114.8 114.8 114.8 114.8 114.8 114.8 114.8 114.8 114.8 114.8 114.8 114.8 114.8 114.8 114.8 114.8 114.8 114.8 114.8 114.8 114.8 114.8 114.8 114.8 114.8 109.5 109.5 109.5 109.5 109.5 109.5 109.5 109.5 109.5 109.5 109.5 109.5 109.5 109.5 109.5 109.5 109.5 109.5 109.5 109.5 109.5 109.5 109.5 109.5 109.5 109.5 109.5 109.5 109.5 
113.2 113.2 113.2 113.2 113.2 113.2 113.2 113.2 113.2 113.2 113.2 114.8 114.8 114.8 114.8 114.8 114.8 114.8 114.8 114.8 114.8 114.8 114.8 114.8 114.8 114.8 114.8 114.8 114.8 114.8 114.8 114.8 114.8 114.8 114.8 114.8 114.8 114.8 114.8 114.8 114.8 114.8 114.8 114.8 114.8 114.8 114.8 114.8 114.8 114.8 114.8 114.8 114.8 114.8 114.8 114.8 114.8 114.8 114.8 114.8 114.8 114.8 114.8 114.8 114.8 114.8 114.8 114.8 114.8 114.8 114.8 109.5 109.5 109.5 109.5 109.5 109.5 109.5 109.5 109.5 109.5 109.5 109.5 109.5 109.5 109.5 109.5 109.5 109.5 109.5 109.5 109.5 109.5 109.5 109.5 109.5 109.5 109.5 109.5 109.5 
113.2 113.2 113.2 113.2 113.2 113.2 113.2 113.2 113.2 113.2 113.2 114.8 114.8 114.8 114.8 114.8 114.8 114.8 114.8 114.8 114.8 114.8 114.8 114.8 114.8 114.8 114.8 114.8 114.8 114.8 114.8 114.8 114.8 114.8 114.8 114.8 114.8 114.8 114.8 114.8 114.8 114.8 114.8 114.8 114.8 114.8 114.8 114.8 114.8 114.8 114.8 114.8 114.8 114.8 114.8 114.8 114.8 114.8 114.8 114.8 114.8 114.8 114.8 114.8 114.8 114.8 114.8 114.8 114.8 114.8 114.8 109.5 109.5 109.5 109.5 109.5 109.5 109.5 109.5 109.5 109.5 109.5 109.5 109.5 109.5 109.5 109.5 109.5 109.5 109.5 109.5 109.5 109.5 109.5 109.5 109.5 109.5 109.5 109.5 109.5 
113.2 113.2 113.2 113.2 113.2 113.2 113.2 113.2 113.2 113.2 113.2 114.8 114.8 114.8 114.8 114.8 114.8 114.8 114.8 114.8 114.8 114.8 114.8 114.8 114.8 114.8 114.8 114.8 114.8 114.8 114.8 114.8 114.8 114.8 114.8 114.8 114.8 114.8 114.8 114.8 114.8 114.8 114.8 114.8 114.8 114.8 114.8 114.8 114.8 114.8 114.8 114.8 114.8 114.8 114.8 114.8 114.8 114.8 114.8 114.8 114.8 114.8 114.8 114.8 114.8 114.8 114.8 114.8 114.8 114.8 114.8 109.5 109.5 109.5 109.5 109.5 109.5 109.5 109.5 109.5 109.5 109.5 109.5 109.5 109.5 109.5 109.5 109.5 109.5 109.5 109.5 109.5 109.5 109.5 109.5 109.5 109.5 109.5 109.5 109.5 
113.2 113.2 113.2 113.2 113.2 113.2 113.2 113.2 113.2 113.2 113.2 114.8 114.8 114.8 114.8 114.8 114.8 114.8 114.8 114.8 114.8 114.8 114.8 114.8 114.8 114.8 114.8 114.8 114.8 114.8 114.8 114.8 114.8 114.8 114.8 114.8 114.8 114.8 114.8 114.8 114.8 114.8 114.8 114.8 114.8 114.8 114.8 114.8 114.8 114.8 114.8 114.8 114.8 114.8 114.8 114.8 114.8 114.8 114.8 114.8 114.8 114.8 114.8 114.8 114.8 114.8 114.8 114.8 114.8 114.8 114.8 109.5 109.5 109.5 109.5 109.5 109.5 109.5 109.5 109.5 109.5 109.5 109.5 109.5 109.5 109.5 109.5 109.5 109.5 109.5 109.5 109.5 109.5 109.5 109.5 109.5 109.5 109.5 109.5 109.5 
113.2 113.2 113.2 113.2 113.2 113.2 113.2 113.2 113.2 113.2 113.2 114.8 114.8 114.8 114.8 114.8 114.8 114.8 114.8 114.8 114.8 114.8 114.8 114.8 114.8 114.8 114.8 114.8 114.8 114.8 114.8 114.8 114.8 114.8 114.8 114.8 114.8 114.8 114.8 114.8 114.8 114.8 114.8 114.8 114.8 114.8 114.8 114.8 114.8 114.8 114.8 114.8 114.8 114.8 114.8 114.8 114.8 114.8 114.8 114.8 114.8 114.8 114.8 114.8 114.8 114.8 114.8 114.8 114.8 114.8 114.8 109.5 109.5 109.5 109.5 109.5 109.5 109.5 109.5 109.5 109.5 109.5 109.5 109.5 109.5 109.5 109.5 109.5 109.5 109.5 109.5 109.5 109.5 109.5 109.5 109.5 109.5 109.5 109.5 109.5 
113.2 113.2 113.2 113.2 113.2 113.2 113.2 113.2 113.2 113.2 113.2 114.8 114.8 114.8 114.8 114.8 114.8 114.8 114.8 114.8 114.8 114.8 114.8 114.8 114.8 114.8 114.8 114.8 114.8 114.8 114.8 114.8 114.8 114.8 114.8 114.8 114.8 114.8 114.8 114.8 114.8 114.8 114.8 114.8 114.8 114.8 114.8 114.8 114.8 114.8 114.8 114.8 114.8 114.8 114.8 114.8 114.8 114.8 114.8 114.8 114.8 114.8 114.8 114.8 114.8 114.8 114.8 114.8 114.8 114.8 114.8 109.5 109.5 109.5 109.5 109.5 109.5 109.5 109.5 109.5 109.5 109.5 109.5 109.5 109.5 109.5 109.5 109.5 109.5 109.5 109.5 109.5 109.5 109.5 109.5 109.5 109.5 109.5 109.5 109.5 
113.2 113.2 113.2 113.2 113.2 113.2 113.2 113.2 113.2 113.2 113.2 114.8 114.8 114.8 114.8 114.8 114.8 114.8 114.8 114.8 114.8 114.8 114.8 114.8 114.8 114.8 114.8 114.8 114.8 114.8 114.8 114.8 114.8 114.8 114.8 114.8 114.8 114.8 114.8 114.8 114.8 114.8 114.8 114.8 114.8 114.8 114.8 114.8 114.8 114.8 114.8 114.8 114.8 114.8 114.8 114.8 114.8 114.8 114.8 114.8 114.8 114.8 114.8 114.8 114.8 114.8 114.8 114.8 114.8 114.8 114.8 109.5 109.5 109.5 109.5 109.5 109.5 109.5 109.5 109.5 109.5 109.5 109.5 109.5 109.5 109.5 109.5 109.5 109.5 109.5 109.5 109.5 109.5 109.5 109.5 109.5 109.5 109.5 109.5 109.5 
113.2 113.2 113.2 113.2 113.2 113.2 113.2 113.2 113.2 113.2 113.2 114.8 114.8 114.8 114.8 114.8 114.8 114.8 114.8 114.8 114.8 114.8 114.8 114.8 114.8 114.8 114.8 114.8 114.8 114.8 114.8 114.8 114.8 114.8 114.8 114.8 114.8 114.8 114.8 114.8 114.8 114.8 114.8 114.8 114.8 114.8 114.8 114.8 114.8 114.8 114.8 114.8 114.8 114.8 114.8 114.8 114.8 114.8 114.8 114.8 114.8 114.8 114.8 114.8 114.8 114.8 114.8 114.8 114.8 114.8 114.8 109.5 109.5 109.5 109.5 109.5 109.5 109.5 109.5 109.5 109.5 109.5 109.5 109.5 109.5 109.5 109.5 109.5 109.5 109.5 109.5 109.5 109.5 109.5 109.5 109.5 109.5 109.5 109.5 109.5 
113.2 113.2 113.2 113.2 113.2 113.2 113.2 113.2 113.2 113.2 113.2 114.8 114.8 114.8 114.8 114.8 114.8 114.8 114.8 114.8 114.8 114.8 114.8 114.8 114.8 114.8 114.8 114.8 114.8 114.8 114.8 114.8 114.8 114.8 114.8 114.8 114.8 114.8 114.8 114.8 114.8 114.8 114.8 114.8 114.8 114.8 114.8 114.8 114.8 114.8 114.8 114.8 114.8 114.8 114.8 114.8 114.8 114.8 114.8 114.8 114.8 114.8 114.8 114.8 114.8 114.8 114.8 114.8 114.8 114.8 114.8 109.5 109.5 109.5 109.5 109.5 109.5 109.5 109.5 109.5 109.5 109.5 109.5 109.5 109.5 109.5 109.5 109.5 109.5 109.5 109.5 109.5 109.5 109.5 109.5 109.5 109.5 109.5 109.5 109.5 
113.2 113.2 113.2 113.2 113.2 113.2 113.2 113.2 113.2 113.2 113.2 114.8 114.8 114.8 114.8 114.8 114.8 114.8 114.8 114.8 114.8 114.8 114.8 114.8 114.8 114.8 114.8 114.8 114.8 114.8 114.8 114.8 114.8 114.8 114.8 114.8 114.8 114.8 114.8 114.8 114.8 114.8 114.8 114.8 114.8 114.8 114.8 114.8 114.8 114.8 114.8 114.8 114.8 114.8 114.8 114.8 114.8 114.8 114.8 114.8 114.8 114.8 114.8 114.8 114.8 114.8 114.8 114.8 114.8 114.8 114.8 109.5 109.5 109.5 109.5 109.5 109.5 109.5 109.5 109.5 109.5 109.5 109.5 109.5 109.5 109.5 109.5 109.5 109.5 109.5 109.5 109.5 109.5 109.5 109.5 109.5 109.5 109.5 109.5 109.5 
113.2 113.2 113.2 113.2 113.2 113.2 113.2 113.2 113.2 113.2 113.2 114.8 114.8 114.8 114.8 114.8 114.8 114.8 114.8 114.8 114.8 114.8 114.8 114.8 114.8 114.8 114.8 114.8 114.8 114.8 114.8 114.8 114.8 114.8 114.8 114.8 114.8 114.8 114.8 114.8 114.8 114.8 114.8 114.8 114.8 114.8 114.8 114.8 114.8 114.8 114.8 114.8 114.8 114.8 114.8 114.8 114.8 114.8 114.8 114.8 114.8 114.8 114.8 114.8 114.8 114.8 114.8 114.8 114.8 114.8 114.8 109.5 109.5 109.5 109.5 109.5 109.5 109.5 109.5 109.5 109.5 109.5 109.5 109.5 109.5 109.5 109.5 109.5 109.5 109.5 109.5 109.5 109.5 109.5 109.5 109.5 109.5 109.5 109.5 109.5 
113.2 113.2 113.2 113.2 113.2 113.2 113.2 113.2 113.2 113.2 113.2 114.8 114.8 114.8 114.8 114.8 114.8 114.8 114.8 114.8 114.8 114.8 114.8 114.8 114.8 114.8 114.8 114.8 114.8 114.8 114.8 114.8 114.8 114.8 114.8 114.8 114.8 114.8 114.8 114.8 114.8 114.8 114.8 114.8 114.8 114.8 114.8 114.8 114.8 114.8 114.8 114.8 114.8 114.8 114.8 114.8 114.8 114.8 114.8 114.8 114.8 114.8 114.8 114.8 114.8 114.8 114.8 114.8 114.8 114.8 114.8 109.5 109.5 109.5 109.5 109.5 109.5 109.5 109.5 109.5 109.5 109.5 109.5 109.5 109.5 109.5 109.5 109.5 109.5 109.5 109.5 109.5 109.5 109.5 109.5 109.5 109.5 109.5 109.5 109.5 
113.2 113.2 113.2 113.2 113.2 113.2 113.2 113.2 113.2 113.2 113.2 114.8 114.8 114.8 114.8 114.8 114.8 114.8 114.8 114.8 114.8 114.8 114.8 114.8 114.8 114.8 114.8 114.8 114.8 114.8 114.8 114.8 114.8 114.8 114.8 114.8 114.8 114.8 114.8 114.8 114.8 114.8 114.8 114.8 114.8 114.8 114.8 114.8 114.8 114.8 114.8 114.8 114.8 114.8 114.8 114.8 114.8 114.8 114.8 114.8 114.8 114.8 114.8 114.8 114.8 114.8 114.8 114.8 114.8 114.8 114.8 109.5 109.5 109.5 109.5 109.5 109.5 109.5 109.5 109.5 109.5 109.5 109.5 109.5 109.5 109.5 109.5 109.5 109.5 109.5 109.5 109.5 109.5 109.5 109.5 109.5 109.5 109.5 109.5 109.5 
113.2 113.2 113.2 113.2 113.2 113.2 113.2 113.2 113.2 113.2 113.2 114.8 114.8 114.8 114.8 114.8 114.8 114.8 114.8 114.8 114.8 114.8 114.8 114.8 114.8 114.8 114.8 114.8 114.8 114.8 114.8 114.8 114.8 114.8 114.8 114.8 114.8 114.8 114.8 114.8 114.8 114.8 114.8 114.8 114.8 114.8 114.8 114.8 114.8 114.8 114.8 114.8 114.8 114.8 114.8 114.8 114.8 114.8 114.8 114.8 114.8 114.8 114.8 114.8 114.8 114.8 114.8 114.8 114.8 114.8 114.8 109.5 109.5 109.5 109.5 109.5 109.5 109.5 109.5 109.5 109.5 109.5 109.5 109.5 109.5 109.5 109.5 109.5 109.5 109.5 109.5 109.5 109.5 109.5 109.5 109.5 109.5 109.5 109.5 109.5 
113.2 113.2 113.2 113.2 113.2 113.2 113.2 113.2 113.2 113.2 113.2 114.8 114.8 114.8 114.8 114.8 114.8 114.8 114.8 114.8 114.8 114.8 114.8 114.8 114.8 114.8 114.8 114.8 114.8 114.8 114.8 114.8 114.8 114.8 114.8 114.8 114.8 114.8 114.8 114.8 114.8 114.8 114.8 114.8 114.8 114.8 114.8 114.8 114.8 114.8 114.8 114.8 114.8 114.8 114.8 114.8 114.8 114.8 114.8 114.8 114.8 114.8 114.8 114.8 114.8 114.8 114.8 114.8 114.8 114.8 114.8 109.5 109.5 109.5 109.5 109.5 109.5 109.5 109.5 109.5 109.5 109.5 109.5 109.5 109.5 109.5 109.5 109.5 109.5 109.5 109.5 109.5 109.5 109.5 109.5 109.5 109.5 109.5 109.5 109.5 
113.2 113.2 113.2 113.2 113.2 113.2 113.2 113.2 113.2 113.2 113.2 114.8 114.8 114.8 114.8 114.8 114.8 114.8 114.8 114.8 114.8 114.8 114.8 114.8 114.8 114.8 114.8 114.8 114.8 114.8 114.8 114.8 114.8 114.8 114.8 114.8 114.8 114.8 114.8 114.8 114.8 114.8 114.8 114.8 114.8 114.8 114.8 114.8 114.8 114.8 114.8 114.8 114.8 114.8 114.8 114.8 114.8 114.8 114.8 114.8 114.8 114.8 114.8 114.8 114.8 114.8 114.8 114.8 114.8 114.8 114.8 109.5 109.5 109.5 109.5 109.5 109.5 109.5 109.5 109.5 109.5 109.5 109.5 109.5 109.5 109.5 109.5 109.5 109.5 109.5 109.5 109.5 109.5 109.5 109.5 109.5 109.5 109.5 109.5 109.5 
113.2 113.2 113.2 113.2 113.2 113.2 113.2 113.2 113.2 113.2 113.2 114.8 114.8 114.8 114.8 114.8 114.8 114.8 114.8 114.8 114.8 114.8 114.8 114.8 114.8 114.8 114.8 114.8 114.8 114.8 114.8 114.8 114.8 114.8 114.8 114.8 114.8 114.8 114.8 114.8 114.8 114.8 114.8 114.8 114.8 114.8 114.8 114.8 114.8 114.8 114.8 114.8 114.8 114.8 114.8 114.8 114.8 114.8 114.8 114.8 114.8 114.8 114.8 114.8 114.8 114.8 114.8 114.8 114.8 114.8 114.8 109.5 109.5 109.5 109.5 109.5 109.5 109.5 109.5 109.5 109.5 109.5 109.5 109.5 109.5 109.5 109.5 109.5 109.5 109.5 109.5 109.5 109.5 109.5 109.5 109.5 109.5 109.5 109.5 109.5 
113.2 113.2 113.2 113.2 113.2 113.2 113.2 113.2 113.2 113.2 113.2 114.8 114.8 114.8 114.8 114.8 114.8 114.8 114.8 114.8 114.8 114.8 114.8 114.8 114.8 114.8 114.8 114.8 114.8 114.8 114.8 114.8 114.8 114.8 114.8 114.8 114.8 114.8 114.8 114.8 114.8 114.8 114.8 114.8 114.8 114.8 114.8 114.8 114.8 114.8 114.8 114.8 114.8 114.8 114.8 114.8 114.8 114.8 114.8 114.8 114.8 114.8 114.8 114.8 114.8 114.8 114.8 114.8 114.8 114.8 114.8 109.5 109.5 109.5 109.5 109.5 109.5 109.5 109.5 109.5 109.5 109.5 109.5 109.5 109.5 109.5 109.5 109.5 109.5 109.5 109.5 109.5 109.5 109.5 109.5 109.5 109.5 109.5 109.5 109.5 
113.2 113.2 113.2 113.2 113.2 113.2 113.2 113.2 113.2 113.2 113.2 114.8 114.8 114.8 114.8 114.8 114.8 114.8 114.8 114.8 114.8 114.8 114.8 114.8 114.8 114.8 114.8 114.8 114.8 114.8 114.8 114.8 114.8 114.8 114.8 114.8 114.8 114.8 114.8 114.8 114.8 114.8 114.8 114.8 114.8 114.8 114.8 114.8 114.8 114.8 114.8 114.8 114.8 114.8 114.8 114.8 114.8 114.8 114.8 114.8 114.8 114.8 114.8 114.8 114.8 114.8 114.8 114.8 114.8 114.8 114.8 109.5 109.5 109.5 109.5 109.5 109.5 109.5 109.5 109.5 109.5 109.5 109.5 109.5 109.5 109.5 109.5 109.5 109.5 109.5 109.5 109.5 109.5 109.5 109.5 109.5 109.5 109.5 109.5 109.5 
113.2 113.2 113.2 113.2 113.2 113.2 113.2 113.2 113.2 113.2 113.2 114.8 114.8 114.8 114.8 114.8 114.8 114.8 114.8 114.8 114.8 114.8 114.8 114.8 114.8 114.8 114.8 114.8 114.8 114.8 114.8 114.8 114.8 114.8 114.8 114.8 114.8 114.8 114.8 114.8 114.8 114.8 114.8 114.8 114.8 114.8 114.8 114.8 114.8 114.8 114.8 114.8 114.8 114.8 114.8 114.8 114.8 114.8 114.8 114.8 114.8 114.8 114.8 114.8 114.8 114.8 114.8 114.8 114.8 114.8 114.8 109.5 109.5 109.5 109.5 109.5 109.5 109.5 109.5 109.5 109.5 109.5 109.5 109.5 109.5 109.5 109.5 109.5 109.5 109.5 109.5 109.5 109.5 109.5 109.5 109.5 109.5 109.5 109.5 109.5 
113.2 113.2 113.2 113.2 113.2 113.2 113.2 113.2 113.2 113.2 113.2 114.8 114.8 114.8 114.8 114.8 114.8 114.8 114.8 114.8 114.8 114.8 114.8 114.8 114.8 114.8 114.8 114.8 114.8 114.8 114.8 114.8 114.8 114.8 114.8 114.8 114.8 114.8 114.8 114.8 114.8 114.8 114.8 114.8 114.8 114.8 114.8 114.8 114.8 114.8 114.8 114.8 114.8 114.8 114.8 114.8 114.8 114.8 114.8 114.8 114.8 114.8 114.8 114.8 114.8 114.8 114.8 114.8 114.8 114.8 114.8 109.5 109.5 109.5 109.5 109.5 109.5 109.5 109.5 109.5 109.5 109.5 109.5 109.5 109.5 109.5 109.5 109.5 109.5 109.5 109.5 109.5 109.5 109.5 109.5 109.5 109.5 109.5 109.5 109.5 
145.6 145.6 145.6 145.6 145.6 145.6 145.6 145.6 145.6 145.6 145.6 145.1 145.1 145.1 145.1 145.1 145.1 145.1 145.1 145.1 145.1 145.1 145.1 145.1 145.1 145.1 145.1 145.1 145.1 145.1 145.1 145.1 145.1 145.1 145.1 145.1 145.1 145.1 145.1 145.1 145.1 145.1 145.1 145.1 145.1 145.1 145.1 145.1 145.1 145.1 145.1 145.1 145.1 145.1 145.1 145.1 145.1 145.1 145.1 145.1 145.1 145.1 145.1 145.1 145.1 145.1 145.1 145.1 145.1 145.1 145.1 134.6 134.6 134.6 134.6 134.6 134.6 134.6 134.6 134.6 134.6 134.6 134.6 134.6 134.6 134.6 134.6 134.6 134.6 134.6 134.6 134.6 134.6 134.6 134.6 134.6 134.6 134.6 134.6 134.6 
145.6 145.6 145.6 145.6 145.6 145.6 145.6 145.6 145.6 145.6 145.6 145.1 145.1 145.1 145.1 145.1 145.1 145.1 145.1 145.1 145.1 145.1 145.1 145.1 145.1 145.1 145.1 145.1 145.1 145.1 145.1 145.1 145.1 145.1 145.1 145.1 145.1 145.1 145.1 145.1 145.1 145.1 145.1 145.1 145.1 145.1 145.1 145.1 145.1 145.1 145.1 145.1 145.1 145.1 145.1 145.1 145.1 145.1 145.1 145.1 145.1 145.1 145.1 145.1 145.1 145.1 145.1 145.1 145.1 145.1 145.1 134.6 134.6 134.6 134.6 134.6 134.6 134.6 134.6 134.6 134.6 134.6 134.6 134.6 134.6 134.6 134.6 134.6 134.6 134.6 134.6 134.6 134.6 134.6 134.6 134.6 134.6 134.6 134.6 134.6 
145.6 145.6 145.6 145.6 145.6 145.6 145.6 145.6 145.6 145.6 145.6 145.1 145.1 145.1 145.1 145.1 145.1 145.1 145.1 145.1 145.1 145.1 145.1 145.1 145.1 145.1 145.1 145.1 145.1 145.1 145.1 145.1 145.1 145.1 145.1 145.1 145.1 145.1 145.1 145.1 145.1 145.1 145.1 145.1 145.1 145.1 145.1 145.1 145.1 145.1 145.1 145.1 145.1 145.1 145.1 145.1 145.1 145.1 145.1 145.1 145.1 145.1 145.1 145.1 145.1 145.1 145.1 145.1 145.1 145.1 145.1 134.6 134.6 134.6 134.6 134.6 134.6 134.6 134.6 134.6 134.6 134.6 134.6 134.6 134.6 134.6 134.6 134.6 134.6 134.6 134.6 134.6 134.6 134.6 134.6 134.6 134.6 134.6 134.6 134.6 
145.6 145.6 145.6 145.6 145.6 145.6 145.6 145.6 145.6 145.6 145.6 145.1 145.1 145.1 145.1 145.1 145.1 145.1 145.1 145.1 145.1 145.1 145.1 145.1 145.1 145.1 145.1 145.1 145.1 145.1 145.1 145.1 145.1 145.1 145.1 145.1 145.1 145.1 145.1 145.1 145.1 145.1 145.1 145.1 145.1 145.1 145.1 145.1 145.1 145.1 145.1 145.1 145.1 145.1 145.1 145.1 145.1 145.1 145.1 145.1 145.1 145.1 145.1 145.1 145.1 145.1 145.1 145.1 145.1 145.1 145.1 134.6 134.6 134.6 134.6 134.6 134.6 134.6 134.6 134.6 134.6 134.6 134.6 134.6 134.6 134.6 134.6 134.6 134.6 134.6 134.6 134.6 134.6 134.6 134.6 134.6 134.6 134.6 134.6 134.6 
145.6 145.6 145.6 145.6 145.6 145.6 145.6 145.6 145.6 145.6 145.6 145.1 145.1 145.1 145.1 145.1 145.1 145.1 145.1 145.1 145.1 145.1 145.1 145.1 145.1 145.1 145.1 145.1 145.1 145.1 145.1 145.1 145.1 145.1 145.1 145.1 145.1 145.1 145.1 145.1 145.1 145.1 145.1 145.1 145.1 145.1 145.1 145.1 145.1 145.1 145.1 145.1 145.1 145.1 145.1 145.1 145.1 145.1 145.1 145.1 145.1 145.1 145.1 145.1 145.1 145.1 145.1 145.1 145.1 145.1 145.1 134.6 134.6 134.6 134.6 134.6 134.6 134.6 134.6 134.6 134.6 134.6 134.6 134.6 134.6 134.6 134.6 134.6 134.6 134.6 134.6 134.6 134.6 134.6 134.6 134.6 134.6 134.6 134.6 134.6 
145.6 145.6 145.6 145.6 145.6 145.6 145.6 145.6 145.6 145.6 145.6 145.1 145.1 145.1 145.1 145.1 145.1 145.1 145.1 145.1 145.1 145.1 145.1 145.1 145.1 145.1 145.1 145.1 145.1 145.1 145.1 145.1 145.1 145.1 145.1 145.1 145.1 145.1 145.1 145.1 145.1 145.1 145.1 145.1 145.1 145.1 145.1 145.1 145.1 145.1 145.1 145.1 145.1 145.1 145.1 145.1 145.1 145.1 145.1 145.1 145.1 145.1 145.1 145.1 145.1 145.1 145.1 145.1 145.1 145.1 145.1 134.6 134.6 134.6 134.6 134.6 134.6 134.6 134.6 134.6 134.6 134.6 134.6 134.6 134.6 134.6 134.6 134.6 134.6 134.6 134.6 134.6 134.6 134.6 134.6 134.6 134.6 134.6 134.6 134.6 
145.6 145.6 145.6 145.6 145.6 145.6 145.6 145.6 145.6 145.6 145.6 145.1 145.1 145.1 145.1 145.1 145.1 145.1 145.1 145.1 145.1 145.1 145.1 145.1 145.1 145.1 145.1 145.1 145.1 145.1 145.1 145.1 145.1 145.1 145.1 145.1 145.1 145.1 145.1 145.1 145.1 145.1 145.1 145.1 145.1 145.1 145.1 145.1 145.1 145.1 145.1 145.1 145.1 145.1 145.1 145.1 145.1 145.1 145.1 145.1 145.1 145.1 145.1 145.1 145.1 145.1 145.1 145.1 145.1 145.1 145.1 134.6 134.6 134.6 134.6 134.6 134.6 134.6 134.6 134.6 134.6 134.6 134.6 134.6 134.6 134.6 134.6 134.6 134.6 134.6 134.6 134.6 134.6 134.6 134.6 134.6 134.6 134.6 134.6 134.6 
145.6 145.6 145.6 145.6 145.6 145.6 145.6 145.6 145.6 145.6 145.6 145.1 145.1 145.1 145.1 145.1 145.1 145.1 145.1 145.1 145.1 145.1 145.1 145.1 145.1 145.1 145.1 145.1 145.1 145.1 145.1 145.1 145.1 145.1 145.1 145.1 145.1 145.1 145.1 145.1 145.1 145.1 145.1 145.1 145.1 145.1 145.1 145.1 145.1 145.1 145.1 145.1 145.1 145.1 145.1 145.1 145.1 145.1 145.1 145.1 145.1 145.1 145.1 145.1 145.1 145.1 145.1 145.1 145.1 145.1 145.1 134.6 134.6 134.6 134.6 134.6 134.6 134.6 134.6 134.6 134.6 134.6 134.6 134.6 134.6 134.6 134.6 134.6 134.6 134.6 134.6 134.6 134.6 134.6 134.6 134.6 134.6 134.6 134.6 134.6 
145.6 145.6 145.6 145.6 145.6 145.6 145.6 145.6 145.6 145.6 145.6 145.1 145.1 145.1 145.1 145.1 145.1 145.1 145.1 145.1 145.1 145.1 145.1 145.1 145.1 145.1 145.1 145.1 145.1 145.1 145.1 145.1 145.1 145.1 145.1 145.1 145.1 145.1 145.1 145.1 145.1 145.1 145.1 145.1 145.1 145.1 145.1 145.1 145.1 145.1 145.1 145.1 145.1 145.1 145.1 145.1 145.1 145.1 145.1 145.1 145.1 145.1 145.1 145.1 145.1 145.1 145.1 145.1 145.1 145.1 145.1 134.6 134.6 134.6 134.6 134.6 134.6 134.6 134.6 134.6 134.6 134.6 134.6 134.6 134.6 134.6 134.6 134.6 134.6 134.6 134.6 134.6 134.6 134.6 134.6 134.6 134.6 134.6 134.6 134.6 
145.6 145.6 145.6 145.6 145.6 145.6 145.6 145.6 145.6 145.6 145.6 145.1 145.1 145.1 145.1 145.1 145.1 145.1 145.1 145.1 145.1 145.1 145.1 145.1 145.1 145.1 145.1 145.1 145.1 145.1 145.1 145.1 145.1 145.1 145.1 145.1 145.1 145.1 145.1 145.1 145.1 145.1 145.1 145.1 145.1 145.1 145.1 145.1 145.1 145.1 145.1 145.1 145.1 145.1 145.1 145.1 145.1 145.1 145.1 145.1 145.1 145.1 145.1 145.1 145.1 145.1 145.1 145.1 145.1 145.1 145.1 134.6 134.6 134.6 134.6 134.6 134.6 134.6 134.6 134.6 134.6 134.6 134.6 134.6 134.6 134.6 134.6 134.6 134.6 134.6 134.6 134.6 134.6 134.6 134.6 134.6 134.6 134.6 134.6 134.6 
145.6 145.6 145.6 145.6 145.6 145.6 145.6 145.6 145.6 145.6 145.6 145.1 145.1 145.1 145.1 145.1 145.1 145.1 145.1 145.1 145.1 145.1 145.1 145.1 145.1 145.1 145.1 145.1 145.1 145.1 145.1 145.1 145.1 145.1 145.1 145.1 145.1 145.1 145.1 145.1 145.1 145.1 145.1 145.1 145.1 145.1 145.1 145.1 145.1 145.1 145.1 145.1 145.1 145.1 145.1 145.1 145.1 145.1 145.1 145.1 145.1 145.1 145.1 145.1 145.1 145.1 145.1 145.1 145.1 145.1 145.1 134.6 134.6 134.6 134.6 134.6 134.6 134.6 134.6 134.6 134.6 134.6 134.6 134.6 134.6 134.6 134.6 134.6 134.6 134.6 134.6 134.6 134.6 134.6 134.6 134.6 134.6 134.6 134.6 134.6 
145.6 145.6 145.6 145.6 145.6 145.6 145.6 145.6 145.6 145.6 145.6 145.1 145.1 145.1 145.1 145.1 145.1 145.1 145.1 145.1 145.1 145.1 145.1 145.1 145.1 145.1 145.1 145.1 145.1 145.1 145.1 145.1 145.1 145.1 145.1 145.1 145.1 145.1 145.1 145.1 145.1 145.1 145.1 145.1 145.1 145.1 145.1 145.1 145.1 145.1 145.1 145.1 145.1 145.1 145.1 145.1 145.1 145.1 145.1 145.1 145.1 145.1 145.1 145.1 145.1 145.1 145.1 145.1 145.1 145.1 145.1 134.6 134.6 134.6 134.6 134.6 134.6 134.6 134.6 134.6 134.6 134.6 134.6 134.6 134.6 134.6 134.6 134.6 134.6 134.6 134.6 134.6 134.6 134.6 134.6 134.6 134.6 134.6 134.6 134.6 
145.6 145.6 145.6 145.6 145.6 145.6 145.6 145.6 145.6 145.6 145.6 145.1 145.1 145.1 145.1 145.1 145.1 145.1 145.1 145.1 145.1 145.1 145.1 145.1 145.1 145.1 145.1 145.1 145.1 145.1 145.1 145.1 145.1 145.1 145.1 145.1 145.1 145.1 145.1 145.1 145.1 145.1 145.1 145.1 145.1 145.1 145.1 145.1 145.1 145.1 145.1 145.1 145.1 145.1 145.1 145.1 145.1 145.1 145.1 145.1 145.1 145.1 145.1 145.1 145.1 145.1 145.1 145.1 145.1 145.1 145.1 134.6 134.6 134.6 134.6 134.6 134.6 134.6 134.6 134.6 134.6 134.6 134.6 134.6 134.6 134.6 134.6 134.6 134.6 134.6 134.6 134.6 134.6 134.6 134.6 134.6 134.6 134.6 134.6 134.6 
145.6 145.6 145.6 145.6 145.6 145.6 145.6 145.6 145.6 145.6 145.6 145.1 145.1 145.1 145.1 145.1 145.1 145.1 145.1 145.1 145.1 145.1 145.1 145.1 145.1 145.1 145.1 145.1 145.1 145.1 145.1 145.1 145.1 145.1 145.1 145.1 145.1 145.1 145.1 145.1 145.1 145.1 145.1 145.1 145.1 145.1 145.1 145.1 145.1 145.1 145.1 145.1 145.1 145.1 145.1 145.1 145.1 145.1 145.1 145.1 145.1 145.1 145.1 145.1 145.1 145.1 145.1 145.1 145.1 145.1 145.1 134.6 134.6 134.6 134.6 134.6 134.6 134.6 134.6 134.6 134.6 134.6 134.6 134.6 134.6 134.6 134.6 134.6 134.6 134.6 134.6 134.6 134.6 134.6 134.6 134.6 134.6 134.6 134.6 134.6 
145.6 145.6 145.6 145.6 145.6 145.6 145.6 145.6 145.6 145.6 145.6 145.1 145.1 145.1 145.1 145.1 145.1 145.1 145.1 145.1 145.1 145.1 145.1 145.1 145.1 145.1 145.1 145.1 145.1 145.1 145.1 145.1 145.1 145.1 145.1 145.1 145.1 145.1 145.1 145.1 145.1 145.1 145.1 145.1 145.1 145.1 145.1 145.1 145.1 145.1 145.1 145.1 145.1 145.1 145.1 145.1 145.1 145.1 145.1 145.1 145.1 145.1 145.1 145.1 145.1 145.1 145.1 145.1 145.1 145.1 145.1 134.6 134.6 134.6 134.6 134.6 134.6 134.6 134.6 134.6 134.6 134.6 134.6 134.6 134.6 134.6 134.6 134.6 134.6 134.6 134.6 134.6 134.6 134.6 134.6 134.6 134.6 134.6 134.6 134.6 
145.6 145.6 145.6 145.6 145.6 145.6 145.6 145.6 145.6 145.6 145.6 145.1 145.1 145.1 145.1 145.1 145.1 145.1 145.1 145.1 145.1 145.1 145.1 145.1 145.1 145.1 145.1 145.1 145.1 145.1 145.1 145.1 145.1 145.1 145.1 145.1 145.1 145.1 145.1 145.1 145.1 145.1 145.1 145.1 145.1 145.1 145.1 145.1 145.1 145.1 145.1 145.1 145.1 145.1 145.1 145.1 145.1 145.1 145.1 145.1 145.1 145.1 145.1 145.1 145.1 145.1 145.1 145.1 145.1 145.1 145.1 134.6 134.6 134.6 134.6 134.6 134.6 134.6 134.6 134.6 134.6 134.6 134.6 134.6 134.6 134.6 134.6 134.6 134.6 134.6 134.6 134.6 134.6 134.6 134.6 134.6 134.6 134.6 134.6 134.6 
145.6 145.6 145.6 145.6 145.6 145.6 145.6 145.6 145.6 145.6 145.6 145.1 145.1 145.1 145.1 145.1 145.1 145.1 145.1 145.1 145.1 145.1 145.1 145.1 145.1 145.1 145.1 145.1 145.1 145.1 145.1 145.1 145.1 145.1 145.1 145.1 145.1 145.1 145.1 145.1 145.1 145.1 145.1 145.1 145.1 145.1 145.1 145.1 145.1 145.1 145.1 145.1 145.1 145.1 145.1 145.1 145.1 145.1 145.1 145.1 145.1 145.1 145.1 145.1 145.1 145.1 145.1 145.1 145.1 145.1 145.1 134.6 134.6 134.6 134.6 134.6 134.6 134.6 134.6 134.6 134.6 134.6 134.6 134.6 134.6 134.6 134.6 134.6 134.6 134.6 134.6 134.6 134.6 134.6 134.6 134.6 134.6 134.6 134.6 134.6 
145.6 145.6 145.6 145.6 145.6 145.6 145.6 145.6 145.6 145.6 145.6 145.1 145.1 145.1 145.1 145.1 145.1 145.1 145.1 145.1 145.1 145.1 145.1 145.1 145.1 145.1 145.1 145.1 145.1 145.1 145.1 145.1 145.1 145.1 145.1 145.1 145.1 145.1 145.1 145.1 145.1 145.1 145.1 145.1 145.1 145.1 145.1 145.1 145.1 145.1 145.1 145.1 145.1 145.1 145.1 145.1 145.1 145.1 145.1 145.1 145.1 145.1 145.1 145.1 145.1 145.1 145.1 145.1 145.1 145.1 145.1 134.6 134.6 134.6 134.6 134.6 134.6 134.6 134.6 134.6 134.6 134.6 134.6 134.6 134.6 134.6 134.6 134.6 134.6 134.6 134.6 134.6 134.6 134.6 134.6 134.6 134.6 134.6 134.6 134.6 
145.6 145.6 145.6 145.6 145.6 145.6 145.6 145.6 145.6 145.6 145.6 145.1 145.1 145.1 145.1 145.1 145.1 145.1 145.1 145.1 145.1 145.1 145.1 145.1 145.1 145.1 145.1 145.1 145.1 145.1 145.1 145.1 145.1 145.1 145.1 145.1 145.1 145.1 145.1 145.1 145.1 145.1 145.1 145.1 145.1 145.1 145.1 145.1 145.1 145.1 145.1 145.1 145.1 145.1 145.1 145.1 145.1 145.1 145.1 145.1 145.1 145.1 145.1 145.1 145.1 145.1 145.1 145.1 145.1 145.1 145.1 134.6 134.6 134.6 134.6 134.6 134.6 134.6 134.6 134.6 134.6 134.6 134.6 134.6 134.6 134.6 134.6 134.6 134.6 134.6 134.6 134.6 134.6 134.6 134.6 134.6 134.6 134.6 134.6 134.6 
145.6 145.6 145.6 145.6 145.6 145.6 145.6 145.6 145.6 145.6 145.6 145.1 145.1 145.1 145.1 145.1 145.1 145.1 145.1 145.1 145.1 145.1 145.1 145.1 145.1 145.1 145.1 145.1 145.1 145.1 145.1 145.1 145.1 145.1 145.1 145.1 145.1 145.1 145.1 145.1 145.1 145.1 145.1 145.1 145.1 145.1 145.1 145.1 145.1 145.1 145.1 145.1 145.1 145.1 145.1 145.1 145.1 145.1 145.1 145.1 145.1 145.1 145.1 145.1 145.1 145.1 145.1 145.1 145.1 145.1 145.1 134.6 134.6 134.6 134.6 134.6 134.6 134.6 134.6 134.6 134.6 134.6 134.6 134.6 134.6 134.6 134.6 134.6 134.6 134.6 134.6 134.6 134.6 134.6 134.6 134.6 134.6 134.6 134.6 134.6 
145.6 145.6 145.6 145.6 145.6 145.6 145.6 145.6 145.6 145.6 145.6 145.1 145.1 145.1 145.1 145.1 145.1 145.1 145.1 145.1 145.1 145.1 145.1 145.1 145.1 145.1 145.1 145.1 145.1 145.1 145.1 145.1 145.1 145.1 145.1 145.1 145.1 145.1 145.1 145.1 145.1 145.1 145.1 145.1 145.1 145.1 145.1 145.1 145.1 145.1 145.1 145.1 145.1 145.1 145.1 145.1 145.1 145.1 145.1 145.1 145.1 145.1 145.1 145.1 145.1 145.1 145.1 145.1 145.1 145.1 145.1 134.6 134.6 134.6 134.6 134.6 134.6 134.6 134.6 134.6 134.6 134.6 134.6 134.6 134.6 134.6 134.6 134.6 134.6 134.6 134.6 134.6 134.6 134.6 134.6 134.6 134.6 134.6 134.6 134.6 
145.6 145.6 145.6 145.6 145.6 145.6 145.6 145.6 145.6 145.6 145.6 145.1 145.1 145.1 145.1 145.1 145.1 145.1 145.1 145.1 145.1 145.1 145.1 145.1 145.1 145.1 145.1 145.1 145.1 145.1 145.1 145.1 145.1 145.1 145.1 145.1 145.1 145.1 145.1 145.1 145.1 145.1 145.1 145.1 145.1 145.1 145.1 145.1 145.1 145.1 145.1 145.1 145.1 145.1 145.1 145.1 145.1 145.1 145.1 145.1 145.1 145.1 145.1 145.1 145.1 145.1 145.1 145.1 145.1 145.1 145.1 134.6 134.6 134.6 134.6 134.6 134.6 134.6 134.6 134.6 134.6 134.6 134.6 134.6 134.6 134.6 134.6 134.6 134.6 134.6 134.6 134.6 134.6 134.6 134.6 134.6 134.6 134.6 134.6 134.6 
145.6 145.6 145.6 145.6 145.6 145.6 145.6 145.6 145.6 145.6 145.6 145.1 145.1 145.1 145.1 145.1 145.1 145.1 145.1 145.1 145.1 145.1 145.1 145.1 145.1 145.1 145.1 145.1 145.1 145.1 145.1 145.1 145.1 145.1 145.1 145.1 145.1 145.1 145.1 145.1 145.1 145.1 145.1 145.1 145.1 145.1 145.1 145.1 145.1 145.1 145.1 145.1 145.1 145.1 145.1 145.1 145.1 145.1 145.1 145.1 145.1 145.1 145.1 145.1 145.1 145.1 145.1 145.1 145.1 145.1 145.1 134.6 134.6 134.6 134.6 134.6 134.6 134.6 134.6 134.6 134.6 134.6 134.6 134.6 134.6 134.6 134.6 134.6 134.6 134.6 134.6 134.6 134.6 134.6 134.6 134.6 134.6 134.6 134.6 134.6 
145.6 145.6 145.6 145.6 145.6 145.6 145.6 145.6 145.6 145.6 145.6 145.1 145.1 145.1 145.1 145.1 145.1 145.1 145.1 145.1 145.1 145.1 145.1 145.1 145.1 145.1 145.1 145.1 145.1 145.1 145.1 145.1 145.1 145.1 145.1 145.1 145.1 145.1 145.1 145.1 145.1 145.1 145.1 145.1 145.1 145.1 145.1 145.1 145.1 145.1 145.1 145.1 145.1 145.1 145.1 145.1 145.1 145.1 145.1 145.1 145.1 145.1 145.1 145.1 145.1 145.1 145.1 145.1 145.1 145.1 145.1 134.6 134.6 134.6 134.6 134.6 134.6 134.6 134.6 134.6 134.6 134.6 134.6 134.6 134.6 134.6 134.6 134.6 134.6 134.6 134.6 134.6 134.6 134.6 134.6 134.6 134.6 134.6 134.6 134.6 
145.6 145.6 145.6 145.6 145.6 145.6 145.6 145.6 145.6 145.6 145.6 145.1 145.1 145.1 145.1 145.1 145.1 145.1 145.1 145.1 145.1 145.1 145.1 145.1 145.1 145.1 145.1 145.1 145.1 145.1 145.1 145.1 145.1 145.1 145.1 145.1 145.1 145.1 145.1 145.1 145.1 145.1 145.1 145.1 145.1 145.1 145.1 145.1 145.1 145.1 145.1 145.1 145.1 145.1 145.1 145.1 145.1 145.1 145.1 145.1 145.1 145.1 145.1 145.1 145.1 145.1 145.1 145.1 145.1 145.1 145.1 134.6 134.6 134.6 134.6 134.6 134.6 134.6 134.6 134.6 134.6 134.6 134.6 134.6 134.6 134.6 134.6 134.6 134.6 134.6 134.6 134.6 134.6 134.6 134.6 134.6 134.6 134.6 134.6 134.6 
145.6 145.6 145.6 145.6 145.6 145.6 145.6 145.6 145.6 145.6 145.6 145.1 145.1 145.1 145.1 145.1 145.1 145.1 145.1 145.1 145.1 145.1 145.1 145.1 145.1 145.1 145.1 145.1 145.1 145.1 145.1 145.1 145.1 145.1 145.1 145.1 145.1 145.1 145.1 145.1 145.1 145.1 145.1 145.1 145.1 145.1 145.1 145.1 145.1 145.1 145.1 145.1 145.1 145.1 145.1 145.1 145.1 145.1 145.1 145.1 145.1 145.1 145.1 145.1 145.1 145.1 145.1 145.1 145.1 145.1 145.1 134.6 134.6 134.6 134.6 134.6 134.6 134.6 134.6 134.6 134.6 134.6 134.6 134.6 134.6 134.6 134.6 134.6 134.6 134.6 134.6 134.6 134.6 134.6 134.6 134.6 134.6 134.6 134.6 134.6 
145.6 145.6 145.6 145.6 145.6 145.6 145.6 145.6 145.6 145.6 145.6 145.1 145.1 145.1 145.1 145.1 145.1 145.1 145.1 145.1 145.1 145.1 145.1 145.1 145.1 145.1 145.1 145.1 145.1 145.1 145.1 145.1 145.1 145.1 145.1 145.1 145.1 145.1 145.1 145.1 145.1 145.1 145.1 145.1 145.1 145.1 145.1 145.1 145.1 145.1 145.1 145.1 145.1 145.1 145.1 145.1 145.1 145.1 145.1 145.1 145.1 145.1 145.1 145.1 145.1 145.1 145.1 145.1 145.1 145.1 145.1 134.6 134.6 134.6 134.6 134.6 134.6 134.6 134.6 134.6 134.6 134.6 134.6 134.6 134.6 134.6 134.6 134.6 134.6 134.6 134.6 134.6 134.6 134.6 134.6 134.6 134.6 134.6 134.6 134.6 
145.6 145.6 145.6 145.6 145.6 145.6 145.6 145.6 145.6 145.6 145.6 145.1 145.1 145.1 145.1 145.1 145.1 145.1 145.1 145.1 145.1 145.1 145.1 145.1 145.1 145.1 145.1 145.1 145.1 145.1 145.1 145.1 145.1 145.1 145.1 145.1 145.1 145.1 145.1 145.1 145.1 145.1 145.1 145.1 145.1 145.1 145.1 145.1 145.1 145.1 145.1 145.1 145.1 145.1 145.1 145.1 145.1 145.1 145.1 145.1 145.1 145.1 145.1 145.1 145.1 145.1 145.1 145.1 145.1 145.1 145.1 134.6 134.6 134.6 134.6 134.6 134.6 134.6 134.6 134.6 134.6 134.6 134.6 134.6 134.6 134.6 134.6 134.6 134.6 134.6 134.6 134.6 134.6 134.6 134.6 134.6 134.6 134.6 134.6 134.6 
145.6 145.6 145.6 145.6 145.6 145.6 145.6 145.6 145.6 145.6 145.6 145.1 145.1 145.1 145.1 145.1 145.1 145.1 145.1 145.1 145.1 145.1 145.1 145.1 145.1 145.1 145.1 145.1 145.1 145.1 145.1 145.1 145.1 145.1 145.1 145.1 145.1 145.1 145.1 145.1 145.1 145.1 145.1 145.1 145.1 145.1 145.1 145.1 145.1 145.1 145.1 145.1 145.1 145.1 145.1 145.1 145.1 145.1 145.1 145.1 145.1 145.1 145.1 145.1 145.1 145.1 145.1 145.1 145.1 145.1 145.1 134.6 134.6 134.6 134.6 134.6 134.6 134.6 134.6 134.6 134.6 134.6 134.6 134.6 134.6 134.6 134.6 134.6 134.6 134.6 134.6 134.6 134.6 134.6 134.6 134.6 134.6 134.6 134.6 134.6 
145.6 145.6 145.6 145.6 145.6 145.6 145.6 145.6 145.6 145.6 145.6 145.1 145.1 145.1 145.1 145.1 145.1 145.1 145.1 145.1 145.1 145.1 145.1 145.1 145.1 145.1 145.1 145.1 145.1 145.1 145.1 145.1 145.1 145.1 145.1 145.1 145.1 145.1 145.1 145.1 145.1 145.1 145.1 145.1 145.1 145.1 145.1 145.1 145.1 145.1 145.1 145.1 145.1 145.1 145.1 145.1 145.1 145.1 145.1 145.1 145.1 145.1 145.1 145.1 145.1 145.1 145.1 145.1 145.1 145.1 145.1 134.6 134.6 134.6 134.6 134.6 134.6 134.6 134.6 134.6 134.6 134.6 134.6 134.6 134.6 134.6 134.6 134.6 134.6 134.6 134.6 134.6 134.6 134.6 134.6 134.6 134.6 134.6 134.6 134.6 
145.6 145.6 145.6 145.6 145.6 145.6 145.6 145.6 145.6 145.6 145.6 145.1 145.1 145.1 145.1 145.1 145.1 145.1 145.1 145.1 145.1 145.1 145.1 145.1 145.1 145.1 145.1 145.1 145.1 145.1 145.1 145.1 145.1 145.1 145.1 145.1 145.1 145.1 145.1 145.1 145.1 145.1 145.1 145.1 145.1 145.1 145.1 145.1 145.1 145.1 145.1 145.1 145.1 145.1 145.1 145.1 145.1 145.1 145.1 145.1 145.1 145.1 145.1 145.1 145.1 145.1 145.1 145.1 145.1 145.1 145.1 134.6 134.6 134.6 134.6 134.6 134.6 134.6 134.6 134.6 134.6 134.6 134.6 134.6 134.6 134.6 134.6 134.6 134.6 134.6 134.6 134.6 134.6 134.6 134.6 134.6 134.6 134.6 134.6 134.6 
