ncols         100
nrows         100
xllcorner     -59982.863281
yllcorner     1851083.022172
cellsize      1000
NODATA_value  -9999
94.8 94.8 94.8 94.8 94.8 94.8 94.8 94.8 94.8 94.8 94.8 91.7 91.7 91.7 91.7 91.7 91.7 91.7 91.7 91.7 91.7 91.7 91.7 91.7 91.7 91.7 91.7 91.7 91.7 91.7 91.7 91.7 91.7 91.7 91.7 91.7 91.7 91.7 91.7 91.7 91.7 91.7 91.7 91.7 91.7 91.7 91.7 91.7 91.7 91.7 91.7 91.7 91.7 91.7 91.7 91.7 91.7 91.7 91.7 91.7 91.7 91.7 91.7 91.7 91.7 91.7 91.7 91.7 91.7 91.7 91.7 87.6 87.6 87.6 87.6 87.6 87.6 87.6 87.6 87.6 87.6 87.6 87.6 87.6 87.6 87.6 87.6 87.6 87.6 87.6 87.6 87.6 87.6 87.6 87.6 87.6 87.6 87.6 87.6 87.6 
94.8 94.8 94.8 94.8 94.8 94.8 94.8 94.8 94.8 94.8 94.8 91.7 91.7 91.7 91.7 91.7 91.7 91.7 91.7 91.7 91.7 91.7 91.7 91.7 91.7 91.7 91.7 91.7 91.7 91.7 91.7 91.7 91.7 91.7 91.7 91.7 91.7 91.7 91.7 91.7 91.7 91.7 91.7 91.7 91.7 91.7 91.7 91.7 91.7 91.7 91.7 91.7 91.7 91.7 91.7 91.7 91.7 91.7 91.7 91.7 91.7 91.7 91.7 91.7 91.7 91.7 91.7 91.7 91.7 91.7 91.7 87.6 87.6 87.6 87.6 87.6 87.6 87.6 87.6 87.6 87.6 87.6 87.6 87.6 87.6 87.6 87.6 87.6 87.6 87.6 87.6 87.6 87.6 87.6 87.6 87.6 87.6 87.6 87.6 87.6 
94.8 94.8 94.8 94.8 94.8 94.8 94.8 94.8 94.8 94.8 94.8 91.7 91.7 91.7 91.7 91.7 91.7 91.7 91.7 91.7 91.7 91.7 91.7 91.7 91.7 91.7 91.7 91.7 91.7 91.7 91.7 91.7 91.7 91.7 91.7 91.7 91.7 91.7 91.7 91.7 91.7 91.7 91.7 91.7 91.7 91.7 91.7 91.7 91.7 91.7 91.7 91.7 91.7 91.7 91.7 91.7 91.7 91.7 91.7 91.7 91.7 91.7 91.7 91.7 91.7 91.7 91.7 91.7 91.7 91.7 91.7 87.6 87.6 87.6 87.6 87.6 87.6 87.6 87.6 87.6 87.6 87.6 87.6 87.6 87.6 87.6 87.6 87.6 87.6 87.6 87.6 87.6 87.6 87.6 87.6 87.6 87.6 87.6 87.6 87.6 
94.8 94.8 94.8 94.8 94.8 94.8 94.8 94.8 94.8 94.8 94.8 91.7 91.7 91.7 91.7 91.7 91.7 91.7 91.7 91.7 91.7 91.7 91.7 91.7 91.7 91.7 91.7 91.7 91.7 91.7 91.7 91.7 91.7 91.7 91.7 91.7 91.7 91.7 91.7 91.7 91.7 91.7 91.7 91.7 91.7 91.7 91.7 91.7 91.7 91.7 91.7 91.7 91.7 91.7 91.7 91.7 91.7 91.7 91.7 91.7 91.7 91.7 91.7 91.7 91.7 91.7 91.7 91.7 91.7 91.7 91.7 87.6 87.6 87.6 87.6 87.6 87.6 87.6 87.6 87.6 87.6 87.6 87.6 87.6 87.6 87.6 87.6 87.6 87.6 87.6 87.6 87.6 87.6 87.6 87.6 87.6 87.6 87.6 87.6 87.6 
94.8 94.8 94.8 94.8 94.8 94.8 94.8 94.8 94.8 94.8 94.8 91.7 91.7 91.7 91.7 91.7 91.7 91.7 91.7 91.7 91.7 91.7 91.7 91.7 91.7 91.7 91.7 91.7 91.7 91.7 91.7 91.7 91.7 91.7 91.7 91.7 91.7 91.7 91.7 91.7 91.7 91.7 91.7 91.7 91.7 91.7 91.7 91.7 91.7 91.7 91.7 91.7 91.7 91.7 91.7 91.7 91.7 91.7 91.7 91.7 91.7 91.7 91.7 91.7 91.7 91.7 91.7 91.7 91.7 91.7 91.7 87.6 87.6 87.6 87.6 87.6 87.6 87.6 87.6 87.6 87.6 87.6 87.6 87.6 87.6 87.6 87.6 87.6 87.6 87.6 87.6 87.6 87.6 87.6 87.6 87.6 87.6 87.6 87.6 87.6 
94.8 94.8 94.8 94.8 94.8 94.8 94.8 94.8 94.8 94.8 94.8 91.7 91.7 91.7 91.7 91.7 91.7 91.7 91.7 91.7 91.7 91.7 91.7 91.7 91.7 91.7 91.7 91.7 91.7 91.7 91.7 91.7 91.7 91.7 91.7 91.7 91.7 91.7 91.7 91.7 91.7 91.7 91.7 91.7 91.7 91.7 91.7 91.7 91.7 91.7 91.7 91.7 91.7 91.7 91.7 91.7 91.7 91.7 91.7 91.7 91.7 91.7 91.7 91.7 91.7 91.7 91.7 91.7 91.7 91.7 91.7 87.6 87.6 87.6 87.6 87.6 87.6 87.6 87.6 87.6 87.6 87.6 87.6 87.6 87.6 87.6 87.6 87.6 87.6 87.6 87.6 87.6 87.6 87.6 87.6 87.6 87.6 87.6 87.6 87.6 
94.8 94.8 94.8 94.8 94.8 94.8 94.8 94.8 94.8 94.8 94.8 91.7 91.7 91.7 91.7 91.7 91.7 91.7 91.7 91.7 91.7 91.7 91.7 91.7 91.7 91.7 91.7 91.7 91.7 91.7 91.7 91.7 91.7 91.7 91.7 91.7 91.7 91.7 91.7 91.7 91.7 91.7 91.7 91.7 91.7 91.7 91.7 91.7 91.7 91.7 91.7 91.7 91.7 91.7 91.7 91.7 91.7 91.7 91.7 91.7 91.7 91.7 91.7 91.7 91.7 91.7 91.7 91.7 91.7 91.7 91.7 87.6 87.6 87.6 87.6 87.6 87.6 87.6 87.6 87.6 87.6 87.6 87.6 87.6 87.6 87.6 87.6 87.6 87.6 87.6 87.6 87.6 87.6 87.6 87.6 87.6 87.6 87.6 87.6 87.6 
94.8 94.8 94.8 94.8 94.8 94.8 94.8 94.8 94.8 94.8 94.8 91.7 91.7 91.7 91.7 91.7 91.7 91.7 91.7 91.7 91.7 91.7 91.7 91.7 91.7 91.7 91.7 91.7 91.7 91.7 91.7 91.7 91.7 91.7 91.7 91.7 91.7 91.7 91.7 91.7 91.7 91.7 91.7 91.7 91.7 91.7 91.7 91.7 91.7 91.7 91.7 91.7 91.7 91.7 91.7 91.7 91.7 91.7 91.7 91.7 91.7 91.7 91.7 91.7 91.7 91.7 91.7 91.7 91.7 91.7 91.7 87.6 87.6 87.6 87.6 87.6 87.6 87.6 87.6 87.6 87.6 87.6 87.6 87.6 87.6 87.6 87.6 87.6 87.6 87.6 87.6 87.6 87.6 87.6 87.6 87.6 87.6 87.6 87.6 87.6 
94.8 94.8 94.8 94.8 94.8 94.8 94.8 94.8 94.8 94.8 94.8 91.7 91.7 91.7 91.7 91.7 91.7 91.7 91.7 91.7 91.7 91.7 91.7 91.7 91.7 91.7 91.7 91.7 91.7 91.7 91.7 91.7 91.7 91.7 91.7 91.7 91.7 91.7 91.7 91.7 91.7 91.7 91.7 91.7 91.7 91.7 91.7 91.7 91.7 91.7 91.7 91.7 91.7 91.7 91.7 91.7 91.7 91.7 91.7 91.7 91.7 91.7 91.7 91.7 91.7 91.7 91.7 91.7 91.7 91.7 91.7 87.6 87.6 87.6 87.6 87.6 87.6 87.6 87.6 87.6 87.6 87.6 87.6 87.6 87.6 87.6 87.6 87.6 87.6 87.6 87.6 87.6 87.6 87.6 87.6 87.6 87.6 87.6 87.6 87.6 
102 102 102 102 102 102 102 102 102 102 102 101.2 101.2 101.2 101.2 101.2 101.2 101.2 101.2 101.2 101.2 101.2 101.2 101.2 101.2 101.2 101.2 101.2 101.2 101.2 101.2 101.2 101.2 101.2 101.2 101.2 101.2 101.2 101.2 101.2 101.2 101.2 101.2 101.2 101.2 101.2 101.2 101.2 101.2 101.2 101.2 101.2 101.2 101.2 101.2 101.2 101.2 101.2 101.2 101.2 101.2 101.2 101.2 101.2 101.2 101.2 101.2 101.2 101.2 101.2 101.2 96.7 96.7 96.7 96.7 96.7 96.7 96.7 96.7 96.7 96.7 96.7 96.7 96.7 96.7 96.7 96.7 96.7 96.7 96.7 96.7 96.7 96.7 96.7 96.7 96.7 96.7 96.7 96.7 96.7 
102 102 102 102 102 102 102 102 102 102 102 101.2 101.2 101.2 101.2 101.2 101.2 101.2 101.2 101.2 101.2 101.2 101.2 101.2 101.2 101.2 101.2 101.2 101.2 101.2 101.2 101.2 101.2 101.2 101.2 101.2 101.2 101.2 101.2 101.2 101.2 101.2 101.2 101.2 101.2 101.2 101.2 101.2 101.2 101.2 101.2 101.2 101.2 101.2 101.2 101.2 101.2 101.2 101.2 101.2 101.2 101.2 101.2 101.2 101.2 101.2 101.2 101.2 101.2 101.2 101.2 96.7 96.7 96.7 96.7 96.7 96.7 96.7 96.7 96.7 96.7 96.7 96.7 96.7 96.7 96.7 96.7 96.7 96.7 96.7 96.7 96.7 96.7 96.7 96.7 96.7 96.7 96.7 96.7 96.7 
102 102 102 102 102 102 102 102 102 102 102 101.2 101.2 101.2 101.2 101.2 101.2 101.2 101.2 101.2 101.2 101.2 101.2 101.2 101.2 101.2 101.2 101.2 101.2 101.2 101.2 101.2 101.2 101.2 101.2 101.2 101.2 101.2 101.2 101.2 101.2 101.2 101.2 101.2 101.2 101.2 101.2 101.2 101.2 101.2 101.2 101.2 101.2 101.2 101.2 101.2 101.2 101.2 101.2 101.2 101.2 101.2 101.2 101.2 101.2 101.2 101.2 101.2 101.2 101.2 101.2 96.7 96.7 96.7 96.7 96.7 96.7 96.7 96.7 96.7 96.7 96.7 96.7 96.7 96.7 96.7 96.7 96.7 96.7 96.7 96.7 96.7 96.7 96.7 96.7 96.7 96.7 96.7 96.7 96.7 
102 102 102 102 102 102 102 102 102 102 102 101.2 101.2 101.2 101.2 101.2 101.2 101.2 101.2 101.2 101.2 101.2 101.2 101.2 101.2 101.2 101.2 101.2 101.2 101.2 101.2 101.2 101.2 101.2 101.2 101.2 101.2 101.2 101.2 101.2 101.2 101.2 101.2 101.2 101.2 101.2 101.2 101.2 101.2 101.2 101.2 101.2 101.2 101.2 101.2 101.2 101.2 101.2 101.2 101.2 101.2 101.2 101.2 101.2 101.2 101.2 101.2 101.2 101.2 101.2 101.2 96.7 96.7 96.7 96.7 96.7 96.7 96.7 96.7 96.7 96.7 96.7 96.7 96.7 96.7 96.7 96.7 96.7 96.7 96.7 96.7 96.7 96.7 96.7 96.7 96.7 96.7 96.7 96.7 96.7 
102 102 102 102 102 102 102 102 102 102 102 101.2 101.2 101.2 101.2 101.2 101.2 101.2 101.2 101.2 101.2 101.2 101.2 101.2 101.2 101.2 101.2 101.2 101.2 101.2 101.2 101.2 101.2 101.2 101.2 101.2 101.2 101.2 101.2 101.2 101.2 101.2 101.2 101.2 101.2 101.2 101.2 101.2 101.2 101.2 101.2 101.2 101.2 101.2 101.2 101.2 101.2 101.2 101.2 101.2 101.2 101.2 101.2 101.2 101.2 101.2 101.2 101.2 101.2 101.2 101.2 96.7 96.7 96.7 96.7 96.7 96.7 96.7 96.7 96.7 96.7 96.7 96.7 96.7 96.7 96.7 96.7 96.7 96.7 96.7 96.7 96.7 96.7 96.7 96.7 96.7 96.7 96.7 96.7 96.7 
102 102 102 102 102 102 102 102 102 102 102 101.2 101.2 101.2 101.2 101.2 101.2 101.2 101.2 101.2 101.2 101.2 101.2 101.2 101.2 101.2 101.2 101.2 101.2 101.2 101.2 101.2 101.2 101.2 101.2 101.2 101.2 101.2 101.2 101.2 101.2 101.2 101.2 101.2 101.2 101.2 101.2 101.2 101.2 101.2 101.2 101.2 101.2 101.2 101.2 101.2 101.2 101.2 101.2 101.2 101.2 101.2 101.2 101.2 101.2 101.2 101.2 101.2 101.2 101.2 101.2 96.7 96.7 96.7 96.7 96.7 96.7 96.7 96.7 96.7 96.7 96.7 96.7 96.7 96.7 96.7 96.7 96.7 96.7 96.7 96.7 96.7 96.7 96.7 96.7 96.7 96.7 96.7 96.7 96.7 
102 102 102 102 102 102 102 102 102 102 102 101.2 101.2 101.2 101.2 101.2 101.2 101.2 101.2 101.2 101.2 101.2 101.2 101.2 101.2 101.2 101.2 101.2 101.2 101.2 101.2 101.2 101.2 101.2 101.2 101.2 101.2 101.2 101.2 101.2 101.2 101.2 101.2 101.2 101.2 101.2 101.2 101.2 101.2 101.2 101.2 101.2 101.2 101.2 101.2 101.2 101.2 101.2 101.2 101.2 101.2 101.2 101.2 101.2 101.2 101.2 101.2 101.2 101.2 101.2 101.2 96.7 96.7 96.7 96.7 96.7 96.7 96.7 96.7 96.7 96.7 96.7 96.7 96.7 96.7 96.7 96.7 96.7 96.7 96.7 96.7 96.7 96.7 96.7 96.7 96.7 96.7 96.7 96.7 96.7 
102 102 102 102 102 102 102 102 102 102 102 101.2 101.2 101.2 101.2 101.2 101.2 101.2 101.2 101.2 101.2 101.2 101.2 101.2 101.2 101.2 101.2 101.2 101.2 101.2 101.2 101.2 101.2 101.2 101.2 101.2 101.2 101.2 101.2 101.2 101.2 101.2 101.2 101.2 101.2 101.2 101.2 101.2 101.2 101.2 101.2 101.2 101.2 101.2 101.2 101.2 101.2 101.2 101.2 101.2 101.2 101.2 101.2 101.2 101.2 101.2 101.2 101.2 101.2 101.2 101.2 96.7 96.7 96.7 96.7 96.7 96.7 96.7 96.7 96.7 96.7 96.7 96.7 96.7 96.7 96.7 96.7 96.7 96.7 96.7 96.7 96.7 96.7 96.7 96.7 96.7 96.7 96.7 96.7 96.7 
102 102 102 102 102 102 102 102 102 102 102 101.2 101.2 101.2 101.2 101.2 101.2 101.2 101.2 101.2 101.2 101.2 101.2 101.2 101.2 101.2 101.2 101.2 101.2 101.2 101.2 101.2 101.2 101.2 101.2 101.2 101.2 101.2 101.2 101.2 101.2 101.2 101.2 101.2 101.2 101.2 101.2 101.2 101.2 101.2 101.2 101.2 101.2 101.2 101.2 101.2 101.2 101.2 101.2 101.2 101.2 101.2 101.2 101.2 101.2 101.2 101.2 101.2 101.2 101.2 101.2 96.7 96.7 96.7 96.7 96.7 96.7 96.7 96.7 96.7 96.7 96.7 96.7 96.7 96.7 96.7 96.7 96.7 96.7 96.7 96.7 96.7 96.7 96.7 96.7 96.7 96.7 96.7 96.7 96.7 
102 102 102 102 102 102 102 102 102 102 102 101.2 101.2 101.2 101.2 101.2 101.2 101.2 101.2 101.2 101.2 101.2 101.2 101.2 101.2 101.2 101.2 101.2 101.2 101.2 101.2 101.2 101.2 101.2 101.2 101.2 101.2 101.2 101.2 101.2 101.2 101.2 101.2 101.2 101.2 101.2 101.2 101.2 101.2 101.2 101.2 101.2 101.2 101.2 101.2 101.2 101.2 101.2 101.2 101.2 101.2 101.2 101.2 101.2 101.2 101.2 101.2 101.2 101.2 101.2 101.2 96.7 96.7 96.7 96.7 96.7 96.7 96.7 96.7 96.7 96.7 96.7 96.7 96.7 96.7 96.7 96.7 96.7 96.7 96.7 96.7 96.7 96.7 96.7 96.7 96.7 96.7 96.7 96.7 96.7 
102 102 102 102 102 102 102 102 102 102 102 101.2 101.2 101.2 101.2 101.2 101.2 101.2 101.2 101.2 101.2 101.2 101.2 101.2 101.2 101.2 101.2 101.2 101.2 101.2 101.2 101.2 101.2 101.2 101.2 101.2 101.2 101.2 101.2 101.2 101.2 101.2 101.2 101.2 101.2 101.2 101.2 101.2 101.2 101.2 101.2 101.2 101.2 101.2 101.2 101.2 101.2 101.2 101.2 101.2 101.2 101.2 101.2 101.2 101.2 101.2 101.2 101.2 101.2 101.2 101.2 96.7 96.7 96.7 96.7 96.7 96.7 96.7 96.7 96.7 96.7 96.7 96.7 96.7 96.7 96.7 96.7 96.7 96.7 96.7 96.7 96.7 96.7 96.7 96.7 96.7 96.7 96.7 96.7 96.7 
102 102 102 102 102 102 102 102 102 102 102 101.2 101.2 101.2 101.2 101.2 101.2 101.2 101.2 101.2 101.2 101.2 101.2 101.2 101.2 101.2 101.2 101.2 101.2 101.2 101.2 101.2 101.2 101.2 101.2 101.2 101.2 101.2 101.2 101.2 101.2 101.2 101.2 101.2 101.2 101.2 101.2 101.2 101.2 101.2 101.2 101.2 101.2 101.2 101.2 101.2 101.2 101.2 101.2 101.2 101.2 101.2 101.2 101.2 101.2 101.2 101.2 101.2 101.2 101.2 101.2 96.7 96.7 96.7 96.7 96.7 96.7 96.7 96.7 96.7 96.7 96.7 96.7 96.7 96.7 96.7 96.7 96.7 96.7 96.7 96.7 96.7 96.7 96.7 96.7 96.7 96.7 96.7 96.7 96.7 
102 102 102 102 102 102 102 102 102 102 102 101.2 101.2 101.2 101.2 101.2 101.2 101.2 101.2 101.2 101.2 101.2 101.2 101.2 101.2 101.2 101.2 101.2 101.2 101.2 101.2 101.2 101.2 101.2 101.2 101.2 101.2 101.2 101.2 101.2 101.2 101.2 101.2 101.2 101.2 101.2 101.2 101.2 101.2 101.2 101.2 101.2 101.2 101.2 101.2 101.2 101.2 101.2 101.2 101.2 101.2 101.2 101.2 101.2 101.2 101.2 101.2 101.2 101.2 101.2 101.2 96.7 96.7 96.7 96.7 96.7 96.7 96.7 96.7 96.7 96.7 96.7 96.7 96.7 96.7 96.7 96.7 96.7 96.7 96.7 96.7 96.7 96.7 96.7 96.7 96.7 96.7 96.7 96.7 96.7 
102 102 102 102 102 102 102 102 102 102 102 101.2 101.2 101.2 101.2 101.2 101.2 101.2 101.2 101.2 101.2 101.2 101.2 101.2 101.2 101.2 101.2 101.2 101.2 101.2 101.2 101.2 101.2 101.2 101.2 101.2 101.2 101.2 101.2 101.2 101.2 101.2 101.2 101.2 101.2 101.2 101.2 101.2 101.2 101.2 101.2 101.2 101.2 101.2 101.2 101.2 101.2 101.2 101.2 101.2 101.2 101.2 101.2 101.2 101.2 101.2 101.2 101.2 101.2 101.2 101.2 96.7 96.7 96.7 96.7 96.7 96.7 96.7 96.7 96.7 96.7 96.7 96.7 96.7 96.7 96.7 96.7 96.7 96.7 96.7 96.7 96.7 96.7 96.7 96.7 96.7 96.7 96.7 96.7 96.7 
102 102 102 102 102 102 102 102 102 102 102 101.2 101.2 101.2 101.2 101.2 101.2 101.2 101.2 101.2 101.2 101.2 101.2 101.2 101.2 101.2 101.2 101.2 101.2 101.2 101.2 101.2 101.2 101.2 101.2 101.2 101.2 101.2 101.2 101.2 101.2 101.2 101.2 101.2 101.2 101.2 101.2 101.2 101.2 101.2 101.2 101.2 101.2 101.2 101.2 101.2 101.2 101.2 101.2 101.2 101.2 101.2 101.2 101.2 101.2 101.2 101.2 101.2 101.2 101.2 101.2 96.7 96.7 96.7 96.7 96.7 96.7 96.7 96.7 96.7 96.7 96.7 96.7 96.7 96.7 96.7 96.7 96.7 96.7 96.7 96.7 96.7 96.7 96.7 96.7 96.7 96.7 96.7 96.7 96.7 
102 102 102 102 102 102 102 102 102 102 102 101.2 101.2 101.2 101.2 101.2 101.2 101.2 101.2 101.2 101.2 101.2 101.2 101.2 101.2 101.2 101.2 101.2 101.2 101.2 101.2 101.2 101.2 101.2 101.2 101.2 101.2 101.2 101.2 101.2 101.2 101.2 101.2 101.2 101.2 101.2 101.2 101.2 101.2 101.2 101.2 101.2 101.2 101.2 101.2 101.2 101.2 101.2 101.2 101.2 101.2 101.2 101.2 101.2 101.2 101.2 101.2 101.2 101.2 101.2 101.2 96.7 96.7 96.7 96.7 96.7 96.7 96.7 96.7 96.7 96.7 96.7 96.7 96.7 96.7 96.7 96.7 96.7 96.7 96.7 96.7 96.7 96.7 96.7 96.7 96.7 96.7 96.7 96.7 96.7 
102 102 102 102 102 102 102 102 102 102 102 101.2 101.2 101.2 101.2 101.2 101.2 101.2 101.2 101.2 101.2 101.2 101.2 101.2 101.2 101.2 101.2 101.2 101.2 101.2 101.2 101.2 101.2 101.2 101.2 101.2 101.2 101.2 101.2 101.2 101.2 101.2 101.2 101.2 101.2 101.2 101.2 101.2 101.2 101.2 101.2 101.2 101.2 101.2 101.2 101.2 101.2 101.2 101.2 101.2 101.2 101.2 101.2 101.2 101.2 101.2 101.2 101.2 101.2 101.2 101.2 96.7 96.7 96.7 96.7 96.7 96.7 96.7 96.7 96.7 96.7 96.7 96.7 96.7 96.7 96.7 96.7 96.7 96.7 96.7 96.7 96.7 96.7 96.7 96.7 96.7 96.7 96.7 96.7 96.7 
102 102 102 102 102 102 102 102 102 102 102 101.2 101.2 101.2 101.2 101.2 101.2 101.2 101.2 101.2 101.2 101.2 101.2 101.2 101.2 101.2 101.2 101.2 101.2 101.2 101.2 101.2 101.2 101.2 101.2 101.2 101.2 101.2 101.2 101.2 101.2 101.2 101.2 101.2 101.2 101.2 101.2 101.2 101.2 101.2 101.2 101.2 101.2 101.2 101.2 101.2 101.2 101.2 101.2 101.2 101.2 101.2 101.2 101.2 101.2 101.2 101.2 101.2 101.2 101.2 101.2 96.7 96.7 96.7 96.7 96.7 96.7 96.7 96.7 96.7 96.7 96.7 96.7 96.7 96.7 96.7 96.7 96.7 96.7 96.7 96.7 96.7 96.7 96.7 96.7 96.7 96.7 96.7 96.7 96.7 
102 102 102 102 102 102 102 102 102 102 102 101.2 101.2 101.2 101.2 101.2 101.2 101.2 101.2 101.2 101.2 101.2 101.2 101.2 101.2 101.2 101.2 101.2 101.2 101.2 101.2 101.2 101.2 101.2 101.2 101.2 101.2 101.2 101.2 101.2 101.2 101.2 101.2 101.2 101.2 101.2 101.2 101.2 101.2 101.2 101.2 101.2 101.2 101.2 101.2 101.2 101.2 101.2 101.2 101.2 101.2 101.2 101.2 101.2 101.2 101.2 101.2 101.2 101.2 101.2 101.2 96.7 96.7 96.7 96.7 96.7 96.7 96.7 96.7 96.7 96.7 96.7 96.7 96.7 96.7 96.7 96.7 96.7 96.7 96.7 96.7 96.7 96.7 96.7 96.7 96.7 96.7 96.7 96.7 96.7 
102 102 102 102 102 102 102 102 102 102 102 101.2 101.2 101.2 101.2 101.2 101.2 101.2 101.2 101.2 101.2 101.2 101.2 101.2 101.2 101.2 101.2 101.2 101.2 101.2 101.2 101.2 101.2 101.2 101.2 101.2 101.2 101.2 101.2 101.2 101.2 101.2 101.2 101.2 101.2 101.2 101.2 101.2 101.2 101.2 101.2 101.2 101.2 101.2 101.2 101.2 101.2 101.2 101.2 101.2 101.2 101.2 101.2 101.2 101.2 101.2 101.2 101.2 101.2 101.2 101.2 96.7 96.7 96.7 96.7 96.7 96.7 96.7 96.7 96.7 96.7 96.7 96.7 96.7 96.7 96.7 96.7 96.7 96.7 96.7 96.7 96.7 96.7 96.7 96.7 96.7 96.7 96.7 96.7 96.7 
102 102 102 102 102 102 102 102 102 102 102 101.2 101.2 101.2 101.2 101.2 101.2 101.2 101.2 101.2 101.2 101.2 101.2 101.2 101.2 101.2 101.2 101.2 101.2 101.2 101.2 101.2 101.2 101.2 101.2 101.2 101.2 101.2 101.2 101.2 101.2 101.2 101.2 101.2 101.2 101.2 101.2 101.2 101.2 101.2 101.2 101.2 101.2 101.2 101.2 101.2 101.2 101.2 101.2 101.2 101.2 101.2 101.2 101.2 101.2 101.2 101.2 101.2 101.2 101.2 101.2 96.7 96.7 96.7 96.7 96.7 96.7 96.7 96.7 96.7 96.7 96.7 96.7 96.7 96.7 96.7 96.7 96.7 96.7 96.7 96.7 96.7 96.7 96.7 96.7 96.7 96.7 96.7 96.7 96.7 
102 102 102 102 102 102 102 102 102 102 102 101.2 101.2 101.2 101.2 101.2 101.2 101.2 101.2 101.2 101.2 101.2 101.2 101.2 101.2 101.2 101.2 101.2 101.2 101.2 101.2 101.2 101.2 101.2 101.2 101.2 101.2 101.2 101.2 101.2 101.2 101.2 101.2 101.2 101.2 101.2 101.2 101.2 101.2 101.2 101.2 101.2 101.2 101.2 101.2 101.2 101.2 101.2 101.2 101.2 101.2 101.2 101.2 101.2 101.2 101.2 101.2 101.2 101.2 101.2 101.2 96.7 96.7 96.7 96.7 96.7 96.7 96.7 96.7 96.7 96.7 96.7 96.7 96.7 96.7 96.7 96.7 96.7 96.7 96.7 96.7 96.7 96.7 96.7 96.7 96.7 96.7 96.7 96.7 96.7 
102 102 102 102 102 102 102 102 102 102 102 101.2 101.2 101.2 101.2 101.2 101.2 101.2 101.2 101.2 101.2 101.2 101.2 101.2 101.2 101.2 101.2 101.2 101.2 101.2 101.2 101.2 101.2 101.2 101.2 101.2 101.2 101.2 101.2 101.2 101.2 101.2 101.2 101.2 101.2 101.2 101.2 101.2 101.2 101.2 101.2 101.2 101.2 101.2 101.2 101.2 101.2 101.2 101.2 101.2 101.2 101.2 101.2 101.2 101.2 101.2 101.2 101.2 101.2 101.2 101.2 96.7 96.7 96.7 96.7 96.7 96.7 96.7 96.7 96.7 96.7 96.7 96.7 96.7 96.7 96.7 96.7 96.7 96.7 96.7 96.7 96.7 96.7 96.7 96.7 96.7 96.7 96.7 96.7 96.7 
102 102 102 102 102 102 102 102 102 102 102 101.2 101.2 101.2 101.2 101.2 101.2 101.2 101.2 101.2 101.2 101.2 101.2 101.2 101.2 101.2 101.2 101.2 101.2 101.2 101.2 101.2 101.2 101.2 101.2 101.2 101.2 101.2 101.2 101.2 101.2 101.2 101.2 101.2 101.2 101.2 101.2 101.2 101.2 101.2 101.2 101.2 101.2 101.2 101.2 101.2 101.2 101.2 101.2 101.2 101.2 101.2 101.2 101.2 101.2 101.2 101.2 101.2 101.2 101.2 101.2 96.7 96.7 96.7 96.7 96.7 96.7 96.7 96.7 96.7 96.7 96.7 96.7 96.7 96.7 96.7 96.7 96.7 96.7 96.7 96.7 96.7 96.7 96.7 96.7 96.7 96.7 96.7 96.7 96.7 
102 102 102 102 102 102 102 102 102 102 102 101.2 101.2 101.2 101.2 101.2 101.2 101.2 101.2 101.2 101.2 101.2 101.2 101.2 101.2 101.2 101.2 101.2 101.2 101.2 101.2 101.2 101.2 101.2 101.2 101.2 101.2 101.2 101.2 101.2 101.2 101.2 101.2 101.2 101.2 101.2 101.2 101.2 101.2 101.2 101.2 101.2 101.2 101.2 101.2 101.2 101.2 101.2 101.2 101.2 101.2 101.2 101.2 101.2 101.2 101.2 101.2 101.2 101.2 101.2 101.2 96.7 96.7 96.7 96.7 96.7 96.7 96.7 96.7 96.7 96.7 96.7 96.7 96.7 96.7 96.7 96.7 96.7 96.7 96.7 96.7 96.7 96.7 96.7 96.7 96.7 96.7 96.7 96.7 96.7 
102 102 102 102 102 102 102 102 102 102 102 101.2 101.2 101.2 101.2 101.2 101.2 101.2 101.2 101.2 101.2 101.2 101.2 101.2 101.2 101.2 101.2 101.2 101.2 101.2 101.2 101.2 101.2 101.2 101.2 101.2 101.2 101.2 101.2 101.2 101.2 101.2 101.2 101.2 101.2 101.2 101.2 101.2 101.2 101.2 101.2 101.2 101.2 101.2 101.2 101.2 101.2 101.2 101.2 101.2 101.2 101.2 101.2 101.2 101.2 101.2 101.2 101.2 101.2 101.2 101.2 96.7 96.7 96.7 96.7 96.7 96.7 96.7 96.7 96.7 96.7 96.7 96.7 96.7 96.7 96.7 96.7 96.7 96.7 96.7 96.7 96.7 96.7 96.7 96.7 96.7 96.7 96.7 96.7 96.7 
102 102 102 102 102 102 102 102 102 102 102 101.2 101.2 101.2 101.2 101.2 101.2 101.2 101.2 101.2 101.2 101.2 101.2 101.2 101.2 101.2 101.2 101.2 101.2 101.2 101.2 101.2 101.2 101.2 101.2 101.2 101.2 101.2 101.2 101.2 101.2 101.2 101.2 101.2 101.2 101.2 101.2 101.2 101.2 101.2 101.2 101.2 101.2 101.2 101.2 101.2 101.2 101.2 101.2 101.2 101.2 101.2 101.2 101.2 101.2 101.2 101.2 101.2 101.2 101.2 101.2 96.7 96.7 96.7 96.7 96.7 96.7 96.7 96.7 96.7 96.7 96.7 96.7 96.7 96.7 96.7 96.7 96.7 96.7 96.7 96.7 96.7 96.7 96.7 96.7 96.7 96.7 96.7 96.7 96.7 
102 102 102 102 102 102 102 102 102 102 102 101.2 101.2 101.2 101.2 101.2 101.2 101.2 101.2 101.2 101.2 101.2 101.2 101.2 101.2 101.2 101.2 101.2 101.2 101.2 101.2 101.2 101.2 101.2 101.2 101.2 101.2 101.2 101.2 101.2 101.2 101.2 101.2 101.2 101.2 101.2 101.2 101.2 101.2 101.2 101.2 101.2 101.2 101.2 101.2 101.2 101.2 101.2 101.2 101.2 101.2 101.2 101.2 101.2 101.2 101.2 101.2 101.2 101.2 101.2 101.2 96.7 96.7 96.7 96.7 96.7 96.7 96.7 96.7 96.7 96.7 96.7 96.7 96.7 96.7 96.7 96.7 96.7 96.7 96.7 96.7 96.7 96.7 96.7 96.7 96.7 96.7 96.7 96.7 96.7 
102 102 102 102 102 102 102 102 102 102 102 101.2 101.2 101.2 101.2 101.2 101.2 101.2 101.2 101.2 101.2 101.2 101.2 101.2 101.2 101.2 101.2 101.2 101.2 101.2 101.2 101.2 101.2 101.2 101.2 101.2 101.2 101.2 101.2 101.2 101.2 101.2 101.2 101.2 101.2 101.2 101.2 101.2 101.2 101.2 101.2 101.2 101.2 101.2 101.2 101.2 101.2 101.2 101.2 101.2 101.2 101.2 101.2 101.2 101.2 101.2 101.2 101.2 101.2 101.2 101.2 96.7 96.7 96.7 96.7 96.7 96.7 96.7 96.7 96.7 96.7 96.7 96.7 96.7 96.7 96.7 96.7 96.7 96.7 96.7 96.7 96.7 96.7 96.7 96.7 96.7 96.7 96.7 96.7 96.7 
102 102 102 102 102 102 102 102 102 102 102 101.2 101.2 101.2 101.2 101.2 101.2 101.2 101.2 101.2 101.2 101.2 101.2 101.2 101.2 101.2 101.2 101.2 101.2 101.2 101.2 101.2 101.2 101.2 101.2 101.2 101.2 101.2 101.2 101.2 101.2 101.2 101.2 101.2 101.2 101.2 101.2 101.2 101.2 101.2 101.2 101.2 101.2 101.2 101.2 101.2 101.2 101.2 101.2 101.2 101.2 101.2 101.2 101.2 101.2 101.2 101.2 101.2 101.2 101.2 101.2 96.7 96.7 96.7 96.7 96.7 96.7 96.7 96.7 96.7 96.7 96.7 96.7 96.7 96.7 96.7 96.7 96.7 96.7 96.7 96.7 96.7 96.7 96.7 96.7 96.7 96.7 96.7 96.7 96.7 
102 102 102 102 102 102 102 102 102 102 102 101.2 101.2 101.2 101.2 101.2 101.2 101.2 101.2 101.2 101.2 101.2 101.2 101.2 101.2 101.2 101.2 101.2 101.2 101.2 101.2 101.2 101.2 101.2 101.2 101.2 101.2 101.2 101.2 101.2 101.2 101.2 101.2 101.2 101.2 101.2 101.2 101.2 101.2 101.2 101.2 101.2 101.2 101.2 101.2 101.2 101.2 101.2 101.2 101.2 101.2 101.2 101.2 101.2 101.2 101.2 101.2 101.2 101.2 101.2 101.2 96.7 96.7 96.7 96.7 96.7 96.7 96.7 96.7 96.7 96.7 96.7 96.7 96.7 96.7 96.7 96.7 96.7 96.7 96.7 96.7 96.7 96.7 96.7 96.7 96.7 96.7 96.7 96.7 96.7 
102 102 102 102 102 102 102 102 102 102 102 101.2 101.2 101.2 101.2 101.2 101.2 101.2 101.2 101.2 101.2 101.2 101.2 101.2 101.2 101.2 101.2 101.2 101.2 101.2 101.2 101.2 101.2 101.2 101.2 101.2 101.2 101.2 101.2 101.2 101.2 101.2 101.2 101.2 101.2 101.2 101.2 101.2 101.2 101.2 101.2 101.2 101.2 101.2 101.2 101.2 101.2 101.2 101.2 101.2 101.2 101.2 101.2 101.2 101.2 101.2 101.2 101.2 101.2 101.2 101.2 96.7 96.7 96.7 96.7 96.7 96.7 96.7 96.7 96.7 96.7 96.7 96.7 96.7 96.7 96.7 96.7 96.7 96.7 96.7 96.7 96.7 96.7 96.7 96.7 96.7 96.7 96.7 96.7 96.7 
102 102 102 102 102 102 102 102 102 102 102 101.2 101.2 101.2 101.2 101.2 101.2 101.2 101.2 101.2 101.2 101.2 101.2 101.2 101.2 101.2 101.2 101.2 101.2 101.2 101.2 101.2 101.2 101.2 101.2 101.2 101.2 101.2 101.2 101.2 101.2 101.2 101.2 101.2 101.2 101.2 101.2 101.2 101.2 101.2 101.2 101.2 101.2 101.2 101.2 101.2 101.2 101.2 101.2 101.2 101.2 101.2 101.2 101.2 101.2 101.2 101.2 101.2 101.2 101.2 101.2 96.7 96.7 96.7 96.7 96.7 96.7 96.7 96.7 96.7 96.7 96.7 96.7 96.7 96.7 96.7 96.7 96.7 96.7 96.7 96.7 96.7 96.7 96.7 96.7 96.7 96.7 96.7 96.7 96.7 
102 102 102 102 102 102 102 102 102 102 102 101.2 101.2 101.2 101.2 101.2 101.2 101.2 101.2 101.2 101.2 101.2 101.2 101.2 101.2 101.2 101.2 101.2 101.2 101.2 101.2 101.2 101.2 101.2 101.2 101.2 101.2 101.2 101.2 101.2 101.2 101.2 101.2 101.2 101.2 101.2 101.2 101.2 101.2 101.2 101.2 101.2 101.2 101.2 101.2 101.2 101.2 101.2 101.2 101.2 101.2 101.2 101.2 101.2 101.2 101.2 101.2 101.2 101.2 101.2 101.2 96.7 96.7 96.7 96.7 96.7 96.7 96.7 96.7 96.7 96.7 96.7 96.7 96.7 96.7 96.7 96.7 96.7 96.7 96.7 96.7 96.7 96.7 96.7 96.7 96.7 96.7 96.7 96.7 96.7 
102 102 102 102 102 102 102 102 102 102 102 101.2 101.2 101.2 101.2 101.2 101.2 101.2 101.2 101.2 101.2 101.2 101.2 101.2 101.2 101.2 101.2 101.2 101.2 101.2 101.2 101.2 101.2 101.2 101.2 101.2 101.2 101.2 101.2 101.2 101.2 101.2 101.2 101.2 101.2 101.2 101.2 101.2 101.2 101.2 101.2 101.2 101.2 101.2 101.2 101.2 101.2 101.2 101.2 101.2 101.2 101.2 101.2 101.2 101.2 101.2 101.2 101.2 101.2 101.2 101.2 96.7 96.7 96.7 96.7 96.7 96.7 96.7 96.7 96.7 96.7 96.7 96.7 96.7 96.7 96.7 96.7 96.7 96.7 96.7 96.7 96.7 96.7 96.7 96.7 96.7 96.7 96.7 96.7 96.7 
102 102 102 102 102 102 102 102 102 102 102 101.2 101.2 101.2 101.2 101.2 101.2 101.2 101.2 101.2 101.2 101.2 101.2 101.2 101.2 101.2 101.2 101.2 101.2 101.2 101.2 101.2 101.2 101.2 101.2 101.2 101.2 101.2 101.2 101.2 101.2 101.2 101.2 101.2 101.2 101.2 101.2 101.2 101.2 101.2 101.2 101.2 101.2 101.2 101.2 101.2 101.2 101.2 101.2 101.2 101.2 101.2 101.2 101.2 101.2 101.2 101.2 101.2 101.2 101.2 101.2 96.7 96.7 96.7 96.7 96.7 96.7 96.7 96.7 96.7 96.7 96.7 96.7 96.7 96.7 96.7 96.7 96.7 96.7 96.7 96.7 96.7 96.7 96.7 96.7 96.7 96.7 96.7 96.7 96.7 
102 102 102 102 102 102 102 102 102 102 102 101.2 101.2 101.2 101.2 101.2 101.2 101.2 101.2 101.2 101.2 101.2 101.2 101.2 101.2 101.2 101.2 101.2 101.2 101.2 101.2 101.2 101.2 101.2 101.2 101.2 101.2 101.2 101.2 101.2 101.2 101.2 101.2 101.2 101.2 101.2 101.2 101.2 101.2 101.2 101.2 101.2 101.2 101.2 101.2 101.2 101.2 101.2 101.2 101.2 101.2 101.2 101.2 101.2 101.2 101.2 101.2 101.2 101.2 101.2 101.2 96.7 96.7 96.7 96.7 96.7 96.7 96.7 96.7 96.7 96.7 96.7 96.7 96.7 96.7 96.7 96.7 96.7 96.7 96.7 96.7 96.7 96.7 96.7 96.7 96.7 96.7 96.7 96.7 96.7 
102 102 102 102 102 102 102 102 102 102 102 101.2 101.2 101.2 101.2 101.2 101.2 101.2 101.2 101.2 101.2 101.2 101.2 101.2 101.2 101.2 101.2 101.2 101.2 101.2 101.2 101.2 101.2 101.2 101.2 101.2 101.2 101.2 101.2 101.2 101.2 101.2 101.2 101.2 101.2 101.2 101.2 101.2 101.2 101.2 101.2 101.2 101.2 101.2 101.2 101.2 101.2 101.2 101.2 101.2 101.2 101.2 101.2 101.2 101.2 101.2 101.2 101.2 101.2 101.2 101.2 96.7 96.7 96.7 96.7 96.7 96.7 96.7 96.7 96.7 96.7 96.7 96.7 96.7 96.7 96.7 96.7 96.7 96.7 96.7 96.7 96.7 96.7 96.7 96.7 96.7 96.7 96.7 96.7 96.7 
102 102 102 102 102 102 102 102 102 102 102 101.2 101.2 101.2 101.2 101.2 101.2 101.2 101.2 101.2 101.2 101.2 101.2 101.2 101.2 101.2 101.2 101.2 101.2 101.2 101.2 101.2 101.2 101.2 101.2 101.2 101.2 101.2 101.2 101.2 101.2 101.2 101.2 101.2 101.2 101.2 101.2 101.2 101.2 101.2 101.2 101.2 101.2 101.2 101.2 101.2 101.2 101.2 101.2 101.2 101.2 101.2 101.2 101.2 101.2 101.2 101.2 101.2 101.2 101.2 101.2 96.7 96.7 96.7 96.7 96.7 96.7 96.7 96.7 96.7 96.7 96.7 96.7 96.7 96.7 96.7 96.7 96.7 96.7 96.7 96.7 96.7 96.7 96.7 96.7 96.7 96.7 96.7 96.7 96.7 
102 102 102 102 102 102 102 102 102 102 102 101.2 101.2 101.2 101.2 101.2 101.2 101.2 101.2 101.2 101.2 101.2 101.2 101.2 101.2 101.2 101.2 101.2 101.2 101.2 101.2 101.2 101.2 101.2 101.2 101.2 101.2 101.2 101.2 101.2 101.2 101.2 101.2 101.2 101.2 101.2 101.2 101.2 101.2 101.2 101.2 101.2 101.2 101.2 101.2 101.2 101.2 101.2 101.2 101.2 101.2 101.2 101.2 101.2 101.2 101.2 101.2 101.2 101.2 101.2 101.2 96.7 96.7 96.7 96.7 96.7 96.7 96.7 96.7 96.7 96.7 96.7 96.7 96.7 96.7 96.7 96.7 96.7 96.7 96.7 96.7 96.7 96.7 96.7 96.7 96.7 96.7 96.7 96.7 96.7 
102 102 102 102 102 102 102 102 102 102 102 101.2 101.2 101.2 101.2 101.2 101.2 101.2 101.2 101.2 101.2 101.2 101.2 101.2 101.2 101.2 101.2 101.2 101.2 101.2 101.2 101.2 101.2 101.2 101.2 101.2 101.2 101.2 101.2 101.2 101.2 101.2 101.2 101.2 101.2 101.2 101.2 101.2 101.2 101.2 101.2 101.2 101.2 101.2 101.2 101.2 101.2 101.2 101.2 101.2 101.2 101.2 101.2 101.2 101.2 101.2 101.2 101.2 101.2 101.2 101.2 96.7 96.7 96.7 96.7 96.7 96.7 96.7 96.7 96.7 96.7 96.7 96.7 96.7 96.7 96.7 96.7 96.7 96.7 96.7 96.7 96.7 96.7 96.7 96.7 96.7 96.7 96.7 96.7 96.7 
102 102 102 102 102 102 102 102 102 102 102 101.2 101.2 101.2 101.2 101.2 101.2 101.2 101.2 101.2 101.2 101.2 101.2 101.2 101.2 101.2 101.2 101.2 101.2 101.2 101.2 101.2 101.2 101.2 101.2 101.2 101.2 101.2 101.2 101.2 101.2 101.2 101.2 101.2 101.2 101.2 101.2 101.2 101.2 101.2 101.2 101.2 101.2 101.2 101.2 101.2 101.2 101.2 101.2 101.2 101.2 101.2 101.2 101.2 101.2 101.2 101.2 101.2 101.2 101.2 101.2 96.7 96.7 96.7 96.7 96.7 96.7 96.7 96.7 96.7 96.7 96.7 96.7 96.7 96.7 96.7 96.7 96.7 96.7 96.7 96.7 96.7 96.7 96.7 96.7 96.7 96.7 96.7 96.7 96.7 
102 102 102 102 102 102 102 102 102 102 102 101.2 101.2 101.2 101.2 101.2 101.2 101.2 101.2 101.2 101.2 101.2 101.2 101.2 101.2 101.2 101.2 101.2 101.2 101.2 101.2 101.2 101.2 101.2 101.2 101.2 101.2 101.2 101.2 101.2 101.2 101.2 101.2 101.2 101.2 101.2 101.2 101.2 101.2 101.2 101.2 101.2 101.2 101.2 101.2 101.2 101.2 101.2 101.2 101.2 101.2 101.2 101.2 101.2 101.2 101.2 101.2 101.2 101.2 101.2 101.2 96.7 96.7 96.7 96.7 96.7 96.7 96.7 96.7 96.7 96.7 96.7 96.7 96.7 96.7 96.7 96.7 96.7 96.7 96.7 96.7 96.7 96.7 96.7 96.7 96.7 96.7 96.7 96.7 96.7 
102 102 102 102 102 102 102 102 102 102 102 101.2 101.2 101.2 101.2 101.2 101.2 101.2 101.2 101.2 101.2 101.2 101.2 101.2 101.2 101.2 101.2 101.2 101.2 101.2 101.2 101.2 101.2 101.2 101.2 101.2 101.2 101.2 101.2 101.2 101.2 101.2 101.2 101.2 101.2 101.2 101.2 101.2 101.2 101.2 101.2 101.2 101.2 101.2 101.2 101.2 101.2 101.2 101.2 101.2 101.2 101.2 101.2 101.2 101.2 101.2 101.2 101.2 101.2 101.2 101.2 96.7 96.7 96.7 96.7 96.7 96.7 96.7 96.7 96.7 96.7 96.7 96.7 96.7 96.7 96.7 96.7 96.7 96.7 96.7 96.7 96.7 96.7 96.7 96.7 96.7 96.7 96.7 96.7 96.7 
102 102 102 102 102 102 102 102 102 102 102 101.2 101.2 101.2 101.2 101.2 101.2 101.2 101.2 101.2 101.2 101.2 101.2 101.2 101.2 101.2 101.2 101.2 101.2 101.2 101.2 101.2 101.2 101.2 101.2 101.2 101.2 101.2 101.2 101.2 101.2 101.2 101.2 101.2 101.2 101.2 101.2 101.2 101.2 101.2 101.2 101.2 101.2 101.2 101.2 101.2 101.2 101.2 101.2 101.2 101.2 101.2 101.2 101.2 101.2 101.2 101.2 101.2 101.2 101.2 101.2 96.7 96.7 96.7 96.7 96.7 96.7 96.7 96.7 96.7 96.7 96.7 96.7 96.7 96.7 96.7 96.7 96.7 96.7 96.7 96.7 96.7 96.7 96.7 96.7 96.7 96.7 96.7 96.7 96.7 
102 102 102 102 102 102 102 102 102 102 102 101.2 101.2 101.2 101.2 101.2 101.2 101.2 101.2 101.2 101.2 101.2 101.2 101.2 101.2 101.2 101.2 101.2 101.2 101.2 101.2 101.2 101.2 101.2 101.2 101.2 101.2 101.2 101.2 101.2 101.2 101.2 101.2 101.2 101.2 101.2 101.2 101.2 101.2 101.2 101.2 101.2 101.2 101.2 101.2 101.2 101.2 101.2 101.2 101.2 101.2 101.2 101.2 101.2 101.2 101.2 101.2 101.2 101.2 101.2 101.2 96.7 96.7 96.7 96.7 96.7 96.7 96.7 96.7 96.7 96.7 96.7 96.7 96.7 96.7 96.7 96.7 96.7 96.7 96.7 96.7 96.7 96.7 96.7 96.7 96.7 96.7 96.7 96.7 96.7 
102 102 102 102 102 102 102 102 102 102 102 101.2 101.2 101.2 101.2 101.2 101.2 101.2 101.2 101.2 101.2 101.2 101.2 101.2 101.2 101.2 101.2 101.2 101.2 101.2 101.2 101.2 101.2 101.2 101.2 101.2 101.2 101.2 101.2 101.2 101.2 101.2 101.2 101.2 101.2 101.2 101.2 101.2 101.2 101.2 101.2 101.2 101.2 101.2 101.2 101.2 101.2 101.2 101.2 101.2 101.2 101.2 101.2 101.2 101.2 101.2 101.2 101.2 101.2 101.2 101.2 96.7 96.7 96.7 96.7 96.7 96.7 96.7 96.7 96.7 96.7 96.7 96.7 96.7 96.7 96.7 96.7 96.7 96.7 96.7 96.7 96.7 96.7 96.7 96.7 96.7 96.7 96.7 96.7 96.7 
102 102 102 102 102 102 102 102 102 102 102 101.2 101.2 101.2 101.2 101.2 101.2 101.2 101.2 101.2 101.2 101.2 101.2 101.2 101.2 101.2 101.2 101.2 101.2 101.2 101.2 101.2 101.2 101.2 101.2 101.2 101.2 101.2 101.2 101.2 101.2 101.2 101.2 101.2 101.2 101.2 101.2 101.2 101.2 101.2 101.2 101.2 101.2 101.2 101.2 101.2 101.2 101.2 101.2 101.2 101.2 101.2 101.2 101.2 101.2 101.2 101.2 101.2 101.2 101.2 101.2 96.7 96.7 96.7 96.7 96.7 96.7 96.7 96.7 96.7 96.7 96.7 96.7 96.7 96.7 96.7 96.7 96.7 96.7 96.7 96.7 96.7 96.7 96.7 96.7 96.7 96.7 96.7 96.7 96.7 
102 102 102 102 102 102 102 102 102 102 102 101.2 101.2 101.2 101.2 101.2 101.2 101.2 101.2 101.2 101.2 101.2 101.2 101.2 101.2 101.2 101.2 101.2 101.2 101.2 101.2 101.2 101.2 101.2 101.2 101.2 101.2 101.2 101.2 101.2 101.2 101.2 101.2 101.2 101.2 101.2 101.2 101.2 101.2 101.2 101.2 101.2 101.2 101.2 101.2 101.2 101.2 101.2 101.2 101.2 101.2 101.2 101.2 101.2 101.2 101.2 101.2 101.2 101.2 101.2 101.2 96.7 96.7 96.7 96.7 96.7 96.7 96.7 96.7 96.7 96.7 96.7 96.7 96.7 96.7 96.7 96.7 96.7 96.7 96.7 96.7 96.7 96.7 96.7 96.7 96.7 96.7 96.7 96.7 96.7 
102 102 102 102 102 102 102 102 102 102 102 101.2 101.2 101.2 101.2 101.2 101.2 101.2 101.2 101.2 101.2 101.2 101.2 101.2 101.2 101.2 101.2 101.2 101.2 101.2 101.2 101.2 101.2 101.2 101.2 101.2 101.2 101.2 101.2 101.2 101.2 101.2 101.2 101.2 101.2 101.2 101.2 101.2 101.2 101.2 101.2 101.2 101.2 101.2 101.2 101.2 101.2 101.2 101.2 101.2 101.2 101.2 101.2 101.2 101.2 101.2 101.2 101.2 101.2 101.2 101.2 96.7 96.7 96.7 96.7 96.7 96.7 96.7 96.7 96.7 96.7 96.7 96.7 96.7 96.7 96.7 96.7 96.7 96.7 96.7 96.7 96.7 96.7 96.7 96.7 96.7 96.7 96.7 96.7 96.7 
102 102 102 102 102 102 102 102 102 102 102 101.2 101.2 101.2 101.2 101.2 101.2 101.2 101.2 101.2 101.2 101.2 101.2 101.2 101.2 101.2 101.2 101.2 101.2 101.2 101.2 101.2 101.2 101.2 101.2 101.2 101.2 101.2 101.2 101.2 101.2 101.2 101.2 101.2 101.2 101.2 101.2 101.2 101.2 101.2 101.2 101.2 101.2 101.2 101.2 101.2 101.2 101.2 101.2 101.2 101.2 101.2 101.2 101.2 101.2 101.2 101.2 101.2 101.2 101.2 101.2 96.7 96.7 96.7 96.7 96.7 96.7 96.7 96.7 96.7 96.7 96.7 96.7 96.7 96.7 96.7 96.7 96.7 96.7 96.7 96.7 96.7 96.7 96.7 96.7 96.7 96.7 96.7 96.7 96.7 
102 102 102 102 102 102 102 102 102 102 102 101.2 101.2 101.2 101.2 101.2 101.2 101.2 101.2 101.2 101.2 101.2 101.2 101.2 101.2 101.2 101.2 101.2 101.2 101.2 101.2 101.2 101.2 101.2 101.2 101.2 101.2 101.2 101.2 101.2 101.2 101.2 101.2 101.2 101.2 101.2 101.2 101.2 101.2 101.2 101.2 101.2 101.2 101.2 101.2 101.2 101.2 101.2 101.2 101.2 101.2 101.2 101.2 101.2 101.2 101.2 101.2 101.2 101.2 101.2 101.2 96.7 96.7 96.7 96.7 96.7 96.7 96.7 96.7 96.7 96.7 96.7 96.7 96.7 96.7 96.7 96.7 96.7 96.7 96.7 96.7 96.7 96.7 96.7 96.7 96.7 96.7 96.7 96.7 96.7 
102 102 102 102 102 102 102 102 102 102 102 101.2 101.2 101.2 101.2 101.2 101.2 101.2 101.2 101.2 101.2 101.2 101.2 101.2 101.2 101.2 101.2 101.2 101.2 101.2 101.2 101.2 101.2 101.2 101.2 101.2 101.2 101.2 101.2 101.2 101.2 101.2 101.2 101.2 101.2 101.2 101.2 101.2 101.2 101.2 101.2 101.2 101.2 101.2 101.2 101.2 101.2 101.2 101.2 101.2 101.2 101.2 101.2 101.2 101.2 101.2 101.2 101.2 101.2 101.2 101.2 96.7 96.7 96.7 96.7 96.7 96.7 96.7 96.7 96.7 96.7 96.7 96.7 96.7 96.7 96.7 96.7 96.7 96.7 96.7 96.7 96.7 96.7 96.7 96.7 96.7 96.7 96.7 96.7 96.7 
102 102 102 102 102 102 102 102 102 102 102 101.2 101.2 101.2 101.2 101.2 101.2 101.2 101.2 101.2 101.2 101.2 101.2 101.2 101.2 101.2 101.2 101.2 101.2 101.2 101.2 101.2 101.2 101.2 101.2 101.2 101.2 101.2 101.2 101.2 101.2 101.2 101.2 101.2 101.2 101.2 101.2 101.2 101.2 101.2 101.2 101.2 101.2 101.2 101.2 101.2 101.2 101.2 101.2 101.2 101.2 101.2 101.2 101.2 101.2 101.2 101.2 101.2 101.2 101.2 101.2 96.7 96.7 96.7 96.7 96.7 96.7 96.7 96.7 96.7 96.7 96.7 96.7 96.7 96.7 96.7 96.7 96.7 96.7 96.7 96.7 96.7 96.7 96.7 96.7 96.7 96.7 96.7 96.7 96.7 
102 102 102 102 102 102 102 102 102 102 102 101.2 101.2 101.2 101.2 101.2 101.2 101.2 101.2 101.2 101.2 101.2 101.2 101.2 101.2 101.2 101.2 101.2 101.2 101.2 101.2 101.2 101.2 101.2 101.2 101.2 101.2 101.2 101.2 101.2 101.2 101.2 101.2 101.2 101.2 101.2 101.2 101.2 101.2 101.2 101.2 101.2 101.2 101.2 101.2 101.2 101.2 101.2 101.2 101.2 101.2 101.2 101.2 101.2 101.2 101.2 101.2 101.2 101.2 101.2 101.2 96.7 96.7 96.7 96.7 96.7 96.7 96.7 96.7 96.7 96.7 96.7 96.7 96.7 96.7 96.7 96.7 96.7 96.7 96.7 96.7 96.7 96.7 96.7 96.7 96.7 96.7 96.7 96.7 96.7 
102 102 102 102 102 102 102 102 102 102 102 101.2 101.2 101.2 101.2 101.2 101.2 101.2 101.2 101.2 101.2 101.2 101.2 101.2 101.2 101.2 101.2 101.2 101.2 101.2 101.2 101.2 101.2 101.2 101.2 101.2 101.2 101.2 101.2 101.2 101.2 101.2 101.2 101.2 101.2 101.2 101.2 101.2 101.2 101.2 101.2 101.2 101.2 101.2 101.2 101.2 101.2 101.2 101.2 101.2 101.2 101.2 101.2 101.2 101.2 101.2 101.2 101.2 101.2 101.2 101.2 96.7 96.7 96.7 96.7 96.7 96.7 96.7 96.7 96.7 96.7 96.7 96.7 96.7 96.7 96.7 96.7 96.7 96.7 96.7 96.7 96.7 96.7 96.7 96.7 96.7 96.7 96.7 96.7 96.7 
102 102 102 102 102 102 102 102 102 102 102 101.2 101.2 101.2 101.2 101.2 101.2 101.2 101.2 101.2 101.2 101.2 101.2 101.2 101.2 101.2 101.2 101.2 101.2 101.2 101.2 101.2 101.2 101.2 101.2 101.2 101.2 101.2 101.2 101.2 101.2 101.2 101.2 101.2 101.2 101.2 101.2 101.2 101.2 101.2 101.2 101.2 101.2 101.2 101.2 101.2 101.2 101.2 101.2 101.2 101.2 101.2 101.2 101.2 101.2 101.2 101.2 101.2 101.2 101.2 101.2 96.7 96.7 96.7 96.7 96.7 96.7 96.7 96.7 96.7 96.7 96.7 96.7 96.7 96.7 96.7 96.7 96.7 96.7 96.7 96.7 96.7 96.7 96.7 96.7 96.7 96.7 96.7 96.7 96.7 
102 102 102 102 102 102 102 102 102 102 102 101.2 101.2 101.2 101.2 101.2 101.2 101.2 101.2 101.2 101.2 101.2 101.2 101.2 101.2 101.2 101.2 101.2 101.2 101.2 101.2 101.2 101.2 101.2 101.2 101.2 101.2 101.2 101.2 101.2 101.2 101.2 101.2 101.2 101.2 101.2 101.2 101.2 101.2 101.2 101.2 101.2 101.2 101.2 101.2 101.2 101.2 101.2 101.2 101.2 101.2 101.2 101.2 101.2 101.2 101.2 101.2 101.2 101.2 101.2 101.2 96.7 96.7 96.7 96.7 96.7 96.7 96.7 96.7 96.7 96.7 96.7 96.7 96.7 96.7 96.7 96.7 96.7 96.7 96.7 96.7 96.7 96.7 96.7 96.7 96.7 96.7 96.7 96.7 96.7 
102 102 102 102 102 102 102 102 102 102 102 101.2 101.2 101.2 101.2 101.2 101.2 101.2 101.2 101.2 101.2 101.2 101.2 101.2 101.2 101.2 101.2 101.2 101.2 101.2 101.2 101.2 101.2 101.2 101.2 101.2 101.2 101.2 101.2 101.2 101.2 101.2 101.2 101.2 101.2 101.2 101.2 101.2 101.2 101.2 101.2 101.2 101.2 101.2 101.2 101.2 101.2 101.2 101.2 101.2 101.2 101.2 101.2 101.2 101.2 101.2 101.2 101.2 101.2 101.2 101.2 96.7 96.7 96.7 96.7 96.7 96.7 96.7 96.7 96.7 96.7 96.7 96.7 96.7 96.7 96.7 96.7 96.7 96.7 96.7 96.7 96.7 96.7 96.7 96.7 96.7 96.7 96.7 96.7 96.7 
102 102 102 102 102 102 102 102 102 102 102 101.2 101.2 101.2 101.2 101.2 101.2 101.2 101.2 101.2 101.2 101.2 101.2 101.2 101.2 101.2 101.2 101.2 101.2 101.2 101.2 101.2 101.2 101.2 101.2 101.2 101.2 101.2 101.2 101.2 101.2 101.2 101.2 101.2 101.2 101.2 101.2 101.2 101.2 101.2 101.2 101.2 101.2 101.2 101.2 101.2 101.2 101.2 101.2 101.2 101.2 101.2 101.2 101.2 101.2 101.2 101.2 101.2 101.2 101.2 101.2 96.7 96.7 96.7 96.7 96.7 96.7 96.7 96.7 96.7 96.7 96.7 96.7 96.7 96.7 96.7 96.7 96.7 96.7 96.7 96.7 96.7 96.7 96.7 96.7 96.7 96.7 96.7 96.7 96.7 
123.8 123.8 123.8 123.8 123.8 123.8 123.8 123.8 123.8 123.8 123.8 120.8 120.8 120.8 120.8 120.8 120.8 120.8 120.8 120.8 120.8 120.8 120.8 120.8 120.8 120.8 120.8 120.8 120.8 120.8 120.8 120.8 120.8 120.8 120.8 120.8 120.8 120.8 120.8 120.8 120.8 120.8 120.8 120.8 120.8 120.8 120.8 120.8 120.8 120.8 120.8 120.8 120.8 120.8 120.8 120.8 120.8 120.8 120.8 120.8 120.8 120.8 120.8 120.8 120.8 120.8 120.8 120.8 120.8 120.8 120.8 110.7 110.7 110.7 110.7 110.7 110.7 110.7 110.7 110.7 110.7 110.7 110.7 110.7 110.7 110.7 110.7 110.7 110.7 110.7 110.7 110.7 110.7 110.7 110.7 110.7 110.7 110.7 110.7 110.7 
123.8 123.8 123.8 123.8 123.8 123.8 123.8 123.8 123.8 123.8 123.8 120.8 120.8 120.8 120.8 120.8 120.8 120.8 120.8 120.8 120.8 120.8 120.8 120.8 120.8 120.8 120.8 120.8 120.8 120.8 120.8 120.8 120.8 120.8 120.8 120.8 120.8 120.8 120.8 120.8 120.8 120.8 120.8 120.8 120.8 120.8 120.8 120.8 120.8 120.8 120.8 120.8 120.8 120.8 120.8 120.8 120.8 120.8 120.8 120.8 120.8 120.8 120.8 120.8 120.8 120.8 120.8 120.8 120.8 120.8 120.8 110.7 110.7 110.7 110.7 110.7 110.7 110.7 110.7 110.7 110.7 110.7 110.7 110.7 110.7 110.7 110.7 110.7 110.7 110.7 110.7 110.7 110.7 110.7 110.7 110.7 110.7 110.7 110.7 110.7 
123.8 123.8 123.8 123.8 123.8 123.8 123.8 123.8 123.8 123.8 123.8 120.8 120.8 120.8 120.8 120.8 120.8 120.8 120.8 120.8 120.8 120.8 120.8 120.8 120.8 120.8 120.8 120.8 120.8 120.8 120.8 120.8 120.8 120.8 120.8 120.8 120.8 120.8 120.8 120.8 120.8 120.8 120.8 120.8 120.8 120.8 120.8 120.8 120.8 120.8 120.8 120.8 120.8 120.8 120.8 120.8 120.8 120.8 120.8 120.8 120.8 120.8 120.8 120.8 120.8 120.8 120.8 120.8 120.8 120.8 120.8 110.7 110.7 110.7 110.7 110.7 110.7 110.7 110.7 110.7 110.7 110.7 110.7 110.7 110.7 110.7 110.7 110.7 110.7 110.7 110.7 110.7 110.7 110.7 110.7 110.7 110.7 110.7 110.7 110.7 
123.8 123.8 123.8 123.8 123.8 123.8 123.8 123.8 123.8 123.8 123.8 120.8 120.8 120.8 120.8 120.8 120.8 120.8 120.8 120.8 120.8 120.8 120.8 120.8 120.8 120.8 120.8 120.8 120.8 120.8 120.8 120.8 120.8 120.8 120.8 120.8 120.8 120.8 120.8 120.8 120.8 120.8 120.8 120.8 120.8 120.8 120.8 120.8 120.8 120.8 120.8 120.8 120.8 120.8 120.8 120.8 120.8 120.8 120.8 120.8 120.8 120.8 120.8 120.8 120.8 120.8 120.8 120.8 120.8 120.8 120.8 110.7 110.7 110.7 110.7 110.7 110.7 110.7 110.7 110.7 110.7 110.7 110.7 110.7 110.7 110.7 110.7 110.7 110.7 110.7 110.7 110.7 110.7 110.7 110.7 110.7 110.7 110.7 110.7 110.7 
123.8 123.8 123.8 123.8 123.8 123.8 123.8 123.8 123.8 123.8 123.8 120.8 120.8 120.8 120.8 120.8 120.8 120.8 120.8 120.8 120.8 120.8 120.8 120.8 120.8 120.8 120.8 120.8 120.8 120.8 120.8 120.8 120.8 120.8 120.8 120.8 120.8 120.8 120.8 120.8 120.8 120.8 120.8 120.8 120.8 120.8 120.8 120.8 120.8 120.8 120.8 120.8 120.8 120.8 120.8 120.8 120.8 120.8 120.8 120.8 120.8 120.8 120.8 120.8 120.8 120.8 120.8 120.8 120.8 120.8 120.8 110.7 110.7 110.7 110.7 110.7 110.7 110.7 110.7 110.7 110.7 110.7 110.7 110.7 110.7 110.7 110.7 110.7 110.7 110.7 110.7 110.7 110.7 110.7 110.7 110.7 110.7 110.7 110.7 110.7 
123.8 123.8 123.8 123.8 123.8 123.8 123.8 123.8 123.8 123.8 123.8 120.8 120.8 120.8 120.8 120.8 120.8 120.8 120.8 120.8 120.8 120.8 120.8 120.8 120.8 120.8 120.8 120.8 120.8 120.8 120.8 120.8 120.8 120.8 120.8 120.8 120.8 120.8 120.8 120.8 120.8 120.8 120.8 120.8 120.8 120.8 120.8 120.8 120.8 120.8 120.8 120.8 120.8 120.8 120.8 120.8 120.8 120.8 120.8 120.8 120.8 120.8 120.8 120.8 120.8 120.8 120.8 120.8 120.8 120.8 120.8 110.7 110.7 110.7 110.7 110.7 110.7 110.7 110.7 110.7 110.7 110.7 110.7 110.7 110.7 110.7 110.7 110.7 110.7 110.7 110.7 110.7 110.7 110.7 110.7 110.7 110.7 110.7 110.7 110.7 
123.8 123.8 123.8 123.8 123.8 123.8 123.8 123.8 123.8 123.8 123.8 120.8 120.8 120.8 120.8 120.8 120.8 120.8 120.8 120.8 120.8 120.8 120.8 120.8 120.8 120.8 120.8 120.8 120.8 120.8 120.8 120.8 120.8 120.8 120.8 120.8 120.8 120.8 120.8 120.8 120.8 120.8 120.8 120.8 120.8 120.8 120.8 120.8 120.8 120.8 120.8 120.8 120.8 120.8 120.8 120.8 120.8 120.8 120.8 120.8 120.8 120.8 120.8 120.8 120.8 120.8 120.8 120.8 120.8 120.8 120.8 110.7 110.7 110.7 110.7 110.7 110.7 110.7 110.7 110.7 110.7 110.7 110.7 110.7 110.7 110.7 110.7 110.7 110.7 110.7 110.7 110.7 110.7 110.7 110.7 110.7 110.7 110.7 110.7 110.7 
123.8 123.8 123.8 123.8 123.8 123.8 123.8 123.8 123.8 123.8 123.8 120.8 120.8 120.8 120.8 120.8 120.8 120.8 120.8 120.8 120.8 120.8 120.8 120.8 120.8 120.8 120.8 120.8 120.8 120.8 120.8 120.8 120.8 120.8 120.8 120.8 120.8 120.8 120.8 120.8 120.8 120.8 120.8 120.8 120.8 120.8 120.8 120.8 120.8 120.8 120.8 120.8 120.8 120.8 120.8 120.8 120.8 120.8 120.8 120.8 120.8 120.8 120.8 120.8 120.8 120.8 120.8 120.8 120.8 120.8 120.8 110.7 110.7 110.7 110.7 110.7 110.7 110.7 110.7 110.7 110.7 110.7 110.7 110.7 110.7 110.7 110.7 110.7 110.7 110.7 110.7 110.7 110.7 110.7 110.7 110.7 110.7 110.7 110.7 110.7 
123.8 123.8 123.8 123.8 123.8 123.8 123.8 123.8 123.8 123.8 123.8 120.8 120.8 120.8 120.8 120.8 120.8 120.8 120.8 120.8 120.8 120.8 120.8 120.8 120.8 120.8 120.8 120.8 120.8 120.8 120.8 120.8 120.8 120.8 120.8 120.8 120.8 120.8 120.8 120.8 120.8 120.8 120.8 120.8 120.8 120.8 120.8 120.8 120.8 120.8 120.8 120.8 120.8 120.8 120.8 120.8 120.8 120.8 120.8 120.8 120.8 120.8 120.8 120.8 120.8 120.8 120.8 120.8 120.8 120.8 120.8 110.7 110.7 110.7 110.7 110.7 110.7 110.7 110.7 110.7 110.7 110.7 110.7 110.7 110.7 110.7 110.7 110.7 110.7 110.7 110.7 110.7 110.7 110.7 110.7 110.7 110.7 110.7 110.7 110.7 
123.8 123.8 123.8 123.8 123.8 123.8 123.8 123.8 123.8 123.8 123.8 120.8 120.8 120.8 120.8 120.8 120.8 120.8 120.8 120.8 120.8 120.8 120.8 120.8 120.8 120.8 120.8 120.8 120.8 120.8 120.8 120.8 120.8 120.8 120.8 120.8 120.8 120.8 120.8 120.8 120.8 120.8 120.8 120.8 120.8 120.8 120.8 120.8 120.8 120.8 120.8 120.8 120.8 120.8 120.8 120.8 120.8 120.8 120.8 120.8 120.8 120.8 120.8 120.8 120.8 120.8 120.8 120.8 120.8 120.8 120.8 110.7 110.7 110.7 110.7 110.7 110.7 110.7 110.7 110.7 110.7 110.7 110.7 110.7 110.7 110.7 110.7 110.7 110.7 110.7 110.7 110.7 110.7 110.7 110.7 110.7 110.7 110.7 110.7 110.7 
123.8 123.8 123.8 123.8 123.8 123.8 123.8 123.8 123.8 123.8 123.8 120.8 120.8 120.8 120.8 120.8 120.8 120.8 120.8 120.8 120.8 120.8 120.8 120.8 120.8 120.8 120.8 120.8 120.8 120.8 120.8 120.8 120.8 120.8 120.8 120.8 120.8 120.8 120.8 120.8 120.8 120.8 120.8 120.8 120.8 120.8 120.8 120.8 120.8 120.8 120.8 120.8 120.8 120.8 120.8 120.8 120.8 120.8 120.8 120.8 120.8 120.8 120.8 120.8 120.8 120.8 120.8 120.8 120.8 120.8 120.8 110.7 110.7 110.7 110.7 110.7 110.7 110.7 110.7 110.7 110.7 110.7 110.7 110.7 110.7 110.7 110.7 110.7 110.7 110.7 110.7 110.7 110.7 110.7 110.7 110.7 110.7 110.7 110.7 110.7 
123.8 123.8 123.8 123.8 123.8 123.8 123.8 123.8 123.8 123.8 123.8 120.8 120.8 120.8 120.8 120.8 120.8 120.8 120.8 120.8 120.8 120.8 120.8 120.8 120.8 120.8 120.8 120.8 120.8 120.8 120.8 120.8 120.8 120.8 120.8 120.8 120.8 120.8 120.8 120.8 120.8 120.8 120.8 120.8 120.8 120.8 120.8 120.8 120.8 120.8 120.8 120.8 120.8 120.8 120.8 120.8 120.8 120.8 120.8 120.8 120.8 120.8 120.8 120.8 120.8 120.8 120.8 120.8 120.8 120.8 120.8 110.7 110.7 110.7 110.7 110.7 110.7 110.7 110.7 110.7 110.7 110.7 110.7 110.7 110.7 110.7 110.7 110.7 110.7 110.7 110.7 110.7 110.7 110.7 110.7 110.7 110.7 110.7 110.7 110.7 
123.8 123.8 123.8 123.8 123.8 123.8 123.8 123.8 123.8 123.8 123.8 120.8 120.8 120.8 120.8 120.8 120.8 120.8 120.8 120.8 120.8 120.8 120.8 120.8 120.8 120.8 120.8 120.8 120.8 120.8 120.8 120.8 120.8 120.8 120.8 120.8 120.8 120.8 120.8 120.8 120.8 120.8 120.8 120.8 120.8 120.8 120.8 120.8 120.8 120.8 120.8 120.8 120.8 120.8 120.8 120.8 120.8 120.8 120.8 120.8 120.8 120.8 120.8 120.8 120.8 120.8 120.8 120.8 120.8 120.8 120.8 110.7 110.7 110.7 110.7 110.7 110.7 110.7 110.7 110.7 110.7 110.7 110.7 110.7 110.7 110.7 110.7 110.7 110.7 110.7 110.7 110.7 110.7 110.7 110.7 110.7 110.7 110.7 110.7 110.7 
123.8 123.8 123.8 123.8 123.8 123.8 123.8 123.8 123.8 123.8 123.8 120.8 120.8 120.8 120.8 120.8 120.8 120.8 120.8 120.8 120.8 120.8 120.8 120.8 120.8 120.8 120.8 120.8 120.8 120.8 120.8 120.8 120.8 120.8 120.8 120.8 120.8 120.8 120.8 120.8 120.8 120.8 120.8 120.8 120.8 120.8 120.8 120.8 120.8 120.8 120.8 120.8 120.8 120.8 120.8 120.8 120.8 120.8 120.8 120.8 120.8 120.8 120.8 120.8 120.8 120.8 120.8 120.8 120.8 120.8 120.8 110.7 110.7 110.7 110.7 110.7 110.7 110.7 110.7 110.7 110.7 110.7 110.7 110.7 110.7 110.7 110.7 110.7 110.7 110.7 110.7 110.7 110.7 110.7 110.7 110.7 110.7 110.7 110.7 110.7 
123.8 123.8 123.8 123.8 123.8 123.8 123.8 123.8 123.8 123.8 123.8 120.8 120.8 120.8 120.8 120.8 120.8 120.8 120.8 120.8 120.8 120.8 120.8 120.8 120.8 120.8 120.8 120.8 120.8 120.8 120.8 120.8 120.8 120.8 120.8 120.8 120.8 120.8 120.8 120.8 120.8 120.8 120.8 120.8 120.8 120.8 120.8 120.8 120.8 120.8 120.8 120.8 120.8 120.8 120.8 120.8 120.8 120.8 120.8 120.8 120.8 120.8 120.8 120.8 120.8 120.8 120.8 120.8 120.8 120.8 120.8 110.7 110.7 110.7 110.7 110.7 110.7 110.7 110.7 110.7 110.7 110.7 110.7 110.7 110.7 110.7 110.7 110.7 110.7 110.7 110.7 110.7 110.7 110.7 110.7 110.7 110.7 110.7 110.7 110.7 
123.8 123.8 123.8 123.8 123.8 123.8 123.8 123.8 123.8 123.8 123.8 120.8 120.8 120.8 120.8 120.8 120.8 120.8 120.8 120.8 120.8 120.8 120.8 120.8 120.8 120.8 120.8 120.8 120.8 120.8 120.8 120.8 120.8 120.8 120.8 120.8 120.8 120.8 120.8 120.8 120.8 120.8 120.8 120.8 120.8 120.8 120.8 120.8 120.8 120.8 120.8 120.8 120.8 120.8 120.8 120.8 120.8 120.8 120.8 120.8 120.8 120.8 120.8 120.8 120.8 120.8 120.8 120.8 120.8 120.8 120.8 110.7 110.7 110.7 110.7 110.7 110.7 110.7 110.7 110.7 110.7 110.7 110.7 110.7 110.7 110.7 110.7 110.7 110.7 110.7 110.7 110.7 110.7 110.7 110.7 110.7 110.7 110.7 110.7 110.7 
123.8 123.8 123.8 123.8 123.8 123.8 123.8 123.8 123.8 123.8 123.8 120.8 120.8 120.8 120.8 120.8 120.8 120.8 120.8 120.8 120.8 120.8 120.8 120.8 120.8 120.8 120.8 120.8 120.8 120.8 120.8 120.8 120.8 120.8 120.8 120.8 120.8 120.8 120.8 120.8 120.8 120.8 120.8 120.8 120.8 120.8 120.8 120.8 120.8 120.8 120.8 120.8 120.8 120.8 120.8 120.8 120.8 120.8 120.8 120.8 120.8 120.8 120.8 120.8 120.8 120.8 120.8 120.8 120.8 120.8 120.8 110.7 110.7 110.7 110.7 110.7 110.7 110.7 110.7 110.7 110.7 110.7 110.7 110.7 110.7 110.7 110.7 110.7 110.7 110.7 110.7 110.7 110.7 110.7 110.7 110.7 110.7 110.7 110.7 110.7 
123.8 123.8 123.8 123.8 123.8 123.8 123.8 123.8 123.8 123.8 123.8 120.8 120.8 120.8 120.8 120.8 120.8 120.8 120.8 120.8 120.8 120.8 120.8 120.8 120.8 120.8 120.8 120.8 120.8 120.8 120.8 120.8 120.8 120.8 120.8 120.8 120.8 120.8 120.8 120.8 120.8 120.8 120.8 120.8 120.8 120.8 120.8 120.8 120.8 120.8 120.8 120.8 120.8 120.8 120.8 120.8 120.8 120.8 120.8 120.8 120.8 120.8 120.8 120.8 120.8 120.8 120.8 120.8 120.8 120.8 120.8 110.7 110.7 110.7 110.7 110.7 110.7 110.7 110.7 110.7 110.7 110.7 110.7 110.7 110.7 110.7 110.7 110.7 110.7 110.7 110.7 110.7 110.7 110.7 110.7 110.7 110.7 110.7 110.7 110.7 
123.8 123.8 123.8 123.8 123.8 123.8 123.8 123.8 123.8 123.8 123.8 120.8 120.8 120.8 120.8 120.8 120.8 120.8 120.8 120.8 120.8 120.8 120.8 120.8 120.8 120.8 120.8 120.8 120.8 120.8 120.8 120.8 120.8 120.8 120.8 120.8 120.8 120.8 120.8 120.8 120.8 120.8 120.8 120.8 120.8 120.8 120.8 120.8 120.8 120.8 120.8 120.8 120.8 120.8 120.8 120.8 120.8 120.8 120.8 120.8 120.8 120.8 120.8 120.8 120.8 120.8 120.8 120.8 120.8 120.8 120.8 110.7 110.7 110.7 110.7 110.7 110.7 110.7 110.7 110.7 110.7 110.7 110.7 110.7 110.7 110.7 110.7 110.7 110.7 110.7 110.7 110.7 110.7 110.7 110.7 110.7 110.7 110.7 110.7 110.7 
123.8 123.8 123.8 123.8 123.8 123.8 123.8 123.8 123.8 123.8 123.8 120.8 120.8 120.8 120.8 120.8 120.8 120.8 120.8 120.8 120.8 120.8 120.8 120.8 120.8 120.8 120.8 120.8 120.8 120.8 120.8 120.8 120.8 120.8 120.8 120.8 120.8 120.8 120.8 120.8 120.8 120.8 120.8 120.8 120.8 120.8 120.8 120.8 120.8 120.8 120.8 120.8 120.8 120.8 120.8 120.8 120.8 120.8 120.8 120.8 120.8 120.8 120.8 120.8 120.8 120.8 120.8 120.8 120.8 120.8 120.8 110.7 110.7 110.7 110.7 110.7 110.7 110.7 110.7 110.7 110.7 110.7 110.7 110.7 110.7 110.7 110.7 110.7 110.7 110.7 110.7 110.7 110.7 110.7 110.7 110.7 110.7 110.7 110.7 110.7 
123.8 123.8 123.8 123.8 123.8 123.8 123.8 123.8 123.8 123.8 123.8 120.8 120.8 120.8 120.8 120.8 120.8 120.8 120.8 120.8 120.8 120.8 120.8 120.8 120.8 120.8 120.8 120.8 120.8 120.8 120.8 120.8 120.8 120.8 120.8 120.8 120.8 120.8 120.8 120.8 120.8 120.8 120.8 120.8 120.8 120.8 120.8 120.8 120.8 120.8 120.8 120.8 120.8 120.8 120.8 120.8 120.8 120.8 120.8 120.8 120.8 120.8 120.8 120.8 120.8 120.8 120.8 120.8 120.8 120.8 120.8 110.7 110.7 110.7 110.7 110.7 110.7 110.7 110.7 110.7 110.7 110.7 110.7 110.7 110.7 110.7 110.7 110.7 110.7 110.7 110.7 110.7 110.7 110.7 110.7 110.7 110.7 110.7 110.7 110.7 
123.8 123.8 123.8 123.8 123.8 123.8 123.8 123.8 123.8 123.8 123.8 120.8 120.8 120.8 120.8 120.8 120.8 120.8 120.8 120.8 120.8 120.8 120.8 120.8 120.8 120.8 120.8 120.8 120.8 120.8 120.8 120.8 120.8 120.8 120.8 120.8 120.8 120.8 120.8 120.8 120.8 120.8 120.8 120.8 120.8 120.8 120.8 120.8 120.8 120.8 120.8 120.8 120.8 120.8 120.8 120.8 120.8 120.8 120.8 120.8 120.8 120.8 120.8 120.8 120.8 120.8 120.8 120.8 120.8 120.8 120.8 110.7 110.7 110.7 110.7 110.7 110.7 110.7 110.7 110.7 110.7 110.7 110.7 110.7 110.7 110.7 110.7 110.7 110.7 110.7 110.7 110.7 110.7 110.7 110.7 110.7 110.7 110.7 110.7 110.7 
123.8 123.8 123.8 123.8 123.8 123.8 123.8 123.8 123.8 123.8 123.8 120.8 120.8 120.8 120.8 120.8 120.8 120.8 120.8 120.8 120.8 120.8 120.8 120.8 120.8 120.8 120.8 120.8 120.8 120.8 120.8 120.8 120.8 120.8 120.8 120.8 120.8 120.8 120.8 120.8 120.8 120.8 120.8 120.8 120.8 120.8 120.8 120.8 120.8 120.8 120.8 120.8 120.8 120.8 120.8 120.8 120.8 120.8 120.8 120.8 120.8 120.8 120.8 120.8 120.8 120.8 120.8 120.8 120.8 120.8 120.8 110.7 110.7 110.7 110.7 110.7 110.7 110.7 110.7 110.7 110.7 110.7 110.7 110.7 110.7 110.7 110.7 110.7 110.7 110.7 110.7 110.7 110.7 110.7 110.7 110.7 110.7 110.7 110.7 110.7 
123.8 123.8 123.8 123.8 123.8 123.8 123.8 123.8 123.8 123.8 123.8 120.8 120.8 120.8 120.8 120.8 120.8 120.8 120.8 120.8 120.8 120.8 120.8 120.8 120.8 120.8 120.8 120.8 120.8 120.8 120.8 120.8 120.8 120.8 120.8 120.8 120.8 120.8 120.8 120.8 120.8 120.8 120.8 120.8 120.8 120.8 120.8 120.8 120.8 120.8 120.8 120.8 120.8 120.8 120.8 120.8 120.8 120.8 120.8 120.8 120.8 120.8 120.8 120.8 120.8 120.8 120.8 120.8 120.8 120.8 120.8 110.7 110.7 110.7 110.7 110.7 110.7 110.7 110.7 110.7 110.7 110.7 110.7 110.7 110.7 110.7 110.7 110.7 110.7 110.7 110.7 110.7 110.7 110.7 110.7 110.7 110.7 110.7 110.7 110.7 
123.8 123.8 123.8 123.8 123.8 123.8 123.8 123.8 123.8 123.8 123.8 120.8 120.8 120.8 120.8 120.8 120.8 120.8 120.8 120.8 120.8 120.8 120.8 120.8 120.8 120.8 120.8 120.8 120.8 120.8 120.8 120.8 120.8 120.8 120.8 120.8 120.8 120.8 120.8 120.8 120.8 120.8 120.8 120.8 120.8 120.8 120.8 120.8 120.8 120.8 120.8 120.8 120.8 120.8 120.8 120.8 120.8 120.8 120.8 120.8 120.8 120.8 120.8 120.8 120.8 120.8 120.8 120.8 120.8 120.8 120.8 110.7 110.7 110.7 110.7 110.7 110.7 110.7 110.7 110.7 110.7 110.7 110.7 110.7 110.7 110.7 110.7 110.7 110.7 110.7 110.7 110.7 110.7 110.7 110.7 110.7 110.7 110.7 110.7 110.7 
123.8 123.8 123.8 123.8 123.8 123.8 123.8 123.8 123.8 123.8 123.8 120.8 120.8 120.8 120.8 120.8 120.8 120.8 120.8 120.8 120.8 120.8 120.8 120.8 120.8 120.8 120.8 120.8 120.8 120.8 120.8 120.8 120.8 120.8 120.8 120.8 120.8 120.8 120.8 120.8 120.8 120.8 120.8 120.8 120.8 120.8 120.8 120.8 120.8 120.8 120.8 120.8 120.8 120.8 120.8 120.8 120.8 120.8 120.8 120.8 120.8 120.8 120.8 120.8 120.8 120.8 120.8 120.8 120.8 120.8 120.8 110.7 110.7 110.7 110.7 110.7 110.7 110.7 110.7 110.7 110.7 110.7 110.7 110.7 110.7 110.7 110.7 110.7 110.7 110.7 110.7 110.7 110.7 110.7 110.7 110.7 110.7 110.7 110.7 110.7 
123.8 123.8 123.8 123.8 123.8 123.8 123.8 123.8 123.8 123.8 123.8 120.8 120.8 120.8 120.8 120.8 120.8 120.8 120.8 120.8 120.8 120.8 120.8 120.8 120.8 120.8 120.8 120.8 120.8 120.8 120.8 120.8 120.8 120.8 120.8 120.8 120.8 120.8 120.8 120.8 120.8 120.8 120.8 120.8 120.8 120.8 120.8 120.8 120.8 120.8 120.8 120.8 120.8 120.8 120.8 120.8 120.8 120.8 120.8 120.8 120.8 120.8 120.8 120.8 120.8 120.8 120.8 120.8 120.8 120.8 120.8 110.7 110.7 110.7 110.7 110.7 110.7 110.7 110.7 110.7 110.7 110.7 110.7 110.7 110.7 110.7 110.7 110.7 110.7 110.7 110.7 110.7 110.7 110.7 110.7 110.7 110.7 110.7 110.7 110.7 
123.8 123.8 123.8 123.8 123.8 123.8 123.8 123.8 123.8 123.8 123.8 120.8 120.8 120.8 120.8 120.8 120.8 120.8 120.8 120.8 120.8 120.8 120.8 120.8 120.8 120.8 120.8 120.8 120.8 120.8 120.8 120.8 120.8 120.8 120.8 120.8 120.8 120.8 120.8 120.8 120.8 120.8 120.8 120.8 120.8 120.8 120.8 120.8 120.8 120.8 120.8 120.8 120.8 120.8 120.8 120.8 120.8 120.8 120.8 120.8 120.8 120.8 120.8 120.8 120.8 120.8 120.8 120.8 120.8 120.8 120.8 110.7 110.7 110.7 110.7 110.7 110.7 110.7 110.7 110.7 110.7 110.7 110.7 110.7 110.7 110.7 110.7 110.7 110.7 110.7 110.7 110.7 110.7 110.7 110.7 110.7 110.7 110.7 110.7 110.7 
123.8 123.8 123.8 123.8 123.8 123.8 123.8 123.8 123.8 123.8 123.8 120.8 120.8 120.8 120.8 120.8 120.8 120.8 120.8 120.8 120.8 120.8 120.8 120.8 120.8 120.8 120.8 120.8 120.8 120.8 120.8 120.8 120.8 120.8 120.8 120.8 120.8 120.8 120.8 120.8 120.8 120.8 120.8 120.8 120.8 120.8 120.8 120.8 120.8 120.8 120.8 120.8 120.8 120.8 120.8 120.8 120.8 120.8 120.8 120.8 120.8 120.8 120.8 120.8 120.8 120.8 120.8 120.8 120.8 120.8 120.8 110.7 110.7 110.7 110.7 110.7 110.7 110.7 110.7 110.7 110.7 110.7 110.7 110.7 110.7 110.7 110.7 110.7 110.7 110.7 110.7 110.7 110.7 110.7 110.7 110.7 110.7 110.7 110.7 110.7 
123.8 123.8 123.8 123.8 123.8 123.8 123.8 123.8 123.8 123.8 123.8 120.8 120.8 120.8 120.8 120.8 120.8 120.8 120.8 120.8 120.8 120.8 120.8 120.8 120.8 120.8 120.8 120.8 120.8 120.8 120.8 120.8 120.8 120.8 120.8 120.8 120.8 120.8 120.8 120.8 120.8 120.8 120.8 120.8 120.8 120.8 120.8 120.8 120.8 120.8 120.8 120.8 120.8 120.8 120.8 120.8 120.8 120.8 120.8 120.8 120.8 120.8 120.8 120.8 120.8 120.8 120.8 120.8 120.8 120.8 120.8 110.7 110.7 110.7 110.7 110.7 110.7 110.7 110.7 110.7 110.7 110.7 110.7 110.7 110.7 110.7 110.7 110.7 110.7 110.7 110.7 110.7 110.7 110.7 110.7 110.7 110.7 110.7 110.7 110.7 
123.8 123.8 123.8 123.8 123.8 123.8 123.8 123.8 123.8 123.8 123.8 120.8 120.8 120.8 120.8 120.8 120.8 120.8 120.8 120.8 120.8 120.8 120.8 120.8 120.8 120.8 120.8 120.8 120.8 120.8 120.8 120.8 120.8 120.8 120.8 120.8 120.8 120.8 120.8 120.8 120.8 120.8 120.8 120.8 120.8 120.8 120.8 120.8 120.8 120.8 120.8 120.8 120.8 120.8 120.8 120.8 120.8 120.8 120.8 120.8 120.8 120.8 120.8 120.8 120.8 120.8 120.8 120.8 120.8 120.8 120.8 110.7 110.7 110.7 110.7 110.7 110.7 110.7 110.7 110.7 110.7 110.7 110.7 110.7 110.7 110.7 110.7 110.7 110.7 110.7 110.7 110.7 110.7 110.7 110.7 110.7 110.7 110.7 110.7 110.7 
