ncols         100
nrows         100
xllcorner     -59982.863281
yllcorner     1851083.022172
cellsize      1000
NODATA_value  -9999
76.8 76.8 76.8 76.8 76.8 76.8 76.8 76.8 76.8 76.8 76.8 74.5 74.5 74.5 74.5 74.5 74.5 74.5 74.5 74.5 74.5 74.5 74.5 74.5 74.5 74.5 74.5 74.5 74.5 74.5 74.5 74.5 74.5 74.5 74.5 74.5 74.5 74.5 74.5 74.5 74.5 74.5 74.5 74.5 74.5 74.5 74.5 74.5 74.5 74.5 74.5 74.5 74.5 74.5 74.5 74.5 74.5 74.5 74.5 74.5 74.5 74.5 74.5 74.5 74.5 74.5 74.5 74.5 74.5 74.5 74.5 70.8 70.8 70.8 70.8 70.8 70.8 70.8 70.8 70.8 70.8 70.8 70.8 70.8 70.8 70.8 70.8 70.8 70.8 70.8 70.8 70.8 70.8 70.8 70.8 70.8 70.8 70.8 70.8 70.8 
76.8 76.8 76.8 76.8 76.8 76.8 76.8 76.8 76.8 76.8 76.8 74.5 74.5 74.5 74.5 74.5 74.5 74.5 74.5 74.5 74.5 74.5 74.5 74.5 74.5 74.5 74.5 74.5 74.5 74.5 74.5 74.5 74.5 74.5 74.5 74.5 74.5 74.5 74.5 74.5 74.5 74.5 74.5 74.5 74.5 74.5 74.5 74.5 74.5 74.5 74.5 74.5 74.5 74.5 74.5 74.5 74.5 74.5 74.5 74.5 74.5 74.5 74.5 74.5 74.5 74.5 74.5 74.5 74.5 74.5 74.5 70.8 70.8 70.8 70.8 70.8 70.8 70.8 70.8 70.8 70.8 70.8 70.8 70.8 70.8 70.8 70.8 70.8 70.8 70.8 70.8 70.8 70.8 70.8 70.8 70.8 70.8 70.8 70.8 70.8 
76.8 76.8 76.8 76.8 76.8 76.8 76.8 76.8 76.8 76.8 76.8 74.5 74.5 74.5 74.5 74.5 74.5 74.5 74.5 74.5 74.5 74.5 74.5 74.5 74.5 74.5 74.5 74.5 74.5 74.5 74.5 74.5 74.5 74.5 74.5 74.5 74.5 74.5 74.5 74.5 74.5 74.5 74.5 74.5 74.5 74.5 74.5 74.5 74.5 74.5 74.5 74.5 74.5 74.5 74.5 74.5 74.5 74.5 74.5 74.5 74.5 74.5 74.5 74.5 74.5 74.5 74.5 74.5 74.5 74.5 74.5 70.8 70.8 70.8 70.8 70.8 70.8 70.8 70.8 70.8 70.8 70.8 70.8 70.8 70.8 70.8 70.8 70.8 70.8 70.8 70.8 70.8 70.8 70.8 70.8 70.8 70.8 70.8 70.8 70.8 
76.8 76.8 76.8 76.8 76.8 76.8 76.8 76.8 76.8 76.8 76.8 74.5 74.5 74.5 74.5 74.5 74.5 74.5 74.5 74.5 74.5 74.5 74.5 74.5 74.5 74.5 74.5 74.5 74.5 74.5 74.5 74.5 74.5 74.5 74.5 74.5 74.5 74.5 74.5 74.5 74.5 74.5 74.5 74.5 74.5 74.5 74.5 74.5 74.5 74.5 74.5 74.5 74.5 74.5 74.5 74.5 74.5 74.5 74.5 74.5 74.5 74.5 74.5 74.5 74.5 74.5 74.5 74.5 74.5 74.5 74.5 70.8 70.8 70.8 70.8 70.8 70.8 70.8 70.8 70.8 70.8 70.8 70.8 70.8 70.8 70.8 70.8 70.8 70.8 70.8 70.8 70.8 70.8 70.8 70.8 70.8 70.8 70.8 70.8 70.8 
76.8 76.8 76.8 76.8 76.8 76.8 76.8 76.8 76.8 76.8 76.8 74.5 74.5 74.5 74.5 74.5 74.5 74.5 74.5 74.5 74.5 74.5 74.5 74.5 74.5 74.5 74.5 74.5 74.5 74.5 74.5 74.5 74.5 74.5 74.5 74.5 74.5 74.5 74.5 74.5 74.5 74.5 74.5 74.5 74.5 74.5 74.5 74.5 74.5 74.5 74.5 74.5 74.5 74.5 74.5 74.5 74.5 74.5 74.5 74.5 74.5 74.5 74.5 74.5 74.5 74.5 74.5 74.5 74.5 74.5 74.5 70.8 70.8 70.8 70.8 70.8 70.8 70.8 70.8 70.8 70.8 70.8 70.8 70.8 70.8 70.8 70.8 70.8 70.8 70.8 70.8 70.8 70.8 70.8 70.8 70.8 70.8 70.8 70.8 70.8 
76.8 76.8 76.8 76.8 76.8 76.8 76.8 76.8 76.8 76.8 76.8 74.5 74.5 74.5 74.5 74.5 74.5 74.5 74.5 74.5 74.5 74.5 74.5 74.5 74.5 74.5 74.5 74.5 74.5 74.5 74.5 74.5 74.5 74.5 74.5 74.5 74.5 74.5 74.5 74.5 74.5 74.5 74.5 74.5 74.5 74.5 74.5 74.5 74.5 74.5 74.5 74.5 74.5 74.5 74.5 74.5 74.5 74.5 74.5 74.5 74.5 74.5 74.5 74.5 74.5 74.5 74.5 74.5 74.5 74.5 74.5 70.8 70.8 70.8 70.8 70.8 70.8 70.8 70.8 70.8 70.8 70.8 70.8 70.8 70.8 70.8 70.8 70.8 70.8 70.8 70.8 70.8 70.8 70.8 70.8 70.8 70.8 70.8 70.8 70.8 
76.8 76.8 76.8 76.8 76.8 76.8 76.8 76.8 76.8 76.8 76.8 74.5 74.5 74.5 74.5 74.5 74.5 74.5 74.5 74.5 74.5 74.5 74.5 74.5 74.5 74.5 74.5 74.5 74.5 74.5 74.5 74.5 74.5 74.5 74.5 74.5 74.5 74.5 74.5 74.5 74.5 74.5 74.5 74.5 74.5 74.5 74.5 74.5 74.5 74.5 74.5 74.5 74.5 74.5 74.5 74.5 74.5 74.5 74.5 74.5 74.5 74.5 74.5 74.5 74.5 74.5 74.5 74.5 74.5 74.5 74.5 70.8 70.8 70.8 70.8 70.8 70.8 70.8 70.8 70.8 70.8 70.8 70.8 70.8 70.8 70.8 70.8 70.8 70.8 70.8 70.8 70.8 70.8 70.8 70.8 70.8 70.8 70.8 70.8 70.8 
76.8 76.8 76.8 76.8 76.8 76.8 76.8 76.8 76.8 76.8 76.8 74.5 74.5 74.5 74.5 74.5 74.5 74.5 74.5 74.5 74.5 74.5 74.5 74.5 74.5 74.5 74.5 74.5 74.5 74.5 74.5 74.5 74.5 74.5 74.5 74.5 74.5 74.5 74.5 74.5 74.5 74.5 74.5 74.5 74.5 74.5 74.5 74.5 74.5 74.5 74.5 74.5 74.5 74.5 74.5 74.5 74.5 74.5 74.5 74.5 74.5 74.5 74.5 74.5 74.5 74.5 74.5 74.5 74.5 74.5 74.5 70.8 70.8 70.8 70.8 70.8 70.8 70.8 70.8 70.8 70.8 70.8 70.8 70.8 70.8 70.8 70.8 70.8 70.8 70.8 70.8 70.8 70.8 70.8 70.8 70.8 70.8 70.8 70.8 70.8 
76.8 76.8 76.8 76.8 76.8 76.8 76.8 76.8 76.8 76.8 76.8 74.5 74.5 74.5 74.5 74.5 74.5 74.5 74.5 74.5 74.5 74.5 74.5 74.5 74.5 74.5 74.5 74.5 74.5 74.5 74.5 74.5 74.5 74.5 74.5 74.5 74.5 74.5 74.5 74.5 74.5 74.5 74.5 74.5 74.5 74.5 74.5 74.5 74.5 74.5 74.5 74.5 74.5 74.5 74.5 74.5 74.5 74.5 74.5 74.5 74.5 74.5 74.5 74.5 74.5 74.5 74.5 74.5 74.5 74.5 74.5 70.8 70.8 70.8 70.8 70.8 70.8 70.8 70.8 70.8 70.8 70.8 70.8 70.8 70.8 70.8 70.8 70.8 70.8 70.8 70.8 70.8 70.8 70.8 70.8 70.8 70.8 70.8 70.8 70.8 
81.5 81.5 81.5 81.5 81.5 81.5 81.5 81.5 81.5 81.5 81.5 82.2 82.2 82.2 82.2 82.2 82.2 82.2 82.2 82.2 82.2 82.2 82.2 82.2 82.2 82.2 82.2 82.2 82.2 82.2 82.2 82.2 82.2 82.2 82.2 82.2 82.2 82.2 82.2 82.2 82.2 82.2 82.2 82.2 82.2 82.2 82.2 82.2 82.2 82.2 82.2 82.2 82.2 82.2 82.2 82.2 82.2 82.2 82.2 82.2 82.2 82.2 82.2 82.2 82.2 82.2 82.2 82.2 82.2 82.2 82.2 76.8 76.8 76.8 76.8 76.8 76.8 76.8 76.8 76.8 76.8 76.8 76.8 76.8 76.8 76.8 76.8 76.8 76.8 76.8 76.8 76.8 76.8 76.8 76.8 76.8 76.8 76.8 76.8 76.8 
81.5 81.5 81.5 81.5 81.5 81.5 81.5 81.5 81.5 81.5 81.5 82.2 82.2 82.2 82.2 82.2 82.2 82.2 82.2 82.2 82.2 82.2 82.2 82.2 82.2 82.2 82.2 82.2 82.2 82.2 82.2 82.2 82.2 82.2 82.2 82.2 82.2 82.2 82.2 82.2 82.2 82.2 82.2 82.2 82.2 82.2 82.2 82.2 82.2 82.2 82.2 82.2 82.2 82.2 82.2 82.2 82.2 82.2 82.2 82.2 82.2 82.2 82.2 82.2 82.2 82.2 82.2 82.2 82.2 82.2 82.2 76.8 76.8 76.8 76.8 76.8 76.8 76.8 76.8 76.8 76.8 76.8 76.8 76.8 76.8 76.8 76.8 76.8 76.8 76.8 76.8 76.8 76.8 76.8 76.8 76.8 76.8 76.8 76.8 76.8 
81.5 81.5 81.5 81.5 81.5 81.5 81.5 81.5 81.5 81.5 81.5 82.2 82.2 82.2 82.2 82.2 82.2 82.2 82.2 82.2 82.2 82.2 82.2 82.2 82.2 82.2 82.2 82.2 82.2 82.2 82.2 82.2 82.2 82.2 82.2 82.2 82.2 82.2 82.2 82.2 82.2 82.2 82.2 82.2 82.2 82.2 82.2 82.2 82.2 82.2 82.2 82.2 82.2 82.2 82.2 82.2 82.2 82.2 82.2 82.2 82.2 82.2 82.2 82.2 82.2 82.2 82.2 82.2 82.2 82.2 82.2 76.8 76.8 76.8 76.8 76.8 76.8 76.8 76.8 76.8 76.8 76.8 76.8 76.8 76.8 76.8 76.8 76.8 76.8 76.8 76.8 76.8 76.8 76.8 76.8 76.8 76.8 76.8 76.8 76.8 
81.5 81.5 81.5 81.5 81.5 81.5 81.5 81.5 81.5 81.5 81.5 82.2 82.2 82.2 82.2 82.2 82.2 82.2 82.2 82.2 82.2 82.2 82.2 82.2 82.2 82.2 82.2 82.2 82.2 82.2 82.2 82.2 82.2 82.2 82.2 82.2 82.2 82.2 82.2 82.2 82.2 82.2 82.2 82.2 82.2 82.2 82.2 82.2 82.2 82.2 82.2 82.2 82.2 82.2 82.2 82.2 82.2 82.2 82.2 82.2 82.2 82.2 82.2 82.2 82.2 82.2 82.2 82.2 82.2 82.2 82.2 76.8 76.8 76.8 76.8 76.8 76.8 76.8 76.8 76.8 76.8 76.8 76.8 76.8 76.8 76.8 76.8 76.8 76.8 76.8 76.8 76.8 76.8 76.8 76.8 76.8 76.8 76.8 76.8 76.8 
81.5 81.5 81.5 81.5 81.5 81.5 81.5 81.5 81.5 81.5 81.5 82.2 82.2 82.2 82.2 82.2 82.2 82.2 82.2 82.2 82.2 82.2 82.2 82.2 82.2 82.2 82.2 82.2 82.2 82.2 82.2 82.2 82.2 82.2 82.2 82.2 82.2 82.2 82.2 82.2 82.2 82.2 82.2 82.2 82.2 82.2 82.2 82.2 82.2 82.2 82.2 82.2 82.2 82.2 82.2 82.2 82.2 82.2 82.2 82.2 82.2 82.2 82.2 82.2 82.2 82.2 82.2 82.2 82.2 82.2 82.2 76.8 76.8 76.8 76.8 76.8 76.8 76.8 76.8 76.8 76.8 76.8 76.8 76.8 76.8 76.8 76.8 76.8 76.8 76.8 76.8 76.8 76.8 76.8 76.8 76.8 76.8 76.8 76.8 76.8 
81.5 81.5 81.5 81.5 81.5 81.5 81.5 81.5 81.5 81.5 81.5 82.2 82.2 82.2 82.2 82.2 82.2 82.2 82.2 82.2 82.2 82.2 82.2 82.2 82.2 82.2 82.2 82.2 82.2 82.2 82.2 82.2 82.2 82.2 82.2 82.2 82.2 82.2 82.2 82.2 82.2 82.2 82.2 82.2 82.2 82.2 82.2 82.2 82.2 82.2 82.2 82.2 82.2 82.2 82.2 82.2 82.2 82.2 82.2 82.2 82.2 82.2 82.2 82.2 82.2 82.2 82.2 82.2 82.2 82.2 82.2 76.8 76.8 76.8 76.8 76.8 76.8 76.8 76.8 76.8 76.8 76.8 76.8 76.8 76.8 76.8 76.8 76.8 76.8 76.8 76.8 76.8 76.8 76.8 76.8 76.8 76.8 76.8 76.8 76.8 
81.5 81.5 81.5 81.5 81.5 81.5 81.5 81.5 81.5 81.5 81.5 82.2 82.2 82.2 82.2 82.2 82.2 82.2 82.2 82.2 82.2 82.2 82.2 82.2 82.2 82.2 82.2 82.2 82.2 82.2 82.2 82.2 82.2 82.2 82.2 82.2 82.2 82.2 82.2 82.2 82.2 82.2 82.2 82.2 82.2 82.2 82.2 82.2 82.2 82.2 82.2 82.2 82.2 82.2 82.2 82.2 82.2 82.2 82.2 82.2 82.2 82.2 82.2 82.2 82.2 82.2 82.2 82.2 82.2 82.2 82.2 76.8 76.8 76.8 76.8 76.8 76.8 76.8 76.8 76.8 76.8 76.8 76.8 76.8 76.8 76.8 76.8 76.8 76.8 76.8 76.8 76.8 76.8 76.8 76.8 76.8 76.8 76.8 76.8 76.8 
81.5 81.5 81.5 81.5 81.5 81.5 81.5 81.5 81.5 81.5 81.5 82.2 82.2 82.2 82.2 82.2 82.2 82.2 82.2 82.2 82.2 82.2 82.2 82.2 82.2 82.2 82.2 82.2 82.2 82.2 82.2 82.2 82.2 82.2 82.2 82.2 82.2 82.2 82.2 82.2 82.2 82.2 82.2 82.2 82.2 82.2 82.2 82.2 82.2 82.2 82.2 82.2 82.2 82.2 82.2 82.2 82.2 82.2 82.2 82.2 82.2 82.2 82.2 82.2 82.2 82.2 82.2 82.2 82.2 82.2 82.2 76.8 76.8 76.8 76.8 76.8 76.8 76.8 76.8 76.8 76.8 76.8 76.8 76.8 76.8 76.8 76.8 76.8 76.8 76.8 76.8 76.8 76.8 76.8 76.8 76.8 76.8 76.8 76.8 76.8 
81.5 81.5 81.5 81.5 81.5 81.5 81.5 81.5 81.5 81.5 81.5 82.2 82.2 82.2 82.2 82.2 82.2 82.2 82.2 82.2 82.2 82.2 82.2 82.2 82.2 82.2 82.2 82.2 82.2 82.2 82.2 82.2 82.2 82.2 82.2 82.2 82.2 82.2 82.2 82.2 82.2 82.2 82.2 82.2 82.2 82.2 82.2 82.2 82.2 82.2 82.2 82.2 82.2 82.2 82.2 82.2 82.2 82.2 82.2 82.2 82.2 82.2 82.2 82.2 82.2 82.2 82.2 82.2 82.2 82.2 82.2 76.8 76.8 76.8 76.8 76.8 76.8 76.8 76.8 76.8 76.8 76.8 76.8 76.8 76.8 76.8 76.8 76.8 76.8 76.8 76.8 76.8 76.8 76.8 76.8 76.8 76.8 76.8 76.8 76.8 
81.5 81.5 81.5 81.5 81.5 81.5 81.5 81.5 81.5 81.5 81.5 82.2 82.2 82.2 82.2 82.2 82.2 82.2 82.2 82.2 82.2 82.2 82.2 82.2 82.2 82.2 82.2 82.2 82.2 82.2 82.2 82.2 82.2 82.2 82.2 82.2 82.2 82.2 82.2 82.2 82.2 82.2 82.2 82.2 82.2 82.2 82.2 82.2 82.2 82.2 82.2 82.2 82.2 82.2 82.2 82.2 82.2 82.2 82.2 82.2 82.2 82.2 82.2 82.2 82.2 82.2 82.2 82.2 82.2 82.2 82.2 76.8 76.8 76.8 76.8 76.8 76.8 76.8 76.8 76.8 76.8 76.8 76.8 76.8 76.8 76.8 76.8 76.8 76.8 76.8 76.8 76.8 76.8 76.8 76.8 76.8 76.8 76.8 76.8 76.8 
81.5 81.5 81.5 81.5 81.5 81.5 81.5 81.5 81.5 81.5 81.5 82.2 82.2 82.2 82.2 82.2 82.2 82.2 82.2 82.2 82.2 82.2 82.2 82.2 82.2 82.2 82.2 82.2 82.2 82.2 82.2 82.2 82.2 82.2 82.2 82.2 82.2 82.2 82.2 82.2 82.2 82.2 82.2 82.2 82.2 82.2 82.2 82.2 82.2 82.2 82.2 82.2 82.2 82.2 82.2 82.2 82.2 82.2 82.2 82.2 82.2 82.2 82.2 82.2 82.2 82.2 82.2 82.2 82.2 82.2 82.2 76.8 76.8 76.8 76.8 76.8 76.8 76.8 76.8 76.8 76.8 76.8 76.8 76.8 76.8 76.8 76.8 76.8 76.8 76.8 76.8 76.8 76.8 76.8 76.8 76.8 76.8 76.8 76.8 76.8 
81.5 81.5 81.5 81.5 81.5 81.5 81.5 81.5 81.5 81.5 81.5 82.2 82.2 82.2 82.2 82.2 82.2 82.2 82.2 82.2 82.2 82.2 82.2 82.2 82.2 82.2 82.2 82.2 82.2 82.2 82.2 82.2 82.2 82.2 82.2 82.2 82.2 82.2 82.2 82.2 82.2 82.2 82.2 82.2 82.2 82.2 82.2 82.2 82.2 82.2 82.2 82.2 82.2 82.2 82.2 82.2 82.2 82.2 82.2 82.2 82.2 82.2 82.2 82.2 82.2 82.2 82.2 82.2 82.2 82.2 82.2 76.8 76.8 76.8 76.8 76.8 76.8 76.8 76.8 76.8 76.8 76.8 76.8 76.8 76.8 76.8 76.8 76.8 76.8 76.8 76.8 76.8 76.8 76.8 76.8 76.8 76.8 76.8 76.8 76.8 
81.5 81.5 81.5 81.5 81.5 81.5 81.5 81.5 81.5 81.5 81.5 82.2 82.2 82.2 82.2 82.2 82.2 82.2 82.2 82.2 82.2 82.2 82.2 82.2 82.2 82.2 82.2 82.2 82.2 82.2 82.2 82.2 82.2 82.2 82.2 82.2 82.2 82.2 82.2 82.2 82.2 82.2 82.2 82.2 82.2 82.2 82.2 82.2 82.2 82.2 82.2 82.2 82.2 82.2 82.2 82.2 82.2 82.2 82.2 82.2 82.2 82.2 82.2 82.2 82.2 82.2 82.2 82.2 82.2 82.2 82.2 76.8 76.8 76.8 76.8 76.8 76.8 76.8 76.8 76.8 76.8 76.8 76.8 76.8 76.8 76.8 76.8 76.8 76.8 76.8 76.8 76.8 76.8 76.8 76.8 76.8 76.8 76.8 76.8 76.8 
81.5 81.5 81.5 81.5 81.5 81.5 81.5 81.5 81.5 81.5 81.5 82.2 82.2 82.2 82.2 82.2 82.2 82.2 82.2 82.2 82.2 82.2 82.2 82.2 82.2 82.2 82.2 82.2 82.2 82.2 82.2 82.2 82.2 82.2 82.2 82.2 82.2 82.2 82.2 82.2 82.2 82.2 82.2 82.2 82.2 82.2 82.2 82.2 82.2 82.2 82.2 82.2 82.2 82.2 82.2 82.2 82.2 82.2 82.2 82.2 82.2 82.2 82.2 82.2 82.2 82.2 82.2 82.2 82.2 82.2 82.2 76.8 76.8 76.8 76.8 76.8 76.8 76.8 76.8 76.8 76.8 76.8 76.8 76.8 76.8 76.8 76.8 76.8 76.8 76.8 76.8 76.8 76.8 76.8 76.8 76.8 76.8 76.8 76.8 76.8 
81.5 81.5 81.5 81.5 81.5 81.5 81.5 81.5 81.5 81.5 81.5 82.2 82.2 82.2 82.2 82.2 82.2 82.2 82.2 82.2 82.2 82.2 82.2 82.2 82.2 82.2 82.2 82.2 82.2 82.2 82.2 82.2 82.2 82.2 82.2 82.2 82.2 82.2 82.2 82.2 82.2 82.2 82.2 82.2 82.2 82.2 82.2 82.2 82.2 82.2 82.2 82.2 82.2 82.2 82.2 82.2 82.2 82.2 82.2 82.2 82.2 82.2 82.2 82.2 82.2 82.2 82.2 82.2 82.2 82.2 82.2 76.8 76.8 76.8 76.8 76.8 76.8 76.8 76.8 76.8 76.8 76.8 76.8 76.8 76.8 76.8 76.8 76.8 76.8 76.8 76.8 76.8 76.8 76.8 76.8 76.8 76.8 76.8 76.8 76.8 
81.5 81.5 81.5 81.5 81.5 81.5 81.5 81.5 81.5 81.5 81.5 82.2 82.2 82.2 82.2 82.2 82.2 82.2 82.2 82.2 82.2 82.2 82.2 82.2 82.2 82.2 82.2 82.2 82.2 82.2 82.2 82.2 82.2 82.2 82.2 82.2 82.2 82.2 82.2 82.2 82.2 82.2 82.2 82.2 82.2 82.2 82.2 82.2 82.2 82.2 82.2 82.2 82.2 82.2 82.2 82.2 82.2 82.2 82.2 82.2 82.2 82.2 82.2 82.2 82.2 82.2 82.2 82.2 82.2 82.2 82.2 76.8 76.8 76.8 76.8 76.8 76.8 76.8 76.8 76.8 76.8 76.8 76.8 76.8 76.8 76.8 76.8 76.8 76.8 76.8 76.8 76.8 76.8 76.8 76.8 76.8 76.8 76.8 76.8 76.8 
81.5 81.5 81.5 81.5 81.5 81.5 81.5 81.5 81.5 81.5 81.5 82.2 82.2 82.2 82.2 82.2 82.2 82.2 82.2 82.2 82.2 82.2 82.2 82.2 82.2 82.2 82.2 82.2 82.2 82.2 82.2 82.2 82.2 82.2 82.2 82.2 82.2 82.2 82.2 82.2 82.2 82.2 82.2 82.2 82.2 82.2 82.2 82.2 82.2 82.2 82.2 82.2 82.2 82.2 82.2 82.2 82.2 82.2 82.2 82.2 82.2 82.2 82.2 82.2 82.2 82.2 82.2 82.2 82.2 82.2 82.2 76.8 76.8 76.8 76.8 76.8 76.8 76.8 76.8 76.8 76.8 76.8 76.8 76.8 76.8 76.8 76.8 76.8 76.8 76.8 76.8 76.8 76.8 76.8 76.8 76.8 76.8 76.8 76.8 76.8 
81.5 81.5 81.5 81.5 81.5 81.5 81.5 81.5 81.5 81.5 81.5 82.2 82.2 82.2 82.2 82.2 82.2 82.2 82.2 82.2 82.2 82.2 82.2 82.2 82.2 82.2 82.2 82.2 82.2 82.2 82.2 82.2 82.2 82.2 82.2 82.2 82.2 82.2 82.2 82.2 82.2 82.2 82.2 82.2 82.2 82.2 82.2 82.2 82.2 82.2 82.2 82.2 82.2 82.2 82.2 82.2 82.2 82.2 82.2 82.2 82.2 82.2 82.2 82.2 82.2 82.2 82.2 82.2 82.2 82.2 82.2 76.8 76.8 76.8 76.8 76.8 76.8 76.8 76.8 76.8 76.8 76.8 76.8 76.8 76.8 76.8 76.8 76.8 76.8 76.8 76.8 76.8 76.8 76.8 76.8 76.8 76.8 76.8 76.8 76.8 
81.5 81.5 81.5 81.5 81.5 81.5 81.5 81.5 81.5 81.5 81.5 82.2 82.2 82.2 82.2 82.2 82.2 82.2 82.2 82.2 82.2 82.2 82.2 82.2 82.2 82.2 82.2 82.2 82.2 82.2 82.2 82.2 82.2 82.2 82.2 82.2 82.2 82.2 82.2 82.2 82.2 82.2 82.2 82.2 82.2 82.2 82.2 82.2 82.2 82.2 82.2 82.2 82.2 82.2 82.2 82.2 82.2 82.2 82.2 82.2 82.2 82.2 82.2 82.2 82.2 82.2 82.2 82.2 82.2 82.2 82.2 76.8 76.8 76.8 76.8 76.8 76.8 76.8 76.8 76.8 76.8 76.8 76.8 76.8 76.8 76.8 76.8 76.8 76.8 76.8 76.8 76.8 76.8 76.8 76.8 76.8 76.8 76.8 76.8 76.8 
81.5 81.5 81.5 81.5 81.5 81.5 81.5 81.5 81.5 81.5 81.5 82.2 82.2 82.2 82.2 82.2 82.2 82.2 82.2 82.2 82.2 82.2 82.2 82.2 82.2 82.2 82.2 82.2 82.2 82.2 82.2 82.2 82.2 82.2 82.2 82.2 82.2 82.2 82.2 82.2 82.2 82.2 82.2 82.2 82.2 82.2 82.2 82.2 82.2 82.2 82.2 82.2 82.2 82.2 82.2 82.2 82.2 82.2 82.2 82.2 82.2 82.2 82.2 82.2 82.2 82.2 82.2 82.2 82.2 82.2 82.2 76.8 76.8 76.8 76.8 76.8 76.8 76.8 76.8 76.8 76.8 76.8 76.8 76.8 76.8 76.8 76.8 76.8 76.8 76.8 76.8 76.8 76.8 76.8 76.8 76.8 76.8 76.8 76.8 76.8 
81.5 81.5 81.5 81.5 81.5 81.5 81.5 81.5 81.5 81.5 81.5 82.2 82.2 82.2 82.2 82.2 82.2 82.2 82.2 82.2 82.2 82.2 82.2 82.2 82.2 82.2 82.2 82.2 82.2 82.2 82.2 82.2 82.2 82.2 82.2 82.2 82.2 82.2 82.2 82.2 82.2 82.2 82.2 82.2 82.2 82.2 82.2 82.2 82.2 82.2 82.2 82.2 82.2 82.2 82.2 82.2 82.2 82.2 82.2 82.2 82.2 82.2 82.2 82.2 82.2 82.2 82.2 82.2 82.2 82.2 82.2 76.8 76.8 76.8 76.8 76.8 76.8 76.8 76.8 76.8 76.8 76.8 76.8 76.8 76.8 76.8 76.8 76.8 76.8 76.8 76.8 76.8 76.8 76.8 76.8 76.8 76.8 76.8 76.8 76.8 
81.5 81.5 81.5 81.5 81.5 81.5 81.5 81.5 81.5 81.5 81.5 82.2 82.2 82.2 82.2 82.2 82.2 82.2 82.2 82.2 82.2 82.2 82.2 82.2 82.2 82.2 82.2 82.2 82.2 82.2 82.2 82.2 82.2 82.2 82.2 82.2 82.2 82.2 82.2 82.2 82.2 82.2 82.2 82.2 82.2 82.2 82.2 82.2 82.2 82.2 82.2 82.2 82.2 82.2 82.2 82.2 82.2 82.2 82.2 82.2 82.2 82.2 82.2 82.2 82.2 82.2 82.2 82.2 82.2 82.2 82.2 76.8 76.8 76.8 76.8 76.8 76.8 76.8 76.8 76.8 76.8 76.8 76.8 76.8 76.8 76.8 76.8 76.8 76.8 76.8 76.8 76.8 76.8 76.8 76.8 76.8 76.8 76.8 76.8 76.8 
81.5 81.5 81.5 81.5 81.5 81.5 81.5 81.5 81.5 81.5 81.5 82.2 82.2 82.2 82.2 82.2 82.2 82.2 82.2 82.2 82.2 82.2 82.2 82.2 82.2 82.2 82.2 82.2 82.2 82.2 82.2 82.2 82.2 82.2 82.2 82.2 82.2 82.2 82.2 82.2 82.2 82.2 82.2 82.2 82.2 82.2 82.2 82.2 82.2 82.2 82.2 82.2 82.2 82.2 82.2 82.2 82.2 82.2 82.2 82.2 82.2 82.2 82.2 82.2 82.2 82.2 82.2 82.2 82.2 82.2 82.2 76.8 76.8 76.8 76.8 76.8 76.8 76.8 76.8 76.8 76.8 76.8 76.8 76.8 76.8 76.8 76.8 76.8 76.8 76.8 76.8 76.8 76.8 76.8 76.8 76.8 76.8 76.8 76.8 76.8 
81.5 81.5 81.5 81.5 81.5 81.5 81.5 81.5 81.5 81.5 81.5 82.2 82.2 82.2 82.2 82.2 82.2 82.2 82.2 82.2 82.2 82.2 82.2 82.2 82.2 82.2 82.2 82.2 82.2 82.2 82.2 82.2 82.2 82.2 82.2 82.2 82.2 82.2 82.2 82.2 82.2 82.2 82.2 82.2 82.2 82.2 82.2 82.2 82.2 82.2 82.2 82.2 82.2 82.2 82.2 82.2 82.2 82.2 82.2 82.2 82.2 82.2 82.2 82.2 82.2 82.2 82.2 82.2 82.2 82.2 82.2 76.8 76.8 76.8 76.8 76.8 76.8 76.8 76.8 76.8 76.8 76.8 76.8 76.8 76.8 76.8 76.8 76.8 76.8 76.8 76.8 76.8 76.8 76.8 76.8 76.8 76.8 76.8 76.8 76.8 
81.5 81.5 81.5 81.5 81.5 81.5 81.5 81.5 81.5 81.5 81.5 82.2 82.2 82.2 82.2 82.2 82.2 82.2 82.2 82.2 82.2 82.2 82.2 82.2 82.2 82.2 82.2 82.2 82.2 82.2 82.2 82.2 82.2 82.2 82.2 82.2 82.2 82.2 82.2 82.2 82.2 82.2 82.2 82.2 82.2 82.2 82.2 82.2 82.2 82.2 82.2 82.2 82.2 82.2 82.2 82.2 82.2 82.2 82.2 82.2 82.2 82.2 82.2 82.2 82.2 82.2 82.2 82.2 82.2 82.2 82.2 76.8 76.8 76.8 76.8 76.8 76.8 76.8 76.8 76.8 76.8 76.8 76.8 76.8 76.8 76.8 76.8 76.8 76.8 76.8 76.8 76.8 76.8 76.8 76.8 76.8 76.8 76.8 76.8 76.8 
81.5 81.5 81.5 81.5 81.5 81.5 81.5 81.5 81.5 81.5 81.5 82.2 82.2 82.2 82.2 82.2 82.2 82.2 82.2 82.2 82.2 82.2 82.2 82.2 82.2 82.2 82.2 82.2 82.2 82.2 82.2 82.2 82.2 82.2 82.2 82.2 82.2 82.2 82.2 82.2 82.2 82.2 82.2 82.2 82.2 82.2 82.2 82.2 82.2 82.2 82.2 82.2 82.2 82.2 82.2 82.2 82.2 82.2 82.2 82.2 82.2 82.2 82.2 82.2 82.2 82.2 82.2 82.2 82.2 82.2 82.2 76.8 76.8 76.8 76.8 76.8 76.8 76.8 76.8 76.8 76.8 76.8 76.8 76.8 76.8 76.8 76.8 76.8 76.8 76.8 76.8 76.8 76.8 76.8 76.8 76.8 76.8 76.8 76.8 76.8 
81.5 81.5 81.5 81.5 81.5 81.5 81.5 81.5 81.5 81.5 81.5 82.2 82.2 82.2 82.2 82.2 82.2 82.2 82.2 82.2 82.2 82.2 82.2 82.2 82.2 82.2 82.2 82.2 82.2 82.2 82.2 82.2 82.2 82.2 82.2 82.2 82.2 82.2 82.2 82.2 82.2 82.2 82.2 82.2 82.2 82.2 82.2 82.2 82.2 82.2 82.2 82.2 82.2 82.2 82.2 82.2 82.2 82.2 82.2 82.2 82.2 82.2 82.2 82.2 82.2 82.2 82.2 82.2 82.2 82.2 82.2 76.8 76.8 76.8 76.8 76.8 76.8 76.8 76.8 76.8 76.8 76.8 76.8 76.8 76.8 76.8 76.8 76.8 76.8 76.8 76.8 76.8 76.8 76.8 76.8 76.8 76.8 76.8 76.8 76.8 
81.5 81.5 81.5 81.5 81.5 81.5 81.5 81.5 81.5 81.5 81.5 82.2 82.2 82.2 82.2 82.2 82.2 82.2 82.2 82.2 82.2 82.2 82.2 82.2 82.2 82.2 82.2 82.2 82.2 82.2 82.2 82.2 82.2 82.2 82.2 82.2 82.2 82.2 82.2 82.2 82.2 82.2 82.2 82.2 82.2 82.2 82.2 82.2 82.2 82.2 82.2 82.2 82.2 82.2 82.2 82.2 82.2 82.2 82.2 82.2 82.2 82.2 82.2 82.2 82.2 82.2 82.2 82.2 82.2 82.2 82.2 76.8 76.8 76.8 76.8 76.8 76.8 76.8 76.8 76.8 76.8 76.8 76.8 76.8 76.8 76.8 76.8 76.8 76.8 76.8 76.8 76.8 76.8 76.8 76.8 76.8 76.8 76.8 76.8 76.8 
81.5 81.5 81.5 81.5 81.5 81.5 81.5 81.5 81.5 81.5 81.5 82.2 82.2 82.2 82.2 82.2 82.2 82.2 82.2 82.2 82.2 82.2 82.2 82.2 82.2 82.2 82.2 82.2 82.2 82.2 82.2 82.2 82.2 82.2 82.2 82.2 82.2 82.2 82.2 82.2 82.2 82.2 82.2 82.2 82.2 82.2 82.2 82.2 82.2 82.2 82.2 82.2 82.2 82.2 82.2 82.2 82.2 82.2 82.2 82.2 82.2 82.2 82.2 82.2 82.2 82.2 82.2 82.2 82.2 82.2 82.2 76.8 76.8 76.8 76.8 76.8 76.8 76.8 76.8 76.8 76.8 76.8 76.8 76.8 76.8 76.8 76.8 76.8 76.8 76.8 76.8 76.8 76.8 76.8 76.8 76.8 76.8 76.8 76.8 76.8 
81.5 81.5 81.5 81.5 81.5 81.5 81.5 81.5 81.5 81.5 81.5 82.2 82.2 82.2 82.2 82.2 82.2 82.2 82.2 82.2 82.2 82.2 82.2 82.2 82.2 82.2 82.2 82.2 82.2 82.2 82.2 82.2 82.2 82.2 82.2 82.2 82.2 82.2 82.2 82.2 82.2 82.2 82.2 82.2 82.2 82.2 82.2 82.2 82.2 82.2 82.2 82.2 82.2 82.2 82.2 82.2 82.2 82.2 82.2 82.2 82.2 82.2 82.2 82.2 82.2 82.2 82.2 82.2 82.2 82.2 82.2 76.8 76.8 76.8 76.8 76.8 76.8 76.8 76.8 76.8 76.8 76.8 76.8 76.8 76.8 76.8 76.8 76.8 76.8 76.8 76.8 76.8 76.8 76.8 76.8 76.8 76.8 76.8 76.8 76.8 
81.5 81.5 81.5 81.5 81.5 81.5 81.5 81.5 81.5 81.5 81.5 82.2 82.2 82.2 82.2 82.2 82.2 82.2 82.2 82.2 82.2 82.2 82.2 82.2 82.2 82.2 82.2 82.2 82.2 82.2 82.2 82.2 82.2 82.2 82.2 82.2 82.2 82.2 82.2 82.2 82.2 82.2 82.2 82.2 82.2 82.2 82.2 82.2 82.2 82.2 82.2 82.2 82.2 82.2 82.2 82.2 82.2 82.2 82.2 82.2 82.2 82.2 82.2 82.2 82.2 82.2 82.2 82.2 82.2 82.2 82.2 76.8 76.8 76.8 76.8 76.8 76.8 76.8 76.8 76.8 76.8 76.8 76.8 76.8 76.8 76.8 76.8 76.8 76.8 76.8 76.8 76.8 76.8 76.8 76.8 76.8 76.8 76.8 76.8 76.8 
81.5 81.5 81.5 81.5 81.5 81.5 81.5 81.5 81.5 81.5 81.5 82.2 82.2 82.2 82.2 82.2 82.2 82.2 82.2 82.2 82.2 82.2 82.2 82.2 82.2 82.2 82.2 82.2 82.2 82.2 82.2 82.2 82.2 82.2 82.2 82.2 82.2 82.2 82.2 82.2 82.2 82.2 82.2 82.2 82.2 82.2 82.2 82.2 82.2 82.2 82.2 82.2 82.2 82.2 82.2 82.2 82.2 82.2 82.2 82.2 82.2 82.2 82.2 82.2 82.2 82.2 82.2 82.2 82.2 82.2 82.2 76.8 76.8 76.8 76.8 76.8 76.8 76.8 76.8 76.8 76.8 76.8 76.8 76.8 76.8 76.8 76.8 76.8 76.8 76.8 76.8 76.8 76.8 76.8 76.8 76.8 76.8 76.8 76.8 76.8 
81.5 81.5 81.5 81.5 81.5 81.5 81.5 81.5 81.5 81.5 81.5 82.2 82.2 82.2 82.2 82.2 82.2 82.2 82.2 82.2 82.2 82.2 82.2 82.2 82.2 82.2 82.2 82.2 82.2 82.2 82.2 82.2 82.2 82.2 82.2 82.2 82.2 82.2 82.2 82.2 82.2 82.2 82.2 82.2 82.2 82.2 82.2 82.2 82.2 82.2 82.2 82.2 82.2 82.2 82.2 82.2 82.2 82.2 82.2 82.2 82.2 82.2 82.2 82.2 82.2 82.2 82.2 82.2 82.2 82.2 82.2 76.8 76.8 76.8 76.8 76.8 76.8 76.8 76.8 76.8 76.8 76.8 76.8 76.8 76.8 76.8 76.8 76.8 76.8 76.8 76.8 76.8 76.8 76.8 76.8 76.8 76.8 76.8 76.8 76.8 
81.5 81.5 81.5 81.5 81.5 81.5 81.5 81.5 81.5 81.5 81.5 82.2 82.2 82.2 82.2 82.2 82.2 82.2 82.2 82.2 82.2 82.2 82.2 82.2 82.2 82.2 82.2 82.2 82.2 82.2 82.2 82.2 82.2 82.2 82.2 82.2 82.2 82.2 82.2 82.2 82.2 82.2 82.2 82.2 82.2 82.2 82.2 82.2 82.2 82.2 82.2 82.2 82.2 82.2 82.2 82.2 82.2 82.2 82.2 82.2 82.2 82.2 82.2 82.2 82.2 82.2 82.2 82.2 82.2 82.2 82.2 76.8 76.8 76.8 76.8 76.8 76.8 76.8 76.8 76.8 76.8 76.8 76.8 76.8 76.8 76.8 76.8 76.8 76.8 76.8 76.8 76.8 76.8 76.8 76.8 76.8 76.8 76.8 76.8 76.8 
81.5 81.5 81.5 81.5 81.5 81.5 81.5 81.5 81.5 81.5 81.5 82.2 82.2 82.2 82.2 82.2 82.2 82.2 82.2 82.2 82.2 82.2 82.2 82.2 82.2 82.2 82.2 82.2 82.2 82.2 82.2 82.2 82.2 82.2 82.2 82.2 82.2 82.2 82.2 82.2 82.2 82.2 82.2 82.2 82.2 82.2 82.2 82.2 82.2 82.2 82.2 82.2 82.2 82.2 82.2 82.2 82.2 82.2 82.2 82.2 82.2 82.2 82.2 82.2 82.2 82.2 82.2 82.2 82.2 82.2 82.2 76.8 76.8 76.8 76.8 76.8 76.8 76.8 76.8 76.8 76.8 76.8 76.8 76.8 76.8 76.8 76.8 76.8 76.8 76.8 76.8 76.8 76.8 76.8 76.8 76.8 76.8 76.8 76.8 76.8 
81.5 81.5 81.5 81.5 81.5 81.5 81.5 81.5 81.5 81.5 81.5 82.2 82.2 82.2 82.2 82.2 82.2 82.2 82.2 82.2 82.2 82.2 82.2 82.2 82.2 82.2 82.2 82.2 82.2 82.2 82.2 82.2 82.2 82.2 82.2 82.2 82.2 82.2 82.2 82.2 82.2 82.2 82.2 82.2 82.2 82.2 82.2 82.2 82.2 82.2 82.2 82.2 82.2 82.2 82.2 82.2 82.2 82.2 82.2 82.2 82.2 82.2 82.2 82.2 82.2 82.2 82.2 82.2 82.2 82.2 82.2 76.8 76.8 76.8 76.8 76.8 76.8 76.8 76.8 76.8 76.8 76.8 76.8 76.8 76.8 76.8 76.8 76.8 76.8 76.8 76.8 76.8 76.8 76.8 76.8 76.8 76.8 76.8 76.8 76.8 
81.5 81.5 81.5 81.5 81.5 81.5 81.5 81.5 81.5 81.5 81.5 82.2 82.2 82.2 82.2 82.2 82.2 82.2 82.2 82.2 82.2 82.2 82.2 82.2 82.2 82.2 82.2 82.2 82.2 82.2 82.2 82.2 82.2 82.2 82.2 82.2 82.2 82.2 82.2 82.2 82.2 82.2 82.2 82.2 82.2 82.2 82.2 82.2 82.2 82.2 82.2 82.2 82.2 82.2 82.2 82.2 82.2 82.2 82.2 82.2 82.2 82.2 82.2 82.2 82.2 82.2 82.2 82.2 82.2 82.2 82.2 76.8 76.8 76.8 76.8 76.8 76.8 76.8 76.8 76.8 76.8 76.8 76.8 76.8 76.8 76.8 76.8 76.8 76.8 76.8 76.8 76.8 76.8 76.8 76.8 76.8 76.8 76.8 76.8 76.8 
81.5 81.5 81.5 81.5 81.5 81.5 81.5 81.5 81.5 81.5 81.5 82.2 82.2 82.2 82.2 82.2 82.2 82.2 82.2 82.2 82.2 82.2 82.2 82.2 82.2 82.2 82.2 82.2 82.2 82.2 82.2 82.2 82.2 82.2 82.2 82.2 82.2 82.2 82.2 82.2 82.2 82.2 82.2 82.2 82.2 82.2 82.2 82.2 82.2 82.2 82.2 82.2 82.2 82.2 82.2 82.2 82.2 82.2 82.2 82.2 82.2 82.2 82.2 82.2 82.2 82.2 82.2 82.2 82.2 82.2 82.2 76.8 76.8 76.8 76.8 76.8 76.8 76.8 76.8 76.8 76.8 76.8 76.8 76.8 76.8 76.8 76.8 76.8 76.8 76.8 76.8 76.8 76.8 76.8 76.8 76.8 76.8 76.8 76.8 76.8 
81.5 81.5 81.5 81.5 81.5 81.5 81.5 81.5 81.5 81.5 81.5 82.2 82.2 82.2 82.2 82.2 82.2 82.2 82.2 82.2 82.2 82.2 82.2 82.2 82.2 82.2 82.2 82.2 82.2 82.2 82.2 82.2 82.2 82.2 82.2 82.2 82.2 82.2 82.2 82.2 82.2 82.2 82.2 82.2 82.2 82.2 82.2 82.2 82.2 82.2 82.2 82.2 82.2 82.2 82.2 82.2 82.2 82.2 82.2 82.2 82.2 82.2 82.2 82.2 82.2 82.2 82.2 82.2 82.2 82.2 82.2 76.8 76.8 76.8 76.8 76.8 76.8 76.8 76.8 76.8 76.8 76.8 76.8 76.8 76.8 76.8 76.8 76.8 76.8 76.8 76.8 76.8 76.8 76.8 76.8 76.8 76.8 76.8 76.8 76.8 
81.5 81.5 81.5 81.5 81.5 81.5 81.5 81.5 81.5 81.5 81.5 82.2 82.2 82.2 82.2 82.2 82.2 82.2 82.2 82.2 82.2 82.2 82.2 82.2 82.2 82.2 82.2 82.2 82.2 82.2 82.2 82.2 82.2 82.2 82.2 82.2 82.2 82.2 82.2 82.2 82.2 82.2 82.2 82.2 82.2 82.2 82.2 82.2 82.2 82.2 82.2 82.2 82.2 82.2 82.2 82.2 82.2 82.2 82.2 82.2 82.2 82.2 82.2 82.2 82.2 82.2 82.2 82.2 82.2 82.2 82.2 76.8 76.8 76.8 76.8 76.8 76.8 76.8 76.8 76.8 76.8 76.8 76.8 76.8 76.8 76.8 76.8 76.8 76.8 76.8 76.8 76.8 76.8 76.8 76.8 76.8 76.8 76.8 76.8 76.8 
81.5 81.5 81.5 81.5 81.5 81.5 81.5 81.5 81.5 81.5 81.5 82.2 82.2 82.2 82.2 82.2 82.2 82.2 82.2 82.2 82.2 82.2 82.2 82.2 82.2 82.2 82.2 82.2 82.2 82.2 82.2 82.2 82.2 82.2 82.2 82.2 82.2 82.2 82.2 82.2 82.2 82.2 82.2 82.2 82.2 82.2 82.2 82.2 82.2 82.2 82.2 82.2 82.2 82.2 82.2 82.2 82.2 82.2 82.2 82.2 82.2 82.2 82.2 82.2 82.2 82.2 82.2 82.2 82.2 82.2 82.2 76.8 76.8 76.8 76.8 76.8 76.8 76.8 76.8 76.8 76.8 76.8 76.8 76.8 76.8 76.8 76.8 76.8 76.8 76.8 76.8 76.8 76.8 76.8 76.8 76.8 76.8 76.8 76.8 76.8 
81.5 81.5 81.5 81.5 81.5 81.5 81.5 81.5 81.5 81.5 81.5 82.2 82.2 82.2 82.2 82.2 82.2 82.2 82.2 82.2 82.2 82.2 82.2 82.2 82.2 82.2 82.2 82.2 82.2 82.2 82.2 82.2 82.2 82.2 82.2 82.2 82.2 82.2 82.2 82.2 82.2 82.2 82.2 82.2 82.2 82.2 82.2 82.2 82.2 82.2 82.2 82.2 82.2 82.2 82.2 82.2 82.2 82.2 82.2 82.2 82.2 82.2 82.2 82.2 82.2 82.2 82.2 82.2 82.2 82.2 82.2 76.8 76.8 76.8 76.8 76.8 76.8 76.8 76.8 76.8 76.8 76.8 76.8 76.8 76.8 76.8 76.8 76.8 76.8 76.8 76.8 76.8 76.8 76.8 76.8 76.8 76.8 76.8 76.8 76.8 
81.5 81.5 81.5 81.5 81.5 81.5 81.5 81.5 81.5 81.5 81.5 82.2 82.2 82.2 82.2 82.2 82.2 82.2 82.2 82.2 82.2 82.2 82.2 82.2 82.2 82.2 82.2 82.2 82.2 82.2 82.2 82.2 82.2 82.2 82.2 82.2 82.2 82.2 82.2 82.2 82.2 82.2 82.2 82.2 82.2 82.2 82.2 82.2 82.2 82.2 82.2 82.2 82.2 82.2 82.2 82.2 82.2 82.2 82.2 82.2 82.2 82.2 82.2 82.2 82.2 82.2 82.2 82.2 82.2 82.2 82.2 76.8 76.8 76.8 76.8 76.8 76.8 76.8 76.8 76.8 76.8 76.8 76.8 76.8 76.8 76.8 76.8 76.8 76.8 76.8 76.8 76.8 76.8 76.8 76.8 76.8 76.8 76.8 76.8 76.8 
81.5 81.5 81.5 81.5 81.5 81.5 81.5 81.5 81.5 81.5 81.5 82.2 82.2 82.2 82.2 82.2 82.2 82.2 82.2 82.2 82.2 82.2 82.2 82.2 82.2 82.2 82.2 82.2 82.2 82.2 82.2 82.2 82.2 82.2 82.2 82.2 82.2 82.2 82.2 82.2 82.2 82.2 82.2 82.2 82.2 82.2 82.2 82.2 82.2 82.2 82.2 82.2 82.2 82.2 82.2 82.2 82.2 82.2 82.2 82.2 82.2 82.2 82.2 82.2 82.2 82.2 82.2 82.2 82.2 82.2 82.2 76.8 76.8 76.8 76.8 76.8 76.8 76.8 76.8 76.8 76.8 76.8 76.8 76.8 76.8 76.8 76.8 76.8 76.8 76.8 76.8 76.8 76.8 76.8 76.8 76.8 76.8 76.8 76.8 76.8 
81.5 81.5 81.5 81.5 81.5 81.5 81.5 81.5 81.5 81.5 81.5 82.2 82.2 82.2 82.2 82.2 82.2 82.2 82.2 82.2 82.2 82.2 82.2 82.2 82.2 82.2 82.2 82.2 82.2 82.2 82.2 82.2 82.2 82.2 82.2 82.2 82.2 82.2 82.2 82.2 82.2 82.2 82.2 82.2 82.2 82.2 82.2 82.2 82.2 82.2 82.2 82.2 82.2 82.2 82.2 82.2 82.2 82.2 82.2 82.2 82.2 82.2 82.2 82.2 82.2 82.2 82.2 82.2 82.2 82.2 82.2 76.8 76.8 76.8 76.8 76.8 76.8 76.8 76.8 76.8 76.8 76.8 76.8 76.8 76.8 76.8 76.8 76.8 76.8 76.8 76.8 76.8 76.8 76.8 76.8 76.8 76.8 76.8 76.8 76.8 
81.5 81.5 81.5 81.5 81.5 81.5 81.5 81.5 81.5 81.5 81.5 82.2 82.2 82.2 82.2 82.2 82.2 82.2 82.2 82.2 82.2 82.2 82.2 82.2 82.2 82.2 82.2 82.2 82.2 82.2 82.2 82.2 82.2 82.2 82.2 82.2 82.2 82.2 82.2 82.2 82.2 82.2 82.2 82.2 82.2 82.2 82.2 82.2 82.2 82.2 82.2 82.2 82.2 82.2 82.2 82.2 82.2 82.2 82.2 82.2 82.2 82.2 82.2 82.2 82.2 82.2 82.2 82.2 82.2 82.2 82.2 76.8 76.8 76.8 76.8 76.8 76.8 76.8 76.8 76.8 76.8 76.8 76.8 76.8 76.8 76.8 76.8 76.8 76.8 76.8 76.8 76.8 76.8 76.8 76.8 76.8 76.8 76.8 76.8 76.8 
81.5 81.5 81.5 81.5 81.5 81.5 81.5 81.5 81.5 81.5 81.5 82.2 82.2 82.2 82.2 82.2 82.2 82.2 82.2 82.2 82.2 82.2 82.2 82.2 82.2 82.2 82.2 82.2 82.2 82.2 82.2 82.2 82.2 82.2 82.2 82.2 82.2 82.2 82.2 82.2 82.2 82.2 82.2 82.2 82.2 82.2 82.2 82.2 82.2 82.2 82.2 82.2 82.2 82.2 82.2 82.2 82.2 82.2 82.2 82.2 82.2 82.2 82.2 82.2 82.2 82.2 82.2 82.2 82.2 82.2 82.2 76.8 76.8 76.8 76.8 76.8 76.8 76.8 76.8 76.8 76.8 76.8 76.8 76.8 76.8 76.8 76.8 76.8 76.8 76.8 76.8 76.8 76.8 76.8 76.8 76.8 76.8 76.8 76.8 76.8 
81.5 81.5 81.5 81.5 81.5 81.5 81.5 81.5 81.5 81.5 81.5 82.2 82.2 82.2 82.2 82.2 82.2 82.2 82.2 82.2 82.2 82.2 82.2 82.2 82.2 82.2 82.2 82.2 82.2 82.2 82.2 82.2 82.2 82.2 82.2 82.2 82.2 82.2 82.2 82.2 82.2 82.2 82.2 82.2 82.2 82.2 82.2 82.2 82.2 82.2 82.2 82.2 82.2 82.2 82.2 82.2 82.2 82.2 82.2 82.2 82.2 82.2 82.2 82.2 82.2 82.2 82.2 82.2 82.2 82.2 82.2 76.8 76.8 76.8 76.8 76.8 76.8 76.8 76.8 76.8 76.8 76.8 76.8 76.8 76.8 76.8 76.8 76.8 76.8 76.8 76.8 76.8 76.8 76.8 76.8 76.8 76.8 76.8 76.8 76.8 
81.5 81.5 81.5 81.5 81.5 81.5 81.5 81.5 81.5 81.5 81.5 82.2 82.2 82.2 82.2 82.2 82.2 82.2 82.2 82.2 82.2 82.2 82.2 82.2 82.2 82.2 82.2 82.2 82.2 82.2 82.2 82.2 82.2 82.2 82.2 82.2 82.2 82.2 82.2 82.2 82.2 82.2 82.2 82.2 82.2 82.2 82.2 82.2 82.2 82.2 82.2 82.2 82.2 82.2 82.2 82.2 82.2 82.2 82.2 82.2 82.2 82.2 82.2 82.2 82.2 82.2 82.2 82.2 82.2 82.2 82.2 76.8 76.8 76.8 76.8 76.8 76.8 76.8 76.8 76.8 76.8 76.8 76.8 76.8 76.8 76.8 76.8 76.8 76.8 76.8 76.8 76.8 76.8 76.8 76.8 76.8 76.8 76.8 76.8 76.8 
81.5 81.5 81.5 81.5 81.5 81.5 81.5 81.5 81.5 81.5 81.5 82.2 82.2 82.2 82.2 82.2 82.2 82.2 82.2 82.2 82.2 82.2 82.2 82.2 82.2 82.2 82.2 82.2 82.2 82.2 82.2 82.2 82.2 82.2 82.2 82.2 82.2 82.2 82.2 82.2 82.2 82.2 82.2 82.2 82.2 82.2 82.2 82.2 82.2 82.2 82.2 82.2 82.2 82.2 82.2 82.2 82.2 82.2 82.2 82.2 82.2 82.2 82.2 82.2 82.2 82.2 82.2 82.2 82.2 82.2 82.2 76.8 76.8 76.8 76.8 76.8 76.8 76.8 76.8 76.8 76.8 76.8 76.8 76.8 76.8 76.8 76.8 76.8 76.8 76.8 76.8 76.8 76.8 76.8 76.8 76.8 76.8 76.8 76.8 76.8 
81.5 81.5 81.5 81.5 81.5 81.5 81.5 81.5 81.5 81.5 81.5 82.2 82.2 82.2 82.2 82.2 82.2 82.2 82.2 82.2 82.2 82.2 82.2 82.2 82.2 82.2 82.2 82.2 82.2 82.2 82.2 82.2 82.2 82.2 82.2 82.2 82.2 82.2 82.2 82.2 82.2 82.2 82.2 82.2 82.2 82.2 82.2 82.2 82.2 82.2 82.2 82.2 82.2 82.2 82.2 82.2 82.2 82.2 82.2 82.2 82.2 82.2 82.2 82.2 82.2 82.2 82.2 82.2 82.2 82.2 82.2 76.8 76.8 76.8 76.8 76.8 76.8 76.8 76.8 76.8 76.8 76.8 76.8 76.8 76.8 76.8 76.8 76.8 76.8 76.8 76.8 76.8 76.8 76.8 76.8 76.8 76.8 76.8 76.8 76.8 
81.5 81.5 81.5 81.5 81.5 81.5 81.5 81.5 81.5 81.5 81.5 82.2 82.2 82.2 82.2 82.2 82.2 82.2 82.2 82.2 82.2 82.2 82.2 82.2 82.2 82.2 82.2 82.2 82.2 82.2 82.2 82.2 82.2 82.2 82.2 82.2 82.2 82.2 82.2 82.2 82.2 82.2 82.2 82.2 82.2 82.2 82.2 82.2 82.2 82.2 82.2 82.2 82.2 82.2 82.2 82.2 82.2 82.2 82.2 82.2 82.2 82.2 82.2 82.2 82.2 82.2 82.2 82.2 82.2 82.2 82.2 76.8 76.8 76.8 76.8 76.8 76.8 76.8 76.8 76.8 76.8 76.8 76.8 76.8 76.8 76.8 76.8 76.8 76.8 76.8 76.8 76.8 76.8 76.8 76.8 76.8 76.8 76.8 76.8 76.8 
81.5 81.5 81.5 81.5 81.5 81.5 81.5 81.5 81.5 81.5 81.5 82.2 82.2 82.2 82.2 82.2 82.2 82.2 82.2 82.2 82.2 82.2 82.2 82.2 82.2 82.2 82.2 82.2 82.2 82.2 82.2 82.2 82.2 82.2 82.2 82.2 82.2 82.2 82.2 82.2 82.2 82.2 82.2 82.2 82.2 82.2 82.2 82.2 82.2 82.2 82.2 82.2 82.2 82.2 82.2 82.2 82.2 82.2 82.2 82.2 82.2 82.2 82.2 82.2 82.2 82.2 82.2 82.2 82.2 82.2 82.2 76.8 76.8 76.8 76.8 76.8 76.8 76.8 76.8 76.8 76.8 76.8 76.8 76.8 76.8 76.8 76.8 76.8 76.8 76.8 76.8 76.8 76.8 76.8 76.8 76.8 76.8 76.8 76.8 76.8 
81.5 81.5 81.5 81.5 81.5 81.5 81.5 81.5 81.5 81.5 81.5 82.2 82.2 82.2 82.2 82.2 82.2 82.2 82.2 82.2 82.2 82.2 82.2 82.2 82.2 82.2 82.2 82.2 82.2 82.2 82.2 82.2 82.2 82.2 82.2 82.2 82.2 82.2 82.2 82.2 82.2 82.2 82.2 82.2 82.2 82.2 82.2 82.2 82.2 82.2 82.2 82.2 82.2 82.2 82.2 82.2 82.2 82.2 82.2 82.2 82.2 82.2 82.2 82.2 82.2 82.2 82.2 82.2 82.2 82.2 82.2 76.8 76.8 76.8 76.8 76.8 76.8 76.8 76.8 76.8 76.8 76.8 76.8 76.8 76.8 76.8 76.8 76.8 76.8 76.8 76.8 76.8 76.8 76.8 76.8 76.8 76.8 76.8 76.8 76.8 
81.5 81.5 81.5 81.5 81.5 81.5 81.5 81.5 81.5 81.5 81.5 82.2 82.2 82.2 82.2 82.2 82.2 82.2 82.2 82.2 82.2 82.2 82.2 82.2 82.2 82.2 82.2 82.2 82.2 82.2 82.2 82.2 82.2 82.2 82.2 82.2 82.2 82.2 82.2 82.2 82.2 82.2 82.2 82.2 82.2 82.2 82.2 82.2 82.2 82.2 82.2 82.2 82.2 82.2 82.2 82.2 82.2 82.2 82.2 82.2 82.2 82.2 82.2 82.2 82.2 82.2 82.2 82.2 82.2 82.2 82.2 76.8 76.8 76.8 76.8 76.8 76.8 76.8 76.8 76.8 76.8 76.8 76.8 76.8 76.8 76.8 76.8 76.8 76.8 76.8 76.8 76.8 76.8 76.8 76.8 76.8 76.8 76.8 76.8 76.8 
81.5 81.5 81.5 81.5 81.5 81.5 81.5 81.5 81.5 81.5 81.5 82.2 82.2 82.2 82.2 82.2 82.2 82.2 82.2 82.2 82.2 82.2 82.2 82.2 82.2 82.2 82.2 82.2 82.2 82.2 82.2 82.2 82.2 82.2 82.2 82.2 82.2 82.2 82.2 82.2 82.2 82.2 82.2 82.2 82.2 82.2 82.2 82.2 82.2 82.2 82.2 82.2 82.2 82.2 82.2 82.2 82.2 82.2 82.2 82.2 82.2 82.2 82.2 82.2 82.2 82.2 82.2 82.2 82.2 82.2 82.2 76.8 76.8 76.8 76.8 76.8 76.8 76.8 76.8 76.8 76.8 76.8 76.8 76.8 76.8 76.8 76.8 76.8 76.8 76.8 76.8 76.8 76.8 76.8 76.8 76.8 76.8 76.8 76.8 76.8 
81.5 81.5 81.5 81.5 81.5 81.5 81.5 81.5 81.5 81.5 81.5 82.2 82.2 82.2 82.2 82.2 82.2 82.2 82.2 82.2 82.2 82.2 82.2 82.2 82.2 82.2 82.2 82.2 82.2 82.2 82.2 82.2 82.2 82.2 82.2 82.2 82.2 82.2 82.2 82.2 82.2 82.2 82.2 82.2 82.2 82.2 82.2 82.2 82.2 82.2 82.2 82.2 82.2 82.2 82.2 82.2 82.2 82.2 82.2 82.2 82.2 82.2 82.2 82.2 82.2 82.2 82.2 82.2 82.2 82.2 82.2 76.8 76.8 76.8 76.8 76.8 76.8 76.8 76.8 76.8 76.8 76.8 76.8 76.8 76.8 76.8 76.8 76.8 76.8 76.8 76.8 76.8 76.8 76.8 76.8 76.8 76.8 76.8 76.8 76.8 
81.5 81.5 81.5 81.5 81.5 81.5 81.5 81.5 81.5 81.5 81.5 82.2 82.2 82.2 82.2 82.2 82.2 82.2 82.2 82.2 82.2 82.2 82.2 82.2 82.2 82.2 82.2 82.2 82.2 82.2 82.2 82.2 82.2 82.2 82.2 82.2 82.2 82.2 82.2 82.2 82.2 82.2 82.2 82.2 82.2 82.2 82.2 82.2 82.2 82.2 82.2 82.2 82.2 82.2 82.2 82.2 82.2 82.2 82.2 82.2 82.2 82.2 82.2 82.2 82.2 82.2 82.2 82.2 82.2 82.2 82.2 76.8 76.8 76.8 76.8 76.8 76.8 76.8 76.8 76.8 76.8 76.8 76.8 76.8 76.8 76.8 76.8 76.8 76.8 76.8 76.8 76.8 76.8 76.8 76.8 76.8 76.8 76.8 76.8 76.8 
81.5 81.5 81.5 81.5 81.5 81.5 81.5 81.5 81.5 81.5 81.5 82.2 82.2 82.2 82.2 82.2 82.2 82.2 82.2 82.2 82.2 82.2 82.2 82.2 82.2 82.2 82.2 82.2 82.2 82.2 82.2 82.2 82.2 82.2 82.2 82.2 82.2 82.2 82.2 82.2 82.2 82.2 82.2 82.2 82.2 82.2 82.2 82.2 82.2 82.2 82.2 82.2 82.2 82.2 82.2 82.2 82.2 82.2 82.2 82.2 82.2 82.2 82.2 82.2 82.2 82.2 82.2 82.2 82.2 82.2 82.2 76.8 76.8 76.8 76.8 76.8 76.8 76.8 76.8 76.8 76.8 76.8 76.8 76.8 76.8 76.8 76.8 76.8 76.8 76.8 76.8 76.8 76.8 76.8 76.8 76.8 76.8 76.8 76.8 76.8 
81.5 81.5 81.5 81.5 81.5 81.5 81.5 81.5 81.5 81.5 81.5 82.2 82.2 82.2 82.2 82.2 82.2 82.2 82.2 82.2 82.2 82.2 82.2 82.2 82.2 82.2 82.2 82.2 82.2 82.2 82.2 82.2 82.2 82.2 82.2 82.2 82.2 82.2 82.2 82.2 82.2 82.2 82.2 82.2 82.2 82.2 82.2 82.2 82.2 82.2 82.2 82.2 82.2 82.2 82.2 82.2 82.2 82.2 82.2 82.2 82.2 82.2 82.2 82.2 82.2 82.2 82.2 82.2 82.2 82.2 82.2 76.8 76.8 76.8 76.8 76.8 76.8 76.8 76.8 76.8 76.8 76.8 76.8 76.8 76.8 76.8 76.8 76.8 76.8 76.8 76.8 76.8 76.8 76.8 76.8 76.8 76.8 76.8 76.8 76.8 
93.5 93.5 93.5 93.5 93.5 93.5 93.5 93.5 93.5 93.5 93.5 92.9 92.9 92.9 92.9 92.9 92.9 92.9 92.9 92.9 92.9 92.9 92.9 92.9 92.9 92.9 92.9 92.9 92.9 92.9 92.9 92.9 92.9 92.9 92.9 92.9 92.9 92.9 92.9 92.9 92.9 92.9 92.9 92.9 92.9 92.9 92.9 92.9 92.9 92.9 92.9 92.9 92.9 92.9 92.9 92.9 92.9 92.9 92.9 92.9 92.9 92.9 92.9 92.9 92.9 92.9 92.9 92.9 92.9 92.9 92.9 85.5 85.5 85.5 85.5 85.5 85.5 85.5 85.5 85.5 85.5 85.5 85.5 85.5 85.5 85.5 85.5 85.5 85.5 85.5 85.5 85.5 85.5 85.5 85.5 85.5 85.5 85.5 85.5 85.5 
93.5 93.5 93.5 93.5 93.5 93.5 93.5 93.5 93.5 93.5 93.5 92.9 92.9 92.9 92.9 92.9 92.9 92.9 92.9 92.9 92.9 92.9 92.9 92.9 92.9 92.9 92.9 92.9 92.9 92.9 92.9 92.9 92.9 92.9 92.9 92.9 92.9 92.9 92.9 92.9 92.9 92.9 92.9 92.9 92.9 92.9 92.9 92.9 92.9 92.9 92.9 92.9 92.9 92.9 92.9 92.9 92.9 92.9 92.9 92.9 92.9 92.9 92.9 92.9 92.9 92.9 92.9 92.9 92.9 92.9 92.9 85.5 85.5 85.5 85.5 85.5 85.5 85.5 85.5 85.5 85.5 85.5 85.5 85.5 85.5 85.5 85.5 85.5 85.5 85.5 85.5 85.5 85.5 85.5 85.5 85.5 85.5 85.5 85.5 85.5 
93.5 93.5 93.5 93.5 93.5 93.5 93.5 93.5 93.5 93.5 93.5 92.9 92.9 92.9 92.9 92.9 92.9 92.9 92.9 92.9 92.9 92.9 92.9 92.9 92.9 92.9 92.9 92.9 92.9 92.9 92.9 92.9 92.9 92.9 92.9 92.9 92.9 92.9 92.9 92.9 92.9 92.9 92.9 92.9 92.9 92.9 92.9 92.9 92.9 92.9 92.9 92.9 92.9 92.9 92.9 92.9 92.9 92.9 92.9 92.9 92.9 92.9 92.9 92.9 92.9 92.9 92.9 92.9 92.9 92.9 92.9 85.5 85.5 85.5 85.5 85.5 85.5 85.5 85.5 85.5 85.5 85.5 85.5 85.5 85.5 85.5 85.5 85.5 85.5 85.5 85.5 85.5 85.5 85.5 85.5 85.5 85.5 85.5 85.5 85.5 
93.5 93.5 93.5 93.5 93.5 93.5 93.5 93.5 93.5 93.5 93.5 92.9 92.9 92.9 92.9 92.9 92.9 92.9 92.9 92.9 92.9 92.9 92.9 92.9 92.9 92.9 92.9 92.9 92.9 92.9 92.9 92.9 92.9 92.9 92.9 92.9 92.9 92.9 92.9 92.9 92.9 92.9 92.9 92.9 92.9 92.9 92.9 92.9 92.9 92.9 92.9 92.9 92.9 92.9 92.9 92.9 92.9 92.9 92.9 92.9 92.9 92.9 92.9 92.9 92.9 92.9 92.9 92.9 92.9 92.9 92.9 85.5 85.5 85.5 85.5 85.5 85.5 85.5 85.5 85.5 85.5 85.5 85.5 85.5 85.5 85.5 85.5 85.5 85.5 85.5 85.5 85.5 85.5 85.5 85.5 85.5 85.5 85.5 85.5 85.5 
93.5 93.5 93.5 93.5 93.5 93.5 93.5 93.5 93.5 93.5 93.5 92.9 92.9 92.9 92.9 92.9 92.9 92.9 92.9 92.9 92.9 92.9 92.9 92.9 92.9 92.9 92.9 92.9 92.9 92.9 92.9 92.9 92.9 92.9 92.9 92.9 92.9 92.9 92.9 92.9 92.9 92.9 92.9 92.9 92.9 92.9 92.9 92.9 92.9 92.9 92.9 92.9 92.9 92.9 92.9 92.9 92.9 92.9 92.9 92.9 92.9 92.9 92.9 92.9 92.9 92.9 92.9 92.9 92.9 92.9 92.9 85.5 85.5 85.5 85.5 85.5 85.5 85.5 85.5 85.5 85.5 85.5 85.5 85.5 85.5 85.5 85.5 85.5 85.5 85.5 85.5 85.5 85.5 85.5 85.5 85.5 85.5 85.5 85.5 85.5 
93.5 93.5 93.5 93.5 93.5 93.5 93.5 93.5 93.5 93.5 93.5 92.9 92.9 92.9 92.9 92.9 92.9 92.9 92.9 92.9 92.9 92.9 92.9 92.9 92.9 92.9 92.9 92.9 92.9 92.9 92.9 92.9 92.9 92.9 92.9 92.9 92.9 92.9 92.9 92.9 92.9 92.9 92.9 92.9 92.9 92.9 92.9 92.9 92.9 92.9 92.9 92.9 92.9 92.9 92.9 92.9 92.9 92.9 92.9 92.9 92.9 92.9 92.9 92.9 92.9 92.9 92.9 92.9 92.9 92.9 92.9 85.5 85.5 85.5 85.5 85.5 85.5 85.5 85.5 85.5 85.5 85.5 85.5 85.5 85.5 85.5 85.5 85.5 85.5 85.5 85.5 85.5 85.5 85.5 85.5 85.5 85.5 85.5 85.5 85.5 
93.5 93.5 93.5 93.5 93.5 93.5 93.5 93.5 93.5 93.5 93.5 92.9 92.9 92.9 92.9 92.9 92.9 92.9 92.9 92.9 92.9 92.9 92.9 92.9 92.9 92.9 92.9 92.9 92.9 92.9 92.9 92.9 92.9 92.9 92.9 92.9 92.9 92.9 92.9 92.9 92.9 92.9 92.9 92.9 92.9 92.9 92.9 92.9 92.9 92.9 92.9 92.9 92.9 92.9 92.9 92.9 92.9 92.9 92.9 92.9 92.9 92.9 92.9 92.9 92.9 92.9 92.9 92.9 92.9 92.9 92.9 85.5 85.5 85.5 85.5 85.5 85.5 85.5 85.5 85.5 85.5 85.5 85.5 85.5 85.5 85.5 85.5 85.5 85.5 85.5 85.5 85.5 85.5 85.5 85.5 85.5 85.5 85.5 85.5 85.5 
93.5 93.5 93.5 93.5 93.5 93.5 93.5 93.5 93.5 93.5 93.5 92.9 92.9 92.9 92.9 92.9 92.9 92.9 92.9 92.9 92.9 92.9 92.9 92.9 92.9 92.9 92.9 92.9 92.9 92.9 92.9 92.9 92.9 92.9 92.9 92.9 92.9 92.9 92.9 92.9 92.9 92.9 92.9 92.9 92.9 92.9 92.9 92.9 92.9 92.9 92.9 92.9 92.9 92.9 92.9 92.9 92.9 92.9 92.9 92.9 92.9 92.9 92.9 92.9 92.9 92.9 92.9 92.9 92.9 92.9 92.9 85.5 85.5 85.5 85.5 85.5 85.5 85.5 85.5 85.5 85.5 85.5 85.5 85.5 85.5 85.5 85.5 85.5 85.5 85.5 85.5 85.5 85.5 85.5 85.5 85.5 85.5 85.5 85.5 85.5 
93.5 93.5 93.5 93.5 93.5 93.5 93.5 93.5 93.5 93.5 93.5 92.9 92.9 92.9 92.9 92.9 92.9 92.9 92.9 92.9 92.9 92.9 92.9 92.9 92.9 92.9 92.9 92.9 92.9 92.9 92.9 92.9 92.9 92.9 92.9 92.9 92.9 92.9 92.9 92.9 92.9 92.9 92.9 92.9 92.9 92.9 92.9 92.9 92.9 92.9 92.9 92.9 92.9 92.9 92.9 92.9 92.9 92.9 92.9 92.9 92.9 92.9 92.9 92.9 92.9 92.9 92.9 92.9 92.9 92.9 92.9 85.5 85.5 85.5 85.5 85.5 85.5 85.5 85.5 85.5 85.5 85.5 85.5 85.5 85.5 85.5 85.5 85.5 85.5 85.5 85.5 85.5 85.5 85.5 85.5 85.5 85.5 85.5 85.5 85.5 
93.5 93.5 93.5 93.5 93.5 93.5 93.5 93.5 93.5 93.5 93.5 92.9 92.9 92.9 92.9 92.9 92.9 92.9 92.9 92.9 92.9 92.9 92.9 92.9 92.9 92.9 92.9 92.9 92.9 92.9 92.9 92.9 92.9 92.9 92.9 92.9 92.9 92.9 92.9 92.9 92.9 92.9 92.9 92.9 92.9 92.9 92.9 92.9 92.9 92.9 92.9 92.9 92.9 92.9 92.9 92.9 92.9 92.9 92.9 92.9 92.9 92.9 92.9 92.9 92.9 92.9 92.9 92.9 92.9 92.9 92.9 85.5 85.5 85.5 85.5 85.5 85.5 85.5 85.5 85.5 85.5 85.5 85.5 85.5 85.5 85.5 85.5 85.5 85.5 85.5 85.5 85.5 85.5 85.5 85.5 85.5 85.5 85.5 85.5 85.5 
93.5 93.5 93.5 93.5 93.5 93.5 93.5 93.5 93.5 93.5 93.5 92.9 92.9 92.9 92.9 92.9 92.9 92.9 92.9 92.9 92.9 92.9 92.9 92.9 92.9 92.9 92.9 92.9 92.9 92.9 92.9 92.9 92.9 92.9 92.9 92.9 92.9 92.9 92.9 92.9 92.9 92.9 92.9 92.9 92.9 92.9 92.9 92.9 92.9 92.9 92.9 92.9 92.9 92.9 92.9 92.9 92.9 92.9 92.9 92.9 92.9 92.9 92.9 92.9 92.9 92.9 92.9 92.9 92.9 92.9 92.9 85.5 85.5 85.5 85.5 85.5 85.5 85.5 85.5 85.5 85.5 85.5 85.5 85.5 85.5 85.5 85.5 85.5 85.5 85.5 85.5 85.5 85.5 85.5 85.5 85.5 85.5 85.5 85.5 85.5 
93.5 93.5 93.5 93.5 93.5 93.5 93.5 93.5 93.5 93.5 93.5 92.9 92.9 92.9 92.9 92.9 92.9 92.9 92.9 92.9 92.9 92.9 92.9 92.9 92.9 92.9 92.9 92.9 92.9 92.9 92.9 92.9 92.9 92.9 92.9 92.9 92.9 92.9 92.9 92.9 92.9 92.9 92.9 92.9 92.9 92.9 92.9 92.9 92.9 92.9 92.9 92.9 92.9 92.9 92.9 92.9 92.9 92.9 92.9 92.9 92.9 92.9 92.9 92.9 92.9 92.9 92.9 92.9 92.9 92.9 92.9 85.5 85.5 85.5 85.5 85.5 85.5 85.5 85.5 85.5 85.5 85.5 85.5 85.5 85.5 85.5 85.5 85.5 85.5 85.5 85.5 85.5 85.5 85.5 85.5 85.5 85.5 85.5 85.5 85.5 
93.5 93.5 93.5 93.5 93.5 93.5 93.5 93.5 93.5 93.5 93.5 92.9 92.9 92.9 92.9 92.9 92.9 92.9 92.9 92.9 92.9 92.9 92.9 92.9 92.9 92.9 92.9 92.9 92.9 92.9 92.9 92.9 92.9 92.9 92.9 92.9 92.9 92.9 92.9 92.9 92.9 92.9 92.9 92.9 92.9 92.9 92.9 92.9 92.9 92.9 92.9 92.9 92.9 92.9 92.9 92.9 92.9 92.9 92.9 92.9 92.9 92.9 92.9 92.9 92.9 92.9 92.9 92.9 92.9 92.9 92.9 85.5 85.5 85.5 85.5 85.5 85.5 85.5 85.5 85.5 85.5 85.5 85.5 85.5 85.5 85.5 85.5 85.5 85.5 85.5 85.5 85.5 85.5 85.5 85.5 85.5 85.5 85.5 85.5 85.5 
93.5 93.5 93.5 93.5 93.5 93.5 93.5 93.5 93.5 93.5 93.5 92.9 92.9 92.9 92.9 92.9 92.9 92.9 92.9 92.9 92.9 92.9 92.9 92.9 92.9 92.9 92.9 92.9 92.9 92.9 92.9 92.9 92.9 92.9 92.9 92.9 92.9 92.9 92.9 92.9 92.9 92.9 92.9 92.9 92.9 92.9 92.9 92.9 92.9 92.9 92.9 92.9 92.9 92.9 92.9 92.9 92.9 92.9 92.9 92.9 92.9 92.9 92.9 92.9 92.9 92.9 92.9 92.9 92.9 92.9 92.9 85.5 85.5 85.5 85.5 85.5 85.5 85.5 85.5 85.5 85.5 85.5 85.5 85.5 85.5 85.5 85.5 85.5 85.5 85.5 85.5 85.5 85.5 85.5 85.5 85.5 85.5 85.5 85.5 85.5 
93.5 93.5 93.5 93.5 93.5 93.5 93.5 93.5 93.5 93.5 93.5 92.9 92.9 92.9 92.9 92.9 92.9 92.9 92.9 92.9 92.9 92.9 92.9 92.9 92.9 92.9 92.9 92.9 92.9 92.9 92.9 92.9 92.9 92.9 92.9 92.9 92.9 92.9 92.9 92.9 92.9 92.9 92.9 92.9 92.9 92.9 92.9 92.9 92.9 92.9 92.9 92.9 92.9 92.9 92.9 92.9 92.9 92.9 92.9 92.9 92.9 92.9 92.9 92.9 92.9 92.9 92.9 92.9 92.9 92.9 92.9 85.5 85.5 85.5 85.5 85.5 85.5 85.5 85.5 85.5 85.5 85.5 85.5 85.5 85.5 85.5 85.5 85.5 85.5 85.5 85.5 85.5 85.5 85.5 85.5 85.5 85.5 85.5 85.5 85.5 
93.5 93.5 93.5 93.5 93.5 93.5 93.5 93.5 93.5 93.5 93.5 92.9 92.9 92.9 92.9 92.9 92.9 92.9 92.9 92.9 92.9 92.9 92.9 92.9 92.9 92.9 92.9 92.9 92.9 92.9 92.9 92.9 92.9 92.9 92.9 92.9 92.9 92.9 92.9 92.9 92.9 92.9 92.9 92.9 92.9 92.9 92.9 92.9 92.9 92.9 92.9 92.9 92.9 92.9 92.9 92.9 92.9 92.9 92.9 92.9 92.9 92.9 92.9 92.9 92.9 92.9 92.9 92.9 92.9 92.9 92.9 85.5 85.5 85.5 85.5 85.5 85.5 85.5 85.5 85.5 85.5 85.5 85.5 85.5 85.5 85.5 85.5 85.5 85.5 85.5 85.5 85.5 85.5 85.5 85.5 85.5 85.5 85.5 85.5 85.5 
93.5 93.5 93.5 93.5 93.5 93.5 93.5 93.5 93.5 93.5 93.5 92.9 92.9 92.9 92.9 92.9 92.9 92.9 92.9 92.9 92.9 92.9 92.9 92.9 92.9 92.9 92.9 92.9 92.9 92.9 92.9 92.9 92.9 92.9 92.9 92.9 92.9 92.9 92.9 92.9 92.9 92.9 92.9 92.9 92.9 92.9 92.9 92.9 92.9 92.9 92.9 92.9 92.9 92.9 92.9 92.9 92.9 92.9 92.9 92.9 92.9 92.9 92.9 92.9 92.9 92.9 92.9 92.9 92.9 92.9 92.9 85.5 85.5 85.5 85.5 85.5 85.5 85.5 85.5 85.5 85.5 85.5 85.5 85.5 85.5 85.5 85.5 85.5 85.5 85.5 85.5 85.5 85.5 85.5 85.5 85.5 85.5 85.5 85.5 85.5 
93.5 93.5 93.5 93.5 93.5 93.5 93.5 93.5 93.5 93.5 93.5 92.9 92.9 92.9 92.9 92.9 92.9 92.9 92.9 92.9 92.9 92.9 92.9 92.9 92.9 92.9 92.9 92.9 92.9 92.9 92.9 92.9 92.9 92.9 92.9 92.9 92.9 92.9 92.9 92.9 92.9 92.9 92.9 92.9 92.9 92.9 92.9 92.9 92.9 92.9 92.9 92.9 92.9 92.9 92.9 92.9 92.9 92.9 92.9 92.9 92.9 92.9 92.9 92.9 92.9 92.9 92.9 92.9 92.9 92.9 92.9 85.5 85.5 85.5 85.5 85.5 85.5 85.5 85.5 85.5 85.5 85.5 85.5 85.5 85.5 85.5 85.5 85.5 85.5 85.5 85.5 85.5 85.5 85.5 85.5 85.5 85.5 85.5 85.5 85.5 
93.5 93.5 93.5 93.5 93.5 93.5 93.5 93.5 93.5 93.5 93.5 92.9 92.9 92.9 92.9 92.9 92.9 92.9 92.9 92.9 92.9 92.9 92.9 92.9 92.9 92.9 92.9 92.9 92.9 92.9 92.9 92.9 92.9 92.9 92.9 92.9 92.9 92.9 92.9 92.9 92.9 92.9 92.9 92.9 92.9 92.9 92.9 92.9 92.9 92.9 92.9 92.9 92.9 92.9 92.9 92.9 92.9 92.9 92.9 92.9 92.9 92.9 92.9 92.9 92.9 92.9 92.9 92.9 92.9 92.9 92.9 85.5 85.5 85.5 85.5 85.5 85.5 85.5 85.5 85.5 85.5 85.5 85.5 85.5 85.5 85.5 85.5 85.5 85.5 85.5 85.5 85.5 85.5 85.5 85.5 85.5 85.5 85.5 85.5 85.5 
93.5 93.5 93.5 93.5 93.5 93.5 93.5 93.5 93.5 93.5 93.5 92.9 92.9 92.9 92.9 92.9 92.9 92.9 92.9 92.9 92.9 92.9 92.9 92.9 92.9 92.9 92.9 92.9 92.9 92.9 92.9 92.9 92.9 92.9 92.9 92.9 92.9 92.9 92.9 92.9 92.9 92.9 92.9 92.9 92.9 92.9 92.9 92.9 92.9 92.9 92.9 92.9 92.9 92.9 92.9 92.9 92.9 92.9 92.9 92.9 92.9 92.9 92.9 92.9 92.9 92.9 92.9 92.9 92.9 92.9 92.9 85.5 85.5 85.5 85.5 85.5 85.5 85.5 85.5 85.5 85.5 85.5 85.5 85.5 85.5 85.5 85.5 85.5 85.5 85.5 85.5 85.5 85.5 85.5 85.5 85.5 85.5 85.5 85.5 85.5 
93.5 93.5 93.5 93.5 93.5 93.5 93.5 93.5 93.5 93.5 93.5 92.9 92.9 92.9 92.9 92.9 92.9 92.9 92.9 92.9 92.9 92.9 92.9 92.9 92.9 92.9 92.9 92.9 92.9 92.9 92.9 92.9 92.9 92.9 92.9 92.9 92.9 92.9 92.9 92.9 92.9 92.9 92.9 92.9 92.9 92.9 92.9 92.9 92.9 92.9 92.9 92.9 92.9 92.9 92.9 92.9 92.9 92.9 92.9 92.9 92.9 92.9 92.9 92.9 92.9 92.9 92.9 92.9 92.9 92.9 92.9 85.5 85.5 85.5 85.5 85.5 85.5 85.5 85.5 85.5 85.5 85.5 85.5 85.5 85.5 85.5 85.5 85.5 85.5 85.5 85.5 85.5 85.5 85.5 85.5 85.5 85.5 85.5 85.5 85.5 
93.5 93.5 93.5 93.5 93.5 93.5 93.5 93.5 93.5 93.5 93.5 92.9 92.9 92.9 92.9 92.9 92.9 92.9 92.9 92.9 92.9 92.9 92.9 92.9 92.9 92.9 92.9 92.9 92.9 92.9 92.9 92.9 92.9 92.9 92.9 92.9 92.9 92.9 92.9 92.9 92.9 92.9 92.9 92.9 92.9 92.9 92.9 92.9 92.9 92.9 92.9 92.9 92.9 92.9 92.9 92.9 92.9 92.9 92.9 92.9 92.9 92.9 92.9 92.9 92.9 92.9 92.9 92.9 92.9 92.9 92.9 85.5 85.5 85.5 85.5 85.5 85.5 85.5 85.5 85.5 85.5 85.5 85.5 85.5 85.5 85.5 85.5 85.5 85.5 85.5 85.5 85.5 85.5 85.5 85.5 85.5 85.5 85.5 85.5 85.5 
93.5 93.5 93.5 93.5 93.5 93.5 93.5 93.5 93.5 93.5 93.5 92.9 92.9 92.9 92.9 92.9 92.9 92.9 92.9 92.9 92.9 92.9 92.9 92.9 92.9 92.9 92.9 92.9 92.9 92.9 92.9 92.9 92.9 92.9 92.9 92.9 92.9 92.9 92.9 92.9 92.9 92.9 92.9 92.9 92.9 92.9 92.9 92.9 92.9 92.9 92.9 92.9 92.9 92.9 92.9 92.9 92.9 92.9 92.9 92.9 92.9 92.9 92.9 92.9 92.9 92.9 92.9 92.9 92.9 92.9 92.9 85.5 85.5 85.5 85.5 85.5 85.5 85.5 85.5 85.5 85.5 85.5 85.5 85.5 85.5 85.5 85.5 85.5 85.5 85.5 85.5 85.5 85.5 85.5 85.5 85.5 85.5 85.5 85.5 85.5 
93.5 93.5 93.5 93.5 93.5 93.5 93.5 93.5 93.5 93.5 93.5 92.9 92.9 92.9 92.9 92.9 92.9 92.9 92.9 92.9 92.9 92.9 92.9 92.9 92.9 92.9 92.9 92.9 92.9 92.9 92.9 92.9 92.9 92.9 92.9 92.9 92.9 92.9 92.9 92.9 92.9 92.9 92.9 92.9 92.9 92.9 92.9 92.9 92.9 92.9 92.9 92.9 92.9 92.9 92.9 92.9 92.9 92.9 92.9 92.9 92.9 92.9 92.9 92.9 92.9 92.9 92.9 92.9 92.9 92.9 92.9 85.5 85.5 85.5 85.5 85.5 85.5 85.5 85.5 85.5 85.5 85.5 85.5 85.5 85.5 85.5 85.5 85.5 85.5 85.5 85.5 85.5 85.5 85.5 85.5 85.5 85.5 85.5 85.5 85.5 
93.5 93.5 93.5 93.5 93.5 93.5 93.5 93.5 93.5 93.5 93.5 92.9 92.9 92.9 92.9 92.9 92.9 92.9 92.9 92.9 92.9 92.9 92.9 92.9 92.9 92.9 92.9 92.9 92.9 92.9 92.9 92.9 92.9 92.9 92.9 92.9 92.9 92.9 92.9 92.9 92.9 92.9 92.9 92.9 92.9 92.9 92.9 92.9 92.9 92.9 92.9 92.9 92.9 92.9 92.9 92.9 92.9 92.9 92.9 92.9 92.9 92.9 92.9 92.9 92.9 92.9 92.9 92.9 92.9 92.9 92.9 85.5 85.5 85.5 85.5 85.5 85.5 85.5 85.5 85.5 85.5 85.5 85.5 85.5 85.5 85.5 85.5 85.5 85.5 85.5 85.5 85.5 85.5 85.5 85.5 85.5 85.5 85.5 85.5 85.5 
93.5 93.5 93.5 93.5 93.5 93.5 93.5 93.5 93.5 93.5 93.5 92.9 92.9 92.9 92.9 92.9 92.9 92.9 92.9 92.9 92.9 92.9 92.9 92.9 92.9 92.9 92.9 92.9 92.9 92.9 92.9 92.9 92.9 92.9 92.9 92.9 92.9 92.9 92.9 92.9 92.9 92.9 92.9 92.9 92.9 92.9 92.9 92.9 92.9 92.9 92.9 92.9 92.9 92.9 92.9 92.9 92.9 92.9 92.9 92.9 92.9 92.9 92.9 92.9 92.9 92.9 92.9 92.9 92.9 92.9 92.9 85.5 85.5 85.5 85.5 85.5 85.5 85.5 85.5 85.5 85.5 85.5 85.5 85.5 85.5 85.5 85.5 85.5 85.5 85.5 85.5 85.5 85.5 85.5 85.5 85.5 85.5 85.5 85.5 85.5 
93.5 93.5 93.5 93.5 93.5 93.5 93.5 93.5 93.5 93.5 93.5 92.9 92.9 92.9 92.9 92.9 92.9 92.9 92.9 92.9 92.9 92.9 92.9 92.9 92.9 92.9 92.9 92.9 92.9 92.9 92.9 92.9 92.9 92.9 92.9 92.9 92.9 92.9 92.9 92.9 92.9 92.9 92.9 92.9 92.9 92.9 92.9 92.9 92.9 92.9 92.9 92.9 92.9 92.9 92.9 92.9 92.9 92.9 92.9 92.9 92.9 92.9 92.9 92.9 92.9 92.9 92.9 92.9 92.9 92.9 92.9 85.5 85.5 85.5 85.5 85.5 85.5 85.5 85.5 85.5 85.5 85.5 85.5 85.5 85.5 85.5 85.5 85.5 85.5 85.5 85.5 85.5 85.5 85.5 85.5 85.5 85.5 85.5 85.5 85.5 
93.5 93.5 93.5 93.5 93.5 93.5 93.5 93.5 93.5 93.5 93.5 92.9 92.9 92.9 92.9 92.9 92.9 92.9 92.9 92.9 92.9 92.9 92.9 92.9 92.9 92.9 92.9 92.9 92.9 92.9 92.9 92.9 92.9 92.9 92.9 92.9 92.9 92.9 92.9 92.9 92.9 92.9 92.9 92.9 92.9 92.9 92.9 92.9 92.9 92.9 92.9 92.9 92.9 92.9 92.9 92.9 92.9 92.9 92.9 92.9 92.9 92.9 92.9 92.9 92.9 92.9 92.9 92.9 92.9 92.9 92.9 85.5 85.5 85.5 85.5 85.5 85.5 85.5 85.5 85.5 85.5 85.5 85.5 85.5 85.5 85.5 85.5 85.5 85.5 85.5 85.5 85.5 85.5 85.5 85.5 85.5 85.5 85.5 85.5 85.5 
93.5 93.5 93.5 93.5 93.5 93.5 93.5 93.5 93.5 93.5 93.5 92.9 92.9 92.9 92.9 92.9 92.9 92.9 92.9 92.9 92.9 92.9 92.9 92.9 92.9 92.9 92.9 92.9 92.9 92.9 92.9 92.9 92.9 92.9 92.9 92.9 92.9 92.9 92.9 92.9 92.9 92.9 92.9 92.9 92.9 92.9 92.9 92.9 92.9 92.9 92.9 92.9 92.9 92.9 92.9 92.9 92.9 92.9 92.9 92.9 92.9 92.9 92.9 92.9 92.9 92.9 92.9 92.9 92.9 92.9 92.9 85.5 85.5 85.5 85.5 85.5 85.5 85.5 85.5 85.5 85.5 85.5 85.5 85.5 85.5 85.5 85.5 85.5 85.5 85.5 85.5 85.5 85.5 85.5 85.5 85.5 85.5 85.5 85.5 85.5 
93.5 93.5 93.5 93.5 93.5 93.5 93.5 93.5 93.5 93.5 93.5 92.9 92.9 92.9 92.9 92.9 92.9 92.9 92.9 92.9 92.9 92.9 92.9 92.9 92.9 92.9 92.9 92.9 92.9 92.9 92.9 92.9 92.9 92.9 92.9 92.9 92.9 92.9 92.9 92.9 92.9 92.9 92.9 92.9 92.9 92.9 92.9 92.9 92.9 92.9 92.9 92.9 92.9 92.9 92.9 92.9 92.9 92.9 92.9 92.9 92.9 92.9 92.9 92.9 92.9 92.9 92.9 92.9 92.9 92.9 92.9 85.5 85.5 85.5 85.5 85.5 85.5 85.5 85.5 85.5 85.5 85.5 85.5 85.5 85.5 85.5 85.5 85.5 85.5 85.5 85.5 85.5 85.5 85.5 85.5 85.5 85.5 85.5 85.5 85.5 
93.5 93.5 93.5 93.5 93.5 93.5 93.5 93.5 93.5 93.5 93.5 92.9 92.9 92.9 92.9 92.9 92.9 92.9 92.9 92.9 92.9 92.9 92.9 92.9 92.9 92.9 92.9 92.9 92.9 92.9 92.9 92.9 92.9 92.9 92.9 92.9 92.9 92.9 92.9 92.9 92.9 92.9 92.9 92.9 92.9 92.9 92.9 92.9 92.9 92.9 92.9 92.9 92.9 92.9 92.9 92.9 92.9 92.9 92.9 92.9 92.9 92.9 92.9 92.9 92.9 92.9 92.9 92.9 92.9 92.9 92.9 85.5 85.5 85.5 85.5 85.5 85.5 85.5 85.5 85.5 85.5 85.5 85.5 85.5 85.5 85.5 85.5 85.5 85.5 85.5 85.5 85.5 85.5 85.5 85.5 85.5 85.5 85.5 85.5 85.5 
