ncols         100
nrows         100
xllcorner     -59982.863281
yllcorner     1851083.022172
cellsize      1000
NODATA_value  -9999
114.6 114.6 114.6 114.6 114.6 114.6 114.6 114.6 114.6 114.6 114.6 101 101 101 101 101 101 101 101 101 101 101 101 101 101 101 101 101 101 101 101 101 101 101 101 101 101 101 101 101 101 101 101 101 101 101 101 101 101 101 101 101 101 101 101 101 101 101 101 101 101 101 101 101 101 101 101 101 101 101 101 92.9 92.9 92.9 92.9 92.9 92.9 92.9 92.9 92.9 92.9 92.9 92.9 92.9 92.9 92.9 92.9 92.9 92.9 92.9 92.9 92.9 92.9 92.9 92.9 92.9 92.9 92.9 92.9 92.9 
114.6 114.6 114.6 114.6 114.6 114.6 114.6 114.6 114.6 114.6 114.6 101 101 101 101 101 101 101 101 101 101 101 101 101 101 101 101 101 101 101 101 101 101 101 101 101 101 101 101 101 101 101 101 101 101 101 101 101 101 101 101 101 101 101 101 101 101 101 101 101 101 101 101 101 101 101 101 101 101 101 101 92.9 92.9 92.9 92.9 92.9 92.9 92.9 92.9 92.9 92.9 92.9 92.9 92.9 92.9 92.9 92.9 92.9 92.9 92.9 92.9 92.9 92.9 92.9 92.9 92.9 92.9 92.9 92.9 92.9 
114.6 114.6 114.6 114.6 114.6 114.6 114.6 114.6 114.6 114.6 114.6 101 101 101 101 101 101 101 101 101 101 101 101 101 101 101 101 101 101 101 101 101 101 101 101 101 101 101 101 101 101 101 101 101 101 101 101 101 101 101 101 101 101 101 101 101 101 101 101 101 101 101 101 101 101 101 101 101 101 101 101 92.9 92.9 92.9 92.9 92.9 92.9 92.9 92.9 92.9 92.9 92.9 92.9 92.9 92.9 92.9 92.9 92.9 92.9 92.9 92.9 92.9 92.9 92.9 92.9 92.9 92.9 92.9 92.9 92.9 
114.6 114.6 114.6 114.6 114.6 114.6 114.6 114.6 114.6 114.6 114.6 101 101 101 101 101 101 101 101 101 101 101 101 101 101 101 101 101 101 101 101 101 101 101 101 101 101 101 101 101 101 101 101 101 101 101 101 101 101 101 101 101 101 101 101 101 101 101 101 101 101 101 101 101 101 101 101 101 101 101 101 92.9 92.9 92.9 92.9 92.9 92.9 92.9 92.9 92.9 92.9 92.9 92.9 92.9 92.9 92.9 92.9 92.9 92.9 92.9 92.9 92.9 92.9 92.9 92.9 92.9 92.9 92.9 92.9 92.9 
114.6 114.6 114.6 114.6 114.6 114.6 114.6 114.6 114.6 114.6 114.6 101 101 101 101 101 101 101 101 101 101 101 101 101 101 101 101 101 101 101 101 101 101 101 101 101 101 101 101 101 101 101 101 101 101 101 101 101 101 101 101 101 101 101 101 101 101 101 101 101 101 101 101 101 101 101 101 101 101 101 101 92.9 92.9 92.9 92.9 92.9 92.9 92.9 92.9 92.9 92.9 92.9 92.9 92.9 92.9 92.9 92.9 92.9 92.9 92.9 92.9 92.9 92.9 92.9 92.9 92.9 92.9 92.9 92.9 92.9 
114.6 114.6 114.6 114.6 114.6 114.6 114.6 114.6 114.6 114.6 114.6 101 101 101 101 101 101 101 101 101 101 101 101 101 101 101 101 101 101 101 101 101 101 101 101 101 101 101 101 101 101 101 101 101 101 101 101 101 101 101 101 101 101 101 101 101 101 101 101 101 101 101 101 101 101 101 101 101 101 101 101 92.9 92.9 92.9 92.9 92.9 92.9 92.9 92.9 92.9 92.9 92.9 92.9 92.9 92.9 92.9 92.9 92.9 92.9 92.9 92.9 92.9 92.9 92.9 92.9 92.9 92.9 92.9 92.9 92.9 
114.6 114.6 114.6 114.6 114.6 114.6 114.6 114.6 114.6 114.6 114.6 101 101 101 101 101 101 101 101 101 101 101 101 101 101 101 101 101 101 101 101 101 101 101 101 101 101 101 101 101 101 101 101 101 101 101 101 101 101 101 101 101 101 101 101 101 101 101 101 101 101 101 101 101 101 101 101 101 101 101 101 92.9 92.9 92.9 92.9 92.9 92.9 92.9 92.9 92.9 92.9 92.9 92.9 92.9 92.9 92.9 92.9 92.9 92.9 92.9 92.9 92.9 92.9 92.9 92.9 92.9 92.9 92.9 92.9 92.9 
114.6 114.6 114.6 114.6 114.6 114.6 114.6 114.6 114.6 114.6 114.6 101 101 101 101 101 101 101 101 101 101 101 101 101 101 101 101 101 101 101 101 101 101 101 101 101 101 101 101 101 101 101 101 101 101 101 101 101 101 101 101 101 101 101 101 101 101 101 101 101 101 101 101 101 101 101 101 101 101 101 101 92.9 92.9 92.9 92.9 92.9 92.9 92.9 92.9 92.9 92.9 92.9 92.9 92.9 92.9 92.9 92.9 92.9 92.9 92.9 92.9 92.9 92.9 92.9 92.9 92.9 92.9 92.9 92.9 92.9 
114.6 114.6 114.6 114.6 114.6 114.6 114.6 114.6 114.6 114.6 114.6 101 101 101 101 101 101 101 101 101 101 101 101 101 101 101 101 101 101 101 101 101 101 101 101 101 101 101 101 101 101 101 101 101 101 101 101 101 101 101 101 101 101 101 101 101 101 101 101 101 101 101 101 101 101 101 101 101 101 101 101 92.9 92.9 92.9 92.9 92.9 92.9 92.9 92.9 92.9 92.9 92.9 92.9 92.9 92.9 92.9 92.9 92.9 92.9 92.9 92.9 92.9 92.9 92.9 92.9 92.9 92.9 92.9 92.9 92.9 
124.2 124.2 124.2 124.2 124.2 124.2 124.2 124.2 124.2 124.2 124.2 119.7 119.7 119.7 119.7 119.7 119.7 119.7 119.7 119.7 119.7 119.7 119.7 119.7 119.7 119.7 119.7 119.7 119.7 119.7 119.7 119.7 119.7 119.7 119.7 119.7 119.7 119.7 119.7 119.7 119.7 119.7 119.7 119.7 119.7 119.7 119.7 119.7 119.7 119.7 119.7 119.7 119.7 119.7 119.7 119.7 119.7 119.7 119.7 119.7 119.7 119.7 119.7 119.7 119.7 119.7 119.7 119.7 119.7 119.7 119.7 109.7 109.7 109.7 109.7 109.7 109.7 109.7 109.7 109.7 109.7 109.7 109.7 109.7 109.7 109.7 109.7 109.7 109.7 109.7 109.7 109.7 109.7 109.7 109.7 109.7 109.7 109.7 109.7 109.7 
124.2 124.2 124.2 124.2 124.2 124.2 124.2 124.2 124.2 124.2 124.2 119.7 119.7 119.7 119.7 119.7 119.7 119.7 119.7 119.7 119.7 119.7 119.7 119.7 119.7 119.7 119.7 119.7 119.7 119.7 119.7 119.7 119.7 119.7 119.7 119.7 119.7 119.7 119.7 119.7 119.7 119.7 119.7 119.7 119.7 119.7 119.7 119.7 119.7 119.7 119.7 119.7 119.7 119.7 119.7 119.7 119.7 119.7 119.7 119.7 119.7 119.7 119.7 119.7 119.7 119.7 119.7 119.7 119.7 119.7 119.7 109.7 109.7 109.7 109.7 109.7 109.7 109.7 109.7 109.7 109.7 109.7 109.7 109.7 109.7 109.7 109.7 109.7 109.7 109.7 109.7 109.7 109.7 109.7 109.7 109.7 109.7 109.7 109.7 109.7 
124.2 124.2 124.2 124.2 124.2 124.2 124.2 124.2 124.2 124.2 124.2 119.7 119.7 119.7 119.7 119.7 119.7 119.7 119.7 119.7 119.7 119.7 119.7 119.7 119.7 119.7 119.7 119.7 119.7 119.7 119.7 119.7 119.7 119.7 119.7 119.7 119.7 119.7 119.7 119.7 119.7 119.7 119.7 119.7 119.7 119.7 119.7 119.7 119.7 119.7 119.7 119.7 119.7 119.7 119.7 119.7 119.7 119.7 119.7 119.7 119.7 119.7 119.7 119.7 119.7 119.7 119.7 119.7 119.7 119.7 119.7 109.7 109.7 109.7 109.7 109.7 109.7 109.7 109.7 109.7 109.7 109.7 109.7 109.7 109.7 109.7 109.7 109.7 109.7 109.7 109.7 109.7 109.7 109.7 109.7 109.7 109.7 109.7 109.7 109.7 
124.2 124.2 124.2 124.2 124.2 124.2 124.2 124.2 124.2 124.2 124.2 119.7 119.7 119.7 119.7 119.7 119.7 119.7 119.7 119.7 119.7 119.7 119.7 119.7 119.7 119.7 119.7 119.7 119.7 119.7 119.7 119.7 119.7 119.7 119.7 119.7 119.7 119.7 119.7 119.7 119.7 119.7 119.7 119.7 119.7 119.7 119.7 119.7 119.7 119.7 119.7 119.7 119.7 119.7 119.7 119.7 119.7 119.7 119.7 119.7 119.7 119.7 119.7 119.7 119.7 119.7 119.7 119.7 119.7 119.7 119.7 109.7 109.7 109.7 109.7 109.7 109.7 109.7 109.7 109.7 109.7 109.7 109.7 109.7 109.7 109.7 109.7 109.7 109.7 109.7 109.7 109.7 109.7 109.7 109.7 109.7 109.7 109.7 109.7 109.7 
124.2 124.2 124.2 124.2 124.2 124.2 124.2 124.2 124.2 124.2 124.2 119.7 119.7 119.7 119.7 119.7 119.7 119.7 119.7 119.7 119.7 119.7 119.7 119.7 119.7 119.7 119.7 119.7 119.7 119.7 119.7 119.7 119.7 119.7 119.7 119.7 119.7 119.7 119.7 119.7 119.7 119.7 119.7 119.7 119.7 119.7 119.7 119.7 119.7 119.7 119.7 119.7 119.7 119.7 119.7 119.7 119.7 119.7 119.7 119.7 119.7 119.7 119.7 119.7 119.7 119.7 119.7 119.7 119.7 119.7 119.7 109.7 109.7 109.7 109.7 109.7 109.7 109.7 109.7 109.7 109.7 109.7 109.7 109.7 109.7 109.7 109.7 109.7 109.7 109.7 109.7 109.7 109.7 109.7 109.7 109.7 109.7 109.7 109.7 109.7 
124.2 124.2 124.2 124.2 124.2 124.2 124.2 124.2 124.2 124.2 124.2 119.7 119.7 119.7 119.7 119.7 119.7 119.7 119.7 119.7 119.7 119.7 119.7 119.7 119.7 119.7 119.7 119.7 119.7 119.7 119.7 119.7 119.7 119.7 119.7 119.7 119.7 119.7 119.7 119.7 119.7 119.7 119.7 119.7 119.7 119.7 119.7 119.7 119.7 119.7 119.7 119.7 119.7 119.7 119.7 119.7 119.7 119.7 119.7 119.7 119.7 119.7 119.7 119.7 119.7 119.7 119.7 119.7 119.7 119.7 119.7 109.7 109.7 109.7 109.7 109.7 109.7 109.7 109.7 109.7 109.7 109.7 109.7 109.7 109.7 109.7 109.7 109.7 109.7 109.7 109.7 109.7 109.7 109.7 109.7 109.7 109.7 109.7 109.7 109.7 
124.2 124.2 124.2 124.2 124.2 124.2 124.2 124.2 124.2 124.2 124.2 119.7 119.7 119.7 119.7 119.7 119.7 119.7 119.7 119.7 119.7 119.7 119.7 119.7 119.7 119.7 119.7 119.7 119.7 119.7 119.7 119.7 119.7 119.7 119.7 119.7 119.7 119.7 119.7 119.7 119.7 119.7 119.7 119.7 119.7 119.7 119.7 119.7 119.7 119.7 119.7 119.7 119.7 119.7 119.7 119.7 119.7 119.7 119.7 119.7 119.7 119.7 119.7 119.7 119.7 119.7 119.7 119.7 119.7 119.7 119.7 109.7 109.7 109.7 109.7 109.7 109.7 109.7 109.7 109.7 109.7 109.7 109.7 109.7 109.7 109.7 109.7 109.7 109.7 109.7 109.7 109.7 109.7 109.7 109.7 109.7 109.7 109.7 109.7 109.7 
124.2 124.2 124.2 124.2 124.2 124.2 124.2 124.2 124.2 124.2 124.2 119.7 119.7 119.7 119.7 119.7 119.7 119.7 119.7 119.7 119.7 119.7 119.7 119.7 119.7 119.7 119.7 119.7 119.7 119.7 119.7 119.7 119.7 119.7 119.7 119.7 119.7 119.7 119.7 119.7 119.7 119.7 119.7 119.7 119.7 119.7 119.7 119.7 119.7 119.7 119.7 119.7 119.7 119.7 119.7 119.7 119.7 119.7 119.7 119.7 119.7 119.7 119.7 119.7 119.7 119.7 119.7 119.7 119.7 119.7 119.7 109.7 109.7 109.7 109.7 109.7 109.7 109.7 109.7 109.7 109.7 109.7 109.7 109.7 109.7 109.7 109.7 109.7 109.7 109.7 109.7 109.7 109.7 109.7 109.7 109.7 109.7 109.7 109.7 109.7 
124.2 124.2 124.2 124.2 124.2 124.2 124.2 124.2 124.2 124.2 124.2 119.7 119.7 119.7 119.7 119.7 119.7 119.7 119.7 119.7 119.7 119.7 119.7 119.7 119.7 119.7 119.7 119.7 119.7 119.7 119.7 119.7 119.7 119.7 119.7 119.7 119.7 119.7 119.7 119.7 119.7 119.7 119.7 119.7 119.7 119.7 119.7 119.7 119.7 119.7 119.7 119.7 119.7 119.7 119.7 119.7 119.7 119.7 119.7 119.7 119.7 119.7 119.7 119.7 119.7 119.7 119.7 119.7 119.7 119.7 119.7 109.7 109.7 109.7 109.7 109.7 109.7 109.7 109.7 109.7 109.7 109.7 109.7 109.7 109.7 109.7 109.7 109.7 109.7 109.7 109.7 109.7 109.7 109.7 109.7 109.7 109.7 109.7 109.7 109.7 
124.2 124.2 124.2 124.2 124.2 124.2 124.2 124.2 124.2 124.2 124.2 119.7 119.7 119.7 119.7 119.7 119.7 119.7 119.7 119.7 119.7 119.7 119.7 119.7 119.7 119.7 119.7 119.7 119.7 119.7 119.7 119.7 119.7 119.7 119.7 119.7 119.7 119.7 119.7 119.7 119.7 119.7 119.7 119.7 119.7 119.7 119.7 119.7 119.7 119.7 119.7 119.7 119.7 119.7 119.7 119.7 119.7 119.7 119.7 119.7 119.7 119.7 119.7 119.7 119.7 119.7 119.7 119.7 119.7 119.7 119.7 109.7 109.7 109.7 109.7 109.7 109.7 109.7 109.7 109.7 109.7 109.7 109.7 109.7 109.7 109.7 109.7 109.7 109.7 109.7 109.7 109.7 109.7 109.7 109.7 109.7 109.7 109.7 109.7 109.7 
124.2 124.2 124.2 124.2 124.2 124.2 124.2 124.2 124.2 124.2 124.2 119.7 119.7 119.7 119.7 119.7 119.7 119.7 119.7 119.7 119.7 119.7 119.7 119.7 119.7 119.7 119.7 119.7 119.7 119.7 119.7 119.7 119.7 119.7 119.7 119.7 119.7 119.7 119.7 119.7 119.7 119.7 119.7 119.7 119.7 119.7 119.7 119.7 119.7 119.7 119.7 119.7 119.7 119.7 119.7 119.7 119.7 119.7 119.7 119.7 119.7 119.7 119.7 119.7 119.7 119.7 119.7 119.7 119.7 119.7 119.7 109.7 109.7 109.7 109.7 109.7 109.7 109.7 109.7 109.7 109.7 109.7 109.7 109.7 109.7 109.7 109.7 109.7 109.7 109.7 109.7 109.7 109.7 109.7 109.7 109.7 109.7 109.7 109.7 109.7 
124.2 124.2 124.2 124.2 124.2 124.2 124.2 124.2 124.2 124.2 124.2 119.7 119.7 119.7 119.7 119.7 119.7 119.7 119.7 119.7 119.7 119.7 119.7 119.7 119.7 119.7 119.7 119.7 119.7 119.7 119.7 119.7 119.7 119.7 119.7 119.7 119.7 119.7 119.7 119.7 119.7 119.7 119.7 119.7 119.7 119.7 119.7 119.7 119.7 119.7 119.7 119.7 119.7 119.7 119.7 119.7 119.7 119.7 119.7 119.7 119.7 119.7 119.7 119.7 119.7 119.7 119.7 119.7 119.7 119.7 119.7 109.7 109.7 109.7 109.7 109.7 109.7 109.7 109.7 109.7 109.7 109.7 109.7 109.7 109.7 109.7 109.7 109.7 109.7 109.7 109.7 109.7 109.7 109.7 109.7 109.7 109.7 109.7 109.7 109.7 
124.2 124.2 124.2 124.2 124.2 124.2 124.2 124.2 124.2 124.2 124.2 119.7 119.7 119.7 119.7 119.7 119.7 119.7 119.7 119.7 119.7 119.7 119.7 119.7 119.7 119.7 119.7 119.7 119.7 119.7 119.7 119.7 119.7 119.7 119.7 119.7 119.7 119.7 119.7 119.7 119.7 119.7 119.7 119.7 119.7 119.7 119.7 119.7 119.7 119.7 119.7 119.7 119.7 119.7 119.7 119.7 119.7 119.7 119.7 119.7 119.7 119.7 119.7 119.7 119.7 119.7 119.7 119.7 119.7 119.7 119.7 109.7 109.7 109.7 109.7 109.7 109.7 109.7 109.7 109.7 109.7 109.7 109.7 109.7 109.7 109.7 109.7 109.7 109.7 109.7 109.7 109.7 109.7 109.7 109.7 109.7 109.7 109.7 109.7 109.7 
124.2 124.2 124.2 124.2 124.2 124.2 124.2 124.2 124.2 124.2 124.2 119.7 119.7 119.7 119.7 119.7 119.7 119.7 119.7 119.7 119.7 119.7 119.7 119.7 119.7 119.7 119.7 119.7 119.7 119.7 119.7 119.7 119.7 119.7 119.7 119.7 119.7 119.7 119.7 119.7 119.7 119.7 119.7 119.7 119.7 119.7 119.7 119.7 119.7 119.7 119.7 119.7 119.7 119.7 119.7 119.7 119.7 119.7 119.7 119.7 119.7 119.7 119.7 119.7 119.7 119.7 119.7 119.7 119.7 119.7 119.7 109.7 109.7 109.7 109.7 109.7 109.7 109.7 109.7 109.7 109.7 109.7 109.7 109.7 109.7 109.7 109.7 109.7 109.7 109.7 109.7 109.7 109.7 109.7 109.7 109.7 109.7 109.7 109.7 109.7 
124.2 124.2 124.2 124.2 124.2 124.2 124.2 124.2 124.2 124.2 124.2 119.7 119.7 119.7 119.7 119.7 119.7 119.7 119.7 119.7 119.7 119.7 119.7 119.7 119.7 119.7 119.7 119.7 119.7 119.7 119.7 119.7 119.7 119.7 119.7 119.7 119.7 119.7 119.7 119.7 119.7 119.7 119.7 119.7 119.7 119.7 119.7 119.7 119.7 119.7 119.7 119.7 119.7 119.7 119.7 119.7 119.7 119.7 119.7 119.7 119.7 119.7 119.7 119.7 119.7 119.7 119.7 119.7 119.7 119.7 119.7 109.7 109.7 109.7 109.7 109.7 109.7 109.7 109.7 109.7 109.7 109.7 109.7 109.7 109.7 109.7 109.7 109.7 109.7 109.7 109.7 109.7 109.7 109.7 109.7 109.7 109.7 109.7 109.7 109.7 
124.2 124.2 124.2 124.2 124.2 124.2 124.2 124.2 124.2 124.2 124.2 119.7 119.7 119.7 119.7 119.7 119.7 119.7 119.7 119.7 119.7 119.7 119.7 119.7 119.7 119.7 119.7 119.7 119.7 119.7 119.7 119.7 119.7 119.7 119.7 119.7 119.7 119.7 119.7 119.7 119.7 119.7 119.7 119.7 119.7 119.7 119.7 119.7 119.7 119.7 119.7 119.7 119.7 119.7 119.7 119.7 119.7 119.7 119.7 119.7 119.7 119.7 119.7 119.7 119.7 119.7 119.7 119.7 119.7 119.7 119.7 109.7 109.7 109.7 109.7 109.7 109.7 109.7 109.7 109.7 109.7 109.7 109.7 109.7 109.7 109.7 109.7 109.7 109.7 109.7 109.7 109.7 109.7 109.7 109.7 109.7 109.7 109.7 109.7 109.7 
124.2 124.2 124.2 124.2 124.2 124.2 124.2 124.2 124.2 124.2 124.2 119.7 119.7 119.7 119.7 119.7 119.7 119.7 119.7 119.7 119.7 119.7 119.7 119.7 119.7 119.7 119.7 119.7 119.7 119.7 119.7 119.7 119.7 119.7 119.7 119.7 119.7 119.7 119.7 119.7 119.7 119.7 119.7 119.7 119.7 119.7 119.7 119.7 119.7 119.7 119.7 119.7 119.7 119.7 119.7 119.7 119.7 119.7 119.7 119.7 119.7 119.7 119.7 119.7 119.7 119.7 119.7 119.7 119.7 119.7 119.7 109.7 109.7 109.7 109.7 109.7 109.7 109.7 109.7 109.7 109.7 109.7 109.7 109.7 109.7 109.7 109.7 109.7 109.7 109.7 109.7 109.7 109.7 109.7 109.7 109.7 109.7 109.7 109.7 109.7 
124.2 124.2 124.2 124.2 124.2 124.2 124.2 124.2 124.2 124.2 124.2 119.7 119.7 119.7 119.7 119.7 119.7 119.7 119.7 119.7 119.7 119.7 119.7 119.7 119.7 119.7 119.7 119.7 119.7 119.7 119.7 119.7 119.7 119.7 119.7 119.7 119.7 119.7 119.7 119.7 119.7 119.7 119.7 119.7 119.7 119.7 119.7 119.7 119.7 119.7 119.7 119.7 119.7 119.7 119.7 119.7 119.7 119.7 119.7 119.7 119.7 119.7 119.7 119.7 119.7 119.7 119.7 119.7 119.7 119.7 119.7 109.7 109.7 109.7 109.7 109.7 109.7 109.7 109.7 109.7 109.7 109.7 109.7 109.7 109.7 109.7 109.7 109.7 109.7 109.7 109.7 109.7 109.7 109.7 109.7 109.7 109.7 109.7 109.7 109.7 
124.2 124.2 124.2 124.2 124.2 124.2 124.2 124.2 124.2 124.2 124.2 119.7 119.7 119.7 119.7 119.7 119.7 119.7 119.7 119.7 119.7 119.7 119.7 119.7 119.7 119.7 119.7 119.7 119.7 119.7 119.7 119.7 119.7 119.7 119.7 119.7 119.7 119.7 119.7 119.7 119.7 119.7 119.7 119.7 119.7 119.7 119.7 119.7 119.7 119.7 119.7 119.7 119.7 119.7 119.7 119.7 119.7 119.7 119.7 119.7 119.7 119.7 119.7 119.7 119.7 119.7 119.7 119.7 119.7 119.7 119.7 109.7 109.7 109.7 109.7 109.7 109.7 109.7 109.7 109.7 109.7 109.7 109.7 109.7 109.7 109.7 109.7 109.7 109.7 109.7 109.7 109.7 109.7 109.7 109.7 109.7 109.7 109.7 109.7 109.7 
124.2 124.2 124.2 124.2 124.2 124.2 124.2 124.2 124.2 124.2 124.2 119.7 119.7 119.7 119.7 119.7 119.7 119.7 119.7 119.7 119.7 119.7 119.7 119.7 119.7 119.7 119.7 119.7 119.7 119.7 119.7 119.7 119.7 119.7 119.7 119.7 119.7 119.7 119.7 119.7 119.7 119.7 119.7 119.7 119.7 119.7 119.7 119.7 119.7 119.7 119.7 119.7 119.7 119.7 119.7 119.7 119.7 119.7 119.7 119.7 119.7 119.7 119.7 119.7 119.7 119.7 119.7 119.7 119.7 119.7 119.7 109.7 109.7 109.7 109.7 109.7 109.7 109.7 109.7 109.7 109.7 109.7 109.7 109.7 109.7 109.7 109.7 109.7 109.7 109.7 109.7 109.7 109.7 109.7 109.7 109.7 109.7 109.7 109.7 109.7 
124.2 124.2 124.2 124.2 124.2 124.2 124.2 124.2 124.2 124.2 124.2 119.7 119.7 119.7 119.7 119.7 119.7 119.7 119.7 119.7 119.7 119.7 119.7 119.7 119.7 119.7 119.7 119.7 119.7 119.7 119.7 119.7 119.7 119.7 119.7 119.7 119.7 119.7 119.7 119.7 119.7 119.7 119.7 119.7 119.7 119.7 119.7 119.7 119.7 119.7 119.7 119.7 119.7 119.7 119.7 119.7 119.7 119.7 119.7 119.7 119.7 119.7 119.7 119.7 119.7 119.7 119.7 119.7 119.7 119.7 119.7 109.7 109.7 109.7 109.7 109.7 109.7 109.7 109.7 109.7 109.7 109.7 109.7 109.7 109.7 109.7 109.7 109.7 109.7 109.7 109.7 109.7 109.7 109.7 109.7 109.7 109.7 109.7 109.7 109.7 
124.2 124.2 124.2 124.2 124.2 124.2 124.2 124.2 124.2 124.2 124.2 119.7 119.7 119.7 119.7 119.7 119.7 119.7 119.7 119.7 119.7 119.7 119.7 119.7 119.7 119.7 119.7 119.7 119.7 119.7 119.7 119.7 119.7 119.7 119.7 119.7 119.7 119.7 119.7 119.7 119.7 119.7 119.7 119.7 119.7 119.7 119.7 119.7 119.7 119.7 119.7 119.7 119.7 119.7 119.7 119.7 119.7 119.7 119.7 119.7 119.7 119.7 119.7 119.7 119.7 119.7 119.7 119.7 119.7 119.7 119.7 109.7 109.7 109.7 109.7 109.7 109.7 109.7 109.7 109.7 109.7 109.7 109.7 109.7 109.7 109.7 109.7 109.7 109.7 109.7 109.7 109.7 109.7 109.7 109.7 109.7 109.7 109.7 109.7 109.7 
124.2 124.2 124.2 124.2 124.2 124.2 124.2 124.2 124.2 124.2 124.2 119.7 119.7 119.7 119.7 119.7 119.7 119.7 119.7 119.7 119.7 119.7 119.7 119.7 119.7 119.7 119.7 119.7 119.7 119.7 119.7 119.7 119.7 119.7 119.7 119.7 119.7 119.7 119.7 119.7 119.7 119.7 119.7 119.7 119.7 119.7 119.7 119.7 119.7 119.7 119.7 119.7 119.7 119.7 119.7 119.7 119.7 119.7 119.7 119.7 119.7 119.7 119.7 119.7 119.7 119.7 119.7 119.7 119.7 119.7 119.7 109.7 109.7 109.7 109.7 109.7 109.7 109.7 109.7 109.7 109.7 109.7 109.7 109.7 109.7 109.7 109.7 109.7 109.7 109.7 109.7 109.7 109.7 109.7 109.7 109.7 109.7 109.7 109.7 109.7 
124.2 124.2 124.2 124.2 124.2 124.2 124.2 124.2 124.2 124.2 124.2 119.7 119.7 119.7 119.7 119.7 119.7 119.7 119.7 119.7 119.7 119.7 119.7 119.7 119.7 119.7 119.7 119.7 119.7 119.7 119.7 119.7 119.7 119.7 119.7 119.7 119.7 119.7 119.7 119.7 119.7 119.7 119.7 119.7 119.7 119.7 119.7 119.7 119.7 119.7 119.7 119.7 119.7 119.7 119.7 119.7 119.7 119.7 119.7 119.7 119.7 119.7 119.7 119.7 119.7 119.7 119.7 119.7 119.7 119.7 119.7 109.7 109.7 109.7 109.7 109.7 109.7 109.7 109.7 109.7 109.7 109.7 109.7 109.7 109.7 109.7 109.7 109.7 109.7 109.7 109.7 109.7 109.7 109.7 109.7 109.7 109.7 109.7 109.7 109.7 
124.2 124.2 124.2 124.2 124.2 124.2 124.2 124.2 124.2 124.2 124.2 119.7 119.7 119.7 119.7 119.7 119.7 119.7 119.7 119.7 119.7 119.7 119.7 119.7 119.7 119.7 119.7 119.7 119.7 119.7 119.7 119.7 119.7 119.7 119.7 119.7 119.7 119.7 119.7 119.7 119.7 119.7 119.7 119.7 119.7 119.7 119.7 119.7 119.7 119.7 119.7 119.7 119.7 119.7 119.7 119.7 119.7 119.7 119.7 119.7 119.7 119.7 119.7 119.7 119.7 119.7 119.7 119.7 119.7 119.7 119.7 109.7 109.7 109.7 109.7 109.7 109.7 109.7 109.7 109.7 109.7 109.7 109.7 109.7 109.7 109.7 109.7 109.7 109.7 109.7 109.7 109.7 109.7 109.7 109.7 109.7 109.7 109.7 109.7 109.7 
124.2 124.2 124.2 124.2 124.2 124.2 124.2 124.2 124.2 124.2 124.2 119.7 119.7 119.7 119.7 119.7 119.7 119.7 119.7 119.7 119.7 119.7 119.7 119.7 119.7 119.7 119.7 119.7 119.7 119.7 119.7 119.7 119.7 119.7 119.7 119.7 119.7 119.7 119.7 119.7 119.7 119.7 119.7 119.7 119.7 119.7 119.7 119.7 119.7 119.7 119.7 119.7 119.7 119.7 119.7 119.7 119.7 119.7 119.7 119.7 119.7 119.7 119.7 119.7 119.7 119.7 119.7 119.7 119.7 119.7 119.7 109.7 109.7 109.7 109.7 109.7 109.7 109.7 109.7 109.7 109.7 109.7 109.7 109.7 109.7 109.7 109.7 109.7 109.7 109.7 109.7 109.7 109.7 109.7 109.7 109.7 109.7 109.7 109.7 109.7 
124.2 124.2 124.2 124.2 124.2 124.2 124.2 124.2 124.2 124.2 124.2 119.7 119.7 119.7 119.7 119.7 119.7 119.7 119.7 119.7 119.7 119.7 119.7 119.7 119.7 119.7 119.7 119.7 119.7 119.7 119.7 119.7 119.7 119.7 119.7 119.7 119.7 119.7 119.7 119.7 119.7 119.7 119.7 119.7 119.7 119.7 119.7 119.7 119.7 119.7 119.7 119.7 119.7 119.7 119.7 119.7 119.7 119.7 119.7 119.7 119.7 119.7 119.7 119.7 119.7 119.7 119.7 119.7 119.7 119.7 119.7 109.7 109.7 109.7 109.7 109.7 109.7 109.7 109.7 109.7 109.7 109.7 109.7 109.7 109.7 109.7 109.7 109.7 109.7 109.7 109.7 109.7 109.7 109.7 109.7 109.7 109.7 109.7 109.7 109.7 
124.2 124.2 124.2 124.2 124.2 124.2 124.2 124.2 124.2 124.2 124.2 119.7 119.7 119.7 119.7 119.7 119.7 119.7 119.7 119.7 119.7 119.7 119.7 119.7 119.7 119.7 119.7 119.7 119.7 119.7 119.7 119.7 119.7 119.7 119.7 119.7 119.7 119.7 119.7 119.7 119.7 119.7 119.7 119.7 119.7 119.7 119.7 119.7 119.7 119.7 119.7 119.7 119.7 119.7 119.7 119.7 119.7 119.7 119.7 119.7 119.7 119.7 119.7 119.7 119.7 119.7 119.7 119.7 119.7 119.7 119.7 109.7 109.7 109.7 109.7 109.7 109.7 109.7 109.7 109.7 109.7 109.7 109.7 109.7 109.7 109.7 109.7 109.7 109.7 109.7 109.7 109.7 109.7 109.7 109.7 109.7 109.7 109.7 109.7 109.7 
124.2 124.2 124.2 124.2 124.2 124.2 124.2 124.2 124.2 124.2 124.2 119.7 119.7 119.7 119.7 119.7 119.7 119.7 119.7 119.7 119.7 119.7 119.7 119.7 119.7 119.7 119.7 119.7 119.7 119.7 119.7 119.7 119.7 119.7 119.7 119.7 119.7 119.7 119.7 119.7 119.7 119.7 119.7 119.7 119.7 119.7 119.7 119.7 119.7 119.7 119.7 119.7 119.7 119.7 119.7 119.7 119.7 119.7 119.7 119.7 119.7 119.7 119.7 119.7 119.7 119.7 119.7 119.7 119.7 119.7 119.7 109.7 109.7 109.7 109.7 109.7 109.7 109.7 109.7 109.7 109.7 109.7 109.7 109.7 109.7 109.7 109.7 109.7 109.7 109.7 109.7 109.7 109.7 109.7 109.7 109.7 109.7 109.7 109.7 109.7 
124.2 124.2 124.2 124.2 124.2 124.2 124.2 124.2 124.2 124.2 124.2 119.7 119.7 119.7 119.7 119.7 119.7 119.7 119.7 119.7 119.7 119.7 119.7 119.7 119.7 119.7 119.7 119.7 119.7 119.7 119.7 119.7 119.7 119.7 119.7 119.7 119.7 119.7 119.7 119.7 119.7 119.7 119.7 119.7 119.7 119.7 119.7 119.7 119.7 119.7 119.7 119.7 119.7 119.7 119.7 119.7 119.7 119.7 119.7 119.7 119.7 119.7 119.7 119.7 119.7 119.7 119.7 119.7 119.7 119.7 119.7 109.7 109.7 109.7 109.7 109.7 109.7 109.7 109.7 109.7 109.7 109.7 109.7 109.7 109.7 109.7 109.7 109.7 109.7 109.7 109.7 109.7 109.7 109.7 109.7 109.7 109.7 109.7 109.7 109.7 
124.2 124.2 124.2 124.2 124.2 124.2 124.2 124.2 124.2 124.2 124.2 119.7 119.7 119.7 119.7 119.7 119.7 119.7 119.7 119.7 119.7 119.7 119.7 119.7 119.7 119.7 119.7 119.7 119.7 119.7 119.7 119.7 119.7 119.7 119.7 119.7 119.7 119.7 119.7 119.7 119.7 119.7 119.7 119.7 119.7 119.7 119.7 119.7 119.7 119.7 119.7 119.7 119.7 119.7 119.7 119.7 119.7 119.7 119.7 119.7 119.7 119.7 119.7 119.7 119.7 119.7 119.7 119.7 119.7 119.7 119.7 109.7 109.7 109.7 109.7 109.7 109.7 109.7 109.7 109.7 109.7 109.7 109.7 109.7 109.7 109.7 109.7 109.7 109.7 109.7 109.7 109.7 109.7 109.7 109.7 109.7 109.7 109.7 109.7 109.7 
124.2 124.2 124.2 124.2 124.2 124.2 124.2 124.2 124.2 124.2 124.2 119.7 119.7 119.7 119.7 119.7 119.7 119.7 119.7 119.7 119.7 119.7 119.7 119.7 119.7 119.7 119.7 119.7 119.7 119.7 119.7 119.7 119.7 119.7 119.7 119.7 119.7 119.7 119.7 119.7 119.7 119.7 119.7 119.7 119.7 119.7 119.7 119.7 119.7 119.7 119.7 119.7 119.7 119.7 119.7 119.7 119.7 119.7 119.7 119.7 119.7 119.7 119.7 119.7 119.7 119.7 119.7 119.7 119.7 119.7 119.7 109.7 109.7 109.7 109.7 109.7 109.7 109.7 109.7 109.7 109.7 109.7 109.7 109.7 109.7 109.7 109.7 109.7 109.7 109.7 109.7 109.7 109.7 109.7 109.7 109.7 109.7 109.7 109.7 109.7 
124.2 124.2 124.2 124.2 124.2 124.2 124.2 124.2 124.2 124.2 124.2 119.7 119.7 119.7 119.7 119.7 119.7 119.7 119.7 119.7 119.7 119.7 119.7 119.7 119.7 119.7 119.7 119.7 119.7 119.7 119.7 119.7 119.7 119.7 119.7 119.7 119.7 119.7 119.7 119.7 119.7 119.7 119.7 119.7 119.7 119.7 119.7 119.7 119.7 119.7 119.7 119.7 119.7 119.7 119.7 119.7 119.7 119.7 119.7 119.7 119.7 119.7 119.7 119.7 119.7 119.7 119.7 119.7 119.7 119.7 119.7 109.7 109.7 109.7 109.7 109.7 109.7 109.7 109.7 109.7 109.7 109.7 109.7 109.7 109.7 109.7 109.7 109.7 109.7 109.7 109.7 109.7 109.7 109.7 109.7 109.7 109.7 109.7 109.7 109.7 
124.2 124.2 124.2 124.2 124.2 124.2 124.2 124.2 124.2 124.2 124.2 119.7 119.7 119.7 119.7 119.7 119.7 119.7 119.7 119.7 119.7 119.7 119.7 119.7 119.7 119.7 119.7 119.7 119.7 119.7 119.7 119.7 119.7 119.7 119.7 119.7 119.7 119.7 119.7 119.7 119.7 119.7 119.7 119.7 119.7 119.7 119.7 119.7 119.7 119.7 119.7 119.7 119.7 119.7 119.7 119.7 119.7 119.7 119.7 119.7 119.7 119.7 119.7 119.7 119.7 119.7 119.7 119.7 119.7 119.7 119.7 109.7 109.7 109.7 109.7 109.7 109.7 109.7 109.7 109.7 109.7 109.7 109.7 109.7 109.7 109.7 109.7 109.7 109.7 109.7 109.7 109.7 109.7 109.7 109.7 109.7 109.7 109.7 109.7 109.7 
124.2 124.2 124.2 124.2 124.2 124.2 124.2 124.2 124.2 124.2 124.2 119.7 119.7 119.7 119.7 119.7 119.7 119.7 119.7 119.7 119.7 119.7 119.7 119.7 119.7 119.7 119.7 119.7 119.7 119.7 119.7 119.7 119.7 119.7 119.7 119.7 119.7 119.7 119.7 119.7 119.7 119.7 119.7 119.7 119.7 119.7 119.7 119.7 119.7 119.7 119.7 119.7 119.7 119.7 119.7 119.7 119.7 119.7 119.7 119.7 119.7 119.7 119.7 119.7 119.7 119.7 119.7 119.7 119.7 119.7 119.7 109.7 109.7 109.7 109.7 109.7 109.7 109.7 109.7 109.7 109.7 109.7 109.7 109.7 109.7 109.7 109.7 109.7 109.7 109.7 109.7 109.7 109.7 109.7 109.7 109.7 109.7 109.7 109.7 109.7 
124.2 124.2 124.2 124.2 124.2 124.2 124.2 124.2 124.2 124.2 124.2 119.7 119.7 119.7 119.7 119.7 119.7 119.7 119.7 119.7 119.7 119.7 119.7 119.7 119.7 119.7 119.7 119.7 119.7 119.7 119.7 119.7 119.7 119.7 119.7 119.7 119.7 119.7 119.7 119.7 119.7 119.7 119.7 119.7 119.7 119.7 119.7 119.7 119.7 119.7 119.7 119.7 119.7 119.7 119.7 119.7 119.7 119.7 119.7 119.7 119.7 119.7 119.7 119.7 119.7 119.7 119.7 119.7 119.7 119.7 119.7 109.7 109.7 109.7 109.7 109.7 109.7 109.7 109.7 109.7 109.7 109.7 109.7 109.7 109.7 109.7 109.7 109.7 109.7 109.7 109.7 109.7 109.7 109.7 109.7 109.7 109.7 109.7 109.7 109.7 
124.2 124.2 124.2 124.2 124.2 124.2 124.2 124.2 124.2 124.2 124.2 119.7 119.7 119.7 119.7 119.7 119.7 119.7 119.7 119.7 119.7 119.7 119.7 119.7 119.7 119.7 119.7 119.7 119.7 119.7 119.7 119.7 119.7 119.7 119.7 119.7 119.7 119.7 119.7 119.7 119.7 119.7 119.7 119.7 119.7 119.7 119.7 119.7 119.7 119.7 119.7 119.7 119.7 119.7 119.7 119.7 119.7 119.7 119.7 119.7 119.7 119.7 119.7 119.7 119.7 119.7 119.7 119.7 119.7 119.7 119.7 109.7 109.7 109.7 109.7 109.7 109.7 109.7 109.7 109.7 109.7 109.7 109.7 109.7 109.7 109.7 109.7 109.7 109.7 109.7 109.7 109.7 109.7 109.7 109.7 109.7 109.7 109.7 109.7 109.7 
124.2 124.2 124.2 124.2 124.2 124.2 124.2 124.2 124.2 124.2 124.2 119.7 119.7 119.7 119.7 119.7 119.7 119.7 119.7 119.7 119.7 119.7 119.7 119.7 119.7 119.7 119.7 119.7 119.7 119.7 119.7 119.7 119.7 119.7 119.7 119.7 119.7 119.7 119.7 119.7 119.7 119.7 119.7 119.7 119.7 119.7 119.7 119.7 119.7 119.7 119.7 119.7 119.7 119.7 119.7 119.7 119.7 119.7 119.7 119.7 119.7 119.7 119.7 119.7 119.7 119.7 119.7 119.7 119.7 119.7 119.7 109.7 109.7 109.7 109.7 109.7 109.7 109.7 109.7 109.7 109.7 109.7 109.7 109.7 109.7 109.7 109.7 109.7 109.7 109.7 109.7 109.7 109.7 109.7 109.7 109.7 109.7 109.7 109.7 109.7 
124.2 124.2 124.2 124.2 124.2 124.2 124.2 124.2 124.2 124.2 124.2 119.7 119.7 119.7 119.7 119.7 119.7 119.7 119.7 119.7 119.7 119.7 119.7 119.7 119.7 119.7 119.7 119.7 119.7 119.7 119.7 119.7 119.7 119.7 119.7 119.7 119.7 119.7 119.7 119.7 119.7 119.7 119.7 119.7 119.7 119.7 119.7 119.7 119.7 119.7 119.7 119.7 119.7 119.7 119.7 119.7 119.7 119.7 119.7 119.7 119.7 119.7 119.7 119.7 119.7 119.7 119.7 119.7 119.7 119.7 119.7 109.7 109.7 109.7 109.7 109.7 109.7 109.7 109.7 109.7 109.7 109.7 109.7 109.7 109.7 109.7 109.7 109.7 109.7 109.7 109.7 109.7 109.7 109.7 109.7 109.7 109.7 109.7 109.7 109.7 
124.2 124.2 124.2 124.2 124.2 124.2 124.2 124.2 124.2 124.2 124.2 119.7 119.7 119.7 119.7 119.7 119.7 119.7 119.7 119.7 119.7 119.7 119.7 119.7 119.7 119.7 119.7 119.7 119.7 119.7 119.7 119.7 119.7 119.7 119.7 119.7 119.7 119.7 119.7 119.7 119.7 119.7 119.7 119.7 119.7 119.7 119.7 119.7 119.7 119.7 119.7 119.7 119.7 119.7 119.7 119.7 119.7 119.7 119.7 119.7 119.7 119.7 119.7 119.7 119.7 119.7 119.7 119.7 119.7 119.7 119.7 109.7 109.7 109.7 109.7 109.7 109.7 109.7 109.7 109.7 109.7 109.7 109.7 109.7 109.7 109.7 109.7 109.7 109.7 109.7 109.7 109.7 109.7 109.7 109.7 109.7 109.7 109.7 109.7 109.7 
124.2 124.2 124.2 124.2 124.2 124.2 124.2 124.2 124.2 124.2 124.2 119.7 119.7 119.7 119.7 119.7 119.7 119.7 119.7 119.7 119.7 119.7 119.7 119.7 119.7 119.7 119.7 119.7 119.7 119.7 119.7 119.7 119.7 119.7 119.7 119.7 119.7 119.7 119.7 119.7 119.7 119.7 119.7 119.7 119.7 119.7 119.7 119.7 119.7 119.7 119.7 119.7 119.7 119.7 119.7 119.7 119.7 119.7 119.7 119.7 119.7 119.7 119.7 119.7 119.7 119.7 119.7 119.7 119.7 119.7 119.7 109.7 109.7 109.7 109.7 109.7 109.7 109.7 109.7 109.7 109.7 109.7 109.7 109.7 109.7 109.7 109.7 109.7 109.7 109.7 109.7 109.7 109.7 109.7 109.7 109.7 109.7 109.7 109.7 109.7 
124.2 124.2 124.2 124.2 124.2 124.2 124.2 124.2 124.2 124.2 124.2 119.7 119.7 119.7 119.7 119.7 119.7 119.7 119.7 119.7 119.7 119.7 119.7 119.7 119.7 119.7 119.7 119.7 119.7 119.7 119.7 119.7 119.7 119.7 119.7 119.7 119.7 119.7 119.7 119.7 119.7 119.7 119.7 119.7 119.7 119.7 119.7 119.7 119.7 119.7 119.7 119.7 119.7 119.7 119.7 119.7 119.7 119.7 119.7 119.7 119.7 119.7 119.7 119.7 119.7 119.7 119.7 119.7 119.7 119.7 119.7 109.7 109.7 109.7 109.7 109.7 109.7 109.7 109.7 109.7 109.7 109.7 109.7 109.7 109.7 109.7 109.7 109.7 109.7 109.7 109.7 109.7 109.7 109.7 109.7 109.7 109.7 109.7 109.7 109.7 
124.2 124.2 124.2 124.2 124.2 124.2 124.2 124.2 124.2 124.2 124.2 119.7 119.7 119.7 119.7 119.7 119.7 119.7 119.7 119.7 119.7 119.7 119.7 119.7 119.7 119.7 119.7 119.7 119.7 119.7 119.7 119.7 119.7 119.7 119.7 119.7 119.7 119.7 119.7 119.7 119.7 119.7 119.7 119.7 119.7 119.7 119.7 119.7 119.7 119.7 119.7 119.7 119.7 119.7 119.7 119.7 119.7 119.7 119.7 119.7 119.7 119.7 119.7 119.7 119.7 119.7 119.7 119.7 119.7 119.7 119.7 109.7 109.7 109.7 109.7 109.7 109.7 109.7 109.7 109.7 109.7 109.7 109.7 109.7 109.7 109.7 109.7 109.7 109.7 109.7 109.7 109.7 109.7 109.7 109.7 109.7 109.7 109.7 109.7 109.7 
124.2 124.2 124.2 124.2 124.2 124.2 124.2 124.2 124.2 124.2 124.2 119.7 119.7 119.7 119.7 119.7 119.7 119.7 119.7 119.7 119.7 119.7 119.7 119.7 119.7 119.7 119.7 119.7 119.7 119.7 119.7 119.7 119.7 119.7 119.7 119.7 119.7 119.7 119.7 119.7 119.7 119.7 119.7 119.7 119.7 119.7 119.7 119.7 119.7 119.7 119.7 119.7 119.7 119.7 119.7 119.7 119.7 119.7 119.7 119.7 119.7 119.7 119.7 119.7 119.7 119.7 119.7 119.7 119.7 119.7 119.7 109.7 109.7 109.7 109.7 109.7 109.7 109.7 109.7 109.7 109.7 109.7 109.7 109.7 109.7 109.7 109.7 109.7 109.7 109.7 109.7 109.7 109.7 109.7 109.7 109.7 109.7 109.7 109.7 109.7 
124.2 124.2 124.2 124.2 124.2 124.2 124.2 124.2 124.2 124.2 124.2 119.7 119.7 119.7 119.7 119.7 119.7 119.7 119.7 119.7 119.7 119.7 119.7 119.7 119.7 119.7 119.7 119.7 119.7 119.7 119.7 119.7 119.7 119.7 119.7 119.7 119.7 119.7 119.7 119.7 119.7 119.7 119.7 119.7 119.7 119.7 119.7 119.7 119.7 119.7 119.7 119.7 119.7 119.7 119.7 119.7 119.7 119.7 119.7 119.7 119.7 119.7 119.7 119.7 119.7 119.7 119.7 119.7 119.7 119.7 119.7 109.7 109.7 109.7 109.7 109.7 109.7 109.7 109.7 109.7 109.7 109.7 109.7 109.7 109.7 109.7 109.7 109.7 109.7 109.7 109.7 109.7 109.7 109.7 109.7 109.7 109.7 109.7 109.7 109.7 
124.2 124.2 124.2 124.2 124.2 124.2 124.2 124.2 124.2 124.2 124.2 119.7 119.7 119.7 119.7 119.7 119.7 119.7 119.7 119.7 119.7 119.7 119.7 119.7 119.7 119.7 119.7 119.7 119.7 119.7 119.7 119.7 119.7 119.7 119.7 119.7 119.7 119.7 119.7 119.7 119.7 119.7 119.7 119.7 119.7 119.7 119.7 119.7 119.7 119.7 119.7 119.7 119.7 119.7 119.7 119.7 119.7 119.7 119.7 119.7 119.7 119.7 119.7 119.7 119.7 119.7 119.7 119.7 119.7 119.7 119.7 109.7 109.7 109.7 109.7 109.7 109.7 109.7 109.7 109.7 109.7 109.7 109.7 109.7 109.7 109.7 109.7 109.7 109.7 109.7 109.7 109.7 109.7 109.7 109.7 109.7 109.7 109.7 109.7 109.7 
124.2 124.2 124.2 124.2 124.2 124.2 124.2 124.2 124.2 124.2 124.2 119.7 119.7 119.7 119.7 119.7 119.7 119.7 119.7 119.7 119.7 119.7 119.7 119.7 119.7 119.7 119.7 119.7 119.7 119.7 119.7 119.7 119.7 119.7 119.7 119.7 119.7 119.7 119.7 119.7 119.7 119.7 119.7 119.7 119.7 119.7 119.7 119.7 119.7 119.7 119.7 119.7 119.7 119.7 119.7 119.7 119.7 119.7 119.7 119.7 119.7 119.7 119.7 119.7 119.7 119.7 119.7 119.7 119.7 119.7 119.7 109.7 109.7 109.7 109.7 109.7 109.7 109.7 109.7 109.7 109.7 109.7 109.7 109.7 109.7 109.7 109.7 109.7 109.7 109.7 109.7 109.7 109.7 109.7 109.7 109.7 109.7 109.7 109.7 109.7 
124.2 124.2 124.2 124.2 124.2 124.2 124.2 124.2 124.2 124.2 124.2 119.7 119.7 119.7 119.7 119.7 119.7 119.7 119.7 119.7 119.7 119.7 119.7 119.7 119.7 119.7 119.7 119.7 119.7 119.7 119.7 119.7 119.7 119.7 119.7 119.7 119.7 119.7 119.7 119.7 119.7 119.7 119.7 119.7 119.7 119.7 119.7 119.7 119.7 119.7 119.7 119.7 119.7 119.7 119.7 119.7 119.7 119.7 119.7 119.7 119.7 119.7 119.7 119.7 119.7 119.7 119.7 119.7 119.7 119.7 119.7 109.7 109.7 109.7 109.7 109.7 109.7 109.7 109.7 109.7 109.7 109.7 109.7 109.7 109.7 109.7 109.7 109.7 109.7 109.7 109.7 109.7 109.7 109.7 109.7 109.7 109.7 109.7 109.7 109.7 
124.2 124.2 124.2 124.2 124.2 124.2 124.2 124.2 124.2 124.2 124.2 119.7 119.7 119.7 119.7 119.7 119.7 119.7 119.7 119.7 119.7 119.7 119.7 119.7 119.7 119.7 119.7 119.7 119.7 119.7 119.7 119.7 119.7 119.7 119.7 119.7 119.7 119.7 119.7 119.7 119.7 119.7 119.7 119.7 119.7 119.7 119.7 119.7 119.7 119.7 119.7 119.7 119.7 119.7 119.7 119.7 119.7 119.7 119.7 119.7 119.7 119.7 119.7 119.7 119.7 119.7 119.7 119.7 119.7 119.7 119.7 109.7 109.7 109.7 109.7 109.7 109.7 109.7 109.7 109.7 109.7 109.7 109.7 109.7 109.7 109.7 109.7 109.7 109.7 109.7 109.7 109.7 109.7 109.7 109.7 109.7 109.7 109.7 109.7 109.7 
124.2 124.2 124.2 124.2 124.2 124.2 124.2 124.2 124.2 124.2 124.2 119.7 119.7 119.7 119.7 119.7 119.7 119.7 119.7 119.7 119.7 119.7 119.7 119.7 119.7 119.7 119.7 119.7 119.7 119.7 119.7 119.7 119.7 119.7 119.7 119.7 119.7 119.7 119.7 119.7 119.7 119.7 119.7 119.7 119.7 119.7 119.7 119.7 119.7 119.7 119.7 119.7 119.7 119.7 119.7 119.7 119.7 119.7 119.7 119.7 119.7 119.7 119.7 119.7 119.7 119.7 119.7 119.7 119.7 119.7 119.7 109.7 109.7 109.7 109.7 109.7 109.7 109.7 109.7 109.7 109.7 109.7 109.7 109.7 109.7 109.7 109.7 109.7 109.7 109.7 109.7 109.7 109.7 109.7 109.7 109.7 109.7 109.7 109.7 109.7 
124.2 124.2 124.2 124.2 124.2 124.2 124.2 124.2 124.2 124.2 124.2 119.7 119.7 119.7 119.7 119.7 119.7 119.7 119.7 119.7 119.7 119.7 119.7 119.7 119.7 119.7 119.7 119.7 119.7 119.7 119.7 119.7 119.7 119.7 119.7 119.7 119.7 119.7 119.7 119.7 119.7 119.7 119.7 119.7 119.7 119.7 119.7 119.7 119.7 119.7 119.7 119.7 119.7 119.7 119.7 119.7 119.7 119.7 119.7 119.7 119.7 119.7 119.7 119.7 119.7 119.7 119.7 119.7 119.7 119.7 119.7 109.7 109.7 109.7 109.7 109.7 109.7 109.7 109.7 109.7 109.7 109.7 109.7 109.7 109.7 109.7 109.7 109.7 109.7 109.7 109.7 109.7 109.7 109.7 109.7 109.7 109.7 109.7 109.7 109.7 
124.2 124.2 124.2 124.2 124.2 124.2 124.2 124.2 124.2 124.2 124.2 119.7 119.7 119.7 119.7 119.7 119.7 119.7 119.7 119.7 119.7 119.7 119.7 119.7 119.7 119.7 119.7 119.7 119.7 119.7 119.7 119.7 119.7 119.7 119.7 119.7 119.7 119.7 119.7 119.7 119.7 119.7 119.7 119.7 119.7 119.7 119.7 119.7 119.7 119.7 119.7 119.7 119.7 119.7 119.7 119.7 119.7 119.7 119.7 119.7 119.7 119.7 119.7 119.7 119.7 119.7 119.7 119.7 119.7 119.7 119.7 109.7 109.7 109.7 109.7 109.7 109.7 109.7 109.7 109.7 109.7 109.7 109.7 109.7 109.7 109.7 109.7 109.7 109.7 109.7 109.7 109.7 109.7 109.7 109.7 109.7 109.7 109.7 109.7 109.7 
124.2 124.2 124.2 124.2 124.2 124.2 124.2 124.2 124.2 124.2 124.2 119.7 119.7 119.7 119.7 119.7 119.7 119.7 119.7 119.7 119.7 119.7 119.7 119.7 119.7 119.7 119.7 119.7 119.7 119.7 119.7 119.7 119.7 119.7 119.7 119.7 119.7 119.7 119.7 119.7 119.7 119.7 119.7 119.7 119.7 119.7 119.7 119.7 119.7 119.7 119.7 119.7 119.7 119.7 119.7 119.7 119.7 119.7 119.7 119.7 119.7 119.7 119.7 119.7 119.7 119.7 119.7 119.7 119.7 119.7 119.7 109.7 109.7 109.7 109.7 109.7 109.7 109.7 109.7 109.7 109.7 109.7 109.7 109.7 109.7 109.7 109.7 109.7 109.7 109.7 109.7 109.7 109.7 109.7 109.7 109.7 109.7 109.7 109.7 109.7 
124.2 124.2 124.2 124.2 124.2 124.2 124.2 124.2 124.2 124.2 124.2 119.7 119.7 119.7 119.7 119.7 119.7 119.7 119.7 119.7 119.7 119.7 119.7 119.7 119.7 119.7 119.7 119.7 119.7 119.7 119.7 119.7 119.7 119.7 119.7 119.7 119.7 119.7 119.7 119.7 119.7 119.7 119.7 119.7 119.7 119.7 119.7 119.7 119.7 119.7 119.7 119.7 119.7 119.7 119.7 119.7 119.7 119.7 119.7 119.7 119.7 119.7 119.7 119.7 119.7 119.7 119.7 119.7 119.7 119.7 119.7 109.7 109.7 109.7 109.7 109.7 109.7 109.7 109.7 109.7 109.7 109.7 109.7 109.7 109.7 109.7 109.7 109.7 109.7 109.7 109.7 109.7 109.7 109.7 109.7 109.7 109.7 109.7 109.7 109.7 
124.2 124.2 124.2 124.2 124.2 124.2 124.2 124.2 124.2 124.2 124.2 119.7 119.7 119.7 119.7 119.7 119.7 119.7 119.7 119.7 119.7 119.7 119.7 119.7 119.7 119.7 119.7 119.7 119.7 119.7 119.7 119.7 119.7 119.7 119.7 119.7 119.7 119.7 119.7 119.7 119.7 119.7 119.7 119.7 119.7 119.7 119.7 119.7 119.7 119.7 119.7 119.7 119.7 119.7 119.7 119.7 119.7 119.7 119.7 119.7 119.7 119.7 119.7 119.7 119.7 119.7 119.7 119.7 119.7 119.7 119.7 109.7 109.7 109.7 109.7 109.7 109.7 109.7 109.7 109.7 109.7 109.7 109.7 109.7 109.7 109.7 109.7 109.7 109.7 109.7 109.7 109.7 109.7 109.7 109.7 109.7 109.7 109.7 109.7 109.7 
124.2 124.2 124.2 124.2 124.2 124.2 124.2 124.2 124.2 124.2 124.2 119.7 119.7 119.7 119.7 119.7 119.7 119.7 119.7 119.7 119.7 119.7 119.7 119.7 119.7 119.7 119.7 119.7 119.7 119.7 119.7 119.7 119.7 119.7 119.7 119.7 119.7 119.7 119.7 119.7 119.7 119.7 119.7 119.7 119.7 119.7 119.7 119.7 119.7 119.7 119.7 119.7 119.7 119.7 119.7 119.7 119.7 119.7 119.7 119.7 119.7 119.7 119.7 119.7 119.7 119.7 119.7 119.7 119.7 119.7 119.7 109.7 109.7 109.7 109.7 109.7 109.7 109.7 109.7 109.7 109.7 109.7 109.7 109.7 109.7 109.7 109.7 109.7 109.7 109.7 109.7 109.7 109.7 109.7 109.7 109.7 109.7 109.7 109.7 109.7 
124.2 124.2 124.2 124.2 124.2 124.2 124.2 124.2 124.2 124.2 124.2 119.7 119.7 119.7 119.7 119.7 119.7 119.7 119.7 119.7 119.7 119.7 119.7 119.7 119.7 119.7 119.7 119.7 119.7 119.7 119.7 119.7 119.7 119.7 119.7 119.7 119.7 119.7 119.7 119.7 119.7 119.7 119.7 119.7 119.7 119.7 119.7 119.7 119.7 119.7 119.7 119.7 119.7 119.7 119.7 119.7 119.7 119.7 119.7 119.7 119.7 119.7 119.7 119.7 119.7 119.7 119.7 119.7 119.7 119.7 119.7 109.7 109.7 109.7 109.7 109.7 109.7 109.7 109.7 109.7 109.7 109.7 109.7 109.7 109.7 109.7 109.7 109.7 109.7 109.7 109.7 109.7 109.7 109.7 109.7 109.7 109.7 109.7 109.7 109.7 
124.2 124.2 124.2 124.2 124.2 124.2 124.2 124.2 124.2 124.2 124.2 119.7 119.7 119.7 119.7 119.7 119.7 119.7 119.7 119.7 119.7 119.7 119.7 119.7 119.7 119.7 119.7 119.7 119.7 119.7 119.7 119.7 119.7 119.7 119.7 119.7 119.7 119.7 119.7 119.7 119.7 119.7 119.7 119.7 119.7 119.7 119.7 119.7 119.7 119.7 119.7 119.7 119.7 119.7 119.7 119.7 119.7 119.7 119.7 119.7 119.7 119.7 119.7 119.7 119.7 119.7 119.7 119.7 119.7 119.7 119.7 109.7 109.7 109.7 109.7 109.7 109.7 109.7 109.7 109.7 109.7 109.7 109.7 109.7 109.7 109.7 109.7 109.7 109.7 109.7 109.7 109.7 109.7 109.7 109.7 109.7 109.7 109.7 109.7 109.7 
124.2 124.2 124.2 124.2 124.2 124.2 124.2 124.2 124.2 124.2 124.2 119.7 119.7 119.7 119.7 119.7 119.7 119.7 119.7 119.7 119.7 119.7 119.7 119.7 119.7 119.7 119.7 119.7 119.7 119.7 119.7 119.7 119.7 119.7 119.7 119.7 119.7 119.7 119.7 119.7 119.7 119.7 119.7 119.7 119.7 119.7 119.7 119.7 119.7 119.7 119.7 119.7 119.7 119.7 119.7 119.7 119.7 119.7 119.7 119.7 119.7 119.7 119.7 119.7 119.7 119.7 119.7 119.7 119.7 119.7 119.7 109.7 109.7 109.7 109.7 109.7 109.7 109.7 109.7 109.7 109.7 109.7 109.7 109.7 109.7 109.7 109.7 109.7 109.7 109.7 109.7 109.7 109.7 109.7 109.7 109.7 109.7 109.7 109.7 109.7 
124.2 124.2 124.2 124.2 124.2 124.2 124.2 124.2 124.2 124.2 124.2 119.7 119.7 119.7 119.7 119.7 119.7 119.7 119.7 119.7 119.7 119.7 119.7 119.7 119.7 119.7 119.7 119.7 119.7 119.7 119.7 119.7 119.7 119.7 119.7 119.7 119.7 119.7 119.7 119.7 119.7 119.7 119.7 119.7 119.7 119.7 119.7 119.7 119.7 119.7 119.7 119.7 119.7 119.7 119.7 119.7 119.7 119.7 119.7 119.7 119.7 119.7 119.7 119.7 119.7 119.7 119.7 119.7 119.7 119.7 119.7 109.7 109.7 109.7 109.7 109.7 109.7 109.7 109.7 109.7 109.7 109.7 109.7 109.7 109.7 109.7 109.7 109.7 109.7 109.7 109.7 109.7 109.7 109.7 109.7 109.7 109.7 109.7 109.7 109.7 
171.3 171.3 171.3 171.3 171.3 171.3 171.3 171.3 171.3 171.3 171.3 170.5 170.5 170.5 170.5 170.5 170.5 170.5 170.5 170.5 170.5 170.5 170.5 170.5 170.5 170.5 170.5 170.5 170.5 170.5 170.5 170.5 170.5 170.5 170.5 170.5 170.5 170.5 170.5 170.5 170.5 170.5 170.5 170.5 170.5 170.5 170.5 170.5 170.5 170.5 170.5 170.5 170.5 170.5 170.5 170.5 170.5 170.5 170.5 170.5 170.5 170.5 170.5 170.5 170.5 170.5 170.5 170.5 170.5 170.5 170.5 153.8 153.8 153.8 153.8 153.8 153.8 153.8 153.8 153.8 153.8 153.8 153.8 153.8 153.8 153.8 153.8 153.8 153.8 153.8 153.8 153.8 153.8 153.8 153.8 153.8 153.8 153.8 153.8 153.8 
171.3 171.3 171.3 171.3 171.3 171.3 171.3 171.3 171.3 171.3 171.3 170.5 170.5 170.5 170.5 170.5 170.5 170.5 170.5 170.5 170.5 170.5 170.5 170.5 170.5 170.5 170.5 170.5 170.5 170.5 170.5 170.5 170.5 170.5 170.5 170.5 170.5 170.5 170.5 170.5 170.5 170.5 170.5 170.5 170.5 170.5 170.5 170.5 170.5 170.5 170.5 170.5 170.5 170.5 170.5 170.5 170.5 170.5 170.5 170.5 170.5 170.5 170.5 170.5 170.5 170.5 170.5 170.5 170.5 170.5 170.5 153.8 153.8 153.8 153.8 153.8 153.8 153.8 153.8 153.8 153.8 153.8 153.8 153.8 153.8 153.8 153.8 153.8 153.8 153.8 153.8 153.8 153.8 153.8 153.8 153.8 153.8 153.8 153.8 153.8 
171.3 171.3 171.3 171.3 171.3 171.3 171.3 171.3 171.3 171.3 171.3 170.5 170.5 170.5 170.5 170.5 170.5 170.5 170.5 170.5 170.5 170.5 170.5 170.5 170.5 170.5 170.5 170.5 170.5 170.5 170.5 170.5 170.5 170.5 170.5 170.5 170.5 170.5 170.5 170.5 170.5 170.5 170.5 170.5 170.5 170.5 170.5 170.5 170.5 170.5 170.5 170.5 170.5 170.5 170.5 170.5 170.5 170.5 170.5 170.5 170.5 170.5 170.5 170.5 170.5 170.5 170.5 170.5 170.5 170.5 170.5 153.8 153.8 153.8 153.8 153.8 153.8 153.8 153.8 153.8 153.8 153.8 153.8 153.8 153.8 153.8 153.8 153.8 153.8 153.8 153.8 153.8 153.8 153.8 153.8 153.8 153.8 153.8 153.8 153.8 
171.3 171.3 171.3 171.3 171.3 171.3 171.3 171.3 171.3 171.3 171.3 170.5 170.5 170.5 170.5 170.5 170.5 170.5 170.5 170.5 170.5 170.5 170.5 170.5 170.5 170.5 170.5 170.5 170.5 170.5 170.5 170.5 170.5 170.5 170.5 170.5 170.5 170.5 170.5 170.5 170.5 170.5 170.5 170.5 170.5 170.5 170.5 170.5 170.5 170.5 170.5 170.5 170.5 170.5 170.5 170.5 170.5 170.5 170.5 170.5 170.5 170.5 170.5 170.5 170.5 170.5 170.5 170.5 170.5 170.5 170.5 153.8 153.8 153.8 153.8 153.8 153.8 153.8 153.8 153.8 153.8 153.8 153.8 153.8 153.8 153.8 153.8 153.8 153.8 153.8 153.8 153.8 153.8 153.8 153.8 153.8 153.8 153.8 153.8 153.8 
171.3 171.3 171.3 171.3 171.3 171.3 171.3 171.3 171.3 171.3 171.3 170.5 170.5 170.5 170.5 170.5 170.5 170.5 170.5 170.5 170.5 170.5 170.5 170.5 170.5 170.5 170.5 170.5 170.5 170.5 170.5 170.5 170.5 170.5 170.5 170.5 170.5 170.5 170.5 170.5 170.5 170.5 170.5 170.5 170.5 170.5 170.5 170.5 170.5 170.5 170.5 170.5 170.5 170.5 170.5 170.5 170.5 170.5 170.5 170.5 170.5 170.5 170.5 170.5 170.5 170.5 170.5 170.5 170.5 170.5 170.5 153.8 153.8 153.8 153.8 153.8 153.8 153.8 153.8 153.8 153.8 153.8 153.8 153.8 153.8 153.8 153.8 153.8 153.8 153.8 153.8 153.8 153.8 153.8 153.8 153.8 153.8 153.8 153.8 153.8 
171.3 171.3 171.3 171.3 171.3 171.3 171.3 171.3 171.3 171.3 171.3 170.5 170.5 170.5 170.5 170.5 170.5 170.5 170.5 170.5 170.5 170.5 170.5 170.5 170.5 170.5 170.5 170.5 170.5 170.5 170.5 170.5 170.5 170.5 170.5 170.5 170.5 170.5 170.5 170.5 170.5 170.5 170.5 170.5 170.5 170.5 170.5 170.5 170.5 170.5 170.5 170.5 170.5 170.5 170.5 170.5 170.5 170.5 170.5 170.5 170.5 170.5 170.5 170.5 170.5 170.5 170.5 170.5 170.5 170.5 170.5 153.8 153.8 153.8 153.8 153.8 153.8 153.8 153.8 153.8 153.8 153.8 153.8 153.8 153.8 153.8 153.8 153.8 153.8 153.8 153.8 153.8 153.8 153.8 153.8 153.8 153.8 153.8 153.8 153.8 
171.3 171.3 171.3 171.3 171.3 171.3 171.3 171.3 171.3 171.3 171.3 170.5 170.5 170.5 170.5 170.5 170.5 170.5 170.5 170.5 170.5 170.5 170.5 170.5 170.5 170.5 170.5 170.5 170.5 170.5 170.5 170.5 170.5 170.5 170.5 170.5 170.5 170.5 170.5 170.5 170.5 170.5 170.5 170.5 170.5 170.5 170.5 170.5 170.5 170.5 170.5 170.5 170.5 170.5 170.5 170.5 170.5 170.5 170.5 170.5 170.5 170.5 170.5 170.5 170.5 170.5 170.5 170.5 170.5 170.5 170.5 153.8 153.8 153.8 153.8 153.8 153.8 153.8 153.8 153.8 153.8 153.8 153.8 153.8 153.8 153.8 153.8 153.8 153.8 153.8 153.8 153.8 153.8 153.8 153.8 153.8 153.8 153.8 153.8 153.8 
171.3 171.3 171.3 171.3 171.3 171.3 171.3 171.3 171.3 171.3 171.3 170.5 170.5 170.5 170.5 170.5 170.5 170.5 170.5 170.5 170.5 170.5 170.5 170.5 170.5 170.5 170.5 170.5 170.5 170.5 170.5 170.5 170.5 170.5 170.5 170.5 170.5 170.5 170.5 170.5 170.5 170.5 170.5 170.5 170.5 170.5 170.5 170.5 170.5 170.5 170.5 170.5 170.5 170.5 170.5 170.5 170.5 170.5 170.5 170.5 170.5 170.5 170.5 170.5 170.5 170.5 170.5 170.5 170.5 170.5 170.5 153.8 153.8 153.8 153.8 153.8 153.8 153.8 153.8 153.8 153.8 153.8 153.8 153.8 153.8 153.8 153.8 153.8 153.8 153.8 153.8 153.8 153.8 153.8 153.8 153.8 153.8 153.8 153.8 153.8 
171.3 171.3 171.3 171.3 171.3 171.3 171.3 171.3 171.3 171.3 171.3 170.5 170.5 170.5 170.5 170.5 170.5 170.5 170.5 170.5 170.5 170.5 170.5 170.5 170.5 170.5 170.5 170.5 170.5 170.5 170.5 170.5 170.5 170.5 170.5 170.5 170.5 170.5 170.5 170.5 170.5 170.5 170.5 170.5 170.5 170.5 170.5 170.5 170.5 170.5 170.5 170.5 170.5 170.5 170.5 170.5 170.5 170.5 170.5 170.5 170.5 170.5 170.5 170.5 170.5 170.5 170.5 170.5 170.5 170.5 170.5 153.8 153.8 153.8 153.8 153.8 153.8 153.8 153.8 153.8 153.8 153.8 153.8 153.8 153.8 153.8 153.8 153.8 153.8 153.8 153.8 153.8 153.8 153.8 153.8 153.8 153.8 153.8 153.8 153.8 
171.3 171.3 171.3 171.3 171.3 171.3 171.3 171.3 171.3 171.3 171.3 170.5 170.5 170.5 170.5 170.5 170.5 170.5 170.5 170.5 170.5 170.5 170.5 170.5 170.5 170.5 170.5 170.5 170.5 170.5 170.5 170.5 170.5 170.5 170.5 170.5 170.5 170.5 170.5 170.5 170.5 170.5 170.5 170.5 170.5 170.5 170.5 170.5 170.5 170.5 170.5 170.5 170.5 170.5 170.5 170.5 170.5 170.5 170.5 170.5 170.5 170.5 170.5 170.5 170.5 170.5 170.5 170.5 170.5 170.5 170.5 153.8 153.8 153.8 153.8 153.8 153.8 153.8 153.8 153.8 153.8 153.8 153.8 153.8 153.8 153.8 153.8 153.8 153.8 153.8 153.8 153.8 153.8 153.8 153.8 153.8 153.8 153.8 153.8 153.8 
171.3 171.3 171.3 171.3 171.3 171.3 171.3 171.3 171.3 171.3 171.3 170.5 170.5 170.5 170.5 170.5 170.5 170.5 170.5 170.5 170.5 170.5 170.5 170.5 170.5 170.5 170.5 170.5 170.5 170.5 170.5 170.5 170.5 170.5 170.5 170.5 170.5 170.5 170.5 170.5 170.5 170.5 170.5 170.5 170.5 170.5 170.5 170.5 170.5 170.5 170.5 170.5 170.5 170.5 170.5 170.5 170.5 170.5 170.5 170.5 170.5 170.5 170.5 170.5 170.5 170.5 170.5 170.5 170.5 170.5 170.5 153.8 153.8 153.8 153.8 153.8 153.8 153.8 153.8 153.8 153.8 153.8 153.8 153.8 153.8 153.8 153.8 153.8 153.8 153.8 153.8 153.8 153.8 153.8 153.8 153.8 153.8 153.8 153.8 153.8 
171.3 171.3 171.3 171.3 171.3 171.3 171.3 171.3 171.3 171.3 171.3 170.5 170.5 170.5 170.5 170.5 170.5 170.5 170.5 170.5 170.5 170.5 170.5 170.5 170.5 170.5 170.5 170.5 170.5 170.5 170.5 170.5 170.5 170.5 170.5 170.5 170.5 170.5 170.5 170.5 170.5 170.5 170.5 170.5 170.5 170.5 170.5 170.5 170.5 170.5 170.5 170.5 170.5 170.5 170.5 170.5 170.5 170.5 170.5 170.5 170.5 170.5 170.5 170.5 170.5 170.5 170.5 170.5 170.5 170.5 170.5 153.8 153.8 153.8 153.8 153.8 153.8 153.8 153.8 153.8 153.8 153.8 153.8 153.8 153.8 153.8 153.8 153.8 153.8 153.8 153.8 153.8 153.8 153.8 153.8 153.8 153.8 153.8 153.8 153.8 
171.3 171.3 171.3 171.3 171.3 171.3 171.3 171.3 171.3 171.3 171.3 170.5 170.5 170.5 170.5 170.5 170.5 170.5 170.5 170.5 170.5 170.5 170.5 170.5 170.5 170.5 170.5 170.5 170.5 170.5 170.5 170.5 170.5 170.5 170.5 170.5 170.5 170.5 170.5 170.5 170.5 170.5 170.5 170.5 170.5 170.5 170.5 170.5 170.5 170.5 170.5 170.5 170.5 170.5 170.5 170.5 170.5 170.5 170.5 170.5 170.5 170.5 170.5 170.5 170.5 170.5 170.5 170.5 170.5 170.5 170.5 153.8 153.8 153.8 153.8 153.8 153.8 153.8 153.8 153.8 153.8 153.8 153.8 153.8 153.8 153.8 153.8 153.8 153.8 153.8 153.8 153.8 153.8 153.8 153.8 153.8 153.8 153.8 153.8 153.8 
171.3 171.3 171.3 171.3 171.3 171.3 171.3 171.3 171.3 171.3 171.3 170.5 170.5 170.5 170.5 170.5 170.5 170.5 170.5 170.5 170.5 170.5 170.5 170.5 170.5 170.5 170.5 170.5 170.5 170.5 170.5 170.5 170.5 170.5 170.5 170.5 170.5 170.5 170.5 170.5 170.5 170.5 170.5 170.5 170.5 170.5 170.5 170.5 170.5 170.5 170.5 170.5 170.5 170.5 170.5 170.5 170.5 170.5 170.5 170.5 170.5 170.5 170.5 170.5 170.5 170.5 170.5 170.5 170.5 170.5 170.5 153.8 153.8 153.8 153.8 153.8 153.8 153.8 153.8 153.8 153.8 153.8 153.8 153.8 153.8 153.8 153.8 153.8 153.8 153.8 153.8 153.8 153.8 153.8 153.8 153.8 153.8 153.8 153.8 153.8 
171.3 171.3 171.3 171.3 171.3 171.3 171.3 171.3 171.3 171.3 171.3 170.5 170.5 170.5 170.5 170.5 170.5 170.5 170.5 170.5 170.5 170.5 170.5 170.5 170.5 170.5 170.5 170.5 170.5 170.5 170.5 170.5 170.5 170.5 170.5 170.5 170.5 170.5 170.5 170.5 170.5 170.5 170.5 170.5 170.5 170.5 170.5 170.5 170.5 170.5 170.5 170.5 170.5 170.5 170.5 170.5 170.5 170.5 170.5 170.5 170.5 170.5 170.5 170.5 170.5 170.5 170.5 170.5 170.5 170.5 170.5 153.8 153.8 153.8 153.8 153.8 153.8 153.8 153.8 153.8 153.8 153.8 153.8 153.8 153.8 153.8 153.8 153.8 153.8 153.8 153.8 153.8 153.8 153.8 153.8 153.8 153.8 153.8 153.8 153.8 
171.3 171.3 171.3 171.3 171.3 171.3 171.3 171.3 171.3 171.3 171.3 170.5 170.5 170.5 170.5 170.5 170.5 170.5 170.5 170.5 170.5 170.5 170.5 170.5 170.5 170.5 170.5 170.5 170.5 170.5 170.5 170.5 170.5 170.5 170.5 170.5 170.5 170.5 170.5 170.5 170.5 170.5 170.5 170.5 170.5 170.5 170.5 170.5 170.5 170.5 170.5 170.5 170.5 170.5 170.5 170.5 170.5 170.5 170.5 170.5 170.5 170.5 170.5 170.5 170.5 170.5 170.5 170.5 170.5 170.5 170.5 153.8 153.8 153.8 153.8 153.8 153.8 153.8 153.8 153.8 153.8 153.8 153.8 153.8 153.8 153.8 153.8 153.8 153.8 153.8 153.8 153.8 153.8 153.8 153.8 153.8 153.8 153.8 153.8 153.8 
171.3 171.3 171.3 171.3 171.3 171.3 171.3 171.3 171.3 171.3 171.3 170.5 170.5 170.5 170.5 170.5 170.5 170.5 170.5 170.5 170.5 170.5 170.5 170.5 170.5 170.5 170.5 170.5 170.5 170.5 170.5 170.5 170.5 170.5 170.5 170.5 170.5 170.5 170.5 170.5 170.5 170.5 170.5 170.5 170.5 170.5 170.5 170.5 170.5 170.5 170.5 170.5 170.5 170.5 170.5 170.5 170.5 170.5 170.5 170.5 170.5 170.5 170.5 170.5 170.5 170.5 170.5 170.5 170.5 170.5 170.5 153.8 153.8 153.8 153.8 153.8 153.8 153.8 153.8 153.8 153.8 153.8 153.8 153.8 153.8 153.8 153.8 153.8 153.8 153.8 153.8 153.8 153.8 153.8 153.8 153.8 153.8 153.8 153.8 153.8 
171.3 171.3 171.3 171.3 171.3 171.3 171.3 171.3 171.3 171.3 171.3 170.5 170.5 170.5 170.5 170.5 170.5 170.5 170.5 170.5 170.5 170.5 170.5 170.5 170.5 170.5 170.5 170.5 170.5 170.5 170.5 170.5 170.5 170.5 170.5 170.5 170.5 170.5 170.5 170.5 170.5 170.5 170.5 170.5 170.5 170.5 170.5 170.5 170.5 170.5 170.5 170.5 170.5 170.5 170.5 170.5 170.5 170.5 170.5 170.5 170.5 170.5 170.5 170.5 170.5 170.5 170.5 170.5 170.5 170.5 170.5 153.8 153.8 153.8 153.8 153.8 153.8 153.8 153.8 153.8 153.8 153.8 153.8 153.8 153.8 153.8 153.8 153.8 153.8 153.8 153.8 153.8 153.8 153.8 153.8 153.8 153.8 153.8 153.8 153.8 
171.3 171.3 171.3 171.3 171.3 171.3 171.3 171.3 171.3 171.3 171.3 170.5 170.5 170.5 170.5 170.5 170.5 170.5 170.5 170.5 170.5 170.5 170.5 170.5 170.5 170.5 170.5 170.5 170.5 170.5 170.5 170.5 170.5 170.5 170.5 170.5 170.5 170.5 170.5 170.5 170.5 170.5 170.5 170.5 170.5 170.5 170.5 170.5 170.5 170.5 170.5 170.5 170.5 170.5 170.5 170.5 170.5 170.5 170.5 170.5 170.5 170.5 170.5 170.5 170.5 170.5 170.5 170.5 170.5 170.5 170.5 153.8 153.8 153.8 153.8 153.8 153.8 153.8 153.8 153.8 153.8 153.8 153.8 153.8 153.8 153.8 153.8 153.8 153.8 153.8 153.8 153.8 153.8 153.8 153.8 153.8 153.8 153.8 153.8 153.8 
171.3 171.3 171.3 171.3 171.3 171.3 171.3 171.3 171.3 171.3 171.3 170.5 170.5 170.5 170.5 170.5 170.5 170.5 170.5 170.5 170.5 170.5 170.5 170.5 170.5 170.5 170.5 170.5 170.5 170.5 170.5 170.5 170.5 170.5 170.5 170.5 170.5 170.5 170.5 170.5 170.5 170.5 170.5 170.5 170.5 170.5 170.5 170.5 170.5 170.5 170.5 170.5 170.5 170.5 170.5 170.5 170.5 170.5 170.5 170.5 170.5 170.5 170.5 170.5 170.5 170.5 170.5 170.5 170.5 170.5 170.5 153.8 153.8 153.8 153.8 153.8 153.8 153.8 153.8 153.8 153.8 153.8 153.8 153.8 153.8 153.8 153.8 153.8 153.8 153.8 153.8 153.8 153.8 153.8 153.8 153.8 153.8 153.8 153.8 153.8 
171.3 171.3 171.3 171.3 171.3 171.3 171.3 171.3 171.3 171.3 171.3 170.5 170.5 170.5 170.5 170.5 170.5 170.5 170.5 170.5 170.5 170.5 170.5 170.5 170.5 170.5 170.5 170.5 170.5 170.5 170.5 170.5 170.5 170.5 170.5 170.5 170.5 170.5 170.5 170.5 170.5 170.5 170.5 170.5 170.5 170.5 170.5 170.5 170.5 170.5 170.5 170.5 170.5 170.5 170.5 170.5 170.5 170.5 170.5 170.5 170.5 170.5 170.5 170.5 170.5 170.5 170.5 170.5 170.5 170.5 170.5 153.8 153.8 153.8 153.8 153.8 153.8 153.8 153.8 153.8 153.8 153.8 153.8 153.8 153.8 153.8 153.8 153.8 153.8 153.8 153.8 153.8 153.8 153.8 153.8 153.8 153.8 153.8 153.8 153.8 
171.3 171.3 171.3 171.3 171.3 171.3 171.3 171.3 171.3 171.3 171.3 170.5 170.5 170.5 170.5 170.5 170.5 170.5 170.5 170.5 170.5 170.5 170.5 170.5 170.5 170.5 170.5 170.5 170.5 170.5 170.5 170.5 170.5 170.5 170.5 170.5 170.5 170.5 170.5 170.5 170.5 170.5 170.5 170.5 170.5 170.5 170.5 170.5 170.5 170.5 170.5 170.5 170.5 170.5 170.5 170.5 170.5 170.5 170.5 170.5 170.5 170.5 170.5 170.5 170.5 170.5 170.5 170.5 170.5 170.5 170.5 153.8 153.8 153.8 153.8 153.8 153.8 153.8 153.8 153.8 153.8 153.8 153.8 153.8 153.8 153.8 153.8 153.8 153.8 153.8 153.8 153.8 153.8 153.8 153.8 153.8 153.8 153.8 153.8 153.8 
171.3 171.3 171.3 171.3 171.3 171.3 171.3 171.3 171.3 171.3 171.3 170.5 170.5 170.5 170.5 170.5 170.5 170.5 170.5 170.5 170.5 170.5 170.5 170.5 170.5 170.5 170.5 170.5 170.5 170.5 170.5 170.5 170.5 170.5 170.5 170.5 170.5 170.5 170.5 170.5 170.5 170.5 170.5 170.5 170.5 170.5 170.5 170.5 170.5 170.5 170.5 170.5 170.5 170.5 170.5 170.5 170.5 170.5 170.5 170.5 170.5 170.5 170.5 170.5 170.5 170.5 170.5 170.5 170.5 170.5 170.5 153.8 153.8 153.8 153.8 153.8 153.8 153.8 153.8 153.8 153.8 153.8 153.8 153.8 153.8 153.8 153.8 153.8 153.8 153.8 153.8 153.8 153.8 153.8 153.8 153.8 153.8 153.8 153.8 153.8 
171.3 171.3 171.3 171.3 171.3 171.3 171.3 171.3 171.3 171.3 171.3 170.5 170.5 170.5 170.5 170.5 170.5 170.5 170.5 170.5 170.5 170.5 170.5 170.5 170.5 170.5 170.5 170.5 170.5 170.5 170.5 170.5 170.5 170.5 170.5 170.5 170.5 170.5 170.5 170.5 170.5 170.5 170.5 170.5 170.5 170.5 170.5 170.5 170.5 170.5 170.5 170.5 170.5 170.5 170.5 170.5 170.5 170.5 170.5 170.5 170.5 170.5 170.5 170.5 170.5 170.5 170.5 170.5 170.5 170.5 170.5 153.8 153.8 153.8 153.8 153.8 153.8 153.8 153.8 153.8 153.8 153.8 153.8 153.8 153.8 153.8 153.8 153.8 153.8 153.8 153.8 153.8 153.8 153.8 153.8 153.8 153.8 153.8 153.8 153.8 
171.3 171.3 171.3 171.3 171.3 171.3 171.3 171.3 171.3 171.3 171.3 170.5 170.5 170.5 170.5 170.5 170.5 170.5 170.5 170.5 170.5 170.5 170.5 170.5 170.5 170.5 170.5 170.5 170.5 170.5 170.5 170.5 170.5 170.5 170.5 170.5 170.5 170.5 170.5 170.5 170.5 170.5 170.5 170.5 170.5 170.5 170.5 170.5 170.5 170.5 170.5 170.5 170.5 170.5 170.5 170.5 170.5 170.5 170.5 170.5 170.5 170.5 170.5 170.5 170.5 170.5 170.5 170.5 170.5 170.5 170.5 153.8 153.8 153.8 153.8 153.8 153.8 153.8 153.8 153.8 153.8 153.8 153.8 153.8 153.8 153.8 153.8 153.8 153.8 153.8 153.8 153.8 153.8 153.8 153.8 153.8 153.8 153.8 153.8 153.8 
171.3 171.3 171.3 171.3 171.3 171.3 171.3 171.3 171.3 171.3 171.3 170.5 170.5 170.5 170.5 170.5 170.5 170.5 170.5 170.5 170.5 170.5 170.5 170.5 170.5 170.5 170.5 170.5 170.5 170.5 170.5 170.5 170.5 170.5 170.5 170.5 170.5 170.5 170.5 170.5 170.5 170.5 170.5 170.5 170.5 170.5 170.5 170.5 170.5 170.5 170.5 170.5 170.5 170.5 170.5 170.5 170.5 170.5 170.5 170.5 170.5 170.5 170.5 170.5 170.5 170.5 170.5 170.5 170.5 170.5 170.5 153.8 153.8 153.8 153.8 153.8 153.8 153.8 153.8 153.8 153.8 153.8 153.8 153.8 153.8 153.8 153.8 153.8 153.8 153.8 153.8 153.8 153.8 153.8 153.8 153.8 153.8 153.8 153.8 153.8 
171.3 171.3 171.3 171.3 171.3 171.3 171.3 171.3 171.3 171.3 171.3 170.5 170.5 170.5 170.5 170.5 170.5 170.5 170.5 170.5 170.5 170.5 170.5 170.5 170.5 170.5 170.5 170.5 170.5 170.5 170.5 170.5 170.5 170.5 170.5 170.5 170.5 170.5 170.5 170.5 170.5 170.5 170.5 170.5 170.5 170.5 170.5 170.5 170.5 170.5 170.5 170.5 170.5 170.5 170.5 170.5 170.5 170.5 170.5 170.5 170.5 170.5 170.5 170.5 170.5 170.5 170.5 170.5 170.5 170.5 170.5 153.8 153.8 153.8 153.8 153.8 153.8 153.8 153.8 153.8 153.8 153.8 153.8 153.8 153.8 153.8 153.8 153.8 153.8 153.8 153.8 153.8 153.8 153.8 153.8 153.8 153.8 153.8 153.8 153.8 
171.3 171.3 171.3 171.3 171.3 171.3 171.3 171.3 171.3 171.3 171.3 170.5 170.5 170.5 170.5 170.5 170.5 170.5 170.5 170.5 170.5 170.5 170.5 170.5 170.5 170.5 170.5 170.5 170.5 170.5 170.5 170.5 170.5 170.5 170.5 170.5 170.5 170.5 170.5 170.5 170.5 170.5 170.5 170.5 170.5 170.5 170.5 170.5 170.5 170.5 170.5 170.5 170.5 170.5 170.5 170.5 170.5 170.5 170.5 170.5 170.5 170.5 170.5 170.5 170.5 170.5 170.5 170.5 170.5 170.5 170.5 153.8 153.8 153.8 153.8 153.8 153.8 153.8 153.8 153.8 153.8 153.8 153.8 153.8 153.8 153.8 153.8 153.8 153.8 153.8 153.8 153.8 153.8 153.8 153.8 153.8 153.8 153.8 153.8 153.8 
171.3 171.3 171.3 171.3 171.3 171.3 171.3 171.3 171.3 171.3 171.3 170.5 170.5 170.5 170.5 170.5 170.5 170.5 170.5 170.5 170.5 170.5 170.5 170.5 170.5 170.5 170.5 170.5 170.5 170.5 170.5 170.5 170.5 170.5 170.5 170.5 170.5 170.5 170.5 170.5 170.5 170.5 170.5 170.5 170.5 170.5 170.5 170.5 170.5 170.5 170.5 170.5 170.5 170.5 170.5 170.5 170.5 170.5 170.5 170.5 170.5 170.5 170.5 170.5 170.5 170.5 170.5 170.5 170.5 170.5 170.5 153.8 153.8 153.8 153.8 153.8 153.8 153.8 153.8 153.8 153.8 153.8 153.8 153.8 153.8 153.8 153.8 153.8 153.8 153.8 153.8 153.8 153.8 153.8 153.8 153.8 153.8 153.8 153.8 153.8 
171.3 171.3 171.3 171.3 171.3 171.3 171.3 171.3 171.3 171.3 171.3 170.5 170.5 170.5 170.5 170.5 170.5 170.5 170.5 170.5 170.5 170.5 170.5 170.5 170.5 170.5 170.5 170.5 170.5 170.5 170.5 170.5 170.5 170.5 170.5 170.5 170.5 170.5 170.5 170.5 170.5 170.5 170.5 170.5 170.5 170.5 170.5 170.5 170.5 170.5 170.5 170.5 170.5 170.5 170.5 170.5 170.5 170.5 170.5 170.5 170.5 170.5 170.5 170.5 170.5 170.5 170.5 170.5 170.5 170.5 170.5 153.8 153.8 153.8 153.8 153.8 153.8 153.8 153.8 153.8 153.8 153.8 153.8 153.8 153.8 153.8 153.8 153.8 153.8 153.8 153.8 153.8 153.8 153.8 153.8 153.8 153.8 153.8 153.8 153.8 
171.3 171.3 171.3 171.3 171.3 171.3 171.3 171.3 171.3 171.3 171.3 170.5 170.5 170.5 170.5 170.5 170.5 170.5 170.5 170.5 170.5 170.5 170.5 170.5 170.5 170.5 170.5 170.5 170.5 170.5 170.5 170.5 170.5 170.5 170.5 170.5 170.5 170.5 170.5 170.5 170.5 170.5 170.5 170.5 170.5 170.5 170.5 170.5 170.5 170.5 170.5 170.5 170.5 170.5 170.5 170.5 170.5 170.5 170.5 170.5 170.5 170.5 170.5 170.5 170.5 170.5 170.5 170.5 170.5 170.5 170.5 153.8 153.8 153.8 153.8 153.8 153.8 153.8 153.8 153.8 153.8 153.8 153.8 153.8 153.8 153.8 153.8 153.8 153.8 153.8 153.8 153.8 153.8 153.8 153.8 153.8 153.8 153.8 153.8 153.8 
