ncols         100
nrows         100
xllcorner     -59982.863281
yllcorner     1851083.022172
cellsize      1000
NODATA_value  -9999
87.2 87.2 87.2 87.2 87.2 87.2 87.2 87.2 87.2 87.2 87.2 72.6 72.6 72.6 72.6 72.6 72.6 72.6 72.6 72.6 72.6 72.6 72.6 72.6 72.6 72.6 72.6 72.6 72.6 72.6 72.6 72.6 72.6 72.6 72.6 72.6 72.6 72.6 72.6 72.6 72.6 72.6 72.6 72.6 72.6 72.6 72.6 72.6 72.6 72.6 72.6 72.6 72.6 72.6 72.6 72.6 72.6 72.6 72.6 72.6 72.6 72.6 72.6 72.6 72.6 72.6 72.6 72.6 72.6 72.6 72.6 64.1 64.1 64.1 64.1 64.1 64.1 64.1 64.1 64.1 64.1 64.1 64.1 64.1 64.1 64.1 64.1 64.1 64.1 64.1 64.1 64.1 64.1 64.1 64.1 64.1 64.1 64.1 64.1 64.1 
87.2 87.2 87.2 87.2 87.2 87.2 87.2 87.2 87.2 87.2 87.2 72.6 72.6 72.6 72.6 72.6 72.6 72.6 72.6 72.6 72.6 72.6 72.6 72.6 72.6 72.6 72.6 72.6 72.6 72.6 72.6 72.6 72.6 72.6 72.6 72.6 72.6 72.6 72.6 72.6 72.6 72.6 72.6 72.6 72.6 72.6 72.6 72.6 72.6 72.6 72.6 72.6 72.6 72.6 72.6 72.6 72.6 72.6 72.6 72.6 72.6 72.6 72.6 72.6 72.6 72.6 72.6 72.6 72.6 72.6 72.6 64.1 64.1 64.1 64.1 64.1 64.1 64.1 64.1 64.1 64.1 64.1 64.1 64.1 64.1 64.1 64.1 64.1 64.1 64.1 64.1 64.1 64.1 64.1 64.1 64.1 64.1 64.1 64.1 64.1 
87.2 87.2 87.2 87.2 87.2 87.2 87.2 87.2 87.2 87.2 87.2 72.6 72.6 72.6 72.6 72.6 72.6 72.6 72.6 72.6 72.6 72.6 72.6 72.6 72.6 72.6 72.6 72.6 72.6 72.6 72.6 72.6 72.6 72.6 72.6 72.6 72.6 72.6 72.6 72.6 72.6 72.6 72.6 72.6 72.6 72.6 72.6 72.6 72.6 72.6 72.6 72.6 72.6 72.6 72.6 72.6 72.6 72.6 72.6 72.6 72.6 72.6 72.6 72.6 72.6 72.6 72.6 72.6 72.6 72.6 72.6 64.1 64.1 64.1 64.1 64.1 64.1 64.1 64.1 64.1 64.1 64.1 64.1 64.1 64.1 64.1 64.1 64.1 64.1 64.1 64.1 64.1 64.1 64.1 64.1 64.1 64.1 64.1 64.1 64.1 
87.2 87.2 87.2 87.2 87.2 87.2 87.2 87.2 87.2 87.2 87.2 72.6 72.6 72.6 72.6 72.6 72.6 72.6 72.6 72.6 72.6 72.6 72.6 72.6 72.6 72.6 72.6 72.6 72.6 72.6 72.6 72.6 72.6 72.6 72.6 72.6 72.6 72.6 72.6 72.6 72.6 72.6 72.6 72.6 72.6 72.6 72.6 72.6 72.6 72.6 72.6 72.6 72.6 72.6 72.6 72.6 72.6 72.6 72.6 72.6 72.6 72.6 72.6 72.6 72.6 72.6 72.6 72.6 72.6 72.6 72.6 64.1 64.1 64.1 64.1 64.1 64.1 64.1 64.1 64.1 64.1 64.1 64.1 64.1 64.1 64.1 64.1 64.1 64.1 64.1 64.1 64.1 64.1 64.1 64.1 64.1 64.1 64.1 64.1 64.1 
87.2 87.2 87.2 87.2 87.2 87.2 87.2 87.2 87.2 87.2 87.2 72.6 72.6 72.6 72.6 72.6 72.6 72.6 72.6 72.6 72.6 72.6 72.6 72.6 72.6 72.6 72.6 72.6 72.6 72.6 72.6 72.6 72.6 72.6 72.6 72.6 72.6 72.6 72.6 72.6 72.6 72.6 72.6 72.6 72.6 72.6 72.6 72.6 72.6 72.6 72.6 72.6 72.6 72.6 72.6 72.6 72.6 72.6 72.6 72.6 72.6 72.6 72.6 72.6 72.6 72.6 72.6 72.6 72.6 72.6 72.6 64.1 64.1 64.1 64.1 64.1 64.1 64.1 64.1 64.1 64.1 64.1 64.1 64.1 64.1 64.1 64.1 64.1 64.1 64.1 64.1 64.1 64.1 64.1 64.1 64.1 64.1 64.1 64.1 64.1 
87.2 87.2 87.2 87.2 87.2 87.2 87.2 87.2 87.2 87.2 87.2 72.6 72.6 72.6 72.6 72.6 72.6 72.6 72.6 72.6 72.6 72.6 72.6 72.6 72.6 72.6 72.6 72.6 72.6 72.6 72.6 72.6 72.6 72.6 72.6 72.6 72.6 72.6 72.6 72.6 72.6 72.6 72.6 72.6 72.6 72.6 72.6 72.6 72.6 72.6 72.6 72.6 72.6 72.6 72.6 72.6 72.6 72.6 72.6 72.6 72.6 72.6 72.6 72.6 72.6 72.6 72.6 72.6 72.6 72.6 72.6 64.1 64.1 64.1 64.1 64.1 64.1 64.1 64.1 64.1 64.1 64.1 64.1 64.1 64.1 64.1 64.1 64.1 64.1 64.1 64.1 64.1 64.1 64.1 64.1 64.1 64.1 64.1 64.1 64.1 
87.2 87.2 87.2 87.2 87.2 87.2 87.2 87.2 87.2 87.2 87.2 72.6 72.6 72.6 72.6 72.6 72.6 72.6 72.6 72.6 72.6 72.6 72.6 72.6 72.6 72.6 72.6 72.6 72.6 72.6 72.6 72.6 72.6 72.6 72.6 72.6 72.6 72.6 72.6 72.6 72.6 72.6 72.6 72.6 72.6 72.6 72.6 72.6 72.6 72.6 72.6 72.6 72.6 72.6 72.6 72.6 72.6 72.6 72.6 72.6 72.6 72.6 72.6 72.6 72.6 72.6 72.6 72.6 72.6 72.6 72.6 64.1 64.1 64.1 64.1 64.1 64.1 64.1 64.1 64.1 64.1 64.1 64.1 64.1 64.1 64.1 64.1 64.1 64.1 64.1 64.1 64.1 64.1 64.1 64.1 64.1 64.1 64.1 64.1 64.1 
87.2 87.2 87.2 87.2 87.2 87.2 87.2 87.2 87.2 87.2 87.2 72.6 72.6 72.6 72.6 72.6 72.6 72.6 72.6 72.6 72.6 72.6 72.6 72.6 72.6 72.6 72.6 72.6 72.6 72.6 72.6 72.6 72.6 72.6 72.6 72.6 72.6 72.6 72.6 72.6 72.6 72.6 72.6 72.6 72.6 72.6 72.6 72.6 72.6 72.6 72.6 72.6 72.6 72.6 72.6 72.6 72.6 72.6 72.6 72.6 72.6 72.6 72.6 72.6 72.6 72.6 72.6 72.6 72.6 72.6 72.6 64.1 64.1 64.1 64.1 64.1 64.1 64.1 64.1 64.1 64.1 64.1 64.1 64.1 64.1 64.1 64.1 64.1 64.1 64.1 64.1 64.1 64.1 64.1 64.1 64.1 64.1 64.1 64.1 64.1 
87.2 87.2 87.2 87.2 87.2 87.2 87.2 87.2 87.2 87.2 87.2 72.6 72.6 72.6 72.6 72.6 72.6 72.6 72.6 72.6 72.6 72.6 72.6 72.6 72.6 72.6 72.6 72.6 72.6 72.6 72.6 72.6 72.6 72.6 72.6 72.6 72.6 72.6 72.6 72.6 72.6 72.6 72.6 72.6 72.6 72.6 72.6 72.6 72.6 72.6 72.6 72.6 72.6 72.6 72.6 72.6 72.6 72.6 72.6 72.6 72.6 72.6 72.6 72.6 72.6 72.6 72.6 72.6 72.6 72.6 72.6 64.1 64.1 64.1 64.1 64.1 64.1 64.1 64.1 64.1 64.1 64.1 64.1 64.1 64.1 64.1 64.1 64.1 64.1 64.1 64.1 64.1 64.1 64.1 64.1 64.1 64.1 64.1 64.1 64.1 
91.5 91.5 91.5 91.5 91.5 91.5 91.5 91.5 91.5 91.5 91.5 83.6 83.6 83.6 83.6 83.6 83.6 83.6 83.6 83.6 83.6 83.6 83.6 83.6 83.6 83.6 83.6 83.6 83.6 83.6 83.6 83.6 83.6 83.6 83.6 83.6 83.6 83.6 83.6 83.6 83.6 83.6 83.6 83.6 83.6 83.6 83.6 83.6 83.6 83.6 83.6 83.6 83.6 83.6 83.6 83.6 83.6 83.6 83.6 83.6 83.6 83.6 83.6 83.6 83.6 83.6 83.6 83.6 83.6 83.6 83.6 73.3 73.3 73.3 73.3 73.3 73.3 73.3 73.3 73.3 73.3 73.3 73.3 73.3 73.3 73.3 73.3 73.3 73.3 73.3 73.3 73.3 73.3 73.3 73.3 73.3 73.3 73.3 73.3 73.3 
91.5 91.5 91.5 91.5 91.5 91.5 91.5 91.5 91.5 91.5 91.5 83.6 83.6 83.6 83.6 83.6 83.6 83.6 83.6 83.6 83.6 83.6 83.6 83.6 83.6 83.6 83.6 83.6 83.6 83.6 83.6 83.6 83.6 83.6 83.6 83.6 83.6 83.6 83.6 83.6 83.6 83.6 83.6 83.6 83.6 83.6 83.6 83.6 83.6 83.6 83.6 83.6 83.6 83.6 83.6 83.6 83.6 83.6 83.6 83.6 83.6 83.6 83.6 83.6 83.6 83.6 83.6 83.6 83.6 83.6 83.6 73.3 73.3 73.3 73.3 73.3 73.3 73.3 73.3 73.3 73.3 73.3 73.3 73.3 73.3 73.3 73.3 73.3 73.3 73.3 73.3 73.3 73.3 73.3 73.3 73.3 73.3 73.3 73.3 73.3 
91.5 91.5 91.5 91.5 91.5 91.5 91.5 91.5 91.5 91.5 91.5 83.6 83.6 83.6 83.6 83.6 83.6 83.6 83.6 83.6 83.6 83.6 83.6 83.6 83.6 83.6 83.6 83.6 83.6 83.6 83.6 83.6 83.6 83.6 83.6 83.6 83.6 83.6 83.6 83.6 83.6 83.6 83.6 83.6 83.6 83.6 83.6 83.6 83.6 83.6 83.6 83.6 83.6 83.6 83.6 83.6 83.6 83.6 83.6 83.6 83.6 83.6 83.6 83.6 83.6 83.6 83.6 83.6 83.6 83.6 83.6 73.3 73.3 73.3 73.3 73.3 73.3 73.3 73.3 73.3 73.3 73.3 73.3 73.3 73.3 73.3 73.3 73.3 73.3 73.3 73.3 73.3 73.3 73.3 73.3 73.3 73.3 73.3 73.3 73.3 
91.5 91.5 91.5 91.5 91.5 91.5 91.5 91.5 91.5 91.5 91.5 83.6 83.6 83.6 83.6 83.6 83.6 83.6 83.6 83.6 83.6 83.6 83.6 83.6 83.6 83.6 83.6 83.6 83.6 83.6 83.6 83.6 83.6 83.6 83.6 83.6 83.6 83.6 83.6 83.6 83.6 83.6 83.6 83.6 83.6 83.6 83.6 83.6 83.6 83.6 83.6 83.6 83.6 83.6 83.6 83.6 83.6 83.6 83.6 83.6 83.6 83.6 83.6 83.6 83.6 83.6 83.6 83.6 83.6 83.6 83.6 73.3 73.3 73.3 73.3 73.3 73.3 73.3 73.3 73.3 73.3 73.3 73.3 73.3 73.3 73.3 73.3 73.3 73.3 73.3 73.3 73.3 73.3 73.3 73.3 73.3 73.3 73.3 73.3 73.3 
91.5 91.5 91.5 91.5 91.5 91.5 91.5 91.5 91.5 91.5 91.5 83.6 83.6 83.6 83.6 83.6 83.6 83.6 83.6 83.6 83.6 83.6 83.6 83.6 83.6 83.6 83.6 83.6 83.6 83.6 83.6 83.6 83.6 83.6 83.6 83.6 83.6 83.6 83.6 83.6 83.6 83.6 83.6 83.6 83.6 83.6 83.6 83.6 83.6 83.6 83.6 83.6 83.6 83.6 83.6 83.6 83.6 83.6 83.6 83.6 83.6 83.6 83.6 83.6 83.6 83.6 83.6 83.6 83.6 83.6 83.6 73.3 73.3 73.3 73.3 73.3 73.3 73.3 73.3 73.3 73.3 73.3 73.3 73.3 73.3 73.3 73.3 73.3 73.3 73.3 73.3 73.3 73.3 73.3 73.3 73.3 73.3 73.3 73.3 73.3 
91.5 91.5 91.5 91.5 91.5 91.5 91.5 91.5 91.5 91.5 91.5 83.6 83.6 83.6 83.6 83.6 83.6 83.6 83.6 83.6 83.6 83.6 83.6 83.6 83.6 83.6 83.6 83.6 83.6 83.6 83.6 83.6 83.6 83.6 83.6 83.6 83.6 83.6 83.6 83.6 83.6 83.6 83.6 83.6 83.6 83.6 83.6 83.6 83.6 83.6 83.6 83.6 83.6 83.6 83.6 83.6 83.6 83.6 83.6 83.6 83.6 83.6 83.6 83.6 83.6 83.6 83.6 83.6 83.6 83.6 83.6 73.3 73.3 73.3 73.3 73.3 73.3 73.3 73.3 73.3 73.3 73.3 73.3 73.3 73.3 73.3 73.3 73.3 73.3 73.3 73.3 73.3 73.3 73.3 73.3 73.3 73.3 73.3 73.3 73.3 
91.5 91.5 91.5 91.5 91.5 91.5 91.5 91.5 91.5 91.5 91.5 83.6 83.6 83.6 83.6 83.6 83.6 83.6 83.6 83.6 83.6 83.6 83.6 83.6 83.6 83.6 83.6 83.6 83.6 83.6 83.6 83.6 83.6 83.6 83.6 83.6 83.6 83.6 83.6 83.6 83.6 83.6 83.6 83.6 83.6 83.6 83.6 83.6 83.6 83.6 83.6 83.6 83.6 83.6 83.6 83.6 83.6 83.6 83.6 83.6 83.6 83.6 83.6 83.6 83.6 83.6 83.6 83.6 83.6 83.6 83.6 73.3 73.3 73.3 73.3 73.3 73.3 73.3 73.3 73.3 73.3 73.3 73.3 73.3 73.3 73.3 73.3 73.3 73.3 73.3 73.3 73.3 73.3 73.3 73.3 73.3 73.3 73.3 73.3 73.3 
91.5 91.5 91.5 91.5 91.5 91.5 91.5 91.5 91.5 91.5 91.5 83.6 83.6 83.6 83.6 83.6 83.6 83.6 83.6 83.6 83.6 83.6 83.6 83.6 83.6 83.6 83.6 83.6 83.6 83.6 83.6 83.6 83.6 83.6 83.6 83.6 83.6 83.6 83.6 83.6 83.6 83.6 83.6 83.6 83.6 83.6 83.6 83.6 83.6 83.6 83.6 83.6 83.6 83.6 83.6 83.6 83.6 83.6 83.6 83.6 83.6 83.6 83.6 83.6 83.6 83.6 83.6 83.6 83.6 83.6 83.6 73.3 73.3 73.3 73.3 73.3 73.3 73.3 73.3 73.3 73.3 73.3 73.3 73.3 73.3 73.3 73.3 73.3 73.3 73.3 73.3 73.3 73.3 73.3 73.3 73.3 73.3 73.3 73.3 73.3 
91.5 91.5 91.5 91.5 91.5 91.5 91.5 91.5 91.5 91.5 91.5 83.6 83.6 83.6 83.6 83.6 83.6 83.6 83.6 83.6 83.6 83.6 83.6 83.6 83.6 83.6 83.6 83.6 83.6 83.6 83.6 83.6 83.6 83.6 83.6 83.6 83.6 83.6 83.6 83.6 83.6 83.6 83.6 83.6 83.6 83.6 83.6 83.6 83.6 83.6 83.6 83.6 83.6 83.6 83.6 83.6 83.6 83.6 83.6 83.6 83.6 83.6 83.6 83.6 83.6 83.6 83.6 83.6 83.6 83.6 83.6 73.3 73.3 73.3 73.3 73.3 73.3 73.3 73.3 73.3 73.3 73.3 73.3 73.3 73.3 73.3 73.3 73.3 73.3 73.3 73.3 73.3 73.3 73.3 73.3 73.3 73.3 73.3 73.3 73.3 
91.5 91.5 91.5 91.5 91.5 91.5 91.5 91.5 91.5 91.5 91.5 83.6 83.6 83.6 83.6 83.6 83.6 83.6 83.6 83.6 83.6 83.6 83.6 83.6 83.6 83.6 83.6 83.6 83.6 83.6 83.6 83.6 83.6 83.6 83.6 83.6 83.6 83.6 83.6 83.6 83.6 83.6 83.6 83.6 83.6 83.6 83.6 83.6 83.6 83.6 83.6 83.6 83.6 83.6 83.6 83.6 83.6 83.6 83.6 83.6 83.6 83.6 83.6 83.6 83.6 83.6 83.6 83.6 83.6 83.6 83.6 73.3 73.3 73.3 73.3 73.3 73.3 73.3 73.3 73.3 73.3 73.3 73.3 73.3 73.3 73.3 73.3 73.3 73.3 73.3 73.3 73.3 73.3 73.3 73.3 73.3 73.3 73.3 73.3 73.3 
91.5 91.5 91.5 91.5 91.5 91.5 91.5 91.5 91.5 91.5 91.5 83.6 83.6 83.6 83.6 83.6 83.6 83.6 83.6 83.6 83.6 83.6 83.6 83.6 83.6 83.6 83.6 83.6 83.6 83.6 83.6 83.6 83.6 83.6 83.6 83.6 83.6 83.6 83.6 83.6 83.6 83.6 83.6 83.6 83.6 83.6 83.6 83.6 83.6 83.6 83.6 83.6 83.6 83.6 83.6 83.6 83.6 83.6 83.6 83.6 83.6 83.6 83.6 83.6 83.6 83.6 83.6 83.6 83.6 83.6 83.6 73.3 73.3 73.3 73.3 73.3 73.3 73.3 73.3 73.3 73.3 73.3 73.3 73.3 73.3 73.3 73.3 73.3 73.3 73.3 73.3 73.3 73.3 73.3 73.3 73.3 73.3 73.3 73.3 73.3 
91.5 91.5 91.5 91.5 91.5 91.5 91.5 91.5 91.5 91.5 91.5 83.6 83.6 83.6 83.6 83.6 83.6 83.6 83.6 83.6 83.6 83.6 83.6 83.6 83.6 83.6 83.6 83.6 83.6 83.6 83.6 83.6 83.6 83.6 83.6 83.6 83.6 83.6 83.6 83.6 83.6 83.6 83.6 83.6 83.6 83.6 83.6 83.6 83.6 83.6 83.6 83.6 83.6 83.6 83.6 83.6 83.6 83.6 83.6 83.6 83.6 83.6 83.6 83.6 83.6 83.6 83.6 83.6 83.6 83.6 83.6 73.3 73.3 73.3 73.3 73.3 73.3 73.3 73.3 73.3 73.3 73.3 73.3 73.3 73.3 73.3 73.3 73.3 73.3 73.3 73.3 73.3 73.3 73.3 73.3 73.3 73.3 73.3 73.3 73.3 
91.5 91.5 91.5 91.5 91.5 91.5 91.5 91.5 91.5 91.5 91.5 83.6 83.6 83.6 83.6 83.6 83.6 83.6 83.6 83.6 83.6 83.6 83.6 83.6 83.6 83.6 83.6 83.6 83.6 83.6 83.6 83.6 83.6 83.6 83.6 83.6 83.6 83.6 83.6 83.6 83.6 83.6 83.6 83.6 83.6 83.6 83.6 83.6 83.6 83.6 83.6 83.6 83.6 83.6 83.6 83.6 83.6 83.6 83.6 83.6 83.6 83.6 83.6 83.6 83.6 83.6 83.6 83.6 83.6 83.6 83.6 73.3 73.3 73.3 73.3 73.3 73.3 73.3 73.3 73.3 73.3 73.3 73.3 73.3 73.3 73.3 73.3 73.3 73.3 73.3 73.3 73.3 73.3 73.3 73.3 73.3 73.3 73.3 73.3 73.3 
91.5 91.5 91.5 91.5 91.5 91.5 91.5 91.5 91.5 91.5 91.5 83.6 83.6 83.6 83.6 83.6 83.6 83.6 83.6 83.6 83.6 83.6 83.6 83.6 83.6 83.6 83.6 83.6 83.6 83.6 83.6 83.6 83.6 83.6 83.6 83.6 83.6 83.6 83.6 83.6 83.6 83.6 83.6 83.6 83.6 83.6 83.6 83.6 83.6 83.6 83.6 83.6 83.6 83.6 83.6 83.6 83.6 83.6 83.6 83.6 83.6 83.6 83.6 83.6 83.6 83.6 83.6 83.6 83.6 83.6 83.6 73.3 73.3 73.3 73.3 73.3 73.3 73.3 73.3 73.3 73.3 73.3 73.3 73.3 73.3 73.3 73.3 73.3 73.3 73.3 73.3 73.3 73.3 73.3 73.3 73.3 73.3 73.3 73.3 73.3 
91.5 91.5 91.5 91.5 91.5 91.5 91.5 91.5 91.5 91.5 91.5 83.6 83.6 83.6 83.6 83.6 83.6 83.6 83.6 83.6 83.6 83.6 83.6 83.6 83.6 83.6 83.6 83.6 83.6 83.6 83.6 83.6 83.6 83.6 83.6 83.6 83.6 83.6 83.6 83.6 83.6 83.6 83.6 83.6 83.6 83.6 83.6 83.6 83.6 83.6 83.6 83.6 83.6 83.6 83.6 83.6 83.6 83.6 83.6 83.6 83.6 83.6 83.6 83.6 83.6 83.6 83.6 83.6 83.6 83.6 83.6 73.3 73.3 73.3 73.3 73.3 73.3 73.3 73.3 73.3 73.3 73.3 73.3 73.3 73.3 73.3 73.3 73.3 73.3 73.3 73.3 73.3 73.3 73.3 73.3 73.3 73.3 73.3 73.3 73.3 
91.5 91.5 91.5 91.5 91.5 91.5 91.5 91.5 91.5 91.5 91.5 83.6 83.6 83.6 83.6 83.6 83.6 83.6 83.6 83.6 83.6 83.6 83.6 83.6 83.6 83.6 83.6 83.6 83.6 83.6 83.6 83.6 83.6 83.6 83.6 83.6 83.6 83.6 83.6 83.6 83.6 83.6 83.6 83.6 83.6 83.6 83.6 83.6 83.6 83.6 83.6 83.6 83.6 83.6 83.6 83.6 83.6 83.6 83.6 83.6 83.6 83.6 83.6 83.6 83.6 83.6 83.6 83.6 83.6 83.6 83.6 73.3 73.3 73.3 73.3 73.3 73.3 73.3 73.3 73.3 73.3 73.3 73.3 73.3 73.3 73.3 73.3 73.3 73.3 73.3 73.3 73.3 73.3 73.3 73.3 73.3 73.3 73.3 73.3 73.3 
91.5 91.5 91.5 91.5 91.5 91.5 91.5 91.5 91.5 91.5 91.5 83.6 83.6 83.6 83.6 83.6 83.6 83.6 83.6 83.6 83.6 83.6 83.6 83.6 83.6 83.6 83.6 83.6 83.6 83.6 83.6 83.6 83.6 83.6 83.6 83.6 83.6 83.6 83.6 83.6 83.6 83.6 83.6 83.6 83.6 83.6 83.6 83.6 83.6 83.6 83.6 83.6 83.6 83.6 83.6 83.6 83.6 83.6 83.6 83.6 83.6 83.6 83.6 83.6 83.6 83.6 83.6 83.6 83.6 83.6 83.6 73.3 73.3 73.3 73.3 73.3 73.3 73.3 73.3 73.3 73.3 73.3 73.3 73.3 73.3 73.3 73.3 73.3 73.3 73.3 73.3 73.3 73.3 73.3 73.3 73.3 73.3 73.3 73.3 73.3 
91.5 91.5 91.5 91.5 91.5 91.5 91.5 91.5 91.5 91.5 91.5 83.6 83.6 83.6 83.6 83.6 83.6 83.6 83.6 83.6 83.6 83.6 83.6 83.6 83.6 83.6 83.6 83.6 83.6 83.6 83.6 83.6 83.6 83.6 83.6 83.6 83.6 83.6 83.6 83.6 83.6 83.6 83.6 83.6 83.6 83.6 83.6 83.6 83.6 83.6 83.6 83.6 83.6 83.6 83.6 83.6 83.6 83.6 83.6 83.6 83.6 83.6 83.6 83.6 83.6 83.6 83.6 83.6 83.6 83.6 83.6 73.3 73.3 73.3 73.3 73.3 73.3 73.3 73.3 73.3 73.3 73.3 73.3 73.3 73.3 73.3 73.3 73.3 73.3 73.3 73.3 73.3 73.3 73.3 73.3 73.3 73.3 73.3 73.3 73.3 
91.5 91.5 91.5 91.5 91.5 91.5 91.5 91.5 91.5 91.5 91.5 83.6 83.6 83.6 83.6 83.6 83.6 83.6 83.6 83.6 83.6 83.6 83.6 83.6 83.6 83.6 83.6 83.6 83.6 83.6 83.6 83.6 83.6 83.6 83.6 83.6 83.6 83.6 83.6 83.6 83.6 83.6 83.6 83.6 83.6 83.6 83.6 83.6 83.6 83.6 83.6 83.6 83.6 83.6 83.6 83.6 83.6 83.6 83.6 83.6 83.6 83.6 83.6 83.6 83.6 83.6 83.6 83.6 83.6 83.6 83.6 73.3 73.3 73.3 73.3 73.3 73.3 73.3 73.3 73.3 73.3 73.3 73.3 73.3 73.3 73.3 73.3 73.3 73.3 73.3 73.3 73.3 73.3 73.3 73.3 73.3 73.3 73.3 73.3 73.3 
91.5 91.5 91.5 91.5 91.5 91.5 91.5 91.5 91.5 91.5 91.5 83.6 83.6 83.6 83.6 83.6 83.6 83.6 83.6 83.6 83.6 83.6 83.6 83.6 83.6 83.6 83.6 83.6 83.6 83.6 83.6 83.6 83.6 83.6 83.6 83.6 83.6 83.6 83.6 83.6 83.6 83.6 83.6 83.6 83.6 83.6 83.6 83.6 83.6 83.6 83.6 83.6 83.6 83.6 83.6 83.6 83.6 83.6 83.6 83.6 83.6 83.6 83.6 83.6 83.6 83.6 83.6 83.6 83.6 83.6 83.6 73.3 73.3 73.3 73.3 73.3 73.3 73.3 73.3 73.3 73.3 73.3 73.3 73.3 73.3 73.3 73.3 73.3 73.3 73.3 73.3 73.3 73.3 73.3 73.3 73.3 73.3 73.3 73.3 73.3 
91.5 91.5 91.5 91.5 91.5 91.5 91.5 91.5 91.5 91.5 91.5 83.6 83.6 83.6 83.6 83.6 83.6 83.6 83.6 83.6 83.6 83.6 83.6 83.6 83.6 83.6 83.6 83.6 83.6 83.6 83.6 83.6 83.6 83.6 83.6 83.6 83.6 83.6 83.6 83.6 83.6 83.6 83.6 83.6 83.6 83.6 83.6 83.6 83.6 83.6 83.6 83.6 83.6 83.6 83.6 83.6 83.6 83.6 83.6 83.6 83.6 83.6 83.6 83.6 83.6 83.6 83.6 83.6 83.6 83.6 83.6 73.3 73.3 73.3 73.3 73.3 73.3 73.3 73.3 73.3 73.3 73.3 73.3 73.3 73.3 73.3 73.3 73.3 73.3 73.3 73.3 73.3 73.3 73.3 73.3 73.3 73.3 73.3 73.3 73.3 
91.5 91.5 91.5 91.5 91.5 91.5 91.5 91.5 91.5 91.5 91.5 83.6 83.6 83.6 83.6 83.6 83.6 83.6 83.6 83.6 83.6 83.6 83.6 83.6 83.6 83.6 83.6 83.6 83.6 83.6 83.6 83.6 83.6 83.6 83.6 83.6 83.6 83.6 83.6 83.6 83.6 83.6 83.6 83.6 83.6 83.6 83.6 83.6 83.6 83.6 83.6 83.6 83.6 83.6 83.6 83.6 83.6 83.6 83.6 83.6 83.6 83.6 83.6 83.6 83.6 83.6 83.6 83.6 83.6 83.6 83.6 73.3 73.3 73.3 73.3 73.3 73.3 73.3 73.3 73.3 73.3 73.3 73.3 73.3 73.3 73.3 73.3 73.3 73.3 73.3 73.3 73.3 73.3 73.3 73.3 73.3 73.3 73.3 73.3 73.3 
91.5 91.5 91.5 91.5 91.5 91.5 91.5 91.5 91.5 91.5 91.5 83.6 83.6 83.6 83.6 83.6 83.6 83.6 83.6 83.6 83.6 83.6 83.6 83.6 83.6 83.6 83.6 83.6 83.6 83.6 83.6 83.6 83.6 83.6 83.6 83.6 83.6 83.6 83.6 83.6 83.6 83.6 83.6 83.6 83.6 83.6 83.6 83.6 83.6 83.6 83.6 83.6 83.6 83.6 83.6 83.6 83.6 83.6 83.6 83.6 83.6 83.6 83.6 83.6 83.6 83.6 83.6 83.6 83.6 83.6 83.6 73.3 73.3 73.3 73.3 73.3 73.3 73.3 73.3 73.3 73.3 73.3 73.3 73.3 73.3 73.3 73.3 73.3 73.3 73.3 73.3 73.3 73.3 73.3 73.3 73.3 73.3 73.3 73.3 73.3 
91.5 91.5 91.5 91.5 91.5 91.5 91.5 91.5 91.5 91.5 91.5 83.6 83.6 83.6 83.6 83.6 83.6 83.6 83.6 83.6 83.6 83.6 83.6 83.6 83.6 83.6 83.6 83.6 83.6 83.6 83.6 83.6 83.6 83.6 83.6 83.6 83.6 83.6 83.6 83.6 83.6 83.6 83.6 83.6 83.6 83.6 83.6 83.6 83.6 83.6 83.6 83.6 83.6 83.6 83.6 83.6 83.6 83.6 83.6 83.6 83.6 83.6 83.6 83.6 83.6 83.6 83.6 83.6 83.6 83.6 83.6 73.3 73.3 73.3 73.3 73.3 73.3 73.3 73.3 73.3 73.3 73.3 73.3 73.3 73.3 73.3 73.3 73.3 73.3 73.3 73.3 73.3 73.3 73.3 73.3 73.3 73.3 73.3 73.3 73.3 
91.5 91.5 91.5 91.5 91.5 91.5 91.5 91.5 91.5 91.5 91.5 83.6 83.6 83.6 83.6 83.6 83.6 83.6 83.6 83.6 83.6 83.6 83.6 83.6 83.6 83.6 83.6 83.6 83.6 83.6 83.6 83.6 83.6 83.6 83.6 83.6 83.6 83.6 83.6 83.6 83.6 83.6 83.6 83.6 83.6 83.6 83.6 83.6 83.6 83.6 83.6 83.6 83.6 83.6 83.6 83.6 83.6 83.6 83.6 83.6 83.6 83.6 83.6 83.6 83.6 83.6 83.6 83.6 83.6 83.6 83.6 73.3 73.3 73.3 73.3 73.3 73.3 73.3 73.3 73.3 73.3 73.3 73.3 73.3 73.3 73.3 73.3 73.3 73.3 73.3 73.3 73.3 73.3 73.3 73.3 73.3 73.3 73.3 73.3 73.3 
91.5 91.5 91.5 91.5 91.5 91.5 91.5 91.5 91.5 91.5 91.5 83.6 83.6 83.6 83.6 83.6 83.6 83.6 83.6 83.6 83.6 83.6 83.6 83.6 83.6 83.6 83.6 83.6 83.6 83.6 83.6 83.6 83.6 83.6 83.6 83.6 83.6 83.6 83.6 83.6 83.6 83.6 83.6 83.6 83.6 83.6 83.6 83.6 83.6 83.6 83.6 83.6 83.6 83.6 83.6 83.6 83.6 83.6 83.6 83.6 83.6 83.6 83.6 83.6 83.6 83.6 83.6 83.6 83.6 83.6 83.6 73.3 73.3 73.3 73.3 73.3 73.3 73.3 73.3 73.3 73.3 73.3 73.3 73.3 73.3 73.3 73.3 73.3 73.3 73.3 73.3 73.3 73.3 73.3 73.3 73.3 73.3 73.3 73.3 73.3 
91.5 91.5 91.5 91.5 91.5 91.5 91.5 91.5 91.5 91.5 91.5 83.6 83.6 83.6 83.6 83.6 83.6 83.6 83.6 83.6 83.6 83.6 83.6 83.6 83.6 83.6 83.6 83.6 83.6 83.6 83.6 83.6 83.6 83.6 83.6 83.6 83.6 83.6 83.6 83.6 83.6 83.6 83.6 83.6 83.6 83.6 83.6 83.6 83.6 83.6 83.6 83.6 83.6 83.6 83.6 83.6 83.6 83.6 83.6 83.6 83.6 83.6 83.6 83.6 83.6 83.6 83.6 83.6 83.6 83.6 83.6 73.3 73.3 73.3 73.3 73.3 73.3 73.3 73.3 73.3 73.3 73.3 73.3 73.3 73.3 73.3 73.3 73.3 73.3 73.3 73.3 73.3 73.3 73.3 73.3 73.3 73.3 73.3 73.3 73.3 
91.5 91.5 91.5 91.5 91.5 91.5 91.5 91.5 91.5 91.5 91.5 83.6 83.6 83.6 83.6 83.6 83.6 83.6 83.6 83.6 83.6 83.6 83.6 83.6 83.6 83.6 83.6 83.6 83.6 83.6 83.6 83.6 83.6 83.6 83.6 83.6 83.6 83.6 83.6 83.6 83.6 83.6 83.6 83.6 83.6 83.6 83.6 83.6 83.6 83.6 83.6 83.6 83.6 83.6 83.6 83.6 83.6 83.6 83.6 83.6 83.6 83.6 83.6 83.6 83.6 83.6 83.6 83.6 83.6 83.6 83.6 73.3 73.3 73.3 73.3 73.3 73.3 73.3 73.3 73.3 73.3 73.3 73.3 73.3 73.3 73.3 73.3 73.3 73.3 73.3 73.3 73.3 73.3 73.3 73.3 73.3 73.3 73.3 73.3 73.3 
91.5 91.5 91.5 91.5 91.5 91.5 91.5 91.5 91.5 91.5 91.5 83.6 83.6 83.6 83.6 83.6 83.6 83.6 83.6 83.6 83.6 83.6 83.6 83.6 83.6 83.6 83.6 83.6 83.6 83.6 83.6 83.6 83.6 83.6 83.6 83.6 83.6 83.6 83.6 83.6 83.6 83.6 83.6 83.6 83.6 83.6 83.6 83.6 83.6 83.6 83.6 83.6 83.6 83.6 83.6 83.6 83.6 83.6 83.6 83.6 83.6 83.6 83.6 83.6 83.6 83.6 83.6 83.6 83.6 83.6 83.6 73.3 73.3 73.3 73.3 73.3 73.3 73.3 73.3 73.3 73.3 73.3 73.3 73.3 73.3 73.3 73.3 73.3 73.3 73.3 73.3 73.3 73.3 73.3 73.3 73.3 73.3 73.3 73.3 73.3 
91.5 91.5 91.5 91.5 91.5 91.5 91.5 91.5 91.5 91.5 91.5 83.6 83.6 83.6 83.6 83.6 83.6 83.6 83.6 83.6 83.6 83.6 83.6 83.6 83.6 83.6 83.6 83.6 83.6 83.6 83.6 83.6 83.6 83.6 83.6 83.6 83.6 83.6 83.6 83.6 83.6 83.6 83.6 83.6 83.6 83.6 83.6 83.6 83.6 83.6 83.6 83.6 83.6 83.6 83.6 83.6 83.6 83.6 83.6 83.6 83.6 83.6 83.6 83.6 83.6 83.6 83.6 83.6 83.6 83.6 83.6 73.3 73.3 73.3 73.3 73.3 73.3 73.3 73.3 73.3 73.3 73.3 73.3 73.3 73.3 73.3 73.3 73.3 73.3 73.3 73.3 73.3 73.3 73.3 73.3 73.3 73.3 73.3 73.3 73.3 
91.5 91.5 91.5 91.5 91.5 91.5 91.5 91.5 91.5 91.5 91.5 83.6 83.6 83.6 83.6 83.6 83.6 83.6 83.6 83.6 83.6 83.6 83.6 83.6 83.6 83.6 83.6 83.6 83.6 83.6 83.6 83.6 83.6 83.6 83.6 83.6 83.6 83.6 83.6 83.6 83.6 83.6 83.6 83.6 83.6 83.6 83.6 83.6 83.6 83.6 83.6 83.6 83.6 83.6 83.6 83.6 83.6 83.6 83.6 83.6 83.6 83.6 83.6 83.6 83.6 83.6 83.6 83.6 83.6 83.6 83.6 73.3 73.3 73.3 73.3 73.3 73.3 73.3 73.3 73.3 73.3 73.3 73.3 73.3 73.3 73.3 73.3 73.3 73.3 73.3 73.3 73.3 73.3 73.3 73.3 73.3 73.3 73.3 73.3 73.3 
91.5 91.5 91.5 91.5 91.5 91.5 91.5 91.5 91.5 91.5 91.5 83.6 83.6 83.6 83.6 83.6 83.6 83.6 83.6 83.6 83.6 83.6 83.6 83.6 83.6 83.6 83.6 83.6 83.6 83.6 83.6 83.6 83.6 83.6 83.6 83.6 83.6 83.6 83.6 83.6 83.6 83.6 83.6 83.6 83.6 83.6 83.6 83.6 83.6 83.6 83.6 83.6 83.6 83.6 83.6 83.6 83.6 83.6 83.6 83.6 83.6 83.6 83.6 83.6 83.6 83.6 83.6 83.6 83.6 83.6 83.6 73.3 73.3 73.3 73.3 73.3 73.3 73.3 73.3 73.3 73.3 73.3 73.3 73.3 73.3 73.3 73.3 73.3 73.3 73.3 73.3 73.3 73.3 73.3 73.3 73.3 73.3 73.3 73.3 73.3 
91.5 91.5 91.5 91.5 91.5 91.5 91.5 91.5 91.5 91.5 91.5 83.6 83.6 83.6 83.6 83.6 83.6 83.6 83.6 83.6 83.6 83.6 83.6 83.6 83.6 83.6 83.6 83.6 83.6 83.6 83.6 83.6 83.6 83.6 83.6 83.6 83.6 83.6 83.6 83.6 83.6 83.6 83.6 83.6 83.6 83.6 83.6 83.6 83.6 83.6 83.6 83.6 83.6 83.6 83.6 83.6 83.6 83.6 83.6 83.6 83.6 83.6 83.6 83.6 83.6 83.6 83.6 83.6 83.6 83.6 83.6 73.3 73.3 73.3 73.3 73.3 73.3 73.3 73.3 73.3 73.3 73.3 73.3 73.3 73.3 73.3 73.3 73.3 73.3 73.3 73.3 73.3 73.3 73.3 73.3 73.3 73.3 73.3 73.3 73.3 
91.5 91.5 91.5 91.5 91.5 91.5 91.5 91.5 91.5 91.5 91.5 83.6 83.6 83.6 83.6 83.6 83.6 83.6 83.6 83.6 83.6 83.6 83.6 83.6 83.6 83.6 83.6 83.6 83.6 83.6 83.6 83.6 83.6 83.6 83.6 83.6 83.6 83.6 83.6 83.6 83.6 83.6 83.6 83.6 83.6 83.6 83.6 83.6 83.6 83.6 83.6 83.6 83.6 83.6 83.6 83.6 83.6 83.6 83.6 83.6 83.6 83.6 83.6 83.6 83.6 83.6 83.6 83.6 83.6 83.6 83.6 73.3 73.3 73.3 73.3 73.3 73.3 73.3 73.3 73.3 73.3 73.3 73.3 73.3 73.3 73.3 73.3 73.3 73.3 73.3 73.3 73.3 73.3 73.3 73.3 73.3 73.3 73.3 73.3 73.3 
91.5 91.5 91.5 91.5 91.5 91.5 91.5 91.5 91.5 91.5 91.5 83.6 83.6 83.6 83.6 83.6 83.6 83.6 83.6 83.6 83.6 83.6 83.6 83.6 83.6 83.6 83.6 83.6 83.6 83.6 83.6 83.6 83.6 83.6 83.6 83.6 83.6 83.6 83.6 83.6 83.6 83.6 83.6 83.6 83.6 83.6 83.6 83.6 83.6 83.6 83.6 83.6 83.6 83.6 83.6 83.6 83.6 83.6 83.6 83.6 83.6 83.6 83.6 83.6 83.6 83.6 83.6 83.6 83.6 83.6 83.6 73.3 73.3 73.3 73.3 73.3 73.3 73.3 73.3 73.3 73.3 73.3 73.3 73.3 73.3 73.3 73.3 73.3 73.3 73.3 73.3 73.3 73.3 73.3 73.3 73.3 73.3 73.3 73.3 73.3 
91.5 91.5 91.5 91.5 91.5 91.5 91.5 91.5 91.5 91.5 91.5 83.6 83.6 83.6 83.6 83.6 83.6 83.6 83.6 83.6 83.6 83.6 83.6 83.6 83.6 83.6 83.6 83.6 83.6 83.6 83.6 83.6 83.6 83.6 83.6 83.6 83.6 83.6 83.6 83.6 83.6 83.6 83.6 83.6 83.6 83.6 83.6 83.6 83.6 83.6 83.6 83.6 83.6 83.6 83.6 83.6 83.6 83.6 83.6 83.6 83.6 83.6 83.6 83.6 83.6 83.6 83.6 83.6 83.6 83.6 83.6 73.3 73.3 73.3 73.3 73.3 73.3 73.3 73.3 73.3 73.3 73.3 73.3 73.3 73.3 73.3 73.3 73.3 73.3 73.3 73.3 73.3 73.3 73.3 73.3 73.3 73.3 73.3 73.3 73.3 
91.5 91.5 91.5 91.5 91.5 91.5 91.5 91.5 91.5 91.5 91.5 83.6 83.6 83.6 83.6 83.6 83.6 83.6 83.6 83.6 83.6 83.6 83.6 83.6 83.6 83.6 83.6 83.6 83.6 83.6 83.6 83.6 83.6 83.6 83.6 83.6 83.6 83.6 83.6 83.6 83.6 83.6 83.6 83.6 83.6 83.6 83.6 83.6 83.6 83.6 83.6 83.6 83.6 83.6 83.6 83.6 83.6 83.6 83.6 83.6 83.6 83.6 83.6 83.6 83.6 83.6 83.6 83.6 83.6 83.6 83.6 73.3 73.3 73.3 73.3 73.3 73.3 73.3 73.3 73.3 73.3 73.3 73.3 73.3 73.3 73.3 73.3 73.3 73.3 73.3 73.3 73.3 73.3 73.3 73.3 73.3 73.3 73.3 73.3 73.3 
91.5 91.5 91.5 91.5 91.5 91.5 91.5 91.5 91.5 91.5 91.5 83.6 83.6 83.6 83.6 83.6 83.6 83.6 83.6 83.6 83.6 83.6 83.6 83.6 83.6 83.6 83.6 83.6 83.6 83.6 83.6 83.6 83.6 83.6 83.6 83.6 83.6 83.6 83.6 83.6 83.6 83.6 83.6 83.6 83.6 83.6 83.6 83.6 83.6 83.6 83.6 83.6 83.6 83.6 83.6 83.6 83.6 83.6 83.6 83.6 83.6 83.6 83.6 83.6 83.6 83.6 83.6 83.6 83.6 83.6 83.6 73.3 73.3 73.3 73.3 73.3 73.3 73.3 73.3 73.3 73.3 73.3 73.3 73.3 73.3 73.3 73.3 73.3 73.3 73.3 73.3 73.3 73.3 73.3 73.3 73.3 73.3 73.3 73.3 73.3 
91.5 91.5 91.5 91.5 91.5 91.5 91.5 91.5 91.5 91.5 91.5 83.6 83.6 83.6 83.6 83.6 83.6 83.6 83.6 83.6 83.6 83.6 83.6 83.6 83.6 83.6 83.6 83.6 83.6 83.6 83.6 83.6 83.6 83.6 83.6 83.6 83.6 83.6 83.6 83.6 83.6 83.6 83.6 83.6 83.6 83.6 83.6 83.6 83.6 83.6 83.6 83.6 83.6 83.6 83.6 83.6 83.6 83.6 83.6 83.6 83.6 83.6 83.6 83.6 83.6 83.6 83.6 83.6 83.6 83.6 83.6 73.3 73.3 73.3 73.3 73.3 73.3 73.3 73.3 73.3 73.3 73.3 73.3 73.3 73.3 73.3 73.3 73.3 73.3 73.3 73.3 73.3 73.3 73.3 73.3 73.3 73.3 73.3 73.3 73.3 
91.5 91.5 91.5 91.5 91.5 91.5 91.5 91.5 91.5 91.5 91.5 83.6 83.6 83.6 83.6 83.6 83.6 83.6 83.6 83.6 83.6 83.6 83.6 83.6 83.6 83.6 83.6 83.6 83.6 83.6 83.6 83.6 83.6 83.6 83.6 83.6 83.6 83.6 83.6 83.6 83.6 83.6 83.6 83.6 83.6 83.6 83.6 83.6 83.6 83.6 83.6 83.6 83.6 83.6 83.6 83.6 83.6 83.6 83.6 83.6 83.6 83.6 83.6 83.6 83.6 83.6 83.6 83.6 83.6 83.6 83.6 73.3 73.3 73.3 73.3 73.3 73.3 73.3 73.3 73.3 73.3 73.3 73.3 73.3 73.3 73.3 73.3 73.3 73.3 73.3 73.3 73.3 73.3 73.3 73.3 73.3 73.3 73.3 73.3 73.3 
91.5 91.5 91.5 91.5 91.5 91.5 91.5 91.5 91.5 91.5 91.5 83.6 83.6 83.6 83.6 83.6 83.6 83.6 83.6 83.6 83.6 83.6 83.6 83.6 83.6 83.6 83.6 83.6 83.6 83.6 83.6 83.6 83.6 83.6 83.6 83.6 83.6 83.6 83.6 83.6 83.6 83.6 83.6 83.6 83.6 83.6 83.6 83.6 83.6 83.6 83.6 83.6 83.6 83.6 83.6 83.6 83.6 83.6 83.6 83.6 83.6 83.6 83.6 83.6 83.6 83.6 83.6 83.6 83.6 83.6 83.6 73.3 73.3 73.3 73.3 73.3 73.3 73.3 73.3 73.3 73.3 73.3 73.3 73.3 73.3 73.3 73.3 73.3 73.3 73.3 73.3 73.3 73.3 73.3 73.3 73.3 73.3 73.3 73.3 73.3 
91.5 91.5 91.5 91.5 91.5 91.5 91.5 91.5 91.5 91.5 91.5 83.6 83.6 83.6 83.6 83.6 83.6 83.6 83.6 83.6 83.6 83.6 83.6 83.6 83.6 83.6 83.6 83.6 83.6 83.6 83.6 83.6 83.6 83.6 83.6 83.6 83.6 83.6 83.6 83.6 83.6 83.6 83.6 83.6 83.6 83.6 83.6 83.6 83.6 83.6 83.6 83.6 83.6 83.6 83.6 83.6 83.6 83.6 83.6 83.6 83.6 83.6 83.6 83.6 83.6 83.6 83.6 83.6 83.6 83.6 83.6 73.3 73.3 73.3 73.3 73.3 73.3 73.3 73.3 73.3 73.3 73.3 73.3 73.3 73.3 73.3 73.3 73.3 73.3 73.3 73.3 73.3 73.3 73.3 73.3 73.3 73.3 73.3 73.3 73.3 
91.5 91.5 91.5 91.5 91.5 91.5 91.5 91.5 91.5 91.5 91.5 83.6 83.6 83.6 83.6 83.6 83.6 83.6 83.6 83.6 83.6 83.6 83.6 83.6 83.6 83.6 83.6 83.6 83.6 83.6 83.6 83.6 83.6 83.6 83.6 83.6 83.6 83.6 83.6 83.6 83.6 83.6 83.6 83.6 83.6 83.6 83.6 83.6 83.6 83.6 83.6 83.6 83.6 83.6 83.6 83.6 83.6 83.6 83.6 83.6 83.6 83.6 83.6 83.6 83.6 83.6 83.6 83.6 83.6 83.6 83.6 73.3 73.3 73.3 73.3 73.3 73.3 73.3 73.3 73.3 73.3 73.3 73.3 73.3 73.3 73.3 73.3 73.3 73.3 73.3 73.3 73.3 73.3 73.3 73.3 73.3 73.3 73.3 73.3 73.3 
91.5 91.5 91.5 91.5 91.5 91.5 91.5 91.5 91.5 91.5 91.5 83.6 83.6 83.6 83.6 83.6 83.6 83.6 83.6 83.6 83.6 83.6 83.6 83.6 83.6 83.6 83.6 83.6 83.6 83.6 83.6 83.6 83.6 83.6 83.6 83.6 83.6 83.6 83.6 83.6 83.6 83.6 83.6 83.6 83.6 83.6 83.6 83.6 83.6 83.6 83.6 83.6 83.6 83.6 83.6 83.6 83.6 83.6 83.6 83.6 83.6 83.6 83.6 83.6 83.6 83.6 83.6 83.6 83.6 83.6 83.6 73.3 73.3 73.3 73.3 73.3 73.3 73.3 73.3 73.3 73.3 73.3 73.3 73.3 73.3 73.3 73.3 73.3 73.3 73.3 73.3 73.3 73.3 73.3 73.3 73.3 73.3 73.3 73.3 73.3 
91.5 91.5 91.5 91.5 91.5 91.5 91.5 91.5 91.5 91.5 91.5 83.6 83.6 83.6 83.6 83.6 83.6 83.6 83.6 83.6 83.6 83.6 83.6 83.6 83.6 83.6 83.6 83.6 83.6 83.6 83.6 83.6 83.6 83.6 83.6 83.6 83.6 83.6 83.6 83.6 83.6 83.6 83.6 83.6 83.6 83.6 83.6 83.6 83.6 83.6 83.6 83.6 83.6 83.6 83.6 83.6 83.6 83.6 83.6 83.6 83.6 83.6 83.6 83.6 83.6 83.6 83.6 83.6 83.6 83.6 83.6 73.3 73.3 73.3 73.3 73.3 73.3 73.3 73.3 73.3 73.3 73.3 73.3 73.3 73.3 73.3 73.3 73.3 73.3 73.3 73.3 73.3 73.3 73.3 73.3 73.3 73.3 73.3 73.3 73.3 
91.5 91.5 91.5 91.5 91.5 91.5 91.5 91.5 91.5 91.5 91.5 83.6 83.6 83.6 83.6 83.6 83.6 83.6 83.6 83.6 83.6 83.6 83.6 83.6 83.6 83.6 83.6 83.6 83.6 83.6 83.6 83.6 83.6 83.6 83.6 83.6 83.6 83.6 83.6 83.6 83.6 83.6 83.6 83.6 83.6 83.6 83.6 83.6 83.6 83.6 83.6 83.6 83.6 83.6 83.6 83.6 83.6 83.6 83.6 83.6 83.6 83.6 83.6 83.6 83.6 83.6 83.6 83.6 83.6 83.6 83.6 73.3 73.3 73.3 73.3 73.3 73.3 73.3 73.3 73.3 73.3 73.3 73.3 73.3 73.3 73.3 73.3 73.3 73.3 73.3 73.3 73.3 73.3 73.3 73.3 73.3 73.3 73.3 73.3 73.3 
91.5 91.5 91.5 91.5 91.5 91.5 91.5 91.5 91.5 91.5 91.5 83.6 83.6 83.6 83.6 83.6 83.6 83.6 83.6 83.6 83.6 83.6 83.6 83.6 83.6 83.6 83.6 83.6 83.6 83.6 83.6 83.6 83.6 83.6 83.6 83.6 83.6 83.6 83.6 83.6 83.6 83.6 83.6 83.6 83.6 83.6 83.6 83.6 83.6 83.6 83.6 83.6 83.6 83.6 83.6 83.6 83.6 83.6 83.6 83.6 83.6 83.6 83.6 83.6 83.6 83.6 83.6 83.6 83.6 83.6 83.6 73.3 73.3 73.3 73.3 73.3 73.3 73.3 73.3 73.3 73.3 73.3 73.3 73.3 73.3 73.3 73.3 73.3 73.3 73.3 73.3 73.3 73.3 73.3 73.3 73.3 73.3 73.3 73.3 73.3 
91.5 91.5 91.5 91.5 91.5 91.5 91.5 91.5 91.5 91.5 91.5 83.6 83.6 83.6 83.6 83.6 83.6 83.6 83.6 83.6 83.6 83.6 83.6 83.6 83.6 83.6 83.6 83.6 83.6 83.6 83.6 83.6 83.6 83.6 83.6 83.6 83.6 83.6 83.6 83.6 83.6 83.6 83.6 83.6 83.6 83.6 83.6 83.6 83.6 83.6 83.6 83.6 83.6 83.6 83.6 83.6 83.6 83.6 83.6 83.6 83.6 83.6 83.6 83.6 83.6 83.6 83.6 83.6 83.6 83.6 83.6 73.3 73.3 73.3 73.3 73.3 73.3 73.3 73.3 73.3 73.3 73.3 73.3 73.3 73.3 73.3 73.3 73.3 73.3 73.3 73.3 73.3 73.3 73.3 73.3 73.3 73.3 73.3 73.3 73.3 
91.5 91.5 91.5 91.5 91.5 91.5 91.5 91.5 91.5 91.5 91.5 83.6 83.6 83.6 83.6 83.6 83.6 83.6 83.6 83.6 83.6 83.6 83.6 83.6 83.6 83.6 83.6 83.6 83.6 83.6 83.6 83.6 83.6 83.6 83.6 83.6 83.6 83.6 83.6 83.6 83.6 83.6 83.6 83.6 83.6 83.6 83.6 83.6 83.6 83.6 83.6 83.6 83.6 83.6 83.6 83.6 83.6 83.6 83.6 83.6 83.6 83.6 83.6 83.6 83.6 83.6 83.6 83.6 83.6 83.6 83.6 73.3 73.3 73.3 73.3 73.3 73.3 73.3 73.3 73.3 73.3 73.3 73.3 73.3 73.3 73.3 73.3 73.3 73.3 73.3 73.3 73.3 73.3 73.3 73.3 73.3 73.3 73.3 73.3 73.3 
91.5 91.5 91.5 91.5 91.5 91.5 91.5 91.5 91.5 91.5 91.5 83.6 83.6 83.6 83.6 83.6 83.6 83.6 83.6 83.6 83.6 83.6 83.6 83.6 83.6 83.6 83.6 83.6 83.6 83.6 83.6 83.6 83.6 83.6 83.6 83.6 83.6 83.6 83.6 83.6 83.6 83.6 83.6 83.6 83.6 83.6 83.6 83.6 83.6 83.6 83.6 83.6 83.6 83.6 83.6 83.6 83.6 83.6 83.6 83.6 83.6 83.6 83.6 83.6 83.6 83.6 83.6 83.6 83.6 83.6 83.6 73.3 73.3 73.3 73.3 73.3 73.3 73.3 73.3 73.3 73.3 73.3 73.3 73.3 73.3 73.3 73.3 73.3 73.3 73.3 73.3 73.3 73.3 73.3 73.3 73.3 73.3 73.3 73.3 73.3 
91.5 91.5 91.5 91.5 91.5 91.5 91.5 91.5 91.5 91.5 91.5 83.6 83.6 83.6 83.6 83.6 83.6 83.6 83.6 83.6 83.6 83.6 83.6 83.6 83.6 83.6 83.6 83.6 83.6 83.6 83.6 83.6 83.6 83.6 83.6 83.6 83.6 83.6 83.6 83.6 83.6 83.6 83.6 83.6 83.6 83.6 83.6 83.6 83.6 83.6 83.6 83.6 83.6 83.6 83.6 83.6 83.6 83.6 83.6 83.6 83.6 83.6 83.6 83.6 83.6 83.6 83.6 83.6 83.6 83.6 83.6 73.3 73.3 73.3 73.3 73.3 73.3 73.3 73.3 73.3 73.3 73.3 73.3 73.3 73.3 73.3 73.3 73.3 73.3 73.3 73.3 73.3 73.3 73.3 73.3 73.3 73.3 73.3 73.3 73.3 
91.5 91.5 91.5 91.5 91.5 91.5 91.5 91.5 91.5 91.5 91.5 83.6 83.6 83.6 83.6 83.6 83.6 83.6 83.6 83.6 83.6 83.6 83.6 83.6 83.6 83.6 83.6 83.6 83.6 83.6 83.6 83.6 83.6 83.6 83.6 83.6 83.6 83.6 83.6 83.6 83.6 83.6 83.6 83.6 83.6 83.6 83.6 83.6 83.6 83.6 83.6 83.6 83.6 83.6 83.6 83.6 83.6 83.6 83.6 83.6 83.6 83.6 83.6 83.6 83.6 83.6 83.6 83.6 83.6 83.6 83.6 73.3 73.3 73.3 73.3 73.3 73.3 73.3 73.3 73.3 73.3 73.3 73.3 73.3 73.3 73.3 73.3 73.3 73.3 73.3 73.3 73.3 73.3 73.3 73.3 73.3 73.3 73.3 73.3 73.3 
91.5 91.5 91.5 91.5 91.5 91.5 91.5 91.5 91.5 91.5 91.5 83.6 83.6 83.6 83.6 83.6 83.6 83.6 83.6 83.6 83.6 83.6 83.6 83.6 83.6 83.6 83.6 83.6 83.6 83.6 83.6 83.6 83.6 83.6 83.6 83.6 83.6 83.6 83.6 83.6 83.6 83.6 83.6 83.6 83.6 83.6 83.6 83.6 83.6 83.6 83.6 83.6 83.6 83.6 83.6 83.6 83.6 83.6 83.6 83.6 83.6 83.6 83.6 83.6 83.6 83.6 83.6 83.6 83.6 83.6 83.6 73.3 73.3 73.3 73.3 73.3 73.3 73.3 73.3 73.3 73.3 73.3 73.3 73.3 73.3 73.3 73.3 73.3 73.3 73.3 73.3 73.3 73.3 73.3 73.3 73.3 73.3 73.3 73.3 73.3 
91.5 91.5 91.5 91.5 91.5 91.5 91.5 91.5 91.5 91.5 91.5 83.6 83.6 83.6 83.6 83.6 83.6 83.6 83.6 83.6 83.6 83.6 83.6 83.6 83.6 83.6 83.6 83.6 83.6 83.6 83.6 83.6 83.6 83.6 83.6 83.6 83.6 83.6 83.6 83.6 83.6 83.6 83.6 83.6 83.6 83.6 83.6 83.6 83.6 83.6 83.6 83.6 83.6 83.6 83.6 83.6 83.6 83.6 83.6 83.6 83.6 83.6 83.6 83.6 83.6 83.6 83.6 83.6 83.6 83.6 83.6 73.3 73.3 73.3 73.3 73.3 73.3 73.3 73.3 73.3 73.3 73.3 73.3 73.3 73.3 73.3 73.3 73.3 73.3 73.3 73.3 73.3 73.3 73.3 73.3 73.3 73.3 73.3 73.3 73.3 
91.5 91.5 91.5 91.5 91.5 91.5 91.5 91.5 91.5 91.5 91.5 83.6 83.6 83.6 83.6 83.6 83.6 83.6 83.6 83.6 83.6 83.6 83.6 83.6 83.6 83.6 83.6 83.6 83.6 83.6 83.6 83.6 83.6 83.6 83.6 83.6 83.6 83.6 83.6 83.6 83.6 83.6 83.6 83.6 83.6 83.6 83.6 83.6 83.6 83.6 83.6 83.6 83.6 83.6 83.6 83.6 83.6 83.6 83.6 83.6 83.6 83.6 83.6 83.6 83.6 83.6 83.6 83.6 83.6 83.6 83.6 73.3 73.3 73.3 73.3 73.3 73.3 73.3 73.3 73.3 73.3 73.3 73.3 73.3 73.3 73.3 73.3 73.3 73.3 73.3 73.3 73.3 73.3 73.3 73.3 73.3 73.3 73.3 73.3 73.3 
91.5 91.5 91.5 91.5 91.5 91.5 91.5 91.5 91.5 91.5 91.5 83.6 83.6 83.6 83.6 83.6 83.6 83.6 83.6 83.6 83.6 83.6 83.6 83.6 83.6 83.6 83.6 83.6 83.6 83.6 83.6 83.6 83.6 83.6 83.6 83.6 83.6 83.6 83.6 83.6 83.6 83.6 83.6 83.6 83.6 83.6 83.6 83.6 83.6 83.6 83.6 83.6 83.6 83.6 83.6 83.6 83.6 83.6 83.6 83.6 83.6 83.6 83.6 83.6 83.6 83.6 83.6 83.6 83.6 83.6 83.6 73.3 73.3 73.3 73.3 73.3 73.3 73.3 73.3 73.3 73.3 73.3 73.3 73.3 73.3 73.3 73.3 73.3 73.3 73.3 73.3 73.3 73.3 73.3 73.3 73.3 73.3 73.3 73.3 73.3 
91.5 91.5 91.5 91.5 91.5 91.5 91.5 91.5 91.5 91.5 91.5 83.6 83.6 83.6 83.6 83.6 83.6 83.6 83.6 83.6 83.6 83.6 83.6 83.6 83.6 83.6 83.6 83.6 83.6 83.6 83.6 83.6 83.6 83.6 83.6 83.6 83.6 83.6 83.6 83.6 83.6 83.6 83.6 83.6 83.6 83.6 83.6 83.6 83.6 83.6 83.6 83.6 83.6 83.6 83.6 83.6 83.6 83.6 83.6 83.6 83.6 83.6 83.6 83.6 83.6 83.6 83.6 83.6 83.6 83.6 83.6 73.3 73.3 73.3 73.3 73.3 73.3 73.3 73.3 73.3 73.3 73.3 73.3 73.3 73.3 73.3 73.3 73.3 73.3 73.3 73.3 73.3 73.3 73.3 73.3 73.3 73.3 73.3 73.3 73.3 
91.5 91.5 91.5 91.5 91.5 91.5 91.5 91.5 91.5 91.5 91.5 83.6 83.6 83.6 83.6 83.6 83.6 83.6 83.6 83.6 83.6 83.6 83.6 83.6 83.6 83.6 83.6 83.6 83.6 83.6 83.6 83.6 83.6 83.6 83.6 83.6 83.6 83.6 83.6 83.6 83.6 83.6 83.6 83.6 83.6 83.6 83.6 83.6 83.6 83.6 83.6 83.6 83.6 83.6 83.6 83.6 83.6 83.6 83.6 83.6 83.6 83.6 83.6 83.6 83.6 83.6 83.6 83.6 83.6 83.6 83.6 73.3 73.3 73.3 73.3 73.3 73.3 73.3 73.3 73.3 73.3 73.3 73.3 73.3 73.3 73.3 73.3 73.3 73.3 73.3 73.3 73.3 73.3 73.3 73.3 73.3 73.3 73.3 73.3 73.3 
91.5 91.5 91.5 91.5 91.5 91.5 91.5 91.5 91.5 91.5 91.5 83.6 83.6 83.6 83.6 83.6 83.6 83.6 83.6 83.6 83.6 83.6 83.6 83.6 83.6 83.6 83.6 83.6 83.6 83.6 83.6 83.6 83.6 83.6 83.6 83.6 83.6 83.6 83.6 83.6 83.6 83.6 83.6 83.6 83.6 83.6 83.6 83.6 83.6 83.6 83.6 83.6 83.6 83.6 83.6 83.6 83.6 83.6 83.6 83.6 83.6 83.6 83.6 83.6 83.6 83.6 83.6 83.6 83.6 83.6 83.6 73.3 73.3 73.3 73.3 73.3 73.3 73.3 73.3 73.3 73.3 73.3 73.3 73.3 73.3 73.3 73.3 73.3 73.3 73.3 73.3 73.3 73.3 73.3 73.3 73.3 73.3 73.3 73.3 73.3 
91.5 91.5 91.5 91.5 91.5 91.5 91.5 91.5 91.5 91.5 91.5 83.6 83.6 83.6 83.6 83.6 83.6 83.6 83.6 83.6 83.6 83.6 83.6 83.6 83.6 83.6 83.6 83.6 83.6 83.6 83.6 83.6 83.6 83.6 83.6 83.6 83.6 83.6 83.6 83.6 83.6 83.6 83.6 83.6 83.6 83.6 83.6 83.6 83.6 83.6 83.6 83.6 83.6 83.6 83.6 83.6 83.6 83.6 83.6 83.6 83.6 83.6 83.6 83.6 83.6 83.6 83.6 83.6 83.6 83.6 83.6 73.3 73.3 73.3 73.3 73.3 73.3 73.3 73.3 73.3 73.3 73.3 73.3 73.3 73.3 73.3 73.3 73.3 73.3 73.3 73.3 73.3 73.3 73.3 73.3 73.3 73.3 73.3 73.3 73.3 
118.9 118.9 118.9 118.9 118.9 118.9 118.9 118.9 118.9 118.9 118.9 110.5 110.5 110.5 110.5 110.5 110.5 110.5 110.5 110.5 110.5 110.5 110.5 110.5 110.5 110.5 110.5 110.5 110.5 110.5 110.5 110.5 110.5 110.5 110.5 110.5 110.5 110.5 110.5 110.5 110.5 110.5 110.5 110.5 110.5 110.5 110.5 110.5 110.5 110.5 110.5 110.5 110.5 110.5 110.5 110.5 110.5 110.5 110.5 110.5 110.5 110.5 110.5 110.5 110.5 110.5 110.5 110.5 110.5 110.5 110.5 95.4 95.4 95.4 95.4 95.4 95.4 95.4 95.4 95.4 95.4 95.4 95.4 95.4 95.4 95.4 95.4 95.4 95.4 95.4 95.4 95.4 95.4 95.4 95.4 95.4 95.4 95.4 95.4 95.4 
118.9 118.9 118.9 118.9 118.9 118.9 118.9 118.9 118.9 118.9 118.9 110.5 110.5 110.5 110.5 110.5 110.5 110.5 110.5 110.5 110.5 110.5 110.5 110.5 110.5 110.5 110.5 110.5 110.5 110.5 110.5 110.5 110.5 110.5 110.5 110.5 110.5 110.5 110.5 110.5 110.5 110.5 110.5 110.5 110.5 110.5 110.5 110.5 110.5 110.5 110.5 110.5 110.5 110.5 110.5 110.5 110.5 110.5 110.5 110.5 110.5 110.5 110.5 110.5 110.5 110.5 110.5 110.5 110.5 110.5 110.5 95.4 95.4 95.4 95.4 95.4 95.4 95.4 95.4 95.4 95.4 95.4 95.4 95.4 95.4 95.4 95.4 95.4 95.4 95.4 95.4 95.4 95.4 95.4 95.4 95.4 95.4 95.4 95.4 95.4 
118.9 118.9 118.9 118.9 118.9 118.9 118.9 118.9 118.9 118.9 118.9 110.5 110.5 110.5 110.5 110.5 110.5 110.5 110.5 110.5 110.5 110.5 110.5 110.5 110.5 110.5 110.5 110.5 110.5 110.5 110.5 110.5 110.5 110.5 110.5 110.5 110.5 110.5 110.5 110.5 110.5 110.5 110.5 110.5 110.5 110.5 110.5 110.5 110.5 110.5 110.5 110.5 110.5 110.5 110.5 110.5 110.5 110.5 110.5 110.5 110.5 110.5 110.5 110.5 110.5 110.5 110.5 110.5 110.5 110.5 110.5 95.4 95.4 95.4 95.4 95.4 95.4 95.4 95.4 95.4 95.4 95.4 95.4 95.4 95.4 95.4 95.4 95.4 95.4 95.4 95.4 95.4 95.4 95.4 95.4 95.4 95.4 95.4 95.4 95.4 
118.9 118.9 118.9 118.9 118.9 118.9 118.9 118.9 118.9 118.9 118.9 110.5 110.5 110.5 110.5 110.5 110.5 110.5 110.5 110.5 110.5 110.5 110.5 110.5 110.5 110.5 110.5 110.5 110.5 110.5 110.5 110.5 110.5 110.5 110.5 110.5 110.5 110.5 110.5 110.5 110.5 110.5 110.5 110.5 110.5 110.5 110.5 110.5 110.5 110.5 110.5 110.5 110.5 110.5 110.5 110.5 110.5 110.5 110.5 110.5 110.5 110.5 110.5 110.5 110.5 110.5 110.5 110.5 110.5 110.5 110.5 95.4 95.4 95.4 95.4 95.4 95.4 95.4 95.4 95.4 95.4 95.4 95.4 95.4 95.4 95.4 95.4 95.4 95.4 95.4 95.4 95.4 95.4 95.4 95.4 95.4 95.4 95.4 95.4 95.4 
118.9 118.9 118.9 118.9 118.9 118.9 118.9 118.9 118.9 118.9 118.9 110.5 110.5 110.5 110.5 110.5 110.5 110.5 110.5 110.5 110.5 110.5 110.5 110.5 110.5 110.5 110.5 110.5 110.5 110.5 110.5 110.5 110.5 110.5 110.5 110.5 110.5 110.5 110.5 110.5 110.5 110.5 110.5 110.5 110.5 110.5 110.5 110.5 110.5 110.5 110.5 110.5 110.5 110.5 110.5 110.5 110.5 110.5 110.5 110.5 110.5 110.5 110.5 110.5 110.5 110.5 110.5 110.5 110.5 110.5 110.5 95.4 95.4 95.4 95.4 95.4 95.4 95.4 95.4 95.4 95.4 95.4 95.4 95.4 95.4 95.4 95.4 95.4 95.4 95.4 95.4 95.4 95.4 95.4 95.4 95.4 95.4 95.4 95.4 95.4 
118.9 118.9 118.9 118.9 118.9 118.9 118.9 118.9 118.9 118.9 118.9 110.5 110.5 110.5 110.5 110.5 110.5 110.5 110.5 110.5 110.5 110.5 110.5 110.5 110.5 110.5 110.5 110.5 110.5 110.5 110.5 110.5 110.5 110.5 110.5 110.5 110.5 110.5 110.5 110.5 110.5 110.5 110.5 110.5 110.5 110.5 110.5 110.5 110.5 110.5 110.5 110.5 110.5 110.5 110.5 110.5 110.5 110.5 110.5 110.5 110.5 110.5 110.5 110.5 110.5 110.5 110.5 110.5 110.5 110.5 110.5 95.4 95.4 95.4 95.4 95.4 95.4 95.4 95.4 95.4 95.4 95.4 95.4 95.4 95.4 95.4 95.4 95.4 95.4 95.4 95.4 95.4 95.4 95.4 95.4 95.4 95.4 95.4 95.4 95.4 
118.9 118.9 118.9 118.9 118.9 118.9 118.9 118.9 118.9 118.9 118.9 110.5 110.5 110.5 110.5 110.5 110.5 110.5 110.5 110.5 110.5 110.5 110.5 110.5 110.5 110.5 110.5 110.5 110.5 110.5 110.5 110.5 110.5 110.5 110.5 110.5 110.5 110.5 110.5 110.5 110.5 110.5 110.5 110.5 110.5 110.5 110.5 110.5 110.5 110.5 110.5 110.5 110.5 110.5 110.5 110.5 110.5 110.5 110.5 110.5 110.5 110.5 110.5 110.5 110.5 110.5 110.5 110.5 110.5 110.5 110.5 95.4 95.4 95.4 95.4 95.4 95.4 95.4 95.4 95.4 95.4 95.4 95.4 95.4 95.4 95.4 95.4 95.4 95.4 95.4 95.4 95.4 95.4 95.4 95.4 95.4 95.4 95.4 95.4 95.4 
118.9 118.9 118.9 118.9 118.9 118.9 118.9 118.9 118.9 118.9 118.9 110.5 110.5 110.5 110.5 110.5 110.5 110.5 110.5 110.5 110.5 110.5 110.5 110.5 110.5 110.5 110.5 110.5 110.5 110.5 110.5 110.5 110.5 110.5 110.5 110.5 110.5 110.5 110.5 110.5 110.5 110.5 110.5 110.5 110.5 110.5 110.5 110.5 110.5 110.5 110.5 110.5 110.5 110.5 110.5 110.5 110.5 110.5 110.5 110.5 110.5 110.5 110.5 110.5 110.5 110.5 110.5 110.5 110.5 110.5 110.5 95.4 95.4 95.4 95.4 95.4 95.4 95.4 95.4 95.4 95.4 95.4 95.4 95.4 95.4 95.4 95.4 95.4 95.4 95.4 95.4 95.4 95.4 95.4 95.4 95.4 95.4 95.4 95.4 95.4 
118.9 118.9 118.9 118.9 118.9 118.9 118.9 118.9 118.9 118.9 118.9 110.5 110.5 110.5 110.5 110.5 110.5 110.5 110.5 110.5 110.5 110.5 110.5 110.5 110.5 110.5 110.5 110.5 110.5 110.5 110.5 110.5 110.5 110.5 110.5 110.5 110.5 110.5 110.5 110.5 110.5 110.5 110.5 110.5 110.5 110.5 110.5 110.5 110.5 110.5 110.5 110.5 110.5 110.5 110.5 110.5 110.5 110.5 110.5 110.5 110.5 110.5 110.5 110.5 110.5 110.5 110.5 110.5 110.5 110.5 110.5 95.4 95.4 95.4 95.4 95.4 95.4 95.4 95.4 95.4 95.4 95.4 95.4 95.4 95.4 95.4 95.4 95.4 95.4 95.4 95.4 95.4 95.4 95.4 95.4 95.4 95.4 95.4 95.4 95.4 
118.9 118.9 118.9 118.9 118.9 118.9 118.9 118.9 118.9 118.9 118.9 110.5 110.5 110.5 110.5 110.5 110.5 110.5 110.5 110.5 110.5 110.5 110.5 110.5 110.5 110.5 110.5 110.5 110.5 110.5 110.5 110.5 110.5 110.5 110.5 110.5 110.5 110.5 110.5 110.5 110.5 110.5 110.5 110.5 110.5 110.5 110.5 110.5 110.5 110.5 110.5 110.5 110.5 110.5 110.5 110.5 110.5 110.5 110.5 110.5 110.5 110.5 110.5 110.5 110.5 110.5 110.5 110.5 110.5 110.5 110.5 95.4 95.4 95.4 95.4 95.4 95.4 95.4 95.4 95.4 95.4 95.4 95.4 95.4 95.4 95.4 95.4 95.4 95.4 95.4 95.4 95.4 95.4 95.4 95.4 95.4 95.4 95.4 95.4 95.4 
118.9 118.9 118.9 118.9 118.9 118.9 118.9 118.9 118.9 118.9 118.9 110.5 110.5 110.5 110.5 110.5 110.5 110.5 110.5 110.5 110.5 110.5 110.5 110.5 110.5 110.5 110.5 110.5 110.5 110.5 110.5 110.5 110.5 110.5 110.5 110.5 110.5 110.5 110.5 110.5 110.5 110.5 110.5 110.5 110.5 110.5 110.5 110.5 110.5 110.5 110.5 110.5 110.5 110.5 110.5 110.5 110.5 110.5 110.5 110.5 110.5 110.5 110.5 110.5 110.5 110.5 110.5 110.5 110.5 110.5 110.5 95.4 95.4 95.4 95.4 95.4 95.4 95.4 95.4 95.4 95.4 95.4 95.4 95.4 95.4 95.4 95.4 95.4 95.4 95.4 95.4 95.4 95.4 95.4 95.4 95.4 95.4 95.4 95.4 95.4 
118.9 118.9 118.9 118.9 118.9 118.9 118.9 118.9 118.9 118.9 118.9 110.5 110.5 110.5 110.5 110.5 110.5 110.5 110.5 110.5 110.5 110.5 110.5 110.5 110.5 110.5 110.5 110.5 110.5 110.5 110.5 110.5 110.5 110.5 110.5 110.5 110.5 110.5 110.5 110.5 110.5 110.5 110.5 110.5 110.5 110.5 110.5 110.5 110.5 110.5 110.5 110.5 110.5 110.5 110.5 110.5 110.5 110.5 110.5 110.5 110.5 110.5 110.5 110.5 110.5 110.5 110.5 110.5 110.5 110.5 110.5 95.4 95.4 95.4 95.4 95.4 95.4 95.4 95.4 95.4 95.4 95.4 95.4 95.4 95.4 95.4 95.4 95.4 95.4 95.4 95.4 95.4 95.4 95.4 95.4 95.4 95.4 95.4 95.4 95.4 
118.9 118.9 118.9 118.9 118.9 118.9 118.9 118.9 118.9 118.9 118.9 110.5 110.5 110.5 110.5 110.5 110.5 110.5 110.5 110.5 110.5 110.5 110.5 110.5 110.5 110.5 110.5 110.5 110.5 110.5 110.5 110.5 110.5 110.5 110.5 110.5 110.5 110.5 110.5 110.5 110.5 110.5 110.5 110.5 110.5 110.5 110.5 110.5 110.5 110.5 110.5 110.5 110.5 110.5 110.5 110.5 110.5 110.5 110.5 110.5 110.5 110.5 110.5 110.5 110.5 110.5 110.5 110.5 110.5 110.5 110.5 95.4 95.4 95.4 95.4 95.4 95.4 95.4 95.4 95.4 95.4 95.4 95.4 95.4 95.4 95.4 95.4 95.4 95.4 95.4 95.4 95.4 95.4 95.4 95.4 95.4 95.4 95.4 95.4 95.4 
118.9 118.9 118.9 118.9 118.9 118.9 118.9 118.9 118.9 118.9 118.9 110.5 110.5 110.5 110.5 110.5 110.5 110.5 110.5 110.5 110.5 110.5 110.5 110.5 110.5 110.5 110.5 110.5 110.5 110.5 110.5 110.5 110.5 110.5 110.5 110.5 110.5 110.5 110.5 110.5 110.5 110.5 110.5 110.5 110.5 110.5 110.5 110.5 110.5 110.5 110.5 110.5 110.5 110.5 110.5 110.5 110.5 110.5 110.5 110.5 110.5 110.5 110.5 110.5 110.5 110.5 110.5 110.5 110.5 110.5 110.5 95.4 95.4 95.4 95.4 95.4 95.4 95.4 95.4 95.4 95.4 95.4 95.4 95.4 95.4 95.4 95.4 95.4 95.4 95.4 95.4 95.4 95.4 95.4 95.4 95.4 95.4 95.4 95.4 95.4 
118.9 118.9 118.9 118.9 118.9 118.9 118.9 118.9 118.9 118.9 118.9 110.5 110.5 110.5 110.5 110.5 110.5 110.5 110.5 110.5 110.5 110.5 110.5 110.5 110.5 110.5 110.5 110.5 110.5 110.5 110.5 110.5 110.5 110.5 110.5 110.5 110.5 110.5 110.5 110.5 110.5 110.5 110.5 110.5 110.5 110.5 110.5 110.5 110.5 110.5 110.5 110.5 110.5 110.5 110.5 110.5 110.5 110.5 110.5 110.5 110.5 110.5 110.5 110.5 110.5 110.5 110.5 110.5 110.5 110.5 110.5 95.4 95.4 95.4 95.4 95.4 95.4 95.4 95.4 95.4 95.4 95.4 95.4 95.4 95.4 95.4 95.4 95.4 95.4 95.4 95.4 95.4 95.4 95.4 95.4 95.4 95.4 95.4 95.4 95.4 
118.9 118.9 118.9 118.9 118.9 118.9 118.9 118.9 118.9 118.9 118.9 110.5 110.5 110.5 110.5 110.5 110.5 110.5 110.5 110.5 110.5 110.5 110.5 110.5 110.5 110.5 110.5 110.5 110.5 110.5 110.5 110.5 110.5 110.5 110.5 110.5 110.5 110.5 110.5 110.5 110.5 110.5 110.5 110.5 110.5 110.5 110.5 110.5 110.5 110.5 110.5 110.5 110.5 110.5 110.5 110.5 110.5 110.5 110.5 110.5 110.5 110.5 110.5 110.5 110.5 110.5 110.5 110.5 110.5 110.5 110.5 95.4 95.4 95.4 95.4 95.4 95.4 95.4 95.4 95.4 95.4 95.4 95.4 95.4 95.4 95.4 95.4 95.4 95.4 95.4 95.4 95.4 95.4 95.4 95.4 95.4 95.4 95.4 95.4 95.4 
118.9 118.9 118.9 118.9 118.9 118.9 118.9 118.9 118.9 118.9 118.9 110.5 110.5 110.5 110.5 110.5 110.5 110.5 110.5 110.5 110.5 110.5 110.5 110.5 110.5 110.5 110.5 110.5 110.5 110.5 110.5 110.5 110.5 110.5 110.5 110.5 110.5 110.5 110.5 110.5 110.5 110.5 110.5 110.5 110.5 110.5 110.5 110.5 110.5 110.5 110.5 110.5 110.5 110.5 110.5 110.5 110.5 110.5 110.5 110.5 110.5 110.5 110.5 110.5 110.5 110.5 110.5 110.5 110.5 110.5 110.5 95.4 95.4 95.4 95.4 95.4 95.4 95.4 95.4 95.4 95.4 95.4 95.4 95.4 95.4 95.4 95.4 95.4 95.4 95.4 95.4 95.4 95.4 95.4 95.4 95.4 95.4 95.4 95.4 95.4 
118.9 118.9 118.9 118.9 118.9 118.9 118.9 118.9 118.9 118.9 118.9 110.5 110.5 110.5 110.5 110.5 110.5 110.5 110.5 110.5 110.5 110.5 110.5 110.5 110.5 110.5 110.5 110.5 110.5 110.5 110.5 110.5 110.5 110.5 110.5 110.5 110.5 110.5 110.5 110.5 110.5 110.5 110.5 110.5 110.5 110.5 110.5 110.5 110.5 110.5 110.5 110.5 110.5 110.5 110.5 110.5 110.5 110.5 110.5 110.5 110.5 110.5 110.5 110.5 110.5 110.5 110.5 110.5 110.5 110.5 110.5 95.4 95.4 95.4 95.4 95.4 95.4 95.4 95.4 95.4 95.4 95.4 95.4 95.4 95.4 95.4 95.4 95.4 95.4 95.4 95.4 95.4 95.4 95.4 95.4 95.4 95.4 95.4 95.4 95.4 
118.9 118.9 118.9 118.9 118.9 118.9 118.9 118.9 118.9 118.9 118.9 110.5 110.5 110.5 110.5 110.5 110.5 110.5 110.5 110.5 110.5 110.5 110.5 110.5 110.5 110.5 110.5 110.5 110.5 110.5 110.5 110.5 110.5 110.5 110.5 110.5 110.5 110.5 110.5 110.5 110.5 110.5 110.5 110.5 110.5 110.5 110.5 110.5 110.5 110.5 110.5 110.5 110.5 110.5 110.5 110.5 110.5 110.5 110.5 110.5 110.5 110.5 110.5 110.5 110.5 110.5 110.5 110.5 110.5 110.5 110.5 95.4 95.4 95.4 95.4 95.4 95.4 95.4 95.4 95.4 95.4 95.4 95.4 95.4 95.4 95.4 95.4 95.4 95.4 95.4 95.4 95.4 95.4 95.4 95.4 95.4 95.4 95.4 95.4 95.4 
118.9 118.9 118.9 118.9 118.9 118.9 118.9 118.9 118.9 118.9 118.9 110.5 110.5 110.5 110.5 110.5 110.5 110.5 110.5 110.5 110.5 110.5 110.5 110.5 110.5 110.5 110.5 110.5 110.5 110.5 110.5 110.5 110.5 110.5 110.5 110.5 110.5 110.5 110.5 110.5 110.5 110.5 110.5 110.5 110.5 110.5 110.5 110.5 110.5 110.5 110.5 110.5 110.5 110.5 110.5 110.5 110.5 110.5 110.5 110.5 110.5 110.5 110.5 110.5 110.5 110.5 110.5 110.5 110.5 110.5 110.5 95.4 95.4 95.4 95.4 95.4 95.4 95.4 95.4 95.4 95.4 95.4 95.4 95.4 95.4 95.4 95.4 95.4 95.4 95.4 95.4 95.4 95.4 95.4 95.4 95.4 95.4 95.4 95.4 95.4 
118.9 118.9 118.9 118.9 118.9 118.9 118.9 118.9 118.9 118.9 118.9 110.5 110.5 110.5 110.5 110.5 110.5 110.5 110.5 110.5 110.5 110.5 110.5 110.5 110.5 110.5 110.5 110.5 110.5 110.5 110.5 110.5 110.5 110.5 110.5 110.5 110.5 110.5 110.5 110.5 110.5 110.5 110.5 110.5 110.5 110.5 110.5 110.5 110.5 110.5 110.5 110.5 110.5 110.5 110.5 110.5 110.5 110.5 110.5 110.5 110.5 110.5 110.5 110.5 110.5 110.5 110.5 110.5 110.5 110.5 110.5 95.4 95.4 95.4 95.4 95.4 95.4 95.4 95.4 95.4 95.4 95.4 95.4 95.4 95.4 95.4 95.4 95.4 95.4 95.4 95.4 95.4 95.4 95.4 95.4 95.4 95.4 95.4 95.4 95.4 
118.9 118.9 118.9 118.9 118.9 118.9 118.9 118.9 118.9 118.9 118.9 110.5 110.5 110.5 110.5 110.5 110.5 110.5 110.5 110.5 110.5 110.5 110.5 110.5 110.5 110.5 110.5 110.5 110.5 110.5 110.5 110.5 110.5 110.5 110.5 110.5 110.5 110.5 110.5 110.5 110.5 110.5 110.5 110.5 110.5 110.5 110.5 110.5 110.5 110.5 110.5 110.5 110.5 110.5 110.5 110.5 110.5 110.5 110.5 110.5 110.5 110.5 110.5 110.5 110.5 110.5 110.5 110.5 110.5 110.5 110.5 95.4 95.4 95.4 95.4 95.4 95.4 95.4 95.4 95.4 95.4 95.4 95.4 95.4 95.4 95.4 95.4 95.4 95.4 95.4 95.4 95.4 95.4 95.4 95.4 95.4 95.4 95.4 95.4 95.4 
118.9 118.9 118.9 118.9 118.9 118.9 118.9 118.9 118.9 118.9 118.9 110.5 110.5 110.5 110.5 110.5 110.5 110.5 110.5 110.5 110.5 110.5 110.5 110.5 110.5 110.5 110.5 110.5 110.5 110.5 110.5 110.5 110.5 110.5 110.5 110.5 110.5 110.5 110.5 110.5 110.5 110.5 110.5 110.5 110.5 110.5 110.5 110.5 110.5 110.5 110.5 110.5 110.5 110.5 110.5 110.5 110.5 110.5 110.5 110.5 110.5 110.5 110.5 110.5 110.5 110.5 110.5 110.5 110.5 110.5 110.5 95.4 95.4 95.4 95.4 95.4 95.4 95.4 95.4 95.4 95.4 95.4 95.4 95.4 95.4 95.4 95.4 95.4 95.4 95.4 95.4 95.4 95.4 95.4 95.4 95.4 95.4 95.4 95.4 95.4 
118.9 118.9 118.9 118.9 118.9 118.9 118.9 118.9 118.9 118.9 118.9 110.5 110.5 110.5 110.5 110.5 110.5 110.5 110.5 110.5 110.5 110.5 110.5 110.5 110.5 110.5 110.5 110.5 110.5 110.5 110.5 110.5 110.5 110.5 110.5 110.5 110.5 110.5 110.5 110.5 110.5 110.5 110.5 110.5 110.5 110.5 110.5 110.5 110.5 110.5 110.5 110.5 110.5 110.5 110.5 110.5 110.5 110.5 110.5 110.5 110.5 110.5 110.5 110.5 110.5 110.5 110.5 110.5 110.5 110.5 110.5 95.4 95.4 95.4 95.4 95.4 95.4 95.4 95.4 95.4 95.4 95.4 95.4 95.4 95.4 95.4 95.4 95.4 95.4 95.4 95.4 95.4 95.4 95.4 95.4 95.4 95.4 95.4 95.4 95.4 
118.9 118.9 118.9 118.9 118.9 118.9 118.9 118.9 118.9 118.9 118.9 110.5 110.5 110.5 110.5 110.5 110.5 110.5 110.5 110.5 110.5 110.5 110.5 110.5 110.5 110.5 110.5 110.5 110.5 110.5 110.5 110.5 110.5 110.5 110.5 110.5 110.5 110.5 110.5 110.5 110.5 110.5 110.5 110.5 110.5 110.5 110.5 110.5 110.5 110.5 110.5 110.5 110.5 110.5 110.5 110.5 110.5 110.5 110.5 110.5 110.5 110.5 110.5 110.5 110.5 110.5 110.5 110.5 110.5 110.5 110.5 95.4 95.4 95.4 95.4 95.4 95.4 95.4 95.4 95.4 95.4 95.4 95.4 95.4 95.4 95.4 95.4 95.4 95.4 95.4 95.4 95.4 95.4 95.4 95.4 95.4 95.4 95.4 95.4 95.4 
118.9 118.9 118.9 118.9 118.9 118.9 118.9 118.9 118.9 118.9 118.9 110.5 110.5 110.5 110.5 110.5 110.5 110.5 110.5 110.5 110.5 110.5 110.5 110.5 110.5 110.5 110.5 110.5 110.5 110.5 110.5 110.5 110.5 110.5 110.5 110.5 110.5 110.5 110.5 110.5 110.5 110.5 110.5 110.5 110.5 110.5 110.5 110.5 110.5 110.5 110.5 110.5 110.5 110.5 110.5 110.5 110.5 110.5 110.5 110.5 110.5 110.5 110.5 110.5 110.5 110.5 110.5 110.5 110.5 110.5 110.5 95.4 95.4 95.4 95.4 95.4 95.4 95.4 95.4 95.4 95.4 95.4 95.4 95.4 95.4 95.4 95.4 95.4 95.4 95.4 95.4 95.4 95.4 95.4 95.4 95.4 95.4 95.4 95.4 95.4 
118.9 118.9 118.9 118.9 118.9 118.9 118.9 118.9 118.9 118.9 118.9 110.5 110.5 110.5 110.5 110.5 110.5 110.5 110.5 110.5 110.5 110.5 110.5 110.5 110.5 110.5 110.5 110.5 110.5 110.5 110.5 110.5 110.5 110.5 110.5 110.5 110.5 110.5 110.5 110.5 110.5 110.5 110.5 110.5 110.5 110.5 110.5 110.5 110.5 110.5 110.5 110.5 110.5 110.5 110.5 110.5 110.5 110.5 110.5 110.5 110.5 110.5 110.5 110.5 110.5 110.5 110.5 110.5 110.5 110.5 110.5 95.4 95.4 95.4 95.4 95.4 95.4 95.4 95.4 95.4 95.4 95.4 95.4 95.4 95.4 95.4 95.4 95.4 95.4 95.4 95.4 95.4 95.4 95.4 95.4 95.4 95.4 95.4 95.4 95.4 
118.9 118.9 118.9 118.9 118.9 118.9 118.9 118.9 118.9 118.9 118.9 110.5 110.5 110.5 110.5 110.5 110.5 110.5 110.5 110.5 110.5 110.5 110.5 110.5 110.5 110.5 110.5 110.5 110.5 110.5 110.5 110.5 110.5 110.5 110.5 110.5 110.5 110.5 110.5 110.5 110.5 110.5 110.5 110.5 110.5 110.5 110.5 110.5 110.5 110.5 110.5 110.5 110.5 110.5 110.5 110.5 110.5 110.5 110.5 110.5 110.5 110.5 110.5 110.5 110.5 110.5 110.5 110.5 110.5 110.5 110.5 95.4 95.4 95.4 95.4 95.4 95.4 95.4 95.4 95.4 95.4 95.4 95.4 95.4 95.4 95.4 95.4 95.4 95.4 95.4 95.4 95.4 95.4 95.4 95.4 95.4 95.4 95.4 95.4 95.4 
118.9 118.9 118.9 118.9 118.9 118.9 118.9 118.9 118.9 118.9 118.9 110.5 110.5 110.5 110.5 110.5 110.5 110.5 110.5 110.5 110.5 110.5 110.5 110.5 110.5 110.5 110.5 110.5 110.5 110.5 110.5 110.5 110.5 110.5 110.5 110.5 110.5 110.5 110.5 110.5 110.5 110.5 110.5 110.5 110.5 110.5 110.5 110.5 110.5 110.5 110.5 110.5 110.5 110.5 110.5 110.5 110.5 110.5 110.5 110.5 110.5 110.5 110.5 110.5 110.5 110.5 110.5 110.5 110.5 110.5 110.5 95.4 95.4 95.4 95.4 95.4 95.4 95.4 95.4 95.4 95.4 95.4 95.4 95.4 95.4 95.4 95.4 95.4 95.4 95.4 95.4 95.4 95.4 95.4 95.4 95.4 95.4 95.4 95.4 95.4 
118.9 118.9 118.9 118.9 118.9 118.9 118.9 118.9 118.9 118.9 118.9 110.5 110.5 110.5 110.5 110.5 110.5 110.5 110.5 110.5 110.5 110.5 110.5 110.5 110.5 110.5 110.5 110.5 110.5 110.5 110.5 110.5 110.5 110.5 110.5 110.5 110.5 110.5 110.5 110.5 110.5 110.5 110.5 110.5 110.5 110.5 110.5 110.5 110.5 110.5 110.5 110.5 110.5 110.5 110.5 110.5 110.5 110.5 110.5 110.5 110.5 110.5 110.5 110.5 110.5 110.5 110.5 110.5 110.5 110.5 110.5 95.4 95.4 95.4 95.4 95.4 95.4 95.4 95.4 95.4 95.4 95.4 95.4 95.4 95.4 95.4 95.4 95.4 95.4 95.4 95.4 95.4 95.4 95.4 95.4 95.4 95.4 95.4 95.4 95.4 
118.9 118.9 118.9 118.9 118.9 118.9 118.9 118.9 118.9 118.9 118.9 110.5 110.5 110.5 110.5 110.5 110.5 110.5 110.5 110.5 110.5 110.5 110.5 110.5 110.5 110.5 110.5 110.5 110.5 110.5 110.5 110.5 110.5 110.5 110.5 110.5 110.5 110.5 110.5 110.5 110.5 110.5 110.5 110.5 110.5 110.5 110.5 110.5 110.5 110.5 110.5 110.5 110.5 110.5 110.5 110.5 110.5 110.5 110.5 110.5 110.5 110.5 110.5 110.5 110.5 110.5 110.5 110.5 110.5 110.5 110.5 95.4 95.4 95.4 95.4 95.4 95.4 95.4 95.4 95.4 95.4 95.4 95.4 95.4 95.4 95.4 95.4 95.4 95.4 95.4 95.4 95.4 95.4 95.4 95.4 95.4 95.4 95.4 95.4 95.4 
