ncols         100
nrows         100
xllcorner     -59982.863281
yllcorner     1851083.022172
cellsize      1000
NODATA_value  -9999
3.08 3.08 3.08 3.08 3.08 3.08 3.08 3.08 3.08 3.08 3.08 2.36 2.36 2.36 2.36 2.36 2.36 2.36 2.36 2.36 2.36 2.36 2.36 2.36 2.36 2.36 2.36 2.36 2.36 2.36 2.36 2.36 2.36 2.36 2.36 2.36 2.36 2.36 2.36 2.36 2.36 2.36 2.36 2.36 2.36 2.36 2.36 2.36 2.36 2.36 2.36 2.36 2.36 2.36 2.36 2.36 2.36 2.36 2.36 2.36 2.36 2.36 2.36 2.36 2.36 2.36 2.36 2.36 2.36 2.36 2.36 2.48 2.48 2.48 2.48 2.48 2.48 2.48 2.48 2.48 2.48 2.48 2.48 2.48 2.48 2.48 2.48 2.48 2.48 2.48 2.48 2.48 2.48 2.48 2.48 2.48 2.48 2.48 2.48 2.48 
3.08 3.08 3.08 3.08 3.08 3.08 3.08 3.08 3.08 3.08 3.08 2.36 2.36 2.36 2.36 2.36 2.36 2.36 2.36 2.36 2.36 2.36 2.36 2.36 2.36 2.36 2.36 2.36 2.36 2.36 2.36 2.36 2.36 2.36 2.36 2.36 2.36 2.36 2.36 2.36 2.36 2.36 2.36 2.36 2.36 2.36 2.36 2.36 2.36 2.36 2.36 2.36 2.36 2.36 2.36 2.36 2.36 2.36 2.36 2.36 2.36 2.36 2.36 2.36 2.36 2.36 2.36 2.36 2.36 2.36 2.36 2.48 2.48 2.48 2.48 2.48 2.48 2.48 2.48 2.48 2.48 2.48 2.48 2.48 2.48 2.48 2.48 2.48 2.48 2.48 2.48 2.48 2.48 2.48 2.48 2.48 2.48 2.48 2.48 2.48 
3.08 3.08 3.08 3.08 3.08 3.08 3.08 3.08 3.08 3.08 3.08 2.36 2.36 2.36 2.36 2.36 2.36 2.36 2.36 2.36 2.36 2.36 2.36 2.36 2.36 2.36 2.36 2.36 2.36 2.36 2.36 2.36 2.36 2.36 2.36 2.36 2.36 2.36 2.36 2.36 2.36 2.36 2.36 2.36 2.36 2.36 2.36 2.36 2.36 2.36 2.36 2.36 2.36 2.36 2.36 2.36 2.36 2.36 2.36 2.36 2.36 2.36 2.36 2.36 2.36 2.36 2.36 2.36 2.36 2.36 2.36 2.48 2.48 2.48 2.48 2.48 2.48 2.48 2.48 2.48 2.48 2.48 2.48 2.48 2.48 2.48 2.48 2.48 2.48 2.48 2.48 2.48 2.48 2.48 2.48 2.48 2.48 2.48 2.48 2.48 
3.08 3.08 3.08 3.08 3.08 3.08 3.08 3.08 3.08 3.08 3.08 2.36 2.36 2.36 2.36 2.36 2.36 2.36 2.36 2.36 2.36 2.36 2.36 2.36 2.36 2.36 2.36 2.36 2.36 2.36 2.36 2.36 2.36 2.36 2.36 2.36 2.36 2.36 2.36 2.36 2.36 2.36 2.36 2.36 2.36 2.36 2.36 2.36 2.36 2.36 2.36 2.36 2.36 2.36 2.36 2.36 2.36 2.36 2.36 2.36 2.36 2.36 2.36 2.36 2.36 2.36 2.36 2.36 2.36 2.36 2.36 2.48 2.48 2.48 2.48 2.48 2.48 2.48 2.48 2.48 2.48 2.48 2.48 2.48 2.48 2.48 2.48 2.48 2.48 2.48 2.48 2.48 2.48 2.48 2.48 2.48 2.48 2.48 2.48 2.48 
3.08 3.08 3.08 3.08 3.08 3.08 3.08 3.08 3.08 3.08 3.08 2.36 2.36 2.36 2.36 2.36 2.36 2.36 2.36 2.36 2.36 2.36 2.36 2.36 2.36 2.36 2.36 2.36 2.36 2.36 2.36 2.36 2.36 2.36 2.36 2.36 2.36 2.36 2.36 2.36 2.36 2.36 2.36 2.36 2.36 2.36 2.36 2.36 2.36 2.36 2.36 2.36 2.36 2.36 2.36 2.36 2.36 2.36 2.36 2.36 2.36 2.36 2.36 2.36 2.36 2.36 2.36 2.36 2.36 2.36 2.36 2.48 2.48 2.48 2.48 2.48 2.48 2.48 2.48 2.48 2.48 2.48 2.48 2.48 2.48 2.48 2.48 2.48 2.48 2.48 2.48 2.48 2.48 2.48 2.48 2.48 2.48 2.48 2.48 2.48 
3.08 3.08 3.08 3.08 3.08 3.08 3.08 3.08 3.08 3.08 3.08 2.36 2.36 2.36 2.36 2.36 2.36 2.36 2.36 2.36 2.36 2.36 2.36 2.36 2.36 2.36 2.36 2.36 2.36 2.36 2.36 2.36 2.36 2.36 2.36 2.36 2.36 2.36 2.36 2.36 2.36 2.36 2.36 2.36 2.36 2.36 2.36 2.36 2.36 2.36 2.36 2.36 2.36 2.36 2.36 2.36 2.36 2.36 2.36 2.36 2.36 2.36 2.36 2.36 2.36 2.36 2.36 2.36 2.36 2.36 2.36 2.48 2.48 2.48 2.48 2.48 2.48 2.48 2.48 2.48 2.48 2.48 2.48 2.48 2.48 2.48 2.48 2.48 2.48 2.48 2.48 2.48 2.48 2.48 2.48 2.48 2.48 2.48 2.48 2.48 
3.08 3.08 3.08 3.08 3.08 3.08 3.08 3.08 3.08 3.08 3.08 2.36 2.36 2.36 2.36 2.36 2.36 2.36 2.36 2.36 2.36 2.36 2.36 2.36 2.36 2.36 2.36 2.36 2.36 2.36 2.36 2.36 2.36 2.36 2.36 2.36 2.36 2.36 2.36 2.36 2.36 2.36 2.36 2.36 2.36 2.36 2.36 2.36 2.36 2.36 2.36 2.36 2.36 2.36 2.36 2.36 2.36 2.36 2.36 2.36 2.36 2.36 2.36 2.36 2.36 2.36 2.36 2.36 2.36 2.36 2.36 2.48 2.48 2.48 2.48 2.48 2.48 2.48 2.48 2.48 2.48 2.48 2.48 2.48 2.48 2.48 2.48 2.48 2.48 2.48 2.48 2.48 2.48 2.48 2.48 2.48 2.48 2.48 2.48 2.48 
3.08 3.08 3.08 3.08 3.08 3.08 3.08 3.08 3.08 3.08 3.08 2.36 2.36 2.36 2.36 2.36 2.36 2.36 2.36 2.36 2.36 2.36 2.36 2.36 2.36 2.36 2.36 2.36 2.36 2.36 2.36 2.36 2.36 2.36 2.36 2.36 2.36 2.36 2.36 2.36 2.36 2.36 2.36 2.36 2.36 2.36 2.36 2.36 2.36 2.36 2.36 2.36 2.36 2.36 2.36 2.36 2.36 2.36 2.36 2.36 2.36 2.36 2.36 2.36 2.36 2.36 2.36 2.36 2.36 2.36 2.36 2.48 2.48 2.48 2.48 2.48 2.48 2.48 2.48 2.48 2.48 2.48 2.48 2.48 2.48 2.48 2.48 2.48 2.48 2.48 2.48 2.48 2.48 2.48 2.48 2.48 2.48 2.48 2.48 2.48 
3.08 3.08 3.08 3.08 3.08 3.08 3.08 3.08 3.08 3.08 3.08 2.36 2.36 2.36 2.36 2.36 2.36 2.36 2.36 2.36 2.36 2.36 2.36 2.36 2.36 2.36 2.36 2.36 2.36 2.36 2.36 2.36 2.36 2.36 2.36 2.36 2.36 2.36 2.36 2.36 2.36 2.36 2.36 2.36 2.36 2.36 2.36 2.36 2.36 2.36 2.36 2.36 2.36 2.36 2.36 2.36 2.36 2.36 2.36 2.36 2.36 2.36 2.36 2.36 2.36 2.36 2.36 2.36 2.36 2.36 2.36 2.48 2.48 2.48 2.48 2.48 2.48 2.48 2.48 2.48 2.48 2.48 2.48 2.48 2.48 2.48 2.48 2.48 2.48 2.48 2.48 2.48 2.48 2.48 2.48 2.48 2.48 2.48 2.48 2.48 
3.32 3.32 3.32 3.32 3.32 3.32 3.32 3.32 3.32 3.32 3.32 3.56 3.56 3.56 3.56 3.56 3.56 3.56 3.56 3.56 3.56 3.56 3.56 3.56 3.56 3.56 3.56 3.56 3.56 3.56 3.56 3.56 3.56 3.56 3.56 3.56 3.56 3.56 3.56 3.56 3.56 3.56 3.56 3.56 3.56 3.56 3.56 3.56 3.56 3.56 3.56 3.56 3.56 3.56 3.56 3.56 3.56 3.56 3.56 3.56 3.56 3.56 3.56 3.56 3.56 3.56 3.56 3.56 3.56 3.56 3.56 4.08 4.08 4.08 4.08 4.08 4.08 4.08 4.08 4.08 4.08 4.08 4.08 4.08 4.08 4.08 4.08 4.08 4.08 4.08 4.08 4.08 4.08 4.08 4.08 4.08 4.08 4.08 4.08 4.08 
3.32 3.32 3.32 3.32 3.32 3.32 3.32 3.32 3.32 3.32 3.32 3.56 3.56 3.56 3.56 3.56 3.56 3.56 3.56 3.56 3.56 3.56 3.56 3.56 3.56 3.56 3.56 3.56 3.56 3.56 3.56 3.56 3.56 3.56 3.56 3.56 3.56 3.56 3.56 3.56 3.56 3.56 3.56 3.56 3.56 3.56 3.56 3.56 3.56 3.56 3.56 3.56 3.56 3.56 3.56 3.56 3.56 3.56 3.56 3.56 3.56 3.56 3.56 3.56 3.56 3.56 3.56 3.56 3.56 3.56 3.56 4.08 4.08 4.08 4.08 4.08 4.08 4.08 4.08 4.08 4.08 4.08 4.08 4.08 4.08 4.08 4.08 4.08 4.08 4.08 4.08 4.08 4.08 4.08 4.08 4.08 4.08 4.08 4.08 4.08 
3.32 3.32 3.32 3.32 3.32 3.32 3.32 3.32 3.32 3.32 3.32 3.56 3.56 3.56 3.56 3.56 3.56 3.56 3.56 3.56 3.56 3.56 3.56 3.56 3.56 3.56 3.56 3.56 3.56 3.56 3.56 3.56 3.56 3.56 3.56 3.56 3.56 3.56 3.56 3.56 3.56 3.56 3.56 3.56 3.56 3.56 3.56 3.56 3.56 3.56 3.56 3.56 3.56 3.56 3.56 3.56 3.56 3.56 3.56 3.56 3.56 3.56 3.56 3.56 3.56 3.56 3.56 3.56 3.56 3.56 3.56 4.08 4.08 4.08 4.08 4.08 4.08 4.08 4.08 4.08 4.08 4.08 4.08 4.08 4.08 4.08 4.08 4.08 4.08 4.08 4.08 4.08 4.08 4.08 4.08 4.08 4.08 4.08 4.08 4.08 
3.32 3.32 3.32 3.32 3.32 3.32 3.32 3.32 3.32 3.32 3.32 3.56 3.56 3.56 3.56 3.56 3.56 3.56 3.56 3.56 3.56 3.56 3.56 3.56 3.56 3.56 3.56 3.56 3.56 3.56 3.56 3.56 3.56 3.56 3.56 3.56 3.56 3.56 3.56 3.56 3.56 3.56 3.56 3.56 3.56 3.56 3.56 3.56 3.56 3.56 3.56 3.56 3.56 3.56 3.56 3.56 3.56 3.56 3.56 3.56 3.56 3.56 3.56 3.56 3.56 3.56 3.56 3.56 3.56 3.56 3.56 4.08 4.08 4.08 4.08 4.08 4.08 4.08 4.08 4.08 4.08 4.08 4.08 4.08 4.08 4.08 4.08 4.08 4.08 4.08 4.08 4.08 4.08 4.08 4.08 4.08 4.08 4.08 4.08 4.08 
3.32 3.32 3.32 3.32 3.32 3.32 3.32 3.32 3.32 3.32 3.32 3.56 3.56 3.56 3.56 3.56 3.56 3.56 3.56 3.56 3.56 3.56 3.56 3.56 3.56 3.56 3.56 3.56 3.56 3.56 3.56 3.56 3.56 3.56 3.56 3.56 3.56 3.56 3.56 3.56 3.56 3.56 3.56 3.56 3.56 3.56 3.56 3.56 3.56 3.56 3.56 3.56 3.56 3.56 3.56 3.56 3.56 3.56 3.56 3.56 3.56 3.56 3.56 3.56 3.56 3.56 3.56 3.56 3.56 3.56 3.56 4.08 4.08 4.08 4.08 4.08 4.08 4.08 4.08 4.08 4.08 4.08 4.08 4.08 4.08 4.08 4.08 4.08 4.08 4.08 4.08 4.08 4.08 4.08 4.08 4.08 4.08 4.08 4.08 4.08 
3.32 3.32 3.32 3.32 3.32 3.32 3.32 3.32 3.32 3.32 3.32 3.56 3.56 3.56 3.56 3.56 3.56 3.56 3.56 3.56 3.56 3.56 3.56 3.56 3.56 3.56 3.56 3.56 3.56 3.56 3.56 3.56 3.56 3.56 3.56 3.56 3.56 3.56 3.56 3.56 3.56 3.56 3.56 3.56 3.56 3.56 3.56 3.56 3.56 3.56 3.56 3.56 3.56 3.56 3.56 3.56 3.56 3.56 3.56 3.56 3.56 3.56 3.56 3.56 3.56 3.56 3.56 3.56 3.56 3.56 3.56 4.08 4.08 4.08 4.08 4.08 4.08 4.08 4.08 4.08 4.08 4.08 4.08 4.08 4.08 4.08 4.08 4.08 4.08 4.08 4.08 4.08 4.08 4.08 4.08 4.08 4.08 4.08 4.08 4.08 
3.32 3.32 3.32 3.32 3.32 3.32 3.32 3.32 3.32 3.32 3.32 3.56 3.56 3.56 3.56 3.56 3.56 3.56 3.56 3.56 3.56 3.56 3.56 3.56 3.56 3.56 3.56 3.56 3.56 3.56 3.56 3.56 3.56 3.56 3.56 3.56 3.56 3.56 3.56 3.56 3.56 3.56 3.56 3.56 3.56 3.56 3.56 3.56 3.56 3.56 3.56 3.56 3.56 3.56 3.56 3.56 3.56 3.56 3.56 3.56 3.56 3.56 3.56 3.56 3.56 3.56 3.56 3.56 3.56 3.56 3.56 4.08 4.08 4.08 4.08 4.08 4.08 4.08 4.08 4.08 4.08 4.08 4.08 4.08 4.08 4.08 4.08 4.08 4.08 4.08 4.08 4.08 4.08 4.08 4.08 4.08 4.08 4.08 4.08 4.08 
3.32 3.32 3.32 3.32 3.32 3.32 3.32 3.32 3.32 3.32 3.32 3.56 3.56 3.56 3.56 3.56 3.56 3.56 3.56 3.56 3.56 3.56 3.56 3.56 3.56 3.56 3.56 3.56 3.56 3.56 3.56 3.56 3.56 3.56 3.56 3.56 3.56 3.56 3.56 3.56 3.56 3.56 3.56 3.56 3.56 3.56 3.56 3.56 3.56 3.56 3.56 3.56 3.56 3.56 3.56 3.56 3.56 3.56 3.56 3.56 3.56 3.56 3.56 3.56 3.56 3.56 3.56 3.56 3.56 3.56 3.56 4.08 4.08 4.08 4.08 4.08 4.08 4.08 4.08 4.08 4.08 4.08 4.08 4.08 4.08 4.08 4.08 4.08 4.08 4.08 4.08 4.08 4.08 4.08 4.08 4.08 4.08 4.08 4.08 4.08 
3.32 3.32 3.32 3.32 3.32 3.32 3.32 3.32 3.32 3.32 3.32 3.56 3.56 3.56 3.56 3.56 3.56 3.56 3.56 3.56 3.56 3.56 3.56 3.56 3.56 3.56 3.56 3.56 3.56 3.56 3.56 3.56 3.56 3.56 3.56 3.56 3.56 3.56 3.56 3.56 3.56 3.56 3.56 3.56 3.56 3.56 3.56 3.56 3.56 3.56 3.56 3.56 3.56 3.56 3.56 3.56 3.56 3.56 3.56 3.56 3.56 3.56 3.56 3.56 3.56 3.56 3.56 3.56 3.56 3.56 3.56 4.08 4.08 4.08 4.08 4.08 4.08 4.08 4.08 4.08 4.08 4.08 4.08 4.08 4.08 4.08 4.08 4.08 4.08 4.08 4.08 4.08 4.08 4.08 4.08 4.08 4.08 4.08 4.08 4.08 
3.32 3.32 3.32 3.32 3.32 3.32 3.32 3.32 3.32 3.32 3.32 3.56 3.56 3.56 3.56 3.56 3.56 3.56 3.56 3.56 3.56 3.56 3.56 3.56 3.56 3.56 3.56 3.56 3.56 3.56 3.56 3.56 3.56 3.56 3.56 3.56 3.56 3.56 3.56 3.56 3.56 3.56 3.56 3.56 3.56 3.56 3.56 3.56 3.56 3.56 3.56 3.56 3.56 3.56 3.56 3.56 3.56 3.56 3.56 3.56 3.56 3.56 3.56 3.56 3.56 3.56 3.56 3.56 3.56 3.56 3.56 4.08 4.08 4.08 4.08 4.08 4.08 4.08 4.08 4.08 4.08 4.08 4.08 4.08 4.08 4.08 4.08 4.08 4.08 4.08 4.08 4.08 4.08 4.08 4.08 4.08 4.08 4.08 4.08 4.08 
3.32 3.32 3.32 3.32 3.32 3.32 3.32 3.32 3.32 3.32 3.32 3.56 3.56 3.56 3.56 3.56 3.56 3.56 3.56 3.56 3.56 3.56 3.56 3.56 3.56 3.56 3.56 3.56 3.56 3.56 3.56 3.56 3.56 3.56 3.56 3.56 3.56 3.56 3.56 3.56 3.56 3.56 3.56 3.56 3.56 3.56 3.56 3.56 3.56 3.56 3.56 3.56 3.56 3.56 3.56 3.56 3.56 3.56 3.56 3.56 3.56 3.56 3.56 3.56 3.56 3.56 3.56 3.56 3.56 3.56 3.56 4.08 4.08 4.08 4.08 4.08 4.08 4.08 4.08 4.08 4.08 4.08 4.08 4.08 4.08 4.08 4.08 4.08 4.08 4.08 4.08 4.08 4.08 4.08 4.08 4.08 4.08 4.08 4.08 4.08 
3.32 3.32 3.32 3.32 3.32 3.32 3.32 3.32 3.32 3.32 3.32 3.56 3.56 3.56 3.56 3.56 3.56 3.56 3.56 3.56 3.56 3.56 3.56 3.56 3.56 3.56 3.56 3.56 3.56 3.56 3.56 3.56 3.56 3.56 3.56 3.56 3.56 3.56 3.56 3.56 3.56 3.56 3.56 3.56 3.56 3.56 3.56 3.56 3.56 3.56 3.56 3.56 3.56 3.56 3.56 3.56 3.56 3.56 3.56 3.56 3.56 3.56 3.56 3.56 3.56 3.56 3.56 3.56 3.56 3.56 3.56 4.08 4.08 4.08 4.08 4.08 4.08 4.08 4.08 4.08 4.08 4.08 4.08 4.08 4.08 4.08 4.08 4.08 4.08 4.08 4.08 4.08 4.08 4.08 4.08 4.08 4.08 4.08 4.08 4.08 
3.32 3.32 3.32 3.32 3.32 3.32 3.32 3.32 3.32 3.32 3.32 3.56 3.56 3.56 3.56 3.56 3.56 3.56 3.56 3.56 3.56 3.56 3.56 3.56 3.56 3.56 3.56 3.56 3.56 3.56 3.56 3.56 3.56 3.56 3.56 3.56 3.56 3.56 3.56 3.56 3.56 3.56 3.56 3.56 3.56 3.56 3.56 3.56 3.56 3.56 3.56 3.56 3.56 3.56 3.56 3.56 3.56 3.56 3.56 3.56 3.56 3.56 3.56 3.56 3.56 3.56 3.56 3.56 3.56 3.56 3.56 4.08 4.08 4.08 4.08 4.08 4.08 4.08 4.08 4.08 4.08 4.08 4.08 4.08 4.08 4.08 4.08 4.08 4.08 4.08 4.08 4.08 4.08 4.08 4.08 4.08 4.08 4.08 4.08 4.08 
3.32 3.32 3.32 3.32 3.32 3.32 3.32 3.32 3.32 3.32 3.32 3.56 3.56 3.56 3.56 3.56 3.56 3.56 3.56 3.56 3.56 3.56 3.56 3.56 3.56 3.56 3.56 3.56 3.56 3.56 3.56 3.56 3.56 3.56 3.56 3.56 3.56 3.56 3.56 3.56 3.56 3.56 3.56 3.56 3.56 3.56 3.56 3.56 3.56 3.56 3.56 3.56 3.56 3.56 3.56 3.56 3.56 3.56 3.56 3.56 3.56 3.56 3.56 3.56 3.56 3.56 3.56 3.56 3.56 3.56 3.56 4.08 4.08 4.08 4.08 4.08 4.08 4.08 4.08 4.08 4.08 4.08 4.08 4.08 4.08 4.08 4.08 4.08 4.08 4.08 4.08 4.08 4.08 4.08 4.08 4.08 4.08 4.08 4.08 4.08 
3.32 3.32 3.32 3.32 3.32 3.32 3.32 3.32 3.32 3.32 3.32 3.56 3.56 3.56 3.56 3.56 3.56 3.56 3.56 3.56 3.56 3.56 3.56 3.56 3.56 3.56 3.56 3.56 3.56 3.56 3.56 3.56 3.56 3.56 3.56 3.56 3.56 3.56 3.56 3.56 3.56 3.56 3.56 3.56 3.56 3.56 3.56 3.56 3.56 3.56 3.56 3.56 3.56 3.56 3.56 3.56 3.56 3.56 3.56 3.56 3.56 3.56 3.56 3.56 3.56 3.56 3.56 3.56 3.56 3.56 3.56 4.08 4.08 4.08 4.08 4.08 4.08 4.08 4.08 4.08 4.08 4.08 4.08 4.08 4.08 4.08 4.08 4.08 4.08 4.08 4.08 4.08 4.08 4.08 4.08 4.08 4.08 4.08 4.08 4.08 
3.32 3.32 3.32 3.32 3.32 3.32 3.32 3.32 3.32 3.32 3.32 3.56 3.56 3.56 3.56 3.56 3.56 3.56 3.56 3.56 3.56 3.56 3.56 3.56 3.56 3.56 3.56 3.56 3.56 3.56 3.56 3.56 3.56 3.56 3.56 3.56 3.56 3.56 3.56 3.56 3.56 3.56 3.56 3.56 3.56 3.56 3.56 3.56 3.56 3.56 3.56 3.56 3.56 3.56 3.56 3.56 3.56 3.56 3.56 3.56 3.56 3.56 3.56 3.56 3.56 3.56 3.56 3.56 3.56 3.56 3.56 4.08 4.08 4.08 4.08 4.08 4.08 4.08 4.08 4.08 4.08 4.08 4.08 4.08 4.08 4.08 4.08 4.08 4.08 4.08 4.08 4.08 4.08 4.08 4.08 4.08 4.08 4.08 4.08 4.08 
3.32 3.32 3.32 3.32 3.32 3.32 3.32 3.32 3.32 3.32 3.32 3.56 3.56 3.56 3.56 3.56 3.56 3.56 3.56 3.56 3.56 3.56 3.56 3.56 3.56 3.56 3.56 3.56 3.56 3.56 3.56 3.56 3.56 3.56 3.56 3.56 3.56 3.56 3.56 3.56 3.56 3.56 3.56 3.56 3.56 3.56 3.56 3.56 3.56 3.56 3.56 3.56 3.56 3.56 3.56 3.56 3.56 3.56 3.56 3.56 3.56 3.56 3.56 3.56 3.56 3.56 3.56 3.56 3.56 3.56 3.56 4.08 4.08 4.08 4.08 4.08 4.08 4.08 4.08 4.08 4.08 4.08 4.08 4.08 4.08 4.08 4.08 4.08 4.08 4.08 4.08 4.08 4.08 4.08 4.08 4.08 4.08 4.08 4.08 4.08 
3.32 3.32 3.32 3.32 3.32 3.32 3.32 3.32 3.32 3.32 3.32 3.56 3.56 3.56 3.56 3.56 3.56 3.56 3.56 3.56 3.56 3.56 3.56 3.56 3.56 3.56 3.56 3.56 3.56 3.56 3.56 3.56 3.56 3.56 3.56 3.56 3.56 3.56 3.56 3.56 3.56 3.56 3.56 3.56 3.56 3.56 3.56 3.56 3.56 3.56 3.56 3.56 3.56 3.56 3.56 3.56 3.56 3.56 3.56 3.56 3.56 3.56 3.56 3.56 3.56 3.56 3.56 3.56 3.56 3.56 3.56 4.08 4.08 4.08 4.08 4.08 4.08 4.08 4.08 4.08 4.08 4.08 4.08 4.08 4.08 4.08 4.08 4.08 4.08 4.08 4.08 4.08 4.08 4.08 4.08 4.08 4.08 4.08 4.08 4.08 
3.32 3.32 3.32 3.32 3.32 3.32 3.32 3.32 3.32 3.32 3.32 3.56 3.56 3.56 3.56 3.56 3.56 3.56 3.56 3.56 3.56 3.56 3.56 3.56 3.56 3.56 3.56 3.56 3.56 3.56 3.56 3.56 3.56 3.56 3.56 3.56 3.56 3.56 3.56 3.56 3.56 3.56 3.56 3.56 3.56 3.56 3.56 3.56 3.56 3.56 3.56 3.56 3.56 3.56 3.56 3.56 3.56 3.56 3.56 3.56 3.56 3.56 3.56 3.56 3.56 3.56 3.56 3.56 3.56 3.56 3.56 4.08 4.08 4.08 4.08 4.08 4.08 4.08 4.08 4.08 4.08 4.08 4.08 4.08 4.08 4.08 4.08 4.08 4.08 4.08 4.08 4.08 4.08 4.08 4.08 4.08 4.08 4.08 4.08 4.08 
3.32 3.32 3.32 3.32 3.32 3.32 3.32 3.32 3.32 3.32 3.32 3.56 3.56 3.56 3.56 3.56 3.56 3.56 3.56 3.56 3.56 3.56 3.56 3.56 3.56 3.56 3.56 3.56 3.56 3.56 3.56 3.56 3.56 3.56 3.56 3.56 3.56 3.56 3.56 3.56 3.56 3.56 3.56 3.56 3.56 3.56 3.56 3.56 3.56 3.56 3.56 3.56 3.56 3.56 3.56 3.56 3.56 3.56 3.56 3.56 3.56 3.56 3.56 3.56 3.56 3.56 3.56 3.56 3.56 3.56 3.56 4.08 4.08 4.08 4.08 4.08 4.08 4.08 4.08 4.08 4.08 4.08 4.08 4.08 4.08 4.08 4.08 4.08 4.08 4.08 4.08 4.08 4.08 4.08 4.08 4.08 4.08 4.08 4.08 4.08 
3.32 3.32 3.32 3.32 3.32 3.32 3.32 3.32 3.32 3.32 3.32 3.56 3.56 3.56 3.56 3.56 3.56 3.56 3.56 3.56 3.56 3.56 3.56 3.56 3.56 3.56 3.56 3.56 3.56 3.56 3.56 3.56 3.56 3.56 3.56 3.56 3.56 3.56 3.56 3.56 3.56 3.56 3.56 3.56 3.56 3.56 3.56 3.56 3.56 3.56 3.56 3.56 3.56 3.56 3.56 3.56 3.56 3.56 3.56 3.56 3.56 3.56 3.56 3.56 3.56 3.56 3.56 3.56 3.56 3.56 3.56 4.08 4.08 4.08 4.08 4.08 4.08 4.08 4.08 4.08 4.08 4.08 4.08 4.08 4.08 4.08 4.08 4.08 4.08 4.08 4.08 4.08 4.08 4.08 4.08 4.08 4.08 4.08 4.08 4.08 
3.32 3.32 3.32 3.32 3.32 3.32 3.32 3.32 3.32 3.32 3.32 3.56 3.56 3.56 3.56 3.56 3.56 3.56 3.56 3.56 3.56 3.56 3.56 3.56 3.56 3.56 3.56 3.56 3.56 3.56 3.56 3.56 3.56 3.56 3.56 3.56 3.56 3.56 3.56 3.56 3.56 3.56 3.56 3.56 3.56 3.56 3.56 3.56 3.56 3.56 3.56 3.56 3.56 3.56 3.56 3.56 3.56 3.56 3.56 3.56 3.56 3.56 3.56 3.56 3.56 3.56 3.56 3.56 3.56 3.56 3.56 4.08 4.08 4.08 4.08 4.08 4.08 4.08 4.08 4.08 4.08 4.08 4.08 4.08 4.08 4.08 4.08 4.08 4.08 4.08 4.08 4.08 4.08 4.08 4.08 4.08 4.08 4.08 4.08 4.08 
3.32 3.32 3.32 3.32 3.32 3.32 3.32 3.32 3.32 3.32 3.32 3.56 3.56 3.56 3.56 3.56 3.56 3.56 3.56 3.56 3.56 3.56 3.56 3.56 3.56 3.56 3.56 3.56 3.56 3.56 3.56 3.56 3.56 3.56 3.56 3.56 3.56 3.56 3.56 3.56 3.56 3.56 3.56 3.56 3.56 3.56 3.56 3.56 3.56 3.56 3.56 3.56 3.56 3.56 3.56 3.56 3.56 3.56 3.56 3.56 3.56 3.56 3.56 3.56 3.56 3.56 3.56 3.56 3.56 3.56 3.56 4.08 4.08 4.08 4.08 4.08 4.08 4.08 4.08 4.08 4.08 4.08 4.08 4.08 4.08 4.08 4.08 4.08 4.08 4.08 4.08 4.08 4.08 4.08 4.08 4.08 4.08 4.08 4.08 4.08 
3.32 3.32 3.32 3.32 3.32 3.32 3.32 3.32 3.32 3.32 3.32 3.56 3.56 3.56 3.56 3.56 3.56 3.56 3.56 3.56 3.56 3.56 3.56 3.56 3.56 3.56 3.56 3.56 3.56 3.56 3.56 3.56 3.56 3.56 3.56 3.56 3.56 3.56 3.56 3.56 3.56 3.56 3.56 3.56 3.56 3.56 3.56 3.56 3.56 3.56 3.56 3.56 3.56 3.56 3.56 3.56 3.56 3.56 3.56 3.56 3.56 3.56 3.56 3.56 3.56 3.56 3.56 3.56 3.56 3.56 3.56 4.08 4.08 4.08 4.08 4.08 4.08 4.08 4.08 4.08 4.08 4.08 4.08 4.08 4.08 4.08 4.08 4.08 4.08 4.08 4.08 4.08 4.08 4.08 4.08 4.08 4.08 4.08 4.08 4.08 
3.32 3.32 3.32 3.32 3.32 3.32 3.32 3.32 3.32 3.32 3.32 3.56 3.56 3.56 3.56 3.56 3.56 3.56 3.56 3.56 3.56 3.56 3.56 3.56 3.56 3.56 3.56 3.56 3.56 3.56 3.56 3.56 3.56 3.56 3.56 3.56 3.56 3.56 3.56 3.56 3.56 3.56 3.56 3.56 3.56 3.56 3.56 3.56 3.56 3.56 3.56 3.56 3.56 3.56 3.56 3.56 3.56 3.56 3.56 3.56 3.56 3.56 3.56 3.56 3.56 3.56 3.56 3.56 3.56 3.56 3.56 4.08 4.08 4.08 4.08 4.08 4.08 4.08 4.08 4.08 4.08 4.08 4.08 4.08 4.08 4.08 4.08 4.08 4.08 4.08 4.08 4.08 4.08 4.08 4.08 4.08 4.08 4.08 4.08 4.08 
3.32 3.32 3.32 3.32 3.32 3.32 3.32 3.32 3.32 3.32 3.32 3.56 3.56 3.56 3.56 3.56 3.56 3.56 3.56 3.56 3.56 3.56 3.56 3.56 3.56 3.56 3.56 3.56 3.56 3.56 3.56 3.56 3.56 3.56 3.56 3.56 3.56 3.56 3.56 3.56 3.56 3.56 3.56 3.56 3.56 3.56 3.56 3.56 3.56 3.56 3.56 3.56 3.56 3.56 3.56 3.56 3.56 3.56 3.56 3.56 3.56 3.56 3.56 3.56 3.56 3.56 3.56 3.56 3.56 3.56 3.56 4.08 4.08 4.08 4.08 4.08 4.08 4.08 4.08 4.08 4.08 4.08 4.08 4.08 4.08 4.08 4.08 4.08 4.08 4.08 4.08 4.08 4.08 4.08 4.08 4.08 4.08 4.08 4.08 4.08 
3.32 3.32 3.32 3.32 3.32 3.32 3.32 3.32 3.32 3.32 3.32 3.56 3.56 3.56 3.56 3.56 3.56 3.56 3.56 3.56 3.56 3.56 3.56 3.56 3.56 3.56 3.56 3.56 3.56 3.56 3.56 3.56 3.56 3.56 3.56 3.56 3.56 3.56 3.56 3.56 3.56 3.56 3.56 3.56 3.56 3.56 3.56 3.56 3.56 3.56 3.56 3.56 3.56 3.56 3.56 3.56 3.56 3.56 3.56 3.56 3.56 3.56 3.56 3.56 3.56 3.56 3.56 3.56 3.56 3.56 3.56 4.08 4.08 4.08 4.08 4.08 4.08 4.08 4.08 4.08 4.08 4.08 4.08 4.08 4.08 4.08 4.08 4.08 4.08 4.08 4.08 4.08 4.08 4.08 4.08 4.08 4.08 4.08 4.08 4.08 
3.32 3.32 3.32 3.32 3.32 3.32 3.32 3.32 3.32 3.32 3.32 3.56 3.56 3.56 3.56 3.56 3.56 3.56 3.56 3.56 3.56 3.56 3.56 3.56 3.56 3.56 3.56 3.56 3.56 3.56 3.56 3.56 3.56 3.56 3.56 3.56 3.56 3.56 3.56 3.56 3.56 3.56 3.56 3.56 3.56 3.56 3.56 3.56 3.56 3.56 3.56 3.56 3.56 3.56 3.56 3.56 3.56 3.56 3.56 3.56 3.56 3.56 3.56 3.56 3.56 3.56 3.56 3.56 3.56 3.56 3.56 4.08 4.08 4.08 4.08 4.08 4.08 4.08 4.08 4.08 4.08 4.08 4.08 4.08 4.08 4.08 4.08 4.08 4.08 4.08 4.08 4.08 4.08 4.08 4.08 4.08 4.08 4.08 4.08 4.08 
3.32 3.32 3.32 3.32 3.32 3.32 3.32 3.32 3.32 3.32 3.32 3.56 3.56 3.56 3.56 3.56 3.56 3.56 3.56 3.56 3.56 3.56 3.56 3.56 3.56 3.56 3.56 3.56 3.56 3.56 3.56 3.56 3.56 3.56 3.56 3.56 3.56 3.56 3.56 3.56 3.56 3.56 3.56 3.56 3.56 3.56 3.56 3.56 3.56 3.56 3.56 3.56 3.56 3.56 3.56 3.56 3.56 3.56 3.56 3.56 3.56 3.56 3.56 3.56 3.56 3.56 3.56 3.56 3.56 3.56 3.56 4.08 4.08 4.08 4.08 4.08 4.08 4.08 4.08 4.08 4.08 4.08 4.08 4.08 4.08 4.08 4.08 4.08 4.08 4.08 4.08 4.08 4.08 4.08 4.08 4.08 4.08 4.08 4.08 4.08 
3.32 3.32 3.32 3.32 3.32 3.32 3.32 3.32 3.32 3.32 3.32 3.56 3.56 3.56 3.56 3.56 3.56 3.56 3.56 3.56 3.56 3.56 3.56 3.56 3.56 3.56 3.56 3.56 3.56 3.56 3.56 3.56 3.56 3.56 3.56 3.56 3.56 3.56 3.56 3.56 3.56 3.56 3.56 3.56 3.56 3.56 3.56 3.56 3.56 3.56 3.56 3.56 3.56 3.56 3.56 3.56 3.56 3.56 3.56 3.56 3.56 3.56 3.56 3.56 3.56 3.56 3.56 3.56 3.56 3.56 3.56 4.08 4.08 4.08 4.08 4.08 4.08 4.08 4.08 4.08 4.08 4.08 4.08 4.08 4.08 4.08 4.08 4.08 4.08 4.08 4.08 4.08 4.08 4.08 4.08 4.08 4.08 4.08 4.08 4.08 
3.32 3.32 3.32 3.32 3.32 3.32 3.32 3.32 3.32 3.32 3.32 3.56 3.56 3.56 3.56 3.56 3.56 3.56 3.56 3.56 3.56 3.56 3.56 3.56 3.56 3.56 3.56 3.56 3.56 3.56 3.56 3.56 3.56 3.56 3.56 3.56 3.56 3.56 3.56 3.56 3.56 3.56 3.56 3.56 3.56 3.56 3.56 3.56 3.56 3.56 3.56 3.56 3.56 3.56 3.56 3.56 3.56 3.56 3.56 3.56 3.56 3.56 3.56 3.56 3.56 3.56 3.56 3.56 3.56 3.56 3.56 4.08 4.08 4.08 4.08 4.08 4.08 4.08 4.08 4.08 4.08 4.08 4.08 4.08 4.08 4.08 4.08 4.08 4.08 4.08 4.08 4.08 4.08 4.08 4.08 4.08 4.08 4.08 4.08 4.08 
3.32 3.32 3.32 3.32 3.32 3.32 3.32 3.32 3.32 3.32 3.32 3.56 3.56 3.56 3.56 3.56 3.56 3.56 3.56 3.56 3.56 3.56 3.56 3.56 3.56 3.56 3.56 3.56 3.56 3.56 3.56 3.56 3.56 3.56 3.56 3.56 3.56 3.56 3.56 3.56 3.56 3.56 3.56 3.56 3.56 3.56 3.56 3.56 3.56 3.56 3.56 3.56 3.56 3.56 3.56 3.56 3.56 3.56 3.56 3.56 3.56 3.56 3.56 3.56 3.56 3.56 3.56 3.56 3.56 3.56 3.56 4.08 4.08 4.08 4.08 4.08 4.08 4.08 4.08 4.08 4.08 4.08 4.08 4.08 4.08 4.08 4.08 4.08 4.08 4.08 4.08 4.08 4.08 4.08 4.08 4.08 4.08 4.08 4.08 4.08 
3.32 3.32 3.32 3.32 3.32 3.32 3.32 3.32 3.32 3.32 3.32 3.56 3.56 3.56 3.56 3.56 3.56 3.56 3.56 3.56 3.56 3.56 3.56 3.56 3.56 3.56 3.56 3.56 3.56 3.56 3.56 3.56 3.56 3.56 3.56 3.56 3.56 3.56 3.56 3.56 3.56 3.56 3.56 3.56 3.56 3.56 3.56 3.56 3.56 3.56 3.56 3.56 3.56 3.56 3.56 3.56 3.56 3.56 3.56 3.56 3.56 3.56 3.56 3.56 3.56 3.56 3.56 3.56 3.56 3.56 3.56 4.08 4.08 4.08 4.08 4.08 4.08 4.08 4.08 4.08 4.08 4.08 4.08 4.08 4.08 4.08 4.08 4.08 4.08 4.08 4.08 4.08 4.08 4.08 4.08 4.08 4.08 4.08 4.08 4.08 
3.32 3.32 3.32 3.32 3.32 3.32 3.32 3.32 3.32 3.32 3.32 3.56 3.56 3.56 3.56 3.56 3.56 3.56 3.56 3.56 3.56 3.56 3.56 3.56 3.56 3.56 3.56 3.56 3.56 3.56 3.56 3.56 3.56 3.56 3.56 3.56 3.56 3.56 3.56 3.56 3.56 3.56 3.56 3.56 3.56 3.56 3.56 3.56 3.56 3.56 3.56 3.56 3.56 3.56 3.56 3.56 3.56 3.56 3.56 3.56 3.56 3.56 3.56 3.56 3.56 3.56 3.56 3.56 3.56 3.56 3.56 4.08 4.08 4.08 4.08 4.08 4.08 4.08 4.08 4.08 4.08 4.08 4.08 4.08 4.08 4.08 4.08 4.08 4.08 4.08 4.08 4.08 4.08 4.08 4.08 4.08 4.08 4.08 4.08 4.08 
3.32 3.32 3.32 3.32 3.32 3.32 3.32 3.32 3.32 3.32 3.32 3.56 3.56 3.56 3.56 3.56 3.56 3.56 3.56 3.56 3.56 3.56 3.56 3.56 3.56 3.56 3.56 3.56 3.56 3.56 3.56 3.56 3.56 3.56 3.56 3.56 3.56 3.56 3.56 3.56 3.56 3.56 3.56 3.56 3.56 3.56 3.56 3.56 3.56 3.56 3.56 3.56 3.56 3.56 3.56 3.56 3.56 3.56 3.56 3.56 3.56 3.56 3.56 3.56 3.56 3.56 3.56 3.56 3.56 3.56 3.56 4.08 4.08 4.08 4.08 4.08 4.08 4.08 4.08 4.08 4.08 4.08 4.08 4.08 4.08 4.08 4.08 4.08 4.08 4.08 4.08 4.08 4.08 4.08 4.08 4.08 4.08 4.08 4.08 4.08 
3.32 3.32 3.32 3.32 3.32 3.32 3.32 3.32 3.32 3.32 3.32 3.56 3.56 3.56 3.56 3.56 3.56 3.56 3.56 3.56 3.56 3.56 3.56 3.56 3.56 3.56 3.56 3.56 3.56 3.56 3.56 3.56 3.56 3.56 3.56 3.56 3.56 3.56 3.56 3.56 3.56 3.56 3.56 3.56 3.56 3.56 3.56 3.56 3.56 3.56 3.56 3.56 3.56 3.56 3.56 3.56 3.56 3.56 3.56 3.56 3.56 3.56 3.56 3.56 3.56 3.56 3.56 3.56 3.56 3.56 3.56 4.08 4.08 4.08 4.08 4.08 4.08 4.08 4.08 4.08 4.08 4.08 4.08 4.08 4.08 4.08 4.08 4.08 4.08 4.08 4.08 4.08 4.08 4.08 4.08 4.08 4.08 4.08 4.08 4.08 
3.32 3.32 3.32 3.32 3.32 3.32 3.32 3.32 3.32 3.32 3.32 3.56 3.56 3.56 3.56 3.56 3.56 3.56 3.56 3.56 3.56 3.56 3.56 3.56 3.56 3.56 3.56 3.56 3.56 3.56 3.56 3.56 3.56 3.56 3.56 3.56 3.56 3.56 3.56 3.56 3.56 3.56 3.56 3.56 3.56 3.56 3.56 3.56 3.56 3.56 3.56 3.56 3.56 3.56 3.56 3.56 3.56 3.56 3.56 3.56 3.56 3.56 3.56 3.56 3.56 3.56 3.56 3.56 3.56 3.56 3.56 4.08 4.08 4.08 4.08 4.08 4.08 4.08 4.08 4.08 4.08 4.08 4.08 4.08 4.08 4.08 4.08 4.08 4.08 4.08 4.08 4.08 4.08 4.08 4.08 4.08 4.08 4.08 4.08 4.08 
3.32 3.32 3.32 3.32 3.32 3.32 3.32 3.32 3.32 3.32 3.32 3.56 3.56 3.56 3.56 3.56 3.56 3.56 3.56 3.56 3.56 3.56 3.56 3.56 3.56 3.56 3.56 3.56 3.56 3.56 3.56 3.56 3.56 3.56 3.56 3.56 3.56 3.56 3.56 3.56 3.56 3.56 3.56 3.56 3.56 3.56 3.56 3.56 3.56 3.56 3.56 3.56 3.56 3.56 3.56 3.56 3.56 3.56 3.56 3.56 3.56 3.56 3.56 3.56 3.56 3.56 3.56 3.56 3.56 3.56 3.56 4.08 4.08 4.08 4.08 4.08 4.08 4.08 4.08 4.08 4.08 4.08 4.08 4.08 4.08 4.08 4.08 4.08 4.08 4.08 4.08 4.08 4.08 4.08 4.08 4.08 4.08 4.08 4.08 4.08 
3.32 3.32 3.32 3.32 3.32 3.32 3.32 3.32 3.32 3.32 3.32 3.56 3.56 3.56 3.56 3.56 3.56 3.56 3.56 3.56 3.56 3.56 3.56 3.56 3.56 3.56 3.56 3.56 3.56 3.56 3.56 3.56 3.56 3.56 3.56 3.56 3.56 3.56 3.56 3.56 3.56 3.56 3.56 3.56 3.56 3.56 3.56 3.56 3.56 3.56 3.56 3.56 3.56 3.56 3.56 3.56 3.56 3.56 3.56 3.56 3.56 3.56 3.56 3.56 3.56 3.56 3.56 3.56 3.56 3.56 3.56 4.08 4.08 4.08 4.08 4.08 4.08 4.08 4.08 4.08 4.08 4.08 4.08 4.08 4.08 4.08 4.08 4.08 4.08 4.08 4.08 4.08 4.08 4.08 4.08 4.08 4.08 4.08 4.08 4.08 
3.32 3.32 3.32 3.32 3.32 3.32 3.32 3.32 3.32 3.32 3.32 3.56 3.56 3.56 3.56 3.56 3.56 3.56 3.56 3.56 3.56 3.56 3.56 3.56 3.56 3.56 3.56 3.56 3.56 3.56 3.56 3.56 3.56 3.56 3.56 3.56 3.56 3.56 3.56 3.56 3.56 3.56 3.56 3.56 3.56 3.56 3.56 3.56 3.56 3.56 3.56 3.56 3.56 3.56 3.56 3.56 3.56 3.56 3.56 3.56 3.56 3.56 3.56 3.56 3.56 3.56 3.56 3.56 3.56 3.56 3.56 4.08 4.08 4.08 4.08 4.08 4.08 4.08 4.08 4.08 4.08 4.08 4.08 4.08 4.08 4.08 4.08 4.08 4.08 4.08 4.08 4.08 4.08 4.08 4.08 4.08 4.08 4.08 4.08 4.08 
3.32 3.32 3.32 3.32 3.32 3.32 3.32 3.32 3.32 3.32 3.32 3.56 3.56 3.56 3.56 3.56 3.56 3.56 3.56 3.56 3.56 3.56 3.56 3.56 3.56 3.56 3.56 3.56 3.56 3.56 3.56 3.56 3.56 3.56 3.56 3.56 3.56 3.56 3.56 3.56 3.56 3.56 3.56 3.56 3.56 3.56 3.56 3.56 3.56 3.56 3.56 3.56 3.56 3.56 3.56 3.56 3.56 3.56 3.56 3.56 3.56 3.56 3.56 3.56 3.56 3.56 3.56 3.56 3.56 3.56 3.56 4.08 4.08 4.08 4.08 4.08 4.08 4.08 4.08 4.08 4.08 4.08 4.08 4.08 4.08 4.08 4.08 4.08 4.08 4.08 4.08 4.08 4.08 4.08 4.08 4.08 4.08 4.08 4.08 4.08 
3.32 3.32 3.32 3.32 3.32 3.32 3.32 3.32 3.32 3.32 3.32 3.56 3.56 3.56 3.56 3.56 3.56 3.56 3.56 3.56 3.56 3.56 3.56 3.56 3.56 3.56 3.56 3.56 3.56 3.56 3.56 3.56 3.56 3.56 3.56 3.56 3.56 3.56 3.56 3.56 3.56 3.56 3.56 3.56 3.56 3.56 3.56 3.56 3.56 3.56 3.56 3.56 3.56 3.56 3.56 3.56 3.56 3.56 3.56 3.56 3.56 3.56 3.56 3.56 3.56 3.56 3.56 3.56 3.56 3.56 3.56 4.08 4.08 4.08 4.08 4.08 4.08 4.08 4.08 4.08 4.08 4.08 4.08 4.08 4.08 4.08 4.08 4.08 4.08 4.08 4.08 4.08 4.08 4.08 4.08 4.08 4.08 4.08 4.08 4.08 
3.32 3.32 3.32 3.32 3.32 3.32 3.32 3.32 3.32 3.32 3.32 3.56 3.56 3.56 3.56 3.56 3.56 3.56 3.56 3.56 3.56 3.56 3.56 3.56 3.56 3.56 3.56 3.56 3.56 3.56 3.56 3.56 3.56 3.56 3.56 3.56 3.56 3.56 3.56 3.56 3.56 3.56 3.56 3.56 3.56 3.56 3.56 3.56 3.56 3.56 3.56 3.56 3.56 3.56 3.56 3.56 3.56 3.56 3.56 3.56 3.56 3.56 3.56 3.56 3.56 3.56 3.56 3.56 3.56 3.56 3.56 4.08 4.08 4.08 4.08 4.08 4.08 4.08 4.08 4.08 4.08 4.08 4.08 4.08 4.08 4.08 4.08 4.08 4.08 4.08 4.08 4.08 4.08 4.08 4.08 4.08 4.08 4.08 4.08 4.08 
3.32 3.32 3.32 3.32 3.32 3.32 3.32 3.32 3.32 3.32 3.32 3.56 3.56 3.56 3.56 3.56 3.56 3.56 3.56 3.56 3.56 3.56 3.56 3.56 3.56 3.56 3.56 3.56 3.56 3.56 3.56 3.56 3.56 3.56 3.56 3.56 3.56 3.56 3.56 3.56 3.56 3.56 3.56 3.56 3.56 3.56 3.56 3.56 3.56 3.56 3.56 3.56 3.56 3.56 3.56 3.56 3.56 3.56 3.56 3.56 3.56 3.56 3.56 3.56 3.56 3.56 3.56 3.56 3.56 3.56 3.56 4.08 4.08 4.08 4.08 4.08 4.08 4.08 4.08 4.08 4.08 4.08 4.08 4.08 4.08 4.08 4.08 4.08 4.08 4.08 4.08 4.08 4.08 4.08 4.08 4.08 4.08 4.08 4.08 4.08 
3.32 3.32 3.32 3.32 3.32 3.32 3.32 3.32 3.32 3.32 3.32 3.56 3.56 3.56 3.56 3.56 3.56 3.56 3.56 3.56 3.56 3.56 3.56 3.56 3.56 3.56 3.56 3.56 3.56 3.56 3.56 3.56 3.56 3.56 3.56 3.56 3.56 3.56 3.56 3.56 3.56 3.56 3.56 3.56 3.56 3.56 3.56 3.56 3.56 3.56 3.56 3.56 3.56 3.56 3.56 3.56 3.56 3.56 3.56 3.56 3.56 3.56 3.56 3.56 3.56 3.56 3.56 3.56 3.56 3.56 3.56 4.08 4.08 4.08 4.08 4.08 4.08 4.08 4.08 4.08 4.08 4.08 4.08 4.08 4.08 4.08 4.08 4.08 4.08 4.08 4.08 4.08 4.08 4.08 4.08 4.08 4.08 4.08 4.08 4.08 
3.32 3.32 3.32 3.32 3.32 3.32 3.32 3.32 3.32 3.32 3.32 3.56 3.56 3.56 3.56 3.56 3.56 3.56 3.56 3.56 3.56 3.56 3.56 3.56 3.56 3.56 3.56 3.56 3.56 3.56 3.56 3.56 3.56 3.56 3.56 3.56 3.56 3.56 3.56 3.56 3.56 3.56 3.56 3.56 3.56 3.56 3.56 3.56 3.56 3.56 3.56 3.56 3.56 3.56 3.56 3.56 3.56 3.56 3.56 3.56 3.56 3.56 3.56 3.56 3.56 3.56 3.56 3.56 3.56 3.56 3.56 4.08 4.08 4.08 4.08 4.08 4.08 4.08 4.08 4.08 4.08 4.08 4.08 4.08 4.08 4.08 4.08 4.08 4.08 4.08 4.08 4.08 4.08 4.08 4.08 4.08 4.08 4.08 4.08 4.08 
3.32 3.32 3.32 3.32 3.32 3.32 3.32 3.32 3.32 3.32 3.32 3.56 3.56 3.56 3.56 3.56 3.56 3.56 3.56 3.56 3.56 3.56 3.56 3.56 3.56 3.56 3.56 3.56 3.56 3.56 3.56 3.56 3.56 3.56 3.56 3.56 3.56 3.56 3.56 3.56 3.56 3.56 3.56 3.56 3.56 3.56 3.56 3.56 3.56 3.56 3.56 3.56 3.56 3.56 3.56 3.56 3.56 3.56 3.56 3.56 3.56 3.56 3.56 3.56 3.56 3.56 3.56 3.56 3.56 3.56 3.56 4.08 4.08 4.08 4.08 4.08 4.08 4.08 4.08 4.08 4.08 4.08 4.08 4.08 4.08 4.08 4.08 4.08 4.08 4.08 4.08 4.08 4.08 4.08 4.08 4.08 4.08 4.08 4.08 4.08 
3.32 3.32 3.32 3.32 3.32 3.32 3.32 3.32 3.32 3.32 3.32 3.56 3.56 3.56 3.56 3.56 3.56 3.56 3.56 3.56 3.56 3.56 3.56 3.56 3.56 3.56 3.56 3.56 3.56 3.56 3.56 3.56 3.56 3.56 3.56 3.56 3.56 3.56 3.56 3.56 3.56 3.56 3.56 3.56 3.56 3.56 3.56 3.56 3.56 3.56 3.56 3.56 3.56 3.56 3.56 3.56 3.56 3.56 3.56 3.56 3.56 3.56 3.56 3.56 3.56 3.56 3.56 3.56 3.56 3.56 3.56 4.08 4.08 4.08 4.08 4.08 4.08 4.08 4.08 4.08 4.08 4.08 4.08 4.08 4.08 4.08 4.08 4.08 4.08 4.08 4.08 4.08 4.08 4.08 4.08 4.08 4.08 4.08 4.08 4.08 
3.32 3.32 3.32 3.32 3.32 3.32 3.32 3.32 3.32 3.32 3.32 3.56 3.56 3.56 3.56 3.56 3.56 3.56 3.56 3.56 3.56 3.56 3.56 3.56 3.56 3.56 3.56 3.56 3.56 3.56 3.56 3.56 3.56 3.56 3.56 3.56 3.56 3.56 3.56 3.56 3.56 3.56 3.56 3.56 3.56 3.56 3.56 3.56 3.56 3.56 3.56 3.56 3.56 3.56 3.56 3.56 3.56 3.56 3.56 3.56 3.56 3.56 3.56 3.56 3.56 3.56 3.56 3.56 3.56 3.56 3.56 4.08 4.08 4.08 4.08 4.08 4.08 4.08 4.08 4.08 4.08 4.08 4.08 4.08 4.08 4.08 4.08 4.08 4.08 4.08 4.08 4.08 4.08 4.08 4.08 4.08 4.08 4.08 4.08 4.08 
3.32 3.32 3.32 3.32 3.32 3.32 3.32 3.32 3.32 3.32 3.32 3.56 3.56 3.56 3.56 3.56 3.56 3.56 3.56 3.56 3.56 3.56 3.56 3.56 3.56 3.56 3.56 3.56 3.56 3.56 3.56 3.56 3.56 3.56 3.56 3.56 3.56 3.56 3.56 3.56 3.56 3.56 3.56 3.56 3.56 3.56 3.56 3.56 3.56 3.56 3.56 3.56 3.56 3.56 3.56 3.56 3.56 3.56 3.56 3.56 3.56 3.56 3.56 3.56 3.56 3.56 3.56 3.56 3.56 3.56 3.56 4.08 4.08 4.08 4.08 4.08 4.08 4.08 4.08 4.08 4.08 4.08 4.08 4.08 4.08 4.08 4.08 4.08 4.08 4.08 4.08 4.08 4.08 4.08 4.08 4.08 4.08 4.08 4.08 4.08 
3.32 3.32 3.32 3.32 3.32 3.32 3.32 3.32 3.32 3.32 3.32 3.56 3.56 3.56 3.56 3.56 3.56 3.56 3.56 3.56 3.56 3.56 3.56 3.56 3.56 3.56 3.56 3.56 3.56 3.56 3.56 3.56 3.56 3.56 3.56 3.56 3.56 3.56 3.56 3.56 3.56 3.56 3.56 3.56 3.56 3.56 3.56 3.56 3.56 3.56 3.56 3.56 3.56 3.56 3.56 3.56 3.56 3.56 3.56 3.56 3.56 3.56 3.56 3.56 3.56 3.56 3.56 3.56 3.56 3.56 3.56 4.08 4.08 4.08 4.08 4.08 4.08 4.08 4.08 4.08 4.08 4.08 4.08 4.08 4.08 4.08 4.08 4.08 4.08 4.08 4.08 4.08 4.08 4.08 4.08 4.08 4.08 4.08 4.08 4.08 
3.32 3.32 3.32 3.32 3.32 3.32 3.32 3.32 3.32 3.32 3.32 3.56 3.56 3.56 3.56 3.56 3.56 3.56 3.56 3.56 3.56 3.56 3.56 3.56 3.56 3.56 3.56 3.56 3.56 3.56 3.56 3.56 3.56 3.56 3.56 3.56 3.56 3.56 3.56 3.56 3.56 3.56 3.56 3.56 3.56 3.56 3.56 3.56 3.56 3.56 3.56 3.56 3.56 3.56 3.56 3.56 3.56 3.56 3.56 3.56 3.56 3.56 3.56 3.56 3.56 3.56 3.56 3.56 3.56 3.56 3.56 4.08 4.08 4.08 4.08 4.08 4.08 4.08 4.08 4.08 4.08 4.08 4.08 4.08 4.08 4.08 4.08 4.08 4.08 4.08 4.08 4.08 4.08 4.08 4.08 4.08 4.08 4.08 4.08 4.08 
3.32 3.32 3.32 3.32 3.32 3.32 3.32 3.32 3.32 3.32 3.32 3.56 3.56 3.56 3.56 3.56 3.56 3.56 3.56 3.56 3.56 3.56 3.56 3.56 3.56 3.56 3.56 3.56 3.56 3.56 3.56 3.56 3.56 3.56 3.56 3.56 3.56 3.56 3.56 3.56 3.56 3.56 3.56 3.56 3.56 3.56 3.56 3.56 3.56 3.56 3.56 3.56 3.56 3.56 3.56 3.56 3.56 3.56 3.56 3.56 3.56 3.56 3.56 3.56 3.56 3.56 3.56 3.56 3.56 3.56 3.56 4.08 4.08 4.08 4.08 4.08 4.08 4.08 4.08 4.08 4.08 4.08 4.08 4.08 4.08 4.08 4.08 4.08 4.08 4.08 4.08 4.08 4.08 4.08 4.08 4.08 4.08 4.08 4.08 4.08 
3.32 3.32 3.32 3.32 3.32 3.32 3.32 3.32 3.32 3.32 3.32 3.56 3.56 3.56 3.56 3.56 3.56 3.56 3.56 3.56 3.56 3.56 3.56 3.56 3.56 3.56 3.56 3.56 3.56 3.56 3.56 3.56 3.56 3.56 3.56 3.56 3.56 3.56 3.56 3.56 3.56 3.56 3.56 3.56 3.56 3.56 3.56 3.56 3.56 3.56 3.56 3.56 3.56 3.56 3.56 3.56 3.56 3.56 3.56 3.56 3.56 3.56 3.56 3.56 3.56 3.56 3.56 3.56 3.56 3.56 3.56 4.08 4.08 4.08 4.08 4.08 4.08 4.08 4.08 4.08 4.08 4.08 4.08 4.08 4.08 4.08 4.08 4.08 4.08 4.08 4.08 4.08 4.08 4.08 4.08 4.08 4.08 4.08 4.08 4.08 
3.32 3.32 3.32 3.32 3.32 3.32 3.32 3.32 3.32 3.32 3.32 3.56 3.56 3.56 3.56 3.56 3.56 3.56 3.56 3.56 3.56 3.56 3.56 3.56 3.56 3.56 3.56 3.56 3.56 3.56 3.56 3.56 3.56 3.56 3.56 3.56 3.56 3.56 3.56 3.56 3.56 3.56 3.56 3.56 3.56 3.56 3.56 3.56 3.56 3.56 3.56 3.56 3.56 3.56 3.56 3.56 3.56 3.56 3.56 3.56 3.56 3.56 3.56 3.56 3.56 3.56 3.56 3.56 3.56 3.56 3.56 4.08 4.08 4.08 4.08 4.08 4.08 4.08 4.08 4.08 4.08 4.08 4.08 4.08 4.08 4.08 4.08 4.08 4.08 4.08 4.08 4.08 4.08 4.08 4.08 4.08 4.08 4.08 4.08 4.08 
3.32 3.32 3.32 3.32 3.32 3.32 3.32 3.32 3.32 3.32 3.32 3.56 3.56 3.56 3.56 3.56 3.56 3.56 3.56 3.56 3.56 3.56 3.56 3.56 3.56 3.56 3.56 3.56 3.56 3.56 3.56 3.56 3.56 3.56 3.56 3.56 3.56 3.56 3.56 3.56 3.56 3.56 3.56 3.56 3.56 3.56 3.56 3.56 3.56 3.56 3.56 3.56 3.56 3.56 3.56 3.56 3.56 3.56 3.56 3.56 3.56 3.56 3.56 3.56 3.56 3.56 3.56 3.56 3.56 3.56 3.56 4.08 4.08 4.08 4.08 4.08 4.08 4.08 4.08 4.08 4.08 4.08 4.08 4.08 4.08 4.08 4.08 4.08 4.08 4.08 4.08 4.08 4.08 4.08 4.08 4.08 4.08 4.08 4.08 4.08 
3.32 3.32 3.32 3.32 3.32 3.32 3.32 3.32 3.32 3.32 3.32 3.56 3.56 3.56 3.56 3.56 3.56 3.56 3.56 3.56 3.56 3.56 3.56 3.56 3.56 3.56 3.56 3.56 3.56 3.56 3.56 3.56 3.56 3.56 3.56 3.56 3.56 3.56 3.56 3.56 3.56 3.56 3.56 3.56 3.56 3.56 3.56 3.56 3.56 3.56 3.56 3.56 3.56 3.56 3.56 3.56 3.56 3.56 3.56 3.56 3.56 3.56 3.56 3.56 3.56 3.56 3.56 3.56 3.56 3.56 3.56 4.08 4.08 4.08 4.08 4.08 4.08 4.08 4.08 4.08 4.08 4.08 4.08 4.08 4.08 4.08 4.08 4.08 4.08 4.08 4.08 4.08 4.08 4.08 4.08 4.08 4.08 4.08 4.08 4.08 
3.32 3.32 3.32 3.32 3.32 3.32 3.32 3.32 3.32 3.32 3.32 3.56 3.56 3.56 3.56 3.56 3.56 3.56 3.56 3.56 3.56 3.56 3.56 3.56 3.56 3.56 3.56 3.56 3.56 3.56 3.56 3.56 3.56 3.56 3.56 3.56 3.56 3.56 3.56 3.56 3.56 3.56 3.56 3.56 3.56 3.56 3.56 3.56 3.56 3.56 3.56 3.56 3.56 3.56 3.56 3.56 3.56 3.56 3.56 3.56 3.56 3.56 3.56 3.56 3.56 3.56 3.56 3.56 3.56 3.56 3.56 4.08 4.08 4.08 4.08 4.08 4.08 4.08 4.08 4.08 4.08 4.08 4.08 4.08 4.08 4.08 4.08 4.08 4.08 4.08 4.08 4.08 4.08 4.08 4.08 4.08 4.08 4.08 4.08 4.08 
3.32 3.32 3.32 3.32 3.32 3.32 3.32 3.32 3.32 3.32 3.32 3.56 3.56 3.56 3.56 3.56 3.56 3.56 3.56 3.56 3.56 3.56 3.56 3.56 3.56 3.56 3.56 3.56 3.56 3.56 3.56 3.56 3.56 3.56 3.56 3.56 3.56 3.56 3.56 3.56 3.56 3.56 3.56 3.56 3.56 3.56 3.56 3.56 3.56 3.56 3.56 3.56 3.56 3.56 3.56 3.56 3.56 3.56 3.56 3.56 3.56 3.56 3.56 3.56 3.56 3.56 3.56 3.56 3.56 3.56 3.56 4.08 4.08 4.08 4.08 4.08 4.08 4.08 4.08 4.08 4.08 4.08 4.08 4.08 4.08 4.08 4.08 4.08 4.08 4.08 4.08 4.08 4.08 4.08 4.08 4.08 4.08 4.08 4.08 4.08 
3.32 3.32 3.32 3.32 3.32 3.32 3.32 3.32 3.32 3.32 3.32 3.56 3.56 3.56 3.56 3.56 3.56 3.56 3.56 3.56 3.56 3.56 3.56 3.56 3.56 3.56 3.56 3.56 3.56 3.56 3.56 3.56 3.56 3.56 3.56 3.56 3.56 3.56 3.56 3.56 3.56 3.56 3.56 3.56 3.56 3.56 3.56 3.56 3.56 3.56 3.56 3.56 3.56 3.56 3.56 3.56 3.56 3.56 3.56 3.56 3.56 3.56 3.56 3.56 3.56 3.56 3.56 3.56 3.56 3.56 3.56 4.08 4.08 4.08 4.08 4.08 4.08 4.08 4.08 4.08 4.08 4.08 4.08 4.08 4.08 4.08 4.08 4.08 4.08 4.08 4.08 4.08 4.08 4.08 4.08 4.08 4.08 4.08 4.08 4.08 
6.62 6.62 6.62 6.62 6.62 6.62 6.62 6.62 6.62 6.62 6.62 6.56 6.56 6.56 6.56 6.56 6.56 6.56 6.56 6.56 6.56 6.56 6.56 6.56 6.56 6.56 6.56 6.56 6.56 6.56 6.56 6.56 6.56 6.56 6.56 6.56 6.56 6.56 6.56 6.56 6.56 6.56 6.56 6.56 6.56 6.56 6.56 6.56 6.56 6.56 6.56 6.56 6.56 6.56 6.56 6.56 6.56 6.56 6.56 6.56 6.56 6.56 6.56 6.56 6.56 6.56 6.56 6.56 6.56 6.56 6.56 6.7 6.7 6.7 6.7 6.7 6.7 6.7 6.7 6.7 6.7 6.7 6.7 6.7 6.7 6.7 6.7 6.7 6.7 6.7 6.7 6.7 6.7 6.7 6.7 6.7 6.7 6.7 6.7 6.7 
6.62 6.62 6.62 6.62 6.62 6.62 6.62 6.62 6.62 6.62 6.62 6.56 6.56 6.56 6.56 6.56 6.56 6.56 6.56 6.56 6.56 6.56 6.56 6.56 6.56 6.56 6.56 6.56 6.56 6.56 6.56 6.56 6.56 6.56 6.56 6.56 6.56 6.56 6.56 6.56 6.56 6.56 6.56 6.56 6.56 6.56 6.56 6.56 6.56 6.56 6.56 6.56 6.56 6.56 6.56 6.56 6.56 6.56 6.56 6.56 6.56 6.56 6.56 6.56 6.56 6.56 6.56 6.56 6.56 6.56 6.56 6.7 6.7 6.7 6.7 6.7 6.7 6.7 6.7 6.7 6.7 6.7 6.7 6.7 6.7 6.7 6.7 6.7 6.7 6.7 6.7 6.7 6.7 6.7 6.7 6.7 6.7 6.7 6.7 6.7 
6.62 6.62 6.62 6.62 6.62 6.62 6.62 6.62 6.62 6.62 6.62 6.56 6.56 6.56 6.56 6.56 6.56 6.56 6.56 6.56 6.56 6.56 6.56 6.56 6.56 6.56 6.56 6.56 6.56 6.56 6.56 6.56 6.56 6.56 6.56 6.56 6.56 6.56 6.56 6.56 6.56 6.56 6.56 6.56 6.56 6.56 6.56 6.56 6.56 6.56 6.56 6.56 6.56 6.56 6.56 6.56 6.56 6.56 6.56 6.56 6.56 6.56 6.56 6.56 6.56 6.56 6.56 6.56 6.56 6.56 6.56 6.7 6.7 6.7 6.7 6.7 6.7 6.7 6.7 6.7 6.7 6.7 6.7 6.7 6.7 6.7 6.7 6.7 6.7 6.7 6.7 6.7 6.7 6.7 6.7 6.7 6.7 6.7 6.7 6.7 
6.62 6.62 6.62 6.62 6.62 6.62 6.62 6.62 6.62 6.62 6.62 6.56 6.56 6.56 6.56 6.56 6.56 6.56 6.56 6.56 6.56 6.56 6.56 6.56 6.56 6.56 6.56 6.56 6.56 6.56 6.56 6.56 6.56 6.56 6.56 6.56 6.56 6.56 6.56 6.56 6.56 6.56 6.56 6.56 6.56 6.56 6.56 6.56 6.56 6.56 6.56 6.56 6.56 6.56 6.56 6.56 6.56 6.56 6.56 6.56 6.56 6.56 6.56 6.56 6.56 6.56 6.56 6.56 6.56 6.56 6.56 6.7 6.7 6.7 6.7 6.7 6.7 6.7 6.7 6.7 6.7 6.7 6.7 6.7 6.7 6.7 6.7 6.7 6.7 6.7 6.7 6.7 6.7 6.7 6.7 6.7 6.7 6.7 6.7 6.7 
6.62 6.62 6.62 6.62 6.62 6.62 6.62 6.62 6.62 6.62 6.62 6.56 6.56 6.56 6.56 6.56 6.56 6.56 6.56 6.56 6.56 6.56 6.56 6.56 6.56 6.56 6.56 6.56 6.56 6.56 6.56 6.56 6.56 6.56 6.56 6.56 6.56 6.56 6.56 6.56 6.56 6.56 6.56 6.56 6.56 6.56 6.56 6.56 6.56 6.56 6.56 6.56 6.56 6.56 6.56 6.56 6.56 6.56 6.56 6.56 6.56 6.56 6.56 6.56 6.56 6.56 6.56 6.56 6.56 6.56 6.56 6.7 6.7 6.7 6.7 6.7 6.7 6.7 6.7 6.7 6.7 6.7 6.7 6.7 6.7 6.7 6.7 6.7 6.7 6.7 6.7 6.7 6.7 6.7 6.7 6.7 6.7 6.7 6.7 6.7 
6.62 6.62 6.62 6.62 6.62 6.62 6.62 6.62 6.62 6.62 6.62 6.56 6.56 6.56 6.56 6.56 6.56 6.56 6.56 6.56 6.56 6.56 6.56 6.56 6.56 6.56 6.56 6.56 6.56 6.56 6.56 6.56 6.56 6.56 6.56 6.56 6.56 6.56 6.56 6.56 6.56 6.56 6.56 6.56 6.56 6.56 6.56 6.56 6.56 6.56 6.56 6.56 6.56 6.56 6.56 6.56 6.56 6.56 6.56 6.56 6.56 6.56 6.56 6.56 6.56 6.56 6.56 6.56 6.56 6.56 6.56 6.7 6.7 6.7 6.7 6.7 6.7 6.7 6.7 6.7 6.7 6.7 6.7 6.7 6.7 6.7 6.7 6.7 6.7 6.7 6.7 6.7 6.7 6.7 6.7 6.7 6.7 6.7 6.7 6.7 
6.62 6.62 6.62 6.62 6.62 6.62 6.62 6.62 6.62 6.62 6.62 6.56 6.56 6.56 6.56 6.56 6.56 6.56 6.56 6.56 6.56 6.56 6.56 6.56 6.56 6.56 6.56 6.56 6.56 6.56 6.56 6.56 6.56 6.56 6.56 6.56 6.56 6.56 6.56 6.56 6.56 6.56 6.56 6.56 6.56 6.56 6.56 6.56 6.56 6.56 6.56 6.56 6.56 6.56 6.56 6.56 6.56 6.56 6.56 6.56 6.56 6.56 6.56 6.56 6.56 6.56 6.56 6.56 6.56 6.56 6.56 6.7 6.7 6.7 6.7 6.7 6.7 6.7 6.7 6.7 6.7 6.7 6.7 6.7 6.7 6.7 6.7 6.7 6.7 6.7 6.7 6.7 6.7 6.7 6.7 6.7 6.7 6.7 6.7 6.7 
6.62 6.62 6.62 6.62 6.62 6.62 6.62 6.62 6.62 6.62 6.62 6.56 6.56 6.56 6.56 6.56 6.56 6.56 6.56 6.56 6.56 6.56 6.56 6.56 6.56 6.56 6.56 6.56 6.56 6.56 6.56 6.56 6.56 6.56 6.56 6.56 6.56 6.56 6.56 6.56 6.56 6.56 6.56 6.56 6.56 6.56 6.56 6.56 6.56 6.56 6.56 6.56 6.56 6.56 6.56 6.56 6.56 6.56 6.56 6.56 6.56 6.56 6.56 6.56 6.56 6.56 6.56 6.56 6.56 6.56 6.56 6.7 6.7 6.7 6.7 6.7 6.7 6.7 6.7 6.7 6.7 6.7 6.7 6.7 6.7 6.7 6.7 6.7 6.7 6.7 6.7 6.7 6.7 6.7 6.7 6.7 6.7 6.7 6.7 6.7 
6.62 6.62 6.62 6.62 6.62 6.62 6.62 6.62 6.62 6.62 6.62 6.56 6.56 6.56 6.56 6.56 6.56 6.56 6.56 6.56 6.56 6.56 6.56 6.56 6.56 6.56 6.56 6.56 6.56 6.56 6.56 6.56 6.56 6.56 6.56 6.56 6.56 6.56 6.56 6.56 6.56 6.56 6.56 6.56 6.56 6.56 6.56 6.56 6.56 6.56 6.56 6.56 6.56 6.56 6.56 6.56 6.56 6.56 6.56 6.56 6.56 6.56 6.56 6.56 6.56 6.56 6.56 6.56 6.56 6.56 6.56 6.7 6.7 6.7 6.7 6.7 6.7 6.7 6.7 6.7 6.7 6.7 6.7 6.7 6.7 6.7 6.7 6.7 6.7 6.7 6.7 6.7 6.7 6.7 6.7 6.7 6.7 6.7 6.7 6.7 
6.62 6.62 6.62 6.62 6.62 6.62 6.62 6.62 6.62 6.62 6.62 6.56 6.56 6.56 6.56 6.56 6.56 6.56 6.56 6.56 6.56 6.56 6.56 6.56 6.56 6.56 6.56 6.56 6.56 6.56 6.56 6.56 6.56 6.56 6.56 6.56 6.56 6.56 6.56 6.56 6.56 6.56 6.56 6.56 6.56 6.56 6.56 6.56 6.56 6.56 6.56 6.56 6.56 6.56 6.56 6.56 6.56 6.56 6.56 6.56 6.56 6.56 6.56 6.56 6.56 6.56 6.56 6.56 6.56 6.56 6.56 6.7 6.7 6.7 6.7 6.7 6.7 6.7 6.7 6.7 6.7 6.7 6.7 6.7 6.7 6.7 6.7 6.7 6.7 6.7 6.7 6.7 6.7 6.7 6.7 6.7 6.7 6.7 6.7 6.7 
6.62 6.62 6.62 6.62 6.62 6.62 6.62 6.62 6.62 6.62 6.62 6.56 6.56 6.56 6.56 6.56 6.56 6.56 6.56 6.56 6.56 6.56 6.56 6.56 6.56 6.56 6.56 6.56 6.56 6.56 6.56 6.56 6.56 6.56 6.56 6.56 6.56 6.56 6.56 6.56 6.56 6.56 6.56 6.56 6.56 6.56 6.56 6.56 6.56 6.56 6.56 6.56 6.56 6.56 6.56 6.56 6.56 6.56 6.56 6.56 6.56 6.56 6.56 6.56 6.56 6.56 6.56 6.56 6.56 6.56 6.56 6.7 6.7 6.7 6.7 6.7 6.7 6.7 6.7 6.7 6.7 6.7 6.7 6.7 6.7 6.7 6.7 6.7 6.7 6.7 6.7 6.7 6.7 6.7 6.7 6.7 6.7 6.7 6.7 6.7 
6.62 6.62 6.62 6.62 6.62 6.62 6.62 6.62 6.62 6.62 6.62 6.56 6.56 6.56 6.56 6.56 6.56 6.56 6.56 6.56 6.56 6.56 6.56 6.56 6.56 6.56 6.56 6.56 6.56 6.56 6.56 6.56 6.56 6.56 6.56 6.56 6.56 6.56 6.56 6.56 6.56 6.56 6.56 6.56 6.56 6.56 6.56 6.56 6.56 6.56 6.56 6.56 6.56 6.56 6.56 6.56 6.56 6.56 6.56 6.56 6.56 6.56 6.56 6.56 6.56 6.56 6.56 6.56 6.56 6.56 6.56 6.7 6.7 6.7 6.7 6.7 6.7 6.7 6.7 6.7 6.7 6.7 6.7 6.7 6.7 6.7 6.7 6.7 6.7 6.7 6.7 6.7 6.7 6.7 6.7 6.7 6.7 6.7 6.7 6.7 
6.62 6.62 6.62 6.62 6.62 6.62 6.62 6.62 6.62 6.62 6.62 6.56 6.56 6.56 6.56 6.56 6.56 6.56 6.56 6.56 6.56 6.56 6.56 6.56 6.56 6.56 6.56 6.56 6.56 6.56 6.56 6.56 6.56 6.56 6.56 6.56 6.56 6.56 6.56 6.56 6.56 6.56 6.56 6.56 6.56 6.56 6.56 6.56 6.56 6.56 6.56 6.56 6.56 6.56 6.56 6.56 6.56 6.56 6.56 6.56 6.56 6.56 6.56 6.56 6.56 6.56 6.56 6.56 6.56 6.56 6.56 6.7 6.7 6.7 6.7 6.7 6.7 6.7 6.7 6.7 6.7 6.7 6.7 6.7 6.7 6.7 6.7 6.7 6.7 6.7 6.7 6.7 6.7 6.7 6.7 6.7 6.7 6.7 6.7 6.7 
6.62 6.62 6.62 6.62 6.62 6.62 6.62 6.62 6.62 6.62 6.62 6.56 6.56 6.56 6.56 6.56 6.56 6.56 6.56 6.56 6.56 6.56 6.56 6.56 6.56 6.56 6.56 6.56 6.56 6.56 6.56 6.56 6.56 6.56 6.56 6.56 6.56 6.56 6.56 6.56 6.56 6.56 6.56 6.56 6.56 6.56 6.56 6.56 6.56 6.56 6.56 6.56 6.56 6.56 6.56 6.56 6.56 6.56 6.56 6.56 6.56 6.56 6.56 6.56 6.56 6.56 6.56 6.56 6.56 6.56 6.56 6.7 6.7 6.7 6.7 6.7 6.7 6.7 6.7 6.7 6.7 6.7 6.7 6.7 6.7 6.7 6.7 6.7 6.7 6.7 6.7 6.7 6.7 6.7 6.7 6.7 6.7 6.7 6.7 6.7 
6.62 6.62 6.62 6.62 6.62 6.62 6.62 6.62 6.62 6.62 6.62 6.56 6.56 6.56 6.56 6.56 6.56 6.56 6.56 6.56 6.56 6.56 6.56 6.56 6.56 6.56 6.56 6.56 6.56 6.56 6.56 6.56 6.56 6.56 6.56 6.56 6.56 6.56 6.56 6.56 6.56 6.56 6.56 6.56 6.56 6.56 6.56 6.56 6.56 6.56 6.56 6.56 6.56 6.56 6.56 6.56 6.56 6.56 6.56 6.56 6.56 6.56 6.56 6.56 6.56 6.56 6.56 6.56 6.56 6.56 6.56 6.7 6.7 6.7 6.7 6.7 6.7 6.7 6.7 6.7 6.7 6.7 6.7 6.7 6.7 6.7 6.7 6.7 6.7 6.7 6.7 6.7 6.7 6.7 6.7 6.7 6.7 6.7 6.7 6.7 
6.62 6.62 6.62 6.62 6.62 6.62 6.62 6.62 6.62 6.62 6.62 6.56 6.56 6.56 6.56 6.56 6.56 6.56 6.56 6.56 6.56 6.56 6.56 6.56 6.56 6.56 6.56 6.56 6.56 6.56 6.56 6.56 6.56 6.56 6.56 6.56 6.56 6.56 6.56 6.56 6.56 6.56 6.56 6.56 6.56 6.56 6.56 6.56 6.56 6.56 6.56 6.56 6.56 6.56 6.56 6.56 6.56 6.56 6.56 6.56 6.56 6.56 6.56 6.56 6.56 6.56 6.56 6.56 6.56 6.56 6.56 6.7 6.7 6.7 6.7 6.7 6.7 6.7 6.7 6.7 6.7 6.7 6.7 6.7 6.7 6.7 6.7 6.7 6.7 6.7 6.7 6.7 6.7 6.7 6.7 6.7 6.7 6.7 6.7 6.7 
6.62 6.62 6.62 6.62 6.62 6.62 6.62 6.62 6.62 6.62 6.62 6.56 6.56 6.56 6.56 6.56 6.56 6.56 6.56 6.56 6.56 6.56 6.56 6.56 6.56 6.56 6.56 6.56 6.56 6.56 6.56 6.56 6.56 6.56 6.56 6.56 6.56 6.56 6.56 6.56 6.56 6.56 6.56 6.56 6.56 6.56 6.56 6.56 6.56 6.56 6.56 6.56 6.56 6.56 6.56 6.56 6.56 6.56 6.56 6.56 6.56 6.56 6.56 6.56 6.56 6.56 6.56 6.56 6.56 6.56 6.56 6.7 6.7 6.7 6.7 6.7 6.7 6.7 6.7 6.7 6.7 6.7 6.7 6.7 6.7 6.7 6.7 6.7 6.7 6.7 6.7 6.7 6.7 6.7 6.7 6.7 6.7 6.7 6.7 6.7 
6.62 6.62 6.62 6.62 6.62 6.62 6.62 6.62 6.62 6.62 6.62 6.56 6.56 6.56 6.56 6.56 6.56 6.56 6.56 6.56 6.56 6.56 6.56 6.56 6.56 6.56 6.56 6.56 6.56 6.56 6.56 6.56 6.56 6.56 6.56 6.56 6.56 6.56 6.56 6.56 6.56 6.56 6.56 6.56 6.56 6.56 6.56 6.56 6.56 6.56 6.56 6.56 6.56 6.56 6.56 6.56 6.56 6.56 6.56 6.56 6.56 6.56 6.56 6.56 6.56 6.56 6.56 6.56 6.56 6.56 6.56 6.7 6.7 6.7 6.7 6.7 6.7 6.7 6.7 6.7 6.7 6.7 6.7 6.7 6.7 6.7 6.7 6.7 6.7 6.7 6.7 6.7 6.7 6.7 6.7 6.7 6.7 6.7 6.7 6.7 
6.62 6.62 6.62 6.62 6.62 6.62 6.62 6.62 6.62 6.62 6.62 6.56 6.56 6.56 6.56 6.56 6.56 6.56 6.56 6.56 6.56 6.56 6.56 6.56 6.56 6.56 6.56 6.56 6.56 6.56 6.56 6.56 6.56 6.56 6.56 6.56 6.56 6.56 6.56 6.56 6.56 6.56 6.56 6.56 6.56 6.56 6.56 6.56 6.56 6.56 6.56 6.56 6.56 6.56 6.56 6.56 6.56 6.56 6.56 6.56 6.56 6.56 6.56 6.56 6.56 6.56 6.56 6.56 6.56 6.56 6.56 6.7 6.7 6.7 6.7 6.7 6.7 6.7 6.7 6.7 6.7 6.7 6.7 6.7 6.7 6.7 6.7 6.7 6.7 6.7 6.7 6.7 6.7 6.7 6.7 6.7 6.7 6.7 6.7 6.7 
6.62 6.62 6.62 6.62 6.62 6.62 6.62 6.62 6.62 6.62 6.62 6.56 6.56 6.56 6.56 6.56 6.56 6.56 6.56 6.56 6.56 6.56 6.56 6.56 6.56 6.56 6.56 6.56 6.56 6.56 6.56 6.56 6.56 6.56 6.56 6.56 6.56 6.56 6.56 6.56 6.56 6.56 6.56 6.56 6.56 6.56 6.56 6.56 6.56 6.56 6.56 6.56 6.56 6.56 6.56 6.56 6.56 6.56 6.56 6.56 6.56 6.56 6.56 6.56 6.56 6.56 6.56 6.56 6.56 6.56 6.56 6.7 6.7 6.7 6.7 6.7 6.7 6.7 6.7 6.7 6.7 6.7 6.7 6.7 6.7 6.7 6.7 6.7 6.7 6.7 6.7 6.7 6.7 6.7 6.7 6.7 6.7 6.7 6.7 6.7 
6.62 6.62 6.62 6.62 6.62 6.62 6.62 6.62 6.62 6.62 6.62 6.56 6.56 6.56 6.56 6.56 6.56 6.56 6.56 6.56 6.56 6.56 6.56 6.56 6.56 6.56 6.56 6.56 6.56 6.56 6.56 6.56 6.56 6.56 6.56 6.56 6.56 6.56 6.56 6.56 6.56 6.56 6.56 6.56 6.56 6.56 6.56 6.56 6.56 6.56 6.56 6.56 6.56 6.56 6.56 6.56 6.56 6.56 6.56 6.56 6.56 6.56 6.56 6.56 6.56 6.56 6.56 6.56 6.56 6.56 6.56 6.7 6.7 6.7 6.7 6.7 6.7 6.7 6.7 6.7 6.7 6.7 6.7 6.7 6.7 6.7 6.7 6.7 6.7 6.7 6.7 6.7 6.7 6.7 6.7 6.7 6.7 6.7 6.7 6.7 
6.62 6.62 6.62 6.62 6.62 6.62 6.62 6.62 6.62 6.62 6.62 6.56 6.56 6.56 6.56 6.56 6.56 6.56 6.56 6.56 6.56 6.56 6.56 6.56 6.56 6.56 6.56 6.56 6.56 6.56 6.56 6.56 6.56 6.56 6.56 6.56 6.56 6.56 6.56 6.56 6.56 6.56 6.56 6.56 6.56 6.56 6.56 6.56 6.56 6.56 6.56 6.56 6.56 6.56 6.56 6.56 6.56 6.56 6.56 6.56 6.56 6.56 6.56 6.56 6.56 6.56 6.56 6.56 6.56 6.56 6.56 6.7 6.7 6.7 6.7 6.7 6.7 6.7 6.7 6.7 6.7 6.7 6.7 6.7 6.7 6.7 6.7 6.7 6.7 6.7 6.7 6.7 6.7 6.7 6.7 6.7 6.7 6.7 6.7 6.7 
6.62 6.62 6.62 6.62 6.62 6.62 6.62 6.62 6.62 6.62 6.62 6.56 6.56 6.56 6.56 6.56 6.56 6.56 6.56 6.56 6.56 6.56 6.56 6.56 6.56 6.56 6.56 6.56 6.56 6.56 6.56 6.56 6.56 6.56 6.56 6.56 6.56 6.56 6.56 6.56 6.56 6.56 6.56 6.56 6.56 6.56 6.56 6.56 6.56 6.56 6.56 6.56 6.56 6.56 6.56 6.56 6.56 6.56 6.56 6.56 6.56 6.56 6.56 6.56 6.56 6.56 6.56 6.56 6.56 6.56 6.56 6.7 6.7 6.7 6.7 6.7 6.7 6.7 6.7 6.7 6.7 6.7 6.7 6.7 6.7 6.7 6.7 6.7 6.7 6.7 6.7 6.7 6.7 6.7 6.7 6.7 6.7 6.7 6.7 6.7 
6.62 6.62 6.62 6.62 6.62 6.62 6.62 6.62 6.62 6.62 6.62 6.56 6.56 6.56 6.56 6.56 6.56 6.56 6.56 6.56 6.56 6.56 6.56 6.56 6.56 6.56 6.56 6.56 6.56 6.56 6.56 6.56 6.56 6.56 6.56 6.56 6.56 6.56 6.56 6.56 6.56 6.56 6.56 6.56 6.56 6.56 6.56 6.56 6.56 6.56 6.56 6.56 6.56 6.56 6.56 6.56 6.56 6.56 6.56 6.56 6.56 6.56 6.56 6.56 6.56 6.56 6.56 6.56 6.56 6.56 6.56 6.7 6.7 6.7 6.7 6.7 6.7 6.7 6.7 6.7 6.7 6.7 6.7 6.7 6.7 6.7 6.7 6.7 6.7 6.7 6.7 6.7 6.7 6.7 6.7 6.7 6.7 6.7 6.7 6.7 
6.62 6.62 6.62 6.62 6.62 6.62 6.62 6.62 6.62 6.62 6.62 6.56 6.56 6.56 6.56 6.56 6.56 6.56 6.56 6.56 6.56 6.56 6.56 6.56 6.56 6.56 6.56 6.56 6.56 6.56 6.56 6.56 6.56 6.56 6.56 6.56 6.56 6.56 6.56 6.56 6.56 6.56 6.56 6.56 6.56 6.56 6.56 6.56 6.56 6.56 6.56 6.56 6.56 6.56 6.56 6.56 6.56 6.56 6.56 6.56 6.56 6.56 6.56 6.56 6.56 6.56 6.56 6.56 6.56 6.56 6.56 6.7 6.7 6.7 6.7 6.7 6.7 6.7 6.7 6.7 6.7 6.7 6.7 6.7 6.7 6.7 6.7 6.7 6.7 6.7 6.7 6.7 6.7 6.7 6.7 6.7 6.7 6.7 6.7 6.7 
6.62 6.62 6.62 6.62 6.62 6.62 6.62 6.62 6.62 6.62 6.62 6.56 6.56 6.56 6.56 6.56 6.56 6.56 6.56 6.56 6.56 6.56 6.56 6.56 6.56 6.56 6.56 6.56 6.56 6.56 6.56 6.56 6.56 6.56 6.56 6.56 6.56 6.56 6.56 6.56 6.56 6.56 6.56 6.56 6.56 6.56 6.56 6.56 6.56 6.56 6.56 6.56 6.56 6.56 6.56 6.56 6.56 6.56 6.56 6.56 6.56 6.56 6.56 6.56 6.56 6.56 6.56 6.56 6.56 6.56 6.56 6.7 6.7 6.7 6.7 6.7 6.7 6.7 6.7 6.7 6.7 6.7 6.7 6.7 6.7 6.7 6.7 6.7 6.7 6.7 6.7 6.7 6.7 6.7 6.7 6.7 6.7 6.7 6.7 6.7 
6.62 6.62 6.62 6.62 6.62 6.62 6.62 6.62 6.62 6.62 6.62 6.56 6.56 6.56 6.56 6.56 6.56 6.56 6.56 6.56 6.56 6.56 6.56 6.56 6.56 6.56 6.56 6.56 6.56 6.56 6.56 6.56 6.56 6.56 6.56 6.56 6.56 6.56 6.56 6.56 6.56 6.56 6.56 6.56 6.56 6.56 6.56 6.56 6.56 6.56 6.56 6.56 6.56 6.56 6.56 6.56 6.56 6.56 6.56 6.56 6.56 6.56 6.56 6.56 6.56 6.56 6.56 6.56 6.56 6.56 6.56 6.7 6.7 6.7 6.7 6.7 6.7 6.7 6.7 6.7 6.7 6.7 6.7 6.7 6.7 6.7 6.7 6.7 6.7 6.7 6.7 6.7 6.7 6.7 6.7 6.7 6.7 6.7 6.7 6.7 
6.62 6.62 6.62 6.62 6.62 6.62 6.62 6.62 6.62 6.62 6.62 6.56 6.56 6.56 6.56 6.56 6.56 6.56 6.56 6.56 6.56 6.56 6.56 6.56 6.56 6.56 6.56 6.56 6.56 6.56 6.56 6.56 6.56 6.56 6.56 6.56 6.56 6.56 6.56 6.56 6.56 6.56 6.56 6.56 6.56 6.56 6.56 6.56 6.56 6.56 6.56 6.56 6.56 6.56 6.56 6.56 6.56 6.56 6.56 6.56 6.56 6.56 6.56 6.56 6.56 6.56 6.56 6.56 6.56 6.56 6.56 6.7 6.7 6.7 6.7 6.7 6.7 6.7 6.7 6.7 6.7 6.7 6.7 6.7 6.7 6.7 6.7 6.7 6.7 6.7 6.7 6.7 6.7 6.7 6.7 6.7 6.7 6.7 6.7 6.7 
6.62 6.62 6.62 6.62 6.62 6.62 6.62 6.62 6.62 6.62 6.62 6.56 6.56 6.56 6.56 6.56 6.56 6.56 6.56 6.56 6.56 6.56 6.56 6.56 6.56 6.56 6.56 6.56 6.56 6.56 6.56 6.56 6.56 6.56 6.56 6.56 6.56 6.56 6.56 6.56 6.56 6.56 6.56 6.56 6.56 6.56 6.56 6.56 6.56 6.56 6.56 6.56 6.56 6.56 6.56 6.56 6.56 6.56 6.56 6.56 6.56 6.56 6.56 6.56 6.56 6.56 6.56 6.56 6.56 6.56 6.56 6.7 6.7 6.7 6.7 6.7 6.7 6.7 6.7 6.7 6.7 6.7 6.7 6.7 6.7 6.7 6.7 6.7 6.7 6.7 6.7 6.7 6.7 6.7 6.7 6.7 6.7 6.7 6.7 6.7 
6.62 6.62 6.62 6.62 6.62 6.62 6.62 6.62 6.62 6.62 6.62 6.56 6.56 6.56 6.56 6.56 6.56 6.56 6.56 6.56 6.56 6.56 6.56 6.56 6.56 6.56 6.56 6.56 6.56 6.56 6.56 6.56 6.56 6.56 6.56 6.56 6.56 6.56 6.56 6.56 6.56 6.56 6.56 6.56 6.56 6.56 6.56 6.56 6.56 6.56 6.56 6.56 6.56 6.56 6.56 6.56 6.56 6.56 6.56 6.56 6.56 6.56 6.56 6.56 6.56 6.56 6.56 6.56 6.56 6.56 6.56 6.7 6.7 6.7 6.7 6.7 6.7 6.7 6.7 6.7 6.7 6.7 6.7 6.7 6.7 6.7 6.7 6.7 6.7 6.7 6.7 6.7 6.7 6.7 6.7 6.7 6.7 6.7 6.7 6.7 
6.62 6.62 6.62 6.62 6.62 6.62 6.62 6.62 6.62 6.62 6.62 6.56 6.56 6.56 6.56 6.56 6.56 6.56 6.56 6.56 6.56 6.56 6.56 6.56 6.56 6.56 6.56 6.56 6.56 6.56 6.56 6.56 6.56 6.56 6.56 6.56 6.56 6.56 6.56 6.56 6.56 6.56 6.56 6.56 6.56 6.56 6.56 6.56 6.56 6.56 6.56 6.56 6.56 6.56 6.56 6.56 6.56 6.56 6.56 6.56 6.56 6.56 6.56 6.56 6.56 6.56 6.56 6.56 6.56 6.56 6.56 6.7 6.7 6.7 6.7 6.7 6.7 6.7 6.7 6.7 6.7 6.7 6.7 6.7 6.7 6.7 6.7 6.7 6.7 6.7 6.7 6.7 6.7 6.7 6.7 6.7 6.7 6.7 6.7 6.7 
