ncols         100
nrows         100
xllcorner     -59982.863281
yllcorner     1851083.022172
cellsize      1000
NODATA_value  -9999
137.7 137.7 137.7 137.7 137.7 137.7 137.7 137.7 137.7 137.7 137.7 135.9 135.9 135.9 135.9 135.9 135.9 135.9 135.9 135.9 135.9 135.9 135.9 135.9 135.9 135.9 135.9 135.9 135.9 135.9 135.9 135.9 135.9 135.9 135.9 135.9 135.9 135.9 135.9 135.9 135.9 135.9 135.9 135.9 135.9 135.9 135.9 135.9 135.9 135.9 135.9 135.9 135.9 135.9 135.9 135.9 135.9 135.9 135.9 135.9 135.9 135.9 135.9 135.9 135.9 135.9 135.9 135.9 135.9 135.9 135.9 124.4 124.4 124.4 124.4 124.4 124.4 124.4 124.4 124.4 124.4 124.4 124.4 124.4 124.4 124.4 124.4 124.4 124.4 124.4 124.4 124.4 124.4 124.4 124.4 124.4 124.4 124.4 124.4 124.4 
137.7 137.7 137.7 137.7 137.7 137.7 137.7 137.7 137.7 137.7 137.7 135.9 135.9 135.9 135.9 135.9 135.9 135.9 135.9 135.9 135.9 135.9 135.9 135.9 135.9 135.9 135.9 135.9 135.9 135.9 135.9 135.9 135.9 135.9 135.9 135.9 135.9 135.9 135.9 135.9 135.9 135.9 135.9 135.9 135.9 135.9 135.9 135.9 135.9 135.9 135.9 135.9 135.9 135.9 135.9 135.9 135.9 135.9 135.9 135.9 135.9 135.9 135.9 135.9 135.9 135.9 135.9 135.9 135.9 135.9 135.9 124.4 124.4 124.4 124.4 124.4 124.4 124.4 124.4 124.4 124.4 124.4 124.4 124.4 124.4 124.4 124.4 124.4 124.4 124.4 124.4 124.4 124.4 124.4 124.4 124.4 124.4 124.4 124.4 124.4 
137.7 137.7 137.7 137.7 137.7 137.7 137.7 137.7 137.7 137.7 137.7 135.9 135.9 135.9 135.9 135.9 135.9 135.9 135.9 135.9 135.9 135.9 135.9 135.9 135.9 135.9 135.9 135.9 135.9 135.9 135.9 135.9 135.9 135.9 135.9 135.9 135.9 135.9 135.9 135.9 135.9 135.9 135.9 135.9 135.9 135.9 135.9 135.9 135.9 135.9 135.9 135.9 135.9 135.9 135.9 135.9 135.9 135.9 135.9 135.9 135.9 135.9 135.9 135.9 135.9 135.9 135.9 135.9 135.9 135.9 135.9 124.4 124.4 124.4 124.4 124.4 124.4 124.4 124.4 124.4 124.4 124.4 124.4 124.4 124.4 124.4 124.4 124.4 124.4 124.4 124.4 124.4 124.4 124.4 124.4 124.4 124.4 124.4 124.4 124.4 
137.7 137.7 137.7 137.7 137.7 137.7 137.7 137.7 137.7 137.7 137.7 135.9 135.9 135.9 135.9 135.9 135.9 135.9 135.9 135.9 135.9 135.9 135.9 135.9 135.9 135.9 135.9 135.9 135.9 135.9 135.9 135.9 135.9 135.9 135.9 135.9 135.9 135.9 135.9 135.9 135.9 135.9 135.9 135.9 135.9 135.9 135.9 135.9 135.9 135.9 135.9 135.9 135.9 135.9 135.9 135.9 135.9 135.9 135.9 135.9 135.9 135.9 135.9 135.9 135.9 135.9 135.9 135.9 135.9 135.9 135.9 124.4 124.4 124.4 124.4 124.4 124.4 124.4 124.4 124.4 124.4 124.4 124.4 124.4 124.4 124.4 124.4 124.4 124.4 124.4 124.4 124.4 124.4 124.4 124.4 124.4 124.4 124.4 124.4 124.4 
137.7 137.7 137.7 137.7 137.7 137.7 137.7 137.7 137.7 137.7 137.7 135.9 135.9 135.9 135.9 135.9 135.9 135.9 135.9 135.9 135.9 135.9 135.9 135.9 135.9 135.9 135.9 135.9 135.9 135.9 135.9 135.9 135.9 135.9 135.9 135.9 135.9 135.9 135.9 135.9 135.9 135.9 135.9 135.9 135.9 135.9 135.9 135.9 135.9 135.9 135.9 135.9 135.9 135.9 135.9 135.9 135.9 135.9 135.9 135.9 135.9 135.9 135.9 135.9 135.9 135.9 135.9 135.9 135.9 135.9 135.9 124.4 124.4 124.4 124.4 124.4 124.4 124.4 124.4 124.4 124.4 124.4 124.4 124.4 124.4 124.4 124.4 124.4 124.4 124.4 124.4 124.4 124.4 124.4 124.4 124.4 124.4 124.4 124.4 124.4 
137.7 137.7 137.7 137.7 137.7 137.7 137.7 137.7 137.7 137.7 137.7 135.9 135.9 135.9 135.9 135.9 135.9 135.9 135.9 135.9 135.9 135.9 135.9 135.9 135.9 135.9 135.9 135.9 135.9 135.9 135.9 135.9 135.9 135.9 135.9 135.9 135.9 135.9 135.9 135.9 135.9 135.9 135.9 135.9 135.9 135.9 135.9 135.9 135.9 135.9 135.9 135.9 135.9 135.9 135.9 135.9 135.9 135.9 135.9 135.9 135.9 135.9 135.9 135.9 135.9 135.9 135.9 135.9 135.9 135.9 135.9 124.4 124.4 124.4 124.4 124.4 124.4 124.4 124.4 124.4 124.4 124.4 124.4 124.4 124.4 124.4 124.4 124.4 124.4 124.4 124.4 124.4 124.4 124.4 124.4 124.4 124.4 124.4 124.4 124.4 
137.7 137.7 137.7 137.7 137.7 137.7 137.7 137.7 137.7 137.7 137.7 135.9 135.9 135.9 135.9 135.9 135.9 135.9 135.9 135.9 135.9 135.9 135.9 135.9 135.9 135.9 135.9 135.9 135.9 135.9 135.9 135.9 135.9 135.9 135.9 135.9 135.9 135.9 135.9 135.9 135.9 135.9 135.9 135.9 135.9 135.9 135.9 135.9 135.9 135.9 135.9 135.9 135.9 135.9 135.9 135.9 135.9 135.9 135.9 135.9 135.9 135.9 135.9 135.9 135.9 135.9 135.9 135.9 135.9 135.9 135.9 124.4 124.4 124.4 124.4 124.4 124.4 124.4 124.4 124.4 124.4 124.4 124.4 124.4 124.4 124.4 124.4 124.4 124.4 124.4 124.4 124.4 124.4 124.4 124.4 124.4 124.4 124.4 124.4 124.4 
137.7 137.7 137.7 137.7 137.7 137.7 137.7 137.7 137.7 137.7 137.7 135.9 135.9 135.9 135.9 135.9 135.9 135.9 135.9 135.9 135.9 135.9 135.9 135.9 135.9 135.9 135.9 135.9 135.9 135.9 135.9 135.9 135.9 135.9 135.9 135.9 135.9 135.9 135.9 135.9 135.9 135.9 135.9 135.9 135.9 135.9 135.9 135.9 135.9 135.9 135.9 135.9 135.9 135.9 135.9 135.9 135.9 135.9 135.9 135.9 135.9 135.9 135.9 135.9 135.9 135.9 135.9 135.9 135.9 135.9 135.9 124.4 124.4 124.4 124.4 124.4 124.4 124.4 124.4 124.4 124.4 124.4 124.4 124.4 124.4 124.4 124.4 124.4 124.4 124.4 124.4 124.4 124.4 124.4 124.4 124.4 124.4 124.4 124.4 124.4 
137.7 137.7 137.7 137.7 137.7 137.7 137.7 137.7 137.7 137.7 137.7 135.9 135.9 135.9 135.9 135.9 135.9 135.9 135.9 135.9 135.9 135.9 135.9 135.9 135.9 135.9 135.9 135.9 135.9 135.9 135.9 135.9 135.9 135.9 135.9 135.9 135.9 135.9 135.9 135.9 135.9 135.9 135.9 135.9 135.9 135.9 135.9 135.9 135.9 135.9 135.9 135.9 135.9 135.9 135.9 135.9 135.9 135.9 135.9 135.9 135.9 135.9 135.9 135.9 135.9 135.9 135.9 135.9 135.9 135.9 135.9 124.4 124.4 124.4 124.4 124.4 124.4 124.4 124.4 124.4 124.4 124.4 124.4 124.4 124.4 124.4 124.4 124.4 124.4 124.4 124.4 124.4 124.4 124.4 124.4 124.4 124.4 124.4 124.4 124.4 
148.3 148.3 148.3 148.3 148.3 148.3 148.3 148.3 148.3 148.3 148.3 152.2 152.2 152.2 152.2 152.2 152.2 152.2 152.2 152.2 152.2 152.2 152.2 152.2 152.2 152.2 152.2 152.2 152.2 152.2 152.2 152.2 152.2 152.2 152.2 152.2 152.2 152.2 152.2 152.2 152.2 152.2 152.2 152.2 152.2 152.2 152.2 152.2 152.2 152.2 152.2 152.2 152.2 152.2 152.2 152.2 152.2 152.2 152.2 152.2 152.2 152.2 152.2 152.2 152.2 152.2 152.2 152.2 152.2 152.2 152.2 139.6 139.6 139.6 139.6 139.6 139.6 139.6 139.6 139.6 139.6 139.6 139.6 139.6 139.6 139.6 139.6 139.6 139.6 139.6 139.6 139.6 139.6 139.6 139.6 139.6 139.6 139.6 139.6 139.6 
148.3 148.3 148.3 148.3 148.3 148.3 148.3 148.3 148.3 148.3 148.3 152.2 152.2 152.2 152.2 152.2 152.2 152.2 152.2 152.2 152.2 152.2 152.2 152.2 152.2 152.2 152.2 152.2 152.2 152.2 152.2 152.2 152.2 152.2 152.2 152.2 152.2 152.2 152.2 152.2 152.2 152.2 152.2 152.2 152.2 152.2 152.2 152.2 152.2 152.2 152.2 152.2 152.2 152.2 152.2 152.2 152.2 152.2 152.2 152.2 152.2 152.2 152.2 152.2 152.2 152.2 152.2 152.2 152.2 152.2 152.2 139.6 139.6 139.6 139.6 139.6 139.6 139.6 139.6 139.6 139.6 139.6 139.6 139.6 139.6 139.6 139.6 139.6 139.6 139.6 139.6 139.6 139.6 139.6 139.6 139.6 139.6 139.6 139.6 139.6 
148.3 148.3 148.3 148.3 148.3 148.3 148.3 148.3 148.3 148.3 148.3 152.2 152.2 152.2 152.2 152.2 152.2 152.2 152.2 152.2 152.2 152.2 152.2 152.2 152.2 152.2 152.2 152.2 152.2 152.2 152.2 152.2 152.2 152.2 152.2 152.2 152.2 152.2 152.2 152.2 152.2 152.2 152.2 152.2 152.2 152.2 152.2 152.2 152.2 152.2 152.2 152.2 152.2 152.2 152.2 152.2 152.2 152.2 152.2 152.2 152.2 152.2 152.2 152.2 152.2 152.2 152.2 152.2 152.2 152.2 152.2 139.6 139.6 139.6 139.6 139.6 139.6 139.6 139.6 139.6 139.6 139.6 139.6 139.6 139.6 139.6 139.6 139.6 139.6 139.6 139.6 139.6 139.6 139.6 139.6 139.6 139.6 139.6 139.6 139.6 
148.3 148.3 148.3 148.3 148.3 148.3 148.3 148.3 148.3 148.3 148.3 152.2 152.2 152.2 152.2 152.2 152.2 152.2 152.2 152.2 152.2 152.2 152.2 152.2 152.2 152.2 152.2 152.2 152.2 152.2 152.2 152.2 152.2 152.2 152.2 152.2 152.2 152.2 152.2 152.2 152.2 152.2 152.2 152.2 152.2 152.2 152.2 152.2 152.2 152.2 152.2 152.2 152.2 152.2 152.2 152.2 152.2 152.2 152.2 152.2 152.2 152.2 152.2 152.2 152.2 152.2 152.2 152.2 152.2 152.2 152.2 139.6 139.6 139.6 139.6 139.6 139.6 139.6 139.6 139.6 139.6 139.6 139.6 139.6 139.6 139.6 139.6 139.6 139.6 139.6 139.6 139.6 139.6 139.6 139.6 139.6 139.6 139.6 139.6 139.6 
148.3 148.3 148.3 148.3 148.3 148.3 148.3 148.3 148.3 148.3 148.3 152.2 152.2 152.2 152.2 152.2 152.2 152.2 152.2 152.2 152.2 152.2 152.2 152.2 152.2 152.2 152.2 152.2 152.2 152.2 152.2 152.2 152.2 152.2 152.2 152.2 152.2 152.2 152.2 152.2 152.2 152.2 152.2 152.2 152.2 152.2 152.2 152.2 152.2 152.2 152.2 152.2 152.2 152.2 152.2 152.2 152.2 152.2 152.2 152.2 152.2 152.2 152.2 152.2 152.2 152.2 152.2 152.2 152.2 152.2 152.2 139.6 139.6 139.6 139.6 139.6 139.6 139.6 139.6 139.6 139.6 139.6 139.6 139.6 139.6 139.6 139.6 139.6 139.6 139.6 139.6 139.6 139.6 139.6 139.6 139.6 139.6 139.6 139.6 139.6 
148.3 148.3 148.3 148.3 148.3 148.3 148.3 148.3 148.3 148.3 148.3 152.2 152.2 152.2 152.2 152.2 152.2 152.2 152.2 152.2 152.2 152.2 152.2 152.2 152.2 152.2 152.2 152.2 152.2 152.2 152.2 152.2 152.2 152.2 152.2 152.2 152.2 152.2 152.2 152.2 152.2 152.2 152.2 152.2 152.2 152.2 152.2 152.2 152.2 152.2 152.2 152.2 152.2 152.2 152.2 152.2 152.2 152.2 152.2 152.2 152.2 152.2 152.2 152.2 152.2 152.2 152.2 152.2 152.2 152.2 152.2 139.6 139.6 139.6 139.6 139.6 139.6 139.6 139.6 139.6 139.6 139.6 139.6 139.6 139.6 139.6 139.6 139.6 139.6 139.6 139.6 139.6 139.6 139.6 139.6 139.6 139.6 139.6 139.6 139.6 
148.3 148.3 148.3 148.3 148.3 148.3 148.3 148.3 148.3 148.3 148.3 152.2 152.2 152.2 152.2 152.2 152.2 152.2 152.2 152.2 152.2 152.2 152.2 152.2 152.2 152.2 152.2 152.2 152.2 152.2 152.2 152.2 152.2 152.2 152.2 152.2 152.2 152.2 152.2 152.2 152.2 152.2 152.2 152.2 152.2 152.2 152.2 152.2 152.2 152.2 152.2 152.2 152.2 152.2 152.2 152.2 152.2 152.2 152.2 152.2 152.2 152.2 152.2 152.2 152.2 152.2 152.2 152.2 152.2 152.2 152.2 139.6 139.6 139.6 139.6 139.6 139.6 139.6 139.6 139.6 139.6 139.6 139.6 139.6 139.6 139.6 139.6 139.6 139.6 139.6 139.6 139.6 139.6 139.6 139.6 139.6 139.6 139.6 139.6 139.6 
148.3 148.3 148.3 148.3 148.3 148.3 148.3 148.3 148.3 148.3 148.3 152.2 152.2 152.2 152.2 152.2 152.2 152.2 152.2 152.2 152.2 152.2 152.2 152.2 152.2 152.2 152.2 152.2 152.2 152.2 152.2 152.2 152.2 152.2 152.2 152.2 152.2 152.2 152.2 152.2 152.2 152.2 152.2 152.2 152.2 152.2 152.2 152.2 152.2 152.2 152.2 152.2 152.2 152.2 152.2 152.2 152.2 152.2 152.2 152.2 152.2 152.2 152.2 152.2 152.2 152.2 152.2 152.2 152.2 152.2 152.2 139.6 139.6 139.6 139.6 139.6 139.6 139.6 139.6 139.6 139.6 139.6 139.6 139.6 139.6 139.6 139.6 139.6 139.6 139.6 139.6 139.6 139.6 139.6 139.6 139.6 139.6 139.6 139.6 139.6 
148.3 148.3 148.3 148.3 148.3 148.3 148.3 148.3 148.3 148.3 148.3 152.2 152.2 152.2 152.2 152.2 152.2 152.2 152.2 152.2 152.2 152.2 152.2 152.2 152.2 152.2 152.2 152.2 152.2 152.2 152.2 152.2 152.2 152.2 152.2 152.2 152.2 152.2 152.2 152.2 152.2 152.2 152.2 152.2 152.2 152.2 152.2 152.2 152.2 152.2 152.2 152.2 152.2 152.2 152.2 152.2 152.2 152.2 152.2 152.2 152.2 152.2 152.2 152.2 152.2 152.2 152.2 152.2 152.2 152.2 152.2 139.6 139.6 139.6 139.6 139.6 139.6 139.6 139.6 139.6 139.6 139.6 139.6 139.6 139.6 139.6 139.6 139.6 139.6 139.6 139.6 139.6 139.6 139.6 139.6 139.6 139.6 139.6 139.6 139.6 
148.3 148.3 148.3 148.3 148.3 148.3 148.3 148.3 148.3 148.3 148.3 152.2 152.2 152.2 152.2 152.2 152.2 152.2 152.2 152.2 152.2 152.2 152.2 152.2 152.2 152.2 152.2 152.2 152.2 152.2 152.2 152.2 152.2 152.2 152.2 152.2 152.2 152.2 152.2 152.2 152.2 152.2 152.2 152.2 152.2 152.2 152.2 152.2 152.2 152.2 152.2 152.2 152.2 152.2 152.2 152.2 152.2 152.2 152.2 152.2 152.2 152.2 152.2 152.2 152.2 152.2 152.2 152.2 152.2 152.2 152.2 139.6 139.6 139.6 139.6 139.6 139.6 139.6 139.6 139.6 139.6 139.6 139.6 139.6 139.6 139.6 139.6 139.6 139.6 139.6 139.6 139.6 139.6 139.6 139.6 139.6 139.6 139.6 139.6 139.6 
148.3 148.3 148.3 148.3 148.3 148.3 148.3 148.3 148.3 148.3 148.3 152.2 152.2 152.2 152.2 152.2 152.2 152.2 152.2 152.2 152.2 152.2 152.2 152.2 152.2 152.2 152.2 152.2 152.2 152.2 152.2 152.2 152.2 152.2 152.2 152.2 152.2 152.2 152.2 152.2 152.2 152.2 152.2 152.2 152.2 152.2 152.2 152.2 152.2 152.2 152.2 152.2 152.2 152.2 152.2 152.2 152.2 152.2 152.2 152.2 152.2 152.2 152.2 152.2 152.2 152.2 152.2 152.2 152.2 152.2 152.2 139.6 139.6 139.6 139.6 139.6 139.6 139.6 139.6 139.6 139.6 139.6 139.6 139.6 139.6 139.6 139.6 139.6 139.6 139.6 139.6 139.6 139.6 139.6 139.6 139.6 139.6 139.6 139.6 139.6 
148.3 148.3 148.3 148.3 148.3 148.3 148.3 148.3 148.3 148.3 148.3 152.2 152.2 152.2 152.2 152.2 152.2 152.2 152.2 152.2 152.2 152.2 152.2 152.2 152.2 152.2 152.2 152.2 152.2 152.2 152.2 152.2 152.2 152.2 152.2 152.2 152.2 152.2 152.2 152.2 152.2 152.2 152.2 152.2 152.2 152.2 152.2 152.2 152.2 152.2 152.2 152.2 152.2 152.2 152.2 152.2 152.2 152.2 152.2 152.2 152.2 152.2 152.2 152.2 152.2 152.2 152.2 152.2 152.2 152.2 152.2 139.6 139.6 139.6 139.6 139.6 139.6 139.6 139.6 139.6 139.6 139.6 139.6 139.6 139.6 139.6 139.6 139.6 139.6 139.6 139.6 139.6 139.6 139.6 139.6 139.6 139.6 139.6 139.6 139.6 
148.3 148.3 148.3 148.3 148.3 148.3 148.3 148.3 148.3 148.3 148.3 152.2 152.2 152.2 152.2 152.2 152.2 152.2 152.2 152.2 152.2 152.2 152.2 152.2 152.2 152.2 152.2 152.2 152.2 152.2 152.2 152.2 152.2 152.2 152.2 152.2 152.2 152.2 152.2 152.2 152.2 152.2 152.2 152.2 152.2 152.2 152.2 152.2 152.2 152.2 152.2 152.2 152.2 152.2 152.2 152.2 152.2 152.2 152.2 152.2 152.2 152.2 152.2 152.2 152.2 152.2 152.2 152.2 152.2 152.2 152.2 139.6 139.6 139.6 139.6 139.6 139.6 139.6 139.6 139.6 139.6 139.6 139.6 139.6 139.6 139.6 139.6 139.6 139.6 139.6 139.6 139.6 139.6 139.6 139.6 139.6 139.6 139.6 139.6 139.6 
148.3 148.3 148.3 148.3 148.3 148.3 148.3 148.3 148.3 148.3 148.3 152.2 152.2 152.2 152.2 152.2 152.2 152.2 152.2 152.2 152.2 152.2 152.2 152.2 152.2 152.2 152.2 152.2 152.2 152.2 152.2 152.2 152.2 152.2 152.2 152.2 152.2 152.2 152.2 152.2 152.2 152.2 152.2 152.2 152.2 152.2 152.2 152.2 152.2 152.2 152.2 152.2 152.2 152.2 152.2 152.2 152.2 152.2 152.2 152.2 152.2 152.2 152.2 152.2 152.2 152.2 152.2 152.2 152.2 152.2 152.2 139.6 139.6 139.6 139.6 139.6 139.6 139.6 139.6 139.6 139.6 139.6 139.6 139.6 139.6 139.6 139.6 139.6 139.6 139.6 139.6 139.6 139.6 139.6 139.6 139.6 139.6 139.6 139.6 139.6 
148.3 148.3 148.3 148.3 148.3 148.3 148.3 148.3 148.3 148.3 148.3 152.2 152.2 152.2 152.2 152.2 152.2 152.2 152.2 152.2 152.2 152.2 152.2 152.2 152.2 152.2 152.2 152.2 152.2 152.2 152.2 152.2 152.2 152.2 152.2 152.2 152.2 152.2 152.2 152.2 152.2 152.2 152.2 152.2 152.2 152.2 152.2 152.2 152.2 152.2 152.2 152.2 152.2 152.2 152.2 152.2 152.2 152.2 152.2 152.2 152.2 152.2 152.2 152.2 152.2 152.2 152.2 152.2 152.2 152.2 152.2 139.6 139.6 139.6 139.6 139.6 139.6 139.6 139.6 139.6 139.6 139.6 139.6 139.6 139.6 139.6 139.6 139.6 139.6 139.6 139.6 139.6 139.6 139.6 139.6 139.6 139.6 139.6 139.6 139.6 
148.3 148.3 148.3 148.3 148.3 148.3 148.3 148.3 148.3 148.3 148.3 152.2 152.2 152.2 152.2 152.2 152.2 152.2 152.2 152.2 152.2 152.2 152.2 152.2 152.2 152.2 152.2 152.2 152.2 152.2 152.2 152.2 152.2 152.2 152.2 152.2 152.2 152.2 152.2 152.2 152.2 152.2 152.2 152.2 152.2 152.2 152.2 152.2 152.2 152.2 152.2 152.2 152.2 152.2 152.2 152.2 152.2 152.2 152.2 152.2 152.2 152.2 152.2 152.2 152.2 152.2 152.2 152.2 152.2 152.2 152.2 139.6 139.6 139.6 139.6 139.6 139.6 139.6 139.6 139.6 139.6 139.6 139.6 139.6 139.6 139.6 139.6 139.6 139.6 139.6 139.6 139.6 139.6 139.6 139.6 139.6 139.6 139.6 139.6 139.6 
148.3 148.3 148.3 148.3 148.3 148.3 148.3 148.3 148.3 148.3 148.3 152.2 152.2 152.2 152.2 152.2 152.2 152.2 152.2 152.2 152.2 152.2 152.2 152.2 152.2 152.2 152.2 152.2 152.2 152.2 152.2 152.2 152.2 152.2 152.2 152.2 152.2 152.2 152.2 152.2 152.2 152.2 152.2 152.2 152.2 152.2 152.2 152.2 152.2 152.2 152.2 152.2 152.2 152.2 152.2 152.2 152.2 152.2 152.2 152.2 152.2 152.2 152.2 152.2 152.2 152.2 152.2 152.2 152.2 152.2 152.2 139.6 139.6 139.6 139.6 139.6 139.6 139.6 139.6 139.6 139.6 139.6 139.6 139.6 139.6 139.6 139.6 139.6 139.6 139.6 139.6 139.6 139.6 139.6 139.6 139.6 139.6 139.6 139.6 139.6 
148.3 148.3 148.3 148.3 148.3 148.3 148.3 148.3 148.3 148.3 148.3 152.2 152.2 152.2 152.2 152.2 152.2 152.2 152.2 152.2 152.2 152.2 152.2 152.2 152.2 152.2 152.2 152.2 152.2 152.2 152.2 152.2 152.2 152.2 152.2 152.2 152.2 152.2 152.2 152.2 152.2 152.2 152.2 152.2 152.2 152.2 152.2 152.2 152.2 152.2 152.2 152.2 152.2 152.2 152.2 152.2 152.2 152.2 152.2 152.2 152.2 152.2 152.2 152.2 152.2 152.2 152.2 152.2 152.2 152.2 152.2 139.6 139.6 139.6 139.6 139.6 139.6 139.6 139.6 139.6 139.6 139.6 139.6 139.6 139.6 139.6 139.6 139.6 139.6 139.6 139.6 139.6 139.6 139.6 139.6 139.6 139.6 139.6 139.6 139.6 
148.3 148.3 148.3 148.3 148.3 148.3 148.3 148.3 148.3 148.3 148.3 152.2 152.2 152.2 152.2 152.2 152.2 152.2 152.2 152.2 152.2 152.2 152.2 152.2 152.2 152.2 152.2 152.2 152.2 152.2 152.2 152.2 152.2 152.2 152.2 152.2 152.2 152.2 152.2 152.2 152.2 152.2 152.2 152.2 152.2 152.2 152.2 152.2 152.2 152.2 152.2 152.2 152.2 152.2 152.2 152.2 152.2 152.2 152.2 152.2 152.2 152.2 152.2 152.2 152.2 152.2 152.2 152.2 152.2 152.2 152.2 139.6 139.6 139.6 139.6 139.6 139.6 139.6 139.6 139.6 139.6 139.6 139.6 139.6 139.6 139.6 139.6 139.6 139.6 139.6 139.6 139.6 139.6 139.6 139.6 139.6 139.6 139.6 139.6 139.6 
148.3 148.3 148.3 148.3 148.3 148.3 148.3 148.3 148.3 148.3 148.3 152.2 152.2 152.2 152.2 152.2 152.2 152.2 152.2 152.2 152.2 152.2 152.2 152.2 152.2 152.2 152.2 152.2 152.2 152.2 152.2 152.2 152.2 152.2 152.2 152.2 152.2 152.2 152.2 152.2 152.2 152.2 152.2 152.2 152.2 152.2 152.2 152.2 152.2 152.2 152.2 152.2 152.2 152.2 152.2 152.2 152.2 152.2 152.2 152.2 152.2 152.2 152.2 152.2 152.2 152.2 152.2 152.2 152.2 152.2 152.2 139.6 139.6 139.6 139.6 139.6 139.6 139.6 139.6 139.6 139.6 139.6 139.6 139.6 139.6 139.6 139.6 139.6 139.6 139.6 139.6 139.6 139.6 139.6 139.6 139.6 139.6 139.6 139.6 139.6 
148.3 148.3 148.3 148.3 148.3 148.3 148.3 148.3 148.3 148.3 148.3 152.2 152.2 152.2 152.2 152.2 152.2 152.2 152.2 152.2 152.2 152.2 152.2 152.2 152.2 152.2 152.2 152.2 152.2 152.2 152.2 152.2 152.2 152.2 152.2 152.2 152.2 152.2 152.2 152.2 152.2 152.2 152.2 152.2 152.2 152.2 152.2 152.2 152.2 152.2 152.2 152.2 152.2 152.2 152.2 152.2 152.2 152.2 152.2 152.2 152.2 152.2 152.2 152.2 152.2 152.2 152.2 152.2 152.2 152.2 152.2 139.6 139.6 139.6 139.6 139.6 139.6 139.6 139.6 139.6 139.6 139.6 139.6 139.6 139.6 139.6 139.6 139.6 139.6 139.6 139.6 139.6 139.6 139.6 139.6 139.6 139.6 139.6 139.6 139.6 
148.3 148.3 148.3 148.3 148.3 148.3 148.3 148.3 148.3 148.3 148.3 152.2 152.2 152.2 152.2 152.2 152.2 152.2 152.2 152.2 152.2 152.2 152.2 152.2 152.2 152.2 152.2 152.2 152.2 152.2 152.2 152.2 152.2 152.2 152.2 152.2 152.2 152.2 152.2 152.2 152.2 152.2 152.2 152.2 152.2 152.2 152.2 152.2 152.2 152.2 152.2 152.2 152.2 152.2 152.2 152.2 152.2 152.2 152.2 152.2 152.2 152.2 152.2 152.2 152.2 152.2 152.2 152.2 152.2 152.2 152.2 139.6 139.6 139.6 139.6 139.6 139.6 139.6 139.6 139.6 139.6 139.6 139.6 139.6 139.6 139.6 139.6 139.6 139.6 139.6 139.6 139.6 139.6 139.6 139.6 139.6 139.6 139.6 139.6 139.6 
148.3 148.3 148.3 148.3 148.3 148.3 148.3 148.3 148.3 148.3 148.3 152.2 152.2 152.2 152.2 152.2 152.2 152.2 152.2 152.2 152.2 152.2 152.2 152.2 152.2 152.2 152.2 152.2 152.2 152.2 152.2 152.2 152.2 152.2 152.2 152.2 152.2 152.2 152.2 152.2 152.2 152.2 152.2 152.2 152.2 152.2 152.2 152.2 152.2 152.2 152.2 152.2 152.2 152.2 152.2 152.2 152.2 152.2 152.2 152.2 152.2 152.2 152.2 152.2 152.2 152.2 152.2 152.2 152.2 152.2 152.2 139.6 139.6 139.6 139.6 139.6 139.6 139.6 139.6 139.6 139.6 139.6 139.6 139.6 139.6 139.6 139.6 139.6 139.6 139.6 139.6 139.6 139.6 139.6 139.6 139.6 139.6 139.6 139.6 139.6 
148.3 148.3 148.3 148.3 148.3 148.3 148.3 148.3 148.3 148.3 148.3 152.2 152.2 152.2 152.2 152.2 152.2 152.2 152.2 152.2 152.2 152.2 152.2 152.2 152.2 152.2 152.2 152.2 152.2 152.2 152.2 152.2 152.2 152.2 152.2 152.2 152.2 152.2 152.2 152.2 152.2 152.2 152.2 152.2 152.2 152.2 152.2 152.2 152.2 152.2 152.2 152.2 152.2 152.2 152.2 152.2 152.2 152.2 152.2 152.2 152.2 152.2 152.2 152.2 152.2 152.2 152.2 152.2 152.2 152.2 152.2 139.6 139.6 139.6 139.6 139.6 139.6 139.6 139.6 139.6 139.6 139.6 139.6 139.6 139.6 139.6 139.6 139.6 139.6 139.6 139.6 139.6 139.6 139.6 139.6 139.6 139.6 139.6 139.6 139.6 
148.3 148.3 148.3 148.3 148.3 148.3 148.3 148.3 148.3 148.3 148.3 152.2 152.2 152.2 152.2 152.2 152.2 152.2 152.2 152.2 152.2 152.2 152.2 152.2 152.2 152.2 152.2 152.2 152.2 152.2 152.2 152.2 152.2 152.2 152.2 152.2 152.2 152.2 152.2 152.2 152.2 152.2 152.2 152.2 152.2 152.2 152.2 152.2 152.2 152.2 152.2 152.2 152.2 152.2 152.2 152.2 152.2 152.2 152.2 152.2 152.2 152.2 152.2 152.2 152.2 152.2 152.2 152.2 152.2 152.2 152.2 139.6 139.6 139.6 139.6 139.6 139.6 139.6 139.6 139.6 139.6 139.6 139.6 139.6 139.6 139.6 139.6 139.6 139.6 139.6 139.6 139.6 139.6 139.6 139.6 139.6 139.6 139.6 139.6 139.6 
148.3 148.3 148.3 148.3 148.3 148.3 148.3 148.3 148.3 148.3 148.3 152.2 152.2 152.2 152.2 152.2 152.2 152.2 152.2 152.2 152.2 152.2 152.2 152.2 152.2 152.2 152.2 152.2 152.2 152.2 152.2 152.2 152.2 152.2 152.2 152.2 152.2 152.2 152.2 152.2 152.2 152.2 152.2 152.2 152.2 152.2 152.2 152.2 152.2 152.2 152.2 152.2 152.2 152.2 152.2 152.2 152.2 152.2 152.2 152.2 152.2 152.2 152.2 152.2 152.2 152.2 152.2 152.2 152.2 152.2 152.2 139.6 139.6 139.6 139.6 139.6 139.6 139.6 139.6 139.6 139.6 139.6 139.6 139.6 139.6 139.6 139.6 139.6 139.6 139.6 139.6 139.6 139.6 139.6 139.6 139.6 139.6 139.6 139.6 139.6 
148.3 148.3 148.3 148.3 148.3 148.3 148.3 148.3 148.3 148.3 148.3 152.2 152.2 152.2 152.2 152.2 152.2 152.2 152.2 152.2 152.2 152.2 152.2 152.2 152.2 152.2 152.2 152.2 152.2 152.2 152.2 152.2 152.2 152.2 152.2 152.2 152.2 152.2 152.2 152.2 152.2 152.2 152.2 152.2 152.2 152.2 152.2 152.2 152.2 152.2 152.2 152.2 152.2 152.2 152.2 152.2 152.2 152.2 152.2 152.2 152.2 152.2 152.2 152.2 152.2 152.2 152.2 152.2 152.2 152.2 152.2 139.6 139.6 139.6 139.6 139.6 139.6 139.6 139.6 139.6 139.6 139.6 139.6 139.6 139.6 139.6 139.6 139.6 139.6 139.6 139.6 139.6 139.6 139.6 139.6 139.6 139.6 139.6 139.6 139.6 
148.3 148.3 148.3 148.3 148.3 148.3 148.3 148.3 148.3 148.3 148.3 152.2 152.2 152.2 152.2 152.2 152.2 152.2 152.2 152.2 152.2 152.2 152.2 152.2 152.2 152.2 152.2 152.2 152.2 152.2 152.2 152.2 152.2 152.2 152.2 152.2 152.2 152.2 152.2 152.2 152.2 152.2 152.2 152.2 152.2 152.2 152.2 152.2 152.2 152.2 152.2 152.2 152.2 152.2 152.2 152.2 152.2 152.2 152.2 152.2 152.2 152.2 152.2 152.2 152.2 152.2 152.2 152.2 152.2 152.2 152.2 139.6 139.6 139.6 139.6 139.6 139.6 139.6 139.6 139.6 139.6 139.6 139.6 139.6 139.6 139.6 139.6 139.6 139.6 139.6 139.6 139.6 139.6 139.6 139.6 139.6 139.6 139.6 139.6 139.6 
148.3 148.3 148.3 148.3 148.3 148.3 148.3 148.3 148.3 148.3 148.3 152.2 152.2 152.2 152.2 152.2 152.2 152.2 152.2 152.2 152.2 152.2 152.2 152.2 152.2 152.2 152.2 152.2 152.2 152.2 152.2 152.2 152.2 152.2 152.2 152.2 152.2 152.2 152.2 152.2 152.2 152.2 152.2 152.2 152.2 152.2 152.2 152.2 152.2 152.2 152.2 152.2 152.2 152.2 152.2 152.2 152.2 152.2 152.2 152.2 152.2 152.2 152.2 152.2 152.2 152.2 152.2 152.2 152.2 152.2 152.2 139.6 139.6 139.6 139.6 139.6 139.6 139.6 139.6 139.6 139.6 139.6 139.6 139.6 139.6 139.6 139.6 139.6 139.6 139.6 139.6 139.6 139.6 139.6 139.6 139.6 139.6 139.6 139.6 139.6 
148.3 148.3 148.3 148.3 148.3 148.3 148.3 148.3 148.3 148.3 148.3 152.2 152.2 152.2 152.2 152.2 152.2 152.2 152.2 152.2 152.2 152.2 152.2 152.2 152.2 152.2 152.2 152.2 152.2 152.2 152.2 152.2 152.2 152.2 152.2 152.2 152.2 152.2 152.2 152.2 152.2 152.2 152.2 152.2 152.2 152.2 152.2 152.2 152.2 152.2 152.2 152.2 152.2 152.2 152.2 152.2 152.2 152.2 152.2 152.2 152.2 152.2 152.2 152.2 152.2 152.2 152.2 152.2 152.2 152.2 152.2 139.6 139.6 139.6 139.6 139.6 139.6 139.6 139.6 139.6 139.6 139.6 139.6 139.6 139.6 139.6 139.6 139.6 139.6 139.6 139.6 139.6 139.6 139.6 139.6 139.6 139.6 139.6 139.6 139.6 
148.3 148.3 148.3 148.3 148.3 148.3 148.3 148.3 148.3 148.3 148.3 152.2 152.2 152.2 152.2 152.2 152.2 152.2 152.2 152.2 152.2 152.2 152.2 152.2 152.2 152.2 152.2 152.2 152.2 152.2 152.2 152.2 152.2 152.2 152.2 152.2 152.2 152.2 152.2 152.2 152.2 152.2 152.2 152.2 152.2 152.2 152.2 152.2 152.2 152.2 152.2 152.2 152.2 152.2 152.2 152.2 152.2 152.2 152.2 152.2 152.2 152.2 152.2 152.2 152.2 152.2 152.2 152.2 152.2 152.2 152.2 139.6 139.6 139.6 139.6 139.6 139.6 139.6 139.6 139.6 139.6 139.6 139.6 139.6 139.6 139.6 139.6 139.6 139.6 139.6 139.6 139.6 139.6 139.6 139.6 139.6 139.6 139.6 139.6 139.6 
148.3 148.3 148.3 148.3 148.3 148.3 148.3 148.3 148.3 148.3 148.3 152.2 152.2 152.2 152.2 152.2 152.2 152.2 152.2 152.2 152.2 152.2 152.2 152.2 152.2 152.2 152.2 152.2 152.2 152.2 152.2 152.2 152.2 152.2 152.2 152.2 152.2 152.2 152.2 152.2 152.2 152.2 152.2 152.2 152.2 152.2 152.2 152.2 152.2 152.2 152.2 152.2 152.2 152.2 152.2 152.2 152.2 152.2 152.2 152.2 152.2 152.2 152.2 152.2 152.2 152.2 152.2 152.2 152.2 152.2 152.2 139.6 139.6 139.6 139.6 139.6 139.6 139.6 139.6 139.6 139.6 139.6 139.6 139.6 139.6 139.6 139.6 139.6 139.6 139.6 139.6 139.6 139.6 139.6 139.6 139.6 139.6 139.6 139.6 139.6 
148.3 148.3 148.3 148.3 148.3 148.3 148.3 148.3 148.3 148.3 148.3 152.2 152.2 152.2 152.2 152.2 152.2 152.2 152.2 152.2 152.2 152.2 152.2 152.2 152.2 152.2 152.2 152.2 152.2 152.2 152.2 152.2 152.2 152.2 152.2 152.2 152.2 152.2 152.2 152.2 152.2 152.2 152.2 152.2 152.2 152.2 152.2 152.2 152.2 152.2 152.2 152.2 152.2 152.2 152.2 152.2 152.2 152.2 152.2 152.2 152.2 152.2 152.2 152.2 152.2 152.2 152.2 152.2 152.2 152.2 152.2 139.6 139.6 139.6 139.6 139.6 139.6 139.6 139.6 139.6 139.6 139.6 139.6 139.6 139.6 139.6 139.6 139.6 139.6 139.6 139.6 139.6 139.6 139.6 139.6 139.6 139.6 139.6 139.6 139.6 
148.3 148.3 148.3 148.3 148.3 148.3 148.3 148.3 148.3 148.3 148.3 152.2 152.2 152.2 152.2 152.2 152.2 152.2 152.2 152.2 152.2 152.2 152.2 152.2 152.2 152.2 152.2 152.2 152.2 152.2 152.2 152.2 152.2 152.2 152.2 152.2 152.2 152.2 152.2 152.2 152.2 152.2 152.2 152.2 152.2 152.2 152.2 152.2 152.2 152.2 152.2 152.2 152.2 152.2 152.2 152.2 152.2 152.2 152.2 152.2 152.2 152.2 152.2 152.2 152.2 152.2 152.2 152.2 152.2 152.2 152.2 139.6 139.6 139.6 139.6 139.6 139.6 139.6 139.6 139.6 139.6 139.6 139.6 139.6 139.6 139.6 139.6 139.6 139.6 139.6 139.6 139.6 139.6 139.6 139.6 139.6 139.6 139.6 139.6 139.6 
148.3 148.3 148.3 148.3 148.3 148.3 148.3 148.3 148.3 148.3 148.3 152.2 152.2 152.2 152.2 152.2 152.2 152.2 152.2 152.2 152.2 152.2 152.2 152.2 152.2 152.2 152.2 152.2 152.2 152.2 152.2 152.2 152.2 152.2 152.2 152.2 152.2 152.2 152.2 152.2 152.2 152.2 152.2 152.2 152.2 152.2 152.2 152.2 152.2 152.2 152.2 152.2 152.2 152.2 152.2 152.2 152.2 152.2 152.2 152.2 152.2 152.2 152.2 152.2 152.2 152.2 152.2 152.2 152.2 152.2 152.2 139.6 139.6 139.6 139.6 139.6 139.6 139.6 139.6 139.6 139.6 139.6 139.6 139.6 139.6 139.6 139.6 139.6 139.6 139.6 139.6 139.6 139.6 139.6 139.6 139.6 139.6 139.6 139.6 139.6 
148.3 148.3 148.3 148.3 148.3 148.3 148.3 148.3 148.3 148.3 148.3 152.2 152.2 152.2 152.2 152.2 152.2 152.2 152.2 152.2 152.2 152.2 152.2 152.2 152.2 152.2 152.2 152.2 152.2 152.2 152.2 152.2 152.2 152.2 152.2 152.2 152.2 152.2 152.2 152.2 152.2 152.2 152.2 152.2 152.2 152.2 152.2 152.2 152.2 152.2 152.2 152.2 152.2 152.2 152.2 152.2 152.2 152.2 152.2 152.2 152.2 152.2 152.2 152.2 152.2 152.2 152.2 152.2 152.2 152.2 152.2 139.6 139.6 139.6 139.6 139.6 139.6 139.6 139.6 139.6 139.6 139.6 139.6 139.6 139.6 139.6 139.6 139.6 139.6 139.6 139.6 139.6 139.6 139.6 139.6 139.6 139.6 139.6 139.6 139.6 
148.3 148.3 148.3 148.3 148.3 148.3 148.3 148.3 148.3 148.3 148.3 152.2 152.2 152.2 152.2 152.2 152.2 152.2 152.2 152.2 152.2 152.2 152.2 152.2 152.2 152.2 152.2 152.2 152.2 152.2 152.2 152.2 152.2 152.2 152.2 152.2 152.2 152.2 152.2 152.2 152.2 152.2 152.2 152.2 152.2 152.2 152.2 152.2 152.2 152.2 152.2 152.2 152.2 152.2 152.2 152.2 152.2 152.2 152.2 152.2 152.2 152.2 152.2 152.2 152.2 152.2 152.2 152.2 152.2 152.2 152.2 139.6 139.6 139.6 139.6 139.6 139.6 139.6 139.6 139.6 139.6 139.6 139.6 139.6 139.6 139.6 139.6 139.6 139.6 139.6 139.6 139.6 139.6 139.6 139.6 139.6 139.6 139.6 139.6 139.6 
148.3 148.3 148.3 148.3 148.3 148.3 148.3 148.3 148.3 148.3 148.3 152.2 152.2 152.2 152.2 152.2 152.2 152.2 152.2 152.2 152.2 152.2 152.2 152.2 152.2 152.2 152.2 152.2 152.2 152.2 152.2 152.2 152.2 152.2 152.2 152.2 152.2 152.2 152.2 152.2 152.2 152.2 152.2 152.2 152.2 152.2 152.2 152.2 152.2 152.2 152.2 152.2 152.2 152.2 152.2 152.2 152.2 152.2 152.2 152.2 152.2 152.2 152.2 152.2 152.2 152.2 152.2 152.2 152.2 152.2 152.2 139.6 139.6 139.6 139.6 139.6 139.6 139.6 139.6 139.6 139.6 139.6 139.6 139.6 139.6 139.6 139.6 139.6 139.6 139.6 139.6 139.6 139.6 139.6 139.6 139.6 139.6 139.6 139.6 139.6 
148.3 148.3 148.3 148.3 148.3 148.3 148.3 148.3 148.3 148.3 148.3 152.2 152.2 152.2 152.2 152.2 152.2 152.2 152.2 152.2 152.2 152.2 152.2 152.2 152.2 152.2 152.2 152.2 152.2 152.2 152.2 152.2 152.2 152.2 152.2 152.2 152.2 152.2 152.2 152.2 152.2 152.2 152.2 152.2 152.2 152.2 152.2 152.2 152.2 152.2 152.2 152.2 152.2 152.2 152.2 152.2 152.2 152.2 152.2 152.2 152.2 152.2 152.2 152.2 152.2 152.2 152.2 152.2 152.2 152.2 152.2 139.6 139.6 139.6 139.6 139.6 139.6 139.6 139.6 139.6 139.6 139.6 139.6 139.6 139.6 139.6 139.6 139.6 139.6 139.6 139.6 139.6 139.6 139.6 139.6 139.6 139.6 139.6 139.6 139.6 
148.3 148.3 148.3 148.3 148.3 148.3 148.3 148.3 148.3 148.3 148.3 152.2 152.2 152.2 152.2 152.2 152.2 152.2 152.2 152.2 152.2 152.2 152.2 152.2 152.2 152.2 152.2 152.2 152.2 152.2 152.2 152.2 152.2 152.2 152.2 152.2 152.2 152.2 152.2 152.2 152.2 152.2 152.2 152.2 152.2 152.2 152.2 152.2 152.2 152.2 152.2 152.2 152.2 152.2 152.2 152.2 152.2 152.2 152.2 152.2 152.2 152.2 152.2 152.2 152.2 152.2 152.2 152.2 152.2 152.2 152.2 139.6 139.6 139.6 139.6 139.6 139.6 139.6 139.6 139.6 139.6 139.6 139.6 139.6 139.6 139.6 139.6 139.6 139.6 139.6 139.6 139.6 139.6 139.6 139.6 139.6 139.6 139.6 139.6 139.6 
148.3 148.3 148.3 148.3 148.3 148.3 148.3 148.3 148.3 148.3 148.3 152.2 152.2 152.2 152.2 152.2 152.2 152.2 152.2 152.2 152.2 152.2 152.2 152.2 152.2 152.2 152.2 152.2 152.2 152.2 152.2 152.2 152.2 152.2 152.2 152.2 152.2 152.2 152.2 152.2 152.2 152.2 152.2 152.2 152.2 152.2 152.2 152.2 152.2 152.2 152.2 152.2 152.2 152.2 152.2 152.2 152.2 152.2 152.2 152.2 152.2 152.2 152.2 152.2 152.2 152.2 152.2 152.2 152.2 152.2 152.2 139.6 139.6 139.6 139.6 139.6 139.6 139.6 139.6 139.6 139.6 139.6 139.6 139.6 139.6 139.6 139.6 139.6 139.6 139.6 139.6 139.6 139.6 139.6 139.6 139.6 139.6 139.6 139.6 139.6 
148.3 148.3 148.3 148.3 148.3 148.3 148.3 148.3 148.3 148.3 148.3 152.2 152.2 152.2 152.2 152.2 152.2 152.2 152.2 152.2 152.2 152.2 152.2 152.2 152.2 152.2 152.2 152.2 152.2 152.2 152.2 152.2 152.2 152.2 152.2 152.2 152.2 152.2 152.2 152.2 152.2 152.2 152.2 152.2 152.2 152.2 152.2 152.2 152.2 152.2 152.2 152.2 152.2 152.2 152.2 152.2 152.2 152.2 152.2 152.2 152.2 152.2 152.2 152.2 152.2 152.2 152.2 152.2 152.2 152.2 152.2 139.6 139.6 139.6 139.6 139.6 139.6 139.6 139.6 139.6 139.6 139.6 139.6 139.6 139.6 139.6 139.6 139.6 139.6 139.6 139.6 139.6 139.6 139.6 139.6 139.6 139.6 139.6 139.6 139.6 
148.3 148.3 148.3 148.3 148.3 148.3 148.3 148.3 148.3 148.3 148.3 152.2 152.2 152.2 152.2 152.2 152.2 152.2 152.2 152.2 152.2 152.2 152.2 152.2 152.2 152.2 152.2 152.2 152.2 152.2 152.2 152.2 152.2 152.2 152.2 152.2 152.2 152.2 152.2 152.2 152.2 152.2 152.2 152.2 152.2 152.2 152.2 152.2 152.2 152.2 152.2 152.2 152.2 152.2 152.2 152.2 152.2 152.2 152.2 152.2 152.2 152.2 152.2 152.2 152.2 152.2 152.2 152.2 152.2 152.2 152.2 139.6 139.6 139.6 139.6 139.6 139.6 139.6 139.6 139.6 139.6 139.6 139.6 139.6 139.6 139.6 139.6 139.6 139.6 139.6 139.6 139.6 139.6 139.6 139.6 139.6 139.6 139.6 139.6 139.6 
148.3 148.3 148.3 148.3 148.3 148.3 148.3 148.3 148.3 148.3 148.3 152.2 152.2 152.2 152.2 152.2 152.2 152.2 152.2 152.2 152.2 152.2 152.2 152.2 152.2 152.2 152.2 152.2 152.2 152.2 152.2 152.2 152.2 152.2 152.2 152.2 152.2 152.2 152.2 152.2 152.2 152.2 152.2 152.2 152.2 152.2 152.2 152.2 152.2 152.2 152.2 152.2 152.2 152.2 152.2 152.2 152.2 152.2 152.2 152.2 152.2 152.2 152.2 152.2 152.2 152.2 152.2 152.2 152.2 152.2 152.2 139.6 139.6 139.6 139.6 139.6 139.6 139.6 139.6 139.6 139.6 139.6 139.6 139.6 139.6 139.6 139.6 139.6 139.6 139.6 139.6 139.6 139.6 139.6 139.6 139.6 139.6 139.6 139.6 139.6 
148.3 148.3 148.3 148.3 148.3 148.3 148.3 148.3 148.3 148.3 148.3 152.2 152.2 152.2 152.2 152.2 152.2 152.2 152.2 152.2 152.2 152.2 152.2 152.2 152.2 152.2 152.2 152.2 152.2 152.2 152.2 152.2 152.2 152.2 152.2 152.2 152.2 152.2 152.2 152.2 152.2 152.2 152.2 152.2 152.2 152.2 152.2 152.2 152.2 152.2 152.2 152.2 152.2 152.2 152.2 152.2 152.2 152.2 152.2 152.2 152.2 152.2 152.2 152.2 152.2 152.2 152.2 152.2 152.2 152.2 152.2 139.6 139.6 139.6 139.6 139.6 139.6 139.6 139.6 139.6 139.6 139.6 139.6 139.6 139.6 139.6 139.6 139.6 139.6 139.6 139.6 139.6 139.6 139.6 139.6 139.6 139.6 139.6 139.6 139.6 
148.3 148.3 148.3 148.3 148.3 148.3 148.3 148.3 148.3 148.3 148.3 152.2 152.2 152.2 152.2 152.2 152.2 152.2 152.2 152.2 152.2 152.2 152.2 152.2 152.2 152.2 152.2 152.2 152.2 152.2 152.2 152.2 152.2 152.2 152.2 152.2 152.2 152.2 152.2 152.2 152.2 152.2 152.2 152.2 152.2 152.2 152.2 152.2 152.2 152.2 152.2 152.2 152.2 152.2 152.2 152.2 152.2 152.2 152.2 152.2 152.2 152.2 152.2 152.2 152.2 152.2 152.2 152.2 152.2 152.2 152.2 139.6 139.6 139.6 139.6 139.6 139.6 139.6 139.6 139.6 139.6 139.6 139.6 139.6 139.6 139.6 139.6 139.6 139.6 139.6 139.6 139.6 139.6 139.6 139.6 139.6 139.6 139.6 139.6 139.6 
148.3 148.3 148.3 148.3 148.3 148.3 148.3 148.3 148.3 148.3 148.3 152.2 152.2 152.2 152.2 152.2 152.2 152.2 152.2 152.2 152.2 152.2 152.2 152.2 152.2 152.2 152.2 152.2 152.2 152.2 152.2 152.2 152.2 152.2 152.2 152.2 152.2 152.2 152.2 152.2 152.2 152.2 152.2 152.2 152.2 152.2 152.2 152.2 152.2 152.2 152.2 152.2 152.2 152.2 152.2 152.2 152.2 152.2 152.2 152.2 152.2 152.2 152.2 152.2 152.2 152.2 152.2 152.2 152.2 152.2 152.2 139.6 139.6 139.6 139.6 139.6 139.6 139.6 139.6 139.6 139.6 139.6 139.6 139.6 139.6 139.6 139.6 139.6 139.6 139.6 139.6 139.6 139.6 139.6 139.6 139.6 139.6 139.6 139.6 139.6 
148.3 148.3 148.3 148.3 148.3 148.3 148.3 148.3 148.3 148.3 148.3 152.2 152.2 152.2 152.2 152.2 152.2 152.2 152.2 152.2 152.2 152.2 152.2 152.2 152.2 152.2 152.2 152.2 152.2 152.2 152.2 152.2 152.2 152.2 152.2 152.2 152.2 152.2 152.2 152.2 152.2 152.2 152.2 152.2 152.2 152.2 152.2 152.2 152.2 152.2 152.2 152.2 152.2 152.2 152.2 152.2 152.2 152.2 152.2 152.2 152.2 152.2 152.2 152.2 152.2 152.2 152.2 152.2 152.2 152.2 152.2 139.6 139.6 139.6 139.6 139.6 139.6 139.6 139.6 139.6 139.6 139.6 139.6 139.6 139.6 139.6 139.6 139.6 139.6 139.6 139.6 139.6 139.6 139.6 139.6 139.6 139.6 139.6 139.6 139.6 
148.3 148.3 148.3 148.3 148.3 148.3 148.3 148.3 148.3 148.3 148.3 152.2 152.2 152.2 152.2 152.2 152.2 152.2 152.2 152.2 152.2 152.2 152.2 152.2 152.2 152.2 152.2 152.2 152.2 152.2 152.2 152.2 152.2 152.2 152.2 152.2 152.2 152.2 152.2 152.2 152.2 152.2 152.2 152.2 152.2 152.2 152.2 152.2 152.2 152.2 152.2 152.2 152.2 152.2 152.2 152.2 152.2 152.2 152.2 152.2 152.2 152.2 152.2 152.2 152.2 152.2 152.2 152.2 152.2 152.2 152.2 139.6 139.6 139.6 139.6 139.6 139.6 139.6 139.6 139.6 139.6 139.6 139.6 139.6 139.6 139.6 139.6 139.6 139.6 139.6 139.6 139.6 139.6 139.6 139.6 139.6 139.6 139.6 139.6 139.6 
148.3 148.3 148.3 148.3 148.3 148.3 148.3 148.3 148.3 148.3 148.3 152.2 152.2 152.2 152.2 152.2 152.2 152.2 152.2 152.2 152.2 152.2 152.2 152.2 152.2 152.2 152.2 152.2 152.2 152.2 152.2 152.2 152.2 152.2 152.2 152.2 152.2 152.2 152.2 152.2 152.2 152.2 152.2 152.2 152.2 152.2 152.2 152.2 152.2 152.2 152.2 152.2 152.2 152.2 152.2 152.2 152.2 152.2 152.2 152.2 152.2 152.2 152.2 152.2 152.2 152.2 152.2 152.2 152.2 152.2 152.2 139.6 139.6 139.6 139.6 139.6 139.6 139.6 139.6 139.6 139.6 139.6 139.6 139.6 139.6 139.6 139.6 139.6 139.6 139.6 139.6 139.6 139.6 139.6 139.6 139.6 139.6 139.6 139.6 139.6 
148.3 148.3 148.3 148.3 148.3 148.3 148.3 148.3 148.3 148.3 148.3 152.2 152.2 152.2 152.2 152.2 152.2 152.2 152.2 152.2 152.2 152.2 152.2 152.2 152.2 152.2 152.2 152.2 152.2 152.2 152.2 152.2 152.2 152.2 152.2 152.2 152.2 152.2 152.2 152.2 152.2 152.2 152.2 152.2 152.2 152.2 152.2 152.2 152.2 152.2 152.2 152.2 152.2 152.2 152.2 152.2 152.2 152.2 152.2 152.2 152.2 152.2 152.2 152.2 152.2 152.2 152.2 152.2 152.2 152.2 152.2 139.6 139.6 139.6 139.6 139.6 139.6 139.6 139.6 139.6 139.6 139.6 139.6 139.6 139.6 139.6 139.6 139.6 139.6 139.6 139.6 139.6 139.6 139.6 139.6 139.6 139.6 139.6 139.6 139.6 
148.3 148.3 148.3 148.3 148.3 148.3 148.3 148.3 148.3 148.3 148.3 152.2 152.2 152.2 152.2 152.2 152.2 152.2 152.2 152.2 152.2 152.2 152.2 152.2 152.2 152.2 152.2 152.2 152.2 152.2 152.2 152.2 152.2 152.2 152.2 152.2 152.2 152.2 152.2 152.2 152.2 152.2 152.2 152.2 152.2 152.2 152.2 152.2 152.2 152.2 152.2 152.2 152.2 152.2 152.2 152.2 152.2 152.2 152.2 152.2 152.2 152.2 152.2 152.2 152.2 152.2 152.2 152.2 152.2 152.2 152.2 139.6 139.6 139.6 139.6 139.6 139.6 139.6 139.6 139.6 139.6 139.6 139.6 139.6 139.6 139.6 139.6 139.6 139.6 139.6 139.6 139.6 139.6 139.6 139.6 139.6 139.6 139.6 139.6 139.6 
148.3 148.3 148.3 148.3 148.3 148.3 148.3 148.3 148.3 148.3 148.3 152.2 152.2 152.2 152.2 152.2 152.2 152.2 152.2 152.2 152.2 152.2 152.2 152.2 152.2 152.2 152.2 152.2 152.2 152.2 152.2 152.2 152.2 152.2 152.2 152.2 152.2 152.2 152.2 152.2 152.2 152.2 152.2 152.2 152.2 152.2 152.2 152.2 152.2 152.2 152.2 152.2 152.2 152.2 152.2 152.2 152.2 152.2 152.2 152.2 152.2 152.2 152.2 152.2 152.2 152.2 152.2 152.2 152.2 152.2 152.2 139.6 139.6 139.6 139.6 139.6 139.6 139.6 139.6 139.6 139.6 139.6 139.6 139.6 139.6 139.6 139.6 139.6 139.6 139.6 139.6 139.6 139.6 139.6 139.6 139.6 139.6 139.6 139.6 139.6 
148.3 148.3 148.3 148.3 148.3 148.3 148.3 148.3 148.3 148.3 148.3 152.2 152.2 152.2 152.2 152.2 152.2 152.2 152.2 152.2 152.2 152.2 152.2 152.2 152.2 152.2 152.2 152.2 152.2 152.2 152.2 152.2 152.2 152.2 152.2 152.2 152.2 152.2 152.2 152.2 152.2 152.2 152.2 152.2 152.2 152.2 152.2 152.2 152.2 152.2 152.2 152.2 152.2 152.2 152.2 152.2 152.2 152.2 152.2 152.2 152.2 152.2 152.2 152.2 152.2 152.2 152.2 152.2 152.2 152.2 152.2 139.6 139.6 139.6 139.6 139.6 139.6 139.6 139.6 139.6 139.6 139.6 139.6 139.6 139.6 139.6 139.6 139.6 139.6 139.6 139.6 139.6 139.6 139.6 139.6 139.6 139.6 139.6 139.6 139.6 
148.3 148.3 148.3 148.3 148.3 148.3 148.3 148.3 148.3 148.3 148.3 152.2 152.2 152.2 152.2 152.2 152.2 152.2 152.2 152.2 152.2 152.2 152.2 152.2 152.2 152.2 152.2 152.2 152.2 152.2 152.2 152.2 152.2 152.2 152.2 152.2 152.2 152.2 152.2 152.2 152.2 152.2 152.2 152.2 152.2 152.2 152.2 152.2 152.2 152.2 152.2 152.2 152.2 152.2 152.2 152.2 152.2 152.2 152.2 152.2 152.2 152.2 152.2 152.2 152.2 152.2 152.2 152.2 152.2 152.2 152.2 139.6 139.6 139.6 139.6 139.6 139.6 139.6 139.6 139.6 139.6 139.6 139.6 139.6 139.6 139.6 139.6 139.6 139.6 139.6 139.6 139.6 139.6 139.6 139.6 139.6 139.6 139.6 139.6 139.6 
148.3 148.3 148.3 148.3 148.3 148.3 148.3 148.3 148.3 148.3 148.3 152.2 152.2 152.2 152.2 152.2 152.2 152.2 152.2 152.2 152.2 152.2 152.2 152.2 152.2 152.2 152.2 152.2 152.2 152.2 152.2 152.2 152.2 152.2 152.2 152.2 152.2 152.2 152.2 152.2 152.2 152.2 152.2 152.2 152.2 152.2 152.2 152.2 152.2 152.2 152.2 152.2 152.2 152.2 152.2 152.2 152.2 152.2 152.2 152.2 152.2 152.2 152.2 152.2 152.2 152.2 152.2 152.2 152.2 152.2 152.2 139.6 139.6 139.6 139.6 139.6 139.6 139.6 139.6 139.6 139.6 139.6 139.6 139.6 139.6 139.6 139.6 139.6 139.6 139.6 139.6 139.6 139.6 139.6 139.6 139.6 139.6 139.6 139.6 139.6 
148.3 148.3 148.3 148.3 148.3 148.3 148.3 148.3 148.3 148.3 148.3 152.2 152.2 152.2 152.2 152.2 152.2 152.2 152.2 152.2 152.2 152.2 152.2 152.2 152.2 152.2 152.2 152.2 152.2 152.2 152.2 152.2 152.2 152.2 152.2 152.2 152.2 152.2 152.2 152.2 152.2 152.2 152.2 152.2 152.2 152.2 152.2 152.2 152.2 152.2 152.2 152.2 152.2 152.2 152.2 152.2 152.2 152.2 152.2 152.2 152.2 152.2 152.2 152.2 152.2 152.2 152.2 152.2 152.2 152.2 152.2 139.6 139.6 139.6 139.6 139.6 139.6 139.6 139.6 139.6 139.6 139.6 139.6 139.6 139.6 139.6 139.6 139.6 139.6 139.6 139.6 139.6 139.6 139.6 139.6 139.6 139.6 139.6 139.6 139.6 
148.3 148.3 148.3 148.3 148.3 148.3 148.3 148.3 148.3 148.3 148.3 152.2 152.2 152.2 152.2 152.2 152.2 152.2 152.2 152.2 152.2 152.2 152.2 152.2 152.2 152.2 152.2 152.2 152.2 152.2 152.2 152.2 152.2 152.2 152.2 152.2 152.2 152.2 152.2 152.2 152.2 152.2 152.2 152.2 152.2 152.2 152.2 152.2 152.2 152.2 152.2 152.2 152.2 152.2 152.2 152.2 152.2 152.2 152.2 152.2 152.2 152.2 152.2 152.2 152.2 152.2 152.2 152.2 152.2 152.2 152.2 139.6 139.6 139.6 139.6 139.6 139.6 139.6 139.6 139.6 139.6 139.6 139.6 139.6 139.6 139.6 139.6 139.6 139.6 139.6 139.6 139.6 139.6 139.6 139.6 139.6 139.6 139.6 139.6 139.6 
148.3 148.3 148.3 148.3 148.3 148.3 148.3 148.3 148.3 148.3 148.3 152.2 152.2 152.2 152.2 152.2 152.2 152.2 152.2 152.2 152.2 152.2 152.2 152.2 152.2 152.2 152.2 152.2 152.2 152.2 152.2 152.2 152.2 152.2 152.2 152.2 152.2 152.2 152.2 152.2 152.2 152.2 152.2 152.2 152.2 152.2 152.2 152.2 152.2 152.2 152.2 152.2 152.2 152.2 152.2 152.2 152.2 152.2 152.2 152.2 152.2 152.2 152.2 152.2 152.2 152.2 152.2 152.2 152.2 152.2 152.2 139.6 139.6 139.6 139.6 139.6 139.6 139.6 139.6 139.6 139.6 139.6 139.6 139.6 139.6 139.6 139.6 139.6 139.6 139.6 139.6 139.6 139.6 139.6 139.6 139.6 139.6 139.6 139.6 139.6 
148.3 148.3 148.3 148.3 148.3 148.3 148.3 148.3 148.3 148.3 148.3 152.2 152.2 152.2 152.2 152.2 152.2 152.2 152.2 152.2 152.2 152.2 152.2 152.2 152.2 152.2 152.2 152.2 152.2 152.2 152.2 152.2 152.2 152.2 152.2 152.2 152.2 152.2 152.2 152.2 152.2 152.2 152.2 152.2 152.2 152.2 152.2 152.2 152.2 152.2 152.2 152.2 152.2 152.2 152.2 152.2 152.2 152.2 152.2 152.2 152.2 152.2 152.2 152.2 152.2 152.2 152.2 152.2 152.2 152.2 152.2 139.6 139.6 139.6 139.6 139.6 139.6 139.6 139.6 139.6 139.6 139.6 139.6 139.6 139.6 139.6 139.6 139.6 139.6 139.6 139.6 139.6 139.6 139.6 139.6 139.6 139.6 139.6 139.6 139.6 
178.2 178.2 178.2 178.2 178.2 178.2 178.2 178.2 178.2 178.2 178.2 181 181 181 181 181 181 181 181 181 181 181 181 181 181 181 181 181 181 181 181 181 181 181 181 181 181 181 181 181 181 181 181 181 181 181 181 181 181 181 181 181 181 181 181 181 181 181 181 181 181 181 181 181 181 181 181 181 181 181 181 165.2 165.2 165.2 165.2 165.2 165.2 165.2 165.2 165.2 165.2 165.2 165.2 165.2 165.2 165.2 165.2 165.2 165.2 165.2 165.2 165.2 165.2 165.2 165.2 165.2 165.2 165.2 165.2 165.2 
178.2 178.2 178.2 178.2 178.2 178.2 178.2 178.2 178.2 178.2 178.2 181 181 181 181 181 181 181 181 181 181 181 181 181 181 181 181 181 181 181 181 181 181 181 181 181 181 181 181 181 181 181 181 181 181 181 181 181 181 181 181 181 181 181 181 181 181 181 181 181 181 181 181 181 181 181 181 181 181 181 181 165.2 165.2 165.2 165.2 165.2 165.2 165.2 165.2 165.2 165.2 165.2 165.2 165.2 165.2 165.2 165.2 165.2 165.2 165.2 165.2 165.2 165.2 165.2 165.2 165.2 165.2 165.2 165.2 165.2 
178.2 178.2 178.2 178.2 178.2 178.2 178.2 178.2 178.2 178.2 178.2 181 181 181 181 181 181 181 181 181 181 181 181 181 181 181 181 181 181 181 181 181 181 181 181 181 181 181 181 181 181 181 181 181 181 181 181 181 181 181 181 181 181 181 181 181 181 181 181 181 181 181 181 181 181 181 181 181 181 181 181 165.2 165.2 165.2 165.2 165.2 165.2 165.2 165.2 165.2 165.2 165.2 165.2 165.2 165.2 165.2 165.2 165.2 165.2 165.2 165.2 165.2 165.2 165.2 165.2 165.2 165.2 165.2 165.2 165.2 
178.2 178.2 178.2 178.2 178.2 178.2 178.2 178.2 178.2 178.2 178.2 181 181 181 181 181 181 181 181 181 181 181 181 181 181 181 181 181 181 181 181 181 181 181 181 181 181 181 181 181 181 181 181 181 181 181 181 181 181 181 181 181 181 181 181 181 181 181 181 181 181 181 181 181 181 181 181 181 181 181 181 165.2 165.2 165.2 165.2 165.2 165.2 165.2 165.2 165.2 165.2 165.2 165.2 165.2 165.2 165.2 165.2 165.2 165.2 165.2 165.2 165.2 165.2 165.2 165.2 165.2 165.2 165.2 165.2 165.2 
178.2 178.2 178.2 178.2 178.2 178.2 178.2 178.2 178.2 178.2 178.2 181 181 181 181 181 181 181 181 181 181 181 181 181 181 181 181 181 181 181 181 181 181 181 181 181 181 181 181 181 181 181 181 181 181 181 181 181 181 181 181 181 181 181 181 181 181 181 181 181 181 181 181 181 181 181 181 181 181 181 181 165.2 165.2 165.2 165.2 165.2 165.2 165.2 165.2 165.2 165.2 165.2 165.2 165.2 165.2 165.2 165.2 165.2 165.2 165.2 165.2 165.2 165.2 165.2 165.2 165.2 165.2 165.2 165.2 165.2 
178.2 178.2 178.2 178.2 178.2 178.2 178.2 178.2 178.2 178.2 178.2 181 181 181 181 181 181 181 181 181 181 181 181 181 181 181 181 181 181 181 181 181 181 181 181 181 181 181 181 181 181 181 181 181 181 181 181 181 181 181 181 181 181 181 181 181 181 181 181 181 181 181 181 181 181 181 181 181 181 181 181 165.2 165.2 165.2 165.2 165.2 165.2 165.2 165.2 165.2 165.2 165.2 165.2 165.2 165.2 165.2 165.2 165.2 165.2 165.2 165.2 165.2 165.2 165.2 165.2 165.2 165.2 165.2 165.2 165.2 
178.2 178.2 178.2 178.2 178.2 178.2 178.2 178.2 178.2 178.2 178.2 181 181 181 181 181 181 181 181 181 181 181 181 181 181 181 181 181 181 181 181 181 181 181 181 181 181 181 181 181 181 181 181 181 181 181 181 181 181 181 181 181 181 181 181 181 181 181 181 181 181 181 181 181 181 181 181 181 181 181 181 165.2 165.2 165.2 165.2 165.2 165.2 165.2 165.2 165.2 165.2 165.2 165.2 165.2 165.2 165.2 165.2 165.2 165.2 165.2 165.2 165.2 165.2 165.2 165.2 165.2 165.2 165.2 165.2 165.2 
178.2 178.2 178.2 178.2 178.2 178.2 178.2 178.2 178.2 178.2 178.2 181 181 181 181 181 181 181 181 181 181 181 181 181 181 181 181 181 181 181 181 181 181 181 181 181 181 181 181 181 181 181 181 181 181 181 181 181 181 181 181 181 181 181 181 181 181 181 181 181 181 181 181 181 181 181 181 181 181 181 181 165.2 165.2 165.2 165.2 165.2 165.2 165.2 165.2 165.2 165.2 165.2 165.2 165.2 165.2 165.2 165.2 165.2 165.2 165.2 165.2 165.2 165.2 165.2 165.2 165.2 165.2 165.2 165.2 165.2 
178.2 178.2 178.2 178.2 178.2 178.2 178.2 178.2 178.2 178.2 178.2 181 181 181 181 181 181 181 181 181 181 181 181 181 181 181 181 181 181 181 181 181 181 181 181 181 181 181 181 181 181 181 181 181 181 181 181 181 181 181 181 181 181 181 181 181 181 181 181 181 181 181 181 181 181 181 181 181 181 181 181 165.2 165.2 165.2 165.2 165.2 165.2 165.2 165.2 165.2 165.2 165.2 165.2 165.2 165.2 165.2 165.2 165.2 165.2 165.2 165.2 165.2 165.2 165.2 165.2 165.2 165.2 165.2 165.2 165.2 
178.2 178.2 178.2 178.2 178.2 178.2 178.2 178.2 178.2 178.2 178.2 181 181 181 181 181 181 181 181 181 181 181 181 181 181 181 181 181 181 181 181 181 181 181 181 181 181 181 181 181 181 181 181 181 181 181 181 181 181 181 181 181 181 181 181 181 181 181 181 181 181 181 181 181 181 181 181 181 181 181 181 165.2 165.2 165.2 165.2 165.2 165.2 165.2 165.2 165.2 165.2 165.2 165.2 165.2 165.2 165.2 165.2 165.2 165.2 165.2 165.2 165.2 165.2 165.2 165.2 165.2 165.2 165.2 165.2 165.2 
178.2 178.2 178.2 178.2 178.2 178.2 178.2 178.2 178.2 178.2 178.2 181 181 181 181 181 181 181 181 181 181 181 181 181 181 181 181 181 181 181 181 181 181 181 181 181 181 181 181 181 181 181 181 181 181 181 181 181 181 181 181 181 181 181 181 181 181 181 181 181 181 181 181 181 181 181 181 181 181 181 181 165.2 165.2 165.2 165.2 165.2 165.2 165.2 165.2 165.2 165.2 165.2 165.2 165.2 165.2 165.2 165.2 165.2 165.2 165.2 165.2 165.2 165.2 165.2 165.2 165.2 165.2 165.2 165.2 165.2 
178.2 178.2 178.2 178.2 178.2 178.2 178.2 178.2 178.2 178.2 178.2 181 181 181 181 181 181 181 181 181 181 181 181 181 181 181 181 181 181 181 181 181 181 181 181 181 181 181 181 181 181 181 181 181 181 181 181 181 181 181 181 181 181 181 181 181 181 181 181 181 181 181 181 181 181 181 181 181 181 181 181 165.2 165.2 165.2 165.2 165.2 165.2 165.2 165.2 165.2 165.2 165.2 165.2 165.2 165.2 165.2 165.2 165.2 165.2 165.2 165.2 165.2 165.2 165.2 165.2 165.2 165.2 165.2 165.2 165.2 
178.2 178.2 178.2 178.2 178.2 178.2 178.2 178.2 178.2 178.2 178.2 181 181 181 181 181 181 181 181 181 181 181 181 181 181 181 181 181 181 181 181 181 181 181 181 181 181 181 181 181 181 181 181 181 181 181 181 181 181 181 181 181 181 181 181 181 181 181 181 181 181 181 181 181 181 181 181 181 181 181 181 165.2 165.2 165.2 165.2 165.2 165.2 165.2 165.2 165.2 165.2 165.2 165.2 165.2 165.2 165.2 165.2 165.2 165.2 165.2 165.2 165.2 165.2 165.2 165.2 165.2 165.2 165.2 165.2 165.2 
178.2 178.2 178.2 178.2 178.2 178.2 178.2 178.2 178.2 178.2 178.2 181 181 181 181 181 181 181 181 181 181 181 181 181 181 181 181 181 181 181 181 181 181 181 181 181 181 181 181 181 181 181 181 181 181 181 181 181 181 181 181 181 181 181 181 181 181 181 181 181 181 181 181 181 181 181 181 181 181 181 181 165.2 165.2 165.2 165.2 165.2 165.2 165.2 165.2 165.2 165.2 165.2 165.2 165.2 165.2 165.2 165.2 165.2 165.2 165.2 165.2 165.2 165.2 165.2 165.2 165.2 165.2 165.2 165.2 165.2 
178.2 178.2 178.2 178.2 178.2 178.2 178.2 178.2 178.2 178.2 178.2 181 181 181 181 181 181 181 181 181 181 181 181 181 181 181 181 181 181 181 181 181 181 181 181 181 181 181 181 181 181 181 181 181 181 181 181 181 181 181 181 181 181 181 181 181 181 181 181 181 181 181 181 181 181 181 181 181 181 181 181 165.2 165.2 165.2 165.2 165.2 165.2 165.2 165.2 165.2 165.2 165.2 165.2 165.2 165.2 165.2 165.2 165.2 165.2 165.2 165.2 165.2 165.2 165.2 165.2 165.2 165.2 165.2 165.2 165.2 
178.2 178.2 178.2 178.2 178.2 178.2 178.2 178.2 178.2 178.2 178.2 181 181 181 181 181 181 181 181 181 181 181 181 181 181 181 181 181 181 181 181 181 181 181 181 181 181 181 181 181 181 181 181 181 181 181 181 181 181 181 181 181 181 181 181 181 181 181 181 181 181 181 181 181 181 181 181 181 181 181 181 165.2 165.2 165.2 165.2 165.2 165.2 165.2 165.2 165.2 165.2 165.2 165.2 165.2 165.2 165.2 165.2 165.2 165.2 165.2 165.2 165.2 165.2 165.2 165.2 165.2 165.2 165.2 165.2 165.2 
178.2 178.2 178.2 178.2 178.2 178.2 178.2 178.2 178.2 178.2 178.2 181 181 181 181 181 181 181 181 181 181 181 181 181 181 181 181 181 181 181 181 181 181 181 181 181 181 181 181 181 181 181 181 181 181 181 181 181 181 181 181 181 181 181 181 181 181 181 181 181 181 181 181 181 181 181 181 181 181 181 181 165.2 165.2 165.2 165.2 165.2 165.2 165.2 165.2 165.2 165.2 165.2 165.2 165.2 165.2 165.2 165.2 165.2 165.2 165.2 165.2 165.2 165.2 165.2 165.2 165.2 165.2 165.2 165.2 165.2 
178.2 178.2 178.2 178.2 178.2 178.2 178.2 178.2 178.2 178.2 178.2 181 181 181 181 181 181 181 181 181 181 181 181 181 181 181 181 181 181 181 181 181 181 181 181 181 181 181 181 181 181 181 181 181 181 181 181 181 181 181 181 181 181 181 181 181 181 181 181 181 181 181 181 181 181 181 181 181 181 181 181 165.2 165.2 165.2 165.2 165.2 165.2 165.2 165.2 165.2 165.2 165.2 165.2 165.2 165.2 165.2 165.2 165.2 165.2 165.2 165.2 165.2 165.2 165.2 165.2 165.2 165.2 165.2 165.2 165.2 
178.2 178.2 178.2 178.2 178.2 178.2 178.2 178.2 178.2 178.2 178.2 181 181 181 181 181 181 181 181 181 181 181 181 181 181 181 181 181 181 181 181 181 181 181 181 181 181 181 181 181 181 181 181 181 181 181 181 181 181 181 181 181 181 181 181 181 181 181 181 181 181 181 181 181 181 181 181 181 181 181 181 165.2 165.2 165.2 165.2 165.2 165.2 165.2 165.2 165.2 165.2 165.2 165.2 165.2 165.2 165.2 165.2 165.2 165.2 165.2 165.2 165.2 165.2 165.2 165.2 165.2 165.2 165.2 165.2 165.2 
178.2 178.2 178.2 178.2 178.2 178.2 178.2 178.2 178.2 178.2 178.2 181 181 181 181 181 181 181 181 181 181 181 181 181 181 181 181 181 181 181 181 181 181 181 181 181 181 181 181 181 181 181 181 181 181 181 181 181 181 181 181 181 181 181 181 181 181 181 181 181 181 181 181 181 181 181 181 181 181 181 181 165.2 165.2 165.2 165.2 165.2 165.2 165.2 165.2 165.2 165.2 165.2 165.2 165.2 165.2 165.2 165.2 165.2 165.2 165.2 165.2 165.2 165.2 165.2 165.2 165.2 165.2 165.2 165.2 165.2 
178.2 178.2 178.2 178.2 178.2 178.2 178.2 178.2 178.2 178.2 178.2 181 181 181 181 181 181 181 181 181 181 181 181 181 181 181 181 181 181 181 181 181 181 181 181 181 181 181 181 181 181 181 181 181 181 181 181 181 181 181 181 181 181 181 181 181 181 181 181 181 181 181 181 181 181 181 181 181 181 181 181 165.2 165.2 165.2 165.2 165.2 165.2 165.2 165.2 165.2 165.2 165.2 165.2 165.2 165.2 165.2 165.2 165.2 165.2 165.2 165.2 165.2 165.2 165.2 165.2 165.2 165.2 165.2 165.2 165.2 
178.2 178.2 178.2 178.2 178.2 178.2 178.2 178.2 178.2 178.2 178.2 181 181 181 181 181 181 181 181 181 181 181 181 181 181 181 181 181 181 181 181 181 181 181 181 181 181 181 181 181 181 181 181 181 181 181 181 181 181 181 181 181 181 181 181 181 181 181 181 181 181 181 181 181 181 181 181 181 181 181 181 165.2 165.2 165.2 165.2 165.2 165.2 165.2 165.2 165.2 165.2 165.2 165.2 165.2 165.2 165.2 165.2 165.2 165.2 165.2 165.2 165.2 165.2 165.2 165.2 165.2 165.2 165.2 165.2 165.2 
178.2 178.2 178.2 178.2 178.2 178.2 178.2 178.2 178.2 178.2 178.2 181 181 181 181 181 181 181 181 181 181 181 181 181 181 181 181 181 181 181 181 181 181 181 181 181 181 181 181 181 181 181 181 181 181 181 181 181 181 181 181 181 181 181 181 181 181 181 181 181 181 181 181 181 181 181 181 181 181 181 181 165.2 165.2 165.2 165.2 165.2 165.2 165.2 165.2 165.2 165.2 165.2 165.2 165.2 165.2 165.2 165.2 165.2 165.2 165.2 165.2 165.2 165.2 165.2 165.2 165.2 165.2 165.2 165.2 165.2 
178.2 178.2 178.2 178.2 178.2 178.2 178.2 178.2 178.2 178.2 178.2 181 181 181 181 181 181 181 181 181 181 181 181 181 181 181 181 181 181 181 181 181 181 181 181 181 181 181 181 181 181 181 181 181 181 181 181 181 181 181 181 181 181 181 181 181 181 181 181 181 181 181 181 181 181 181 181 181 181 181 181 165.2 165.2 165.2 165.2 165.2 165.2 165.2 165.2 165.2 165.2 165.2 165.2 165.2 165.2 165.2 165.2 165.2 165.2 165.2 165.2 165.2 165.2 165.2 165.2 165.2 165.2 165.2 165.2 165.2 
178.2 178.2 178.2 178.2 178.2 178.2 178.2 178.2 178.2 178.2 178.2 181 181 181 181 181 181 181 181 181 181 181 181 181 181 181 181 181 181 181 181 181 181 181 181 181 181 181 181 181 181 181 181 181 181 181 181 181 181 181 181 181 181 181 181 181 181 181 181 181 181 181 181 181 181 181 181 181 181 181 181 165.2 165.2 165.2 165.2 165.2 165.2 165.2 165.2 165.2 165.2 165.2 165.2 165.2 165.2 165.2 165.2 165.2 165.2 165.2 165.2 165.2 165.2 165.2 165.2 165.2 165.2 165.2 165.2 165.2 
178.2 178.2 178.2 178.2 178.2 178.2 178.2 178.2 178.2 178.2 178.2 181 181 181 181 181 181 181 181 181 181 181 181 181 181 181 181 181 181 181 181 181 181 181 181 181 181 181 181 181 181 181 181 181 181 181 181 181 181 181 181 181 181 181 181 181 181 181 181 181 181 181 181 181 181 181 181 181 181 181 181 165.2 165.2 165.2 165.2 165.2 165.2 165.2 165.2 165.2 165.2 165.2 165.2 165.2 165.2 165.2 165.2 165.2 165.2 165.2 165.2 165.2 165.2 165.2 165.2 165.2 165.2 165.2 165.2 165.2 
178.2 178.2 178.2 178.2 178.2 178.2 178.2 178.2 178.2 178.2 178.2 181 181 181 181 181 181 181 181 181 181 181 181 181 181 181 181 181 181 181 181 181 181 181 181 181 181 181 181 181 181 181 181 181 181 181 181 181 181 181 181 181 181 181 181 181 181 181 181 181 181 181 181 181 181 181 181 181 181 181 181 165.2 165.2 165.2 165.2 165.2 165.2 165.2 165.2 165.2 165.2 165.2 165.2 165.2 165.2 165.2 165.2 165.2 165.2 165.2 165.2 165.2 165.2 165.2 165.2 165.2 165.2 165.2 165.2 165.2 
178.2 178.2 178.2 178.2 178.2 178.2 178.2 178.2 178.2 178.2 178.2 181 181 181 181 181 181 181 181 181 181 181 181 181 181 181 181 181 181 181 181 181 181 181 181 181 181 181 181 181 181 181 181 181 181 181 181 181 181 181 181 181 181 181 181 181 181 181 181 181 181 181 181 181 181 181 181 181 181 181 181 165.2 165.2 165.2 165.2 165.2 165.2 165.2 165.2 165.2 165.2 165.2 165.2 165.2 165.2 165.2 165.2 165.2 165.2 165.2 165.2 165.2 165.2 165.2 165.2 165.2 165.2 165.2 165.2 165.2 
178.2 178.2 178.2 178.2 178.2 178.2 178.2 178.2 178.2 178.2 178.2 181 181 181 181 181 181 181 181 181 181 181 181 181 181 181 181 181 181 181 181 181 181 181 181 181 181 181 181 181 181 181 181 181 181 181 181 181 181 181 181 181 181 181 181 181 181 181 181 181 181 181 181 181 181 181 181 181 181 181 181 165.2 165.2 165.2 165.2 165.2 165.2 165.2 165.2 165.2 165.2 165.2 165.2 165.2 165.2 165.2 165.2 165.2 165.2 165.2 165.2 165.2 165.2 165.2 165.2 165.2 165.2 165.2 165.2 165.2 
178.2 178.2 178.2 178.2 178.2 178.2 178.2 178.2 178.2 178.2 178.2 181 181 181 181 181 181 181 181 181 181 181 181 181 181 181 181 181 181 181 181 181 181 181 181 181 181 181 181 181 181 181 181 181 181 181 181 181 181 181 181 181 181 181 181 181 181 181 181 181 181 181 181 181 181 181 181 181 181 181 181 165.2 165.2 165.2 165.2 165.2 165.2 165.2 165.2 165.2 165.2 165.2 165.2 165.2 165.2 165.2 165.2 165.2 165.2 165.2 165.2 165.2 165.2 165.2 165.2 165.2 165.2 165.2 165.2 165.2 
178.2 178.2 178.2 178.2 178.2 178.2 178.2 178.2 178.2 178.2 178.2 181 181 181 181 181 181 181 181 181 181 181 181 181 181 181 181 181 181 181 181 181 181 181 181 181 181 181 181 181 181 181 181 181 181 181 181 181 181 181 181 181 181 181 181 181 181 181 181 181 181 181 181 181 181 181 181 181 181 181 181 165.2 165.2 165.2 165.2 165.2 165.2 165.2 165.2 165.2 165.2 165.2 165.2 165.2 165.2 165.2 165.2 165.2 165.2 165.2 165.2 165.2 165.2 165.2 165.2 165.2 165.2 165.2 165.2 165.2 
