ncols         100
nrows         100
xllcorner     -59982.863281
yllcorner     1851083.022172
cellsize      1000
NODATA_value  -9999
4.22 4.22 4.22 4.22 4.22 4.22 4.22 4.22 4.22 4.22 4.22 2.78 2.78 2.78 2.78 2.78 2.78 2.78 2.78 2.78 2.78 2.78 2.78 2.78 2.78 2.78 2.78 2.78 2.78 2.78 2.78 2.78 2.78 2.78 2.78 2.78 2.78 2.78 2.78 2.78 2.78 2.78 2.78 2.78 2.78 2.78 2.78 2.78 2.78 2.78 2.78 2.78 2.78 2.78 2.78 2.78 2.78 2.78 2.78 2.78 2.78 2.78 2.78 2.78 2.78 2.78 2.78 2.78 2.78 2.78 2.78 2.7 2.7 2.7 2.7 2.7 2.7 2.7 2.7 2.7 2.7 2.7 2.7 2.7 2.7 2.7 2.7 2.7 2.7 2.7 2.7 2.7 2.7 2.7 2.7 2.7 2.7 2.7 2.7 2.7 
4.22 4.22 4.22 4.22 4.22 4.22 4.22 4.22 4.22 4.22 4.22 2.78 2.78 2.78 2.78 2.78 2.78 2.78 2.78 2.78 2.78 2.78 2.78 2.78 2.78 2.78 2.78 2.78 2.78 2.78 2.78 2.78 2.78 2.78 2.78 2.78 2.78 2.78 2.78 2.78 2.78 2.78 2.78 2.78 2.78 2.78 2.78 2.78 2.78 2.78 2.78 2.78 2.78 2.78 2.78 2.78 2.78 2.78 2.78 2.78 2.78 2.78 2.78 2.78 2.78 2.78 2.78 2.78 2.78 2.78 2.78 2.7 2.7 2.7 2.7 2.7 2.7 2.7 2.7 2.7 2.7 2.7 2.7 2.7 2.7 2.7 2.7 2.7 2.7 2.7 2.7 2.7 2.7 2.7 2.7 2.7 2.7 2.7 2.7 2.7 
4.22 4.22 4.22 4.22 4.22 4.22 4.22 4.22 4.22 4.22 4.22 2.78 2.78 2.78 2.78 2.78 2.78 2.78 2.78 2.78 2.78 2.78 2.78 2.78 2.78 2.78 2.78 2.78 2.78 2.78 2.78 2.78 2.78 2.78 2.78 2.78 2.78 2.78 2.78 2.78 2.78 2.78 2.78 2.78 2.78 2.78 2.78 2.78 2.78 2.78 2.78 2.78 2.78 2.78 2.78 2.78 2.78 2.78 2.78 2.78 2.78 2.78 2.78 2.78 2.78 2.78 2.78 2.78 2.78 2.78 2.78 2.7 2.7 2.7 2.7 2.7 2.7 2.7 2.7 2.7 2.7 2.7 2.7 2.7 2.7 2.7 2.7 2.7 2.7 2.7 2.7 2.7 2.7 2.7 2.7 2.7 2.7 2.7 2.7 2.7 
4.22 4.22 4.22 4.22 4.22 4.22 4.22 4.22 4.22 4.22 4.22 2.78 2.78 2.78 2.78 2.78 2.78 2.78 2.78 2.78 2.78 2.78 2.78 2.78 2.78 2.78 2.78 2.78 2.78 2.78 2.78 2.78 2.78 2.78 2.78 2.78 2.78 2.78 2.78 2.78 2.78 2.78 2.78 2.78 2.78 2.78 2.78 2.78 2.78 2.78 2.78 2.78 2.78 2.78 2.78 2.78 2.78 2.78 2.78 2.78 2.78 2.78 2.78 2.78 2.78 2.78 2.78 2.78 2.78 2.78 2.78 2.7 2.7 2.7 2.7 2.7 2.7 2.7 2.7 2.7 2.7 2.7 2.7 2.7 2.7 2.7 2.7 2.7 2.7 2.7 2.7 2.7 2.7 2.7 2.7 2.7 2.7 2.7 2.7 2.7 
4.22 4.22 4.22 4.22 4.22 4.22 4.22 4.22 4.22 4.22 4.22 2.78 2.78 2.78 2.78 2.78 2.78 2.78 2.78 2.78 2.78 2.78 2.78 2.78 2.78 2.78 2.78 2.78 2.78 2.78 2.78 2.78 2.78 2.78 2.78 2.78 2.78 2.78 2.78 2.78 2.78 2.78 2.78 2.78 2.78 2.78 2.78 2.78 2.78 2.78 2.78 2.78 2.78 2.78 2.78 2.78 2.78 2.78 2.78 2.78 2.78 2.78 2.78 2.78 2.78 2.78 2.78 2.78 2.78 2.78 2.78 2.7 2.7 2.7 2.7 2.7 2.7 2.7 2.7 2.7 2.7 2.7 2.7 2.7 2.7 2.7 2.7 2.7 2.7 2.7 2.7 2.7 2.7 2.7 2.7 2.7 2.7 2.7 2.7 2.7 
4.22 4.22 4.22 4.22 4.22 4.22 4.22 4.22 4.22 4.22 4.22 2.78 2.78 2.78 2.78 2.78 2.78 2.78 2.78 2.78 2.78 2.78 2.78 2.78 2.78 2.78 2.78 2.78 2.78 2.78 2.78 2.78 2.78 2.78 2.78 2.78 2.78 2.78 2.78 2.78 2.78 2.78 2.78 2.78 2.78 2.78 2.78 2.78 2.78 2.78 2.78 2.78 2.78 2.78 2.78 2.78 2.78 2.78 2.78 2.78 2.78 2.78 2.78 2.78 2.78 2.78 2.78 2.78 2.78 2.78 2.78 2.7 2.7 2.7 2.7 2.7 2.7 2.7 2.7 2.7 2.7 2.7 2.7 2.7 2.7 2.7 2.7 2.7 2.7 2.7 2.7 2.7 2.7 2.7 2.7 2.7 2.7 2.7 2.7 2.7 
4.22 4.22 4.22 4.22 4.22 4.22 4.22 4.22 4.22 4.22 4.22 2.78 2.78 2.78 2.78 2.78 2.78 2.78 2.78 2.78 2.78 2.78 2.78 2.78 2.78 2.78 2.78 2.78 2.78 2.78 2.78 2.78 2.78 2.78 2.78 2.78 2.78 2.78 2.78 2.78 2.78 2.78 2.78 2.78 2.78 2.78 2.78 2.78 2.78 2.78 2.78 2.78 2.78 2.78 2.78 2.78 2.78 2.78 2.78 2.78 2.78 2.78 2.78 2.78 2.78 2.78 2.78 2.78 2.78 2.78 2.78 2.7 2.7 2.7 2.7 2.7 2.7 2.7 2.7 2.7 2.7 2.7 2.7 2.7 2.7 2.7 2.7 2.7 2.7 2.7 2.7 2.7 2.7 2.7 2.7 2.7 2.7 2.7 2.7 2.7 
4.22 4.22 4.22 4.22 4.22 4.22 4.22 4.22 4.22 4.22 4.22 2.78 2.78 2.78 2.78 2.78 2.78 2.78 2.78 2.78 2.78 2.78 2.78 2.78 2.78 2.78 2.78 2.78 2.78 2.78 2.78 2.78 2.78 2.78 2.78 2.78 2.78 2.78 2.78 2.78 2.78 2.78 2.78 2.78 2.78 2.78 2.78 2.78 2.78 2.78 2.78 2.78 2.78 2.78 2.78 2.78 2.78 2.78 2.78 2.78 2.78 2.78 2.78 2.78 2.78 2.78 2.78 2.78 2.78 2.78 2.78 2.7 2.7 2.7 2.7 2.7 2.7 2.7 2.7 2.7 2.7 2.7 2.7 2.7 2.7 2.7 2.7 2.7 2.7 2.7 2.7 2.7 2.7 2.7 2.7 2.7 2.7 2.7 2.7 2.7 
4.22 4.22 4.22 4.22 4.22 4.22 4.22 4.22 4.22 4.22 4.22 2.78 2.78 2.78 2.78 2.78 2.78 2.78 2.78 2.78 2.78 2.78 2.78 2.78 2.78 2.78 2.78 2.78 2.78 2.78 2.78 2.78 2.78 2.78 2.78 2.78 2.78 2.78 2.78 2.78 2.78 2.78 2.78 2.78 2.78 2.78 2.78 2.78 2.78 2.78 2.78 2.78 2.78 2.78 2.78 2.78 2.78 2.78 2.78 2.78 2.78 2.78 2.78 2.78 2.78 2.78 2.78 2.78 2.78 2.78 2.78 2.7 2.7 2.7 2.7 2.7 2.7 2.7 2.7 2.7 2.7 2.7 2.7 2.7 2.7 2.7 2.7 2.7 2.7 2.7 2.7 2.7 2.7 2.7 2.7 2.7 2.7 2.7 2.7 2.7 
4.32 4.32 4.32 4.32 4.32 4.32 4.32 4.32 4.32 4.32 4.32 4.18 4.18 4.18 4.18 4.18 4.18 4.18 4.18 4.18 4.18 4.18 4.18 4.18 4.18 4.18 4.18 4.18 4.18 4.18 4.18 4.18 4.18 4.18 4.18 4.18 4.18 4.18 4.18 4.18 4.18 4.18 4.18 4.18 4.18 4.18 4.18 4.18 4.18 4.18 4.18 4.18 4.18 4.18 4.18 4.18 4.18 4.18 4.18 4.18 4.18 4.18 4.18 4.18 4.18 4.18 4.18 4.18 4.18 4.18 4.18 4.2 4.2 4.2 4.2 4.2 4.2 4.2 4.2 4.2 4.2 4.2 4.2 4.2 4.2 4.2 4.2 4.2 4.2 4.2 4.2 4.2 4.2 4.2 4.2 4.2 4.2 4.2 4.2 4.2 
4.32 4.32 4.32 4.32 4.32 4.32 4.32 4.32 4.32 4.32 4.32 4.18 4.18 4.18 4.18 4.18 4.18 4.18 4.18 4.18 4.18 4.18 4.18 4.18 4.18 4.18 4.18 4.18 4.18 4.18 4.18 4.18 4.18 4.18 4.18 4.18 4.18 4.18 4.18 4.18 4.18 4.18 4.18 4.18 4.18 4.18 4.18 4.18 4.18 4.18 4.18 4.18 4.18 4.18 4.18 4.18 4.18 4.18 4.18 4.18 4.18 4.18 4.18 4.18 4.18 4.18 4.18 4.18 4.18 4.18 4.18 4.2 4.2 4.2 4.2 4.2 4.2 4.2 4.2 4.2 4.2 4.2 4.2 4.2 4.2 4.2 4.2 4.2 4.2 4.2 4.2 4.2 4.2 4.2 4.2 4.2 4.2 4.2 4.2 4.2 
4.32 4.32 4.32 4.32 4.32 4.32 4.32 4.32 4.32 4.32 4.32 4.18 4.18 4.18 4.18 4.18 4.18 4.18 4.18 4.18 4.18 4.18 4.18 4.18 4.18 4.18 4.18 4.18 4.18 4.18 4.18 4.18 4.18 4.18 4.18 4.18 4.18 4.18 4.18 4.18 4.18 4.18 4.18 4.18 4.18 4.18 4.18 4.18 4.18 4.18 4.18 4.18 4.18 4.18 4.18 4.18 4.18 4.18 4.18 4.18 4.18 4.18 4.18 4.18 4.18 4.18 4.18 4.18 4.18 4.18 4.18 4.2 4.2 4.2 4.2 4.2 4.2 4.2 4.2 4.2 4.2 4.2 4.2 4.2 4.2 4.2 4.2 4.2 4.2 4.2 4.2 4.2 4.2 4.2 4.2 4.2 4.2 4.2 4.2 4.2 
4.32 4.32 4.32 4.32 4.32 4.32 4.32 4.32 4.32 4.32 4.32 4.18 4.18 4.18 4.18 4.18 4.18 4.18 4.18 4.18 4.18 4.18 4.18 4.18 4.18 4.18 4.18 4.18 4.18 4.18 4.18 4.18 4.18 4.18 4.18 4.18 4.18 4.18 4.18 4.18 4.18 4.18 4.18 4.18 4.18 4.18 4.18 4.18 4.18 4.18 4.18 4.18 4.18 4.18 4.18 4.18 4.18 4.18 4.18 4.18 4.18 4.18 4.18 4.18 4.18 4.18 4.18 4.18 4.18 4.18 4.18 4.2 4.2 4.2 4.2 4.2 4.2 4.2 4.2 4.2 4.2 4.2 4.2 4.2 4.2 4.2 4.2 4.2 4.2 4.2 4.2 4.2 4.2 4.2 4.2 4.2 4.2 4.2 4.2 4.2 
4.32 4.32 4.32 4.32 4.32 4.32 4.32 4.32 4.32 4.32 4.32 4.18 4.18 4.18 4.18 4.18 4.18 4.18 4.18 4.18 4.18 4.18 4.18 4.18 4.18 4.18 4.18 4.18 4.18 4.18 4.18 4.18 4.18 4.18 4.18 4.18 4.18 4.18 4.18 4.18 4.18 4.18 4.18 4.18 4.18 4.18 4.18 4.18 4.18 4.18 4.18 4.18 4.18 4.18 4.18 4.18 4.18 4.18 4.18 4.18 4.18 4.18 4.18 4.18 4.18 4.18 4.18 4.18 4.18 4.18 4.18 4.2 4.2 4.2 4.2 4.2 4.2 4.2 4.2 4.2 4.2 4.2 4.2 4.2 4.2 4.2 4.2 4.2 4.2 4.2 4.2 4.2 4.2 4.2 4.2 4.2 4.2 4.2 4.2 4.2 
4.32 4.32 4.32 4.32 4.32 4.32 4.32 4.32 4.32 4.32 4.32 4.18 4.18 4.18 4.18 4.18 4.18 4.18 4.18 4.18 4.18 4.18 4.18 4.18 4.18 4.18 4.18 4.18 4.18 4.18 4.18 4.18 4.18 4.18 4.18 4.18 4.18 4.18 4.18 4.18 4.18 4.18 4.18 4.18 4.18 4.18 4.18 4.18 4.18 4.18 4.18 4.18 4.18 4.18 4.18 4.18 4.18 4.18 4.18 4.18 4.18 4.18 4.18 4.18 4.18 4.18 4.18 4.18 4.18 4.18 4.18 4.2 4.2 4.2 4.2 4.2 4.2 4.2 4.2 4.2 4.2 4.2 4.2 4.2 4.2 4.2 4.2 4.2 4.2 4.2 4.2 4.2 4.2 4.2 4.2 4.2 4.2 4.2 4.2 4.2 
4.32 4.32 4.32 4.32 4.32 4.32 4.32 4.32 4.32 4.32 4.32 4.18 4.18 4.18 4.18 4.18 4.18 4.18 4.18 4.18 4.18 4.18 4.18 4.18 4.18 4.18 4.18 4.18 4.18 4.18 4.18 4.18 4.18 4.18 4.18 4.18 4.18 4.18 4.18 4.18 4.18 4.18 4.18 4.18 4.18 4.18 4.18 4.18 4.18 4.18 4.18 4.18 4.18 4.18 4.18 4.18 4.18 4.18 4.18 4.18 4.18 4.18 4.18 4.18 4.18 4.18 4.18 4.18 4.18 4.18 4.18 4.2 4.2 4.2 4.2 4.2 4.2 4.2 4.2 4.2 4.2 4.2 4.2 4.2 4.2 4.2 4.2 4.2 4.2 4.2 4.2 4.2 4.2 4.2 4.2 4.2 4.2 4.2 4.2 4.2 
4.32 4.32 4.32 4.32 4.32 4.32 4.32 4.32 4.32 4.32 4.32 4.18 4.18 4.18 4.18 4.18 4.18 4.18 4.18 4.18 4.18 4.18 4.18 4.18 4.18 4.18 4.18 4.18 4.18 4.18 4.18 4.18 4.18 4.18 4.18 4.18 4.18 4.18 4.18 4.18 4.18 4.18 4.18 4.18 4.18 4.18 4.18 4.18 4.18 4.18 4.18 4.18 4.18 4.18 4.18 4.18 4.18 4.18 4.18 4.18 4.18 4.18 4.18 4.18 4.18 4.18 4.18 4.18 4.18 4.18 4.18 4.2 4.2 4.2 4.2 4.2 4.2 4.2 4.2 4.2 4.2 4.2 4.2 4.2 4.2 4.2 4.2 4.2 4.2 4.2 4.2 4.2 4.2 4.2 4.2 4.2 4.2 4.2 4.2 4.2 
4.32 4.32 4.32 4.32 4.32 4.32 4.32 4.32 4.32 4.32 4.32 4.18 4.18 4.18 4.18 4.18 4.18 4.18 4.18 4.18 4.18 4.18 4.18 4.18 4.18 4.18 4.18 4.18 4.18 4.18 4.18 4.18 4.18 4.18 4.18 4.18 4.18 4.18 4.18 4.18 4.18 4.18 4.18 4.18 4.18 4.18 4.18 4.18 4.18 4.18 4.18 4.18 4.18 4.18 4.18 4.18 4.18 4.18 4.18 4.18 4.18 4.18 4.18 4.18 4.18 4.18 4.18 4.18 4.18 4.18 4.18 4.2 4.2 4.2 4.2 4.2 4.2 4.2 4.2 4.2 4.2 4.2 4.2 4.2 4.2 4.2 4.2 4.2 4.2 4.2 4.2 4.2 4.2 4.2 4.2 4.2 4.2 4.2 4.2 4.2 
4.32 4.32 4.32 4.32 4.32 4.32 4.32 4.32 4.32 4.32 4.32 4.18 4.18 4.18 4.18 4.18 4.18 4.18 4.18 4.18 4.18 4.18 4.18 4.18 4.18 4.18 4.18 4.18 4.18 4.18 4.18 4.18 4.18 4.18 4.18 4.18 4.18 4.18 4.18 4.18 4.18 4.18 4.18 4.18 4.18 4.18 4.18 4.18 4.18 4.18 4.18 4.18 4.18 4.18 4.18 4.18 4.18 4.18 4.18 4.18 4.18 4.18 4.18 4.18 4.18 4.18 4.18 4.18 4.18 4.18 4.18 4.2 4.2 4.2 4.2 4.2 4.2 4.2 4.2 4.2 4.2 4.2 4.2 4.2 4.2 4.2 4.2 4.2 4.2 4.2 4.2 4.2 4.2 4.2 4.2 4.2 4.2 4.2 4.2 4.2 
4.32 4.32 4.32 4.32 4.32 4.32 4.32 4.32 4.32 4.32 4.32 4.18 4.18 4.18 4.18 4.18 4.18 4.18 4.18 4.18 4.18 4.18 4.18 4.18 4.18 4.18 4.18 4.18 4.18 4.18 4.18 4.18 4.18 4.18 4.18 4.18 4.18 4.18 4.18 4.18 4.18 4.18 4.18 4.18 4.18 4.18 4.18 4.18 4.18 4.18 4.18 4.18 4.18 4.18 4.18 4.18 4.18 4.18 4.18 4.18 4.18 4.18 4.18 4.18 4.18 4.18 4.18 4.18 4.18 4.18 4.18 4.2 4.2 4.2 4.2 4.2 4.2 4.2 4.2 4.2 4.2 4.2 4.2 4.2 4.2 4.2 4.2 4.2 4.2 4.2 4.2 4.2 4.2 4.2 4.2 4.2 4.2 4.2 4.2 4.2 
4.32 4.32 4.32 4.32 4.32 4.32 4.32 4.32 4.32 4.32 4.32 4.18 4.18 4.18 4.18 4.18 4.18 4.18 4.18 4.18 4.18 4.18 4.18 4.18 4.18 4.18 4.18 4.18 4.18 4.18 4.18 4.18 4.18 4.18 4.18 4.18 4.18 4.18 4.18 4.18 4.18 4.18 4.18 4.18 4.18 4.18 4.18 4.18 4.18 4.18 4.18 4.18 4.18 4.18 4.18 4.18 4.18 4.18 4.18 4.18 4.18 4.18 4.18 4.18 4.18 4.18 4.18 4.18 4.18 4.18 4.18 4.2 4.2 4.2 4.2 4.2 4.2 4.2 4.2 4.2 4.2 4.2 4.2 4.2 4.2 4.2 4.2 4.2 4.2 4.2 4.2 4.2 4.2 4.2 4.2 4.2 4.2 4.2 4.2 4.2 
4.32 4.32 4.32 4.32 4.32 4.32 4.32 4.32 4.32 4.32 4.32 4.18 4.18 4.18 4.18 4.18 4.18 4.18 4.18 4.18 4.18 4.18 4.18 4.18 4.18 4.18 4.18 4.18 4.18 4.18 4.18 4.18 4.18 4.18 4.18 4.18 4.18 4.18 4.18 4.18 4.18 4.18 4.18 4.18 4.18 4.18 4.18 4.18 4.18 4.18 4.18 4.18 4.18 4.18 4.18 4.18 4.18 4.18 4.18 4.18 4.18 4.18 4.18 4.18 4.18 4.18 4.18 4.18 4.18 4.18 4.18 4.2 4.2 4.2 4.2 4.2 4.2 4.2 4.2 4.2 4.2 4.2 4.2 4.2 4.2 4.2 4.2 4.2 4.2 4.2 4.2 4.2 4.2 4.2 4.2 4.2 4.2 4.2 4.2 4.2 
4.32 4.32 4.32 4.32 4.32 4.32 4.32 4.32 4.32 4.32 4.32 4.18 4.18 4.18 4.18 4.18 4.18 4.18 4.18 4.18 4.18 4.18 4.18 4.18 4.18 4.18 4.18 4.18 4.18 4.18 4.18 4.18 4.18 4.18 4.18 4.18 4.18 4.18 4.18 4.18 4.18 4.18 4.18 4.18 4.18 4.18 4.18 4.18 4.18 4.18 4.18 4.18 4.18 4.18 4.18 4.18 4.18 4.18 4.18 4.18 4.18 4.18 4.18 4.18 4.18 4.18 4.18 4.18 4.18 4.18 4.18 4.2 4.2 4.2 4.2 4.2 4.2 4.2 4.2 4.2 4.2 4.2 4.2 4.2 4.2 4.2 4.2 4.2 4.2 4.2 4.2 4.2 4.2 4.2 4.2 4.2 4.2 4.2 4.2 4.2 
4.32 4.32 4.32 4.32 4.32 4.32 4.32 4.32 4.32 4.32 4.32 4.18 4.18 4.18 4.18 4.18 4.18 4.18 4.18 4.18 4.18 4.18 4.18 4.18 4.18 4.18 4.18 4.18 4.18 4.18 4.18 4.18 4.18 4.18 4.18 4.18 4.18 4.18 4.18 4.18 4.18 4.18 4.18 4.18 4.18 4.18 4.18 4.18 4.18 4.18 4.18 4.18 4.18 4.18 4.18 4.18 4.18 4.18 4.18 4.18 4.18 4.18 4.18 4.18 4.18 4.18 4.18 4.18 4.18 4.18 4.18 4.2 4.2 4.2 4.2 4.2 4.2 4.2 4.2 4.2 4.2 4.2 4.2 4.2 4.2 4.2 4.2 4.2 4.2 4.2 4.2 4.2 4.2 4.2 4.2 4.2 4.2 4.2 4.2 4.2 
4.32 4.32 4.32 4.32 4.32 4.32 4.32 4.32 4.32 4.32 4.32 4.18 4.18 4.18 4.18 4.18 4.18 4.18 4.18 4.18 4.18 4.18 4.18 4.18 4.18 4.18 4.18 4.18 4.18 4.18 4.18 4.18 4.18 4.18 4.18 4.18 4.18 4.18 4.18 4.18 4.18 4.18 4.18 4.18 4.18 4.18 4.18 4.18 4.18 4.18 4.18 4.18 4.18 4.18 4.18 4.18 4.18 4.18 4.18 4.18 4.18 4.18 4.18 4.18 4.18 4.18 4.18 4.18 4.18 4.18 4.18 4.2 4.2 4.2 4.2 4.2 4.2 4.2 4.2 4.2 4.2 4.2 4.2 4.2 4.2 4.2 4.2 4.2 4.2 4.2 4.2 4.2 4.2 4.2 4.2 4.2 4.2 4.2 4.2 4.2 
4.32 4.32 4.32 4.32 4.32 4.32 4.32 4.32 4.32 4.32 4.32 4.18 4.18 4.18 4.18 4.18 4.18 4.18 4.18 4.18 4.18 4.18 4.18 4.18 4.18 4.18 4.18 4.18 4.18 4.18 4.18 4.18 4.18 4.18 4.18 4.18 4.18 4.18 4.18 4.18 4.18 4.18 4.18 4.18 4.18 4.18 4.18 4.18 4.18 4.18 4.18 4.18 4.18 4.18 4.18 4.18 4.18 4.18 4.18 4.18 4.18 4.18 4.18 4.18 4.18 4.18 4.18 4.18 4.18 4.18 4.18 4.2 4.2 4.2 4.2 4.2 4.2 4.2 4.2 4.2 4.2 4.2 4.2 4.2 4.2 4.2 4.2 4.2 4.2 4.2 4.2 4.2 4.2 4.2 4.2 4.2 4.2 4.2 4.2 4.2 
4.32 4.32 4.32 4.32 4.32 4.32 4.32 4.32 4.32 4.32 4.32 4.18 4.18 4.18 4.18 4.18 4.18 4.18 4.18 4.18 4.18 4.18 4.18 4.18 4.18 4.18 4.18 4.18 4.18 4.18 4.18 4.18 4.18 4.18 4.18 4.18 4.18 4.18 4.18 4.18 4.18 4.18 4.18 4.18 4.18 4.18 4.18 4.18 4.18 4.18 4.18 4.18 4.18 4.18 4.18 4.18 4.18 4.18 4.18 4.18 4.18 4.18 4.18 4.18 4.18 4.18 4.18 4.18 4.18 4.18 4.18 4.2 4.2 4.2 4.2 4.2 4.2 4.2 4.2 4.2 4.2 4.2 4.2 4.2 4.2 4.2 4.2 4.2 4.2 4.2 4.2 4.2 4.2 4.2 4.2 4.2 4.2 4.2 4.2 4.2 
4.32 4.32 4.32 4.32 4.32 4.32 4.32 4.32 4.32 4.32 4.32 4.18 4.18 4.18 4.18 4.18 4.18 4.18 4.18 4.18 4.18 4.18 4.18 4.18 4.18 4.18 4.18 4.18 4.18 4.18 4.18 4.18 4.18 4.18 4.18 4.18 4.18 4.18 4.18 4.18 4.18 4.18 4.18 4.18 4.18 4.18 4.18 4.18 4.18 4.18 4.18 4.18 4.18 4.18 4.18 4.18 4.18 4.18 4.18 4.18 4.18 4.18 4.18 4.18 4.18 4.18 4.18 4.18 4.18 4.18 4.18 4.2 4.2 4.2 4.2 4.2 4.2 4.2 4.2 4.2 4.2 4.2 4.2 4.2 4.2 4.2 4.2 4.2 4.2 4.2 4.2 4.2 4.2 4.2 4.2 4.2 4.2 4.2 4.2 4.2 
4.32 4.32 4.32 4.32 4.32 4.32 4.32 4.32 4.32 4.32 4.32 4.18 4.18 4.18 4.18 4.18 4.18 4.18 4.18 4.18 4.18 4.18 4.18 4.18 4.18 4.18 4.18 4.18 4.18 4.18 4.18 4.18 4.18 4.18 4.18 4.18 4.18 4.18 4.18 4.18 4.18 4.18 4.18 4.18 4.18 4.18 4.18 4.18 4.18 4.18 4.18 4.18 4.18 4.18 4.18 4.18 4.18 4.18 4.18 4.18 4.18 4.18 4.18 4.18 4.18 4.18 4.18 4.18 4.18 4.18 4.18 4.2 4.2 4.2 4.2 4.2 4.2 4.2 4.2 4.2 4.2 4.2 4.2 4.2 4.2 4.2 4.2 4.2 4.2 4.2 4.2 4.2 4.2 4.2 4.2 4.2 4.2 4.2 4.2 4.2 
4.32 4.32 4.32 4.32 4.32 4.32 4.32 4.32 4.32 4.32 4.32 4.18 4.18 4.18 4.18 4.18 4.18 4.18 4.18 4.18 4.18 4.18 4.18 4.18 4.18 4.18 4.18 4.18 4.18 4.18 4.18 4.18 4.18 4.18 4.18 4.18 4.18 4.18 4.18 4.18 4.18 4.18 4.18 4.18 4.18 4.18 4.18 4.18 4.18 4.18 4.18 4.18 4.18 4.18 4.18 4.18 4.18 4.18 4.18 4.18 4.18 4.18 4.18 4.18 4.18 4.18 4.18 4.18 4.18 4.18 4.18 4.2 4.2 4.2 4.2 4.2 4.2 4.2 4.2 4.2 4.2 4.2 4.2 4.2 4.2 4.2 4.2 4.2 4.2 4.2 4.2 4.2 4.2 4.2 4.2 4.2 4.2 4.2 4.2 4.2 
4.32 4.32 4.32 4.32 4.32 4.32 4.32 4.32 4.32 4.32 4.32 4.18 4.18 4.18 4.18 4.18 4.18 4.18 4.18 4.18 4.18 4.18 4.18 4.18 4.18 4.18 4.18 4.18 4.18 4.18 4.18 4.18 4.18 4.18 4.18 4.18 4.18 4.18 4.18 4.18 4.18 4.18 4.18 4.18 4.18 4.18 4.18 4.18 4.18 4.18 4.18 4.18 4.18 4.18 4.18 4.18 4.18 4.18 4.18 4.18 4.18 4.18 4.18 4.18 4.18 4.18 4.18 4.18 4.18 4.18 4.18 4.2 4.2 4.2 4.2 4.2 4.2 4.2 4.2 4.2 4.2 4.2 4.2 4.2 4.2 4.2 4.2 4.2 4.2 4.2 4.2 4.2 4.2 4.2 4.2 4.2 4.2 4.2 4.2 4.2 
4.32 4.32 4.32 4.32 4.32 4.32 4.32 4.32 4.32 4.32 4.32 4.18 4.18 4.18 4.18 4.18 4.18 4.18 4.18 4.18 4.18 4.18 4.18 4.18 4.18 4.18 4.18 4.18 4.18 4.18 4.18 4.18 4.18 4.18 4.18 4.18 4.18 4.18 4.18 4.18 4.18 4.18 4.18 4.18 4.18 4.18 4.18 4.18 4.18 4.18 4.18 4.18 4.18 4.18 4.18 4.18 4.18 4.18 4.18 4.18 4.18 4.18 4.18 4.18 4.18 4.18 4.18 4.18 4.18 4.18 4.18 4.2 4.2 4.2 4.2 4.2 4.2 4.2 4.2 4.2 4.2 4.2 4.2 4.2 4.2 4.2 4.2 4.2 4.2 4.2 4.2 4.2 4.2 4.2 4.2 4.2 4.2 4.2 4.2 4.2 
4.32 4.32 4.32 4.32 4.32 4.32 4.32 4.32 4.32 4.32 4.32 4.18 4.18 4.18 4.18 4.18 4.18 4.18 4.18 4.18 4.18 4.18 4.18 4.18 4.18 4.18 4.18 4.18 4.18 4.18 4.18 4.18 4.18 4.18 4.18 4.18 4.18 4.18 4.18 4.18 4.18 4.18 4.18 4.18 4.18 4.18 4.18 4.18 4.18 4.18 4.18 4.18 4.18 4.18 4.18 4.18 4.18 4.18 4.18 4.18 4.18 4.18 4.18 4.18 4.18 4.18 4.18 4.18 4.18 4.18 4.18 4.2 4.2 4.2 4.2 4.2 4.2 4.2 4.2 4.2 4.2 4.2 4.2 4.2 4.2 4.2 4.2 4.2 4.2 4.2 4.2 4.2 4.2 4.2 4.2 4.2 4.2 4.2 4.2 4.2 
4.32 4.32 4.32 4.32 4.32 4.32 4.32 4.32 4.32 4.32 4.32 4.18 4.18 4.18 4.18 4.18 4.18 4.18 4.18 4.18 4.18 4.18 4.18 4.18 4.18 4.18 4.18 4.18 4.18 4.18 4.18 4.18 4.18 4.18 4.18 4.18 4.18 4.18 4.18 4.18 4.18 4.18 4.18 4.18 4.18 4.18 4.18 4.18 4.18 4.18 4.18 4.18 4.18 4.18 4.18 4.18 4.18 4.18 4.18 4.18 4.18 4.18 4.18 4.18 4.18 4.18 4.18 4.18 4.18 4.18 4.18 4.2 4.2 4.2 4.2 4.2 4.2 4.2 4.2 4.2 4.2 4.2 4.2 4.2 4.2 4.2 4.2 4.2 4.2 4.2 4.2 4.2 4.2 4.2 4.2 4.2 4.2 4.2 4.2 4.2 
4.32 4.32 4.32 4.32 4.32 4.32 4.32 4.32 4.32 4.32 4.32 4.18 4.18 4.18 4.18 4.18 4.18 4.18 4.18 4.18 4.18 4.18 4.18 4.18 4.18 4.18 4.18 4.18 4.18 4.18 4.18 4.18 4.18 4.18 4.18 4.18 4.18 4.18 4.18 4.18 4.18 4.18 4.18 4.18 4.18 4.18 4.18 4.18 4.18 4.18 4.18 4.18 4.18 4.18 4.18 4.18 4.18 4.18 4.18 4.18 4.18 4.18 4.18 4.18 4.18 4.18 4.18 4.18 4.18 4.18 4.18 4.2 4.2 4.2 4.2 4.2 4.2 4.2 4.2 4.2 4.2 4.2 4.2 4.2 4.2 4.2 4.2 4.2 4.2 4.2 4.2 4.2 4.2 4.2 4.2 4.2 4.2 4.2 4.2 4.2 
4.32 4.32 4.32 4.32 4.32 4.32 4.32 4.32 4.32 4.32 4.32 4.18 4.18 4.18 4.18 4.18 4.18 4.18 4.18 4.18 4.18 4.18 4.18 4.18 4.18 4.18 4.18 4.18 4.18 4.18 4.18 4.18 4.18 4.18 4.18 4.18 4.18 4.18 4.18 4.18 4.18 4.18 4.18 4.18 4.18 4.18 4.18 4.18 4.18 4.18 4.18 4.18 4.18 4.18 4.18 4.18 4.18 4.18 4.18 4.18 4.18 4.18 4.18 4.18 4.18 4.18 4.18 4.18 4.18 4.18 4.18 4.2 4.2 4.2 4.2 4.2 4.2 4.2 4.2 4.2 4.2 4.2 4.2 4.2 4.2 4.2 4.2 4.2 4.2 4.2 4.2 4.2 4.2 4.2 4.2 4.2 4.2 4.2 4.2 4.2 
4.32 4.32 4.32 4.32 4.32 4.32 4.32 4.32 4.32 4.32 4.32 4.18 4.18 4.18 4.18 4.18 4.18 4.18 4.18 4.18 4.18 4.18 4.18 4.18 4.18 4.18 4.18 4.18 4.18 4.18 4.18 4.18 4.18 4.18 4.18 4.18 4.18 4.18 4.18 4.18 4.18 4.18 4.18 4.18 4.18 4.18 4.18 4.18 4.18 4.18 4.18 4.18 4.18 4.18 4.18 4.18 4.18 4.18 4.18 4.18 4.18 4.18 4.18 4.18 4.18 4.18 4.18 4.18 4.18 4.18 4.18 4.2 4.2 4.2 4.2 4.2 4.2 4.2 4.2 4.2 4.2 4.2 4.2 4.2 4.2 4.2 4.2 4.2 4.2 4.2 4.2 4.2 4.2 4.2 4.2 4.2 4.2 4.2 4.2 4.2 
4.32 4.32 4.32 4.32 4.32 4.32 4.32 4.32 4.32 4.32 4.32 4.18 4.18 4.18 4.18 4.18 4.18 4.18 4.18 4.18 4.18 4.18 4.18 4.18 4.18 4.18 4.18 4.18 4.18 4.18 4.18 4.18 4.18 4.18 4.18 4.18 4.18 4.18 4.18 4.18 4.18 4.18 4.18 4.18 4.18 4.18 4.18 4.18 4.18 4.18 4.18 4.18 4.18 4.18 4.18 4.18 4.18 4.18 4.18 4.18 4.18 4.18 4.18 4.18 4.18 4.18 4.18 4.18 4.18 4.18 4.18 4.2 4.2 4.2 4.2 4.2 4.2 4.2 4.2 4.2 4.2 4.2 4.2 4.2 4.2 4.2 4.2 4.2 4.2 4.2 4.2 4.2 4.2 4.2 4.2 4.2 4.2 4.2 4.2 4.2 
4.32 4.32 4.32 4.32 4.32 4.32 4.32 4.32 4.32 4.32 4.32 4.18 4.18 4.18 4.18 4.18 4.18 4.18 4.18 4.18 4.18 4.18 4.18 4.18 4.18 4.18 4.18 4.18 4.18 4.18 4.18 4.18 4.18 4.18 4.18 4.18 4.18 4.18 4.18 4.18 4.18 4.18 4.18 4.18 4.18 4.18 4.18 4.18 4.18 4.18 4.18 4.18 4.18 4.18 4.18 4.18 4.18 4.18 4.18 4.18 4.18 4.18 4.18 4.18 4.18 4.18 4.18 4.18 4.18 4.18 4.18 4.2 4.2 4.2 4.2 4.2 4.2 4.2 4.2 4.2 4.2 4.2 4.2 4.2 4.2 4.2 4.2 4.2 4.2 4.2 4.2 4.2 4.2 4.2 4.2 4.2 4.2 4.2 4.2 4.2 
4.32 4.32 4.32 4.32 4.32 4.32 4.32 4.32 4.32 4.32 4.32 4.18 4.18 4.18 4.18 4.18 4.18 4.18 4.18 4.18 4.18 4.18 4.18 4.18 4.18 4.18 4.18 4.18 4.18 4.18 4.18 4.18 4.18 4.18 4.18 4.18 4.18 4.18 4.18 4.18 4.18 4.18 4.18 4.18 4.18 4.18 4.18 4.18 4.18 4.18 4.18 4.18 4.18 4.18 4.18 4.18 4.18 4.18 4.18 4.18 4.18 4.18 4.18 4.18 4.18 4.18 4.18 4.18 4.18 4.18 4.18 4.2 4.2 4.2 4.2 4.2 4.2 4.2 4.2 4.2 4.2 4.2 4.2 4.2 4.2 4.2 4.2 4.2 4.2 4.2 4.2 4.2 4.2 4.2 4.2 4.2 4.2 4.2 4.2 4.2 
4.32 4.32 4.32 4.32 4.32 4.32 4.32 4.32 4.32 4.32 4.32 4.18 4.18 4.18 4.18 4.18 4.18 4.18 4.18 4.18 4.18 4.18 4.18 4.18 4.18 4.18 4.18 4.18 4.18 4.18 4.18 4.18 4.18 4.18 4.18 4.18 4.18 4.18 4.18 4.18 4.18 4.18 4.18 4.18 4.18 4.18 4.18 4.18 4.18 4.18 4.18 4.18 4.18 4.18 4.18 4.18 4.18 4.18 4.18 4.18 4.18 4.18 4.18 4.18 4.18 4.18 4.18 4.18 4.18 4.18 4.18 4.2 4.2 4.2 4.2 4.2 4.2 4.2 4.2 4.2 4.2 4.2 4.2 4.2 4.2 4.2 4.2 4.2 4.2 4.2 4.2 4.2 4.2 4.2 4.2 4.2 4.2 4.2 4.2 4.2 
4.32 4.32 4.32 4.32 4.32 4.32 4.32 4.32 4.32 4.32 4.32 4.18 4.18 4.18 4.18 4.18 4.18 4.18 4.18 4.18 4.18 4.18 4.18 4.18 4.18 4.18 4.18 4.18 4.18 4.18 4.18 4.18 4.18 4.18 4.18 4.18 4.18 4.18 4.18 4.18 4.18 4.18 4.18 4.18 4.18 4.18 4.18 4.18 4.18 4.18 4.18 4.18 4.18 4.18 4.18 4.18 4.18 4.18 4.18 4.18 4.18 4.18 4.18 4.18 4.18 4.18 4.18 4.18 4.18 4.18 4.18 4.2 4.2 4.2 4.2 4.2 4.2 4.2 4.2 4.2 4.2 4.2 4.2 4.2 4.2 4.2 4.2 4.2 4.2 4.2 4.2 4.2 4.2 4.2 4.2 4.2 4.2 4.2 4.2 4.2 
4.32 4.32 4.32 4.32 4.32 4.32 4.32 4.32 4.32 4.32 4.32 4.18 4.18 4.18 4.18 4.18 4.18 4.18 4.18 4.18 4.18 4.18 4.18 4.18 4.18 4.18 4.18 4.18 4.18 4.18 4.18 4.18 4.18 4.18 4.18 4.18 4.18 4.18 4.18 4.18 4.18 4.18 4.18 4.18 4.18 4.18 4.18 4.18 4.18 4.18 4.18 4.18 4.18 4.18 4.18 4.18 4.18 4.18 4.18 4.18 4.18 4.18 4.18 4.18 4.18 4.18 4.18 4.18 4.18 4.18 4.18 4.2 4.2 4.2 4.2 4.2 4.2 4.2 4.2 4.2 4.2 4.2 4.2 4.2 4.2 4.2 4.2 4.2 4.2 4.2 4.2 4.2 4.2 4.2 4.2 4.2 4.2 4.2 4.2 4.2 
4.32 4.32 4.32 4.32 4.32 4.32 4.32 4.32 4.32 4.32 4.32 4.18 4.18 4.18 4.18 4.18 4.18 4.18 4.18 4.18 4.18 4.18 4.18 4.18 4.18 4.18 4.18 4.18 4.18 4.18 4.18 4.18 4.18 4.18 4.18 4.18 4.18 4.18 4.18 4.18 4.18 4.18 4.18 4.18 4.18 4.18 4.18 4.18 4.18 4.18 4.18 4.18 4.18 4.18 4.18 4.18 4.18 4.18 4.18 4.18 4.18 4.18 4.18 4.18 4.18 4.18 4.18 4.18 4.18 4.18 4.18 4.2 4.2 4.2 4.2 4.2 4.2 4.2 4.2 4.2 4.2 4.2 4.2 4.2 4.2 4.2 4.2 4.2 4.2 4.2 4.2 4.2 4.2 4.2 4.2 4.2 4.2 4.2 4.2 4.2 
4.32 4.32 4.32 4.32 4.32 4.32 4.32 4.32 4.32 4.32 4.32 4.18 4.18 4.18 4.18 4.18 4.18 4.18 4.18 4.18 4.18 4.18 4.18 4.18 4.18 4.18 4.18 4.18 4.18 4.18 4.18 4.18 4.18 4.18 4.18 4.18 4.18 4.18 4.18 4.18 4.18 4.18 4.18 4.18 4.18 4.18 4.18 4.18 4.18 4.18 4.18 4.18 4.18 4.18 4.18 4.18 4.18 4.18 4.18 4.18 4.18 4.18 4.18 4.18 4.18 4.18 4.18 4.18 4.18 4.18 4.18 4.2 4.2 4.2 4.2 4.2 4.2 4.2 4.2 4.2 4.2 4.2 4.2 4.2 4.2 4.2 4.2 4.2 4.2 4.2 4.2 4.2 4.2 4.2 4.2 4.2 4.2 4.2 4.2 4.2 
4.32 4.32 4.32 4.32 4.32 4.32 4.32 4.32 4.32 4.32 4.32 4.18 4.18 4.18 4.18 4.18 4.18 4.18 4.18 4.18 4.18 4.18 4.18 4.18 4.18 4.18 4.18 4.18 4.18 4.18 4.18 4.18 4.18 4.18 4.18 4.18 4.18 4.18 4.18 4.18 4.18 4.18 4.18 4.18 4.18 4.18 4.18 4.18 4.18 4.18 4.18 4.18 4.18 4.18 4.18 4.18 4.18 4.18 4.18 4.18 4.18 4.18 4.18 4.18 4.18 4.18 4.18 4.18 4.18 4.18 4.18 4.2 4.2 4.2 4.2 4.2 4.2 4.2 4.2 4.2 4.2 4.2 4.2 4.2 4.2 4.2 4.2 4.2 4.2 4.2 4.2 4.2 4.2 4.2 4.2 4.2 4.2 4.2 4.2 4.2 
4.32 4.32 4.32 4.32 4.32 4.32 4.32 4.32 4.32 4.32 4.32 4.18 4.18 4.18 4.18 4.18 4.18 4.18 4.18 4.18 4.18 4.18 4.18 4.18 4.18 4.18 4.18 4.18 4.18 4.18 4.18 4.18 4.18 4.18 4.18 4.18 4.18 4.18 4.18 4.18 4.18 4.18 4.18 4.18 4.18 4.18 4.18 4.18 4.18 4.18 4.18 4.18 4.18 4.18 4.18 4.18 4.18 4.18 4.18 4.18 4.18 4.18 4.18 4.18 4.18 4.18 4.18 4.18 4.18 4.18 4.18 4.2 4.2 4.2 4.2 4.2 4.2 4.2 4.2 4.2 4.2 4.2 4.2 4.2 4.2 4.2 4.2 4.2 4.2 4.2 4.2 4.2 4.2 4.2 4.2 4.2 4.2 4.2 4.2 4.2 
4.32 4.32 4.32 4.32 4.32 4.32 4.32 4.32 4.32 4.32 4.32 4.18 4.18 4.18 4.18 4.18 4.18 4.18 4.18 4.18 4.18 4.18 4.18 4.18 4.18 4.18 4.18 4.18 4.18 4.18 4.18 4.18 4.18 4.18 4.18 4.18 4.18 4.18 4.18 4.18 4.18 4.18 4.18 4.18 4.18 4.18 4.18 4.18 4.18 4.18 4.18 4.18 4.18 4.18 4.18 4.18 4.18 4.18 4.18 4.18 4.18 4.18 4.18 4.18 4.18 4.18 4.18 4.18 4.18 4.18 4.18 4.2 4.2 4.2 4.2 4.2 4.2 4.2 4.2 4.2 4.2 4.2 4.2 4.2 4.2 4.2 4.2 4.2 4.2 4.2 4.2 4.2 4.2 4.2 4.2 4.2 4.2 4.2 4.2 4.2 
4.32 4.32 4.32 4.32 4.32 4.32 4.32 4.32 4.32 4.32 4.32 4.18 4.18 4.18 4.18 4.18 4.18 4.18 4.18 4.18 4.18 4.18 4.18 4.18 4.18 4.18 4.18 4.18 4.18 4.18 4.18 4.18 4.18 4.18 4.18 4.18 4.18 4.18 4.18 4.18 4.18 4.18 4.18 4.18 4.18 4.18 4.18 4.18 4.18 4.18 4.18 4.18 4.18 4.18 4.18 4.18 4.18 4.18 4.18 4.18 4.18 4.18 4.18 4.18 4.18 4.18 4.18 4.18 4.18 4.18 4.18 4.2 4.2 4.2 4.2 4.2 4.2 4.2 4.2 4.2 4.2 4.2 4.2 4.2 4.2 4.2 4.2 4.2 4.2 4.2 4.2 4.2 4.2 4.2 4.2 4.2 4.2 4.2 4.2 4.2 
4.32 4.32 4.32 4.32 4.32 4.32 4.32 4.32 4.32 4.32 4.32 4.18 4.18 4.18 4.18 4.18 4.18 4.18 4.18 4.18 4.18 4.18 4.18 4.18 4.18 4.18 4.18 4.18 4.18 4.18 4.18 4.18 4.18 4.18 4.18 4.18 4.18 4.18 4.18 4.18 4.18 4.18 4.18 4.18 4.18 4.18 4.18 4.18 4.18 4.18 4.18 4.18 4.18 4.18 4.18 4.18 4.18 4.18 4.18 4.18 4.18 4.18 4.18 4.18 4.18 4.18 4.18 4.18 4.18 4.18 4.18 4.2 4.2 4.2 4.2 4.2 4.2 4.2 4.2 4.2 4.2 4.2 4.2 4.2 4.2 4.2 4.2 4.2 4.2 4.2 4.2 4.2 4.2 4.2 4.2 4.2 4.2 4.2 4.2 4.2 
4.32 4.32 4.32 4.32 4.32 4.32 4.32 4.32 4.32 4.32 4.32 4.18 4.18 4.18 4.18 4.18 4.18 4.18 4.18 4.18 4.18 4.18 4.18 4.18 4.18 4.18 4.18 4.18 4.18 4.18 4.18 4.18 4.18 4.18 4.18 4.18 4.18 4.18 4.18 4.18 4.18 4.18 4.18 4.18 4.18 4.18 4.18 4.18 4.18 4.18 4.18 4.18 4.18 4.18 4.18 4.18 4.18 4.18 4.18 4.18 4.18 4.18 4.18 4.18 4.18 4.18 4.18 4.18 4.18 4.18 4.18 4.2 4.2 4.2 4.2 4.2 4.2 4.2 4.2 4.2 4.2 4.2 4.2 4.2 4.2 4.2 4.2 4.2 4.2 4.2 4.2 4.2 4.2 4.2 4.2 4.2 4.2 4.2 4.2 4.2 
4.32 4.32 4.32 4.32 4.32 4.32 4.32 4.32 4.32 4.32 4.32 4.18 4.18 4.18 4.18 4.18 4.18 4.18 4.18 4.18 4.18 4.18 4.18 4.18 4.18 4.18 4.18 4.18 4.18 4.18 4.18 4.18 4.18 4.18 4.18 4.18 4.18 4.18 4.18 4.18 4.18 4.18 4.18 4.18 4.18 4.18 4.18 4.18 4.18 4.18 4.18 4.18 4.18 4.18 4.18 4.18 4.18 4.18 4.18 4.18 4.18 4.18 4.18 4.18 4.18 4.18 4.18 4.18 4.18 4.18 4.18 4.2 4.2 4.2 4.2 4.2 4.2 4.2 4.2 4.2 4.2 4.2 4.2 4.2 4.2 4.2 4.2 4.2 4.2 4.2 4.2 4.2 4.2 4.2 4.2 4.2 4.2 4.2 4.2 4.2 
4.32 4.32 4.32 4.32 4.32 4.32 4.32 4.32 4.32 4.32 4.32 4.18 4.18 4.18 4.18 4.18 4.18 4.18 4.18 4.18 4.18 4.18 4.18 4.18 4.18 4.18 4.18 4.18 4.18 4.18 4.18 4.18 4.18 4.18 4.18 4.18 4.18 4.18 4.18 4.18 4.18 4.18 4.18 4.18 4.18 4.18 4.18 4.18 4.18 4.18 4.18 4.18 4.18 4.18 4.18 4.18 4.18 4.18 4.18 4.18 4.18 4.18 4.18 4.18 4.18 4.18 4.18 4.18 4.18 4.18 4.18 4.2 4.2 4.2 4.2 4.2 4.2 4.2 4.2 4.2 4.2 4.2 4.2 4.2 4.2 4.2 4.2 4.2 4.2 4.2 4.2 4.2 4.2 4.2 4.2 4.2 4.2 4.2 4.2 4.2 
4.32 4.32 4.32 4.32 4.32 4.32 4.32 4.32 4.32 4.32 4.32 4.18 4.18 4.18 4.18 4.18 4.18 4.18 4.18 4.18 4.18 4.18 4.18 4.18 4.18 4.18 4.18 4.18 4.18 4.18 4.18 4.18 4.18 4.18 4.18 4.18 4.18 4.18 4.18 4.18 4.18 4.18 4.18 4.18 4.18 4.18 4.18 4.18 4.18 4.18 4.18 4.18 4.18 4.18 4.18 4.18 4.18 4.18 4.18 4.18 4.18 4.18 4.18 4.18 4.18 4.18 4.18 4.18 4.18 4.18 4.18 4.2 4.2 4.2 4.2 4.2 4.2 4.2 4.2 4.2 4.2 4.2 4.2 4.2 4.2 4.2 4.2 4.2 4.2 4.2 4.2 4.2 4.2 4.2 4.2 4.2 4.2 4.2 4.2 4.2 
4.32 4.32 4.32 4.32 4.32 4.32 4.32 4.32 4.32 4.32 4.32 4.18 4.18 4.18 4.18 4.18 4.18 4.18 4.18 4.18 4.18 4.18 4.18 4.18 4.18 4.18 4.18 4.18 4.18 4.18 4.18 4.18 4.18 4.18 4.18 4.18 4.18 4.18 4.18 4.18 4.18 4.18 4.18 4.18 4.18 4.18 4.18 4.18 4.18 4.18 4.18 4.18 4.18 4.18 4.18 4.18 4.18 4.18 4.18 4.18 4.18 4.18 4.18 4.18 4.18 4.18 4.18 4.18 4.18 4.18 4.18 4.2 4.2 4.2 4.2 4.2 4.2 4.2 4.2 4.2 4.2 4.2 4.2 4.2 4.2 4.2 4.2 4.2 4.2 4.2 4.2 4.2 4.2 4.2 4.2 4.2 4.2 4.2 4.2 4.2 
4.32 4.32 4.32 4.32 4.32 4.32 4.32 4.32 4.32 4.32 4.32 4.18 4.18 4.18 4.18 4.18 4.18 4.18 4.18 4.18 4.18 4.18 4.18 4.18 4.18 4.18 4.18 4.18 4.18 4.18 4.18 4.18 4.18 4.18 4.18 4.18 4.18 4.18 4.18 4.18 4.18 4.18 4.18 4.18 4.18 4.18 4.18 4.18 4.18 4.18 4.18 4.18 4.18 4.18 4.18 4.18 4.18 4.18 4.18 4.18 4.18 4.18 4.18 4.18 4.18 4.18 4.18 4.18 4.18 4.18 4.18 4.2 4.2 4.2 4.2 4.2 4.2 4.2 4.2 4.2 4.2 4.2 4.2 4.2 4.2 4.2 4.2 4.2 4.2 4.2 4.2 4.2 4.2 4.2 4.2 4.2 4.2 4.2 4.2 4.2 
4.32 4.32 4.32 4.32 4.32 4.32 4.32 4.32 4.32 4.32 4.32 4.18 4.18 4.18 4.18 4.18 4.18 4.18 4.18 4.18 4.18 4.18 4.18 4.18 4.18 4.18 4.18 4.18 4.18 4.18 4.18 4.18 4.18 4.18 4.18 4.18 4.18 4.18 4.18 4.18 4.18 4.18 4.18 4.18 4.18 4.18 4.18 4.18 4.18 4.18 4.18 4.18 4.18 4.18 4.18 4.18 4.18 4.18 4.18 4.18 4.18 4.18 4.18 4.18 4.18 4.18 4.18 4.18 4.18 4.18 4.18 4.2 4.2 4.2 4.2 4.2 4.2 4.2 4.2 4.2 4.2 4.2 4.2 4.2 4.2 4.2 4.2 4.2 4.2 4.2 4.2 4.2 4.2 4.2 4.2 4.2 4.2 4.2 4.2 4.2 
4.32 4.32 4.32 4.32 4.32 4.32 4.32 4.32 4.32 4.32 4.32 4.18 4.18 4.18 4.18 4.18 4.18 4.18 4.18 4.18 4.18 4.18 4.18 4.18 4.18 4.18 4.18 4.18 4.18 4.18 4.18 4.18 4.18 4.18 4.18 4.18 4.18 4.18 4.18 4.18 4.18 4.18 4.18 4.18 4.18 4.18 4.18 4.18 4.18 4.18 4.18 4.18 4.18 4.18 4.18 4.18 4.18 4.18 4.18 4.18 4.18 4.18 4.18 4.18 4.18 4.18 4.18 4.18 4.18 4.18 4.18 4.2 4.2 4.2 4.2 4.2 4.2 4.2 4.2 4.2 4.2 4.2 4.2 4.2 4.2 4.2 4.2 4.2 4.2 4.2 4.2 4.2 4.2 4.2 4.2 4.2 4.2 4.2 4.2 4.2 
4.32 4.32 4.32 4.32 4.32 4.32 4.32 4.32 4.32 4.32 4.32 4.18 4.18 4.18 4.18 4.18 4.18 4.18 4.18 4.18 4.18 4.18 4.18 4.18 4.18 4.18 4.18 4.18 4.18 4.18 4.18 4.18 4.18 4.18 4.18 4.18 4.18 4.18 4.18 4.18 4.18 4.18 4.18 4.18 4.18 4.18 4.18 4.18 4.18 4.18 4.18 4.18 4.18 4.18 4.18 4.18 4.18 4.18 4.18 4.18 4.18 4.18 4.18 4.18 4.18 4.18 4.18 4.18 4.18 4.18 4.18 4.2 4.2 4.2 4.2 4.2 4.2 4.2 4.2 4.2 4.2 4.2 4.2 4.2 4.2 4.2 4.2 4.2 4.2 4.2 4.2 4.2 4.2 4.2 4.2 4.2 4.2 4.2 4.2 4.2 
4.32 4.32 4.32 4.32 4.32 4.32 4.32 4.32 4.32 4.32 4.32 4.18 4.18 4.18 4.18 4.18 4.18 4.18 4.18 4.18 4.18 4.18 4.18 4.18 4.18 4.18 4.18 4.18 4.18 4.18 4.18 4.18 4.18 4.18 4.18 4.18 4.18 4.18 4.18 4.18 4.18 4.18 4.18 4.18 4.18 4.18 4.18 4.18 4.18 4.18 4.18 4.18 4.18 4.18 4.18 4.18 4.18 4.18 4.18 4.18 4.18 4.18 4.18 4.18 4.18 4.18 4.18 4.18 4.18 4.18 4.18 4.2 4.2 4.2 4.2 4.2 4.2 4.2 4.2 4.2 4.2 4.2 4.2 4.2 4.2 4.2 4.2 4.2 4.2 4.2 4.2 4.2 4.2 4.2 4.2 4.2 4.2 4.2 4.2 4.2 
4.32 4.32 4.32 4.32 4.32 4.32 4.32 4.32 4.32 4.32 4.32 4.18 4.18 4.18 4.18 4.18 4.18 4.18 4.18 4.18 4.18 4.18 4.18 4.18 4.18 4.18 4.18 4.18 4.18 4.18 4.18 4.18 4.18 4.18 4.18 4.18 4.18 4.18 4.18 4.18 4.18 4.18 4.18 4.18 4.18 4.18 4.18 4.18 4.18 4.18 4.18 4.18 4.18 4.18 4.18 4.18 4.18 4.18 4.18 4.18 4.18 4.18 4.18 4.18 4.18 4.18 4.18 4.18 4.18 4.18 4.18 4.2 4.2 4.2 4.2 4.2 4.2 4.2 4.2 4.2 4.2 4.2 4.2 4.2 4.2 4.2 4.2 4.2 4.2 4.2 4.2 4.2 4.2 4.2 4.2 4.2 4.2 4.2 4.2 4.2 
4.32 4.32 4.32 4.32 4.32 4.32 4.32 4.32 4.32 4.32 4.32 4.18 4.18 4.18 4.18 4.18 4.18 4.18 4.18 4.18 4.18 4.18 4.18 4.18 4.18 4.18 4.18 4.18 4.18 4.18 4.18 4.18 4.18 4.18 4.18 4.18 4.18 4.18 4.18 4.18 4.18 4.18 4.18 4.18 4.18 4.18 4.18 4.18 4.18 4.18 4.18 4.18 4.18 4.18 4.18 4.18 4.18 4.18 4.18 4.18 4.18 4.18 4.18 4.18 4.18 4.18 4.18 4.18 4.18 4.18 4.18 4.2 4.2 4.2 4.2 4.2 4.2 4.2 4.2 4.2 4.2 4.2 4.2 4.2 4.2 4.2 4.2 4.2 4.2 4.2 4.2 4.2 4.2 4.2 4.2 4.2 4.2 4.2 4.2 4.2 
4.32 4.32 4.32 4.32 4.32 4.32 4.32 4.32 4.32 4.32 4.32 4.18 4.18 4.18 4.18 4.18 4.18 4.18 4.18 4.18 4.18 4.18 4.18 4.18 4.18 4.18 4.18 4.18 4.18 4.18 4.18 4.18 4.18 4.18 4.18 4.18 4.18 4.18 4.18 4.18 4.18 4.18 4.18 4.18 4.18 4.18 4.18 4.18 4.18 4.18 4.18 4.18 4.18 4.18 4.18 4.18 4.18 4.18 4.18 4.18 4.18 4.18 4.18 4.18 4.18 4.18 4.18 4.18 4.18 4.18 4.18 4.2 4.2 4.2 4.2 4.2 4.2 4.2 4.2 4.2 4.2 4.2 4.2 4.2 4.2 4.2 4.2 4.2 4.2 4.2 4.2 4.2 4.2 4.2 4.2 4.2 4.2 4.2 4.2 4.2 
4.32 4.32 4.32 4.32 4.32 4.32 4.32 4.32 4.32 4.32 4.32 4.18 4.18 4.18 4.18 4.18 4.18 4.18 4.18 4.18 4.18 4.18 4.18 4.18 4.18 4.18 4.18 4.18 4.18 4.18 4.18 4.18 4.18 4.18 4.18 4.18 4.18 4.18 4.18 4.18 4.18 4.18 4.18 4.18 4.18 4.18 4.18 4.18 4.18 4.18 4.18 4.18 4.18 4.18 4.18 4.18 4.18 4.18 4.18 4.18 4.18 4.18 4.18 4.18 4.18 4.18 4.18 4.18 4.18 4.18 4.18 4.2 4.2 4.2 4.2 4.2 4.2 4.2 4.2 4.2 4.2 4.2 4.2 4.2 4.2 4.2 4.2 4.2 4.2 4.2 4.2 4.2 4.2 4.2 4.2 4.2 4.2 4.2 4.2 4.2 
4.32 4.32 4.32 4.32 4.32 4.32 4.32 4.32 4.32 4.32 4.32 4.18 4.18 4.18 4.18 4.18 4.18 4.18 4.18 4.18 4.18 4.18 4.18 4.18 4.18 4.18 4.18 4.18 4.18 4.18 4.18 4.18 4.18 4.18 4.18 4.18 4.18 4.18 4.18 4.18 4.18 4.18 4.18 4.18 4.18 4.18 4.18 4.18 4.18 4.18 4.18 4.18 4.18 4.18 4.18 4.18 4.18 4.18 4.18 4.18 4.18 4.18 4.18 4.18 4.18 4.18 4.18 4.18 4.18 4.18 4.18 4.2 4.2 4.2 4.2 4.2 4.2 4.2 4.2 4.2 4.2 4.2 4.2 4.2 4.2 4.2 4.2 4.2 4.2 4.2 4.2 4.2 4.2 4.2 4.2 4.2 4.2 4.2 4.2 4.2 
4.32 4.32 4.32 4.32 4.32 4.32 4.32 4.32 4.32 4.32 4.32 4.18 4.18 4.18 4.18 4.18 4.18 4.18 4.18 4.18 4.18 4.18 4.18 4.18 4.18 4.18 4.18 4.18 4.18 4.18 4.18 4.18 4.18 4.18 4.18 4.18 4.18 4.18 4.18 4.18 4.18 4.18 4.18 4.18 4.18 4.18 4.18 4.18 4.18 4.18 4.18 4.18 4.18 4.18 4.18 4.18 4.18 4.18 4.18 4.18 4.18 4.18 4.18 4.18 4.18 4.18 4.18 4.18 4.18 4.18 4.18 4.2 4.2 4.2 4.2 4.2 4.2 4.2 4.2 4.2 4.2 4.2 4.2 4.2 4.2 4.2 4.2 4.2 4.2 4.2 4.2 4.2 4.2 4.2 4.2 4.2 4.2 4.2 4.2 4.2 
4.32 4.32 4.32 4.32 4.32 4.32 4.32 4.32 4.32 4.32 4.32 4.18 4.18 4.18 4.18 4.18 4.18 4.18 4.18 4.18 4.18 4.18 4.18 4.18 4.18 4.18 4.18 4.18 4.18 4.18 4.18 4.18 4.18 4.18 4.18 4.18 4.18 4.18 4.18 4.18 4.18 4.18 4.18 4.18 4.18 4.18 4.18 4.18 4.18 4.18 4.18 4.18 4.18 4.18 4.18 4.18 4.18 4.18 4.18 4.18 4.18 4.18 4.18 4.18 4.18 4.18 4.18 4.18 4.18 4.18 4.18 4.2 4.2 4.2 4.2 4.2 4.2 4.2 4.2 4.2 4.2 4.2 4.2 4.2 4.2 4.2 4.2 4.2 4.2 4.2 4.2 4.2 4.2 4.2 4.2 4.2 4.2 4.2 4.2 4.2 
4.32 4.32 4.32 4.32 4.32 4.32 4.32 4.32 4.32 4.32 4.32 4.18 4.18 4.18 4.18 4.18 4.18 4.18 4.18 4.18 4.18 4.18 4.18 4.18 4.18 4.18 4.18 4.18 4.18 4.18 4.18 4.18 4.18 4.18 4.18 4.18 4.18 4.18 4.18 4.18 4.18 4.18 4.18 4.18 4.18 4.18 4.18 4.18 4.18 4.18 4.18 4.18 4.18 4.18 4.18 4.18 4.18 4.18 4.18 4.18 4.18 4.18 4.18 4.18 4.18 4.18 4.18 4.18 4.18 4.18 4.18 4.2 4.2 4.2 4.2 4.2 4.2 4.2 4.2 4.2 4.2 4.2 4.2 4.2 4.2 4.2 4.2 4.2 4.2 4.2 4.2 4.2 4.2 4.2 4.2 4.2 4.2 4.2 4.2 4.2 
4.32 4.32 4.32 4.32 4.32 4.32 4.32 4.32 4.32 4.32 4.32 4.18 4.18 4.18 4.18 4.18 4.18 4.18 4.18 4.18 4.18 4.18 4.18 4.18 4.18 4.18 4.18 4.18 4.18 4.18 4.18 4.18 4.18 4.18 4.18 4.18 4.18 4.18 4.18 4.18 4.18 4.18 4.18 4.18 4.18 4.18 4.18 4.18 4.18 4.18 4.18 4.18 4.18 4.18 4.18 4.18 4.18 4.18 4.18 4.18 4.18 4.18 4.18 4.18 4.18 4.18 4.18 4.18 4.18 4.18 4.18 4.2 4.2 4.2 4.2 4.2 4.2 4.2 4.2 4.2 4.2 4.2 4.2 4.2 4.2 4.2 4.2 4.2 4.2 4.2 4.2 4.2 4.2 4.2 4.2 4.2 4.2 4.2 4.2 4.2 
7.6 7.6 7.6 7.6 7.6 7.6 7.6 7.6 7.6 7.6 7.6 7.5 7.5 7.5 7.5 7.5 7.5 7.5 7.5 7.5 7.5 7.5 7.5 7.5 7.5 7.5 7.5 7.5 7.5 7.5 7.5 7.5 7.5 7.5 7.5 7.5 7.5 7.5 7.5 7.5 7.5 7.5 7.5 7.5 7.5 7.5 7.5 7.5 7.5 7.5 7.5 7.5 7.5 7.5 7.5 7.5 7.5 7.5 7.5 7.5 7.5 7.5 7.5 7.5 7.5 7.5 7.5 7.5 7.5 7.5 7.5 6.88 6.88 6.88 6.88 6.88 6.88 6.88 6.88 6.88 6.88 6.88 6.88 6.88 6.88 6.88 6.88 6.88 6.88 6.88 6.88 6.88 6.88 6.88 6.88 6.88 6.88 6.88 6.88 6.88 
7.6 7.6 7.6 7.6 7.6 7.6 7.6 7.6 7.6 7.6 7.6 7.5 7.5 7.5 7.5 7.5 7.5 7.5 7.5 7.5 7.5 7.5 7.5 7.5 7.5 7.5 7.5 7.5 7.5 7.5 7.5 7.5 7.5 7.5 7.5 7.5 7.5 7.5 7.5 7.5 7.5 7.5 7.5 7.5 7.5 7.5 7.5 7.5 7.5 7.5 7.5 7.5 7.5 7.5 7.5 7.5 7.5 7.5 7.5 7.5 7.5 7.5 7.5 7.5 7.5 7.5 7.5 7.5 7.5 7.5 7.5 6.88 6.88 6.88 6.88 6.88 6.88 6.88 6.88 6.88 6.88 6.88 6.88 6.88 6.88 6.88 6.88 6.88 6.88 6.88 6.88 6.88 6.88 6.88 6.88 6.88 6.88 6.88 6.88 6.88 
7.6 7.6 7.6 7.6 7.6 7.6 7.6 7.6 7.6 7.6 7.6 7.5 7.5 7.5 7.5 7.5 7.5 7.5 7.5 7.5 7.5 7.5 7.5 7.5 7.5 7.5 7.5 7.5 7.5 7.5 7.5 7.5 7.5 7.5 7.5 7.5 7.5 7.5 7.5 7.5 7.5 7.5 7.5 7.5 7.5 7.5 7.5 7.5 7.5 7.5 7.5 7.5 7.5 7.5 7.5 7.5 7.5 7.5 7.5 7.5 7.5 7.5 7.5 7.5 7.5 7.5 7.5 7.5 7.5 7.5 7.5 6.88 6.88 6.88 6.88 6.88 6.88 6.88 6.88 6.88 6.88 6.88 6.88 6.88 6.88 6.88 6.88 6.88 6.88 6.88 6.88 6.88 6.88 6.88 6.88 6.88 6.88 6.88 6.88 6.88 
7.6 7.6 7.6 7.6 7.6 7.6 7.6 7.6 7.6 7.6 7.6 7.5 7.5 7.5 7.5 7.5 7.5 7.5 7.5 7.5 7.5 7.5 7.5 7.5 7.5 7.5 7.5 7.5 7.5 7.5 7.5 7.5 7.5 7.5 7.5 7.5 7.5 7.5 7.5 7.5 7.5 7.5 7.5 7.5 7.5 7.5 7.5 7.5 7.5 7.5 7.5 7.5 7.5 7.5 7.5 7.5 7.5 7.5 7.5 7.5 7.5 7.5 7.5 7.5 7.5 7.5 7.5 7.5 7.5 7.5 7.5 6.88 6.88 6.88 6.88 6.88 6.88 6.88 6.88 6.88 6.88 6.88 6.88 6.88 6.88 6.88 6.88 6.88 6.88 6.88 6.88 6.88 6.88 6.88 6.88 6.88 6.88 6.88 6.88 6.88 
7.6 7.6 7.6 7.6 7.6 7.6 7.6 7.6 7.6 7.6 7.6 7.5 7.5 7.5 7.5 7.5 7.5 7.5 7.5 7.5 7.5 7.5 7.5 7.5 7.5 7.5 7.5 7.5 7.5 7.5 7.5 7.5 7.5 7.5 7.5 7.5 7.5 7.5 7.5 7.5 7.5 7.5 7.5 7.5 7.5 7.5 7.5 7.5 7.5 7.5 7.5 7.5 7.5 7.5 7.5 7.5 7.5 7.5 7.5 7.5 7.5 7.5 7.5 7.5 7.5 7.5 7.5 7.5 7.5 7.5 7.5 6.88 6.88 6.88 6.88 6.88 6.88 6.88 6.88 6.88 6.88 6.88 6.88 6.88 6.88 6.88 6.88 6.88 6.88 6.88 6.88 6.88 6.88 6.88 6.88 6.88 6.88 6.88 6.88 6.88 
7.6 7.6 7.6 7.6 7.6 7.6 7.6 7.6 7.6 7.6 7.6 7.5 7.5 7.5 7.5 7.5 7.5 7.5 7.5 7.5 7.5 7.5 7.5 7.5 7.5 7.5 7.5 7.5 7.5 7.5 7.5 7.5 7.5 7.5 7.5 7.5 7.5 7.5 7.5 7.5 7.5 7.5 7.5 7.5 7.5 7.5 7.5 7.5 7.5 7.5 7.5 7.5 7.5 7.5 7.5 7.5 7.5 7.5 7.5 7.5 7.5 7.5 7.5 7.5 7.5 7.5 7.5 7.5 7.5 7.5 7.5 6.88 6.88 6.88 6.88 6.88 6.88 6.88 6.88 6.88 6.88 6.88 6.88 6.88 6.88 6.88 6.88 6.88 6.88 6.88 6.88 6.88 6.88 6.88 6.88 6.88 6.88 6.88 6.88 6.88 
7.6 7.6 7.6 7.6 7.6 7.6 7.6 7.6 7.6 7.6 7.6 7.5 7.5 7.5 7.5 7.5 7.5 7.5 7.5 7.5 7.5 7.5 7.5 7.5 7.5 7.5 7.5 7.5 7.5 7.5 7.5 7.5 7.5 7.5 7.5 7.5 7.5 7.5 7.5 7.5 7.5 7.5 7.5 7.5 7.5 7.5 7.5 7.5 7.5 7.5 7.5 7.5 7.5 7.5 7.5 7.5 7.5 7.5 7.5 7.5 7.5 7.5 7.5 7.5 7.5 7.5 7.5 7.5 7.5 7.5 7.5 6.88 6.88 6.88 6.88 6.88 6.88 6.88 6.88 6.88 6.88 6.88 6.88 6.88 6.88 6.88 6.88 6.88 6.88 6.88 6.88 6.88 6.88 6.88 6.88 6.88 6.88 6.88 6.88 6.88 
7.6 7.6 7.6 7.6 7.6 7.6 7.6 7.6 7.6 7.6 7.6 7.5 7.5 7.5 7.5 7.5 7.5 7.5 7.5 7.5 7.5 7.5 7.5 7.5 7.5 7.5 7.5 7.5 7.5 7.5 7.5 7.5 7.5 7.5 7.5 7.5 7.5 7.5 7.5 7.5 7.5 7.5 7.5 7.5 7.5 7.5 7.5 7.5 7.5 7.5 7.5 7.5 7.5 7.5 7.5 7.5 7.5 7.5 7.5 7.5 7.5 7.5 7.5 7.5 7.5 7.5 7.5 7.5 7.5 7.5 7.5 6.88 6.88 6.88 6.88 6.88 6.88 6.88 6.88 6.88 6.88 6.88 6.88 6.88 6.88 6.88 6.88 6.88 6.88 6.88 6.88 6.88 6.88 6.88 6.88 6.88 6.88 6.88 6.88 6.88 
7.6 7.6 7.6 7.6 7.6 7.6 7.6 7.6 7.6 7.6 7.6 7.5 7.5 7.5 7.5 7.5 7.5 7.5 7.5 7.5 7.5 7.5 7.5 7.5 7.5 7.5 7.5 7.5 7.5 7.5 7.5 7.5 7.5 7.5 7.5 7.5 7.5 7.5 7.5 7.5 7.5 7.5 7.5 7.5 7.5 7.5 7.5 7.5 7.5 7.5 7.5 7.5 7.5 7.5 7.5 7.5 7.5 7.5 7.5 7.5 7.5 7.5 7.5 7.5 7.5 7.5 7.5 7.5 7.5 7.5 7.5 6.88 6.88 6.88 6.88 6.88 6.88 6.88 6.88 6.88 6.88 6.88 6.88 6.88 6.88 6.88 6.88 6.88 6.88 6.88 6.88 6.88 6.88 6.88 6.88 6.88 6.88 6.88 6.88 6.88 
7.6 7.6 7.6 7.6 7.6 7.6 7.6 7.6 7.6 7.6 7.6 7.5 7.5 7.5 7.5 7.5 7.5 7.5 7.5 7.5 7.5 7.5 7.5 7.5 7.5 7.5 7.5 7.5 7.5 7.5 7.5 7.5 7.5 7.5 7.5 7.5 7.5 7.5 7.5 7.5 7.5 7.5 7.5 7.5 7.5 7.5 7.5 7.5 7.5 7.5 7.5 7.5 7.5 7.5 7.5 7.5 7.5 7.5 7.5 7.5 7.5 7.5 7.5 7.5 7.5 7.5 7.5 7.5 7.5 7.5 7.5 6.88 6.88 6.88 6.88 6.88 6.88 6.88 6.88 6.88 6.88 6.88 6.88 6.88 6.88 6.88 6.88 6.88 6.88 6.88 6.88 6.88 6.88 6.88 6.88 6.88 6.88 6.88 6.88 6.88 
7.6 7.6 7.6 7.6 7.6 7.6 7.6 7.6 7.6 7.6 7.6 7.5 7.5 7.5 7.5 7.5 7.5 7.5 7.5 7.5 7.5 7.5 7.5 7.5 7.5 7.5 7.5 7.5 7.5 7.5 7.5 7.5 7.5 7.5 7.5 7.5 7.5 7.5 7.5 7.5 7.5 7.5 7.5 7.5 7.5 7.5 7.5 7.5 7.5 7.5 7.5 7.5 7.5 7.5 7.5 7.5 7.5 7.5 7.5 7.5 7.5 7.5 7.5 7.5 7.5 7.5 7.5 7.5 7.5 7.5 7.5 6.88 6.88 6.88 6.88 6.88 6.88 6.88 6.88 6.88 6.88 6.88 6.88 6.88 6.88 6.88 6.88 6.88 6.88 6.88 6.88 6.88 6.88 6.88 6.88 6.88 6.88 6.88 6.88 6.88 
7.6 7.6 7.6 7.6 7.6 7.6 7.6 7.6 7.6 7.6 7.6 7.5 7.5 7.5 7.5 7.5 7.5 7.5 7.5 7.5 7.5 7.5 7.5 7.5 7.5 7.5 7.5 7.5 7.5 7.5 7.5 7.5 7.5 7.5 7.5 7.5 7.5 7.5 7.5 7.5 7.5 7.5 7.5 7.5 7.5 7.5 7.5 7.5 7.5 7.5 7.5 7.5 7.5 7.5 7.5 7.5 7.5 7.5 7.5 7.5 7.5 7.5 7.5 7.5 7.5 7.5 7.5 7.5 7.5 7.5 7.5 6.88 6.88 6.88 6.88 6.88 6.88 6.88 6.88 6.88 6.88 6.88 6.88 6.88 6.88 6.88 6.88 6.88 6.88 6.88 6.88 6.88 6.88 6.88 6.88 6.88 6.88 6.88 6.88 6.88 
7.6 7.6 7.6 7.6 7.6 7.6 7.6 7.6 7.6 7.6 7.6 7.5 7.5 7.5 7.5 7.5 7.5 7.5 7.5 7.5 7.5 7.5 7.5 7.5 7.5 7.5 7.5 7.5 7.5 7.5 7.5 7.5 7.5 7.5 7.5 7.5 7.5 7.5 7.5 7.5 7.5 7.5 7.5 7.5 7.5 7.5 7.5 7.5 7.5 7.5 7.5 7.5 7.5 7.5 7.5 7.5 7.5 7.5 7.5 7.5 7.5 7.5 7.5 7.5 7.5 7.5 7.5 7.5 7.5 7.5 7.5 6.88 6.88 6.88 6.88 6.88 6.88 6.88 6.88 6.88 6.88 6.88 6.88 6.88 6.88 6.88 6.88 6.88 6.88 6.88 6.88 6.88 6.88 6.88 6.88 6.88 6.88 6.88 6.88 6.88 
7.6 7.6 7.6 7.6 7.6 7.6 7.6 7.6 7.6 7.6 7.6 7.5 7.5 7.5 7.5 7.5 7.5 7.5 7.5 7.5 7.5 7.5 7.5 7.5 7.5 7.5 7.5 7.5 7.5 7.5 7.5 7.5 7.5 7.5 7.5 7.5 7.5 7.5 7.5 7.5 7.5 7.5 7.5 7.5 7.5 7.5 7.5 7.5 7.5 7.5 7.5 7.5 7.5 7.5 7.5 7.5 7.5 7.5 7.5 7.5 7.5 7.5 7.5 7.5 7.5 7.5 7.5 7.5 7.5 7.5 7.5 6.88 6.88 6.88 6.88 6.88 6.88 6.88 6.88 6.88 6.88 6.88 6.88 6.88 6.88 6.88 6.88 6.88 6.88 6.88 6.88 6.88 6.88 6.88 6.88 6.88 6.88 6.88 6.88 6.88 
7.6 7.6 7.6 7.6 7.6 7.6 7.6 7.6 7.6 7.6 7.6 7.5 7.5 7.5 7.5 7.5 7.5 7.5 7.5 7.5 7.5 7.5 7.5 7.5 7.5 7.5 7.5 7.5 7.5 7.5 7.5 7.5 7.5 7.5 7.5 7.5 7.5 7.5 7.5 7.5 7.5 7.5 7.5 7.5 7.5 7.5 7.5 7.5 7.5 7.5 7.5 7.5 7.5 7.5 7.5 7.5 7.5 7.5 7.5 7.5 7.5 7.5 7.5 7.5 7.5 7.5 7.5 7.5 7.5 7.5 7.5 6.88 6.88 6.88 6.88 6.88 6.88 6.88 6.88 6.88 6.88 6.88 6.88 6.88 6.88 6.88 6.88 6.88 6.88 6.88 6.88 6.88 6.88 6.88 6.88 6.88 6.88 6.88 6.88 6.88 
7.6 7.6 7.6 7.6 7.6 7.6 7.6 7.6 7.6 7.6 7.6 7.5 7.5 7.5 7.5 7.5 7.5 7.5 7.5 7.5 7.5 7.5 7.5 7.5 7.5 7.5 7.5 7.5 7.5 7.5 7.5 7.5 7.5 7.5 7.5 7.5 7.5 7.5 7.5 7.5 7.5 7.5 7.5 7.5 7.5 7.5 7.5 7.5 7.5 7.5 7.5 7.5 7.5 7.5 7.5 7.5 7.5 7.5 7.5 7.5 7.5 7.5 7.5 7.5 7.5 7.5 7.5 7.5 7.5 7.5 7.5 6.88 6.88 6.88 6.88 6.88 6.88 6.88 6.88 6.88 6.88 6.88 6.88 6.88 6.88 6.88 6.88 6.88 6.88 6.88 6.88 6.88 6.88 6.88 6.88 6.88 6.88 6.88 6.88 6.88 
7.6 7.6 7.6 7.6 7.6 7.6 7.6 7.6 7.6 7.6 7.6 7.5 7.5 7.5 7.5 7.5 7.5 7.5 7.5 7.5 7.5 7.5 7.5 7.5 7.5 7.5 7.5 7.5 7.5 7.5 7.5 7.5 7.5 7.5 7.5 7.5 7.5 7.5 7.5 7.5 7.5 7.5 7.5 7.5 7.5 7.5 7.5 7.5 7.5 7.5 7.5 7.5 7.5 7.5 7.5 7.5 7.5 7.5 7.5 7.5 7.5 7.5 7.5 7.5 7.5 7.5 7.5 7.5 7.5 7.5 7.5 6.88 6.88 6.88 6.88 6.88 6.88 6.88 6.88 6.88 6.88 6.88 6.88 6.88 6.88 6.88 6.88 6.88 6.88 6.88 6.88 6.88 6.88 6.88 6.88 6.88 6.88 6.88 6.88 6.88 
7.6 7.6 7.6 7.6 7.6 7.6 7.6 7.6 7.6 7.6 7.6 7.5 7.5 7.5 7.5 7.5 7.5 7.5 7.5 7.5 7.5 7.5 7.5 7.5 7.5 7.5 7.5 7.5 7.5 7.5 7.5 7.5 7.5 7.5 7.5 7.5 7.5 7.5 7.5 7.5 7.5 7.5 7.5 7.5 7.5 7.5 7.5 7.5 7.5 7.5 7.5 7.5 7.5 7.5 7.5 7.5 7.5 7.5 7.5 7.5 7.5 7.5 7.5 7.5 7.5 7.5 7.5 7.5 7.5 7.5 7.5 6.88 6.88 6.88 6.88 6.88 6.88 6.88 6.88 6.88 6.88 6.88 6.88 6.88 6.88 6.88 6.88 6.88 6.88 6.88 6.88 6.88 6.88 6.88 6.88 6.88 6.88 6.88 6.88 6.88 
7.6 7.6 7.6 7.6 7.6 7.6 7.6 7.6 7.6 7.6 7.6 7.5 7.5 7.5 7.5 7.5 7.5 7.5 7.5 7.5 7.5 7.5 7.5 7.5 7.5 7.5 7.5 7.5 7.5 7.5 7.5 7.5 7.5 7.5 7.5 7.5 7.5 7.5 7.5 7.5 7.5 7.5 7.5 7.5 7.5 7.5 7.5 7.5 7.5 7.5 7.5 7.5 7.5 7.5 7.5 7.5 7.5 7.5 7.5 7.5 7.5 7.5 7.5 7.5 7.5 7.5 7.5 7.5 7.5 7.5 7.5 6.88 6.88 6.88 6.88 6.88 6.88 6.88 6.88 6.88 6.88 6.88 6.88 6.88 6.88 6.88 6.88 6.88 6.88 6.88 6.88 6.88 6.88 6.88 6.88 6.88 6.88 6.88 6.88 6.88 
7.6 7.6 7.6 7.6 7.6 7.6 7.6 7.6 7.6 7.6 7.6 7.5 7.5 7.5 7.5 7.5 7.5 7.5 7.5 7.5 7.5 7.5 7.5 7.5 7.5 7.5 7.5 7.5 7.5 7.5 7.5 7.5 7.5 7.5 7.5 7.5 7.5 7.5 7.5 7.5 7.5 7.5 7.5 7.5 7.5 7.5 7.5 7.5 7.5 7.5 7.5 7.5 7.5 7.5 7.5 7.5 7.5 7.5 7.5 7.5 7.5 7.5 7.5 7.5 7.5 7.5 7.5 7.5 7.5 7.5 7.5 6.88 6.88 6.88 6.88 6.88 6.88 6.88 6.88 6.88 6.88 6.88 6.88 6.88 6.88 6.88 6.88 6.88 6.88 6.88 6.88 6.88 6.88 6.88 6.88 6.88 6.88 6.88 6.88 6.88 
7.6 7.6 7.6 7.6 7.6 7.6 7.6 7.6 7.6 7.6 7.6 7.5 7.5 7.5 7.5 7.5 7.5 7.5 7.5 7.5 7.5 7.5 7.5 7.5 7.5 7.5 7.5 7.5 7.5 7.5 7.5 7.5 7.5 7.5 7.5 7.5 7.5 7.5 7.5 7.5 7.5 7.5 7.5 7.5 7.5 7.5 7.5 7.5 7.5 7.5 7.5 7.5 7.5 7.5 7.5 7.5 7.5 7.5 7.5 7.5 7.5 7.5 7.5 7.5 7.5 7.5 7.5 7.5 7.5 7.5 7.5 6.88 6.88 6.88 6.88 6.88 6.88 6.88 6.88 6.88 6.88 6.88 6.88 6.88 6.88 6.88 6.88 6.88 6.88 6.88 6.88 6.88 6.88 6.88 6.88 6.88 6.88 6.88 6.88 6.88 
7.6 7.6 7.6 7.6 7.6 7.6 7.6 7.6 7.6 7.6 7.6 7.5 7.5 7.5 7.5 7.5 7.5 7.5 7.5 7.5 7.5 7.5 7.5 7.5 7.5 7.5 7.5 7.5 7.5 7.5 7.5 7.5 7.5 7.5 7.5 7.5 7.5 7.5 7.5 7.5 7.5 7.5 7.5 7.5 7.5 7.5 7.5 7.5 7.5 7.5 7.5 7.5 7.5 7.5 7.5 7.5 7.5 7.5 7.5 7.5 7.5 7.5 7.5 7.5 7.5 7.5 7.5 7.5 7.5 7.5 7.5 6.88 6.88 6.88 6.88 6.88 6.88 6.88 6.88 6.88 6.88 6.88 6.88 6.88 6.88 6.88 6.88 6.88 6.88 6.88 6.88 6.88 6.88 6.88 6.88 6.88 6.88 6.88 6.88 6.88 
7.6 7.6 7.6 7.6 7.6 7.6 7.6 7.6 7.6 7.6 7.6 7.5 7.5 7.5 7.5 7.5 7.5 7.5 7.5 7.5 7.5 7.5 7.5 7.5 7.5 7.5 7.5 7.5 7.5 7.5 7.5 7.5 7.5 7.5 7.5 7.5 7.5 7.5 7.5 7.5 7.5 7.5 7.5 7.5 7.5 7.5 7.5 7.5 7.5 7.5 7.5 7.5 7.5 7.5 7.5 7.5 7.5 7.5 7.5 7.5 7.5 7.5 7.5 7.5 7.5 7.5 7.5 7.5 7.5 7.5 7.5 6.88 6.88 6.88 6.88 6.88 6.88 6.88 6.88 6.88 6.88 6.88 6.88 6.88 6.88 6.88 6.88 6.88 6.88 6.88 6.88 6.88 6.88 6.88 6.88 6.88 6.88 6.88 6.88 6.88 
7.6 7.6 7.6 7.6 7.6 7.6 7.6 7.6 7.6 7.6 7.6 7.5 7.5 7.5 7.5 7.5 7.5 7.5 7.5 7.5 7.5 7.5 7.5 7.5 7.5 7.5 7.5 7.5 7.5 7.5 7.5 7.5 7.5 7.5 7.5 7.5 7.5 7.5 7.5 7.5 7.5 7.5 7.5 7.5 7.5 7.5 7.5 7.5 7.5 7.5 7.5 7.5 7.5 7.5 7.5 7.5 7.5 7.5 7.5 7.5 7.5 7.5 7.5 7.5 7.5 7.5 7.5 7.5 7.5 7.5 7.5 6.88 6.88 6.88 6.88 6.88 6.88 6.88 6.88 6.88 6.88 6.88 6.88 6.88 6.88 6.88 6.88 6.88 6.88 6.88 6.88 6.88 6.88 6.88 6.88 6.88 6.88 6.88 6.88 6.88 
7.6 7.6 7.6 7.6 7.6 7.6 7.6 7.6 7.6 7.6 7.6 7.5 7.5 7.5 7.5 7.5 7.5 7.5 7.5 7.5 7.5 7.5 7.5 7.5 7.5 7.5 7.5 7.5 7.5 7.5 7.5 7.5 7.5 7.5 7.5 7.5 7.5 7.5 7.5 7.5 7.5 7.5 7.5 7.5 7.5 7.5 7.5 7.5 7.5 7.5 7.5 7.5 7.5 7.5 7.5 7.5 7.5 7.5 7.5 7.5 7.5 7.5 7.5 7.5 7.5 7.5 7.5 7.5 7.5 7.5 7.5 6.88 6.88 6.88 6.88 6.88 6.88 6.88 6.88 6.88 6.88 6.88 6.88 6.88 6.88 6.88 6.88 6.88 6.88 6.88 6.88 6.88 6.88 6.88 6.88 6.88 6.88 6.88 6.88 6.88 
7.6 7.6 7.6 7.6 7.6 7.6 7.6 7.6 7.6 7.6 7.6 7.5 7.5 7.5 7.5 7.5 7.5 7.5 7.5 7.5 7.5 7.5 7.5 7.5 7.5 7.5 7.5 7.5 7.5 7.5 7.5 7.5 7.5 7.5 7.5 7.5 7.5 7.5 7.5 7.5 7.5 7.5 7.5 7.5 7.5 7.5 7.5 7.5 7.5 7.5 7.5 7.5 7.5 7.5 7.5 7.5 7.5 7.5 7.5 7.5 7.5 7.5 7.5 7.5 7.5 7.5 7.5 7.5 7.5 7.5 7.5 6.88 6.88 6.88 6.88 6.88 6.88 6.88 6.88 6.88 6.88 6.88 6.88 6.88 6.88 6.88 6.88 6.88 6.88 6.88 6.88 6.88 6.88 6.88 6.88 6.88 6.88 6.88 6.88 6.88 
7.6 7.6 7.6 7.6 7.6 7.6 7.6 7.6 7.6 7.6 7.6 7.5 7.5 7.5 7.5 7.5 7.5 7.5 7.5 7.5 7.5 7.5 7.5 7.5 7.5 7.5 7.5 7.5 7.5 7.5 7.5 7.5 7.5 7.5 7.5 7.5 7.5 7.5 7.5 7.5 7.5 7.5 7.5 7.5 7.5 7.5 7.5 7.5 7.5 7.5 7.5 7.5 7.5 7.5 7.5 7.5 7.5 7.5 7.5 7.5 7.5 7.5 7.5 7.5 7.5 7.5 7.5 7.5 7.5 7.5 7.5 6.88 6.88 6.88 6.88 6.88 6.88 6.88 6.88 6.88 6.88 6.88 6.88 6.88 6.88 6.88 6.88 6.88 6.88 6.88 6.88 6.88 6.88 6.88 6.88 6.88 6.88 6.88 6.88 6.88 
7.6 7.6 7.6 7.6 7.6 7.6 7.6 7.6 7.6 7.6 7.6 7.5 7.5 7.5 7.5 7.5 7.5 7.5 7.5 7.5 7.5 7.5 7.5 7.5 7.5 7.5 7.5 7.5 7.5 7.5 7.5 7.5 7.5 7.5 7.5 7.5 7.5 7.5 7.5 7.5 7.5 7.5 7.5 7.5 7.5 7.5 7.5 7.5 7.5 7.5 7.5 7.5 7.5 7.5 7.5 7.5 7.5 7.5 7.5 7.5 7.5 7.5 7.5 7.5 7.5 7.5 7.5 7.5 7.5 7.5 7.5 6.88 6.88 6.88 6.88 6.88 6.88 6.88 6.88 6.88 6.88 6.88 6.88 6.88 6.88 6.88 6.88 6.88 6.88 6.88 6.88 6.88 6.88 6.88 6.88 6.88 6.88 6.88 6.88 6.88 
7.6 7.6 7.6 7.6 7.6 7.6 7.6 7.6 7.6 7.6 7.6 7.5 7.5 7.5 7.5 7.5 7.5 7.5 7.5 7.5 7.5 7.5 7.5 7.5 7.5 7.5 7.5 7.5 7.5 7.5 7.5 7.5 7.5 7.5 7.5 7.5 7.5 7.5 7.5 7.5 7.5 7.5 7.5 7.5 7.5 7.5 7.5 7.5 7.5 7.5 7.5 7.5 7.5 7.5 7.5 7.5 7.5 7.5 7.5 7.5 7.5 7.5 7.5 7.5 7.5 7.5 7.5 7.5 7.5 7.5 7.5 6.88 6.88 6.88 6.88 6.88 6.88 6.88 6.88 6.88 6.88 6.88 6.88 6.88 6.88 6.88 6.88 6.88 6.88 6.88 6.88 6.88 6.88 6.88 6.88 6.88 6.88 6.88 6.88 6.88 
7.6 7.6 7.6 7.6 7.6 7.6 7.6 7.6 7.6 7.6 7.6 7.5 7.5 7.5 7.5 7.5 7.5 7.5 7.5 7.5 7.5 7.5 7.5 7.5 7.5 7.5 7.5 7.5 7.5 7.5 7.5 7.5 7.5 7.5 7.5 7.5 7.5 7.5 7.5 7.5 7.5 7.5 7.5 7.5 7.5 7.5 7.5 7.5 7.5 7.5 7.5 7.5 7.5 7.5 7.5 7.5 7.5 7.5 7.5 7.5 7.5 7.5 7.5 7.5 7.5 7.5 7.5 7.5 7.5 7.5 7.5 6.88 6.88 6.88 6.88 6.88 6.88 6.88 6.88 6.88 6.88 6.88 6.88 6.88 6.88 6.88 6.88 6.88 6.88 6.88 6.88 6.88 6.88 6.88 6.88 6.88 6.88 6.88 6.88 6.88 
7.6 7.6 7.6 7.6 7.6 7.6 7.6 7.6 7.6 7.6 7.6 7.5 7.5 7.5 7.5 7.5 7.5 7.5 7.5 7.5 7.5 7.5 7.5 7.5 7.5 7.5 7.5 7.5 7.5 7.5 7.5 7.5 7.5 7.5 7.5 7.5 7.5 7.5 7.5 7.5 7.5 7.5 7.5 7.5 7.5 7.5 7.5 7.5 7.5 7.5 7.5 7.5 7.5 7.5 7.5 7.5 7.5 7.5 7.5 7.5 7.5 7.5 7.5 7.5 7.5 7.5 7.5 7.5 7.5 7.5 7.5 6.88 6.88 6.88 6.88 6.88 6.88 6.88 6.88 6.88 6.88 6.88 6.88 6.88 6.88 6.88 6.88 6.88 6.88 6.88 6.88 6.88 6.88 6.88 6.88 6.88 6.88 6.88 6.88 6.88 
