ncols         100
nrows         100
xllcorner     -59982.863281
yllcorner     1851083.022172
cellsize      1000
NODATA_value  -9999
148.5 148.5 148.5 148.5 148.5 148.5 148.5 148.5 148.5 148.5 148.5 119.4 119.4 119.4 119.4 119.4 119.4 119.4 119.4 119.4 119.4 119.4 119.4 119.4 119.4 119.4 119.4 119.4 119.4 119.4 119.4 119.4 119.4 119.4 119.4 119.4 119.4 119.4 119.4 119.4 119.4 119.4 119.4 119.4 119.4 119.4 119.4 119.4 119.4 119.4 119.4 119.4 119.4 119.4 119.4 119.4 119.4 119.4 119.4 119.4 119.4 119.4 119.4 119.4 119.4 119.4 119.4 119.4 119.4 119.4 119.4 103.9 103.9 103.9 103.9 103.9 103.9 103.9 103.9 103.9 103.9 103.9 103.9 103.9 103.9 103.9 103.9 103.9 103.9 103.9 103.9 103.9 103.9 103.9 103.9 103.9 103.9 103.9 103.9 103.9 
148.5 148.5 148.5 148.5 148.5 148.5 148.5 148.5 148.5 148.5 148.5 119.4 119.4 119.4 119.4 119.4 119.4 119.4 119.4 119.4 119.4 119.4 119.4 119.4 119.4 119.4 119.4 119.4 119.4 119.4 119.4 119.4 119.4 119.4 119.4 119.4 119.4 119.4 119.4 119.4 119.4 119.4 119.4 119.4 119.4 119.4 119.4 119.4 119.4 119.4 119.4 119.4 119.4 119.4 119.4 119.4 119.4 119.4 119.4 119.4 119.4 119.4 119.4 119.4 119.4 119.4 119.4 119.4 119.4 119.4 119.4 103.9 103.9 103.9 103.9 103.9 103.9 103.9 103.9 103.9 103.9 103.9 103.9 103.9 103.9 103.9 103.9 103.9 103.9 103.9 103.9 103.9 103.9 103.9 103.9 103.9 103.9 103.9 103.9 103.9 
148.5 148.5 148.5 148.5 148.5 148.5 148.5 148.5 148.5 148.5 148.5 119.4 119.4 119.4 119.4 119.4 119.4 119.4 119.4 119.4 119.4 119.4 119.4 119.4 119.4 119.4 119.4 119.4 119.4 119.4 119.4 119.4 119.4 119.4 119.4 119.4 119.4 119.4 119.4 119.4 119.4 119.4 119.4 119.4 119.4 119.4 119.4 119.4 119.4 119.4 119.4 119.4 119.4 119.4 119.4 119.4 119.4 119.4 119.4 119.4 119.4 119.4 119.4 119.4 119.4 119.4 119.4 119.4 119.4 119.4 119.4 103.9 103.9 103.9 103.9 103.9 103.9 103.9 103.9 103.9 103.9 103.9 103.9 103.9 103.9 103.9 103.9 103.9 103.9 103.9 103.9 103.9 103.9 103.9 103.9 103.9 103.9 103.9 103.9 103.9 
148.5 148.5 148.5 148.5 148.5 148.5 148.5 148.5 148.5 148.5 148.5 119.4 119.4 119.4 119.4 119.4 119.4 119.4 119.4 119.4 119.4 119.4 119.4 119.4 119.4 119.4 119.4 119.4 119.4 119.4 119.4 119.4 119.4 119.4 119.4 119.4 119.4 119.4 119.4 119.4 119.4 119.4 119.4 119.4 119.4 119.4 119.4 119.4 119.4 119.4 119.4 119.4 119.4 119.4 119.4 119.4 119.4 119.4 119.4 119.4 119.4 119.4 119.4 119.4 119.4 119.4 119.4 119.4 119.4 119.4 119.4 103.9 103.9 103.9 103.9 103.9 103.9 103.9 103.9 103.9 103.9 103.9 103.9 103.9 103.9 103.9 103.9 103.9 103.9 103.9 103.9 103.9 103.9 103.9 103.9 103.9 103.9 103.9 103.9 103.9 
148.5 148.5 148.5 148.5 148.5 148.5 148.5 148.5 148.5 148.5 148.5 119.4 119.4 119.4 119.4 119.4 119.4 119.4 119.4 119.4 119.4 119.4 119.4 119.4 119.4 119.4 119.4 119.4 119.4 119.4 119.4 119.4 119.4 119.4 119.4 119.4 119.4 119.4 119.4 119.4 119.4 119.4 119.4 119.4 119.4 119.4 119.4 119.4 119.4 119.4 119.4 119.4 119.4 119.4 119.4 119.4 119.4 119.4 119.4 119.4 119.4 119.4 119.4 119.4 119.4 119.4 119.4 119.4 119.4 119.4 119.4 103.9 103.9 103.9 103.9 103.9 103.9 103.9 103.9 103.9 103.9 103.9 103.9 103.9 103.9 103.9 103.9 103.9 103.9 103.9 103.9 103.9 103.9 103.9 103.9 103.9 103.9 103.9 103.9 103.9 
148.5 148.5 148.5 148.5 148.5 148.5 148.5 148.5 148.5 148.5 148.5 119.4 119.4 119.4 119.4 119.4 119.4 119.4 119.4 119.4 119.4 119.4 119.4 119.4 119.4 119.4 119.4 119.4 119.4 119.4 119.4 119.4 119.4 119.4 119.4 119.4 119.4 119.4 119.4 119.4 119.4 119.4 119.4 119.4 119.4 119.4 119.4 119.4 119.4 119.4 119.4 119.4 119.4 119.4 119.4 119.4 119.4 119.4 119.4 119.4 119.4 119.4 119.4 119.4 119.4 119.4 119.4 119.4 119.4 119.4 119.4 103.9 103.9 103.9 103.9 103.9 103.9 103.9 103.9 103.9 103.9 103.9 103.9 103.9 103.9 103.9 103.9 103.9 103.9 103.9 103.9 103.9 103.9 103.9 103.9 103.9 103.9 103.9 103.9 103.9 
148.5 148.5 148.5 148.5 148.5 148.5 148.5 148.5 148.5 148.5 148.5 119.4 119.4 119.4 119.4 119.4 119.4 119.4 119.4 119.4 119.4 119.4 119.4 119.4 119.4 119.4 119.4 119.4 119.4 119.4 119.4 119.4 119.4 119.4 119.4 119.4 119.4 119.4 119.4 119.4 119.4 119.4 119.4 119.4 119.4 119.4 119.4 119.4 119.4 119.4 119.4 119.4 119.4 119.4 119.4 119.4 119.4 119.4 119.4 119.4 119.4 119.4 119.4 119.4 119.4 119.4 119.4 119.4 119.4 119.4 119.4 103.9 103.9 103.9 103.9 103.9 103.9 103.9 103.9 103.9 103.9 103.9 103.9 103.9 103.9 103.9 103.9 103.9 103.9 103.9 103.9 103.9 103.9 103.9 103.9 103.9 103.9 103.9 103.9 103.9 
148.5 148.5 148.5 148.5 148.5 148.5 148.5 148.5 148.5 148.5 148.5 119.4 119.4 119.4 119.4 119.4 119.4 119.4 119.4 119.4 119.4 119.4 119.4 119.4 119.4 119.4 119.4 119.4 119.4 119.4 119.4 119.4 119.4 119.4 119.4 119.4 119.4 119.4 119.4 119.4 119.4 119.4 119.4 119.4 119.4 119.4 119.4 119.4 119.4 119.4 119.4 119.4 119.4 119.4 119.4 119.4 119.4 119.4 119.4 119.4 119.4 119.4 119.4 119.4 119.4 119.4 119.4 119.4 119.4 119.4 119.4 103.9 103.9 103.9 103.9 103.9 103.9 103.9 103.9 103.9 103.9 103.9 103.9 103.9 103.9 103.9 103.9 103.9 103.9 103.9 103.9 103.9 103.9 103.9 103.9 103.9 103.9 103.9 103.9 103.9 
148.5 148.5 148.5 148.5 148.5 148.5 148.5 148.5 148.5 148.5 148.5 119.4 119.4 119.4 119.4 119.4 119.4 119.4 119.4 119.4 119.4 119.4 119.4 119.4 119.4 119.4 119.4 119.4 119.4 119.4 119.4 119.4 119.4 119.4 119.4 119.4 119.4 119.4 119.4 119.4 119.4 119.4 119.4 119.4 119.4 119.4 119.4 119.4 119.4 119.4 119.4 119.4 119.4 119.4 119.4 119.4 119.4 119.4 119.4 119.4 119.4 119.4 119.4 119.4 119.4 119.4 119.4 119.4 119.4 119.4 119.4 103.9 103.9 103.9 103.9 103.9 103.9 103.9 103.9 103.9 103.9 103.9 103.9 103.9 103.9 103.9 103.9 103.9 103.9 103.9 103.9 103.9 103.9 103.9 103.9 103.9 103.9 103.9 103.9 103.9 
152.7 152.7 152.7 152.7 152.7 152.7 152.7 152.7 152.7 152.7 152.7 140.9 140.9 140.9 140.9 140.9 140.9 140.9 140.9 140.9 140.9 140.9 140.9 140.9 140.9 140.9 140.9 140.9 140.9 140.9 140.9 140.9 140.9 140.9 140.9 140.9 140.9 140.9 140.9 140.9 140.9 140.9 140.9 140.9 140.9 140.9 140.9 140.9 140.9 140.9 140.9 140.9 140.9 140.9 140.9 140.9 140.9 140.9 140.9 140.9 140.9 140.9 140.9 140.9 140.9 140.9 140.9 140.9 140.9 140.9 140.9 121.9 121.9 121.9 121.9 121.9 121.9 121.9 121.9 121.9 121.9 121.9 121.9 121.9 121.9 121.9 121.9 121.9 121.9 121.9 121.9 121.9 121.9 121.9 121.9 121.9 121.9 121.9 121.9 121.9 
152.7 152.7 152.7 152.7 152.7 152.7 152.7 152.7 152.7 152.7 152.7 140.9 140.9 140.9 140.9 140.9 140.9 140.9 140.9 140.9 140.9 140.9 140.9 140.9 140.9 140.9 140.9 140.9 140.9 140.9 140.9 140.9 140.9 140.9 140.9 140.9 140.9 140.9 140.9 140.9 140.9 140.9 140.9 140.9 140.9 140.9 140.9 140.9 140.9 140.9 140.9 140.9 140.9 140.9 140.9 140.9 140.9 140.9 140.9 140.9 140.9 140.9 140.9 140.9 140.9 140.9 140.9 140.9 140.9 140.9 140.9 121.9 121.9 121.9 121.9 121.9 121.9 121.9 121.9 121.9 121.9 121.9 121.9 121.9 121.9 121.9 121.9 121.9 121.9 121.9 121.9 121.9 121.9 121.9 121.9 121.9 121.9 121.9 121.9 121.9 
152.7 152.7 152.7 152.7 152.7 152.7 152.7 152.7 152.7 152.7 152.7 140.9 140.9 140.9 140.9 140.9 140.9 140.9 140.9 140.9 140.9 140.9 140.9 140.9 140.9 140.9 140.9 140.9 140.9 140.9 140.9 140.9 140.9 140.9 140.9 140.9 140.9 140.9 140.9 140.9 140.9 140.9 140.9 140.9 140.9 140.9 140.9 140.9 140.9 140.9 140.9 140.9 140.9 140.9 140.9 140.9 140.9 140.9 140.9 140.9 140.9 140.9 140.9 140.9 140.9 140.9 140.9 140.9 140.9 140.9 140.9 121.9 121.9 121.9 121.9 121.9 121.9 121.9 121.9 121.9 121.9 121.9 121.9 121.9 121.9 121.9 121.9 121.9 121.9 121.9 121.9 121.9 121.9 121.9 121.9 121.9 121.9 121.9 121.9 121.9 
152.7 152.7 152.7 152.7 152.7 152.7 152.7 152.7 152.7 152.7 152.7 140.9 140.9 140.9 140.9 140.9 140.9 140.9 140.9 140.9 140.9 140.9 140.9 140.9 140.9 140.9 140.9 140.9 140.9 140.9 140.9 140.9 140.9 140.9 140.9 140.9 140.9 140.9 140.9 140.9 140.9 140.9 140.9 140.9 140.9 140.9 140.9 140.9 140.9 140.9 140.9 140.9 140.9 140.9 140.9 140.9 140.9 140.9 140.9 140.9 140.9 140.9 140.9 140.9 140.9 140.9 140.9 140.9 140.9 140.9 140.9 121.9 121.9 121.9 121.9 121.9 121.9 121.9 121.9 121.9 121.9 121.9 121.9 121.9 121.9 121.9 121.9 121.9 121.9 121.9 121.9 121.9 121.9 121.9 121.9 121.9 121.9 121.9 121.9 121.9 
152.7 152.7 152.7 152.7 152.7 152.7 152.7 152.7 152.7 152.7 152.7 140.9 140.9 140.9 140.9 140.9 140.9 140.9 140.9 140.9 140.9 140.9 140.9 140.9 140.9 140.9 140.9 140.9 140.9 140.9 140.9 140.9 140.9 140.9 140.9 140.9 140.9 140.9 140.9 140.9 140.9 140.9 140.9 140.9 140.9 140.9 140.9 140.9 140.9 140.9 140.9 140.9 140.9 140.9 140.9 140.9 140.9 140.9 140.9 140.9 140.9 140.9 140.9 140.9 140.9 140.9 140.9 140.9 140.9 140.9 140.9 121.9 121.9 121.9 121.9 121.9 121.9 121.9 121.9 121.9 121.9 121.9 121.9 121.9 121.9 121.9 121.9 121.9 121.9 121.9 121.9 121.9 121.9 121.9 121.9 121.9 121.9 121.9 121.9 121.9 
152.7 152.7 152.7 152.7 152.7 152.7 152.7 152.7 152.7 152.7 152.7 140.9 140.9 140.9 140.9 140.9 140.9 140.9 140.9 140.9 140.9 140.9 140.9 140.9 140.9 140.9 140.9 140.9 140.9 140.9 140.9 140.9 140.9 140.9 140.9 140.9 140.9 140.9 140.9 140.9 140.9 140.9 140.9 140.9 140.9 140.9 140.9 140.9 140.9 140.9 140.9 140.9 140.9 140.9 140.9 140.9 140.9 140.9 140.9 140.9 140.9 140.9 140.9 140.9 140.9 140.9 140.9 140.9 140.9 140.9 140.9 121.9 121.9 121.9 121.9 121.9 121.9 121.9 121.9 121.9 121.9 121.9 121.9 121.9 121.9 121.9 121.9 121.9 121.9 121.9 121.9 121.9 121.9 121.9 121.9 121.9 121.9 121.9 121.9 121.9 
152.7 152.7 152.7 152.7 152.7 152.7 152.7 152.7 152.7 152.7 152.7 140.9 140.9 140.9 140.9 140.9 140.9 140.9 140.9 140.9 140.9 140.9 140.9 140.9 140.9 140.9 140.9 140.9 140.9 140.9 140.9 140.9 140.9 140.9 140.9 140.9 140.9 140.9 140.9 140.9 140.9 140.9 140.9 140.9 140.9 140.9 140.9 140.9 140.9 140.9 140.9 140.9 140.9 140.9 140.9 140.9 140.9 140.9 140.9 140.9 140.9 140.9 140.9 140.9 140.9 140.9 140.9 140.9 140.9 140.9 140.9 121.9 121.9 121.9 121.9 121.9 121.9 121.9 121.9 121.9 121.9 121.9 121.9 121.9 121.9 121.9 121.9 121.9 121.9 121.9 121.9 121.9 121.9 121.9 121.9 121.9 121.9 121.9 121.9 121.9 
152.7 152.7 152.7 152.7 152.7 152.7 152.7 152.7 152.7 152.7 152.7 140.9 140.9 140.9 140.9 140.9 140.9 140.9 140.9 140.9 140.9 140.9 140.9 140.9 140.9 140.9 140.9 140.9 140.9 140.9 140.9 140.9 140.9 140.9 140.9 140.9 140.9 140.9 140.9 140.9 140.9 140.9 140.9 140.9 140.9 140.9 140.9 140.9 140.9 140.9 140.9 140.9 140.9 140.9 140.9 140.9 140.9 140.9 140.9 140.9 140.9 140.9 140.9 140.9 140.9 140.9 140.9 140.9 140.9 140.9 140.9 121.9 121.9 121.9 121.9 121.9 121.9 121.9 121.9 121.9 121.9 121.9 121.9 121.9 121.9 121.9 121.9 121.9 121.9 121.9 121.9 121.9 121.9 121.9 121.9 121.9 121.9 121.9 121.9 121.9 
152.7 152.7 152.7 152.7 152.7 152.7 152.7 152.7 152.7 152.7 152.7 140.9 140.9 140.9 140.9 140.9 140.9 140.9 140.9 140.9 140.9 140.9 140.9 140.9 140.9 140.9 140.9 140.9 140.9 140.9 140.9 140.9 140.9 140.9 140.9 140.9 140.9 140.9 140.9 140.9 140.9 140.9 140.9 140.9 140.9 140.9 140.9 140.9 140.9 140.9 140.9 140.9 140.9 140.9 140.9 140.9 140.9 140.9 140.9 140.9 140.9 140.9 140.9 140.9 140.9 140.9 140.9 140.9 140.9 140.9 140.9 121.9 121.9 121.9 121.9 121.9 121.9 121.9 121.9 121.9 121.9 121.9 121.9 121.9 121.9 121.9 121.9 121.9 121.9 121.9 121.9 121.9 121.9 121.9 121.9 121.9 121.9 121.9 121.9 121.9 
152.7 152.7 152.7 152.7 152.7 152.7 152.7 152.7 152.7 152.7 152.7 140.9 140.9 140.9 140.9 140.9 140.9 140.9 140.9 140.9 140.9 140.9 140.9 140.9 140.9 140.9 140.9 140.9 140.9 140.9 140.9 140.9 140.9 140.9 140.9 140.9 140.9 140.9 140.9 140.9 140.9 140.9 140.9 140.9 140.9 140.9 140.9 140.9 140.9 140.9 140.9 140.9 140.9 140.9 140.9 140.9 140.9 140.9 140.9 140.9 140.9 140.9 140.9 140.9 140.9 140.9 140.9 140.9 140.9 140.9 140.9 121.9 121.9 121.9 121.9 121.9 121.9 121.9 121.9 121.9 121.9 121.9 121.9 121.9 121.9 121.9 121.9 121.9 121.9 121.9 121.9 121.9 121.9 121.9 121.9 121.9 121.9 121.9 121.9 121.9 
152.7 152.7 152.7 152.7 152.7 152.7 152.7 152.7 152.7 152.7 152.7 140.9 140.9 140.9 140.9 140.9 140.9 140.9 140.9 140.9 140.9 140.9 140.9 140.9 140.9 140.9 140.9 140.9 140.9 140.9 140.9 140.9 140.9 140.9 140.9 140.9 140.9 140.9 140.9 140.9 140.9 140.9 140.9 140.9 140.9 140.9 140.9 140.9 140.9 140.9 140.9 140.9 140.9 140.9 140.9 140.9 140.9 140.9 140.9 140.9 140.9 140.9 140.9 140.9 140.9 140.9 140.9 140.9 140.9 140.9 140.9 121.9 121.9 121.9 121.9 121.9 121.9 121.9 121.9 121.9 121.9 121.9 121.9 121.9 121.9 121.9 121.9 121.9 121.9 121.9 121.9 121.9 121.9 121.9 121.9 121.9 121.9 121.9 121.9 121.9 
152.7 152.7 152.7 152.7 152.7 152.7 152.7 152.7 152.7 152.7 152.7 140.9 140.9 140.9 140.9 140.9 140.9 140.9 140.9 140.9 140.9 140.9 140.9 140.9 140.9 140.9 140.9 140.9 140.9 140.9 140.9 140.9 140.9 140.9 140.9 140.9 140.9 140.9 140.9 140.9 140.9 140.9 140.9 140.9 140.9 140.9 140.9 140.9 140.9 140.9 140.9 140.9 140.9 140.9 140.9 140.9 140.9 140.9 140.9 140.9 140.9 140.9 140.9 140.9 140.9 140.9 140.9 140.9 140.9 140.9 140.9 121.9 121.9 121.9 121.9 121.9 121.9 121.9 121.9 121.9 121.9 121.9 121.9 121.9 121.9 121.9 121.9 121.9 121.9 121.9 121.9 121.9 121.9 121.9 121.9 121.9 121.9 121.9 121.9 121.9 
152.7 152.7 152.7 152.7 152.7 152.7 152.7 152.7 152.7 152.7 152.7 140.9 140.9 140.9 140.9 140.9 140.9 140.9 140.9 140.9 140.9 140.9 140.9 140.9 140.9 140.9 140.9 140.9 140.9 140.9 140.9 140.9 140.9 140.9 140.9 140.9 140.9 140.9 140.9 140.9 140.9 140.9 140.9 140.9 140.9 140.9 140.9 140.9 140.9 140.9 140.9 140.9 140.9 140.9 140.9 140.9 140.9 140.9 140.9 140.9 140.9 140.9 140.9 140.9 140.9 140.9 140.9 140.9 140.9 140.9 140.9 121.9 121.9 121.9 121.9 121.9 121.9 121.9 121.9 121.9 121.9 121.9 121.9 121.9 121.9 121.9 121.9 121.9 121.9 121.9 121.9 121.9 121.9 121.9 121.9 121.9 121.9 121.9 121.9 121.9 
152.7 152.7 152.7 152.7 152.7 152.7 152.7 152.7 152.7 152.7 152.7 140.9 140.9 140.9 140.9 140.9 140.9 140.9 140.9 140.9 140.9 140.9 140.9 140.9 140.9 140.9 140.9 140.9 140.9 140.9 140.9 140.9 140.9 140.9 140.9 140.9 140.9 140.9 140.9 140.9 140.9 140.9 140.9 140.9 140.9 140.9 140.9 140.9 140.9 140.9 140.9 140.9 140.9 140.9 140.9 140.9 140.9 140.9 140.9 140.9 140.9 140.9 140.9 140.9 140.9 140.9 140.9 140.9 140.9 140.9 140.9 121.9 121.9 121.9 121.9 121.9 121.9 121.9 121.9 121.9 121.9 121.9 121.9 121.9 121.9 121.9 121.9 121.9 121.9 121.9 121.9 121.9 121.9 121.9 121.9 121.9 121.9 121.9 121.9 121.9 
152.7 152.7 152.7 152.7 152.7 152.7 152.7 152.7 152.7 152.7 152.7 140.9 140.9 140.9 140.9 140.9 140.9 140.9 140.9 140.9 140.9 140.9 140.9 140.9 140.9 140.9 140.9 140.9 140.9 140.9 140.9 140.9 140.9 140.9 140.9 140.9 140.9 140.9 140.9 140.9 140.9 140.9 140.9 140.9 140.9 140.9 140.9 140.9 140.9 140.9 140.9 140.9 140.9 140.9 140.9 140.9 140.9 140.9 140.9 140.9 140.9 140.9 140.9 140.9 140.9 140.9 140.9 140.9 140.9 140.9 140.9 121.9 121.9 121.9 121.9 121.9 121.9 121.9 121.9 121.9 121.9 121.9 121.9 121.9 121.9 121.9 121.9 121.9 121.9 121.9 121.9 121.9 121.9 121.9 121.9 121.9 121.9 121.9 121.9 121.9 
152.7 152.7 152.7 152.7 152.7 152.7 152.7 152.7 152.7 152.7 152.7 140.9 140.9 140.9 140.9 140.9 140.9 140.9 140.9 140.9 140.9 140.9 140.9 140.9 140.9 140.9 140.9 140.9 140.9 140.9 140.9 140.9 140.9 140.9 140.9 140.9 140.9 140.9 140.9 140.9 140.9 140.9 140.9 140.9 140.9 140.9 140.9 140.9 140.9 140.9 140.9 140.9 140.9 140.9 140.9 140.9 140.9 140.9 140.9 140.9 140.9 140.9 140.9 140.9 140.9 140.9 140.9 140.9 140.9 140.9 140.9 121.9 121.9 121.9 121.9 121.9 121.9 121.9 121.9 121.9 121.9 121.9 121.9 121.9 121.9 121.9 121.9 121.9 121.9 121.9 121.9 121.9 121.9 121.9 121.9 121.9 121.9 121.9 121.9 121.9 
152.7 152.7 152.7 152.7 152.7 152.7 152.7 152.7 152.7 152.7 152.7 140.9 140.9 140.9 140.9 140.9 140.9 140.9 140.9 140.9 140.9 140.9 140.9 140.9 140.9 140.9 140.9 140.9 140.9 140.9 140.9 140.9 140.9 140.9 140.9 140.9 140.9 140.9 140.9 140.9 140.9 140.9 140.9 140.9 140.9 140.9 140.9 140.9 140.9 140.9 140.9 140.9 140.9 140.9 140.9 140.9 140.9 140.9 140.9 140.9 140.9 140.9 140.9 140.9 140.9 140.9 140.9 140.9 140.9 140.9 140.9 121.9 121.9 121.9 121.9 121.9 121.9 121.9 121.9 121.9 121.9 121.9 121.9 121.9 121.9 121.9 121.9 121.9 121.9 121.9 121.9 121.9 121.9 121.9 121.9 121.9 121.9 121.9 121.9 121.9 
152.7 152.7 152.7 152.7 152.7 152.7 152.7 152.7 152.7 152.7 152.7 140.9 140.9 140.9 140.9 140.9 140.9 140.9 140.9 140.9 140.9 140.9 140.9 140.9 140.9 140.9 140.9 140.9 140.9 140.9 140.9 140.9 140.9 140.9 140.9 140.9 140.9 140.9 140.9 140.9 140.9 140.9 140.9 140.9 140.9 140.9 140.9 140.9 140.9 140.9 140.9 140.9 140.9 140.9 140.9 140.9 140.9 140.9 140.9 140.9 140.9 140.9 140.9 140.9 140.9 140.9 140.9 140.9 140.9 140.9 140.9 121.9 121.9 121.9 121.9 121.9 121.9 121.9 121.9 121.9 121.9 121.9 121.9 121.9 121.9 121.9 121.9 121.9 121.9 121.9 121.9 121.9 121.9 121.9 121.9 121.9 121.9 121.9 121.9 121.9 
152.7 152.7 152.7 152.7 152.7 152.7 152.7 152.7 152.7 152.7 152.7 140.9 140.9 140.9 140.9 140.9 140.9 140.9 140.9 140.9 140.9 140.9 140.9 140.9 140.9 140.9 140.9 140.9 140.9 140.9 140.9 140.9 140.9 140.9 140.9 140.9 140.9 140.9 140.9 140.9 140.9 140.9 140.9 140.9 140.9 140.9 140.9 140.9 140.9 140.9 140.9 140.9 140.9 140.9 140.9 140.9 140.9 140.9 140.9 140.9 140.9 140.9 140.9 140.9 140.9 140.9 140.9 140.9 140.9 140.9 140.9 121.9 121.9 121.9 121.9 121.9 121.9 121.9 121.9 121.9 121.9 121.9 121.9 121.9 121.9 121.9 121.9 121.9 121.9 121.9 121.9 121.9 121.9 121.9 121.9 121.9 121.9 121.9 121.9 121.9 
152.7 152.7 152.7 152.7 152.7 152.7 152.7 152.7 152.7 152.7 152.7 140.9 140.9 140.9 140.9 140.9 140.9 140.9 140.9 140.9 140.9 140.9 140.9 140.9 140.9 140.9 140.9 140.9 140.9 140.9 140.9 140.9 140.9 140.9 140.9 140.9 140.9 140.9 140.9 140.9 140.9 140.9 140.9 140.9 140.9 140.9 140.9 140.9 140.9 140.9 140.9 140.9 140.9 140.9 140.9 140.9 140.9 140.9 140.9 140.9 140.9 140.9 140.9 140.9 140.9 140.9 140.9 140.9 140.9 140.9 140.9 121.9 121.9 121.9 121.9 121.9 121.9 121.9 121.9 121.9 121.9 121.9 121.9 121.9 121.9 121.9 121.9 121.9 121.9 121.9 121.9 121.9 121.9 121.9 121.9 121.9 121.9 121.9 121.9 121.9 
152.7 152.7 152.7 152.7 152.7 152.7 152.7 152.7 152.7 152.7 152.7 140.9 140.9 140.9 140.9 140.9 140.9 140.9 140.9 140.9 140.9 140.9 140.9 140.9 140.9 140.9 140.9 140.9 140.9 140.9 140.9 140.9 140.9 140.9 140.9 140.9 140.9 140.9 140.9 140.9 140.9 140.9 140.9 140.9 140.9 140.9 140.9 140.9 140.9 140.9 140.9 140.9 140.9 140.9 140.9 140.9 140.9 140.9 140.9 140.9 140.9 140.9 140.9 140.9 140.9 140.9 140.9 140.9 140.9 140.9 140.9 121.9 121.9 121.9 121.9 121.9 121.9 121.9 121.9 121.9 121.9 121.9 121.9 121.9 121.9 121.9 121.9 121.9 121.9 121.9 121.9 121.9 121.9 121.9 121.9 121.9 121.9 121.9 121.9 121.9 
152.7 152.7 152.7 152.7 152.7 152.7 152.7 152.7 152.7 152.7 152.7 140.9 140.9 140.9 140.9 140.9 140.9 140.9 140.9 140.9 140.9 140.9 140.9 140.9 140.9 140.9 140.9 140.9 140.9 140.9 140.9 140.9 140.9 140.9 140.9 140.9 140.9 140.9 140.9 140.9 140.9 140.9 140.9 140.9 140.9 140.9 140.9 140.9 140.9 140.9 140.9 140.9 140.9 140.9 140.9 140.9 140.9 140.9 140.9 140.9 140.9 140.9 140.9 140.9 140.9 140.9 140.9 140.9 140.9 140.9 140.9 121.9 121.9 121.9 121.9 121.9 121.9 121.9 121.9 121.9 121.9 121.9 121.9 121.9 121.9 121.9 121.9 121.9 121.9 121.9 121.9 121.9 121.9 121.9 121.9 121.9 121.9 121.9 121.9 121.9 
152.7 152.7 152.7 152.7 152.7 152.7 152.7 152.7 152.7 152.7 152.7 140.9 140.9 140.9 140.9 140.9 140.9 140.9 140.9 140.9 140.9 140.9 140.9 140.9 140.9 140.9 140.9 140.9 140.9 140.9 140.9 140.9 140.9 140.9 140.9 140.9 140.9 140.9 140.9 140.9 140.9 140.9 140.9 140.9 140.9 140.9 140.9 140.9 140.9 140.9 140.9 140.9 140.9 140.9 140.9 140.9 140.9 140.9 140.9 140.9 140.9 140.9 140.9 140.9 140.9 140.9 140.9 140.9 140.9 140.9 140.9 121.9 121.9 121.9 121.9 121.9 121.9 121.9 121.9 121.9 121.9 121.9 121.9 121.9 121.9 121.9 121.9 121.9 121.9 121.9 121.9 121.9 121.9 121.9 121.9 121.9 121.9 121.9 121.9 121.9 
152.7 152.7 152.7 152.7 152.7 152.7 152.7 152.7 152.7 152.7 152.7 140.9 140.9 140.9 140.9 140.9 140.9 140.9 140.9 140.9 140.9 140.9 140.9 140.9 140.9 140.9 140.9 140.9 140.9 140.9 140.9 140.9 140.9 140.9 140.9 140.9 140.9 140.9 140.9 140.9 140.9 140.9 140.9 140.9 140.9 140.9 140.9 140.9 140.9 140.9 140.9 140.9 140.9 140.9 140.9 140.9 140.9 140.9 140.9 140.9 140.9 140.9 140.9 140.9 140.9 140.9 140.9 140.9 140.9 140.9 140.9 121.9 121.9 121.9 121.9 121.9 121.9 121.9 121.9 121.9 121.9 121.9 121.9 121.9 121.9 121.9 121.9 121.9 121.9 121.9 121.9 121.9 121.9 121.9 121.9 121.9 121.9 121.9 121.9 121.9 
152.7 152.7 152.7 152.7 152.7 152.7 152.7 152.7 152.7 152.7 152.7 140.9 140.9 140.9 140.9 140.9 140.9 140.9 140.9 140.9 140.9 140.9 140.9 140.9 140.9 140.9 140.9 140.9 140.9 140.9 140.9 140.9 140.9 140.9 140.9 140.9 140.9 140.9 140.9 140.9 140.9 140.9 140.9 140.9 140.9 140.9 140.9 140.9 140.9 140.9 140.9 140.9 140.9 140.9 140.9 140.9 140.9 140.9 140.9 140.9 140.9 140.9 140.9 140.9 140.9 140.9 140.9 140.9 140.9 140.9 140.9 121.9 121.9 121.9 121.9 121.9 121.9 121.9 121.9 121.9 121.9 121.9 121.9 121.9 121.9 121.9 121.9 121.9 121.9 121.9 121.9 121.9 121.9 121.9 121.9 121.9 121.9 121.9 121.9 121.9 
152.7 152.7 152.7 152.7 152.7 152.7 152.7 152.7 152.7 152.7 152.7 140.9 140.9 140.9 140.9 140.9 140.9 140.9 140.9 140.9 140.9 140.9 140.9 140.9 140.9 140.9 140.9 140.9 140.9 140.9 140.9 140.9 140.9 140.9 140.9 140.9 140.9 140.9 140.9 140.9 140.9 140.9 140.9 140.9 140.9 140.9 140.9 140.9 140.9 140.9 140.9 140.9 140.9 140.9 140.9 140.9 140.9 140.9 140.9 140.9 140.9 140.9 140.9 140.9 140.9 140.9 140.9 140.9 140.9 140.9 140.9 121.9 121.9 121.9 121.9 121.9 121.9 121.9 121.9 121.9 121.9 121.9 121.9 121.9 121.9 121.9 121.9 121.9 121.9 121.9 121.9 121.9 121.9 121.9 121.9 121.9 121.9 121.9 121.9 121.9 
152.7 152.7 152.7 152.7 152.7 152.7 152.7 152.7 152.7 152.7 152.7 140.9 140.9 140.9 140.9 140.9 140.9 140.9 140.9 140.9 140.9 140.9 140.9 140.9 140.9 140.9 140.9 140.9 140.9 140.9 140.9 140.9 140.9 140.9 140.9 140.9 140.9 140.9 140.9 140.9 140.9 140.9 140.9 140.9 140.9 140.9 140.9 140.9 140.9 140.9 140.9 140.9 140.9 140.9 140.9 140.9 140.9 140.9 140.9 140.9 140.9 140.9 140.9 140.9 140.9 140.9 140.9 140.9 140.9 140.9 140.9 121.9 121.9 121.9 121.9 121.9 121.9 121.9 121.9 121.9 121.9 121.9 121.9 121.9 121.9 121.9 121.9 121.9 121.9 121.9 121.9 121.9 121.9 121.9 121.9 121.9 121.9 121.9 121.9 121.9 
152.7 152.7 152.7 152.7 152.7 152.7 152.7 152.7 152.7 152.7 152.7 140.9 140.9 140.9 140.9 140.9 140.9 140.9 140.9 140.9 140.9 140.9 140.9 140.9 140.9 140.9 140.9 140.9 140.9 140.9 140.9 140.9 140.9 140.9 140.9 140.9 140.9 140.9 140.9 140.9 140.9 140.9 140.9 140.9 140.9 140.9 140.9 140.9 140.9 140.9 140.9 140.9 140.9 140.9 140.9 140.9 140.9 140.9 140.9 140.9 140.9 140.9 140.9 140.9 140.9 140.9 140.9 140.9 140.9 140.9 140.9 121.9 121.9 121.9 121.9 121.9 121.9 121.9 121.9 121.9 121.9 121.9 121.9 121.9 121.9 121.9 121.9 121.9 121.9 121.9 121.9 121.9 121.9 121.9 121.9 121.9 121.9 121.9 121.9 121.9 
152.7 152.7 152.7 152.7 152.7 152.7 152.7 152.7 152.7 152.7 152.7 140.9 140.9 140.9 140.9 140.9 140.9 140.9 140.9 140.9 140.9 140.9 140.9 140.9 140.9 140.9 140.9 140.9 140.9 140.9 140.9 140.9 140.9 140.9 140.9 140.9 140.9 140.9 140.9 140.9 140.9 140.9 140.9 140.9 140.9 140.9 140.9 140.9 140.9 140.9 140.9 140.9 140.9 140.9 140.9 140.9 140.9 140.9 140.9 140.9 140.9 140.9 140.9 140.9 140.9 140.9 140.9 140.9 140.9 140.9 140.9 121.9 121.9 121.9 121.9 121.9 121.9 121.9 121.9 121.9 121.9 121.9 121.9 121.9 121.9 121.9 121.9 121.9 121.9 121.9 121.9 121.9 121.9 121.9 121.9 121.9 121.9 121.9 121.9 121.9 
152.7 152.7 152.7 152.7 152.7 152.7 152.7 152.7 152.7 152.7 152.7 140.9 140.9 140.9 140.9 140.9 140.9 140.9 140.9 140.9 140.9 140.9 140.9 140.9 140.9 140.9 140.9 140.9 140.9 140.9 140.9 140.9 140.9 140.9 140.9 140.9 140.9 140.9 140.9 140.9 140.9 140.9 140.9 140.9 140.9 140.9 140.9 140.9 140.9 140.9 140.9 140.9 140.9 140.9 140.9 140.9 140.9 140.9 140.9 140.9 140.9 140.9 140.9 140.9 140.9 140.9 140.9 140.9 140.9 140.9 140.9 121.9 121.9 121.9 121.9 121.9 121.9 121.9 121.9 121.9 121.9 121.9 121.9 121.9 121.9 121.9 121.9 121.9 121.9 121.9 121.9 121.9 121.9 121.9 121.9 121.9 121.9 121.9 121.9 121.9 
152.7 152.7 152.7 152.7 152.7 152.7 152.7 152.7 152.7 152.7 152.7 140.9 140.9 140.9 140.9 140.9 140.9 140.9 140.9 140.9 140.9 140.9 140.9 140.9 140.9 140.9 140.9 140.9 140.9 140.9 140.9 140.9 140.9 140.9 140.9 140.9 140.9 140.9 140.9 140.9 140.9 140.9 140.9 140.9 140.9 140.9 140.9 140.9 140.9 140.9 140.9 140.9 140.9 140.9 140.9 140.9 140.9 140.9 140.9 140.9 140.9 140.9 140.9 140.9 140.9 140.9 140.9 140.9 140.9 140.9 140.9 121.9 121.9 121.9 121.9 121.9 121.9 121.9 121.9 121.9 121.9 121.9 121.9 121.9 121.9 121.9 121.9 121.9 121.9 121.9 121.9 121.9 121.9 121.9 121.9 121.9 121.9 121.9 121.9 121.9 
152.7 152.7 152.7 152.7 152.7 152.7 152.7 152.7 152.7 152.7 152.7 140.9 140.9 140.9 140.9 140.9 140.9 140.9 140.9 140.9 140.9 140.9 140.9 140.9 140.9 140.9 140.9 140.9 140.9 140.9 140.9 140.9 140.9 140.9 140.9 140.9 140.9 140.9 140.9 140.9 140.9 140.9 140.9 140.9 140.9 140.9 140.9 140.9 140.9 140.9 140.9 140.9 140.9 140.9 140.9 140.9 140.9 140.9 140.9 140.9 140.9 140.9 140.9 140.9 140.9 140.9 140.9 140.9 140.9 140.9 140.9 121.9 121.9 121.9 121.9 121.9 121.9 121.9 121.9 121.9 121.9 121.9 121.9 121.9 121.9 121.9 121.9 121.9 121.9 121.9 121.9 121.9 121.9 121.9 121.9 121.9 121.9 121.9 121.9 121.9 
152.7 152.7 152.7 152.7 152.7 152.7 152.7 152.7 152.7 152.7 152.7 140.9 140.9 140.9 140.9 140.9 140.9 140.9 140.9 140.9 140.9 140.9 140.9 140.9 140.9 140.9 140.9 140.9 140.9 140.9 140.9 140.9 140.9 140.9 140.9 140.9 140.9 140.9 140.9 140.9 140.9 140.9 140.9 140.9 140.9 140.9 140.9 140.9 140.9 140.9 140.9 140.9 140.9 140.9 140.9 140.9 140.9 140.9 140.9 140.9 140.9 140.9 140.9 140.9 140.9 140.9 140.9 140.9 140.9 140.9 140.9 121.9 121.9 121.9 121.9 121.9 121.9 121.9 121.9 121.9 121.9 121.9 121.9 121.9 121.9 121.9 121.9 121.9 121.9 121.9 121.9 121.9 121.9 121.9 121.9 121.9 121.9 121.9 121.9 121.9 
152.7 152.7 152.7 152.7 152.7 152.7 152.7 152.7 152.7 152.7 152.7 140.9 140.9 140.9 140.9 140.9 140.9 140.9 140.9 140.9 140.9 140.9 140.9 140.9 140.9 140.9 140.9 140.9 140.9 140.9 140.9 140.9 140.9 140.9 140.9 140.9 140.9 140.9 140.9 140.9 140.9 140.9 140.9 140.9 140.9 140.9 140.9 140.9 140.9 140.9 140.9 140.9 140.9 140.9 140.9 140.9 140.9 140.9 140.9 140.9 140.9 140.9 140.9 140.9 140.9 140.9 140.9 140.9 140.9 140.9 140.9 121.9 121.9 121.9 121.9 121.9 121.9 121.9 121.9 121.9 121.9 121.9 121.9 121.9 121.9 121.9 121.9 121.9 121.9 121.9 121.9 121.9 121.9 121.9 121.9 121.9 121.9 121.9 121.9 121.9 
152.7 152.7 152.7 152.7 152.7 152.7 152.7 152.7 152.7 152.7 152.7 140.9 140.9 140.9 140.9 140.9 140.9 140.9 140.9 140.9 140.9 140.9 140.9 140.9 140.9 140.9 140.9 140.9 140.9 140.9 140.9 140.9 140.9 140.9 140.9 140.9 140.9 140.9 140.9 140.9 140.9 140.9 140.9 140.9 140.9 140.9 140.9 140.9 140.9 140.9 140.9 140.9 140.9 140.9 140.9 140.9 140.9 140.9 140.9 140.9 140.9 140.9 140.9 140.9 140.9 140.9 140.9 140.9 140.9 140.9 140.9 121.9 121.9 121.9 121.9 121.9 121.9 121.9 121.9 121.9 121.9 121.9 121.9 121.9 121.9 121.9 121.9 121.9 121.9 121.9 121.9 121.9 121.9 121.9 121.9 121.9 121.9 121.9 121.9 121.9 
152.7 152.7 152.7 152.7 152.7 152.7 152.7 152.7 152.7 152.7 152.7 140.9 140.9 140.9 140.9 140.9 140.9 140.9 140.9 140.9 140.9 140.9 140.9 140.9 140.9 140.9 140.9 140.9 140.9 140.9 140.9 140.9 140.9 140.9 140.9 140.9 140.9 140.9 140.9 140.9 140.9 140.9 140.9 140.9 140.9 140.9 140.9 140.9 140.9 140.9 140.9 140.9 140.9 140.9 140.9 140.9 140.9 140.9 140.9 140.9 140.9 140.9 140.9 140.9 140.9 140.9 140.9 140.9 140.9 140.9 140.9 121.9 121.9 121.9 121.9 121.9 121.9 121.9 121.9 121.9 121.9 121.9 121.9 121.9 121.9 121.9 121.9 121.9 121.9 121.9 121.9 121.9 121.9 121.9 121.9 121.9 121.9 121.9 121.9 121.9 
152.7 152.7 152.7 152.7 152.7 152.7 152.7 152.7 152.7 152.7 152.7 140.9 140.9 140.9 140.9 140.9 140.9 140.9 140.9 140.9 140.9 140.9 140.9 140.9 140.9 140.9 140.9 140.9 140.9 140.9 140.9 140.9 140.9 140.9 140.9 140.9 140.9 140.9 140.9 140.9 140.9 140.9 140.9 140.9 140.9 140.9 140.9 140.9 140.9 140.9 140.9 140.9 140.9 140.9 140.9 140.9 140.9 140.9 140.9 140.9 140.9 140.9 140.9 140.9 140.9 140.9 140.9 140.9 140.9 140.9 140.9 121.9 121.9 121.9 121.9 121.9 121.9 121.9 121.9 121.9 121.9 121.9 121.9 121.9 121.9 121.9 121.9 121.9 121.9 121.9 121.9 121.9 121.9 121.9 121.9 121.9 121.9 121.9 121.9 121.9 
152.7 152.7 152.7 152.7 152.7 152.7 152.7 152.7 152.7 152.7 152.7 140.9 140.9 140.9 140.9 140.9 140.9 140.9 140.9 140.9 140.9 140.9 140.9 140.9 140.9 140.9 140.9 140.9 140.9 140.9 140.9 140.9 140.9 140.9 140.9 140.9 140.9 140.9 140.9 140.9 140.9 140.9 140.9 140.9 140.9 140.9 140.9 140.9 140.9 140.9 140.9 140.9 140.9 140.9 140.9 140.9 140.9 140.9 140.9 140.9 140.9 140.9 140.9 140.9 140.9 140.9 140.9 140.9 140.9 140.9 140.9 121.9 121.9 121.9 121.9 121.9 121.9 121.9 121.9 121.9 121.9 121.9 121.9 121.9 121.9 121.9 121.9 121.9 121.9 121.9 121.9 121.9 121.9 121.9 121.9 121.9 121.9 121.9 121.9 121.9 
152.7 152.7 152.7 152.7 152.7 152.7 152.7 152.7 152.7 152.7 152.7 140.9 140.9 140.9 140.9 140.9 140.9 140.9 140.9 140.9 140.9 140.9 140.9 140.9 140.9 140.9 140.9 140.9 140.9 140.9 140.9 140.9 140.9 140.9 140.9 140.9 140.9 140.9 140.9 140.9 140.9 140.9 140.9 140.9 140.9 140.9 140.9 140.9 140.9 140.9 140.9 140.9 140.9 140.9 140.9 140.9 140.9 140.9 140.9 140.9 140.9 140.9 140.9 140.9 140.9 140.9 140.9 140.9 140.9 140.9 140.9 121.9 121.9 121.9 121.9 121.9 121.9 121.9 121.9 121.9 121.9 121.9 121.9 121.9 121.9 121.9 121.9 121.9 121.9 121.9 121.9 121.9 121.9 121.9 121.9 121.9 121.9 121.9 121.9 121.9 
152.7 152.7 152.7 152.7 152.7 152.7 152.7 152.7 152.7 152.7 152.7 140.9 140.9 140.9 140.9 140.9 140.9 140.9 140.9 140.9 140.9 140.9 140.9 140.9 140.9 140.9 140.9 140.9 140.9 140.9 140.9 140.9 140.9 140.9 140.9 140.9 140.9 140.9 140.9 140.9 140.9 140.9 140.9 140.9 140.9 140.9 140.9 140.9 140.9 140.9 140.9 140.9 140.9 140.9 140.9 140.9 140.9 140.9 140.9 140.9 140.9 140.9 140.9 140.9 140.9 140.9 140.9 140.9 140.9 140.9 140.9 121.9 121.9 121.9 121.9 121.9 121.9 121.9 121.9 121.9 121.9 121.9 121.9 121.9 121.9 121.9 121.9 121.9 121.9 121.9 121.9 121.9 121.9 121.9 121.9 121.9 121.9 121.9 121.9 121.9 
152.7 152.7 152.7 152.7 152.7 152.7 152.7 152.7 152.7 152.7 152.7 140.9 140.9 140.9 140.9 140.9 140.9 140.9 140.9 140.9 140.9 140.9 140.9 140.9 140.9 140.9 140.9 140.9 140.9 140.9 140.9 140.9 140.9 140.9 140.9 140.9 140.9 140.9 140.9 140.9 140.9 140.9 140.9 140.9 140.9 140.9 140.9 140.9 140.9 140.9 140.9 140.9 140.9 140.9 140.9 140.9 140.9 140.9 140.9 140.9 140.9 140.9 140.9 140.9 140.9 140.9 140.9 140.9 140.9 140.9 140.9 121.9 121.9 121.9 121.9 121.9 121.9 121.9 121.9 121.9 121.9 121.9 121.9 121.9 121.9 121.9 121.9 121.9 121.9 121.9 121.9 121.9 121.9 121.9 121.9 121.9 121.9 121.9 121.9 121.9 
152.7 152.7 152.7 152.7 152.7 152.7 152.7 152.7 152.7 152.7 152.7 140.9 140.9 140.9 140.9 140.9 140.9 140.9 140.9 140.9 140.9 140.9 140.9 140.9 140.9 140.9 140.9 140.9 140.9 140.9 140.9 140.9 140.9 140.9 140.9 140.9 140.9 140.9 140.9 140.9 140.9 140.9 140.9 140.9 140.9 140.9 140.9 140.9 140.9 140.9 140.9 140.9 140.9 140.9 140.9 140.9 140.9 140.9 140.9 140.9 140.9 140.9 140.9 140.9 140.9 140.9 140.9 140.9 140.9 140.9 140.9 121.9 121.9 121.9 121.9 121.9 121.9 121.9 121.9 121.9 121.9 121.9 121.9 121.9 121.9 121.9 121.9 121.9 121.9 121.9 121.9 121.9 121.9 121.9 121.9 121.9 121.9 121.9 121.9 121.9 
152.7 152.7 152.7 152.7 152.7 152.7 152.7 152.7 152.7 152.7 152.7 140.9 140.9 140.9 140.9 140.9 140.9 140.9 140.9 140.9 140.9 140.9 140.9 140.9 140.9 140.9 140.9 140.9 140.9 140.9 140.9 140.9 140.9 140.9 140.9 140.9 140.9 140.9 140.9 140.9 140.9 140.9 140.9 140.9 140.9 140.9 140.9 140.9 140.9 140.9 140.9 140.9 140.9 140.9 140.9 140.9 140.9 140.9 140.9 140.9 140.9 140.9 140.9 140.9 140.9 140.9 140.9 140.9 140.9 140.9 140.9 121.9 121.9 121.9 121.9 121.9 121.9 121.9 121.9 121.9 121.9 121.9 121.9 121.9 121.9 121.9 121.9 121.9 121.9 121.9 121.9 121.9 121.9 121.9 121.9 121.9 121.9 121.9 121.9 121.9 
152.7 152.7 152.7 152.7 152.7 152.7 152.7 152.7 152.7 152.7 152.7 140.9 140.9 140.9 140.9 140.9 140.9 140.9 140.9 140.9 140.9 140.9 140.9 140.9 140.9 140.9 140.9 140.9 140.9 140.9 140.9 140.9 140.9 140.9 140.9 140.9 140.9 140.9 140.9 140.9 140.9 140.9 140.9 140.9 140.9 140.9 140.9 140.9 140.9 140.9 140.9 140.9 140.9 140.9 140.9 140.9 140.9 140.9 140.9 140.9 140.9 140.9 140.9 140.9 140.9 140.9 140.9 140.9 140.9 140.9 140.9 121.9 121.9 121.9 121.9 121.9 121.9 121.9 121.9 121.9 121.9 121.9 121.9 121.9 121.9 121.9 121.9 121.9 121.9 121.9 121.9 121.9 121.9 121.9 121.9 121.9 121.9 121.9 121.9 121.9 
152.7 152.7 152.7 152.7 152.7 152.7 152.7 152.7 152.7 152.7 152.7 140.9 140.9 140.9 140.9 140.9 140.9 140.9 140.9 140.9 140.9 140.9 140.9 140.9 140.9 140.9 140.9 140.9 140.9 140.9 140.9 140.9 140.9 140.9 140.9 140.9 140.9 140.9 140.9 140.9 140.9 140.9 140.9 140.9 140.9 140.9 140.9 140.9 140.9 140.9 140.9 140.9 140.9 140.9 140.9 140.9 140.9 140.9 140.9 140.9 140.9 140.9 140.9 140.9 140.9 140.9 140.9 140.9 140.9 140.9 140.9 121.9 121.9 121.9 121.9 121.9 121.9 121.9 121.9 121.9 121.9 121.9 121.9 121.9 121.9 121.9 121.9 121.9 121.9 121.9 121.9 121.9 121.9 121.9 121.9 121.9 121.9 121.9 121.9 121.9 
152.7 152.7 152.7 152.7 152.7 152.7 152.7 152.7 152.7 152.7 152.7 140.9 140.9 140.9 140.9 140.9 140.9 140.9 140.9 140.9 140.9 140.9 140.9 140.9 140.9 140.9 140.9 140.9 140.9 140.9 140.9 140.9 140.9 140.9 140.9 140.9 140.9 140.9 140.9 140.9 140.9 140.9 140.9 140.9 140.9 140.9 140.9 140.9 140.9 140.9 140.9 140.9 140.9 140.9 140.9 140.9 140.9 140.9 140.9 140.9 140.9 140.9 140.9 140.9 140.9 140.9 140.9 140.9 140.9 140.9 140.9 121.9 121.9 121.9 121.9 121.9 121.9 121.9 121.9 121.9 121.9 121.9 121.9 121.9 121.9 121.9 121.9 121.9 121.9 121.9 121.9 121.9 121.9 121.9 121.9 121.9 121.9 121.9 121.9 121.9 
152.7 152.7 152.7 152.7 152.7 152.7 152.7 152.7 152.7 152.7 152.7 140.9 140.9 140.9 140.9 140.9 140.9 140.9 140.9 140.9 140.9 140.9 140.9 140.9 140.9 140.9 140.9 140.9 140.9 140.9 140.9 140.9 140.9 140.9 140.9 140.9 140.9 140.9 140.9 140.9 140.9 140.9 140.9 140.9 140.9 140.9 140.9 140.9 140.9 140.9 140.9 140.9 140.9 140.9 140.9 140.9 140.9 140.9 140.9 140.9 140.9 140.9 140.9 140.9 140.9 140.9 140.9 140.9 140.9 140.9 140.9 121.9 121.9 121.9 121.9 121.9 121.9 121.9 121.9 121.9 121.9 121.9 121.9 121.9 121.9 121.9 121.9 121.9 121.9 121.9 121.9 121.9 121.9 121.9 121.9 121.9 121.9 121.9 121.9 121.9 
152.7 152.7 152.7 152.7 152.7 152.7 152.7 152.7 152.7 152.7 152.7 140.9 140.9 140.9 140.9 140.9 140.9 140.9 140.9 140.9 140.9 140.9 140.9 140.9 140.9 140.9 140.9 140.9 140.9 140.9 140.9 140.9 140.9 140.9 140.9 140.9 140.9 140.9 140.9 140.9 140.9 140.9 140.9 140.9 140.9 140.9 140.9 140.9 140.9 140.9 140.9 140.9 140.9 140.9 140.9 140.9 140.9 140.9 140.9 140.9 140.9 140.9 140.9 140.9 140.9 140.9 140.9 140.9 140.9 140.9 140.9 121.9 121.9 121.9 121.9 121.9 121.9 121.9 121.9 121.9 121.9 121.9 121.9 121.9 121.9 121.9 121.9 121.9 121.9 121.9 121.9 121.9 121.9 121.9 121.9 121.9 121.9 121.9 121.9 121.9 
152.7 152.7 152.7 152.7 152.7 152.7 152.7 152.7 152.7 152.7 152.7 140.9 140.9 140.9 140.9 140.9 140.9 140.9 140.9 140.9 140.9 140.9 140.9 140.9 140.9 140.9 140.9 140.9 140.9 140.9 140.9 140.9 140.9 140.9 140.9 140.9 140.9 140.9 140.9 140.9 140.9 140.9 140.9 140.9 140.9 140.9 140.9 140.9 140.9 140.9 140.9 140.9 140.9 140.9 140.9 140.9 140.9 140.9 140.9 140.9 140.9 140.9 140.9 140.9 140.9 140.9 140.9 140.9 140.9 140.9 140.9 121.9 121.9 121.9 121.9 121.9 121.9 121.9 121.9 121.9 121.9 121.9 121.9 121.9 121.9 121.9 121.9 121.9 121.9 121.9 121.9 121.9 121.9 121.9 121.9 121.9 121.9 121.9 121.9 121.9 
152.7 152.7 152.7 152.7 152.7 152.7 152.7 152.7 152.7 152.7 152.7 140.9 140.9 140.9 140.9 140.9 140.9 140.9 140.9 140.9 140.9 140.9 140.9 140.9 140.9 140.9 140.9 140.9 140.9 140.9 140.9 140.9 140.9 140.9 140.9 140.9 140.9 140.9 140.9 140.9 140.9 140.9 140.9 140.9 140.9 140.9 140.9 140.9 140.9 140.9 140.9 140.9 140.9 140.9 140.9 140.9 140.9 140.9 140.9 140.9 140.9 140.9 140.9 140.9 140.9 140.9 140.9 140.9 140.9 140.9 140.9 121.9 121.9 121.9 121.9 121.9 121.9 121.9 121.9 121.9 121.9 121.9 121.9 121.9 121.9 121.9 121.9 121.9 121.9 121.9 121.9 121.9 121.9 121.9 121.9 121.9 121.9 121.9 121.9 121.9 
152.7 152.7 152.7 152.7 152.7 152.7 152.7 152.7 152.7 152.7 152.7 140.9 140.9 140.9 140.9 140.9 140.9 140.9 140.9 140.9 140.9 140.9 140.9 140.9 140.9 140.9 140.9 140.9 140.9 140.9 140.9 140.9 140.9 140.9 140.9 140.9 140.9 140.9 140.9 140.9 140.9 140.9 140.9 140.9 140.9 140.9 140.9 140.9 140.9 140.9 140.9 140.9 140.9 140.9 140.9 140.9 140.9 140.9 140.9 140.9 140.9 140.9 140.9 140.9 140.9 140.9 140.9 140.9 140.9 140.9 140.9 121.9 121.9 121.9 121.9 121.9 121.9 121.9 121.9 121.9 121.9 121.9 121.9 121.9 121.9 121.9 121.9 121.9 121.9 121.9 121.9 121.9 121.9 121.9 121.9 121.9 121.9 121.9 121.9 121.9 
152.7 152.7 152.7 152.7 152.7 152.7 152.7 152.7 152.7 152.7 152.7 140.9 140.9 140.9 140.9 140.9 140.9 140.9 140.9 140.9 140.9 140.9 140.9 140.9 140.9 140.9 140.9 140.9 140.9 140.9 140.9 140.9 140.9 140.9 140.9 140.9 140.9 140.9 140.9 140.9 140.9 140.9 140.9 140.9 140.9 140.9 140.9 140.9 140.9 140.9 140.9 140.9 140.9 140.9 140.9 140.9 140.9 140.9 140.9 140.9 140.9 140.9 140.9 140.9 140.9 140.9 140.9 140.9 140.9 140.9 140.9 121.9 121.9 121.9 121.9 121.9 121.9 121.9 121.9 121.9 121.9 121.9 121.9 121.9 121.9 121.9 121.9 121.9 121.9 121.9 121.9 121.9 121.9 121.9 121.9 121.9 121.9 121.9 121.9 121.9 
152.7 152.7 152.7 152.7 152.7 152.7 152.7 152.7 152.7 152.7 152.7 140.9 140.9 140.9 140.9 140.9 140.9 140.9 140.9 140.9 140.9 140.9 140.9 140.9 140.9 140.9 140.9 140.9 140.9 140.9 140.9 140.9 140.9 140.9 140.9 140.9 140.9 140.9 140.9 140.9 140.9 140.9 140.9 140.9 140.9 140.9 140.9 140.9 140.9 140.9 140.9 140.9 140.9 140.9 140.9 140.9 140.9 140.9 140.9 140.9 140.9 140.9 140.9 140.9 140.9 140.9 140.9 140.9 140.9 140.9 140.9 121.9 121.9 121.9 121.9 121.9 121.9 121.9 121.9 121.9 121.9 121.9 121.9 121.9 121.9 121.9 121.9 121.9 121.9 121.9 121.9 121.9 121.9 121.9 121.9 121.9 121.9 121.9 121.9 121.9 
152.7 152.7 152.7 152.7 152.7 152.7 152.7 152.7 152.7 152.7 152.7 140.9 140.9 140.9 140.9 140.9 140.9 140.9 140.9 140.9 140.9 140.9 140.9 140.9 140.9 140.9 140.9 140.9 140.9 140.9 140.9 140.9 140.9 140.9 140.9 140.9 140.9 140.9 140.9 140.9 140.9 140.9 140.9 140.9 140.9 140.9 140.9 140.9 140.9 140.9 140.9 140.9 140.9 140.9 140.9 140.9 140.9 140.9 140.9 140.9 140.9 140.9 140.9 140.9 140.9 140.9 140.9 140.9 140.9 140.9 140.9 121.9 121.9 121.9 121.9 121.9 121.9 121.9 121.9 121.9 121.9 121.9 121.9 121.9 121.9 121.9 121.9 121.9 121.9 121.9 121.9 121.9 121.9 121.9 121.9 121.9 121.9 121.9 121.9 121.9 
152.7 152.7 152.7 152.7 152.7 152.7 152.7 152.7 152.7 152.7 152.7 140.9 140.9 140.9 140.9 140.9 140.9 140.9 140.9 140.9 140.9 140.9 140.9 140.9 140.9 140.9 140.9 140.9 140.9 140.9 140.9 140.9 140.9 140.9 140.9 140.9 140.9 140.9 140.9 140.9 140.9 140.9 140.9 140.9 140.9 140.9 140.9 140.9 140.9 140.9 140.9 140.9 140.9 140.9 140.9 140.9 140.9 140.9 140.9 140.9 140.9 140.9 140.9 140.9 140.9 140.9 140.9 140.9 140.9 140.9 140.9 121.9 121.9 121.9 121.9 121.9 121.9 121.9 121.9 121.9 121.9 121.9 121.9 121.9 121.9 121.9 121.9 121.9 121.9 121.9 121.9 121.9 121.9 121.9 121.9 121.9 121.9 121.9 121.9 121.9 
152.7 152.7 152.7 152.7 152.7 152.7 152.7 152.7 152.7 152.7 152.7 140.9 140.9 140.9 140.9 140.9 140.9 140.9 140.9 140.9 140.9 140.9 140.9 140.9 140.9 140.9 140.9 140.9 140.9 140.9 140.9 140.9 140.9 140.9 140.9 140.9 140.9 140.9 140.9 140.9 140.9 140.9 140.9 140.9 140.9 140.9 140.9 140.9 140.9 140.9 140.9 140.9 140.9 140.9 140.9 140.9 140.9 140.9 140.9 140.9 140.9 140.9 140.9 140.9 140.9 140.9 140.9 140.9 140.9 140.9 140.9 121.9 121.9 121.9 121.9 121.9 121.9 121.9 121.9 121.9 121.9 121.9 121.9 121.9 121.9 121.9 121.9 121.9 121.9 121.9 121.9 121.9 121.9 121.9 121.9 121.9 121.9 121.9 121.9 121.9 
152.7 152.7 152.7 152.7 152.7 152.7 152.7 152.7 152.7 152.7 152.7 140.9 140.9 140.9 140.9 140.9 140.9 140.9 140.9 140.9 140.9 140.9 140.9 140.9 140.9 140.9 140.9 140.9 140.9 140.9 140.9 140.9 140.9 140.9 140.9 140.9 140.9 140.9 140.9 140.9 140.9 140.9 140.9 140.9 140.9 140.9 140.9 140.9 140.9 140.9 140.9 140.9 140.9 140.9 140.9 140.9 140.9 140.9 140.9 140.9 140.9 140.9 140.9 140.9 140.9 140.9 140.9 140.9 140.9 140.9 140.9 121.9 121.9 121.9 121.9 121.9 121.9 121.9 121.9 121.9 121.9 121.9 121.9 121.9 121.9 121.9 121.9 121.9 121.9 121.9 121.9 121.9 121.9 121.9 121.9 121.9 121.9 121.9 121.9 121.9 
152.7 152.7 152.7 152.7 152.7 152.7 152.7 152.7 152.7 152.7 152.7 140.9 140.9 140.9 140.9 140.9 140.9 140.9 140.9 140.9 140.9 140.9 140.9 140.9 140.9 140.9 140.9 140.9 140.9 140.9 140.9 140.9 140.9 140.9 140.9 140.9 140.9 140.9 140.9 140.9 140.9 140.9 140.9 140.9 140.9 140.9 140.9 140.9 140.9 140.9 140.9 140.9 140.9 140.9 140.9 140.9 140.9 140.9 140.9 140.9 140.9 140.9 140.9 140.9 140.9 140.9 140.9 140.9 140.9 140.9 140.9 121.9 121.9 121.9 121.9 121.9 121.9 121.9 121.9 121.9 121.9 121.9 121.9 121.9 121.9 121.9 121.9 121.9 121.9 121.9 121.9 121.9 121.9 121.9 121.9 121.9 121.9 121.9 121.9 121.9 
152.7 152.7 152.7 152.7 152.7 152.7 152.7 152.7 152.7 152.7 152.7 140.9 140.9 140.9 140.9 140.9 140.9 140.9 140.9 140.9 140.9 140.9 140.9 140.9 140.9 140.9 140.9 140.9 140.9 140.9 140.9 140.9 140.9 140.9 140.9 140.9 140.9 140.9 140.9 140.9 140.9 140.9 140.9 140.9 140.9 140.9 140.9 140.9 140.9 140.9 140.9 140.9 140.9 140.9 140.9 140.9 140.9 140.9 140.9 140.9 140.9 140.9 140.9 140.9 140.9 140.9 140.9 140.9 140.9 140.9 140.9 121.9 121.9 121.9 121.9 121.9 121.9 121.9 121.9 121.9 121.9 121.9 121.9 121.9 121.9 121.9 121.9 121.9 121.9 121.9 121.9 121.9 121.9 121.9 121.9 121.9 121.9 121.9 121.9 121.9 
152.7 152.7 152.7 152.7 152.7 152.7 152.7 152.7 152.7 152.7 152.7 140.9 140.9 140.9 140.9 140.9 140.9 140.9 140.9 140.9 140.9 140.9 140.9 140.9 140.9 140.9 140.9 140.9 140.9 140.9 140.9 140.9 140.9 140.9 140.9 140.9 140.9 140.9 140.9 140.9 140.9 140.9 140.9 140.9 140.9 140.9 140.9 140.9 140.9 140.9 140.9 140.9 140.9 140.9 140.9 140.9 140.9 140.9 140.9 140.9 140.9 140.9 140.9 140.9 140.9 140.9 140.9 140.9 140.9 140.9 140.9 121.9 121.9 121.9 121.9 121.9 121.9 121.9 121.9 121.9 121.9 121.9 121.9 121.9 121.9 121.9 121.9 121.9 121.9 121.9 121.9 121.9 121.9 121.9 121.9 121.9 121.9 121.9 121.9 121.9 
205.2 205.2 205.2 205.2 205.2 205.2 205.2 205.2 205.2 205.2 205.2 199.1 199.1 199.1 199.1 199.1 199.1 199.1 199.1 199.1 199.1 199.1 199.1 199.1 199.1 199.1 199.1 199.1 199.1 199.1 199.1 199.1 199.1 199.1 199.1 199.1 199.1 199.1 199.1 199.1 199.1 199.1 199.1 199.1 199.1 199.1 199.1 199.1 199.1 199.1 199.1 199.1 199.1 199.1 199.1 199.1 199.1 199.1 199.1 199.1 199.1 199.1 199.1 199.1 199.1 199.1 199.1 199.1 199.1 199.1 199.1 171.8 171.8 171.8 171.8 171.8 171.8 171.8 171.8 171.8 171.8 171.8 171.8 171.8 171.8 171.8 171.8 171.8 171.8 171.8 171.8 171.8 171.8 171.8 171.8 171.8 171.8 171.8 171.8 171.8 
205.2 205.2 205.2 205.2 205.2 205.2 205.2 205.2 205.2 205.2 205.2 199.1 199.1 199.1 199.1 199.1 199.1 199.1 199.1 199.1 199.1 199.1 199.1 199.1 199.1 199.1 199.1 199.1 199.1 199.1 199.1 199.1 199.1 199.1 199.1 199.1 199.1 199.1 199.1 199.1 199.1 199.1 199.1 199.1 199.1 199.1 199.1 199.1 199.1 199.1 199.1 199.1 199.1 199.1 199.1 199.1 199.1 199.1 199.1 199.1 199.1 199.1 199.1 199.1 199.1 199.1 199.1 199.1 199.1 199.1 199.1 171.8 171.8 171.8 171.8 171.8 171.8 171.8 171.8 171.8 171.8 171.8 171.8 171.8 171.8 171.8 171.8 171.8 171.8 171.8 171.8 171.8 171.8 171.8 171.8 171.8 171.8 171.8 171.8 171.8 
205.2 205.2 205.2 205.2 205.2 205.2 205.2 205.2 205.2 205.2 205.2 199.1 199.1 199.1 199.1 199.1 199.1 199.1 199.1 199.1 199.1 199.1 199.1 199.1 199.1 199.1 199.1 199.1 199.1 199.1 199.1 199.1 199.1 199.1 199.1 199.1 199.1 199.1 199.1 199.1 199.1 199.1 199.1 199.1 199.1 199.1 199.1 199.1 199.1 199.1 199.1 199.1 199.1 199.1 199.1 199.1 199.1 199.1 199.1 199.1 199.1 199.1 199.1 199.1 199.1 199.1 199.1 199.1 199.1 199.1 199.1 171.8 171.8 171.8 171.8 171.8 171.8 171.8 171.8 171.8 171.8 171.8 171.8 171.8 171.8 171.8 171.8 171.8 171.8 171.8 171.8 171.8 171.8 171.8 171.8 171.8 171.8 171.8 171.8 171.8 
205.2 205.2 205.2 205.2 205.2 205.2 205.2 205.2 205.2 205.2 205.2 199.1 199.1 199.1 199.1 199.1 199.1 199.1 199.1 199.1 199.1 199.1 199.1 199.1 199.1 199.1 199.1 199.1 199.1 199.1 199.1 199.1 199.1 199.1 199.1 199.1 199.1 199.1 199.1 199.1 199.1 199.1 199.1 199.1 199.1 199.1 199.1 199.1 199.1 199.1 199.1 199.1 199.1 199.1 199.1 199.1 199.1 199.1 199.1 199.1 199.1 199.1 199.1 199.1 199.1 199.1 199.1 199.1 199.1 199.1 199.1 171.8 171.8 171.8 171.8 171.8 171.8 171.8 171.8 171.8 171.8 171.8 171.8 171.8 171.8 171.8 171.8 171.8 171.8 171.8 171.8 171.8 171.8 171.8 171.8 171.8 171.8 171.8 171.8 171.8 
205.2 205.2 205.2 205.2 205.2 205.2 205.2 205.2 205.2 205.2 205.2 199.1 199.1 199.1 199.1 199.1 199.1 199.1 199.1 199.1 199.1 199.1 199.1 199.1 199.1 199.1 199.1 199.1 199.1 199.1 199.1 199.1 199.1 199.1 199.1 199.1 199.1 199.1 199.1 199.1 199.1 199.1 199.1 199.1 199.1 199.1 199.1 199.1 199.1 199.1 199.1 199.1 199.1 199.1 199.1 199.1 199.1 199.1 199.1 199.1 199.1 199.1 199.1 199.1 199.1 199.1 199.1 199.1 199.1 199.1 199.1 171.8 171.8 171.8 171.8 171.8 171.8 171.8 171.8 171.8 171.8 171.8 171.8 171.8 171.8 171.8 171.8 171.8 171.8 171.8 171.8 171.8 171.8 171.8 171.8 171.8 171.8 171.8 171.8 171.8 
205.2 205.2 205.2 205.2 205.2 205.2 205.2 205.2 205.2 205.2 205.2 199.1 199.1 199.1 199.1 199.1 199.1 199.1 199.1 199.1 199.1 199.1 199.1 199.1 199.1 199.1 199.1 199.1 199.1 199.1 199.1 199.1 199.1 199.1 199.1 199.1 199.1 199.1 199.1 199.1 199.1 199.1 199.1 199.1 199.1 199.1 199.1 199.1 199.1 199.1 199.1 199.1 199.1 199.1 199.1 199.1 199.1 199.1 199.1 199.1 199.1 199.1 199.1 199.1 199.1 199.1 199.1 199.1 199.1 199.1 199.1 171.8 171.8 171.8 171.8 171.8 171.8 171.8 171.8 171.8 171.8 171.8 171.8 171.8 171.8 171.8 171.8 171.8 171.8 171.8 171.8 171.8 171.8 171.8 171.8 171.8 171.8 171.8 171.8 171.8 
205.2 205.2 205.2 205.2 205.2 205.2 205.2 205.2 205.2 205.2 205.2 199.1 199.1 199.1 199.1 199.1 199.1 199.1 199.1 199.1 199.1 199.1 199.1 199.1 199.1 199.1 199.1 199.1 199.1 199.1 199.1 199.1 199.1 199.1 199.1 199.1 199.1 199.1 199.1 199.1 199.1 199.1 199.1 199.1 199.1 199.1 199.1 199.1 199.1 199.1 199.1 199.1 199.1 199.1 199.1 199.1 199.1 199.1 199.1 199.1 199.1 199.1 199.1 199.1 199.1 199.1 199.1 199.1 199.1 199.1 199.1 171.8 171.8 171.8 171.8 171.8 171.8 171.8 171.8 171.8 171.8 171.8 171.8 171.8 171.8 171.8 171.8 171.8 171.8 171.8 171.8 171.8 171.8 171.8 171.8 171.8 171.8 171.8 171.8 171.8 
205.2 205.2 205.2 205.2 205.2 205.2 205.2 205.2 205.2 205.2 205.2 199.1 199.1 199.1 199.1 199.1 199.1 199.1 199.1 199.1 199.1 199.1 199.1 199.1 199.1 199.1 199.1 199.1 199.1 199.1 199.1 199.1 199.1 199.1 199.1 199.1 199.1 199.1 199.1 199.1 199.1 199.1 199.1 199.1 199.1 199.1 199.1 199.1 199.1 199.1 199.1 199.1 199.1 199.1 199.1 199.1 199.1 199.1 199.1 199.1 199.1 199.1 199.1 199.1 199.1 199.1 199.1 199.1 199.1 199.1 199.1 171.8 171.8 171.8 171.8 171.8 171.8 171.8 171.8 171.8 171.8 171.8 171.8 171.8 171.8 171.8 171.8 171.8 171.8 171.8 171.8 171.8 171.8 171.8 171.8 171.8 171.8 171.8 171.8 171.8 
205.2 205.2 205.2 205.2 205.2 205.2 205.2 205.2 205.2 205.2 205.2 199.1 199.1 199.1 199.1 199.1 199.1 199.1 199.1 199.1 199.1 199.1 199.1 199.1 199.1 199.1 199.1 199.1 199.1 199.1 199.1 199.1 199.1 199.1 199.1 199.1 199.1 199.1 199.1 199.1 199.1 199.1 199.1 199.1 199.1 199.1 199.1 199.1 199.1 199.1 199.1 199.1 199.1 199.1 199.1 199.1 199.1 199.1 199.1 199.1 199.1 199.1 199.1 199.1 199.1 199.1 199.1 199.1 199.1 199.1 199.1 171.8 171.8 171.8 171.8 171.8 171.8 171.8 171.8 171.8 171.8 171.8 171.8 171.8 171.8 171.8 171.8 171.8 171.8 171.8 171.8 171.8 171.8 171.8 171.8 171.8 171.8 171.8 171.8 171.8 
205.2 205.2 205.2 205.2 205.2 205.2 205.2 205.2 205.2 205.2 205.2 199.1 199.1 199.1 199.1 199.1 199.1 199.1 199.1 199.1 199.1 199.1 199.1 199.1 199.1 199.1 199.1 199.1 199.1 199.1 199.1 199.1 199.1 199.1 199.1 199.1 199.1 199.1 199.1 199.1 199.1 199.1 199.1 199.1 199.1 199.1 199.1 199.1 199.1 199.1 199.1 199.1 199.1 199.1 199.1 199.1 199.1 199.1 199.1 199.1 199.1 199.1 199.1 199.1 199.1 199.1 199.1 199.1 199.1 199.1 199.1 171.8 171.8 171.8 171.8 171.8 171.8 171.8 171.8 171.8 171.8 171.8 171.8 171.8 171.8 171.8 171.8 171.8 171.8 171.8 171.8 171.8 171.8 171.8 171.8 171.8 171.8 171.8 171.8 171.8 
205.2 205.2 205.2 205.2 205.2 205.2 205.2 205.2 205.2 205.2 205.2 199.1 199.1 199.1 199.1 199.1 199.1 199.1 199.1 199.1 199.1 199.1 199.1 199.1 199.1 199.1 199.1 199.1 199.1 199.1 199.1 199.1 199.1 199.1 199.1 199.1 199.1 199.1 199.1 199.1 199.1 199.1 199.1 199.1 199.1 199.1 199.1 199.1 199.1 199.1 199.1 199.1 199.1 199.1 199.1 199.1 199.1 199.1 199.1 199.1 199.1 199.1 199.1 199.1 199.1 199.1 199.1 199.1 199.1 199.1 199.1 171.8 171.8 171.8 171.8 171.8 171.8 171.8 171.8 171.8 171.8 171.8 171.8 171.8 171.8 171.8 171.8 171.8 171.8 171.8 171.8 171.8 171.8 171.8 171.8 171.8 171.8 171.8 171.8 171.8 
205.2 205.2 205.2 205.2 205.2 205.2 205.2 205.2 205.2 205.2 205.2 199.1 199.1 199.1 199.1 199.1 199.1 199.1 199.1 199.1 199.1 199.1 199.1 199.1 199.1 199.1 199.1 199.1 199.1 199.1 199.1 199.1 199.1 199.1 199.1 199.1 199.1 199.1 199.1 199.1 199.1 199.1 199.1 199.1 199.1 199.1 199.1 199.1 199.1 199.1 199.1 199.1 199.1 199.1 199.1 199.1 199.1 199.1 199.1 199.1 199.1 199.1 199.1 199.1 199.1 199.1 199.1 199.1 199.1 199.1 199.1 171.8 171.8 171.8 171.8 171.8 171.8 171.8 171.8 171.8 171.8 171.8 171.8 171.8 171.8 171.8 171.8 171.8 171.8 171.8 171.8 171.8 171.8 171.8 171.8 171.8 171.8 171.8 171.8 171.8 
205.2 205.2 205.2 205.2 205.2 205.2 205.2 205.2 205.2 205.2 205.2 199.1 199.1 199.1 199.1 199.1 199.1 199.1 199.1 199.1 199.1 199.1 199.1 199.1 199.1 199.1 199.1 199.1 199.1 199.1 199.1 199.1 199.1 199.1 199.1 199.1 199.1 199.1 199.1 199.1 199.1 199.1 199.1 199.1 199.1 199.1 199.1 199.1 199.1 199.1 199.1 199.1 199.1 199.1 199.1 199.1 199.1 199.1 199.1 199.1 199.1 199.1 199.1 199.1 199.1 199.1 199.1 199.1 199.1 199.1 199.1 171.8 171.8 171.8 171.8 171.8 171.8 171.8 171.8 171.8 171.8 171.8 171.8 171.8 171.8 171.8 171.8 171.8 171.8 171.8 171.8 171.8 171.8 171.8 171.8 171.8 171.8 171.8 171.8 171.8 
205.2 205.2 205.2 205.2 205.2 205.2 205.2 205.2 205.2 205.2 205.2 199.1 199.1 199.1 199.1 199.1 199.1 199.1 199.1 199.1 199.1 199.1 199.1 199.1 199.1 199.1 199.1 199.1 199.1 199.1 199.1 199.1 199.1 199.1 199.1 199.1 199.1 199.1 199.1 199.1 199.1 199.1 199.1 199.1 199.1 199.1 199.1 199.1 199.1 199.1 199.1 199.1 199.1 199.1 199.1 199.1 199.1 199.1 199.1 199.1 199.1 199.1 199.1 199.1 199.1 199.1 199.1 199.1 199.1 199.1 199.1 171.8 171.8 171.8 171.8 171.8 171.8 171.8 171.8 171.8 171.8 171.8 171.8 171.8 171.8 171.8 171.8 171.8 171.8 171.8 171.8 171.8 171.8 171.8 171.8 171.8 171.8 171.8 171.8 171.8 
205.2 205.2 205.2 205.2 205.2 205.2 205.2 205.2 205.2 205.2 205.2 199.1 199.1 199.1 199.1 199.1 199.1 199.1 199.1 199.1 199.1 199.1 199.1 199.1 199.1 199.1 199.1 199.1 199.1 199.1 199.1 199.1 199.1 199.1 199.1 199.1 199.1 199.1 199.1 199.1 199.1 199.1 199.1 199.1 199.1 199.1 199.1 199.1 199.1 199.1 199.1 199.1 199.1 199.1 199.1 199.1 199.1 199.1 199.1 199.1 199.1 199.1 199.1 199.1 199.1 199.1 199.1 199.1 199.1 199.1 199.1 171.8 171.8 171.8 171.8 171.8 171.8 171.8 171.8 171.8 171.8 171.8 171.8 171.8 171.8 171.8 171.8 171.8 171.8 171.8 171.8 171.8 171.8 171.8 171.8 171.8 171.8 171.8 171.8 171.8 
205.2 205.2 205.2 205.2 205.2 205.2 205.2 205.2 205.2 205.2 205.2 199.1 199.1 199.1 199.1 199.1 199.1 199.1 199.1 199.1 199.1 199.1 199.1 199.1 199.1 199.1 199.1 199.1 199.1 199.1 199.1 199.1 199.1 199.1 199.1 199.1 199.1 199.1 199.1 199.1 199.1 199.1 199.1 199.1 199.1 199.1 199.1 199.1 199.1 199.1 199.1 199.1 199.1 199.1 199.1 199.1 199.1 199.1 199.1 199.1 199.1 199.1 199.1 199.1 199.1 199.1 199.1 199.1 199.1 199.1 199.1 171.8 171.8 171.8 171.8 171.8 171.8 171.8 171.8 171.8 171.8 171.8 171.8 171.8 171.8 171.8 171.8 171.8 171.8 171.8 171.8 171.8 171.8 171.8 171.8 171.8 171.8 171.8 171.8 171.8 
205.2 205.2 205.2 205.2 205.2 205.2 205.2 205.2 205.2 205.2 205.2 199.1 199.1 199.1 199.1 199.1 199.1 199.1 199.1 199.1 199.1 199.1 199.1 199.1 199.1 199.1 199.1 199.1 199.1 199.1 199.1 199.1 199.1 199.1 199.1 199.1 199.1 199.1 199.1 199.1 199.1 199.1 199.1 199.1 199.1 199.1 199.1 199.1 199.1 199.1 199.1 199.1 199.1 199.1 199.1 199.1 199.1 199.1 199.1 199.1 199.1 199.1 199.1 199.1 199.1 199.1 199.1 199.1 199.1 199.1 199.1 171.8 171.8 171.8 171.8 171.8 171.8 171.8 171.8 171.8 171.8 171.8 171.8 171.8 171.8 171.8 171.8 171.8 171.8 171.8 171.8 171.8 171.8 171.8 171.8 171.8 171.8 171.8 171.8 171.8 
205.2 205.2 205.2 205.2 205.2 205.2 205.2 205.2 205.2 205.2 205.2 199.1 199.1 199.1 199.1 199.1 199.1 199.1 199.1 199.1 199.1 199.1 199.1 199.1 199.1 199.1 199.1 199.1 199.1 199.1 199.1 199.1 199.1 199.1 199.1 199.1 199.1 199.1 199.1 199.1 199.1 199.1 199.1 199.1 199.1 199.1 199.1 199.1 199.1 199.1 199.1 199.1 199.1 199.1 199.1 199.1 199.1 199.1 199.1 199.1 199.1 199.1 199.1 199.1 199.1 199.1 199.1 199.1 199.1 199.1 199.1 171.8 171.8 171.8 171.8 171.8 171.8 171.8 171.8 171.8 171.8 171.8 171.8 171.8 171.8 171.8 171.8 171.8 171.8 171.8 171.8 171.8 171.8 171.8 171.8 171.8 171.8 171.8 171.8 171.8 
205.2 205.2 205.2 205.2 205.2 205.2 205.2 205.2 205.2 205.2 205.2 199.1 199.1 199.1 199.1 199.1 199.1 199.1 199.1 199.1 199.1 199.1 199.1 199.1 199.1 199.1 199.1 199.1 199.1 199.1 199.1 199.1 199.1 199.1 199.1 199.1 199.1 199.1 199.1 199.1 199.1 199.1 199.1 199.1 199.1 199.1 199.1 199.1 199.1 199.1 199.1 199.1 199.1 199.1 199.1 199.1 199.1 199.1 199.1 199.1 199.1 199.1 199.1 199.1 199.1 199.1 199.1 199.1 199.1 199.1 199.1 171.8 171.8 171.8 171.8 171.8 171.8 171.8 171.8 171.8 171.8 171.8 171.8 171.8 171.8 171.8 171.8 171.8 171.8 171.8 171.8 171.8 171.8 171.8 171.8 171.8 171.8 171.8 171.8 171.8 
205.2 205.2 205.2 205.2 205.2 205.2 205.2 205.2 205.2 205.2 205.2 199.1 199.1 199.1 199.1 199.1 199.1 199.1 199.1 199.1 199.1 199.1 199.1 199.1 199.1 199.1 199.1 199.1 199.1 199.1 199.1 199.1 199.1 199.1 199.1 199.1 199.1 199.1 199.1 199.1 199.1 199.1 199.1 199.1 199.1 199.1 199.1 199.1 199.1 199.1 199.1 199.1 199.1 199.1 199.1 199.1 199.1 199.1 199.1 199.1 199.1 199.1 199.1 199.1 199.1 199.1 199.1 199.1 199.1 199.1 199.1 171.8 171.8 171.8 171.8 171.8 171.8 171.8 171.8 171.8 171.8 171.8 171.8 171.8 171.8 171.8 171.8 171.8 171.8 171.8 171.8 171.8 171.8 171.8 171.8 171.8 171.8 171.8 171.8 171.8 
205.2 205.2 205.2 205.2 205.2 205.2 205.2 205.2 205.2 205.2 205.2 199.1 199.1 199.1 199.1 199.1 199.1 199.1 199.1 199.1 199.1 199.1 199.1 199.1 199.1 199.1 199.1 199.1 199.1 199.1 199.1 199.1 199.1 199.1 199.1 199.1 199.1 199.1 199.1 199.1 199.1 199.1 199.1 199.1 199.1 199.1 199.1 199.1 199.1 199.1 199.1 199.1 199.1 199.1 199.1 199.1 199.1 199.1 199.1 199.1 199.1 199.1 199.1 199.1 199.1 199.1 199.1 199.1 199.1 199.1 199.1 171.8 171.8 171.8 171.8 171.8 171.8 171.8 171.8 171.8 171.8 171.8 171.8 171.8 171.8 171.8 171.8 171.8 171.8 171.8 171.8 171.8 171.8 171.8 171.8 171.8 171.8 171.8 171.8 171.8 
205.2 205.2 205.2 205.2 205.2 205.2 205.2 205.2 205.2 205.2 205.2 199.1 199.1 199.1 199.1 199.1 199.1 199.1 199.1 199.1 199.1 199.1 199.1 199.1 199.1 199.1 199.1 199.1 199.1 199.1 199.1 199.1 199.1 199.1 199.1 199.1 199.1 199.1 199.1 199.1 199.1 199.1 199.1 199.1 199.1 199.1 199.1 199.1 199.1 199.1 199.1 199.1 199.1 199.1 199.1 199.1 199.1 199.1 199.1 199.1 199.1 199.1 199.1 199.1 199.1 199.1 199.1 199.1 199.1 199.1 199.1 171.8 171.8 171.8 171.8 171.8 171.8 171.8 171.8 171.8 171.8 171.8 171.8 171.8 171.8 171.8 171.8 171.8 171.8 171.8 171.8 171.8 171.8 171.8 171.8 171.8 171.8 171.8 171.8 171.8 
205.2 205.2 205.2 205.2 205.2 205.2 205.2 205.2 205.2 205.2 205.2 199.1 199.1 199.1 199.1 199.1 199.1 199.1 199.1 199.1 199.1 199.1 199.1 199.1 199.1 199.1 199.1 199.1 199.1 199.1 199.1 199.1 199.1 199.1 199.1 199.1 199.1 199.1 199.1 199.1 199.1 199.1 199.1 199.1 199.1 199.1 199.1 199.1 199.1 199.1 199.1 199.1 199.1 199.1 199.1 199.1 199.1 199.1 199.1 199.1 199.1 199.1 199.1 199.1 199.1 199.1 199.1 199.1 199.1 199.1 199.1 171.8 171.8 171.8 171.8 171.8 171.8 171.8 171.8 171.8 171.8 171.8 171.8 171.8 171.8 171.8 171.8 171.8 171.8 171.8 171.8 171.8 171.8 171.8 171.8 171.8 171.8 171.8 171.8 171.8 
205.2 205.2 205.2 205.2 205.2 205.2 205.2 205.2 205.2 205.2 205.2 199.1 199.1 199.1 199.1 199.1 199.1 199.1 199.1 199.1 199.1 199.1 199.1 199.1 199.1 199.1 199.1 199.1 199.1 199.1 199.1 199.1 199.1 199.1 199.1 199.1 199.1 199.1 199.1 199.1 199.1 199.1 199.1 199.1 199.1 199.1 199.1 199.1 199.1 199.1 199.1 199.1 199.1 199.1 199.1 199.1 199.1 199.1 199.1 199.1 199.1 199.1 199.1 199.1 199.1 199.1 199.1 199.1 199.1 199.1 199.1 171.8 171.8 171.8 171.8 171.8 171.8 171.8 171.8 171.8 171.8 171.8 171.8 171.8 171.8 171.8 171.8 171.8 171.8 171.8 171.8 171.8 171.8 171.8 171.8 171.8 171.8 171.8 171.8 171.8 
205.2 205.2 205.2 205.2 205.2 205.2 205.2 205.2 205.2 205.2 205.2 199.1 199.1 199.1 199.1 199.1 199.1 199.1 199.1 199.1 199.1 199.1 199.1 199.1 199.1 199.1 199.1 199.1 199.1 199.1 199.1 199.1 199.1 199.1 199.1 199.1 199.1 199.1 199.1 199.1 199.1 199.1 199.1 199.1 199.1 199.1 199.1 199.1 199.1 199.1 199.1 199.1 199.1 199.1 199.1 199.1 199.1 199.1 199.1 199.1 199.1 199.1 199.1 199.1 199.1 199.1 199.1 199.1 199.1 199.1 199.1 171.8 171.8 171.8 171.8 171.8 171.8 171.8 171.8 171.8 171.8 171.8 171.8 171.8 171.8 171.8 171.8 171.8 171.8 171.8 171.8 171.8 171.8 171.8 171.8 171.8 171.8 171.8 171.8 171.8 
205.2 205.2 205.2 205.2 205.2 205.2 205.2 205.2 205.2 205.2 205.2 199.1 199.1 199.1 199.1 199.1 199.1 199.1 199.1 199.1 199.1 199.1 199.1 199.1 199.1 199.1 199.1 199.1 199.1 199.1 199.1 199.1 199.1 199.1 199.1 199.1 199.1 199.1 199.1 199.1 199.1 199.1 199.1 199.1 199.1 199.1 199.1 199.1 199.1 199.1 199.1 199.1 199.1 199.1 199.1 199.1 199.1 199.1 199.1 199.1 199.1 199.1 199.1 199.1 199.1 199.1 199.1 199.1 199.1 199.1 199.1 171.8 171.8 171.8 171.8 171.8 171.8 171.8 171.8 171.8 171.8 171.8 171.8 171.8 171.8 171.8 171.8 171.8 171.8 171.8 171.8 171.8 171.8 171.8 171.8 171.8 171.8 171.8 171.8 171.8 
205.2 205.2 205.2 205.2 205.2 205.2 205.2 205.2 205.2 205.2 205.2 199.1 199.1 199.1 199.1 199.1 199.1 199.1 199.1 199.1 199.1 199.1 199.1 199.1 199.1 199.1 199.1 199.1 199.1 199.1 199.1 199.1 199.1 199.1 199.1 199.1 199.1 199.1 199.1 199.1 199.1 199.1 199.1 199.1 199.1 199.1 199.1 199.1 199.1 199.1 199.1 199.1 199.1 199.1 199.1 199.1 199.1 199.1 199.1 199.1 199.1 199.1 199.1 199.1 199.1 199.1 199.1 199.1 199.1 199.1 199.1 171.8 171.8 171.8 171.8 171.8 171.8 171.8 171.8 171.8 171.8 171.8 171.8 171.8 171.8 171.8 171.8 171.8 171.8 171.8 171.8 171.8 171.8 171.8 171.8 171.8 171.8 171.8 171.8 171.8 
205.2 205.2 205.2 205.2 205.2 205.2 205.2 205.2 205.2 205.2 205.2 199.1 199.1 199.1 199.1 199.1 199.1 199.1 199.1 199.1 199.1 199.1 199.1 199.1 199.1 199.1 199.1 199.1 199.1 199.1 199.1 199.1 199.1 199.1 199.1 199.1 199.1 199.1 199.1 199.1 199.1 199.1 199.1 199.1 199.1 199.1 199.1 199.1 199.1 199.1 199.1 199.1 199.1 199.1 199.1 199.1 199.1 199.1 199.1 199.1 199.1 199.1 199.1 199.1 199.1 199.1 199.1 199.1 199.1 199.1 199.1 171.8 171.8 171.8 171.8 171.8 171.8 171.8 171.8 171.8 171.8 171.8 171.8 171.8 171.8 171.8 171.8 171.8 171.8 171.8 171.8 171.8 171.8 171.8 171.8 171.8 171.8 171.8 171.8 171.8 
205.2 205.2 205.2 205.2 205.2 205.2 205.2 205.2 205.2 205.2 205.2 199.1 199.1 199.1 199.1 199.1 199.1 199.1 199.1 199.1 199.1 199.1 199.1 199.1 199.1 199.1 199.1 199.1 199.1 199.1 199.1 199.1 199.1 199.1 199.1 199.1 199.1 199.1 199.1 199.1 199.1 199.1 199.1 199.1 199.1 199.1 199.1 199.1 199.1 199.1 199.1 199.1 199.1 199.1 199.1 199.1 199.1 199.1 199.1 199.1 199.1 199.1 199.1 199.1 199.1 199.1 199.1 199.1 199.1 199.1 199.1 171.8 171.8 171.8 171.8 171.8 171.8 171.8 171.8 171.8 171.8 171.8 171.8 171.8 171.8 171.8 171.8 171.8 171.8 171.8 171.8 171.8 171.8 171.8 171.8 171.8 171.8 171.8 171.8 171.8 
205.2 205.2 205.2 205.2 205.2 205.2 205.2 205.2 205.2 205.2 205.2 199.1 199.1 199.1 199.1 199.1 199.1 199.1 199.1 199.1 199.1 199.1 199.1 199.1 199.1 199.1 199.1 199.1 199.1 199.1 199.1 199.1 199.1 199.1 199.1 199.1 199.1 199.1 199.1 199.1 199.1 199.1 199.1 199.1 199.1 199.1 199.1 199.1 199.1 199.1 199.1 199.1 199.1 199.1 199.1 199.1 199.1 199.1 199.1 199.1 199.1 199.1 199.1 199.1 199.1 199.1 199.1 199.1 199.1 199.1 199.1 171.8 171.8 171.8 171.8 171.8 171.8 171.8 171.8 171.8 171.8 171.8 171.8 171.8 171.8 171.8 171.8 171.8 171.8 171.8 171.8 171.8 171.8 171.8 171.8 171.8 171.8 171.8 171.8 171.8 
205.2 205.2 205.2 205.2 205.2 205.2 205.2 205.2 205.2 205.2 205.2 199.1 199.1 199.1 199.1 199.1 199.1 199.1 199.1 199.1 199.1 199.1 199.1 199.1 199.1 199.1 199.1 199.1 199.1 199.1 199.1 199.1 199.1 199.1 199.1 199.1 199.1 199.1 199.1 199.1 199.1 199.1 199.1 199.1 199.1 199.1 199.1 199.1 199.1 199.1 199.1 199.1 199.1 199.1 199.1 199.1 199.1 199.1 199.1 199.1 199.1 199.1 199.1 199.1 199.1 199.1 199.1 199.1 199.1 199.1 199.1 171.8 171.8 171.8 171.8 171.8 171.8 171.8 171.8 171.8 171.8 171.8 171.8 171.8 171.8 171.8 171.8 171.8 171.8 171.8 171.8 171.8 171.8 171.8 171.8 171.8 171.8 171.8 171.8 171.8 
