ncols         100
nrows         100
xllcorner     -59982.863281
yllcorner     1851083.022172
cellsize      1000
NODATA_value  -9999
3.4 3.4 3.4 3.4 3.4 3.4 3.4 3.4 3.4 3.4 3.4 2.64 2.64 2.64 2.64 2.64 2.64 2.64 2.64 2.64 2.64 2.64 2.64 2.64 2.64 2.64 2.64 2.64 2.64 2.64 2.64 2.64 2.64 2.64 2.64 2.64 2.64 2.64 2.64 2.64 2.64 2.64 2.64 2.64 2.64 2.64 2.64 2.64 2.64 2.64 2.64 2.64 2.64 2.64 2.64 2.64 2.64 2.64 2.64 2.64 2.64 2.64 2.64 2.64 2.64 2.64 2.64 2.64 2.64 2.64 2.64 2.7 2.7 2.7 2.7 2.7 2.7 2.7 2.7 2.7 2.7 2.7 2.7 2.7 2.7 2.7 2.7 2.7 2.7 2.7 2.7 2.7 2.7 2.7 2.7 2.7 2.7 2.7 2.7 2.7 
3.4 3.4 3.4 3.4 3.4 3.4 3.4 3.4 3.4 3.4 3.4 2.64 2.64 2.64 2.64 2.64 2.64 2.64 2.64 2.64 2.64 2.64 2.64 2.64 2.64 2.64 2.64 2.64 2.64 2.64 2.64 2.64 2.64 2.64 2.64 2.64 2.64 2.64 2.64 2.64 2.64 2.64 2.64 2.64 2.64 2.64 2.64 2.64 2.64 2.64 2.64 2.64 2.64 2.64 2.64 2.64 2.64 2.64 2.64 2.64 2.64 2.64 2.64 2.64 2.64 2.64 2.64 2.64 2.64 2.64 2.64 2.7 2.7 2.7 2.7 2.7 2.7 2.7 2.7 2.7 2.7 2.7 2.7 2.7 2.7 2.7 2.7 2.7 2.7 2.7 2.7 2.7 2.7 2.7 2.7 2.7 2.7 2.7 2.7 2.7 
3.4 3.4 3.4 3.4 3.4 3.4 3.4 3.4 3.4 3.4 3.4 2.64 2.64 2.64 2.64 2.64 2.64 2.64 2.64 2.64 2.64 2.64 2.64 2.64 2.64 2.64 2.64 2.64 2.64 2.64 2.64 2.64 2.64 2.64 2.64 2.64 2.64 2.64 2.64 2.64 2.64 2.64 2.64 2.64 2.64 2.64 2.64 2.64 2.64 2.64 2.64 2.64 2.64 2.64 2.64 2.64 2.64 2.64 2.64 2.64 2.64 2.64 2.64 2.64 2.64 2.64 2.64 2.64 2.64 2.64 2.64 2.7 2.7 2.7 2.7 2.7 2.7 2.7 2.7 2.7 2.7 2.7 2.7 2.7 2.7 2.7 2.7 2.7 2.7 2.7 2.7 2.7 2.7 2.7 2.7 2.7 2.7 2.7 2.7 2.7 
3.4 3.4 3.4 3.4 3.4 3.4 3.4 3.4 3.4 3.4 3.4 2.64 2.64 2.64 2.64 2.64 2.64 2.64 2.64 2.64 2.64 2.64 2.64 2.64 2.64 2.64 2.64 2.64 2.64 2.64 2.64 2.64 2.64 2.64 2.64 2.64 2.64 2.64 2.64 2.64 2.64 2.64 2.64 2.64 2.64 2.64 2.64 2.64 2.64 2.64 2.64 2.64 2.64 2.64 2.64 2.64 2.64 2.64 2.64 2.64 2.64 2.64 2.64 2.64 2.64 2.64 2.64 2.64 2.64 2.64 2.64 2.7 2.7 2.7 2.7 2.7 2.7 2.7 2.7 2.7 2.7 2.7 2.7 2.7 2.7 2.7 2.7 2.7 2.7 2.7 2.7 2.7 2.7 2.7 2.7 2.7 2.7 2.7 2.7 2.7 
3.4 3.4 3.4 3.4 3.4 3.4 3.4 3.4 3.4 3.4 3.4 2.64 2.64 2.64 2.64 2.64 2.64 2.64 2.64 2.64 2.64 2.64 2.64 2.64 2.64 2.64 2.64 2.64 2.64 2.64 2.64 2.64 2.64 2.64 2.64 2.64 2.64 2.64 2.64 2.64 2.64 2.64 2.64 2.64 2.64 2.64 2.64 2.64 2.64 2.64 2.64 2.64 2.64 2.64 2.64 2.64 2.64 2.64 2.64 2.64 2.64 2.64 2.64 2.64 2.64 2.64 2.64 2.64 2.64 2.64 2.64 2.7 2.7 2.7 2.7 2.7 2.7 2.7 2.7 2.7 2.7 2.7 2.7 2.7 2.7 2.7 2.7 2.7 2.7 2.7 2.7 2.7 2.7 2.7 2.7 2.7 2.7 2.7 2.7 2.7 
3.4 3.4 3.4 3.4 3.4 3.4 3.4 3.4 3.4 3.4 3.4 2.64 2.64 2.64 2.64 2.64 2.64 2.64 2.64 2.64 2.64 2.64 2.64 2.64 2.64 2.64 2.64 2.64 2.64 2.64 2.64 2.64 2.64 2.64 2.64 2.64 2.64 2.64 2.64 2.64 2.64 2.64 2.64 2.64 2.64 2.64 2.64 2.64 2.64 2.64 2.64 2.64 2.64 2.64 2.64 2.64 2.64 2.64 2.64 2.64 2.64 2.64 2.64 2.64 2.64 2.64 2.64 2.64 2.64 2.64 2.64 2.7 2.7 2.7 2.7 2.7 2.7 2.7 2.7 2.7 2.7 2.7 2.7 2.7 2.7 2.7 2.7 2.7 2.7 2.7 2.7 2.7 2.7 2.7 2.7 2.7 2.7 2.7 2.7 2.7 
3.4 3.4 3.4 3.4 3.4 3.4 3.4 3.4 3.4 3.4 3.4 2.64 2.64 2.64 2.64 2.64 2.64 2.64 2.64 2.64 2.64 2.64 2.64 2.64 2.64 2.64 2.64 2.64 2.64 2.64 2.64 2.64 2.64 2.64 2.64 2.64 2.64 2.64 2.64 2.64 2.64 2.64 2.64 2.64 2.64 2.64 2.64 2.64 2.64 2.64 2.64 2.64 2.64 2.64 2.64 2.64 2.64 2.64 2.64 2.64 2.64 2.64 2.64 2.64 2.64 2.64 2.64 2.64 2.64 2.64 2.64 2.7 2.7 2.7 2.7 2.7 2.7 2.7 2.7 2.7 2.7 2.7 2.7 2.7 2.7 2.7 2.7 2.7 2.7 2.7 2.7 2.7 2.7 2.7 2.7 2.7 2.7 2.7 2.7 2.7 
3.4 3.4 3.4 3.4 3.4 3.4 3.4 3.4 3.4 3.4 3.4 2.64 2.64 2.64 2.64 2.64 2.64 2.64 2.64 2.64 2.64 2.64 2.64 2.64 2.64 2.64 2.64 2.64 2.64 2.64 2.64 2.64 2.64 2.64 2.64 2.64 2.64 2.64 2.64 2.64 2.64 2.64 2.64 2.64 2.64 2.64 2.64 2.64 2.64 2.64 2.64 2.64 2.64 2.64 2.64 2.64 2.64 2.64 2.64 2.64 2.64 2.64 2.64 2.64 2.64 2.64 2.64 2.64 2.64 2.64 2.64 2.7 2.7 2.7 2.7 2.7 2.7 2.7 2.7 2.7 2.7 2.7 2.7 2.7 2.7 2.7 2.7 2.7 2.7 2.7 2.7 2.7 2.7 2.7 2.7 2.7 2.7 2.7 2.7 2.7 
3.4 3.4 3.4 3.4 3.4 3.4 3.4 3.4 3.4 3.4 3.4 2.64 2.64 2.64 2.64 2.64 2.64 2.64 2.64 2.64 2.64 2.64 2.64 2.64 2.64 2.64 2.64 2.64 2.64 2.64 2.64 2.64 2.64 2.64 2.64 2.64 2.64 2.64 2.64 2.64 2.64 2.64 2.64 2.64 2.64 2.64 2.64 2.64 2.64 2.64 2.64 2.64 2.64 2.64 2.64 2.64 2.64 2.64 2.64 2.64 2.64 2.64 2.64 2.64 2.64 2.64 2.64 2.64 2.64 2.64 2.64 2.7 2.7 2.7 2.7 2.7 2.7 2.7 2.7 2.7 2.7 2.7 2.7 2.7 2.7 2.7 2.7 2.7 2.7 2.7 2.7 2.7 2.7 2.7 2.7 2.7 2.7 2.7 2.7 2.7 
3.62 3.62 3.62 3.62 3.62 3.62 3.62 3.62 3.62 3.62 3.62 3.8 3.8 3.8 3.8 3.8 3.8 3.8 3.8 3.8 3.8 3.8 3.8 3.8 3.8 3.8 3.8 3.8 3.8 3.8 3.8 3.8 3.8 3.8 3.8 3.8 3.8 3.8 3.8 3.8 3.8 3.8 3.8 3.8 3.8 3.8 3.8 3.8 3.8 3.8 3.8 3.8 3.8 3.8 3.8 3.8 3.8 3.8 3.8 3.8 3.8 3.8 3.8 3.8 3.8 3.8 3.8 3.8 3.8 3.8 3.8 4.28 4.28 4.28 4.28 4.28 4.28 4.28 4.28 4.28 4.28 4.28 4.28 4.28 4.28 4.28 4.28 4.28 4.28 4.28 4.28 4.28 4.28 4.28 4.28 4.28 4.28 4.28 4.28 4.28 
3.62 3.62 3.62 3.62 3.62 3.62 3.62 3.62 3.62 3.62 3.62 3.8 3.8 3.8 3.8 3.8 3.8 3.8 3.8 3.8 3.8 3.8 3.8 3.8 3.8 3.8 3.8 3.8 3.8 3.8 3.8 3.8 3.8 3.8 3.8 3.8 3.8 3.8 3.8 3.8 3.8 3.8 3.8 3.8 3.8 3.8 3.8 3.8 3.8 3.8 3.8 3.8 3.8 3.8 3.8 3.8 3.8 3.8 3.8 3.8 3.8 3.8 3.8 3.8 3.8 3.8 3.8 3.8 3.8 3.8 3.8 4.28 4.28 4.28 4.28 4.28 4.28 4.28 4.28 4.28 4.28 4.28 4.28 4.28 4.28 4.28 4.28 4.28 4.28 4.28 4.28 4.28 4.28 4.28 4.28 4.28 4.28 4.28 4.28 4.28 
3.62 3.62 3.62 3.62 3.62 3.62 3.62 3.62 3.62 3.62 3.62 3.8 3.8 3.8 3.8 3.8 3.8 3.8 3.8 3.8 3.8 3.8 3.8 3.8 3.8 3.8 3.8 3.8 3.8 3.8 3.8 3.8 3.8 3.8 3.8 3.8 3.8 3.8 3.8 3.8 3.8 3.8 3.8 3.8 3.8 3.8 3.8 3.8 3.8 3.8 3.8 3.8 3.8 3.8 3.8 3.8 3.8 3.8 3.8 3.8 3.8 3.8 3.8 3.8 3.8 3.8 3.8 3.8 3.8 3.8 3.8 4.28 4.28 4.28 4.28 4.28 4.28 4.28 4.28 4.28 4.28 4.28 4.28 4.28 4.28 4.28 4.28 4.28 4.28 4.28 4.28 4.28 4.28 4.28 4.28 4.28 4.28 4.28 4.28 4.28 
3.62 3.62 3.62 3.62 3.62 3.62 3.62 3.62 3.62 3.62 3.62 3.8 3.8 3.8 3.8 3.8 3.8 3.8 3.8 3.8 3.8 3.8 3.8 3.8 3.8 3.8 3.8 3.8 3.8 3.8 3.8 3.8 3.8 3.8 3.8 3.8 3.8 3.8 3.8 3.8 3.8 3.8 3.8 3.8 3.8 3.8 3.8 3.8 3.8 3.8 3.8 3.8 3.8 3.8 3.8 3.8 3.8 3.8 3.8 3.8 3.8 3.8 3.8 3.8 3.8 3.8 3.8 3.8 3.8 3.8 3.8 4.28 4.28 4.28 4.28 4.28 4.28 4.28 4.28 4.28 4.28 4.28 4.28 4.28 4.28 4.28 4.28 4.28 4.28 4.28 4.28 4.28 4.28 4.28 4.28 4.28 4.28 4.28 4.28 4.28 
3.62 3.62 3.62 3.62 3.62 3.62 3.62 3.62 3.62 3.62 3.62 3.8 3.8 3.8 3.8 3.8 3.8 3.8 3.8 3.8 3.8 3.8 3.8 3.8 3.8 3.8 3.8 3.8 3.8 3.8 3.8 3.8 3.8 3.8 3.8 3.8 3.8 3.8 3.8 3.8 3.8 3.8 3.8 3.8 3.8 3.8 3.8 3.8 3.8 3.8 3.8 3.8 3.8 3.8 3.8 3.8 3.8 3.8 3.8 3.8 3.8 3.8 3.8 3.8 3.8 3.8 3.8 3.8 3.8 3.8 3.8 4.28 4.28 4.28 4.28 4.28 4.28 4.28 4.28 4.28 4.28 4.28 4.28 4.28 4.28 4.28 4.28 4.28 4.28 4.28 4.28 4.28 4.28 4.28 4.28 4.28 4.28 4.28 4.28 4.28 
3.62 3.62 3.62 3.62 3.62 3.62 3.62 3.62 3.62 3.62 3.62 3.8 3.8 3.8 3.8 3.8 3.8 3.8 3.8 3.8 3.8 3.8 3.8 3.8 3.8 3.8 3.8 3.8 3.8 3.8 3.8 3.8 3.8 3.8 3.8 3.8 3.8 3.8 3.8 3.8 3.8 3.8 3.8 3.8 3.8 3.8 3.8 3.8 3.8 3.8 3.8 3.8 3.8 3.8 3.8 3.8 3.8 3.8 3.8 3.8 3.8 3.8 3.8 3.8 3.8 3.8 3.8 3.8 3.8 3.8 3.8 4.28 4.28 4.28 4.28 4.28 4.28 4.28 4.28 4.28 4.28 4.28 4.28 4.28 4.28 4.28 4.28 4.28 4.28 4.28 4.28 4.28 4.28 4.28 4.28 4.28 4.28 4.28 4.28 4.28 
3.62 3.62 3.62 3.62 3.62 3.62 3.62 3.62 3.62 3.62 3.62 3.8 3.8 3.8 3.8 3.8 3.8 3.8 3.8 3.8 3.8 3.8 3.8 3.8 3.8 3.8 3.8 3.8 3.8 3.8 3.8 3.8 3.8 3.8 3.8 3.8 3.8 3.8 3.8 3.8 3.8 3.8 3.8 3.8 3.8 3.8 3.8 3.8 3.8 3.8 3.8 3.8 3.8 3.8 3.8 3.8 3.8 3.8 3.8 3.8 3.8 3.8 3.8 3.8 3.8 3.8 3.8 3.8 3.8 3.8 3.8 4.28 4.28 4.28 4.28 4.28 4.28 4.28 4.28 4.28 4.28 4.28 4.28 4.28 4.28 4.28 4.28 4.28 4.28 4.28 4.28 4.28 4.28 4.28 4.28 4.28 4.28 4.28 4.28 4.28 
3.62 3.62 3.62 3.62 3.62 3.62 3.62 3.62 3.62 3.62 3.62 3.8 3.8 3.8 3.8 3.8 3.8 3.8 3.8 3.8 3.8 3.8 3.8 3.8 3.8 3.8 3.8 3.8 3.8 3.8 3.8 3.8 3.8 3.8 3.8 3.8 3.8 3.8 3.8 3.8 3.8 3.8 3.8 3.8 3.8 3.8 3.8 3.8 3.8 3.8 3.8 3.8 3.8 3.8 3.8 3.8 3.8 3.8 3.8 3.8 3.8 3.8 3.8 3.8 3.8 3.8 3.8 3.8 3.8 3.8 3.8 4.28 4.28 4.28 4.28 4.28 4.28 4.28 4.28 4.28 4.28 4.28 4.28 4.28 4.28 4.28 4.28 4.28 4.28 4.28 4.28 4.28 4.28 4.28 4.28 4.28 4.28 4.28 4.28 4.28 
3.62 3.62 3.62 3.62 3.62 3.62 3.62 3.62 3.62 3.62 3.62 3.8 3.8 3.8 3.8 3.8 3.8 3.8 3.8 3.8 3.8 3.8 3.8 3.8 3.8 3.8 3.8 3.8 3.8 3.8 3.8 3.8 3.8 3.8 3.8 3.8 3.8 3.8 3.8 3.8 3.8 3.8 3.8 3.8 3.8 3.8 3.8 3.8 3.8 3.8 3.8 3.8 3.8 3.8 3.8 3.8 3.8 3.8 3.8 3.8 3.8 3.8 3.8 3.8 3.8 3.8 3.8 3.8 3.8 3.8 3.8 4.28 4.28 4.28 4.28 4.28 4.28 4.28 4.28 4.28 4.28 4.28 4.28 4.28 4.28 4.28 4.28 4.28 4.28 4.28 4.28 4.28 4.28 4.28 4.28 4.28 4.28 4.28 4.28 4.28 
3.62 3.62 3.62 3.62 3.62 3.62 3.62 3.62 3.62 3.62 3.62 3.8 3.8 3.8 3.8 3.8 3.8 3.8 3.8 3.8 3.8 3.8 3.8 3.8 3.8 3.8 3.8 3.8 3.8 3.8 3.8 3.8 3.8 3.8 3.8 3.8 3.8 3.8 3.8 3.8 3.8 3.8 3.8 3.8 3.8 3.8 3.8 3.8 3.8 3.8 3.8 3.8 3.8 3.8 3.8 3.8 3.8 3.8 3.8 3.8 3.8 3.8 3.8 3.8 3.8 3.8 3.8 3.8 3.8 3.8 3.8 4.28 4.28 4.28 4.28 4.28 4.28 4.28 4.28 4.28 4.28 4.28 4.28 4.28 4.28 4.28 4.28 4.28 4.28 4.28 4.28 4.28 4.28 4.28 4.28 4.28 4.28 4.28 4.28 4.28 
3.62 3.62 3.62 3.62 3.62 3.62 3.62 3.62 3.62 3.62 3.62 3.8 3.8 3.8 3.8 3.8 3.8 3.8 3.8 3.8 3.8 3.8 3.8 3.8 3.8 3.8 3.8 3.8 3.8 3.8 3.8 3.8 3.8 3.8 3.8 3.8 3.8 3.8 3.8 3.8 3.8 3.8 3.8 3.8 3.8 3.8 3.8 3.8 3.8 3.8 3.8 3.8 3.8 3.8 3.8 3.8 3.8 3.8 3.8 3.8 3.8 3.8 3.8 3.8 3.8 3.8 3.8 3.8 3.8 3.8 3.8 4.28 4.28 4.28 4.28 4.28 4.28 4.28 4.28 4.28 4.28 4.28 4.28 4.28 4.28 4.28 4.28 4.28 4.28 4.28 4.28 4.28 4.28 4.28 4.28 4.28 4.28 4.28 4.28 4.28 
3.62 3.62 3.62 3.62 3.62 3.62 3.62 3.62 3.62 3.62 3.62 3.8 3.8 3.8 3.8 3.8 3.8 3.8 3.8 3.8 3.8 3.8 3.8 3.8 3.8 3.8 3.8 3.8 3.8 3.8 3.8 3.8 3.8 3.8 3.8 3.8 3.8 3.8 3.8 3.8 3.8 3.8 3.8 3.8 3.8 3.8 3.8 3.8 3.8 3.8 3.8 3.8 3.8 3.8 3.8 3.8 3.8 3.8 3.8 3.8 3.8 3.8 3.8 3.8 3.8 3.8 3.8 3.8 3.8 3.8 3.8 4.28 4.28 4.28 4.28 4.28 4.28 4.28 4.28 4.28 4.28 4.28 4.28 4.28 4.28 4.28 4.28 4.28 4.28 4.28 4.28 4.28 4.28 4.28 4.28 4.28 4.28 4.28 4.28 4.28 
3.62 3.62 3.62 3.62 3.62 3.62 3.62 3.62 3.62 3.62 3.62 3.8 3.8 3.8 3.8 3.8 3.8 3.8 3.8 3.8 3.8 3.8 3.8 3.8 3.8 3.8 3.8 3.8 3.8 3.8 3.8 3.8 3.8 3.8 3.8 3.8 3.8 3.8 3.8 3.8 3.8 3.8 3.8 3.8 3.8 3.8 3.8 3.8 3.8 3.8 3.8 3.8 3.8 3.8 3.8 3.8 3.8 3.8 3.8 3.8 3.8 3.8 3.8 3.8 3.8 3.8 3.8 3.8 3.8 3.8 3.8 4.28 4.28 4.28 4.28 4.28 4.28 4.28 4.28 4.28 4.28 4.28 4.28 4.28 4.28 4.28 4.28 4.28 4.28 4.28 4.28 4.28 4.28 4.28 4.28 4.28 4.28 4.28 4.28 4.28 
3.62 3.62 3.62 3.62 3.62 3.62 3.62 3.62 3.62 3.62 3.62 3.8 3.8 3.8 3.8 3.8 3.8 3.8 3.8 3.8 3.8 3.8 3.8 3.8 3.8 3.8 3.8 3.8 3.8 3.8 3.8 3.8 3.8 3.8 3.8 3.8 3.8 3.8 3.8 3.8 3.8 3.8 3.8 3.8 3.8 3.8 3.8 3.8 3.8 3.8 3.8 3.8 3.8 3.8 3.8 3.8 3.8 3.8 3.8 3.8 3.8 3.8 3.8 3.8 3.8 3.8 3.8 3.8 3.8 3.8 3.8 4.28 4.28 4.28 4.28 4.28 4.28 4.28 4.28 4.28 4.28 4.28 4.28 4.28 4.28 4.28 4.28 4.28 4.28 4.28 4.28 4.28 4.28 4.28 4.28 4.28 4.28 4.28 4.28 4.28 
3.62 3.62 3.62 3.62 3.62 3.62 3.62 3.62 3.62 3.62 3.62 3.8 3.8 3.8 3.8 3.8 3.8 3.8 3.8 3.8 3.8 3.8 3.8 3.8 3.8 3.8 3.8 3.8 3.8 3.8 3.8 3.8 3.8 3.8 3.8 3.8 3.8 3.8 3.8 3.8 3.8 3.8 3.8 3.8 3.8 3.8 3.8 3.8 3.8 3.8 3.8 3.8 3.8 3.8 3.8 3.8 3.8 3.8 3.8 3.8 3.8 3.8 3.8 3.8 3.8 3.8 3.8 3.8 3.8 3.8 3.8 4.28 4.28 4.28 4.28 4.28 4.28 4.28 4.28 4.28 4.28 4.28 4.28 4.28 4.28 4.28 4.28 4.28 4.28 4.28 4.28 4.28 4.28 4.28 4.28 4.28 4.28 4.28 4.28 4.28 
3.62 3.62 3.62 3.62 3.62 3.62 3.62 3.62 3.62 3.62 3.62 3.8 3.8 3.8 3.8 3.8 3.8 3.8 3.8 3.8 3.8 3.8 3.8 3.8 3.8 3.8 3.8 3.8 3.8 3.8 3.8 3.8 3.8 3.8 3.8 3.8 3.8 3.8 3.8 3.8 3.8 3.8 3.8 3.8 3.8 3.8 3.8 3.8 3.8 3.8 3.8 3.8 3.8 3.8 3.8 3.8 3.8 3.8 3.8 3.8 3.8 3.8 3.8 3.8 3.8 3.8 3.8 3.8 3.8 3.8 3.8 4.28 4.28 4.28 4.28 4.28 4.28 4.28 4.28 4.28 4.28 4.28 4.28 4.28 4.28 4.28 4.28 4.28 4.28 4.28 4.28 4.28 4.28 4.28 4.28 4.28 4.28 4.28 4.28 4.28 
3.62 3.62 3.62 3.62 3.62 3.62 3.62 3.62 3.62 3.62 3.62 3.8 3.8 3.8 3.8 3.8 3.8 3.8 3.8 3.8 3.8 3.8 3.8 3.8 3.8 3.8 3.8 3.8 3.8 3.8 3.8 3.8 3.8 3.8 3.8 3.8 3.8 3.8 3.8 3.8 3.8 3.8 3.8 3.8 3.8 3.8 3.8 3.8 3.8 3.8 3.8 3.8 3.8 3.8 3.8 3.8 3.8 3.8 3.8 3.8 3.8 3.8 3.8 3.8 3.8 3.8 3.8 3.8 3.8 3.8 3.8 4.28 4.28 4.28 4.28 4.28 4.28 4.28 4.28 4.28 4.28 4.28 4.28 4.28 4.28 4.28 4.28 4.28 4.28 4.28 4.28 4.28 4.28 4.28 4.28 4.28 4.28 4.28 4.28 4.28 
3.62 3.62 3.62 3.62 3.62 3.62 3.62 3.62 3.62 3.62 3.62 3.8 3.8 3.8 3.8 3.8 3.8 3.8 3.8 3.8 3.8 3.8 3.8 3.8 3.8 3.8 3.8 3.8 3.8 3.8 3.8 3.8 3.8 3.8 3.8 3.8 3.8 3.8 3.8 3.8 3.8 3.8 3.8 3.8 3.8 3.8 3.8 3.8 3.8 3.8 3.8 3.8 3.8 3.8 3.8 3.8 3.8 3.8 3.8 3.8 3.8 3.8 3.8 3.8 3.8 3.8 3.8 3.8 3.8 3.8 3.8 4.28 4.28 4.28 4.28 4.28 4.28 4.28 4.28 4.28 4.28 4.28 4.28 4.28 4.28 4.28 4.28 4.28 4.28 4.28 4.28 4.28 4.28 4.28 4.28 4.28 4.28 4.28 4.28 4.28 
3.62 3.62 3.62 3.62 3.62 3.62 3.62 3.62 3.62 3.62 3.62 3.8 3.8 3.8 3.8 3.8 3.8 3.8 3.8 3.8 3.8 3.8 3.8 3.8 3.8 3.8 3.8 3.8 3.8 3.8 3.8 3.8 3.8 3.8 3.8 3.8 3.8 3.8 3.8 3.8 3.8 3.8 3.8 3.8 3.8 3.8 3.8 3.8 3.8 3.8 3.8 3.8 3.8 3.8 3.8 3.8 3.8 3.8 3.8 3.8 3.8 3.8 3.8 3.8 3.8 3.8 3.8 3.8 3.8 3.8 3.8 4.28 4.28 4.28 4.28 4.28 4.28 4.28 4.28 4.28 4.28 4.28 4.28 4.28 4.28 4.28 4.28 4.28 4.28 4.28 4.28 4.28 4.28 4.28 4.28 4.28 4.28 4.28 4.28 4.28 
3.62 3.62 3.62 3.62 3.62 3.62 3.62 3.62 3.62 3.62 3.62 3.8 3.8 3.8 3.8 3.8 3.8 3.8 3.8 3.8 3.8 3.8 3.8 3.8 3.8 3.8 3.8 3.8 3.8 3.8 3.8 3.8 3.8 3.8 3.8 3.8 3.8 3.8 3.8 3.8 3.8 3.8 3.8 3.8 3.8 3.8 3.8 3.8 3.8 3.8 3.8 3.8 3.8 3.8 3.8 3.8 3.8 3.8 3.8 3.8 3.8 3.8 3.8 3.8 3.8 3.8 3.8 3.8 3.8 3.8 3.8 4.28 4.28 4.28 4.28 4.28 4.28 4.28 4.28 4.28 4.28 4.28 4.28 4.28 4.28 4.28 4.28 4.28 4.28 4.28 4.28 4.28 4.28 4.28 4.28 4.28 4.28 4.28 4.28 4.28 
3.62 3.62 3.62 3.62 3.62 3.62 3.62 3.62 3.62 3.62 3.62 3.8 3.8 3.8 3.8 3.8 3.8 3.8 3.8 3.8 3.8 3.8 3.8 3.8 3.8 3.8 3.8 3.8 3.8 3.8 3.8 3.8 3.8 3.8 3.8 3.8 3.8 3.8 3.8 3.8 3.8 3.8 3.8 3.8 3.8 3.8 3.8 3.8 3.8 3.8 3.8 3.8 3.8 3.8 3.8 3.8 3.8 3.8 3.8 3.8 3.8 3.8 3.8 3.8 3.8 3.8 3.8 3.8 3.8 3.8 3.8 4.28 4.28 4.28 4.28 4.28 4.28 4.28 4.28 4.28 4.28 4.28 4.28 4.28 4.28 4.28 4.28 4.28 4.28 4.28 4.28 4.28 4.28 4.28 4.28 4.28 4.28 4.28 4.28 4.28 
3.62 3.62 3.62 3.62 3.62 3.62 3.62 3.62 3.62 3.62 3.62 3.8 3.8 3.8 3.8 3.8 3.8 3.8 3.8 3.8 3.8 3.8 3.8 3.8 3.8 3.8 3.8 3.8 3.8 3.8 3.8 3.8 3.8 3.8 3.8 3.8 3.8 3.8 3.8 3.8 3.8 3.8 3.8 3.8 3.8 3.8 3.8 3.8 3.8 3.8 3.8 3.8 3.8 3.8 3.8 3.8 3.8 3.8 3.8 3.8 3.8 3.8 3.8 3.8 3.8 3.8 3.8 3.8 3.8 3.8 3.8 4.28 4.28 4.28 4.28 4.28 4.28 4.28 4.28 4.28 4.28 4.28 4.28 4.28 4.28 4.28 4.28 4.28 4.28 4.28 4.28 4.28 4.28 4.28 4.28 4.28 4.28 4.28 4.28 4.28 
3.62 3.62 3.62 3.62 3.62 3.62 3.62 3.62 3.62 3.62 3.62 3.8 3.8 3.8 3.8 3.8 3.8 3.8 3.8 3.8 3.8 3.8 3.8 3.8 3.8 3.8 3.8 3.8 3.8 3.8 3.8 3.8 3.8 3.8 3.8 3.8 3.8 3.8 3.8 3.8 3.8 3.8 3.8 3.8 3.8 3.8 3.8 3.8 3.8 3.8 3.8 3.8 3.8 3.8 3.8 3.8 3.8 3.8 3.8 3.8 3.8 3.8 3.8 3.8 3.8 3.8 3.8 3.8 3.8 3.8 3.8 4.28 4.28 4.28 4.28 4.28 4.28 4.28 4.28 4.28 4.28 4.28 4.28 4.28 4.28 4.28 4.28 4.28 4.28 4.28 4.28 4.28 4.28 4.28 4.28 4.28 4.28 4.28 4.28 4.28 
3.62 3.62 3.62 3.62 3.62 3.62 3.62 3.62 3.62 3.62 3.62 3.8 3.8 3.8 3.8 3.8 3.8 3.8 3.8 3.8 3.8 3.8 3.8 3.8 3.8 3.8 3.8 3.8 3.8 3.8 3.8 3.8 3.8 3.8 3.8 3.8 3.8 3.8 3.8 3.8 3.8 3.8 3.8 3.8 3.8 3.8 3.8 3.8 3.8 3.8 3.8 3.8 3.8 3.8 3.8 3.8 3.8 3.8 3.8 3.8 3.8 3.8 3.8 3.8 3.8 3.8 3.8 3.8 3.8 3.8 3.8 4.28 4.28 4.28 4.28 4.28 4.28 4.28 4.28 4.28 4.28 4.28 4.28 4.28 4.28 4.28 4.28 4.28 4.28 4.28 4.28 4.28 4.28 4.28 4.28 4.28 4.28 4.28 4.28 4.28 
3.62 3.62 3.62 3.62 3.62 3.62 3.62 3.62 3.62 3.62 3.62 3.8 3.8 3.8 3.8 3.8 3.8 3.8 3.8 3.8 3.8 3.8 3.8 3.8 3.8 3.8 3.8 3.8 3.8 3.8 3.8 3.8 3.8 3.8 3.8 3.8 3.8 3.8 3.8 3.8 3.8 3.8 3.8 3.8 3.8 3.8 3.8 3.8 3.8 3.8 3.8 3.8 3.8 3.8 3.8 3.8 3.8 3.8 3.8 3.8 3.8 3.8 3.8 3.8 3.8 3.8 3.8 3.8 3.8 3.8 3.8 4.28 4.28 4.28 4.28 4.28 4.28 4.28 4.28 4.28 4.28 4.28 4.28 4.28 4.28 4.28 4.28 4.28 4.28 4.28 4.28 4.28 4.28 4.28 4.28 4.28 4.28 4.28 4.28 4.28 
3.62 3.62 3.62 3.62 3.62 3.62 3.62 3.62 3.62 3.62 3.62 3.8 3.8 3.8 3.8 3.8 3.8 3.8 3.8 3.8 3.8 3.8 3.8 3.8 3.8 3.8 3.8 3.8 3.8 3.8 3.8 3.8 3.8 3.8 3.8 3.8 3.8 3.8 3.8 3.8 3.8 3.8 3.8 3.8 3.8 3.8 3.8 3.8 3.8 3.8 3.8 3.8 3.8 3.8 3.8 3.8 3.8 3.8 3.8 3.8 3.8 3.8 3.8 3.8 3.8 3.8 3.8 3.8 3.8 3.8 3.8 4.28 4.28 4.28 4.28 4.28 4.28 4.28 4.28 4.28 4.28 4.28 4.28 4.28 4.28 4.28 4.28 4.28 4.28 4.28 4.28 4.28 4.28 4.28 4.28 4.28 4.28 4.28 4.28 4.28 
3.62 3.62 3.62 3.62 3.62 3.62 3.62 3.62 3.62 3.62 3.62 3.8 3.8 3.8 3.8 3.8 3.8 3.8 3.8 3.8 3.8 3.8 3.8 3.8 3.8 3.8 3.8 3.8 3.8 3.8 3.8 3.8 3.8 3.8 3.8 3.8 3.8 3.8 3.8 3.8 3.8 3.8 3.8 3.8 3.8 3.8 3.8 3.8 3.8 3.8 3.8 3.8 3.8 3.8 3.8 3.8 3.8 3.8 3.8 3.8 3.8 3.8 3.8 3.8 3.8 3.8 3.8 3.8 3.8 3.8 3.8 4.28 4.28 4.28 4.28 4.28 4.28 4.28 4.28 4.28 4.28 4.28 4.28 4.28 4.28 4.28 4.28 4.28 4.28 4.28 4.28 4.28 4.28 4.28 4.28 4.28 4.28 4.28 4.28 4.28 
3.62 3.62 3.62 3.62 3.62 3.62 3.62 3.62 3.62 3.62 3.62 3.8 3.8 3.8 3.8 3.8 3.8 3.8 3.8 3.8 3.8 3.8 3.8 3.8 3.8 3.8 3.8 3.8 3.8 3.8 3.8 3.8 3.8 3.8 3.8 3.8 3.8 3.8 3.8 3.8 3.8 3.8 3.8 3.8 3.8 3.8 3.8 3.8 3.8 3.8 3.8 3.8 3.8 3.8 3.8 3.8 3.8 3.8 3.8 3.8 3.8 3.8 3.8 3.8 3.8 3.8 3.8 3.8 3.8 3.8 3.8 4.28 4.28 4.28 4.28 4.28 4.28 4.28 4.28 4.28 4.28 4.28 4.28 4.28 4.28 4.28 4.28 4.28 4.28 4.28 4.28 4.28 4.28 4.28 4.28 4.28 4.28 4.28 4.28 4.28 
3.62 3.62 3.62 3.62 3.62 3.62 3.62 3.62 3.62 3.62 3.62 3.8 3.8 3.8 3.8 3.8 3.8 3.8 3.8 3.8 3.8 3.8 3.8 3.8 3.8 3.8 3.8 3.8 3.8 3.8 3.8 3.8 3.8 3.8 3.8 3.8 3.8 3.8 3.8 3.8 3.8 3.8 3.8 3.8 3.8 3.8 3.8 3.8 3.8 3.8 3.8 3.8 3.8 3.8 3.8 3.8 3.8 3.8 3.8 3.8 3.8 3.8 3.8 3.8 3.8 3.8 3.8 3.8 3.8 3.8 3.8 4.28 4.28 4.28 4.28 4.28 4.28 4.28 4.28 4.28 4.28 4.28 4.28 4.28 4.28 4.28 4.28 4.28 4.28 4.28 4.28 4.28 4.28 4.28 4.28 4.28 4.28 4.28 4.28 4.28 
3.62 3.62 3.62 3.62 3.62 3.62 3.62 3.62 3.62 3.62 3.62 3.8 3.8 3.8 3.8 3.8 3.8 3.8 3.8 3.8 3.8 3.8 3.8 3.8 3.8 3.8 3.8 3.8 3.8 3.8 3.8 3.8 3.8 3.8 3.8 3.8 3.8 3.8 3.8 3.8 3.8 3.8 3.8 3.8 3.8 3.8 3.8 3.8 3.8 3.8 3.8 3.8 3.8 3.8 3.8 3.8 3.8 3.8 3.8 3.8 3.8 3.8 3.8 3.8 3.8 3.8 3.8 3.8 3.8 3.8 3.8 4.28 4.28 4.28 4.28 4.28 4.28 4.28 4.28 4.28 4.28 4.28 4.28 4.28 4.28 4.28 4.28 4.28 4.28 4.28 4.28 4.28 4.28 4.28 4.28 4.28 4.28 4.28 4.28 4.28 
3.62 3.62 3.62 3.62 3.62 3.62 3.62 3.62 3.62 3.62 3.62 3.8 3.8 3.8 3.8 3.8 3.8 3.8 3.8 3.8 3.8 3.8 3.8 3.8 3.8 3.8 3.8 3.8 3.8 3.8 3.8 3.8 3.8 3.8 3.8 3.8 3.8 3.8 3.8 3.8 3.8 3.8 3.8 3.8 3.8 3.8 3.8 3.8 3.8 3.8 3.8 3.8 3.8 3.8 3.8 3.8 3.8 3.8 3.8 3.8 3.8 3.8 3.8 3.8 3.8 3.8 3.8 3.8 3.8 3.8 3.8 4.28 4.28 4.28 4.28 4.28 4.28 4.28 4.28 4.28 4.28 4.28 4.28 4.28 4.28 4.28 4.28 4.28 4.28 4.28 4.28 4.28 4.28 4.28 4.28 4.28 4.28 4.28 4.28 4.28 
3.62 3.62 3.62 3.62 3.62 3.62 3.62 3.62 3.62 3.62 3.62 3.8 3.8 3.8 3.8 3.8 3.8 3.8 3.8 3.8 3.8 3.8 3.8 3.8 3.8 3.8 3.8 3.8 3.8 3.8 3.8 3.8 3.8 3.8 3.8 3.8 3.8 3.8 3.8 3.8 3.8 3.8 3.8 3.8 3.8 3.8 3.8 3.8 3.8 3.8 3.8 3.8 3.8 3.8 3.8 3.8 3.8 3.8 3.8 3.8 3.8 3.8 3.8 3.8 3.8 3.8 3.8 3.8 3.8 3.8 3.8 4.28 4.28 4.28 4.28 4.28 4.28 4.28 4.28 4.28 4.28 4.28 4.28 4.28 4.28 4.28 4.28 4.28 4.28 4.28 4.28 4.28 4.28 4.28 4.28 4.28 4.28 4.28 4.28 4.28 
3.62 3.62 3.62 3.62 3.62 3.62 3.62 3.62 3.62 3.62 3.62 3.8 3.8 3.8 3.8 3.8 3.8 3.8 3.8 3.8 3.8 3.8 3.8 3.8 3.8 3.8 3.8 3.8 3.8 3.8 3.8 3.8 3.8 3.8 3.8 3.8 3.8 3.8 3.8 3.8 3.8 3.8 3.8 3.8 3.8 3.8 3.8 3.8 3.8 3.8 3.8 3.8 3.8 3.8 3.8 3.8 3.8 3.8 3.8 3.8 3.8 3.8 3.8 3.8 3.8 3.8 3.8 3.8 3.8 3.8 3.8 4.28 4.28 4.28 4.28 4.28 4.28 4.28 4.28 4.28 4.28 4.28 4.28 4.28 4.28 4.28 4.28 4.28 4.28 4.28 4.28 4.28 4.28 4.28 4.28 4.28 4.28 4.28 4.28 4.28 
3.62 3.62 3.62 3.62 3.62 3.62 3.62 3.62 3.62 3.62 3.62 3.8 3.8 3.8 3.8 3.8 3.8 3.8 3.8 3.8 3.8 3.8 3.8 3.8 3.8 3.8 3.8 3.8 3.8 3.8 3.8 3.8 3.8 3.8 3.8 3.8 3.8 3.8 3.8 3.8 3.8 3.8 3.8 3.8 3.8 3.8 3.8 3.8 3.8 3.8 3.8 3.8 3.8 3.8 3.8 3.8 3.8 3.8 3.8 3.8 3.8 3.8 3.8 3.8 3.8 3.8 3.8 3.8 3.8 3.8 3.8 4.28 4.28 4.28 4.28 4.28 4.28 4.28 4.28 4.28 4.28 4.28 4.28 4.28 4.28 4.28 4.28 4.28 4.28 4.28 4.28 4.28 4.28 4.28 4.28 4.28 4.28 4.28 4.28 4.28 
3.62 3.62 3.62 3.62 3.62 3.62 3.62 3.62 3.62 3.62 3.62 3.8 3.8 3.8 3.8 3.8 3.8 3.8 3.8 3.8 3.8 3.8 3.8 3.8 3.8 3.8 3.8 3.8 3.8 3.8 3.8 3.8 3.8 3.8 3.8 3.8 3.8 3.8 3.8 3.8 3.8 3.8 3.8 3.8 3.8 3.8 3.8 3.8 3.8 3.8 3.8 3.8 3.8 3.8 3.8 3.8 3.8 3.8 3.8 3.8 3.8 3.8 3.8 3.8 3.8 3.8 3.8 3.8 3.8 3.8 3.8 4.28 4.28 4.28 4.28 4.28 4.28 4.28 4.28 4.28 4.28 4.28 4.28 4.28 4.28 4.28 4.28 4.28 4.28 4.28 4.28 4.28 4.28 4.28 4.28 4.28 4.28 4.28 4.28 4.28 
3.62 3.62 3.62 3.62 3.62 3.62 3.62 3.62 3.62 3.62 3.62 3.8 3.8 3.8 3.8 3.8 3.8 3.8 3.8 3.8 3.8 3.8 3.8 3.8 3.8 3.8 3.8 3.8 3.8 3.8 3.8 3.8 3.8 3.8 3.8 3.8 3.8 3.8 3.8 3.8 3.8 3.8 3.8 3.8 3.8 3.8 3.8 3.8 3.8 3.8 3.8 3.8 3.8 3.8 3.8 3.8 3.8 3.8 3.8 3.8 3.8 3.8 3.8 3.8 3.8 3.8 3.8 3.8 3.8 3.8 3.8 4.28 4.28 4.28 4.28 4.28 4.28 4.28 4.28 4.28 4.28 4.28 4.28 4.28 4.28 4.28 4.28 4.28 4.28 4.28 4.28 4.28 4.28 4.28 4.28 4.28 4.28 4.28 4.28 4.28 
3.62 3.62 3.62 3.62 3.62 3.62 3.62 3.62 3.62 3.62 3.62 3.8 3.8 3.8 3.8 3.8 3.8 3.8 3.8 3.8 3.8 3.8 3.8 3.8 3.8 3.8 3.8 3.8 3.8 3.8 3.8 3.8 3.8 3.8 3.8 3.8 3.8 3.8 3.8 3.8 3.8 3.8 3.8 3.8 3.8 3.8 3.8 3.8 3.8 3.8 3.8 3.8 3.8 3.8 3.8 3.8 3.8 3.8 3.8 3.8 3.8 3.8 3.8 3.8 3.8 3.8 3.8 3.8 3.8 3.8 3.8 4.28 4.28 4.28 4.28 4.28 4.28 4.28 4.28 4.28 4.28 4.28 4.28 4.28 4.28 4.28 4.28 4.28 4.28 4.28 4.28 4.28 4.28 4.28 4.28 4.28 4.28 4.28 4.28 4.28 
3.62 3.62 3.62 3.62 3.62 3.62 3.62 3.62 3.62 3.62 3.62 3.8 3.8 3.8 3.8 3.8 3.8 3.8 3.8 3.8 3.8 3.8 3.8 3.8 3.8 3.8 3.8 3.8 3.8 3.8 3.8 3.8 3.8 3.8 3.8 3.8 3.8 3.8 3.8 3.8 3.8 3.8 3.8 3.8 3.8 3.8 3.8 3.8 3.8 3.8 3.8 3.8 3.8 3.8 3.8 3.8 3.8 3.8 3.8 3.8 3.8 3.8 3.8 3.8 3.8 3.8 3.8 3.8 3.8 3.8 3.8 4.28 4.28 4.28 4.28 4.28 4.28 4.28 4.28 4.28 4.28 4.28 4.28 4.28 4.28 4.28 4.28 4.28 4.28 4.28 4.28 4.28 4.28 4.28 4.28 4.28 4.28 4.28 4.28 4.28 
3.62 3.62 3.62 3.62 3.62 3.62 3.62 3.62 3.62 3.62 3.62 3.8 3.8 3.8 3.8 3.8 3.8 3.8 3.8 3.8 3.8 3.8 3.8 3.8 3.8 3.8 3.8 3.8 3.8 3.8 3.8 3.8 3.8 3.8 3.8 3.8 3.8 3.8 3.8 3.8 3.8 3.8 3.8 3.8 3.8 3.8 3.8 3.8 3.8 3.8 3.8 3.8 3.8 3.8 3.8 3.8 3.8 3.8 3.8 3.8 3.8 3.8 3.8 3.8 3.8 3.8 3.8 3.8 3.8 3.8 3.8 4.28 4.28 4.28 4.28 4.28 4.28 4.28 4.28 4.28 4.28 4.28 4.28 4.28 4.28 4.28 4.28 4.28 4.28 4.28 4.28 4.28 4.28 4.28 4.28 4.28 4.28 4.28 4.28 4.28 
3.62 3.62 3.62 3.62 3.62 3.62 3.62 3.62 3.62 3.62 3.62 3.8 3.8 3.8 3.8 3.8 3.8 3.8 3.8 3.8 3.8 3.8 3.8 3.8 3.8 3.8 3.8 3.8 3.8 3.8 3.8 3.8 3.8 3.8 3.8 3.8 3.8 3.8 3.8 3.8 3.8 3.8 3.8 3.8 3.8 3.8 3.8 3.8 3.8 3.8 3.8 3.8 3.8 3.8 3.8 3.8 3.8 3.8 3.8 3.8 3.8 3.8 3.8 3.8 3.8 3.8 3.8 3.8 3.8 3.8 3.8 4.28 4.28 4.28 4.28 4.28 4.28 4.28 4.28 4.28 4.28 4.28 4.28 4.28 4.28 4.28 4.28 4.28 4.28 4.28 4.28 4.28 4.28 4.28 4.28 4.28 4.28 4.28 4.28 4.28 
3.62 3.62 3.62 3.62 3.62 3.62 3.62 3.62 3.62 3.62 3.62 3.8 3.8 3.8 3.8 3.8 3.8 3.8 3.8 3.8 3.8 3.8 3.8 3.8 3.8 3.8 3.8 3.8 3.8 3.8 3.8 3.8 3.8 3.8 3.8 3.8 3.8 3.8 3.8 3.8 3.8 3.8 3.8 3.8 3.8 3.8 3.8 3.8 3.8 3.8 3.8 3.8 3.8 3.8 3.8 3.8 3.8 3.8 3.8 3.8 3.8 3.8 3.8 3.8 3.8 3.8 3.8 3.8 3.8 3.8 3.8 4.28 4.28 4.28 4.28 4.28 4.28 4.28 4.28 4.28 4.28 4.28 4.28 4.28 4.28 4.28 4.28 4.28 4.28 4.28 4.28 4.28 4.28 4.28 4.28 4.28 4.28 4.28 4.28 4.28 
3.62 3.62 3.62 3.62 3.62 3.62 3.62 3.62 3.62 3.62 3.62 3.8 3.8 3.8 3.8 3.8 3.8 3.8 3.8 3.8 3.8 3.8 3.8 3.8 3.8 3.8 3.8 3.8 3.8 3.8 3.8 3.8 3.8 3.8 3.8 3.8 3.8 3.8 3.8 3.8 3.8 3.8 3.8 3.8 3.8 3.8 3.8 3.8 3.8 3.8 3.8 3.8 3.8 3.8 3.8 3.8 3.8 3.8 3.8 3.8 3.8 3.8 3.8 3.8 3.8 3.8 3.8 3.8 3.8 3.8 3.8 4.28 4.28 4.28 4.28 4.28 4.28 4.28 4.28 4.28 4.28 4.28 4.28 4.28 4.28 4.28 4.28 4.28 4.28 4.28 4.28 4.28 4.28 4.28 4.28 4.28 4.28 4.28 4.28 4.28 
3.62 3.62 3.62 3.62 3.62 3.62 3.62 3.62 3.62 3.62 3.62 3.8 3.8 3.8 3.8 3.8 3.8 3.8 3.8 3.8 3.8 3.8 3.8 3.8 3.8 3.8 3.8 3.8 3.8 3.8 3.8 3.8 3.8 3.8 3.8 3.8 3.8 3.8 3.8 3.8 3.8 3.8 3.8 3.8 3.8 3.8 3.8 3.8 3.8 3.8 3.8 3.8 3.8 3.8 3.8 3.8 3.8 3.8 3.8 3.8 3.8 3.8 3.8 3.8 3.8 3.8 3.8 3.8 3.8 3.8 3.8 4.28 4.28 4.28 4.28 4.28 4.28 4.28 4.28 4.28 4.28 4.28 4.28 4.28 4.28 4.28 4.28 4.28 4.28 4.28 4.28 4.28 4.28 4.28 4.28 4.28 4.28 4.28 4.28 4.28 
3.62 3.62 3.62 3.62 3.62 3.62 3.62 3.62 3.62 3.62 3.62 3.8 3.8 3.8 3.8 3.8 3.8 3.8 3.8 3.8 3.8 3.8 3.8 3.8 3.8 3.8 3.8 3.8 3.8 3.8 3.8 3.8 3.8 3.8 3.8 3.8 3.8 3.8 3.8 3.8 3.8 3.8 3.8 3.8 3.8 3.8 3.8 3.8 3.8 3.8 3.8 3.8 3.8 3.8 3.8 3.8 3.8 3.8 3.8 3.8 3.8 3.8 3.8 3.8 3.8 3.8 3.8 3.8 3.8 3.8 3.8 4.28 4.28 4.28 4.28 4.28 4.28 4.28 4.28 4.28 4.28 4.28 4.28 4.28 4.28 4.28 4.28 4.28 4.28 4.28 4.28 4.28 4.28 4.28 4.28 4.28 4.28 4.28 4.28 4.28 
3.62 3.62 3.62 3.62 3.62 3.62 3.62 3.62 3.62 3.62 3.62 3.8 3.8 3.8 3.8 3.8 3.8 3.8 3.8 3.8 3.8 3.8 3.8 3.8 3.8 3.8 3.8 3.8 3.8 3.8 3.8 3.8 3.8 3.8 3.8 3.8 3.8 3.8 3.8 3.8 3.8 3.8 3.8 3.8 3.8 3.8 3.8 3.8 3.8 3.8 3.8 3.8 3.8 3.8 3.8 3.8 3.8 3.8 3.8 3.8 3.8 3.8 3.8 3.8 3.8 3.8 3.8 3.8 3.8 3.8 3.8 4.28 4.28 4.28 4.28 4.28 4.28 4.28 4.28 4.28 4.28 4.28 4.28 4.28 4.28 4.28 4.28 4.28 4.28 4.28 4.28 4.28 4.28 4.28 4.28 4.28 4.28 4.28 4.28 4.28 
3.62 3.62 3.62 3.62 3.62 3.62 3.62 3.62 3.62 3.62 3.62 3.8 3.8 3.8 3.8 3.8 3.8 3.8 3.8 3.8 3.8 3.8 3.8 3.8 3.8 3.8 3.8 3.8 3.8 3.8 3.8 3.8 3.8 3.8 3.8 3.8 3.8 3.8 3.8 3.8 3.8 3.8 3.8 3.8 3.8 3.8 3.8 3.8 3.8 3.8 3.8 3.8 3.8 3.8 3.8 3.8 3.8 3.8 3.8 3.8 3.8 3.8 3.8 3.8 3.8 3.8 3.8 3.8 3.8 3.8 3.8 4.28 4.28 4.28 4.28 4.28 4.28 4.28 4.28 4.28 4.28 4.28 4.28 4.28 4.28 4.28 4.28 4.28 4.28 4.28 4.28 4.28 4.28 4.28 4.28 4.28 4.28 4.28 4.28 4.28 
3.62 3.62 3.62 3.62 3.62 3.62 3.62 3.62 3.62 3.62 3.62 3.8 3.8 3.8 3.8 3.8 3.8 3.8 3.8 3.8 3.8 3.8 3.8 3.8 3.8 3.8 3.8 3.8 3.8 3.8 3.8 3.8 3.8 3.8 3.8 3.8 3.8 3.8 3.8 3.8 3.8 3.8 3.8 3.8 3.8 3.8 3.8 3.8 3.8 3.8 3.8 3.8 3.8 3.8 3.8 3.8 3.8 3.8 3.8 3.8 3.8 3.8 3.8 3.8 3.8 3.8 3.8 3.8 3.8 3.8 3.8 4.28 4.28 4.28 4.28 4.28 4.28 4.28 4.28 4.28 4.28 4.28 4.28 4.28 4.28 4.28 4.28 4.28 4.28 4.28 4.28 4.28 4.28 4.28 4.28 4.28 4.28 4.28 4.28 4.28 
3.62 3.62 3.62 3.62 3.62 3.62 3.62 3.62 3.62 3.62 3.62 3.8 3.8 3.8 3.8 3.8 3.8 3.8 3.8 3.8 3.8 3.8 3.8 3.8 3.8 3.8 3.8 3.8 3.8 3.8 3.8 3.8 3.8 3.8 3.8 3.8 3.8 3.8 3.8 3.8 3.8 3.8 3.8 3.8 3.8 3.8 3.8 3.8 3.8 3.8 3.8 3.8 3.8 3.8 3.8 3.8 3.8 3.8 3.8 3.8 3.8 3.8 3.8 3.8 3.8 3.8 3.8 3.8 3.8 3.8 3.8 4.28 4.28 4.28 4.28 4.28 4.28 4.28 4.28 4.28 4.28 4.28 4.28 4.28 4.28 4.28 4.28 4.28 4.28 4.28 4.28 4.28 4.28 4.28 4.28 4.28 4.28 4.28 4.28 4.28 
3.62 3.62 3.62 3.62 3.62 3.62 3.62 3.62 3.62 3.62 3.62 3.8 3.8 3.8 3.8 3.8 3.8 3.8 3.8 3.8 3.8 3.8 3.8 3.8 3.8 3.8 3.8 3.8 3.8 3.8 3.8 3.8 3.8 3.8 3.8 3.8 3.8 3.8 3.8 3.8 3.8 3.8 3.8 3.8 3.8 3.8 3.8 3.8 3.8 3.8 3.8 3.8 3.8 3.8 3.8 3.8 3.8 3.8 3.8 3.8 3.8 3.8 3.8 3.8 3.8 3.8 3.8 3.8 3.8 3.8 3.8 4.28 4.28 4.28 4.28 4.28 4.28 4.28 4.28 4.28 4.28 4.28 4.28 4.28 4.28 4.28 4.28 4.28 4.28 4.28 4.28 4.28 4.28 4.28 4.28 4.28 4.28 4.28 4.28 4.28 
3.62 3.62 3.62 3.62 3.62 3.62 3.62 3.62 3.62 3.62 3.62 3.8 3.8 3.8 3.8 3.8 3.8 3.8 3.8 3.8 3.8 3.8 3.8 3.8 3.8 3.8 3.8 3.8 3.8 3.8 3.8 3.8 3.8 3.8 3.8 3.8 3.8 3.8 3.8 3.8 3.8 3.8 3.8 3.8 3.8 3.8 3.8 3.8 3.8 3.8 3.8 3.8 3.8 3.8 3.8 3.8 3.8 3.8 3.8 3.8 3.8 3.8 3.8 3.8 3.8 3.8 3.8 3.8 3.8 3.8 3.8 4.28 4.28 4.28 4.28 4.28 4.28 4.28 4.28 4.28 4.28 4.28 4.28 4.28 4.28 4.28 4.28 4.28 4.28 4.28 4.28 4.28 4.28 4.28 4.28 4.28 4.28 4.28 4.28 4.28 
3.62 3.62 3.62 3.62 3.62 3.62 3.62 3.62 3.62 3.62 3.62 3.8 3.8 3.8 3.8 3.8 3.8 3.8 3.8 3.8 3.8 3.8 3.8 3.8 3.8 3.8 3.8 3.8 3.8 3.8 3.8 3.8 3.8 3.8 3.8 3.8 3.8 3.8 3.8 3.8 3.8 3.8 3.8 3.8 3.8 3.8 3.8 3.8 3.8 3.8 3.8 3.8 3.8 3.8 3.8 3.8 3.8 3.8 3.8 3.8 3.8 3.8 3.8 3.8 3.8 3.8 3.8 3.8 3.8 3.8 3.8 4.28 4.28 4.28 4.28 4.28 4.28 4.28 4.28 4.28 4.28 4.28 4.28 4.28 4.28 4.28 4.28 4.28 4.28 4.28 4.28 4.28 4.28 4.28 4.28 4.28 4.28 4.28 4.28 4.28 
3.62 3.62 3.62 3.62 3.62 3.62 3.62 3.62 3.62 3.62 3.62 3.8 3.8 3.8 3.8 3.8 3.8 3.8 3.8 3.8 3.8 3.8 3.8 3.8 3.8 3.8 3.8 3.8 3.8 3.8 3.8 3.8 3.8 3.8 3.8 3.8 3.8 3.8 3.8 3.8 3.8 3.8 3.8 3.8 3.8 3.8 3.8 3.8 3.8 3.8 3.8 3.8 3.8 3.8 3.8 3.8 3.8 3.8 3.8 3.8 3.8 3.8 3.8 3.8 3.8 3.8 3.8 3.8 3.8 3.8 3.8 4.28 4.28 4.28 4.28 4.28 4.28 4.28 4.28 4.28 4.28 4.28 4.28 4.28 4.28 4.28 4.28 4.28 4.28 4.28 4.28 4.28 4.28 4.28 4.28 4.28 4.28 4.28 4.28 4.28 
3.62 3.62 3.62 3.62 3.62 3.62 3.62 3.62 3.62 3.62 3.62 3.8 3.8 3.8 3.8 3.8 3.8 3.8 3.8 3.8 3.8 3.8 3.8 3.8 3.8 3.8 3.8 3.8 3.8 3.8 3.8 3.8 3.8 3.8 3.8 3.8 3.8 3.8 3.8 3.8 3.8 3.8 3.8 3.8 3.8 3.8 3.8 3.8 3.8 3.8 3.8 3.8 3.8 3.8 3.8 3.8 3.8 3.8 3.8 3.8 3.8 3.8 3.8 3.8 3.8 3.8 3.8 3.8 3.8 3.8 3.8 4.28 4.28 4.28 4.28 4.28 4.28 4.28 4.28 4.28 4.28 4.28 4.28 4.28 4.28 4.28 4.28 4.28 4.28 4.28 4.28 4.28 4.28 4.28 4.28 4.28 4.28 4.28 4.28 4.28 
3.62 3.62 3.62 3.62 3.62 3.62 3.62 3.62 3.62 3.62 3.62 3.8 3.8 3.8 3.8 3.8 3.8 3.8 3.8 3.8 3.8 3.8 3.8 3.8 3.8 3.8 3.8 3.8 3.8 3.8 3.8 3.8 3.8 3.8 3.8 3.8 3.8 3.8 3.8 3.8 3.8 3.8 3.8 3.8 3.8 3.8 3.8 3.8 3.8 3.8 3.8 3.8 3.8 3.8 3.8 3.8 3.8 3.8 3.8 3.8 3.8 3.8 3.8 3.8 3.8 3.8 3.8 3.8 3.8 3.8 3.8 4.28 4.28 4.28 4.28 4.28 4.28 4.28 4.28 4.28 4.28 4.28 4.28 4.28 4.28 4.28 4.28 4.28 4.28 4.28 4.28 4.28 4.28 4.28 4.28 4.28 4.28 4.28 4.28 4.28 
3.62 3.62 3.62 3.62 3.62 3.62 3.62 3.62 3.62 3.62 3.62 3.8 3.8 3.8 3.8 3.8 3.8 3.8 3.8 3.8 3.8 3.8 3.8 3.8 3.8 3.8 3.8 3.8 3.8 3.8 3.8 3.8 3.8 3.8 3.8 3.8 3.8 3.8 3.8 3.8 3.8 3.8 3.8 3.8 3.8 3.8 3.8 3.8 3.8 3.8 3.8 3.8 3.8 3.8 3.8 3.8 3.8 3.8 3.8 3.8 3.8 3.8 3.8 3.8 3.8 3.8 3.8 3.8 3.8 3.8 3.8 4.28 4.28 4.28 4.28 4.28 4.28 4.28 4.28 4.28 4.28 4.28 4.28 4.28 4.28 4.28 4.28 4.28 4.28 4.28 4.28 4.28 4.28 4.28 4.28 4.28 4.28 4.28 4.28 4.28 
3.62 3.62 3.62 3.62 3.62 3.62 3.62 3.62 3.62 3.62 3.62 3.8 3.8 3.8 3.8 3.8 3.8 3.8 3.8 3.8 3.8 3.8 3.8 3.8 3.8 3.8 3.8 3.8 3.8 3.8 3.8 3.8 3.8 3.8 3.8 3.8 3.8 3.8 3.8 3.8 3.8 3.8 3.8 3.8 3.8 3.8 3.8 3.8 3.8 3.8 3.8 3.8 3.8 3.8 3.8 3.8 3.8 3.8 3.8 3.8 3.8 3.8 3.8 3.8 3.8 3.8 3.8 3.8 3.8 3.8 3.8 4.28 4.28 4.28 4.28 4.28 4.28 4.28 4.28 4.28 4.28 4.28 4.28 4.28 4.28 4.28 4.28 4.28 4.28 4.28 4.28 4.28 4.28 4.28 4.28 4.28 4.28 4.28 4.28 4.28 
3.62 3.62 3.62 3.62 3.62 3.62 3.62 3.62 3.62 3.62 3.62 3.8 3.8 3.8 3.8 3.8 3.8 3.8 3.8 3.8 3.8 3.8 3.8 3.8 3.8 3.8 3.8 3.8 3.8 3.8 3.8 3.8 3.8 3.8 3.8 3.8 3.8 3.8 3.8 3.8 3.8 3.8 3.8 3.8 3.8 3.8 3.8 3.8 3.8 3.8 3.8 3.8 3.8 3.8 3.8 3.8 3.8 3.8 3.8 3.8 3.8 3.8 3.8 3.8 3.8 3.8 3.8 3.8 3.8 3.8 3.8 4.28 4.28 4.28 4.28 4.28 4.28 4.28 4.28 4.28 4.28 4.28 4.28 4.28 4.28 4.28 4.28 4.28 4.28 4.28 4.28 4.28 4.28 4.28 4.28 4.28 4.28 4.28 4.28 4.28 
3.62 3.62 3.62 3.62 3.62 3.62 3.62 3.62 3.62 3.62 3.62 3.8 3.8 3.8 3.8 3.8 3.8 3.8 3.8 3.8 3.8 3.8 3.8 3.8 3.8 3.8 3.8 3.8 3.8 3.8 3.8 3.8 3.8 3.8 3.8 3.8 3.8 3.8 3.8 3.8 3.8 3.8 3.8 3.8 3.8 3.8 3.8 3.8 3.8 3.8 3.8 3.8 3.8 3.8 3.8 3.8 3.8 3.8 3.8 3.8 3.8 3.8 3.8 3.8 3.8 3.8 3.8 3.8 3.8 3.8 3.8 4.28 4.28 4.28 4.28 4.28 4.28 4.28 4.28 4.28 4.28 4.28 4.28 4.28 4.28 4.28 4.28 4.28 4.28 4.28 4.28 4.28 4.28 4.28 4.28 4.28 4.28 4.28 4.28 4.28 
3.62 3.62 3.62 3.62 3.62 3.62 3.62 3.62 3.62 3.62 3.62 3.8 3.8 3.8 3.8 3.8 3.8 3.8 3.8 3.8 3.8 3.8 3.8 3.8 3.8 3.8 3.8 3.8 3.8 3.8 3.8 3.8 3.8 3.8 3.8 3.8 3.8 3.8 3.8 3.8 3.8 3.8 3.8 3.8 3.8 3.8 3.8 3.8 3.8 3.8 3.8 3.8 3.8 3.8 3.8 3.8 3.8 3.8 3.8 3.8 3.8 3.8 3.8 3.8 3.8 3.8 3.8 3.8 3.8 3.8 3.8 4.28 4.28 4.28 4.28 4.28 4.28 4.28 4.28 4.28 4.28 4.28 4.28 4.28 4.28 4.28 4.28 4.28 4.28 4.28 4.28 4.28 4.28 4.28 4.28 4.28 4.28 4.28 4.28 4.28 
3.62 3.62 3.62 3.62 3.62 3.62 3.62 3.62 3.62 3.62 3.62 3.8 3.8 3.8 3.8 3.8 3.8 3.8 3.8 3.8 3.8 3.8 3.8 3.8 3.8 3.8 3.8 3.8 3.8 3.8 3.8 3.8 3.8 3.8 3.8 3.8 3.8 3.8 3.8 3.8 3.8 3.8 3.8 3.8 3.8 3.8 3.8 3.8 3.8 3.8 3.8 3.8 3.8 3.8 3.8 3.8 3.8 3.8 3.8 3.8 3.8 3.8 3.8 3.8 3.8 3.8 3.8 3.8 3.8 3.8 3.8 4.28 4.28 4.28 4.28 4.28 4.28 4.28 4.28 4.28 4.28 4.28 4.28 4.28 4.28 4.28 4.28 4.28 4.28 4.28 4.28 4.28 4.28 4.28 4.28 4.28 4.28 4.28 4.28 4.28 
6.88 6.88 6.88 6.88 6.88 6.88 6.88 6.88 6.88 6.88 6.88 7.02 7.02 7.02 7.02 7.02 7.02 7.02 7.02 7.02 7.02 7.02 7.02 7.02 7.02 7.02 7.02 7.02 7.02 7.02 7.02 7.02 7.02 7.02 7.02 7.02 7.02 7.02 7.02 7.02 7.02 7.02 7.02 7.02 7.02 7.02 7.02 7.02 7.02 7.02 7.02 7.02 7.02 7.02 7.02 7.02 7.02 7.02 7.02 7.02 7.02 7.02 7.02 7.02 7.02 7.02 7.02 7.02 7.02 7.02 7.02 6.86 6.86 6.86 6.86 6.86 6.86 6.86 6.86 6.86 6.86 6.86 6.86 6.86 6.86 6.86 6.86 6.86 6.86 6.86 6.86 6.86 6.86 6.86 6.86 6.86 6.86 6.86 6.86 6.86 
6.88 6.88 6.88 6.88 6.88 6.88 6.88 6.88 6.88 6.88 6.88 7.02 7.02 7.02 7.02 7.02 7.02 7.02 7.02 7.02 7.02 7.02 7.02 7.02 7.02 7.02 7.02 7.02 7.02 7.02 7.02 7.02 7.02 7.02 7.02 7.02 7.02 7.02 7.02 7.02 7.02 7.02 7.02 7.02 7.02 7.02 7.02 7.02 7.02 7.02 7.02 7.02 7.02 7.02 7.02 7.02 7.02 7.02 7.02 7.02 7.02 7.02 7.02 7.02 7.02 7.02 7.02 7.02 7.02 7.02 7.02 6.86 6.86 6.86 6.86 6.86 6.86 6.86 6.86 6.86 6.86 6.86 6.86 6.86 6.86 6.86 6.86 6.86 6.86 6.86 6.86 6.86 6.86 6.86 6.86 6.86 6.86 6.86 6.86 6.86 
6.88 6.88 6.88 6.88 6.88 6.88 6.88 6.88 6.88 6.88 6.88 7.02 7.02 7.02 7.02 7.02 7.02 7.02 7.02 7.02 7.02 7.02 7.02 7.02 7.02 7.02 7.02 7.02 7.02 7.02 7.02 7.02 7.02 7.02 7.02 7.02 7.02 7.02 7.02 7.02 7.02 7.02 7.02 7.02 7.02 7.02 7.02 7.02 7.02 7.02 7.02 7.02 7.02 7.02 7.02 7.02 7.02 7.02 7.02 7.02 7.02 7.02 7.02 7.02 7.02 7.02 7.02 7.02 7.02 7.02 7.02 6.86 6.86 6.86 6.86 6.86 6.86 6.86 6.86 6.86 6.86 6.86 6.86 6.86 6.86 6.86 6.86 6.86 6.86 6.86 6.86 6.86 6.86 6.86 6.86 6.86 6.86 6.86 6.86 6.86 
6.88 6.88 6.88 6.88 6.88 6.88 6.88 6.88 6.88 6.88 6.88 7.02 7.02 7.02 7.02 7.02 7.02 7.02 7.02 7.02 7.02 7.02 7.02 7.02 7.02 7.02 7.02 7.02 7.02 7.02 7.02 7.02 7.02 7.02 7.02 7.02 7.02 7.02 7.02 7.02 7.02 7.02 7.02 7.02 7.02 7.02 7.02 7.02 7.02 7.02 7.02 7.02 7.02 7.02 7.02 7.02 7.02 7.02 7.02 7.02 7.02 7.02 7.02 7.02 7.02 7.02 7.02 7.02 7.02 7.02 7.02 6.86 6.86 6.86 6.86 6.86 6.86 6.86 6.86 6.86 6.86 6.86 6.86 6.86 6.86 6.86 6.86 6.86 6.86 6.86 6.86 6.86 6.86 6.86 6.86 6.86 6.86 6.86 6.86 6.86 
6.88 6.88 6.88 6.88 6.88 6.88 6.88 6.88 6.88 6.88 6.88 7.02 7.02 7.02 7.02 7.02 7.02 7.02 7.02 7.02 7.02 7.02 7.02 7.02 7.02 7.02 7.02 7.02 7.02 7.02 7.02 7.02 7.02 7.02 7.02 7.02 7.02 7.02 7.02 7.02 7.02 7.02 7.02 7.02 7.02 7.02 7.02 7.02 7.02 7.02 7.02 7.02 7.02 7.02 7.02 7.02 7.02 7.02 7.02 7.02 7.02 7.02 7.02 7.02 7.02 7.02 7.02 7.02 7.02 7.02 7.02 6.86 6.86 6.86 6.86 6.86 6.86 6.86 6.86 6.86 6.86 6.86 6.86 6.86 6.86 6.86 6.86 6.86 6.86 6.86 6.86 6.86 6.86 6.86 6.86 6.86 6.86 6.86 6.86 6.86 
6.88 6.88 6.88 6.88 6.88 6.88 6.88 6.88 6.88 6.88 6.88 7.02 7.02 7.02 7.02 7.02 7.02 7.02 7.02 7.02 7.02 7.02 7.02 7.02 7.02 7.02 7.02 7.02 7.02 7.02 7.02 7.02 7.02 7.02 7.02 7.02 7.02 7.02 7.02 7.02 7.02 7.02 7.02 7.02 7.02 7.02 7.02 7.02 7.02 7.02 7.02 7.02 7.02 7.02 7.02 7.02 7.02 7.02 7.02 7.02 7.02 7.02 7.02 7.02 7.02 7.02 7.02 7.02 7.02 7.02 7.02 6.86 6.86 6.86 6.86 6.86 6.86 6.86 6.86 6.86 6.86 6.86 6.86 6.86 6.86 6.86 6.86 6.86 6.86 6.86 6.86 6.86 6.86 6.86 6.86 6.86 6.86 6.86 6.86 6.86 
6.88 6.88 6.88 6.88 6.88 6.88 6.88 6.88 6.88 6.88 6.88 7.02 7.02 7.02 7.02 7.02 7.02 7.02 7.02 7.02 7.02 7.02 7.02 7.02 7.02 7.02 7.02 7.02 7.02 7.02 7.02 7.02 7.02 7.02 7.02 7.02 7.02 7.02 7.02 7.02 7.02 7.02 7.02 7.02 7.02 7.02 7.02 7.02 7.02 7.02 7.02 7.02 7.02 7.02 7.02 7.02 7.02 7.02 7.02 7.02 7.02 7.02 7.02 7.02 7.02 7.02 7.02 7.02 7.02 7.02 7.02 6.86 6.86 6.86 6.86 6.86 6.86 6.86 6.86 6.86 6.86 6.86 6.86 6.86 6.86 6.86 6.86 6.86 6.86 6.86 6.86 6.86 6.86 6.86 6.86 6.86 6.86 6.86 6.86 6.86 
6.88 6.88 6.88 6.88 6.88 6.88 6.88 6.88 6.88 6.88 6.88 7.02 7.02 7.02 7.02 7.02 7.02 7.02 7.02 7.02 7.02 7.02 7.02 7.02 7.02 7.02 7.02 7.02 7.02 7.02 7.02 7.02 7.02 7.02 7.02 7.02 7.02 7.02 7.02 7.02 7.02 7.02 7.02 7.02 7.02 7.02 7.02 7.02 7.02 7.02 7.02 7.02 7.02 7.02 7.02 7.02 7.02 7.02 7.02 7.02 7.02 7.02 7.02 7.02 7.02 7.02 7.02 7.02 7.02 7.02 7.02 6.86 6.86 6.86 6.86 6.86 6.86 6.86 6.86 6.86 6.86 6.86 6.86 6.86 6.86 6.86 6.86 6.86 6.86 6.86 6.86 6.86 6.86 6.86 6.86 6.86 6.86 6.86 6.86 6.86 
6.88 6.88 6.88 6.88 6.88 6.88 6.88 6.88 6.88 6.88 6.88 7.02 7.02 7.02 7.02 7.02 7.02 7.02 7.02 7.02 7.02 7.02 7.02 7.02 7.02 7.02 7.02 7.02 7.02 7.02 7.02 7.02 7.02 7.02 7.02 7.02 7.02 7.02 7.02 7.02 7.02 7.02 7.02 7.02 7.02 7.02 7.02 7.02 7.02 7.02 7.02 7.02 7.02 7.02 7.02 7.02 7.02 7.02 7.02 7.02 7.02 7.02 7.02 7.02 7.02 7.02 7.02 7.02 7.02 7.02 7.02 6.86 6.86 6.86 6.86 6.86 6.86 6.86 6.86 6.86 6.86 6.86 6.86 6.86 6.86 6.86 6.86 6.86 6.86 6.86 6.86 6.86 6.86 6.86 6.86 6.86 6.86 6.86 6.86 6.86 
6.88 6.88 6.88 6.88 6.88 6.88 6.88 6.88 6.88 6.88 6.88 7.02 7.02 7.02 7.02 7.02 7.02 7.02 7.02 7.02 7.02 7.02 7.02 7.02 7.02 7.02 7.02 7.02 7.02 7.02 7.02 7.02 7.02 7.02 7.02 7.02 7.02 7.02 7.02 7.02 7.02 7.02 7.02 7.02 7.02 7.02 7.02 7.02 7.02 7.02 7.02 7.02 7.02 7.02 7.02 7.02 7.02 7.02 7.02 7.02 7.02 7.02 7.02 7.02 7.02 7.02 7.02 7.02 7.02 7.02 7.02 6.86 6.86 6.86 6.86 6.86 6.86 6.86 6.86 6.86 6.86 6.86 6.86 6.86 6.86 6.86 6.86 6.86 6.86 6.86 6.86 6.86 6.86 6.86 6.86 6.86 6.86 6.86 6.86 6.86 
6.88 6.88 6.88 6.88 6.88 6.88 6.88 6.88 6.88 6.88 6.88 7.02 7.02 7.02 7.02 7.02 7.02 7.02 7.02 7.02 7.02 7.02 7.02 7.02 7.02 7.02 7.02 7.02 7.02 7.02 7.02 7.02 7.02 7.02 7.02 7.02 7.02 7.02 7.02 7.02 7.02 7.02 7.02 7.02 7.02 7.02 7.02 7.02 7.02 7.02 7.02 7.02 7.02 7.02 7.02 7.02 7.02 7.02 7.02 7.02 7.02 7.02 7.02 7.02 7.02 7.02 7.02 7.02 7.02 7.02 7.02 6.86 6.86 6.86 6.86 6.86 6.86 6.86 6.86 6.86 6.86 6.86 6.86 6.86 6.86 6.86 6.86 6.86 6.86 6.86 6.86 6.86 6.86 6.86 6.86 6.86 6.86 6.86 6.86 6.86 
6.88 6.88 6.88 6.88 6.88 6.88 6.88 6.88 6.88 6.88 6.88 7.02 7.02 7.02 7.02 7.02 7.02 7.02 7.02 7.02 7.02 7.02 7.02 7.02 7.02 7.02 7.02 7.02 7.02 7.02 7.02 7.02 7.02 7.02 7.02 7.02 7.02 7.02 7.02 7.02 7.02 7.02 7.02 7.02 7.02 7.02 7.02 7.02 7.02 7.02 7.02 7.02 7.02 7.02 7.02 7.02 7.02 7.02 7.02 7.02 7.02 7.02 7.02 7.02 7.02 7.02 7.02 7.02 7.02 7.02 7.02 6.86 6.86 6.86 6.86 6.86 6.86 6.86 6.86 6.86 6.86 6.86 6.86 6.86 6.86 6.86 6.86 6.86 6.86 6.86 6.86 6.86 6.86 6.86 6.86 6.86 6.86 6.86 6.86 6.86 
6.88 6.88 6.88 6.88 6.88 6.88 6.88 6.88 6.88 6.88 6.88 7.02 7.02 7.02 7.02 7.02 7.02 7.02 7.02 7.02 7.02 7.02 7.02 7.02 7.02 7.02 7.02 7.02 7.02 7.02 7.02 7.02 7.02 7.02 7.02 7.02 7.02 7.02 7.02 7.02 7.02 7.02 7.02 7.02 7.02 7.02 7.02 7.02 7.02 7.02 7.02 7.02 7.02 7.02 7.02 7.02 7.02 7.02 7.02 7.02 7.02 7.02 7.02 7.02 7.02 7.02 7.02 7.02 7.02 7.02 7.02 6.86 6.86 6.86 6.86 6.86 6.86 6.86 6.86 6.86 6.86 6.86 6.86 6.86 6.86 6.86 6.86 6.86 6.86 6.86 6.86 6.86 6.86 6.86 6.86 6.86 6.86 6.86 6.86 6.86 
6.88 6.88 6.88 6.88 6.88 6.88 6.88 6.88 6.88 6.88 6.88 7.02 7.02 7.02 7.02 7.02 7.02 7.02 7.02 7.02 7.02 7.02 7.02 7.02 7.02 7.02 7.02 7.02 7.02 7.02 7.02 7.02 7.02 7.02 7.02 7.02 7.02 7.02 7.02 7.02 7.02 7.02 7.02 7.02 7.02 7.02 7.02 7.02 7.02 7.02 7.02 7.02 7.02 7.02 7.02 7.02 7.02 7.02 7.02 7.02 7.02 7.02 7.02 7.02 7.02 7.02 7.02 7.02 7.02 7.02 7.02 6.86 6.86 6.86 6.86 6.86 6.86 6.86 6.86 6.86 6.86 6.86 6.86 6.86 6.86 6.86 6.86 6.86 6.86 6.86 6.86 6.86 6.86 6.86 6.86 6.86 6.86 6.86 6.86 6.86 
6.88 6.88 6.88 6.88 6.88 6.88 6.88 6.88 6.88 6.88 6.88 7.02 7.02 7.02 7.02 7.02 7.02 7.02 7.02 7.02 7.02 7.02 7.02 7.02 7.02 7.02 7.02 7.02 7.02 7.02 7.02 7.02 7.02 7.02 7.02 7.02 7.02 7.02 7.02 7.02 7.02 7.02 7.02 7.02 7.02 7.02 7.02 7.02 7.02 7.02 7.02 7.02 7.02 7.02 7.02 7.02 7.02 7.02 7.02 7.02 7.02 7.02 7.02 7.02 7.02 7.02 7.02 7.02 7.02 7.02 7.02 6.86 6.86 6.86 6.86 6.86 6.86 6.86 6.86 6.86 6.86 6.86 6.86 6.86 6.86 6.86 6.86 6.86 6.86 6.86 6.86 6.86 6.86 6.86 6.86 6.86 6.86 6.86 6.86 6.86 
6.88 6.88 6.88 6.88 6.88 6.88 6.88 6.88 6.88 6.88 6.88 7.02 7.02 7.02 7.02 7.02 7.02 7.02 7.02 7.02 7.02 7.02 7.02 7.02 7.02 7.02 7.02 7.02 7.02 7.02 7.02 7.02 7.02 7.02 7.02 7.02 7.02 7.02 7.02 7.02 7.02 7.02 7.02 7.02 7.02 7.02 7.02 7.02 7.02 7.02 7.02 7.02 7.02 7.02 7.02 7.02 7.02 7.02 7.02 7.02 7.02 7.02 7.02 7.02 7.02 7.02 7.02 7.02 7.02 7.02 7.02 6.86 6.86 6.86 6.86 6.86 6.86 6.86 6.86 6.86 6.86 6.86 6.86 6.86 6.86 6.86 6.86 6.86 6.86 6.86 6.86 6.86 6.86 6.86 6.86 6.86 6.86 6.86 6.86 6.86 
6.88 6.88 6.88 6.88 6.88 6.88 6.88 6.88 6.88 6.88 6.88 7.02 7.02 7.02 7.02 7.02 7.02 7.02 7.02 7.02 7.02 7.02 7.02 7.02 7.02 7.02 7.02 7.02 7.02 7.02 7.02 7.02 7.02 7.02 7.02 7.02 7.02 7.02 7.02 7.02 7.02 7.02 7.02 7.02 7.02 7.02 7.02 7.02 7.02 7.02 7.02 7.02 7.02 7.02 7.02 7.02 7.02 7.02 7.02 7.02 7.02 7.02 7.02 7.02 7.02 7.02 7.02 7.02 7.02 7.02 7.02 6.86 6.86 6.86 6.86 6.86 6.86 6.86 6.86 6.86 6.86 6.86 6.86 6.86 6.86 6.86 6.86 6.86 6.86 6.86 6.86 6.86 6.86 6.86 6.86 6.86 6.86 6.86 6.86 6.86 
6.88 6.88 6.88 6.88 6.88 6.88 6.88 6.88 6.88 6.88 6.88 7.02 7.02 7.02 7.02 7.02 7.02 7.02 7.02 7.02 7.02 7.02 7.02 7.02 7.02 7.02 7.02 7.02 7.02 7.02 7.02 7.02 7.02 7.02 7.02 7.02 7.02 7.02 7.02 7.02 7.02 7.02 7.02 7.02 7.02 7.02 7.02 7.02 7.02 7.02 7.02 7.02 7.02 7.02 7.02 7.02 7.02 7.02 7.02 7.02 7.02 7.02 7.02 7.02 7.02 7.02 7.02 7.02 7.02 7.02 7.02 6.86 6.86 6.86 6.86 6.86 6.86 6.86 6.86 6.86 6.86 6.86 6.86 6.86 6.86 6.86 6.86 6.86 6.86 6.86 6.86 6.86 6.86 6.86 6.86 6.86 6.86 6.86 6.86 6.86 
6.88 6.88 6.88 6.88 6.88 6.88 6.88 6.88 6.88 6.88 6.88 7.02 7.02 7.02 7.02 7.02 7.02 7.02 7.02 7.02 7.02 7.02 7.02 7.02 7.02 7.02 7.02 7.02 7.02 7.02 7.02 7.02 7.02 7.02 7.02 7.02 7.02 7.02 7.02 7.02 7.02 7.02 7.02 7.02 7.02 7.02 7.02 7.02 7.02 7.02 7.02 7.02 7.02 7.02 7.02 7.02 7.02 7.02 7.02 7.02 7.02 7.02 7.02 7.02 7.02 7.02 7.02 7.02 7.02 7.02 7.02 6.86 6.86 6.86 6.86 6.86 6.86 6.86 6.86 6.86 6.86 6.86 6.86 6.86 6.86 6.86 6.86 6.86 6.86 6.86 6.86 6.86 6.86 6.86 6.86 6.86 6.86 6.86 6.86 6.86 
6.88 6.88 6.88 6.88 6.88 6.88 6.88 6.88 6.88 6.88 6.88 7.02 7.02 7.02 7.02 7.02 7.02 7.02 7.02 7.02 7.02 7.02 7.02 7.02 7.02 7.02 7.02 7.02 7.02 7.02 7.02 7.02 7.02 7.02 7.02 7.02 7.02 7.02 7.02 7.02 7.02 7.02 7.02 7.02 7.02 7.02 7.02 7.02 7.02 7.02 7.02 7.02 7.02 7.02 7.02 7.02 7.02 7.02 7.02 7.02 7.02 7.02 7.02 7.02 7.02 7.02 7.02 7.02 7.02 7.02 7.02 6.86 6.86 6.86 6.86 6.86 6.86 6.86 6.86 6.86 6.86 6.86 6.86 6.86 6.86 6.86 6.86 6.86 6.86 6.86 6.86 6.86 6.86 6.86 6.86 6.86 6.86 6.86 6.86 6.86 
6.88 6.88 6.88 6.88 6.88 6.88 6.88 6.88 6.88 6.88 6.88 7.02 7.02 7.02 7.02 7.02 7.02 7.02 7.02 7.02 7.02 7.02 7.02 7.02 7.02 7.02 7.02 7.02 7.02 7.02 7.02 7.02 7.02 7.02 7.02 7.02 7.02 7.02 7.02 7.02 7.02 7.02 7.02 7.02 7.02 7.02 7.02 7.02 7.02 7.02 7.02 7.02 7.02 7.02 7.02 7.02 7.02 7.02 7.02 7.02 7.02 7.02 7.02 7.02 7.02 7.02 7.02 7.02 7.02 7.02 7.02 6.86 6.86 6.86 6.86 6.86 6.86 6.86 6.86 6.86 6.86 6.86 6.86 6.86 6.86 6.86 6.86 6.86 6.86 6.86 6.86 6.86 6.86 6.86 6.86 6.86 6.86 6.86 6.86 6.86 
6.88 6.88 6.88 6.88 6.88 6.88 6.88 6.88 6.88 6.88 6.88 7.02 7.02 7.02 7.02 7.02 7.02 7.02 7.02 7.02 7.02 7.02 7.02 7.02 7.02 7.02 7.02 7.02 7.02 7.02 7.02 7.02 7.02 7.02 7.02 7.02 7.02 7.02 7.02 7.02 7.02 7.02 7.02 7.02 7.02 7.02 7.02 7.02 7.02 7.02 7.02 7.02 7.02 7.02 7.02 7.02 7.02 7.02 7.02 7.02 7.02 7.02 7.02 7.02 7.02 7.02 7.02 7.02 7.02 7.02 7.02 6.86 6.86 6.86 6.86 6.86 6.86 6.86 6.86 6.86 6.86 6.86 6.86 6.86 6.86 6.86 6.86 6.86 6.86 6.86 6.86 6.86 6.86 6.86 6.86 6.86 6.86 6.86 6.86 6.86 
6.88 6.88 6.88 6.88 6.88 6.88 6.88 6.88 6.88 6.88 6.88 7.02 7.02 7.02 7.02 7.02 7.02 7.02 7.02 7.02 7.02 7.02 7.02 7.02 7.02 7.02 7.02 7.02 7.02 7.02 7.02 7.02 7.02 7.02 7.02 7.02 7.02 7.02 7.02 7.02 7.02 7.02 7.02 7.02 7.02 7.02 7.02 7.02 7.02 7.02 7.02 7.02 7.02 7.02 7.02 7.02 7.02 7.02 7.02 7.02 7.02 7.02 7.02 7.02 7.02 7.02 7.02 7.02 7.02 7.02 7.02 6.86 6.86 6.86 6.86 6.86 6.86 6.86 6.86 6.86 6.86 6.86 6.86 6.86 6.86 6.86 6.86 6.86 6.86 6.86 6.86 6.86 6.86 6.86 6.86 6.86 6.86 6.86 6.86 6.86 
6.88 6.88 6.88 6.88 6.88 6.88 6.88 6.88 6.88 6.88 6.88 7.02 7.02 7.02 7.02 7.02 7.02 7.02 7.02 7.02 7.02 7.02 7.02 7.02 7.02 7.02 7.02 7.02 7.02 7.02 7.02 7.02 7.02 7.02 7.02 7.02 7.02 7.02 7.02 7.02 7.02 7.02 7.02 7.02 7.02 7.02 7.02 7.02 7.02 7.02 7.02 7.02 7.02 7.02 7.02 7.02 7.02 7.02 7.02 7.02 7.02 7.02 7.02 7.02 7.02 7.02 7.02 7.02 7.02 7.02 7.02 6.86 6.86 6.86 6.86 6.86 6.86 6.86 6.86 6.86 6.86 6.86 6.86 6.86 6.86 6.86 6.86 6.86 6.86 6.86 6.86 6.86 6.86 6.86 6.86 6.86 6.86 6.86 6.86 6.86 
6.88 6.88 6.88 6.88 6.88 6.88 6.88 6.88 6.88 6.88 6.88 7.02 7.02 7.02 7.02 7.02 7.02 7.02 7.02 7.02 7.02 7.02 7.02 7.02 7.02 7.02 7.02 7.02 7.02 7.02 7.02 7.02 7.02 7.02 7.02 7.02 7.02 7.02 7.02 7.02 7.02 7.02 7.02 7.02 7.02 7.02 7.02 7.02 7.02 7.02 7.02 7.02 7.02 7.02 7.02 7.02 7.02 7.02 7.02 7.02 7.02 7.02 7.02 7.02 7.02 7.02 7.02 7.02 7.02 7.02 7.02 6.86 6.86 6.86 6.86 6.86 6.86 6.86 6.86 6.86 6.86 6.86 6.86 6.86 6.86 6.86 6.86 6.86 6.86 6.86 6.86 6.86 6.86 6.86 6.86 6.86 6.86 6.86 6.86 6.86 
6.88 6.88 6.88 6.88 6.88 6.88 6.88 6.88 6.88 6.88 6.88 7.02 7.02 7.02 7.02 7.02 7.02 7.02 7.02 7.02 7.02 7.02 7.02 7.02 7.02 7.02 7.02 7.02 7.02 7.02 7.02 7.02 7.02 7.02 7.02 7.02 7.02 7.02 7.02 7.02 7.02 7.02 7.02 7.02 7.02 7.02 7.02 7.02 7.02 7.02 7.02 7.02 7.02 7.02 7.02 7.02 7.02 7.02 7.02 7.02 7.02 7.02 7.02 7.02 7.02 7.02 7.02 7.02 7.02 7.02 7.02 6.86 6.86 6.86 6.86 6.86 6.86 6.86 6.86 6.86 6.86 6.86 6.86 6.86 6.86 6.86 6.86 6.86 6.86 6.86 6.86 6.86 6.86 6.86 6.86 6.86 6.86 6.86 6.86 6.86 
6.88 6.88 6.88 6.88 6.88 6.88 6.88 6.88 6.88 6.88 6.88 7.02 7.02 7.02 7.02 7.02 7.02 7.02 7.02 7.02 7.02 7.02 7.02 7.02 7.02 7.02 7.02 7.02 7.02 7.02 7.02 7.02 7.02 7.02 7.02 7.02 7.02 7.02 7.02 7.02 7.02 7.02 7.02 7.02 7.02 7.02 7.02 7.02 7.02 7.02 7.02 7.02 7.02 7.02 7.02 7.02 7.02 7.02 7.02 7.02 7.02 7.02 7.02 7.02 7.02 7.02 7.02 7.02 7.02 7.02 7.02 6.86 6.86 6.86 6.86 6.86 6.86 6.86 6.86 6.86 6.86 6.86 6.86 6.86 6.86 6.86 6.86 6.86 6.86 6.86 6.86 6.86 6.86 6.86 6.86 6.86 6.86 6.86 6.86 6.86 
6.88 6.88 6.88 6.88 6.88 6.88 6.88 6.88 6.88 6.88 6.88 7.02 7.02 7.02 7.02 7.02 7.02 7.02 7.02 7.02 7.02 7.02 7.02 7.02 7.02 7.02 7.02 7.02 7.02 7.02 7.02 7.02 7.02 7.02 7.02 7.02 7.02 7.02 7.02 7.02 7.02 7.02 7.02 7.02 7.02 7.02 7.02 7.02 7.02 7.02 7.02 7.02 7.02 7.02 7.02 7.02 7.02 7.02 7.02 7.02 7.02 7.02 7.02 7.02 7.02 7.02 7.02 7.02 7.02 7.02 7.02 6.86 6.86 6.86 6.86 6.86 6.86 6.86 6.86 6.86 6.86 6.86 6.86 6.86 6.86 6.86 6.86 6.86 6.86 6.86 6.86 6.86 6.86 6.86 6.86 6.86 6.86 6.86 6.86 6.86 
6.88 6.88 6.88 6.88 6.88 6.88 6.88 6.88 6.88 6.88 6.88 7.02 7.02 7.02 7.02 7.02 7.02 7.02 7.02 7.02 7.02 7.02 7.02 7.02 7.02 7.02 7.02 7.02 7.02 7.02 7.02 7.02 7.02 7.02 7.02 7.02 7.02 7.02 7.02 7.02 7.02 7.02 7.02 7.02 7.02 7.02 7.02 7.02 7.02 7.02 7.02 7.02 7.02 7.02 7.02 7.02 7.02 7.02 7.02 7.02 7.02 7.02 7.02 7.02 7.02 7.02 7.02 7.02 7.02 7.02 7.02 6.86 6.86 6.86 6.86 6.86 6.86 6.86 6.86 6.86 6.86 6.86 6.86 6.86 6.86 6.86 6.86 6.86 6.86 6.86 6.86 6.86 6.86 6.86 6.86 6.86 6.86 6.86 6.86 6.86 
6.88 6.88 6.88 6.88 6.88 6.88 6.88 6.88 6.88 6.88 6.88 7.02 7.02 7.02 7.02 7.02 7.02 7.02 7.02 7.02 7.02 7.02 7.02 7.02 7.02 7.02 7.02 7.02 7.02 7.02 7.02 7.02 7.02 7.02 7.02 7.02 7.02 7.02 7.02 7.02 7.02 7.02 7.02 7.02 7.02 7.02 7.02 7.02 7.02 7.02 7.02 7.02 7.02 7.02 7.02 7.02 7.02 7.02 7.02 7.02 7.02 7.02 7.02 7.02 7.02 7.02 7.02 7.02 7.02 7.02 7.02 6.86 6.86 6.86 6.86 6.86 6.86 6.86 6.86 6.86 6.86 6.86 6.86 6.86 6.86 6.86 6.86 6.86 6.86 6.86 6.86 6.86 6.86 6.86 6.86 6.86 6.86 6.86 6.86 6.86 
6.88 6.88 6.88 6.88 6.88 6.88 6.88 6.88 6.88 6.88 6.88 7.02 7.02 7.02 7.02 7.02 7.02 7.02 7.02 7.02 7.02 7.02 7.02 7.02 7.02 7.02 7.02 7.02 7.02 7.02 7.02 7.02 7.02 7.02 7.02 7.02 7.02 7.02 7.02 7.02 7.02 7.02 7.02 7.02 7.02 7.02 7.02 7.02 7.02 7.02 7.02 7.02 7.02 7.02 7.02 7.02 7.02 7.02 7.02 7.02 7.02 7.02 7.02 7.02 7.02 7.02 7.02 7.02 7.02 7.02 7.02 6.86 6.86 6.86 6.86 6.86 6.86 6.86 6.86 6.86 6.86 6.86 6.86 6.86 6.86 6.86 6.86 6.86 6.86 6.86 6.86 6.86 6.86 6.86 6.86 6.86 6.86 6.86 6.86 6.86 
