ncols         100
nrows         100
xllcorner     -59982.863281
yllcorner     1851083.022172
cellsize      1000
NODATA_value  -9999
3.04 3.04 3.04 3.04 3.04 3.04 3.04 3.04 3.04 3.04 3.04 2.38 2.38 2.38 2.38 2.38 2.38 2.38 2.38 2.38 2.38 2.38 2.38 2.38 2.38 2.38 2.38 2.38 2.38 2.38 2.38 2.38 2.38 2.38 2.38 2.38 2.38 2.38 2.38 2.38 2.38 2.38 2.38 2.38 2.38 2.38 2.38 2.38 2.38 2.38 2.38 2.38 2.38 2.38 2.38 2.38 2.38 2.38 2.38 2.38 2.38 2.38 2.38 2.38 2.38 2.38 2.38 2.38 2.38 2.38 2.38 2.58 2.58 2.58 2.58 2.58 2.58 2.58 2.58 2.58 2.58 2.58 2.58 2.58 2.58 2.58 2.58 2.58 2.58 2.58 2.58 2.58 2.58 2.58 2.58 2.58 2.58 2.58 2.58 2.58 
3.04 3.04 3.04 3.04 3.04 3.04 3.04 3.04 3.04 3.04 3.04 2.38 2.38 2.38 2.38 2.38 2.38 2.38 2.38 2.38 2.38 2.38 2.38 2.38 2.38 2.38 2.38 2.38 2.38 2.38 2.38 2.38 2.38 2.38 2.38 2.38 2.38 2.38 2.38 2.38 2.38 2.38 2.38 2.38 2.38 2.38 2.38 2.38 2.38 2.38 2.38 2.38 2.38 2.38 2.38 2.38 2.38 2.38 2.38 2.38 2.38 2.38 2.38 2.38 2.38 2.38 2.38 2.38 2.38 2.38 2.38 2.58 2.58 2.58 2.58 2.58 2.58 2.58 2.58 2.58 2.58 2.58 2.58 2.58 2.58 2.58 2.58 2.58 2.58 2.58 2.58 2.58 2.58 2.58 2.58 2.58 2.58 2.58 2.58 2.58 
3.04 3.04 3.04 3.04 3.04 3.04 3.04 3.04 3.04 3.04 3.04 2.38 2.38 2.38 2.38 2.38 2.38 2.38 2.38 2.38 2.38 2.38 2.38 2.38 2.38 2.38 2.38 2.38 2.38 2.38 2.38 2.38 2.38 2.38 2.38 2.38 2.38 2.38 2.38 2.38 2.38 2.38 2.38 2.38 2.38 2.38 2.38 2.38 2.38 2.38 2.38 2.38 2.38 2.38 2.38 2.38 2.38 2.38 2.38 2.38 2.38 2.38 2.38 2.38 2.38 2.38 2.38 2.38 2.38 2.38 2.38 2.58 2.58 2.58 2.58 2.58 2.58 2.58 2.58 2.58 2.58 2.58 2.58 2.58 2.58 2.58 2.58 2.58 2.58 2.58 2.58 2.58 2.58 2.58 2.58 2.58 2.58 2.58 2.58 2.58 
3.04 3.04 3.04 3.04 3.04 3.04 3.04 3.04 3.04 3.04 3.04 2.38 2.38 2.38 2.38 2.38 2.38 2.38 2.38 2.38 2.38 2.38 2.38 2.38 2.38 2.38 2.38 2.38 2.38 2.38 2.38 2.38 2.38 2.38 2.38 2.38 2.38 2.38 2.38 2.38 2.38 2.38 2.38 2.38 2.38 2.38 2.38 2.38 2.38 2.38 2.38 2.38 2.38 2.38 2.38 2.38 2.38 2.38 2.38 2.38 2.38 2.38 2.38 2.38 2.38 2.38 2.38 2.38 2.38 2.38 2.38 2.58 2.58 2.58 2.58 2.58 2.58 2.58 2.58 2.58 2.58 2.58 2.58 2.58 2.58 2.58 2.58 2.58 2.58 2.58 2.58 2.58 2.58 2.58 2.58 2.58 2.58 2.58 2.58 2.58 
3.04 3.04 3.04 3.04 3.04 3.04 3.04 3.04 3.04 3.04 3.04 2.38 2.38 2.38 2.38 2.38 2.38 2.38 2.38 2.38 2.38 2.38 2.38 2.38 2.38 2.38 2.38 2.38 2.38 2.38 2.38 2.38 2.38 2.38 2.38 2.38 2.38 2.38 2.38 2.38 2.38 2.38 2.38 2.38 2.38 2.38 2.38 2.38 2.38 2.38 2.38 2.38 2.38 2.38 2.38 2.38 2.38 2.38 2.38 2.38 2.38 2.38 2.38 2.38 2.38 2.38 2.38 2.38 2.38 2.38 2.38 2.58 2.58 2.58 2.58 2.58 2.58 2.58 2.58 2.58 2.58 2.58 2.58 2.58 2.58 2.58 2.58 2.58 2.58 2.58 2.58 2.58 2.58 2.58 2.58 2.58 2.58 2.58 2.58 2.58 
3.04 3.04 3.04 3.04 3.04 3.04 3.04 3.04 3.04 3.04 3.04 2.38 2.38 2.38 2.38 2.38 2.38 2.38 2.38 2.38 2.38 2.38 2.38 2.38 2.38 2.38 2.38 2.38 2.38 2.38 2.38 2.38 2.38 2.38 2.38 2.38 2.38 2.38 2.38 2.38 2.38 2.38 2.38 2.38 2.38 2.38 2.38 2.38 2.38 2.38 2.38 2.38 2.38 2.38 2.38 2.38 2.38 2.38 2.38 2.38 2.38 2.38 2.38 2.38 2.38 2.38 2.38 2.38 2.38 2.38 2.38 2.58 2.58 2.58 2.58 2.58 2.58 2.58 2.58 2.58 2.58 2.58 2.58 2.58 2.58 2.58 2.58 2.58 2.58 2.58 2.58 2.58 2.58 2.58 2.58 2.58 2.58 2.58 2.58 2.58 
3.04 3.04 3.04 3.04 3.04 3.04 3.04 3.04 3.04 3.04 3.04 2.38 2.38 2.38 2.38 2.38 2.38 2.38 2.38 2.38 2.38 2.38 2.38 2.38 2.38 2.38 2.38 2.38 2.38 2.38 2.38 2.38 2.38 2.38 2.38 2.38 2.38 2.38 2.38 2.38 2.38 2.38 2.38 2.38 2.38 2.38 2.38 2.38 2.38 2.38 2.38 2.38 2.38 2.38 2.38 2.38 2.38 2.38 2.38 2.38 2.38 2.38 2.38 2.38 2.38 2.38 2.38 2.38 2.38 2.38 2.38 2.58 2.58 2.58 2.58 2.58 2.58 2.58 2.58 2.58 2.58 2.58 2.58 2.58 2.58 2.58 2.58 2.58 2.58 2.58 2.58 2.58 2.58 2.58 2.58 2.58 2.58 2.58 2.58 2.58 
3.04 3.04 3.04 3.04 3.04 3.04 3.04 3.04 3.04 3.04 3.04 2.38 2.38 2.38 2.38 2.38 2.38 2.38 2.38 2.38 2.38 2.38 2.38 2.38 2.38 2.38 2.38 2.38 2.38 2.38 2.38 2.38 2.38 2.38 2.38 2.38 2.38 2.38 2.38 2.38 2.38 2.38 2.38 2.38 2.38 2.38 2.38 2.38 2.38 2.38 2.38 2.38 2.38 2.38 2.38 2.38 2.38 2.38 2.38 2.38 2.38 2.38 2.38 2.38 2.38 2.38 2.38 2.38 2.38 2.38 2.38 2.58 2.58 2.58 2.58 2.58 2.58 2.58 2.58 2.58 2.58 2.58 2.58 2.58 2.58 2.58 2.58 2.58 2.58 2.58 2.58 2.58 2.58 2.58 2.58 2.58 2.58 2.58 2.58 2.58 
3.04 3.04 3.04 3.04 3.04 3.04 3.04 3.04 3.04 3.04 3.04 2.38 2.38 2.38 2.38 2.38 2.38 2.38 2.38 2.38 2.38 2.38 2.38 2.38 2.38 2.38 2.38 2.38 2.38 2.38 2.38 2.38 2.38 2.38 2.38 2.38 2.38 2.38 2.38 2.38 2.38 2.38 2.38 2.38 2.38 2.38 2.38 2.38 2.38 2.38 2.38 2.38 2.38 2.38 2.38 2.38 2.38 2.38 2.38 2.38 2.38 2.38 2.38 2.38 2.38 2.38 2.38 2.38 2.38 2.38 2.38 2.58 2.58 2.58 2.58 2.58 2.58 2.58 2.58 2.58 2.58 2.58 2.58 2.58 2.58 2.58 2.58 2.58 2.58 2.58 2.58 2.58 2.58 2.58 2.58 2.58 2.58 2.58 2.58 2.58 
3.32 3.32 3.32 3.32 3.32 3.32 3.32 3.32 3.32 3.32 3.32 3.62 3.62 3.62 3.62 3.62 3.62 3.62 3.62 3.62 3.62 3.62 3.62 3.62 3.62 3.62 3.62 3.62 3.62 3.62 3.62 3.62 3.62 3.62 3.62 3.62 3.62 3.62 3.62 3.62 3.62 3.62 3.62 3.62 3.62 3.62 3.62 3.62 3.62 3.62 3.62 3.62 3.62 3.62 3.62 3.62 3.62 3.62 3.62 3.62 3.62 3.62 3.62 3.62 3.62 3.62 3.62 3.62 3.62 3.62 3.62 4.2 4.2 4.2 4.2 4.2 4.2 4.2 4.2 4.2 4.2 4.2 4.2 4.2 4.2 4.2 4.2 4.2 4.2 4.2 4.2 4.2 4.2 4.2 4.2 4.2 4.2 4.2 4.2 4.2 
3.32 3.32 3.32 3.32 3.32 3.32 3.32 3.32 3.32 3.32 3.32 3.62 3.62 3.62 3.62 3.62 3.62 3.62 3.62 3.62 3.62 3.62 3.62 3.62 3.62 3.62 3.62 3.62 3.62 3.62 3.62 3.62 3.62 3.62 3.62 3.62 3.62 3.62 3.62 3.62 3.62 3.62 3.62 3.62 3.62 3.62 3.62 3.62 3.62 3.62 3.62 3.62 3.62 3.62 3.62 3.62 3.62 3.62 3.62 3.62 3.62 3.62 3.62 3.62 3.62 3.62 3.62 3.62 3.62 3.62 3.62 4.2 4.2 4.2 4.2 4.2 4.2 4.2 4.2 4.2 4.2 4.2 4.2 4.2 4.2 4.2 4.2 4.2 4.2 4.2 4.2 4.2 4.2 4.2 4.2 4.2 4.2 4.2 4.2 4.2 
3.32 3.32 3.32 3.32 3.32 3.32 3.32 3.32 3.32 3.32 3.32 3.62 3.62 3.62 3.62 3.62 3.62 3.62 3.62 3.62 3.62 3.62 3.62 3.62 3.62 3.62 3.62 3.62 3.62 3.62 3.62 3.62 3.62 3.62 3.62 3.62 3.62 3.62 3.62 3.62 3.62 3.62 3.62 3.62 3.62 3.62 3.62 3.62 3.62 3.62 3.62 3.62 3.62 3.62 3.62 3.62 3.62 3.62 3.62 3.62 3.62 3.62 3.62 3.62 3.62 3.62 3.62 3.62 3.62 3.62 3.62 4.2 4.2 4.2 4.2 4.2 4.2 4.2 4.2 4.2 4.2 4.2 4.2 4.2 4.2 4.2 4.2 4.2 4.2 4.2 4.2 4.2 4.2 4.2 4.2 4.2 4.2 4.2 4.2 4.2 
3.32 3.32 3.32 3.32 3.32 3.32 3.32 3.32 3.32 3.32 3.32 3.62 3.62 3.62 3.62 3.62 3.62 3.62 3.62 3.62 3.62 3.62 3.62 3.62 3.62 3.62 3.62 3.62 3.62 3.62 3.62 3.62 3.62 3.62 3.62 3.62 3.62 3.62 3.62 3.62 3.62 3.62 3.62 3.62 3.62 3.62 3.62 3.62 3.62 3.62 3.62 3.62 3.62 3.62 3.62 3.62 3.62 3.62 3.62 3.62 3.62 3.62 3.62 3.62 3.62 3.62 3.62 3.62 3.62 3.62 3.62 4.2 4.2 4.2 4.2 4.2 4.2 4.2 4.2 4.2 4.2 4.2 4.2 4.2 4.2 4.2 4.2 4.2 4.2 4.2 4.2 4.2 4.2 4.2 4.2 4.2 4.2 4.2 4.2 4.2 
3.32 3.32 3.32 3.32 3.32 3.32 3.32 3.32 3.32 3.32 3.32 3.62 3.62 3.62 3.62 3.62 3.62 3.62 3.62 3.62 3.62 3.62 3.62 3.62 3.62 3.62 3.62 3.62 3.62 3.62 3.62 3.62 3.62 3.62 3.62 3.62 3.62 3.62 3.62 3.62 3.62 3.62 3.62 3.62 3.62 3.62 3.62 3.62 3.62 3.62 3.62 3.62 3.62 3.62 3.62 3.62 3.62 3.62 3.62 3.62 3.62 3.62 3.62 3.62 3.62 3.62 3.62 3.62 3.62 3.62 3.62 4.2 4.2 4.2 4.2 4.2 4.2 4.2 4.2 4.2 4.2 4.2 4.2 4.2 4.2 4.2 4.2 4.2 4.2 4.2 4.2 4.2 4.2 4.2 4.2 4.2 4.2 4.2 4.2 4.2 
3.32 3.32 3.32 3.32 3.32 3.32 3.32 3.32 3.32 3.32 3.32 3.62 3.62 3.62 3.62 3.62 3.62 3.62 3.62 3.62 3.62 3.62 3.62 3.62 3.62 3.62 3.62 3.62 3.62 3.62 3.62 3.62 3.62 3.62 3.62 3.62 3.62 3.62 3.62 3.62 3.62 3.62 3.62 3.62 3.62 3.62 3.62 3.62 3.62 3.62 3.62 3.62 3.62 3.62 3.62 3.62 3.62 3.62 3.62 3.62 3.62 3.62 3.62 3.62 3.62 3.62 3.62 3.62 3.62 3.62 3.62 4.2 4.2 4.2 4.2 4.2 4.2 4.2 4.2 4.2 4.2 4.2 4.2 4.2 4.2 4.2 4.2 4.2 4.2 4.2 4.2 4.2 4.2 4.2 4.2 4.2 4.2 4.2 4.2 4.2 
3.32 3.32 3.32 3.32 3.32 3.32 3.32 3.32 3.32 3.32 3.32 3.62 3.62 3.62 3.62 3.62 3.62 3.62 3.62 3.62 3.62 3.62 3.62 3.62 3.62 3.62 3.62 3.62 3.62 3.62 3.62 3.62 3.62 3.62 3.62 3.62 3.62 3.62 3.62 3.62 3.62 3.62 3.62 3.62 3.62 3.62 3.62 3.62 3.62 3.62 3.62 3.62 3.62 3.62 3.62 3.62 3.62 3.62 3.62 3.62 3.62 3.62 3.62 3.62 3.62 3.62 3.62 3.62 3.62 3.62 3.62 4.2 4.2 4.2 4.2 4.2 4.2 4.2 4.2 4.2 4.2 4.2 4.2 4.2 4.2 4.2 4.2 4.2 4.2 4.2 4.2 4.2 4.2 4.2 4.2 4.2 4.2 4.2 4.2 4.2 
3.32 3.32 3.32 3.32 3.32 3.32 3.32 3.32 3.32 3.32 3.32 3.62 3.62 3.62 3.62 3.62 3.62 3.62 3.62 3.62 3.62 3.62 3.62 3.62 3.62 3.62 3.62 3.62 3.62 3.62 3.62 3.62 3.62 3.62 3.62 3.62 3.62 3.62 3.62 3.62 3.62 3.62 3.62 3.62 3.62 3.62 3.62 3.62 3.62 3.62 3.62 3.62 3.62 3.62 3.62 3.62 3.62 3.62 3.62 3.62 3.62 3.62 3.62 3.62 3.62 3.62 3.62 3.62 3.62 3.62 3.62 4.2 4.2 4.2 4.2 4.2 4.2 4.2 4.2 4.2 4.2 4.2 4.2 4.2 4.2 4.2 4.2 4.2 4.2 4.2 4.2 4.2 4.2 4.2 4.2 4.2 4.2 4.2 4.2 4.2 
3.32 3.32 3.32 3.32 3.32 3.32 3.32 3.32 3.32 3.32 3.32 3.62 3.62 3.62 3.62 3.62 3.62 3.62 3.62 3.62 3.62 3.62 3.62 3.62 3.62 3.62 3.62 3.62 3.62 3.62 3.62 3.62 3.62 3.62 3.62 3.62 3.62 3.62 3.62 3.62 3.62 3.62 3.62 3.62 3.62 3.62 3.62 3.62 3.62 3.62 3.62 3.62 3.62 3.62 3.62 3.62 3.62 3.62 3.62 3.62 3.62 3.62 3.62 3.62 3.62 3.62 3.62 3.62 3.62 3.62 3.62 4.2 4.2 4.2 4.2 4.2 4.2 4.2 4.2 4.2 4.2 4.2 4.2 4.2 4.2 4.2 4.2 4.2 4.2 4.2 4.2 4.2 4.2 4.2 4.2 4.2 4.2 4.2 4.2 4.2 
3.32 3.32 3.32 3.32 3.32 3.32 3.32 3.32 3.32 3.32 3.32 3.62 3.62 3.62 3.62 3.62 3.62 3.62 3.62 3.62 3.62 3.62 3.62 3.62 3.62 3.62 3.62 3.62 3.62 3.62 3.62 3.62 3.62 3.62 3.62 3.62 3.62 3.62 3.62 3.62 3.62 3.62 3.62 3.62 3.62 3.62 3.62 3.62 3.62 3.62 3.62 3.62 3.62 3.62 3.62 3.62 3.62 3.62 3.62 3.62 3.62 3.62 3.62 3.62 3.62 3.62 3.62 3.62 3.62 3.62 3.62 4.2 4.2 4.2 4.2 4.2 4.2 4.2 4.2 4.2 4.2 4.2 4.2 4.2 4.2 4.2 4.2 4.2 4.2 4.2 4.2 4.2 4.2 4.2 4.2 4.2 4.2 4.2 4.2 4.2 
3.32 3.32 3.32 3.32 3.32 3.32 3.32 3.32 3.32 3.32 3.32 3.62 3.62 3.62 3.62 3.62 3.62 3.62 3.62 3.62 3.62 3.62 3.62 3.62 3.62 3.62 3.62 3.62 3.62 3.62 3.62 3.62 3.62 3.62 3.62 3.62 3.62 3.62 3.62 3.62 3.62 3.62 3.62 3.62 3.62 3.62 3.62 3.62 3.62 3.62 3.62 3.62 3.62 3.62 3.62 3.62 3.62 3.62 3.62 3.62 3.62 3.62 3.62 3.62 3.62 3.62 3.62 3.62 3.62 3.62 3.62 4.2 4.2 4.2 4.2 4.2 4.2 4.2 4.2 4.2 4.2 4.2 4.2 4.2 4.2 4.2 4.2 4.2 4.2 4.2 4.2 4.2 4.2 4.2 4.2 4.2 4.2 4.2 4.2 4.2 
3.32 3.32 3.32 3.32 3.32 3.32 3.32 3.32 3.32 3.32 3.32 3.62 3.62 3.62 3.62 3.62 3.62 3.62 3.62 3.62 3.62 3.62 3.62 3.62 3.62 3.62 3.62 3.62 3.62 3.62 3.62 3.62 3.62 3.62 3.62 3.62 3.62 3.62 3.62 3.62 3.62 3.62 3.62 3.62 3.62 3.62 3.62 3.62 3.62 3.62 3.62 3.62 3.62 3.62 3.62 3.62 3.62 3.62 3.62 3.62 3.62 3.62 3.62 3.62 3.62 3.62 3.62 3.62 3.62 3.62 3.62 4.2 4.2 4.2 4.2 4.2 4.2 4.2 4.2 4.2 4.2 4.2 4.2 4.2 4.2 4.2 4.2 4.2 4.2 4.2 4.2 4.2 4.2 4.2 4.2 4.2 4.2 4.2 4.2 4.2 
3.32 3.32 3.32 3.32 3.32 3.32 3.32 3.32 3.32 3.32 3.32 3.62 3.62 3.62 3.62 3.62 3.62 3.62 3.62 3.62 3.62 3.62 3.62 3.62 3.62 3.62 3.62 3.62 3.62 3.62 3.62 3.62 3.62 3.62 3.62 3.62 3.62 3.62 3.62 3.62 3.62 3.62 3.62 3.62 3.62 3.62 3.62 3.62 3.62 3.62 3.62 3.62 3.62 3.62 3.62 3.62 3.62 3.62 3.62 3.62 3.62 3.62 3.62 3.62 3.62 3.62 3.62 3.62 3.62 3.62 3.62 4.2 4.2 4.2 4.2 4.2 4.2 4.2 4.2 4.2 4.2 4.2 4.2 4.2 4.2 4.2 4.2 4.2 4.2 4.2 4.2 4.2 4.2 4.2 4.2 4.2 4.2 4.2 4.2 4.2 
3.32 3.32 3.32 3.32 3.32 3.32 3.32 3.32 3.32 3.32 3.32 3.62 3.62 3.62 3.62 3.62 3.62 3.62 3.62 3.62 3.62 3.62 3.62 3.62 3.62 3.62 3.62 3.62 3.62 3.62 3.62 3.62 3.62 3.62 3.62 3.62 3.62 3.62 3.62 3.62 3.62 3.62 3.62 3.62 3.62 3.62 3.62 3.62 3.62 3.62 3.62 3.62 3.62 3.62 3.62 3.62 3.62 3.62 3.62 3.62 3.62 3.62 3.62 3.62 3.62 3.62 3.62 3.62 3.62 3.62 3.62 4.2 4.2 4.2 4.2 4.2 4.2 4.2 4.2 4.2 4.2 4.2 4.2 4.2 4.2 4.2 4.2 4.2 4.2 4.2 4.2 4.2 4.2 4.2 4.2 4.2 4.2 4.2 4.2 4.2 
3.32 3.32 3.32 3.32 3.32 3.32 3.32 3.32 3.32 3.32 3.32 3.62 3.62 3.62 3.62 3.62 3.62 3.62 3.62 3.62 3.62 3.62 3.62 3.62 3.62 3.62 3.62 3.62 3.62 3.62 3.62 3.62 3.62 3.62 3.62 3.62 3.62 3.62 3.62 3.62 3.62 3.62 3.62 3.62 3.62 3.62 3.62 3.62 3.62 3.62 3.62 3.62 3.62 3.62 3.62 3.62 3.62 3.62 3.62 3.62 3.62 3.62 3.62 3.62 3.62 3.62 3.62 3.62 3.62 3.62 3.62 4.2 4.2 4.2 4.2 4.2 4.2 4.2 4.2 4.2 4.2 4.2 4.2 4.2 4.2 4.2 4.2 4.2 4.2 4.2 4.2 4.2 4.2 4.2 4.2 4.2 4.2 4.2 4.2 4.2 
3.32 3.32 3.32 3.32 3.32 3.32 3.32 3.32 3.32 3.32 3.32 3.62 3.62 3.62 3.62 3.62 3.62 3.62 3.62 3.62 3.62 3.62 3.62 3.62 3.62 3.62 3.62 3.62 3.62 3.62 3.62 3.62 3.62 3.62 3.62 3.62 3.62 3.62 3.62 3.62 3.62 3.62 3.62 3.62 3.62 3.62 3.62 3.62 3.62 3.62 3.62 3.62 3.62 3.62 3.62 3.62 3.62 3.62 3.62 3.62 3.62 3.62 3.62 3.62 3.62 3.62 3.62 3.62 3.62 3.62 3.62 4.2 4.2 4.2 4.2 4.2 4.2 4.2 4.2 4.2 4.2 4.2 4.2 4.2 4.2 4.2 4.2 4.2 4.2 4.2 4.2 4.2 4.2 4.2 4.2 4.2 4.2 4.2 4.2 4.2 
3.32 3.32 3.32 3.32 3.32 3.32 3.32 3.32 3.32 3.32 3.32 3.62 3.62 3.62 3.62 3.62 3.62 3.62 3.62 3.62 3.62 3.62 3.62 3.62 3.62 3.62 3.62 3.62 3.62 3.62 3.62 3.62 3.62 3.62 3.62 3.62 3.62 3.62 3.62 3.62 3.62 3.62 3.62 3.62 3.62 3.62 3.62 3.62 3.62 3.62 3.62 3.62 3.62 3.62 3.62 3.62 3.62 3.62 3.62 3.62 3.62 3.62 3.62 3.62 3.62 3.62 3.62 3.62 3.62 3.62 3.62 4.2 4.2 4.2 4.2 4.2 4.2 4.2 4.2 4.2 4.2 4.2 4.2 4.2 4.2 4.2 4.2 4.2 4.2 4.2 4.2 4.2 4.2 4.2 4.2 4.2 4.2 4.2 4.2 4.2 
3.32 3.32 3.32 3.32 3.32 3.32 3.32 3.32 3.32 3.32 3.32 3.62 3.62 3.62 3.62 3.62 3.62 3.62 3.62 3.62 3.62 3.62 3.62 3.62 3.62 3.62 3.62 3.62 3.62 3.62 3.62 3.62 3.62 3.62 3.62 3.62 3.62 3.62 3.62 3.62 3.62 3.62 3.62 3.62 3.62 3.62 3.62 3.62 3.62 3.62 3.62 3.62 3.62 3.62 3.62 3.62 3.62 3.62 3.62 3.62 3.62 3.62 3.62 3.62 3.62 3.62 3.62 3.62 3.62 3.62 3.62 4.2 4.2 4.2 4.2 4.2 4.2 4.2 4.2 4.2 4.2 4.2 4.2 4.2 4.2 4.2 4.2 4.2 4.2 4.2 4.2 4.2 4.2 4.2 4.2 4.2 4.2 4.2 4.2 4.2 
3.32 3.32 3.32 3.32 3.32 3.32 3.32 3.32 3.32 3.32 3.32 3.62 3.62 3.62 3.62 3.62 3.62 3.62 3.62 3.62 3.62 3.62 3.62 3.62 3.62 3.62 3.62 3.62 3.62 3.62 3.62 3.62 3.62 3.62 3.62 3.62 3.62 3.62 3.62 3.62 3.62 3.62 3.62 3.62 3.62 3.62 3.62 3.62 3.62 3.62 3.62 3.62 3.62 3.62 3.62 3.62 3.62 3.62 3.62 3.62 3.62 3.62 3.62 3.62 3.62 3.62 3.62 3.62 3.62 3.62 3.62 4.2 4.2 4.2 4.2 4.2 4.2 4.2 4.2 4.2 4.2 4.2 4.2 4.2 4.2 4.2 4.2 4.2 4.2 4.2 4.2 4.2 4.2 4.2 4.2 4.2 4.2 4.2 4.2 4.2 
3.32 3.32 3.32 3.32 3.32 3.32 3.32 3.32 3.32 3.32 3.32 3.62 3.62 3.62 3.62 3.62 3.62 3.62 3.62 3.62 3.62 3.62 3.62 3.62 3.62 3.62 3.62 3.62 3.62 3.62 3.62 3.62 3.62 3.62 3.62 3.62 3.62 3.62 3.62 3.62 3.62 3.62 3.62 3.62 3.62 3.62 3.62 3.62 3.62 3.62 3.62 3.62 3.62 3.62 3.62 3.62 3.62 3.62 3.62 3.62 3.62 3.62 3.62 3.62 3.62 3.62 3.62 3.62 3.62 3.62 3.62 4.2 4.2 4.2 4.2 4.2 4.2 4.2 4.2 4.2 4.2 4.2 4.2 4.2 4.2 4.2 4.2 4.2 4.2 4.2 4.2 4.2 4.2 4.2 4.2 4.2 4.2 4.2 4.2 4.2 
3.32 3.32 3.32 3.32 3.32 3.32 3.32 3.32 3.32 3.32 3.32 3.62 3.62 3.62 3.62 3.62 3.62 3.62 3.62 3.62 3.62 3.62 3.62 3.62 3.62 3.62 3.62 3.62 3.62 3.62 3.62 3.62 3.62 3.62 3.62 3.62 3.62 3.62 3.62 3.62 3.62 3.62 3.62 3.62 3.62 3.62 3.62 3.62 3.62 3.62 3.62 3.62 3.62 3.62 3.62 3.62 3.62 3.62 3.62 3.62 3.62 3.62 3.62 3.62 3.62 3.62 3.62 3.62 3.62 3.62 3.62 4.2 4.2 4.2 4.2 4.2 4.2 4.2 4.2 4.2 4.2 4.2 4.2 4.2 4.2 4.2 4.2 4.2 4.2 4.2 4.2 4.2 4.2 4.2 4.2 4.2 4.2 4.2 4.2 4.2 
3.32 3.32 3.32 3.32 3.32 3.32 3.32 3.32 3.32 3.32 3.32 3.62 3.62 3.62 3.62 3.62 3.62 3.62 3.62 3.62 3.62 3.62 3.62 3.62 3.62 3.62 3.62 3.62 3.62 3.62 3.62 3.62 3.62 3.62 3.62 3.62 3.62 3.62 3.62 3.62 3.62 3.62 3.62 3.62 3.62 3.62 3.62 3.62 3.62 3.62 3.62 3.62 3.62 3.62 3.62 3.62 3.62 3.62 3.62 3.62 3.62 3.62 3.62 3.62 3.62 3.62 3.62 3.62 3.62 3.62 3.62 4.2 4.2 4.2 4.2 4.2 4.2 4.2 4.2 4.2 4.2 4.2 4.2 4.2 4.2 4.2 4.2 4.2 4.2 4.2 4.2 4.2 4.2 4.2 4.2 4.2 4.2 4.2 4.2 4.2 
3.32 3.32 3.32 3.32 3.32 3.32 3.32 3.32 3.32 3.32 3.32 3.62 3.62 3.62 3.62 3.62 3.62 3.62 3.62 3.62 3.62 3.62 3.62 3.62 3.62 3.62 3.62 3.62 3.62 3.62 3.62 3.62 3.62 3.62 3.62 3.62 3.62 3.62 3.62 3.62 3.62 3.62 3.62 3.62 3.62 3.62 3.62 3.62 3.62 3.62 3.62 3.62 3.62 3.62 3.62 3.62 3.62 3.62 3.62 3.62 3.62 3.62 3.62 3.62 3.62 3.62 3.62 3.62 3.62 3.62 3.62 4.2 4.2 4.2 4.2 4.2 4.2 4.2 4.2 4.2 4.2 4.2 4.2 4.2 4.2 4.2 4.2 4.2 4.2 4.2 4.2 4.2 4.2 4.2 4.2 4.2 4.2 4.2 4.2 4.2 
3.32 3.32 3.32 3.32 3.32 3.32 3.32 3.32 3.32 3.32 3.32 3.62 3.62 3.62 3.62 3.62 3.62 3.62 3.62 3.62 3.62 3.62 3.62 3.62 3.62 3.62 3.62 3.62 3.62 3.62 3.62 3.62 3.62 3.62 3.62 3.62 3.62 3.62 3.62 3.62 3.62 3.62 3.62 3.62 3.62 3.62 3.62 3.62 3.62 3.62 3.62 3.62 3.62 3.62 3.62 3.62 3.62 3.62 3.62 3.62 3.62 3.62 3.62 3.62 3.62 3.62 3.62 3.62 3.62 3.62 3.62 4.2 4.2 4.2 4.2 4.2 4.2 4.2 4.2 4.2 4.2 4.2 4.2 4.2 4.2 4.2 4.2 4.2 4.2 4.2 4.2 4.2 4.2 4.2 4.2 4.2 4.2 4.2 4.2 4.2 
3.32 3.32 3.32 3.32 3.32 3.32 3.32 3.32 3.32 3.32 3.32 3.62 3.62 3.62 3.62 3.62 3.62 3.62 3.62 3.62 3.62 3.62 3.62 3.62 3.62 3.62 3.62 3.62 3.62 3.62 3.62 3.62 3.62 3.62 3.62 3.62 3.62 3.62 3.62 3.62 3.62 3.62 3.62 3.62 3.62 3.62 3.62 3.62 3.62 3.62 3.62 3.62 3.62 3.62 3.62 3.62 3.62 3.62 3.62 3.62 3.62 3.62 3.62 3.62 3.62 3.62 3.62 3.62 3.62 3.62 3.62 4.2 4.2 4.2 4.2 4.2 4.2 4.2 4.2 4.2 4.2 4.2 4.2 4.2 4.2 4.2 4.2 4.2 4.2 4.2 4.2 4.2 4.2 4.2 4.2 4.2 4.2 4.2 4.2 4.2 
3.32 3.32 3.32 3.32 3.32 3.32 3.32 3.32 3.32 3.32 3.32 3.62 3.62 3.62 3.62 3.62 3.62 3.62 3.62 3.62 3.62 3.62 3.62 3.62 3.62 3.62 3.62 3.62 3.62 3.62 3.62 3.62 3.62 3.62 3.62 3.62 3.62 3.62 3.62 3.62 3.62 3.62 3.62 3.62 3.62 3.62 3.62 3.62 3.62 3.62 3.62 3.62 3.62 3.62 3.62 3.62 3.62 3.62 3.62 3.62 3.62 3.62 3.62 3.62 3.62 3.62 3.62 3.62 3.62 3.62 3.62 4.2 4.2 4.2 4.2 4.2 4.2 4.2 4.2 4.2 4.2 4.2 4.2 4.2 4.2 4.2 4.2 4.2 4.2 4.2 4.2 4.2 4.2 4.2 4.2 4.2 4.2 4.2 4.2 4.2 
3.32 3.32 3.32 3.32 3.32 3.32 3.32 3.32 3.32 3.32 3.32 3.62 3.62 3.62 3.62 3.62 3.62 3.62 3.62 3.62 3.62 3.62 3.62 3.62 3.62 3.62 3.62 3.62 3.62 3.62 3.62 3.62 3.62 3.62 3.62 3.62 3.62 3.62 3.62 3.62 3.62 3.62 3.62 3.62 3.62 3.62 3.62 3.62 3.62 3.62 3.62 3.62 3.62 3.62 3.62 3.62 3.62 3.62 3.62 3.62 3.62 3.62 3.62 3.62 3.62 3.62 3.62 3.62 3.62 3.62 3.62 4.2 4.2 4.2 4.2 4.2 4.2 4.2 4.2 4.2 4.2 4.2 4.2 4.2 4.2 4.2 4.2 4.2 4.2 4.2 4.2 4.2 4.2 4.2 4.2 4.2 4.2 4.2 4.2 4.2 
3.32 3.32 3.32 3.32 3.32 3.32 3.32 3.32 3.32 3.32 3.32 3.62 3.62 3.62 3.62 3.62 3.62 3.62 3.62 3.62 3.62 3.62 3.62 3.62 3.62 3.62 3.62 3.62 3.62 3.62 3.62 3.62 3.62 3.62 3.62 3.62 3.62 3.62 3.62 3.62 3.62 3.62 3.62 3.62 3.62 3.62 3.62 3.62 3.62 3.62 3.62 3.62 3.62 3.62 3.62 3.62 3.62 3.62 3.62 3.62 3.62 3.62 3.62 3.62 3.62 3.62 3.62 3.62 3.62 3.62 3.62 4.2 4.2 4.2 4.2 4.2 4.2 4.2 4.2 4.2 4.2 4.2 4.2 4.2 4.2 4.2 4.2 4.2 4.2 4.2 4.2 4.2 4.2 4.2 4.2 4.2 4.2 4.2 4.2 4.2 
3.32 3.32 3.32 3.32 3.32 3.32 3.32 3.32 3.32 3.32 3.32 3.62 3.62 3.62 3.62 3.62 3.62 3.62 3.62 3.62 3.62 3.62 3.62 3.62 3.62 3.62 3.62 3.62 3.62 3.62 3.62 3.62 3.62 3.62 3.62 3.62 3.62 3.62 3.62 3.62 3.62 3.62 3.62 3.62 3.62 3.62 3.62 3.62 3.62 3.62 3.62 3.62 3.62 3.62 3.62 3.62 3.62 3.62 3.62 3.62 3.62 3.62 3.62 3.62 3.62 3.62 3.62 3.62 3.62 3.62 3.62 4.2 4.2 4.2 4.2 4.2 4.2 4.2 4.2 4.2 4.2 4.2 4.2 4.2 4.2 4.2 4.2 4.2 4.2 4.2 4.2 4.2 4.2 4.2 4.2 4.2 4.2 4.2 4.2 4.2 
3.32 3.32 3.32 3.32 3.32 3.32 3.32 3.32 3.32 3.32 3.32 3.62 3.62 3.62 3.62 3.62 3.62 3.62 3.62 3.62 3.62 3.62 3.62 3.62 3.62 3.62 3.62 3.62 3.62 3.62 3.62 3.62 3.62 3.62 3.62 3.62 3.62 3.62 3.62 3.62 3.62 3.62 3.62 3.62 3.62 3.62 3.62 3.62 3.62 3.62 3.62 3.62 3.62 3.62 3.62 3.62 3.62 3.62 3.62 3.62 3.62 3.62 3.62 3.62 3.62 3.62 3.62 3.62 3.62 3.62 3.62 4.2 4.2 4.2 4.2 4.2 4.2 4.2 4.2 4.2 4.2 4.2 4.2 4.2 4.2 4.2 4.2 4.2 4.2 4.2 4.2 4.2 4.2 4.2 4.2 4.2 4.2 4.2 4.2 4.2 
3.32 3.32 3.32 3.32 3.32 3.32 3.32 3.32 3.32 3.32 3.32 3.62 3.62 3.62 3.62 3.62 3.62 3.62 3.62 3.62 3.62 3.62 3.62 3.62 3.62 3.62 3.62 3.62 3.62 3.62 3.62 3.62 3.62 3.62 3.62 3.62 3.62 3.62 3.62 3.62 3.62 3.62 3.62 3.62 3.62 3.62 3.62 3.62 3.62 3.62 3.62 3.62 3.62 3.62 3.62 3.62 3.62 3.62 3.62 3.62 3.62 3.62 3.62 3.62 3.62 3.62 3.62 3.62 3.62 3.62 3.62 4.2 4.2 4.2 4.2 4.2 4.2 4.2 4.2 4.2 4.2 4.2 4.2 4.2 4.2 4.2 4.2 4.2 4.2 4.2 4.2 4.2 4.2 4.2 4.2 4.2 4.2 4.2 4.2 4.2 
3.32 3.32 3.32 3.32 3.32 3.32 3.32 3.32 3.32 3.32 3.32 3.62 3.62 3.62 3.62 3.62 3.62 3.62 3.62 3.62 3.62 3.62 3.62 3.62 3.62 3.62 3.62 3.62 3.62 3.62 3.62 3.62 3.62 3.62 3.62 3.62 3.62 3.62 3.62 3.62 3.62 3.62 3.62 3.62 3.62 3.62 3.62 3.62 3.62 3.62 3.62 3.62 3.62 3.62 3.62 3.62 3.62 3.62 3.62 3.62 3.62 3.62 3.62 3.62 3.62 3.62 3.62 3.62 3.62 3.62 3.62 4.2 4.2 4.2 4.2 4.2 4.2 4.2 4.2 4.2 4.2 4.2 4.2 4.2 4.2 4.2 4.2 4.2 4.2 4.2 4.2 4.2 4.2 4.2 4.2 4.2 4.2 4.2 4.2 4.2 
3.32 3.32 3.32 3.32 3.32 3.32 3.32 3.32 3.32 3.32 3.32 3.62 3.62 3.62 3.62 3.62 3.62 3.62 3.62 3.62 3.62 3.62 3.62 3.62 3.62 3.62 3.62 3.62 3.62 3.62 3.62 3.62 3.62 3.62 3.62 3.62 3.62 3.62 3.62 3.62 3.62 3.62 3.62 3.62 3.62 3.62 3.62 3.62 3.62 3.62 3.62 3.62 3.62 3.62 3.62 3.62 3.62 3.62 3.62 3.62 3.62 3.62 3.62 3.62 3.62 3.62 3.62 3.62 3.62 3.62 3.62 4.2 4.2 4.2 4.2 4.2 4.2 4.2 4.2 4.2 4.2 4.2 4.2 4.2 4.2 4.2 4.2 4.2 4.2 4.2 4.2 4.2 4.2 4.2 4.2 4.2 4.2 4.2 4.2 4.2 
3.32 3.32 3.32 3.32 3.32 3.32 3.32 3.32 3.32 3.32 3.32 3.62 3.62 3.62 3.62 3.62 3.62 3.62 3.62 3.62 3.62 3.62 3.62 3.62 3.62 3.62 3.62 3.62 3.62 3.62 3.62 3.62 3.62 3.62 3.62 3.62 3.62 3.62 3.62 3.62 3.62 3.62 3.62 3.62 3.62 3.62 3.62 3.62 3.62 3.62 3.62 3.62 3.62 3.62 3.62 3.62 3.62 3.62 3.62 3.62 3.62 3.62 3.62 3.62 3.62 3.62 3.62 3.62 3.62 3.62 3.62 4.2 4.2 4.2 4.2 4.2 4.2 4.2 4.2 4.2 4.2 4.2 4.2 4.2 4.2 4.2 4.2 4.2 4.2 4.2 4.2 4.2 4.2 4.2 4.2 4.2 4.2 4.2 4.2 4.2 
3.32 3.32 3.32 3.32 3.32 3.32 3.32 3.32 3.32 3.32 3.32 3.62 3.62 3.62 3.62 3.62 3.62 3.62 3.62 3.62 3.62 3.62 3.62 3.62 3.62 3.62 3.62 3.62 3.62 3.62 3.62 3.62 3.62 3.62 3.62 3.62 3.62 3.62 3.62 3.62 3.62 3.62 3.62 3.62 3.62 3.62 3.62 3.62 3.62 3.62 3.62 3.62 3.62 3.62 3.62 3.62 3.62 3.62 3.62 3.62 3.62 3.62 3.62 3.62 3.62 3.62 3.62 3.62 3.62 3.62 3.62 4.2 4.2 4.2 4.2 4.2 4.2 4.2 4.2 4.2 4.2 4.2 4.2 4.2 4.2 4.2 4.2 4.2 4.2 4.2 4.2 4.2 4.2 4.2 4.2 4.2 4.2 4.2 4.2 4.2 
3.32 3.32 3.32 3.32 3.32 3.32 3.32 3.32 3.32 3.32 3.32 3.62 3.62 3.62 3.62 3.62 3.62 3.62 3.62 3.62 3.62 3.62 3.62 3.62 3.62 3.62 3.62 3.62 3.62 3.62 3.62 3.62 3.62 3.62 3.62 3.62 3.62 3.62 3.62 3.62 3.62 3.62 3.62 3.62 3.62 3.62 3.62 3.62 3.62 3.62 3.62 3.62 3.62 3.62 3.62 3.62 3.62 3.62 3.62 3.62 3.62 3.62 3.62 3.62 3.62 3.62 3.62 3.62 3.62 3.62 3.62 4.2 4.2 4.2 4.2 4.2 4.2 4.2 4.2 4.2 4.2 4.2 4.2 4.2 4.2 4.2 4.2 4.2 4.2 4.2 4.2 4.2 4.2 4.2 4.2 4.2 4.2 4.2 4.2 4.2 
3.32 3.32 3.32 3.32 3.32 3.32 3.32 3.32 3.32 3.32 3.32 3.62 3.62 3.62 3.62 3.62 3.62 3.62 3.62 3.62 3.62 3.62 3.62 3.62 3.62 3.62 3.62 3.62 3.62 3.62 3.62 3.62 3.62 3.62 3.62 3.62 3.62 3.62 3.62 3.62 3.62 3.62 3.62 3.62 3.62 3.62 3.62 3.62 3.62 3.62 3.62 3.62 3.62 3.62 3.62 3.62 3.62 3.62 3.62 3.62 3.62 3.62 3.62 3.62 3.62 3.62 3.62 3.62 3.62 3.62 3.62 4.2 4.2 4.2 4.2 4.2 4.2 4.2 4.2 4.2 4.2 4.2 4.2 4.2 4.2 4.2 4.2 4.2 4.2 4.2 4.2 4.2 4.2 4.2 4.2 4.2 4.2 4.2 4.2 4.2 
3.32 3.32 3.32 3.32 3.32 3.32 3.32 3.32 3.32 3.32 3.32 3.62 3.62 3.62 3.62 3.62 3.62 3.62 3.62 3.62 3.62 3.62 3.62 3.62 3.62 3.62 3.62 3.62 3.62 3.62 3.62 3.62 3.62 3.62 3.62 3.62 3.62 3.62 3.62 3.62 3.62 3.62 3.62 3.62 3.62 3.62 3.62 3.62 3.62 3.62 3.62 3.62 3.62 3.62 3.62 3.62 3.62 3.62 3.62 3.62 3.62 3.62 3.62 3.62 3.62 3.62 3.62 3.62 3.62 3.62 3.62 4.2 4.2 4.2 4.2 4.2 4.2 4.2 4.2 4.2 4.2 4.2 4.2 4.2 4.2 4.2 4.2 4.2 4.2 4.2 4.2 4.2 4.2 4.2 4.2 4.2 4.2 4.2 4.2 4.2 
3.32 3.32 3.32 3.32 3.32 3.32 3.32 3.32 3.32 3.32 3.32 3.62 3.62 3.62 3.62 3.62 3.62 3.62 3.62 3.62 3.62 3.62 3.62 3.62 3.62 3.62 3.62 3.62 3.62 3.62 3.62 3.62 3.62 3.62 3.62 3.62 3.62 3.62 3.62 3.62 3.62 3.62 3.62 3.62 3.62 3.62 3.62 3.62 3.62 3.62 3.62 3.62 3.62 3.62 3.62 3.62 3.62 3.62 3.62 3.62 3.62 3.62 3.62 3.62 3.62 3.62 3.62 3.62 3.62 3.62 3.62 4.2 4.2 4.2 4.2 4.2 4.2 4.2 4.2 4.2 4.2 4.2 4.2 4.2 4.2 4.2 4.2 4.2 4.2 4.2 4.2 4.2 4.2 4.2 4.2 4.2 4.2 4.2 4.2 4.2 
3.32 3.32 3.32 3.32 3.32 3.32 3.32 3.32 3.32 3.32 3.32 3.62 3.62 3.62 3.62 3.62 3.62 3.62 3.62 3.62 3.62 3.62 3.62 3.62 3.62 3.62 3.62 3.62 3.62 3.62 3.62 3.62 3.62 3.62 3.62 3.62 3.62 3.62 3.62 3.62 3.62 3.62 3.62 3.62 3.62 3.62 3.62 3.62 3.62 3.62 3.62 3.62 3.62 3.62 3.62 3.62 3.62 3.62 3.62 3.62 3.62 3.62 3.62 3.62 3.62 3.62 3.62 3.62 3.62 3.62 3.62 4.2 4.2 4.2 4.2 4.2 4.2 4.2 4.2 4.2 4.2 4.2 4.2 4.2 4.2 4.2 4.2 4.2 4.2 4.2 4.2 4.2 4.2 4.2 4.2 4.2 4.2 4.2 4.2 4.2 
3.32 3.32 3.32 3.32 3.32 3.32 3.32 3.32 3.32 3.32 3.32 3.62 3.62 3.62 3.62 3.62 3.62 3.62 3.62 3.62 3.62 3.62 3.62 3.62 3.62 3.62 3.62 3.62 3.62 3.62 3.62 3.62 3.62 3.62 3.62 3.62 3.62 3.62 3.62 3.62 3.62 3.62 3.62 3.62 3.62 3.62 3.62 3.62 3.62 3.62 3.62 3.62 3.62 3.62 3.62 3.62 3.62 3.62 3.62 3.62 3.62 3.62 3.62 3.62 3.62 3.62 3.62 3.62 3.62 3.62 3.62 4.2 4.2 4.2 4.2 4.2 4.2 4.2 4.2 4.2 4.2 4.2 4.2 4.2 4.2 4.2 4.2 4.2 4.2 4.2 4.2 4.2 4.2 4.2 4.2 4.2 4.2 4.2 4.2 4.2 
3.32 3.32 3.32 3.32 3.32 3.32 3.32 3.32 3.32 3.32 3.32 3.62 3.62 3.62 3.62 3.62 3.62 3.62 3.62 3.62 3.62 3.62 3.62 3.62 3.62 3.62 3.62 3.62 3.62 3.62 3.62 3.62 3.62 3.62 3.62 3.62 3.62 3.62 3.62 3.62 3.62 3.62 3.62 3.62 3.62 3.62 3.62 3.62 3.62 3.62 3.62 3.62 3.62 3.62 3.62 3.62 3.62 3.62 3.62 3.62 3.62 3.62 3.62 3.62 3.62 3.62 3.62 3.62 3.62 3.62 3.62 4.2 4.2 4.2 4.2 4.2 4.2 4.2 4.2 4.2 4.2 4.2 4.2 4.2 4.2 4.2 4.2 4.2 4.2 4.2 4.2 4.2 4.2 4.2 4.2 4.2 4.2 4.2 4.2 4.2 
3.32 3.32 3.32 3.32 3.32 3.32 3.32 3.32 3.32 3.32 3.32 3.62 3.62 3.62 3.62 3.62 3.62 3.62 3.62 3.62 3.62 3.62 3.62 3.62 3.62 3.62 3.62 3.62 3.62 3.62 3.62 3.62 3.62 3.62 3.62 3.62 3.62 3.62 3.62 3.62 3.62 3.62 3.62 3.62 3.62 3.62 3.62 3.62 3.62 3.62 3.62 3.62 3.62 3.62 3.62 3.62 3.62 3.62 3.62 3.62 3.62 3.62 3.62 3.62 3.62 3.62 3.62 3.62 3.62 3.62 3.62 4.2 4.2 4.2 4.2 4.2 4.2 4.2 4.2 4.2 4.2 4.2 4.2 4.2 4.2 4.2 4.2 4.2 4.2 4.2 4.2 4.2 4.2 4.2 4.2 4.2 4.2 4.2 4.2 4.2 
3.32 3.32 3.32 3.32 3.32 3.32 3.32 3.32 3.32 3.32 3.32 3.62 3.62 3.62 3.62 3.62 3.62 3.62 3.62 3.62 3.62 3.62 3.62 3.62 3.62 3.62 3.62 3.62 3.62 3.62 3.62 3.62 3.62 3.62 3.62 3.62 3.62 3.62 3.62 3.62 3.62 3.62 3.62 3.62 3.62 3.62 3.62 3.62 3.62 3.62 3.62 3.62 3.62 3.62 3.62 3.62 3.62 3.62 3.62 3.62 3.62 3.62 3.62 3.62 3.62 3.62 3.62 3.62 3.62 3.62 3.62 4.2 4.2 4.2 4.2 4.2 4.2 4.2 4.2 4.2 4.2 4.2 4.2 4.2 4.2 4.2 4.2 4.2 4.2 4.2 4.2 4.2 4.2 4.2 4.2 4.2 4.2 4.2 4.2 4.2 
3.32 3.32 3.32 3.32 3.32 3.32 3.32 3.32 3.32 3.32 3.32 3.62 3.62 3.62 3.62 3.62 3.62 3.62 3.62 3.62 3.62 3.62 3.62 3.62 3.62 3.62 3.62 3.62 3.62 3.62 3.62 3.62 3.62 3.62 3.62 3.62 3.62 3.62 3.62 3.62 3.62 3.62 3.62 3.62 3.62 3.62 3.62 3.62 3.62 3.62 3.62 3.62 3.62 3.62 3.62 3.62 3.62 3.62 3.62 3.62 3.62 3.62 3.62 3.62 3.62 3.62 3.62 3.62 3.62 3.62 3.62 4.2 4.2 4.2 4.2 4.2 4.2 4.2 4.2 4.2 4.2 4.2 4.2 4.2 4.2 4.2 4.2 4.2 4.2 4.2 4.2 4.2 4.2 4.2 4.2 4.2 4.2 4.2 4.2 4.2 
3.32 3.32 3.32 3.32 3.32 3.32 3.32 3.32 3.32 3.32 3.32 3.62 3.62 3.62 3.62 3.62 3.62 3.62 3.62 3.62 3.62 3.62 3.62 3.62 3.62 3.62 3.62 3.62 3.62 3.62 3.62 3.62 3.62 3.62 3.62 3.62 3.62 3.62 3.62 3.62 3.62 3.62 3.62 3.62 3.62 3.62 3.62 3.62 3.62 3.62 3.62 3.62 3.62 3.62 3.62 3.62 3.62 3.62 3.62 3.62 3.62 3.62 3.62 3.62 3.62 3.62 3.62 3.62 3.62 3.62 3.62 4.2 4.2 4.2 4.2 4.2 4.2 4.2 4.2 4.2 4.2 4.2 4.2 4.2 4.2 4.2 4.2 4.2 4.2 4.2 4.2 4.2 4.2 4.2 4.2 4.2 4.2 4.2 4.2 4.2 
3.32 3.32 3.32 3.32 3.32 3.32 3.32 3.32 3.32 3.32 3.32 3.62 3.62 3.62 3.62 3.62 3.62 3.62 3.62 3.62 3.62 3.62 3.62 3.62 3.62 3.62 3.62 3.62 3.62 3.62 3.62 3.62 3.62 3.62 3.62 3.62 3.62 3.62 3.62 3.62 3.62 3.62 3.62 3.62 3.62 3.62 3.62 3.62 3.62 3.62 3.62 3.62 3.62 3.62 3.62 3.62 3.62 3.62 3.62 3.62 3.62 3.62 3.62 3.62 3.62 3.62 3.62 3.62 3.62 3.62 3.62 4.2 4.2 4.2 4.2 4.2 4.2 4.2 4.2 4.2 4.2 4.2 4.2 4.2 4.2 4.2 4.2 4.2 4.2 4.2 4.2 4.2 4.2 4.2 4.2 4.2 4.2 4.2 4.2 4.2 
3.32 3.32 3.32 3.32 3.32 3.32 3.32 3.32 3.32 3.32 3.32 3.62 3.62 3.62 3.62 3.62 3.62 3.62 3.62 3.62 3.62 3.62 3.62 3.62 3.62 3.62 3.62 3.62 3.62 3.62 3.62 3.62 3.62 3.62 3.62 3.62 3.62 3.62 3.62 3.62 3.62 3.62 3.62 3.62 3.62 3.62 3.62 3.62 3.62 3.62 3.62 3.62 3.62 3.62 3.62 3.62 3.62 3.62 3.62 3.62 3.62 3.62 3.62 3.62 3.62 3.62 3.62 3.62 3.62 3.62 3.62 4.2 4.2 4.2 4.2 4.2 4.2 4.2 4.2 4.2 4.2 4.2 4.2 4.2 4.2 4.2 4.2 4.2 4.2 4.2 4.2 4.2 4.2 4.2 4.2 4.2 4.2 4.2 4.2 4.2 
3.32 3.32 3.32 3.32 3.32 3.32 3.32 3.32 3.32 3.32 3.32 3.62 3.62 3.62 3.62 3.62 3.62 3.62 3.62 3.62 3.62 3.62 3.62 3.62 3.62 3.62 3.62 3.62 3.62 3.62 3.62 3.62 3.62 3.62 3.62 3.62 3.62 3.62 3.62 3.62 3.62 3.62 3.62 3.62 3.62 3.62 3.62 3.62 3.62 3.62 3.62 3.62 3.62 3.62 3.62 3.62 3.62 3.62 3.62 3.62 3.62 3.62 3.62 3.62 3.62 3.62 3.62 3.62 3.62 3.62 3.62 4.2 4.2 4.2 4.2 4.2 4.2 4.2 4.2 4.2 4.2 4.2 4.2 4.2 4.2 4.2 4.2 4.2 4.2 4.2 4.2 4.2 4.2 4.2 4.2 4.2 4.2 4.2 4.2 4.2 
3.32 3.32 3.32 3.32 3.32 3.32 3.32 3.32 3.32 3.32 3.32 3.62 3.62 3.62 3.62 3.62 3.62 3.62 3.62 3.62 3.62 3.62 3.62 3.62 3.62 3.62 3.62 3.62 3.62 3.62 3.62 3.62 3.62 3.62 3.62 3.62 3.62 3.62 3.62 3.62 3.62 3.62 3.62 3.62 3.62 3.62 3.62 3.62 3.62 3.62 3.62 3.62 3.62 3.62 3.62 3.62 3.62 3.62 3.62 3.62 3.62 3.62 3.62 3.62 3.62 3.62 3.62 3.62 3.62 3.62 3.62 4.2 4.2 4.2 4.2 4.2 4.2 4.2 4.2 4.2 4.2 4.2 4.2 4.2 4.2 4.2 4.2 4.2 4.2 4.2 4.2 4.2 4.2 4.2 4.2 4.2 4.2 4.2 4.2 4.2 
3.32 3.32 3.32 3.32 3.32 3.32 3.32 3.32 3.32 3.32 3.32 3.62 3.62 3.62 3.62 3.62 3.62 3.62 3.62 3.62 3.62 3.62 3.62 3.62 3.62 3.62 3.62 3.62 3.62 3.62 3.62 3.62 3.62 3.62 3.62 3.62 3.62 3.62 3.62 3.62 3.62 3.62 3.62 3.62 3.62 3.62 3.62 3.62 3.62 3.62 3.62 3.62 3.62 3.62 3.62 3.62 3.62 3.62 3.62 3.62 3.62 3.62 3.62 3.62 3.62 3.62 3.62 3.62 3.62 3.62 3.62 4.2 4.2 4.2 4.2 4.2 4.2 4.2 4.2 4.2 4.2 4.2 4.2 4.2 4.2 4.2 4.2 4.2 4.2 4.2 4.2 4.2 4.2 4.2 4.2 4.2 4.2 4.2 4.2 4.2 
3.32 3.32 3.32 3.32 3.32 3.32 3.32 3.32 3.32 3.32 3.32 3.62 3.62 3.62 3.62 3.62 3.62 3.62 3.62 3.62 3.62 3.62 3.62 3.62 3.62 3.62 3.62 3.62 3.62 3.62 3.62 3.62 3.62 3.62 3.62 3.62 3.62 3.62 3.62 3.62 3.62 3.62 3.62 3.62 3.62 3.62 3.62 3.62 3.62 3.62 3.62 3.62 3.62 3.62 3.62 3.62 3.62 3.62 3.62 3.62 3.62 3.62 3.62 3.62 3.62 3.62 3.62 3.62 3.62 3.62 3.62 4.2 4.2 4.2 4.2 4.2 4.2 4.2 4.2 4.2 4.2 4.2 4.2 4.2 4.2 4.2 4.2 4.2 4.2 4.2 4.2 4.2 4.2 4.2 4.2 4.2 4.2 4.2 4.2 4.2 
3.32 3.32 3.32 3.32 3.32 3.32 3.32 3.32 3.32 3.32 3.32 3.62 3.62 3.62 3.62 3.62 3.62 3.62 3.62 3.62 3.62 3.62 3.62 3.62 3.62 3.62 3.62 3.62 3.62 3.62 3.62 3.62 3.62 3.62 3.62 3.62 3.62 3.62 3.62 3.62 3.62 3.62 3.62 3.62 3.62 3.62 3.62 3.62 3.62 3.62 3.62 3.62 3.62 3.62 3.62 3.62 3.62 3.62 3.62 3.62 3.62 3.62 3.62 3.62 3.62 3.62 3.62 3.62 3.62 3.62 3.62 4.2 4.2 4.2 4.2 4.2 4.2 4.2 4.2 4.2 4.2 4.2 4.2 4.2 4.2 4.2 4.2 4.2 4.2 4.2 4.2 4.2 4.2 4.2 4.2 4.2 4.2 4.2 4.2 4.2 
3.32 3.32 3.32 3.32 3.32 3.32 3.32 3.32 3.32 3.32 3.32 3.62 3.62 3.62 3.62 3.62 3.62 3.62 3.62 3.62 3.62 3.62 3.62 3.62 3.62 3.62 3.62 3.62 3.62 3.62 3.62 3.62 3.62 3.62 3.62 3.62 3.62 3.62 3.62 3.62 3.62 3.62 3.62 3.62 3.62 3.62 3.62 3.62 3.62 3.62 3.62 3.62 3.62 3.62 3.62 3.62 3.62 3.62 3.62 3.62 3.62 3.62 3.62 3.62 3.62 3.62 3.62 3.62 3.62 3.62 3.62 4.2 4.2 4.2 4.2 4.2 4.2 4.2 4.2 4.2 4.2 4.2 4.2 4.2 4.2 4.2 4.2 4.2 4.2 4.2 4.2 4.2 4.2 4.2 4.2 4.2 4.2 4.2 4.2 4.2 
3.32 3.32 3.32 3.32 3.32 3.32 3.32 3.32 3.32 3.32 3.32 3.62 3.62 3.62 3.62 3.62 3.62 3.62 3.62 3.62 3.62 3.62 3.62 3.62 3.62 3.62 3.62 3.62 3.62 3.62 3.62 3.62 3.62 3.62 3.62 3.62 3.62 3.62 3.62 3.62 3.62 3.62 3.62 3.62 3.62 3.62 3.62 3.62 3.62 3.62 3.62 3.62 3.62 3.62 3.62 3.62 3.62 3.62 3.62 3.62 3.62 3.62 3.62 3.62 3.62 3.62 3.62 3.62 3.62 3.62 3.62 4.2 4.2 4.2 4.2 4.2 4.2 4.2 4.2 4.2 4.2 4.2 4.2 4.2 4.2 4.2 4.2 4.2 4.2 4.2 4.2 4.2 4.2 4.2 4.2 4.2 4.2 4.2 4.2 4.2 
3.32 3.32 3.32 3.32 3.32 3.32 3.32 3.32 3.32 3.32 3.32 3.62 3.62 3.62 3.62 3.62 3.62 3.62 3.62 3.62 3.62 3.62 3.62 3.62 3.62 3.62 3.62 3.62 3.62 3.62 3.62 3.62 3.62 3.62 3.62 3.62 3.62 3.62 3.62 3.62 3.62 3.62 3.62 3.62 3.62 3.62 3.62 3.62 3.62 3.62 3.62 3.62 3.62 3.62 3.62 3.62 3.62 3.62 3.62 3.62 3.62 3.62 3.62 3.62 3.62 3.62 3.62 3.62 3.62 3.62 3.62 4.2 4.2 4.2 4.2 4.2 4.2 4.2 4.2 4.2 4.2 4.2 4.2 4.2 4.2 4.2 4.2 4.2 4.2 4.2 4.2 4.2 4.2 4.2 4.2 4.2 4.2 4.2 4.2 4.2 
3.32 3.32 3.32 3.32 3.32 3.32 3.32 3.32 3.32 3.32 3.32 3.62 3.62 3.62 3.62 3.62 3.62 3.62 3.62 3.62 3.62 3.62 3.62 3.62 3.62 3.62 3.62 3.62 3.62 3.62 3.62 3.62 3.62 3.62 3.62 3.62 3.62 3.62 3.62 3.62 3.62 3.62 3.62 3.62 3.62 3.62 3.62 3.62 3.62 3.62 3.62 3.62 3.62 3.62 3.62 3.62 3.62 3.62 3.62 3.62 3.62 3.62 3.62 3.62 3.62 3.62 3.62 3.62 3.62 3.62 3.62 4.2 4.2 4.2 4.2 4.2 4.2 4.2 4.2 4.2 4.2 4.2 4.2 4.2 4.2 4.2 4.2 4.2 4.2 4.2 4.2 4.2 4.2 4.2 4.2 4.2 4.2 4.2 4.2 4.2 
3.32 3.32 3.32 3.32 3.32 3.32 3.32 3.32 3.32 3.32 3.32 3.62 3.62 3.62 3.62 3.62 3.62 3.62 3.62 3.62 3.62 3.62 3.62 3.62 3.62 3.62 3.62 3.62 3.62 3.62 3.62 3.62 3.62 3.62 3.62 3.62 3.62 3.62 3.62 3.62 3.62 3.62 3.62 3.62 3.62 3.62 3.62 3.62 3.62 3.62 3.62 3.62 3.62 3.62 3.62 3.62 3.62 3.62 3.62 3.62 3.62 3.62 3.62 3.62 3.62 3.62 3.62 3.62 3.62 3.62 3.62 4.2 4.2 4.2 4.2 4.2 4.2 4.2 4.2 4.2 4.2 4.2 4.2 4.2 4.2 4.2 4.2 4.2 4.2 4.2 4.2 4.2 4.2 4.2 4.2 4.2 4.2 4.2 4.2 4.2 
3.32 3.32 3.32 3.32 3.32 3.32 3.32 3.32 3.32 3.32 3.32 3.62 3.62 3.62 3.62 3.62 3.62 3.62 3.62 3.62 3.62 3.62 3.62 3.62 3.62 3.62 3.62 3.62 3.62 3.62 3.62 3.62 3.62 3.62 3.62 3.62 3.62 3.62 3.62 3.62 3.62 3.62 3.62 3.62 3.62 3.62 3.62 3.62 3.62 3.62 3.62 3.62 3.62 3.62 3.62 3.62 3.62 3.62 3.62 3.62 3.62 3.62 3.62 3.62 3.62 3.62 3.62 3.62 3.62 3.62 3.62 4.2 4.2 4.2 4.2 4.2 4.2 4.2 4.2 4.2 4.2 4.2 4.2 4.2 4.2 4.2 4.2 4.2 4.2 4.2 4.2 4.2 4.2 4.2 4.2 4.2 4.2 4.2 4.2 4.2 
3.32 3.32 3.32 3.32 3.32 3.32 3.32 3.32 3.32 3.32 3.32 3.62 3.62 3.62 3.62 3.62 3.62 3.62 3.62 3.62 3.62 3.62 3.62 3.62 3.62 3.62 3.62 3.62 3.62 3.62 3.62 3.62 3.62 3.62 3.62 3.62 3.62 3.62 3.62 3.62 3.62 3.62 3.62 3.62 3.62 3.62 3.62 3.62 3.62 3.62 3.62 3.62 3.62 3.62 3.62 3.62 3.62 3.62 3.62 3.62 3.62 3.62 3.62 3.62 3.62 3.62 3.62 3.62 3.62 3.62 3.62 4.2 4.2 4.2 4.2 4.2 4.2 4.2 4.2 4.2 4.2 4.2 4.2 4.2 4.2 4.2 4.2 4.2 4.2 4.2 4.2 4.2 4.2 4.2 4.2 4.2 4.2 4.2 4.2 4.2 
6.6 6.6 6.6 6.6 6.6 6.6 6.6 6.6 6.6 6.6 6.6 6.64 6.64 6.64 6.64 6.64 6.64 6.64 6.64 6.64 6.64 6.64 6.64 6.64 6.64 6.64 6.64 6.64 6.64 6.64 6.64 6.64 6.64 6.64 6.64 6.64 6.64 6.64 6.64 6.64 6.64 6.64 6.64 6.64 6.64 6.64 6.64 6.64 6.64 6.64 6.64 6.64 6.64 6.64 6.64 6.64 6.64 6.64 6.64 6.64 6.64 6.64 6.64 6.64 6.64 6.64 6.64 6.64 6.64 6.64 6.64 6.82 6.82 6.82 6.82 6.82 6.82 6.82 6.82 6.82 6.82 6.82 6.82 6.82 6.82 6.82 6.82 6.82 6.82 6.82 6.82 6.82 6.82 6.82 6.82 6.82 6.82 6.82 6.82 6.82 
6.6 6.6 6.6 6.6 6.6 6.6 6.6 6.6 6.6 6.6 6.6 6.64 6.64 6.64 6.64 6.64 6.64 6.64 6.64 6.64 6.64 6.64 6.64 6.64 6.64 6.64 6.64 6.64 6.64 6.64 6.64 6.64 6.64 6.64 6.64 6.64 6.64 6.64 6.64 6.64 6.64 6.64 6.64 6.64 6.64 6.64 6.64 6.64 6.64 6.64 6.64 6.64 6.64 6.64 6.64 6.64 6.64 6.64 6.64 6.64 6.64 6.64 6.64 6.64 6.64 6.64 6.64 6.64 6.64 6.64 6.64 6.82 6.82 6.82 6.82 6.82 6.82 6.82 6.82 6.82 6.82 6.82 6.82 6.82 6.82 6.82 6.82 6.82 6.82 6.82 6.82 6.82 6.82 6.82 6.82 6.82 6.82 6.82 6.82 6.82 
6.6 6.6 6.6 6.6 6.6 6.6 6.6 6.6 6.6 6.6 6.6 6.64 6.64 6.64 6.64 6.64 6.64 6.64 6.64 6.64 6.64 6.64 6.64 6.64 6.64 6.64 6.64 6.64 6.64 6.64 6.64 6.64 6.64 6.64 6.64 6.64 6.64 6.64 6.64 6.64 6.64 6.64 6.64 6.64 6.64 6.64 6.64 6.64 6.64 6.64 6.64 6.64 6.64 6.64 6.64 6.64 6.64 6.64 6.64 6.64 6.64 6.64 6.64 6.64 6.64 6.64 6.64 6.64 6.64 6.64 6.64 6.82 6.82 6.82 6.82 6.82 6.82 6.82 6.82 6.82 6.82 6.82 6.82 6.82 6.82 6.82 6.82 6.82 6.82 6.82 6.82 6.82 6.82 6.82 6.82 6.82 6.82 6.82 6.82 6.82 
6.6 6.6 6.6 6.6 6.6 6.6 6.6 6.6 6.6 6.6 6.6 6.64 6.64 6.64 6.64 6.64 6.64 6.64 6.64 6.64 6.64 6.64 6.64 6.64 6.64 6.64 6.64 6.64 6.64 6.64 6.64 6.64 6.64 6.64 6.64 6.64 6.64 6.64 6.64 6.64 6.64 6.64 6.64 6.64 6.64 6.64 6.64 6.64 6.64 6.64 6.64 6.64 6.64 6.64 6.64 6.64 6.64 6.64 6.64 6.64 6.64 6.64 6.64 6.64 6.64 6.64 6.64 6.64 6.64 6.64 6.64 6.82 6.82 6.82 6.82 6.82 6.82 6.82 6.82 6.82 6.82 6.82 6.82 6.82 6.82 6.82 6.82 6.82 6.82 6.82 6.82 6.82 6.82 6.82 6.82 6.82 6.82 6.82 6.82 6.82 
6.6 6.6 6.6 6.6 6.6 6.6 6.6 6.6 6.6 6.6 6.6 6.64 6.64 6.64 6.64 6.64 6.64 6.64 6.64 6.64 6.64 6.64 6.64 6.64 6.64 6.64 6.64 6.64 6.64 6.64 6.64 6.64 6.64 6.64 6.64 6.64 6.64 6.64 6.64 6.64 6.64 6.64 6.64 6.64 6.64 6.64 6.64 6.64 6.64 6.64 6.64 6.64 6.64 6.64 6.64 6.64 6.64 6.64 6.64 6.64 6.64 6.64 6.64 6.64 6.64 6.64 6.64 6.64 6.64 6.64 6.64 6.82 6.82 6.82 6.82 6.82 6.82 6.82 6.82 6.82 6.82 6.82 6.82 6.82 6.82 6.82 6.82 6.82 6.82 6.82 6.82 6.82 6.82 6.82 6.82 6.82 6.82 6.82 6.82 6.82 
6.6 6.6 6.6 6.6 6.6 6.6 6.6 6.6 6.6 6.6 6.6 6.64 6.64 6.64 6.64 6.64 6.64 6.64 6.64 6.64 6.64 6.64 6.64 6.64 6.64 6.64 6.64 6.64 6.64 6.64 6.64 6.64 6.64 6.64 6.64 6.64 6.64 6.64 6.64 6.64 6.64 6.64 6.64 6.64 6.64 6.64 6.64 6.64 6.64 6.64 6.64 6.64 6.64 6.64 6.64 6.64 6.64 6.64 6.64 6.64 6.64 6.64 6.64 6.64 6.64 6.64 6.64 6.64 6.64 6.64 6.64 6.82 6.82 6.82 6.82 6.82 6.82 6.82 6.82 6.82 6.82 6.82 6.82 6.82 6.82 6.82 6.82 6.82 6.82 6.82 6.82 6.82 6.82 6.82 6.82 6.82 6.82 6.82 6.82 6.82 
6.6 6.6 6.6 6.6 6.6 6.6 6.6 6.6 6.6 6.6 6.6 6.64 6.64 6.64 6.64 6.64 6.64 6.64 6.64 6.64 6.64 6.64 6.64 6.64 6.64 6.64 6.64 6.64 6.64 6.64 6.64 6.64 6.64 6.64 6.64 6.64 6.64 6.64 6.64 6.64 6.64 6.64 6.64 6.64 6.64 6.64 6.64 6.64 6.64 6.64 6.64 6.64 6.64 6.64 6.64 6.64 6.64 6.64 6.64 6.64 6.64 6.64 6.64 6.64 6.64 6.64 6.64 6.64 6.64 6.64 6.64 6.82 6.82 6.82 6.82 6.82 6.82 6.82 6.82 6.82 6.82 6.82 6.82 6.82 6.82 6.82 6.82 6.82 6.82 6.82 6.82 6.82 6.82 6.82 6.82 6.82 6.82 6.82 6.82 6.82 
6.6 6.6 6.6 6.6 6.6 6.6 6.6 6.6 6.6 6.6 6.6 6.64 6.64 6.64 6.64 6.64 6.64 6.64 6.64 6.64 6.64 6.64 6.64 6.64 6.64 6.64 6.64 6.64 6.64 6.64 6.64 6.64 6.64 6.64 6.64 6.64 6.64 6.64 6.64 6.64 6.64 6.64 6.64 6.64 6.64 6.64 6.64 6.64 6.64 6.64 6.64 6.64 6.64 6.64 6.64 6.64 6.64 6.64 6.64 6.64 6.64 6.64 6.64 6.64 6.64 6.64 6.64 6.64 6.64 6.64 6.64 6.82 6.82 6.82 6.82 6.82 6.82 6.82 6.82 6.82 6.82 6.82 6.82 6.82 6.82 6.82 6.82 6.82 6.82 6.82 6.82 6.82 6.82 6.82 6.82 6.82 6.82 6.82 6.82 6.82 
6.6 6.6 6.6 6.6 6.6 6.6 6.6 6.6 6.6 6.6 6.6 6.64 6.64 6.64 6.64 6.64 6.64 6.64 6.64 6.64 6.64 6.64 6.64 6.64 6.64 6.64 6.64 6.64 6.64 6.64 6.64 6.64 6.64 6.64 6.64 6.64 6.64 6.64 6.64 6.64 6.64 6.64 6.64 6.64 6.64 6.64 6.64 6.64 6.64 6.64 6.64 6.64 6.64 6.64 6.64 6.64 6.64 6.64 6.64 6.64 6.64 6.64 6.64 6.64 6.64 6.64 6.64 6.64 6.64 6.64 6.64 6.82 6.82 6.82 6.82 6.82 6.82 6.82 6.82 6.82 6.82 6.82 6.82 6.82 6.82 6.82 6.82 6.82 6.82 6.82 6.82 6.82 6.82 6.82 6.82 6.82 6.82 6.82 6.82 6.82 
6.6 6.6 6.6 6.6 6.6 6.6 6.6 6.6 6.6 6.6 6.6 6.64 6.64 6.64 6.64 6.64 6.64 6.64 6.64 6.64 6.64 6.64 6.64 6.64 6.64 6.64 6.64 6.64 6.64 6.64 6.64 6.64 6.64 6.64 6.64 6.64 6.64 6.64 6.64 6.64 6.64 6.64 6.64 6.64 6.64 6.64 6.64 6.64 6.64 6.64 6.64 6.64 6.64 6.64 6.64 6.64 6.64 6.64 6.64 6.64 6.64 6.64 6.64 6.64 6.64 6.64 6.64 6.64 6.64 6.64 6.64 6.82 6.82 6.82 6.82 6.82 6.82 6.82 6.82 6.82 6.82 6.82 6.82 6.82 6.82 6.82 6.82 6.82 6.82 6.82 6.82 6.82 6.82 6.82 6.82 6.82 6.82 6.82 6.82 6.82 
6.6 6.6 6.6 6.6 6.6 6.6 6.6 6.6 6.6 6.6 6.6 6.64 6.64 6.64 6.64 6.64 6.64 6.64 6.64 6.64 6.64 6.64 6.64 6.64 6.64 6.64 6.64 6.64 6.64 6.64 6.64 6.64 6.64 6.64 6.64 6.64 6.64 6.64 6.64 6.64 6.64 6.64 6.64 6.64 6.64 6.64 6.64 6.64 6.64 6.64 6.64 6.64 6.64 6.64 6.64 6.64 6.64 6.64 6.64 6.64 6.64 6.64 6.64 6.64 6.64 6.64 6.64 6.64 6.64 6.64 6.64 6.82 6.82 6.82 6.82 6.82 6.82 6.82 6.82 6.82 6.82 6.82 6.82 6.82 6.82 6.82 6.82 6.82 6.82 6.82 6.82 6.82 6.82 6.82 6.82 6.82 6.82 6.82 6.82 6.82 
6.6 6.6 6.6 6.6 6.6 6.6 6.6 6.6 6.6 6.6 6.6 6.64 6.64 6.64 6.64 6.64 6.64 6.64 6.64 6.64 6.64 6.64 6.64 6.64 6.64 6.64 6.64 6.64 6.64 6.64 6.64 6.64 6.64 6.64 6.64 6.64 6.64 6.64 6.64 6.64 6.64 6.64 6.64 6.64 6.64 6.64 6.64 6.64 6.64 6.64 6.64 6.64 6.64 6.64 6.64 6.64 6.64 6.64 6.64 6.64 6.64 6.64 6.64 6.64 6.64 6.64 6.64 6.64 6.64 6.64 6.64 6.82 6.82 6.82 6.82 6.82 6.82 6.82 6.82 6.82 6.82 6.82 6.82 6.82 6.82 6.82 6.82 6.82 6.82 6.82 6.82 6.82 6.82 6.82 6.82 6.82 6.82 6.82 6.82 6.82 
6.6 6.6 6.6 6.6 6.6 6.6 6.6 6.6 6.6 6.6 6.6 6.64 6.64 6.64 6.64 6.64 6.64 6.64 6.64 6.64 6.64 6.64 6.64 6.64 6.64 6.64 6.64 6.64 6.64 6.64 6.64 6.64 6.64 6.64 6.64 6.64 6.64 6.64 6.64 6.64 6.64 6.64 6.64 6.64 6.64 6.64 6.64 6.64 6.64 6.64 6.64 6.64 6.64 6.64 6.64 6.64 6.64 6.64 6.64 6.64 6.64 6.64 6.64 6.64 6.64 6.64 6.64 6.64 6.64 6.64 6.64 6.82 6.82 6.82 6.82 6.82 6.82 6.82 6.82 6.82 6.82 6.82 6.82 6.82 6.82 6.82 6.82 6.82 6.82 6.82 6.82 6.82 6.82 6.82 6.82 6.82 6.82 6.82 6.82 6.82 
6.6 6.6 6.6 6.6 6.6 6.6 6.6 6.6 6.6 6.6 6.6 6.64 6.64 6.64 6.64 6.64 6.64 6.64 6.64 6.64 6.64 6.64 6.64 6.64 6.64 6.64 6.64 6.64 6.64 6.64 6.64 6.64 6.64 6.64 6.64 6.64 6.64 6.64 6.64 6.64 6.64 6.64 6.64 6.64 6.64 6.64 6.64 6.64 6.64 6.64 6.64 6.64 6.64 6.64 6.64 6.64 6.64 6.64 6.64 6.64 6.64 6.64 6.64 6.64 6.64 6.64 6.64 6.64 6.64 6.64 6.64 6.82 6.82 6.82 6.82 6.82 6.82 6.82 6.82 6.82 6.82 6.82 6.82 6.82 6.82 6.82 6.82 6.82 6.82 6.82 6.82 6.82 6.82 6.82 6.82 6.82 6.82 6.82 6.82 6.82 
6.6 6.6 6.6 6.6 6.6 6.6 6.6 6.6 6.6 6.6 6.6 6.64 6.64 6.64 6.64 6.64 6.64 6.64 6.64 6.64 6.64 6.64 6.64 6.64 6.64 6.64 6.64 6.64 6.64 6.64 6.64 6.64 6.64 6.64 6.64 6.64 6.64 6.64 6.64 6.64 6.64 6.64 6.64 6.64 6.64 6.64 6.64 6.64 6.64 6.64 6.64 6.64 6.64 6.64 6.64 6.64 6.64 6.64 6.64 6.64 6.64 6.64 6.64 6.64 6.64 6.64 6.64 6.64 6.64 6.64 6.64 6.82 6.82 6.82 6.82 6.82 6.82 6.82 6.82 6.82 6.82 6.82 6.82 6.82 6.82 6.82 6.82 6.82 6.82 6.82 6.82 6.82 6.82 6.82 6.82 6.82 6.82 6.82 6.82 6.82 
6.6 6.6 6.6 6.6 6.6 6.6 6.6 6.6 6.6 6.6 6.6 6.64 6.64 6.64 6.64 6.64 6.64 6.64 6.64 6.64 6.64 6.64 6.64 6.64 6.64 6.64 6.64 6.64 6.64 6.64 6.64 6.64 6.64 6.64 6.64 6.64 6.64 6.64 6.64 6.64 6.64 6.64 6.64 6.64 6.64 6.64 6.64 6.64 6.64 6.64 6.64 6.64 6.64 6.64 6.64 6.64 6.64 6.64 6.64 6.64 6.64 6.64 6.64 6.64 6.64 6.64 6.64 6.64 6.64 6.64 6.64 6.82 6.82 6.82 6.82 6.82 6.82 6.82 6.82 6.82 6.82 6.82 6.82 6.82 6.82 6.82 6.82 6.82 6.82 6.82 6.82 6.82 6.82 6.82 6.82 6.82 6.82 6.82 6.82 6.82 
6.6 6.6 6.6 6.6 6.6 6.6 6.6 6.6 6.6 6.6 6.6 6.64 6.64 6.64 6.64 6.64 6.64 6.64 6.64 6.64 6.64 6.64 6.64 6.64 6.64 6.64 6.64 6.64 6.64 6.64 6.64 6.64 6.64 6.64 6.64 6.64 6.64 6.64 6.64 6.64 6.64 6.64 6.64 6.64 6.64 6.64 6.64 6.64 6.64 6.64 6.64 6.64 6.64 6.64 6.64 6.64 6.64 6.64 6.64 6.64 6.64 6.64 6.64 6.64 6.64 6.64 6.64 6.64 6.64 6.64 6.64 6.82 6.82 6.82 6.82 6.82 6.82 6.82 6.82 6.82 6.82 6.82 6.82 6.82 6.82 6.82 6.82 6.82 6.82 6.82 6.82 6.82 6.82 6.82 6.82 6.82 6.82 6.82 6.82 6.82 
6.6 6.6 6.6 6.6 6.6 6.6 6.6 6.6 6.6 6.6 6.6 6.64 6.64 6.64 6.64 6.64 6.64 6.64 6.64 6.64 6.64 6.64 6.64 6.64 6.64 6.64 6.64 6.64 6.64 6.64 6.64 6.64 6.64 6.64 6.64 6.64 6.64 6.64 6.64 6.64 6.64 6.64 6.64 6.64 6.64 6.64 6.64 6.64 6.64 6.64 6.64 6.64 6.64 6.64 6.64 6.64 6.64 6.64 6.64 6.64 6.64 6.64 6.64 6.64 6.64 6.64 6.64 6.64 6.64 6.64 6.64 6.82 6.82 6.82 6.82 6.82 6.82 6.82 6.82 6.82 6.82 6.82 6.82 6.82 6.82 6.82 6.82 6.82 6.82 6.82 6.82 6.82 6.82 6.82 6.82 6.82 6.82 6.82 6.82 6.82 
6.6 6.6 6.6 6.6 6.6 6.6 6.6 6.6 6.6 6.6 6.6 6.64 6.64 6.64 6.64 6.64 6.64 6.64 6.64 6.64 6.64 6.64 6.64 6.64 6.64 6.64 6.64 6.64 6.64 6.64 6.64 6.64 6.64 6.64 6.64 6.64 6.64 6.64 6.64 6.64 6.64 6.64 6.64 6.64 6.64 6.64 6.64 6.64 6.64 6.64 6.64 6.64 6.64 6.64 6.64 6.64 6.64 6.64 6.64 6.64 6.64 6.64 6.64 6.64 6.64 6.64 6.64 6.64 6.64 6.64 6.64 6.82 6.82 6.82 6.82 6.82 6.82 6.82 6.82 6.82 6.82 6.82 6.82 6.82 6.82 6.82 6.82 6.82 6.82 6.82 6.82 6.82 6.82 6.82 6.82 6.82 6.82 6.82 6.82 6.82 
6.6 6.6 6.6 6.6 6.6 6.6 6.6 6.6 6.6 6.6 6.6 6.64 6.64 6.64 6.64 6.64 6.64 6.64 6.64 6.64 6.64 6.64 6.64 6.64 6.64 6.64 6.64 6.64 6.64 6.64 6.64 6.64 6.64 6.64 6.64 6.64 6.64 6.64 6.64 6.64 6.64 6.64 6.64 6.64 6.64 6.64 6.64 6.64 6.64 6.64 6.64 6.64 6.64 6.64 6.64 6.64 6.64 6.64 6.64 6.64 6.64 6.64 6.64 6.64 6.64 6.64 6.64 6.64 6.64 6.64 6.64 6.82 6.82 6.82 6.82 6.82 6.82 6.82 6.82 6.82 6.82 6.82 6.82 6.82 6.82 6.82 6.82 6.82 6.82 6.82 6.82 6.82 6.82 6.82 6.82 6.82 6.82 6.82 6.82 6.82 
6.6 6.6 6.6 6.6 6.6 6.6 6.6 6.6 6.6 6.6 6.6 6.64 6.64 6.64 6.64 6.64 6.64 6.64 6.64 6.64 6.64 6.64 6.64 6.64 6.64 6.64 6.64 6.64 6.64 6.64 6.64 6.64 6.64 6.64 6.64 6.64 6.64 6.64 6.64 6.64 6.64 6.64 6.64 6.64 6.64 6.64 6.64 6.64 6.64 6.64 6.64 6.64 6.64 6.64 6.64 6.64 6.64 6.64 6.64 6.64 6.64 6.64 6.64 6.64 6.64 6.64 6.64 6.64 6.64 6.64 6.64 6.82 6.82 6.82 6.82 6.82 6.82 6.82 6.82 6.82 6.82 6.82 6.82 6.82 6.82 6.82 6.82 6.82 6.82 6.82 6.82 6.82 6.82 6.82 6.82 6.82 6.82 6.82 6.82 6.82 
6.6 6.6 6.6 6.6 6.6 6.6 6.6 6.6 6.6 6.6 6.6 6.64 6.64 6.64 6.64 6.64 6.64 6.64 6.64 6.64 6.64 6.64 6.64 6.64 6.64 6.64 6.64 6.64 6.64 6.64 6.64 6.64 6.64 6.64 6.64 6.64 6.64 6.64 6.64 6.64 6.64 6.64 6.64 6.64 6.64 6.64 6.64 6.64 6.64 6.64 6.64 6.64 6.64 6.64 6.64 6.64 6.64 6.64 6.64 6.64 6.64 6.64 6.64 6.64 6.64 6.64 6.64 6.64 6.64 6.64 6.64 6.82 6.82 6.82 6.82 6.82 6.82 6.82 6.82 6.82 6.82 6.82 6.82 6.82 6.82 6.82 6.82 6.82 6.82 6.82 6.82 6.82 6.82 6.82 6.82 6.82 6.82 6.82 6.82 6.82 
6.6 6.6 6.6 6.6 6.6 6.6 6.6 6.6 6.6 6.6 6.6 6.64 6.64 6.64 6.64 6.64 6.64 6.64 6.64 6.64 6.64 6.64 6.64 6.64 6.64 6.64 6.64 6.64 6.64 6.64 6.64 6.64 6.64 6.64 6.64 6.64 6.64 6.64 6.64 6.64 6.64 6.64 6.64 6.64 6.64 6.64 6.64 6.64 6.64 6.64 6.64 6.64 6.64 6.64 6.64 6.64 6.64 6.64 6.64 6.64 6.64 6.64 6.64 6.64 6.64 6.64 6.64 6.64 6.64 6.64 6.64 6.82 6.82 6.82 6.82 6.82 6.82 6.82 6.82 6.82 6.82 6.82 6.82 6.82 6.82 6.82 6.82 6.82 6.82 6.82 6.82 6.82 6.82 6.82 6.82 6.82 6.82 6.82 6.82 6.82 
6.6 6.6 6.6 6.6 6.6 6.6 6.6 6.6 6.6 6.6 6.6 6.64 6.64 6.64 6.64 6.64 6.64 6.64 6.64 6.64 6.64 6.64 6.64 6.64 6.64 6.64 6.64 6.64 6.64 6.64 6.64 6.64 6.64 6.64 6.64 6.64 6.64 6.64 6.64 6.64 6.64 6.64 6.64 6.64 6.64 6.64 6.64 6.64 6.64 6.64 6.64 6.64 6.64 6.64 6.64 6.64 6.64 6.64 6.64 6.64 6.64 6.64 6.64 6.64 6.64 6.64 6.64 6.64 6.64 6.64 6.64 6.82 6.82 6.82 6.82 6.82 6.82 6.82 6.82 6.82 6.82 6.82 6.82 6.82 6.82 6.82 6.82 6.82 6.82 6.82 6.82 6.82 6.82 6.82 6.82 6.82 6.82 6.82 6.82 6.82 
6.6 6.6 6.6 6.6 6.6 6.6 6.6 6.6 6.6 6.6 6.6 6.64 6.64 6.64 6.64 6.64 6.64 6.64 6.64 6.64 6.64 6.64 6.64 6.64 6.64 6.64 6.64 6.64 6.64 6.64 6.64 6.64 6.64 6.64 6.64 6.64 6.64 6.64 6.64 6.64 6.64 6.64 6.64 6.64 6.64 6.64 6.64 6.64 6.64 6.64 6.64 6.64 6.64 6.64 6.64 6.64 6.64 6.64 6.64 6.64 6.64 6.64 6.64 6.64 6.64 6.64 6.64 6.64 6.64 6.64 6.64 6.82 6.82 6.82 6.82 6.82 6.82 6.82 6.82 6.82 6.82 6.82 6.82 6.82 6.82 6.82 6.82 6.82 6.82 6.82 6.82 6.82 6.82 6.82 6.82 6.82 6.82 6.82 6.82 6.82 
6.6 6.6 6.6 6.6 6.6 6.6 6.6 6.6 6.6 6.6 6.6 6.64 6.64 6.64 6.64 6.64 6.64 6.64 6.64 6.64 6.64 6.64 6.64 6.64 6.64 6.64 6.64 6.64 6.64 6.64 6.64 6.64 6.64 6.64 6.64 6.64 6.64 6.64 6.64 6.64 6.64 6.64 6.64 6.64 6.64 6.64 6.64 6.64 6.64 6.64 6.64 6.64 6.64 6.64 6.64 6.64 6.64 6.64 6.64 6.64 6.64 6.64 6.64 6.64 6.64 6.64 6.64 6.64 6.64 6.64 6.64 6.82 6.82 6.82 6.82 6.82 6.82 6.82 6.82 6.82 6.82 6.82 6.82 6.82 6.82 6.82 6.82 6.82 6.82 6.82 6.82 6.82 6.82 6.82 6.82 6.82 6.82 6.82 6.82 6.82 
6.6 6.6 6.6 6.6 6.6 6.6 6.6 6.6 6.6 6.6 6.6 6.64 6.64 6.64 6.64 6.64 6.64 6.64 6.64 6.64 6.64 6.64 6.64 6.64 6.64 6.64 6.64 6.64 6.64 6.64 6.64 6.64 6.64 6.64 6.64 6.64 6.64 6.64 6.64 6.64 6.64 6.64 6.64 6.64 6.64 6.64 6.64 6.64 6.64 6.64 6.64 6.64 6.64 6.64 6.64 6.64 6.64 6.64 6.64 6.64 6.64 6.64 6.64 6.64 6.64 6.64 6.64 6.64 6.64 6.64 6.64 6.82 6.82 6.82 6.82 6.82 6.82 6.82 6.82 6.82 6.82 6.82 6.82 6.82 6.82 6.82 6.82 6.82 6.82 6.82 6.82 6.82 6.82 6.82 6.82 6.82 6.82 6.82 6.82 6.82 
6.6 6.6 6.6 6.6 6.6 6.6 6.6 6.6 6.6 6.6 6.6 6.64 6.64 6.64 6.64 6.64 6.64 6.64 6.64 6.64 6.64 6.64 6.64 6.64 6.64 6.64 6.64 6.64 6.64 6.64 6.64 6.64 6.64 6.64 6.64 6.64 6.64 6.64 6.64 6.64 6.64 6.64 6.64 6.64 6.64 6.64 6.64 6.64 6.64 6.64 6.64 6.64 6.64 6.64 6.64 6.64 6.64 6.64 6.64 6.64 6.64 6.64 6.64 6.64 6.64 6.64 6.64 6.64 6.64 6.64 6.64 6.82 6.82 6.82 6.82 6.82 6.82 6.82 6.82 6.82 6.82 6.82 6.82 6.82 6.82 6.82 6.82 6.82 6.82 6.82 6.82 6.82 6.82 6.82 6.82 6.82 6.82 6.82 6.82 6.82 
6.6 6.6 6.6 6.6 6.6 6.6 6.6 6.6 6.6 6.6 6.6 6.64 6.64 6.64 6.64 6.64 6.64 6.64 6.64 6.64 6.64 6.64 6.64 6.64 6.64 6.64 6.64 6.64 6.64 6.64 6.64 6.64 6.64 6.64 6.64 6.64 6.64 6.64 6.64 6.64 6.64 6.64 6.64 6.64 6.64 6.64 6.64 6.64 6.64 6.64 6.64 6.64 6.64 6.64 6.64 6.64 6.64 6.64 6.64 6.64 6.64 6.64 6.64 6.64 6.64 6.64 6.64 6.64 6.64 6.64 6.64 6.82 6.82 6.82 6.82 6.82 6.82 6.82 6.82 6.82 6.82 6.82 6.82 6.82 6.82 6.82 6.82 6.82 6.82 6.82 6.82 6.82 6.82 6.82 6.82 6.82 6.82 6.82 6.82 6.82 
6.6 6.6 6.6 6.6 6.6 6.6 6.6 6.6 6.6 6.6 6.6 6.64 6.64 6.64 6.64 6.64 6.64 6.64 6.64 6.64 6.64 6.64 6.64 6.64 6.64 6.64 6.64 6.64 6.64 6.64 6.64 6.64 6.64 6.64 6.64 6.64 6.64 6.64 6.64 6.64 6.64 6.64 6.64 6.64 6.64 6.64 6.64 6.64 6.64 6.64 6.64 6.64 6.64 6.64 6.64 6.64 6.64 6.64 6.64 6.64 6.64 6.64 6.64 6.64 6.64 6.64 6.64 6.64 6.64 6.64 6.64 6.82 6.82 6.82 6.82 6.82 6.82 6.82 6.82 6.82 6.82 6.82 6.82 6.82 6.82 6.82 6.82 6.82 6.82 6.82 6.82 6.82 6.82 6.82 6.82 6.82 6.82 6.82 6.82 6.82 
6.6 6.6 6.6 6.6 6.6 6.6 6.6 6.6 6.6 6.6 6.6 6.64 6.64 6.64 6.64 6.64 6.64 6.64 6.64 6.64 6.64 6.64 6.64 6.64 6.64 6.64 6.64 6.64 6.64 6.64 6.64 6.64 6.64 6.64 6.64 6.64 6.64 6.64 6.64 6.64 6.64 6.64 6.64 6.64 6.64 6.64 6.64 6.64 6.64 6.64 6.64 6.64 6.64 6.64 6.64 6.64 6.64 6.64 6.64 6.64 6.64 6.64 6.64 6.64 6.64 6.64 6.64 6.64 6.64 6.64 6.64 6.82 6.82 6.82 6.82 6.82 6.82 6.82 6.82 6.82 6.82 6.82 6.82 6.82 6.82 6.82 6.82 6.82 6.82 6.82 6.82 6.82 6.82 6.82 6.82 6.82 6.82 6.82 6.82 6.82 
