ncols         100
nrows         100
xllcorner     -59982.863281
yllcorner     1851083.022172
cellsize      1000
NODATA_value  -9999
137.4 137.4 137.4 137.4 137.4 137.4 137.4 137.4 137.4 137.4 137.4 113.6 113.6 113.6 113.6 113.6 113.6 113.6 113.6 113.6 113.6 113.6 113.6 113.6 113.6 113.6 113.6 113.6 113.6 113.6 113.6 113.6 113.6 113.6 113.6 113.6 113.6 113.6 113.6 113.6 113.6 113.6 113.6 113.6 113.6 113.6 113.6 113.6 113.6 113.6 113.6 113.6 113.6 113.6 113.6 113.6 113.6 113.6 113.6 113.6 113.6 113.6 113.6 113.6 113.6 113.6 113.6 113.6 113.6 113.6 113.6 101.2 101.2 101.2 101.2 101.2 101.2 101.2 101.2 101.2 101.2 101.2 101.2 101.2 101.2 101.2 101.2 101.2 101.2 101.2 101.2 101.2 101.2 101.2 101.2 101.2 101.2 101.2 101.2 101.2 
137.4 137.4 137.4 137.4 137.4 137.4 137.4 137.4 137.4 137.4 137.4 113.6 113.6 113.6 113.6 113.6 113.6 113.6 113.6 113.6 113.6 113.6 113.6 113.6 113.6 113.6 113.6 113.6 113.6 113.6 113.6 113.6 113.6 113.6 113.6 113.6 113.6 113.6 113.6 113.6 113.6 113.6 113.6 113.6 113.6 113.6 113.6 113.6 113.6 113.6 113.6 113.6 113.6 113.6 113.6 113.6 113.6 113.6 113.6 113.6 113.6 113.6 113.6 113.6 113.6 113.6 113.6 113.6 113.6 113.6 113.6 101.2 101.2 101.2 101.2 101.2 101.2 101.2 101.2 101.2 101.2 101.2 101.2 101.2 101.2 101.2 101.2 101.2 101.2 101.2 101.2 101.2 101.2 101.2 101.2 101.2 101.2 101.2 101.2 101.2 
137.4 137.4 137.4 137.4 137.4 137.4 137.4 137.4 137.4 137.4 137.4 113.6 113.6 113.6 113.6 113.6 113.6 113.6 113.6 113.6 113.6 113.6 113.6 113.6 113.6 113.6 113.6 113.6 113.6 113.6 113.6 113.6 113.6 113.6 113.6 113.6 113.6 113.6 113.6 113.6 113.6 113.6 113.6 113.6 113.6 113.6 113.6 113.6 113.6 113.6 113.6 113.6 113.6 113.6 113.6 113.6 113.6 113.6 113.6 113.6 113.6 113.6 113.6 113.6 113.6 113.6 113.6 113.6 113.6 113.6 113.6 101.2 101.2 101.2 101.2 101.2 101.2 101.2 101.2 101.2 101.2 101.2 101.2 101.2 101.2 101.2 101.2 101.2 101.2 101.2 101.2 101.2 101.2 101.2 101.2 101.2 101.2 101.2 101.2 101.2 
137.4 137.4 137.4 137.4 137.4 137.4 137.4 137.4 137.4 137.4 137.4 113.6 113.6 113.6 113.6 113.6 113.6 113.6 113.6 113.6 113.6 113.6 113.6 113.6 113.6 113.6 113.6 113.6 113.6 113.6 113.6 113.6 113.6 113.6 113.6 113.6 113.6 113.6 113.6 113.6 113.6 113.6 113.6 113.6 113.6 113.6 113.6 113.6 113.6 113.6 113.6 113.6 113.6 113.6 113.6 113.6 113.6 113.6 113.6 113.6 113.6 113.6 113.6 113.6 113.6 113.6 113.6 113.6 113.6 113.6 113.6 101.2 101.2 101.2 101.2 101.2 101.2 101.2 101.2 101.2 101.2 101.2 101.2 101.2 101.2 101.2 101.2 101.2 101.2 101.2 101.2 101.2 101.2 101.2 101.2 101.2 101.2 101.2 101.2 101.2 
137.4 137.4 137.4 137.4 137.4 137.4 137.4 137.4 137.4 137.4 137.4 113.6 113.6 113.6 113.6 113.6 113.6 113.6 113.6 113.6 113.6 113.6 113.6 113.6 113.6 113.6 113.6 113.6 113.6 113.6 113.6 113.6 113.6 113.6 113.6 113.6 113.6 113.6 113.6 113.6 113.6 113.6 113.6 113.6 113.6 113.6 113.6 113.6 113.6 113.6 113.6 113.6 113.6 113.6 113.6 113.6 113.6 113.6 113.6 113.6 113.6 113.6 113.6 113.6 113.6 113.6 113.6 113.6 113.6 113.6 113.6 101.2 101.2 101.2 101.2 101.2 101.2 101.2 101.2 101.2 101.2 101.2 101.2 101.2 101.2 101.2 101.2 101.2 101.2 101.2 101.2 101.2 101.2 101.2 101.2 101.2 101.2 101.2 101.2 101.2 
137.4 137.4 137.4 137.4 137.4 137.4 137.4 137.4 137.4 137.4 137.4 113.6 113.6 113.6 113.6 113.6 113.6 113.6 113.6 113.6 113.6 113.6 113.6 113.6 113.6 113.6 113.6 113.6 113.6 113.6 113.6 113.6 113.6 113.6 113.6 113.6 113.6 113.6 113.6 113.6 113.6 113.6 113.6 113.6 113.6 113.6 113.6 113.6 113.6 113.6 113.6 113.6 113.6 113.6 113.6 113.6 113.6 113.6 113.6 113.6 113.6 113.6 113.6 113.6 113.6 113.6 113.6 113.6 113.6 113.6 113.6 101.2 101.2 101.2 101.2 101.2 101.2 101.2 101.2 101.2 101.2 101.2 101.2 101.2 101.2 101.2 101.2 101.2 101.2 101.2 101.2 101.2 101.2 101.2 101.2 101.2 101.2 101.2 101.2 101.2 
137.4 137.4 137.4 137.4 137.4 137.4 137.4 137.4 137.4 137.4 137.4 113.6 113.6 113.6 113.6 113.6 113.6 113.6 113.6 113.6 113.6 113.6 113.6 113.6 113.6 113.6 113.6 113.6 113.6 113.6 113.6 113.6 113.6 113.6 113.6 113.6 113.6 113.6 113.6 113.6 113.6 113.6 113.6 113.6 113.6 113.6 113.6 113.6 113.6 113.6 113.6 113.6 113.6 113.6 113.6 113.6 113.6 113.6 113.6 113.6 113.6 113.6 113.6 113.6 113.6 113.6 113.6 113.6 113.6 113.6 113.6 101.2 101.2 101.2 101.2 101.2 101.2 101.2 101.2 101.2 101.2 101.2 101.2 101.2 101.2 101.2 101.2 101.2 101.2 101.2 101.2 101.2 101.2 101.2 101.2 101.2 101.2 101.2 101.2 101.2 
137.4 137.4 137.4 137.4 137.4 137.4 137.4 137.4 137.4 137.4 137.4 113.6 113.6 113.6 113.6 113.6 113.6 113.6 113.6 113.6 113.6 113.6 113.6 113.6 113.6 113.6 113.6 113.6 113.6 113.6 113.6 113.6 113.6 113.6 113.6 113.6 113.6 113.6 113.6 113.6 113.6 113.6 113.6 113.6 113.6 113.6 113.6 113.6 113.6 113.6 113.6 113.6 113.6 113.6 113.6 113.6 113.6 113.6 113.6 113.6 113.6 113.6 113.6 113.6 113.6 113.6 113.6 113.6 113.6 113.6 113.6 101.2 101.2 101.2 101.2 101.2 101.2 101.2 101.2 101.2 101.2 101.2 101.2 101.2 101.2 101.2 101.2 101.2 101.2 101.2 101.2 101.2 101.2 101.2 101.2 101.2 101.2 101.2 101.2 101.2 
137.4 137.4 137.4 137.4 137.4 137.4 137.4 137.4 137.4 137.4 137.4 113.6 113.6 113.6 113.6 113.6 113.6 113.6 113.6 113.6 113.6 113.6 113.6 113.6 113.6 113.6 113.6 113.6 113.6 113.6 113.6 113.6 113.6 113.6 113.6 113.6 113.6 113.6 113.6 113.6 113.6 113.6 113.6 113.6 113.6 113.6 113.6 113.6 113.6 113.6 113.6 113.6 113.6 113.6 113.6 113.6 113.6 113.6 113.6 113.6 113.6 113.6 113.6 113.6 113.6 113.6 113.6 113.6 113.6 113.6 113.6 101.2 101.2 101.2 101.2 101.2 101.2 101.2 101.2 101.2 101.2 101.2 101.2 101.2 101.2 101.2 101.2 101.2 101.2 101.2 101.2 101.2 101.2 101.2 101.2 101.2 101.2 101.2 101.2 101.2 
140.1 140.1 140.1 140.1 140.1 140.1 140.1 140.1 140.1 140.1 140.1 127.6 127.6 127.6 127.6 127.6 127.6 127.6 127.6 127.6 127.6 127.6 127.6 127.6 127.6 127.6 127.6 127.6 127.6 127.6 127.6 127.6 127.6 127.6 127.6 127.6 127.6 127.6 127.6 127.6 127.6 127.6 127.6 127.6 127.6 127.6 127.6 127.6 127.6 127.6 127.6 127.6 127.6 127.6 127.6 127.6 127.6 127.6 127.6 127.6 127.6 127.6 127.6 127.6 127.6 127.6 127.6 127.6 127.6 127.6 127.6 112.8 112.8 112.8 112.8 112.8 112.8 112.8 112.8 112.8 112.8 112.8 112.8 112.8 112.8 112.8 112.8 112.8 112.8 112.8 112.8 112.8 112.8 112.8 112.8 112.8 112.8 112.8 112.8 112.8 
140.1 140.1 140.1 140.1 140.1 140.1 140.1 140.1 140.1 140.1 140.1 127.6 127.6 127.6 127.6 127.6 127.6 127.6 127.6 127.6 127.6 127.6 127.6 127.6 127.6 127.6 127.6 127.6 127.6 127.6 127.6 127.6 127.6 127.6 127.6 127.6 127.6 127.6 127.6 127.6 127.6 127.6 127.6 127.6 127.6 127.6 127.6 127.6 127.6 127.6 127.6 127.6 127.6 127.6 127.6 127.6 127.6 127.6 127.6 127.6 127.6 127.6 127.6 127.6 127.6 127.6 127.6 127.6 127.6 127.6 127.6 112.8 112.8 112.8 112.8 112.8 112.8 112.8 112.8 112.8 112.8 112.8 112.8 112.8 112.8 112.8 112.8 112.8 112.8 112.8 112.8 112.8 112.8 112.8 112.8 112.8 112.8 112.8 112.8 112.8 
140.1 140.1 140.1 140.1 140.1 140.1 140.1 140.1 140.1 140.1 140.1 127.6 127.6 127.6 127.6 127.6 127.6 127.6 127.6 127.6 127.6 127.6 127.6 127.6 127.6 127.6 127.6 127.6 127.6 127.6 127.6 127.6 127.6 127.6 127.6 127.6 127.6 127.6 127.6 127.6 127.6 127.6 127.6 127.6 127.6 127.6 127.6 127.6 127.6 127.6 127.6 127.6 127.6 127.6 127.6 127.6 127.6 127.6 127.6 127.6 127.6 127.6 127.6 127.6 127.6 127.6 127.6 127.6 127.6 127.6 127.6 112.8 112.8 112.8 112.8 112.8 112.8 112.8 112.8 112.8 112.8 112.8 112.8 112.8 112.8 112.8 112.8 112.8 112.8 112.8 112.8 112.8 112.8 112.8 112.8 112.8 112.8 112.8 112.8 112.8 
140.1 140.1 140.1 140.1 140.1 140.1 140.1 140.1 140.1 140.1 140.1 127.6 127.6 127.6 127.6 127.6 127.6 127.6 127.6 127.6 127.6 127.6 127.6 127.6 127.6 127.6 127.6 127.6 127.6 127.6 127.6 127.6 127.6 127.6 127.6 127.6 127.6 127.6 127.6 127.6 127.6 127.6 127.6 127.6 127.6 127.6 127.6 127.6 127.6 127.6 127.6 127.6 127.6 127.6 127.6 127.6 127.6 127.6 127.6 127.6 127.6 127.6 127.6 127.6 127.6 127.6 127.6 127.6 127.6 127.6 127.6 112.8 112.8 112.8 112.8 112.8 112.8 112.8 112.8 112.8 112.8 112.8 112.8 112.8 112.8 112.8 112.8 112.8 112.8 112.8 112.8 112.8 112.8 112.8 112.8 112.8 112.8 112.8 112.8 112.8 
140.1 140.1 140.1 140.1 140.1 140.1 140.1 140.1 140.1 140.1 140.1 127.6 127.6 127.6 127.6 127.6 127.6 127.6 127.6 127.6 127.6 127.6 127.6 127.6 127.6 127.6 127.6 127.6 127.6 127.6 127.6 127.6 127.6 127.6 127.6 127.6 127.6 127.6 127.6 127.6 127.6 127.6 127.6 127.6 127.6 127.6 127.6 127.6 127.6 127.6 127.6 127.6 127.6 127.6 127.6 127.6 127.6 127.6 127.6 127.6 127.6 127.6 127.6 127.6 127.6 127.6 127.6 127.6 127.6 127.6 127.6 112.8 112.8 112.8 112.8 112.8 112.8 112.8 112.8 112.8 112.8 112.8 112.8 112.8 112.8 112.8 112.8 112.8 112.8 112.8 112.8 112.8 112.8 112.8 112.8 112.8 112.8 112.8 112.8 112.8 
140.1 140.1 140.1 140.1 140.1 140.1 140.1 140.1 140.1 140.1 140.1 127.6 127.6 127.6 127.6 127.6 127.6 127.6 127.6 127.6 127.6 127.6 127.6 127.6 127.6 127.6 127.6 127.6 127.6 127.6 127.6 127.6 127.6 127.6 127.6 127.6 127.6 127.6 127.6 127.6 127.6 127.6 127.6 127.6 127.6 127.6 127.6 127.6 127.6 127.6 127.6 127.6 127.6 127.6 127.6 127.6 127.6 127.6 127.6 127.6 127.6 127.6 127.6 127.6 127.6 127.6 127.6 127.6 127.6 127.6 127.6 112.8 112.8 112.8 112.8 112.8 112.8 112.8 112.8 112.8 112.8 112.8 112.8 112.8 112.8 112.8 112.8 112.8 112.8 112.8 112.8 112.8 112.8 112.8 112.8 112.8 112.8 112.8 112.8 112.8 
140.1 140.1 140.1 140.1 140.1 140.1 140.1 140.1 140.1 140.1 140.1 127.6 127.6 127.6 127.6 127.6 127.6 127.6 127.6 127.6 127.6 127.6 127.6 127.6 127.6 127.6 127.6 127.6 127.6 127.6 127.6 127.6 127.6 127.6 127.6 127.6 127.6 127.6 127.6 127.6 127.6 127.6 127.6 127.6 127.6 127.6 127.6 127.6 127.6 127.6 127.6 127.6 127.6 127.6 127.6 127.6 127.6 127.6 127.6 127.6 127.6 127.6 127.6 127.6 127.6 127.6 127.6 127.6 127.6 127.6 127.6 112.8 112.8 112.8 112.8 112.8 112.8 112.8 112.8 112.8 112.8 112.8 112.8 112.8 112.8 112.8 112.8 112.8 112.8 112.8 112.8 112.8 112.8 112.8 112.8 112.8 112.8 112.8 112.8 112.8 
140.1 140.1 140.1 140.1 140.1 140.1 140.1 140.1 140.1 140.1 140.1 127.6 127.6 127.6 127.6 127.6 127.6 127.6 127.6 127.6 127.6 127.6 127.6 127.6 127.6 127.6 127.6 127.6 127.6 127.6 127.6 127.6 127.6 127.6 127.6 127.6 127.6 127.6 127.6 127.6 127.6 127.6 127.6 127.6 127.6 127.6 127.6 127.6 127.6 127.6 127.6 127.6 127.6 127.6 127.6 127.6 127.6 127.6 127.6 127.6 127.6 127.6 127.6 127.6 127.6 127.6 127.6 127.6 127.6 127.6 127.6 112.8 112.8 112.8 112.8 112.8 112.8 112.8 112.8 112.8 112.8 112.8 112.8 112.8 112.8 112.8 112.8 112.8 112.8 112.8 112.8 112.8 112.8 112.8 112.8 112.8 112.8 112.8 112.8 112.8 
140.1 140.1 140.1 140.1 140.1 140.1 140.1 140.1 140.1 140.1 140.1 127.6 127.6 127.6 127.6 127.6 127.6 127.6 127.6 127.6 127.6 127.6 127.6 127.6 127.6 127.6 127.6 127.6 127.6 127.6 127.6 127.6 127.6 127.6 127.6 127.6 127.6 127.6 127.6 127.6 127.6 127.6 127.6 127.6 127.6 127.6 127.6 127.6 127.6 127.6 127.6 127.6 127.6 127.6 127.6 127.6 127.6 127.6 127.6 127.6 127.6 127.6 127.6 127.6 127.6 127.6 127.6 127.6 127.6 127.6 127.6 112.8 112.8 112.8 112.8 112.8 112.8 112.8 112.8 112.8 112.8 112.8 112.8 112.8 112.8 112.8 112.8 112.8 112.8 112.8 112.8 112.8 112.8 112.8 112.8 112.8 112.8 112.8 112.8 112.8 
140.1 140.1 140.1 140.1 140.1 140.1 140.1 140.1 140.1 140.1 140.1 127.6 127.6 127.6 127.6 127.6 127.6 127.6 127.6 127.6 127.6 127.6 127.6 127.6 127.6 127.6 127.6 127.6 127.6 127.6 127.6 127.6 127.6 127.6 127.6 127.6 127.6 127.6 127.6 127.6 127.6 127.6 127.6 127.6 127.6 127.6 127.6 127.6 127.6 127.6 127.6 127.6 127.6 127.6 127.6 127.6 127.6 127.6 127.6 127.6 127.6 127.6 127.6 127.6 127.6 127.6 127.6 127.6 127.6 127.6 127.6 112.8 112.8 112.8 112.8 112.8 112.8 112.8 112.8 112.8 112.8 112.8 112.8 112.8 112.8 112.8 112.8 112.8 112.8 112.8 112.8 112.8 112.8 112.8 112.8 112.8 112.8 112.8 112.8 112.8 
140.1 140.1 140.1 140.1 140.1 140.1 140.1 140.1 140.1 140.1 140.1 127.6 127.6 127.6 127.6 127.6 127.6 127.6 127.6 127.6 127.6 127.6 127.6 127.6 127.6 127.6 127.6 127.6 127.6 127.6 127.6 127.6 127.6 127.6 127.6 127.6 127.6 127.6 127.6 127.6 127.6 127.6 127.6 127.6 127.6 127.6 127.6 127.6 127.6 127.6 127.6 127.6 127.6 127.6 127.6 127.6 127.6 127.6 127.6 127.6 127.6 127.6 127.6 127.6 127.6 127.6 127.6 127.6 127.6 127.6 127.6 112.8 112.8 112.8 112.8 112.8 112.8 112.8 112.8 112.8 112.8 112.8 112.8 112.8 112.8 112.8 112.8 112.8 112.8 112.8 112.8 112.8 112.8 112.8 112.8 112.8 112.8 112.8 112.8 112.8 
140.1 140.1 140.1 140.1 140.1 140.1 140.1 140.1 140.1 140.1 140.1 127.6 127.6 127.6 127.6 127.6 127.6 127.6 127.6 127.6 127.6 127.6 127.6 127.6 127.6 127.6 127.6 127.6 127.6 127.6 127.6 127.6 127.6 127.6 127.6 127.6 127.6 127.6 127.6 127.6 127.6 127.6 127.6 127.6 127.6 127.6 127.6 127.6 127.6 127.6 127.6 127.6 127.6 127.6 127.6 127.6 127.6 127.6 127.6 127.6 127.6 127.6 127.6 127.6 127.6 127.6 127.6 127.6 127.6 127.6 127.6 112.8 112.8 112.8 112.8 112.8 112.8 112.8 112.8 112.8 112.8 112.8 112.8 112.8 112.8 112.8 112.8 112.8 112.8 112.8 112.8 112.8 112.8 112.8 112.8 112.8 112.8 112.8 112.8 112.8 
140.1 140.1 140.1 140.1 140.1 140.1 140.1 140.1 140.1 140.1 140.1 127.6 127.6 127.6 127.6 127.6 127.6 127.6 127.6 127.6 127.6 127.6 127.6 127.6 127.6 127.6 127.6 127.6 127.6 127.6 127.6 127.6 127.6 127.6 127.6 127.6 127.6 127.6 127.6 127.6 127.6 127.6 127.6 127.6 127.6 127.6 127.6 127.6 127.6 127.6 127.6 127.6 127.6 127.6 127.6 127.6 127.6 127.6 127.6 127.6 127.6 127.6 127.6 127.6 127.6 127.6 127.6 127.6 127.6 127.6 127.6 112.8 112.8 112.8 112.8 112.8 112.8 112.8 112.8 112.8 112.8 112.8 112.8 112.8 112.8 112.8 112.8 112.8 112.8 112.8 112.8 112.8 112.8 112.8 112.8 112.8 112.8 112.8 112.8 112.8 
140.1 140.1 140.1 140.1 140.1 140.1 140.1 140.1 140.1 140.1 140.1 127.6 127.6 127.6 127.6 127.6 127.6 127.6 127.6 127.6 127.6 127.6 127.6 127.6 127.6 127.6 127.6 127.6 127.6 127.6 127.6 127.6 127.6 127.6 127.6 127.6 127.6 127.6 127.6 127.6 127.6 127.6 127.6 127.6 127.6 127.6 127.6 127.6 127.6 127.6 127.6 127.6 127.6 127.6 127.6 127.6 127.6 127.6 127.6 127.6 127.6 127.6 127.6 127.6 127.6 127.6 127.6 127.6 127.6 127.6 127.6 112.8 112.8 112.8 112.8 112.8 112.8 112.8 112.8 112.8 112.8 112.8 112.8 112.8 112.8 112.8 112.8 112.8 112.8 112.8 112.8 112.8 112.8 112.8 112.8 112.8 112.8 112.8 112.8 112.8 
140.1 140.1 140.1 140.1 140.1 140.1 140.1 140.1 140.1 140.1 140.1 127.6 127.6 127.6 127.6 127.6 127.6 127.6 127.6 127.6 127.6 127.6 127.6 127.6 127.6 127.6 127.6 127.6 127.6 127.6 127.6 127.6 127.6 127.6 127.6 127.6 127.6 127.6 127.6 127.6 127.6 127.6 127.6 127.6 127.6 127.6 127.6 127.6 127.6 127.6 127.6 127.6 127.6 127.6 127.6 127.6 127.6 127.6 127.6 127.6 127.6 127.6 127.6 127.6 127.6 127.6 127.6 127.6 127.6 127.6 127.6 112.8 112.8 112.8 112.8 112.8 112.8 112.8 112.8 112.8 112.8 112.8 112.8 112.8 112.8 112.8 112.8 112.8 112.8 112.8 112.8 112.8 112.8 112.8 112.8 112.8 112.8 112.8 112.8 112.8 
140.1 140.1 140.1 140.1 140.1 140.1 140.1 140.1 140.1 140.1 140.1 127.6 127.6 127.6 127.6 127.6 127.6 127.6 127.6 127.6 127.6 127.6 127.6 127.6 127.6 127.6 127.6 127.6 127.6 127.6 127.6 127.6 127.6 127.6 127.6 127.6 127.6 127.6 127.6 127.6 127.6 127.6 127.6 127.6 127.6 127.6 127.6 127.6 127.6 127.6 127.6 127.6 127.6 127.6 127.6 127.6 127.6 127.6 127.6 127.6 127.6 127.6 127.6 127.6 127.6 127.6 127.6 127.6 127.6 127.6 127.6 112.8 112.8 112.8 112.8 112.8 112.8 112.8 112.8 112.8 112.8 112.8 112.8 112.8 112.8 112.8 112.8 112.8 112.8 112.8 112.8 112.8 112.8 112.8 112.8 112.8 112.8 112.8 112.8 112.8 
140.1 140.1 140.1 140.1 140.1 140.1 140.1 140.1 140.1 140.1 140.1 127.6 127.6 127.6 127.6 127.6 127.6 127.6 127.6 127.6 127.6 127.6 127.6 127.6 127.6 127.6 127.6 127.6 127.6 127.6 127.6 127.6 127.6 127.6 127.6 127.6 127.6 127.6 127.6 127.6 127.6 127.6 127.6 127.6 127.6 127.6 127.6 127.6 127.6 127.6 127.6 127.6 127.6 127.6 127.6 127.6 127.6 127.6 127.6 127.6 127.6 127.6 127.6 127.6 127.6 127.6 127.6 127.6 127.6 127.6 127.6 112.8 112.8 112.8 112.8 112.8 112.8 112.8 112.8 112.8 112.8 112.8 112.8 112.8 112.8 112.8 112.8 112.8 112.8 112.8 112.8 112.8 112.8 112.8 112.8 112.8 112.8 112.8 112.8 112.8 
140.1 140.1 140.1 140.1 140.1 140.1 140.1 140.1 140.1 140.1 140.1 127.6 127.6 127.6 127.6 127.6 127.6 127.6 127.6 127.6 127.6 127.6 127.6 127.6 127.6 127.6 127.6 127.6 127.6 127.6 127.6 127.6 127.6 127.6 127.6 127.6 127.6 127.6 127.6 127.6 127.6 127.6 127.6 127.6 127.6 127.6 127.6 127.6 127.6 127.6 127.6 127.6 127.6 127.6 127.6 127.6 127.6 127.6 127.6 127.6 127.6 127.6 127.6 127.6 127.6 127.6 127.6 127.6 127.6 127.6 127.6 112.8 112.8 112.8 112.8 112.8 112.8 112.8 112.8 112.8 112.8 112.8 112.8 112.8 112.8 112.8 112.8 112.8 112.8 112.8 112.8 112.8 112.8 112.8 112.8 112.8 112.8 112.8 112.8 112.8 
140.1 140.1 140.1 140.1 140.1 140.1 140.1 140.1 140.1 140.1 140.1 127.6 127.6 127.6 127.6 127.6 127.6 127.6 127.6 127.6 127.6 127.6 127.6 127.6 127.6 127.6 127.6 127.6 127.6 127.6 127.6 127.6 127.6 127.6 127.6 127.6 127.6 127.6 127.6 127.6 127.6 127.6 127.6 127.6 127.6 127.6 127.6 127.6 127.6 127.6 127.6 127.6 127.6 127.6 127.6 127.6 127.6 127.6 127.6 127.6 127.6 127.6 127.6 127.6 127.6 127.6 127.6 127.6 127.6 127.6 127.6 112.8 112.8 112.8 112.8 112.8 112.8 112.8 112.8 112.8 112.8 112.8 112.8 112.8 112.8 112.8 112.8 112.8 112.8 112.8 112.8 112.8 112.8 112.8 112.8 112.8 112.8 112.8 112.8 112.8 
140.1 140.1 140.1 140.1 140.1 140.1 140.1 140.1 140.1 140.1 140.1 127.6 127.6 127.6 127.6 127.6 127.6 127.6 127.6 127.6 127.6 127.6 127.6 127.6 127.6 127.6 127.6 127.6 127.6 127.6 127.6 127.6 127.6 127.6 127.6 127.6 127.6 127.6 127.6 127.6 127.6 127.6 127.6 127.6 127.6 127.6 127.6 127.6 127.6 127.6 127.6 127.6 127.6 127.6 127.6 127.6 127.6 127.6 127.6 127.6 127.6 127.6 127.6 127.6 127.6 127.6 127.6 127.6 127.6 127.6 127.6 112.8 112.8 112.8 112.8 112.8 112.8 112.8 112.8 112.8 112.8 112.8 112.8 112.8 112.8 112.8 112.8 112.8 112.8 112.8 112.8 112.8 112.8 112.8 112.8 112.8 112.8 112.8 112.8 112.8 
140.1 140.1 140.1 140.1 140.1 140.1 140.1 140.1 140.1 140.1 140.1 127.6 127.6 127.6 127.6 127.6 127.6 127.6 127.6 127.6 127.6 127.6 127.6 127.6 127.6 127.6 127.6 127.6 127.6 127.6 127.6 127.6 127.6 127.6 127.6 127.6 127.6 127.6 127.6 127.6 127.6 127.6 127.6 127.6 127.6 127.6 127.6 127.6 127.6 127.6 127.6 127.6 127.6 127.6 127.6 127.6 127.6 127.6 127.6 127.6 127.6 127.6 127.6 127.6 127.6 127.6 127.6 127.6 127.6 127.6 127.6 112.8 112.8 112.8 112.8 112.8 112.8 112.8 112.8 112.8 112.8 112.8 112.8 112.8 112.8 112.8 112.8 112.8 112.8 112.8 112.8 112.8 112.8 112.8 112.8 112.8 112.8 112.8 112.8 112.8 
140.1 140.1 140.1 140.1 140.1 140.1 140.1 140.1 140.1 140.1 140.1 127.6 127.6 127.6 127.6 127.6 127.6 127.6 127.6 127.6 127.6 127.6 127.6 127.6 127.6 127.6 127.6 127.6 127.6 127.6 127.6 127.6 127.6 127.6 127.6 127.6 127.6 127.6 127.6 127.6 127.6 127.6 127.6 127.6 127.6 127.6 127.6 127.6 127.6 127.6 127.6 127.6 127.6 127.6 127.6 127.6 127.6 127.6 127.6 127.6 127.6 127.6 127.6 127.6 127.6 127.6 127.6 127.6 127.6 127.6 127.6 112.8 112.8 112.8 112.8 112.8 112.8 112.8 112.8 112.8 112.8 112.8 112.8 112.8 112.8 112.8 112.8 112.8 112.8 112.8 112.8 112.8 112.8 112.8 112.8 112.8 112.8 112.8 112.8 112.8 
140.1 140.1 140.1 140.1 140.1 140.1 140.1 140.1 140.1 140.1 140.1 127.6 127.6 127.6 127.6 127.6 127.6 127.6 127.6 127.6 127.6 127.6 127.6 127.6 127.6 127.6 127.6 127.6 127.6 127.6 127.6 127.6 127.6 127.6 127.6 127.6 127.6 127.6 127.6 127.6 127.6 127.6 127.6 127.6 127.6 127.6 127.6 127.6 127.6 127.6 127.6 127.6 127.6 127.6 127.6 127.6 127.6 127.6 127.6 127.6 127.6 127.6 127.6 127.6 127.6 127.6 127.6 127.6 127.6 127.6 127.6 112.8 112.8 112.8 112.8 112.8 112.8 112.8 112.8 112.8 112.8 112.8 112.8 112.8 112.8 112.8 112.8 112.8 112.8 112.8 112.8 112.8 112.8 112.8 112.8 112.8 112.8 112.8 112.8 112.8 
140.1 140.1 140.1 140.1 140.1 140.1 140.1 140.1 140.1 140.1 140.1 127.6 127.6 127.6 127.6 127.6 127.6 127.6 127.6 127.6 127.6 127.6 127.6 127.6 127.6 127.6 127.6 127.6 127.6 127.6 127.6 127.6 127.6 127.6 127.6 127.6 127.6 127.6 127.6 127.6 127.6 127.6 127.6 127.6 127.6 127.6 127.6 127.6 127.6 127.6 127.6 127.6 127.6 127.6 127.6 127.6 127.6 127.6 127.6 127.6 127.6 127.6 127.6 127.6 127.6 127.6 127.6 127.6 127.6 127.6 127.6 112.8 112.8 112.8 112.8 112.8 112.8 112.8 112.8 112.8 112.8 112.8 112.8 112.8 112.8 112.8 112.8 112.8 112.8 112.8 112.8 112.8 112.8 112.8 112.8 112.8 112.8 112.8 112.8 112.8 
140.1 140.1 140.1 140.1 140.1 140.1 140.1 140.1 140.1 140.1 140.1 127.6 127.6 127.6 127.6 127.6 127.6 127.6 127.6 127.6 127.6 127.6 127.6 127.6 127.6 127.6 127.6 127.6 127.6 127.6 127.6 127.6 127.6 127.6 127.6 127.6 127.6 127.6 127.6 127.6 127.6 127.6 127.6 127.6 127.6 127.6 127.6 127.6 127.6 127.6 127.6 127.6 127.6 127.6 127.6 127.6 127.6 127.6 127.6 127.6 127.6 127.6 127.6 127.6 127.6 127.6 127.6 127.6 127.6 127.6 127.6 112.8 112.8 112.8 112.8 112.8 112.8 112.8 112.8 112.8 112.8 112.8 112.8 112.8 112.8 112.8 112.8 112.8 112.8 112.8 112.8 112.8 112.8 112.8 112.8 112.8 112.8 112.8 112.8 112.8 
140.1 140.1 140.1 140.1 140.1 140.1 140.1 140.1 140.1 140.1 140.1 127.6 127.6 127.6 127.6 127.6 127.6 127.6 127.6 127.6 127.6 127.6 127.6 127.6 127.6 127.6 127.6 127.6 127.6 127.6 127.6 127.6 127.6 127.6 127.6 127.6 127.6 127.6 127.6 127.6 127.6 127.6 127.6 127.6 127.6 127.6 127.6 127.6 127.6 127.6 127.6 127.6 127.6 127.6 127.6 127.6 127.6 127.6 127.6 127.6 127.6 127.6 127.6 127.6 127.6 127.6 127.6 127.6 127.6 127.6 127.6 112.8 112.8 112.8 112.8 112.8 112.8 112.8 112.8 112.8 112.8 112.8 112.8 112.8 112.8 112.8 112.8 112.8 112.8 112.8 112.8 112.8 112.8 112.8 112.8 112.8 112.8 112.8 112.8 112.8 
140.1 140.1 140.1 140.1 140.1 140.1 140.1 140.1 140.1 140.1 140.1 127.6 127.6 127.6 127.6 127.6 127.6 127.6 127.6 127.6 127.6 127.6 127.6 127.6 127.6 127.6 127.6 127.6 127.6 127.6 127.6 127.6 127.6 127.6 127.6 127.6 127.6 127.6 127.6 127.6 127.6 127.6 127.6 127.6 127.6 127.6 127.6 127.6 127.6 127.6 127.6 127.6 127.6 127.6 127.6 127.6 127.6 127.6 127.6 127.6 127.6 127.6 127.6 127.6 127.6 127.6 127.6 127.6 127.6 127.6 127.6 112.8 112.8 112.8 112.8 112.8 112.8 112.8 112.8 112.8 112.8 112.8 112.8 112.8 112.8 112.8 112.8 112.8 112.8 112.8 112.8 112.8 112.8 112.8 112.8 112.8 112.8 112.8 112.8 112.8 
140.1 140.1 140.1 140.1 140.1 140.1 140.1 140.1 140.1 140.1 140.1 127.6 127.6 127.6 127.6 127.6 127.6 127.6 127.6 127.6 127.6 127.6 127.6 127.6 127.6 127.6 127.6 127.6 127.6 127.6 127.6 127.6 127.6 127.6 127.6 127.6 127.6 127.6 127.6 127.6 127.6 127.6 127.6 127.6 127.6 127.6 127.6 127.6 127.6 127.6 127.6 127.6 127.6 127.6 127.6 127.6 127.6 127.6 127.6 127.6 127.6 127.6 127.6 127.6 127.6 127.6 127.6 127.6 127.6 127.6 127.6 112.8 112.8 112.8 112.8 112.8 112.8 112.8 112.8 112.8 112.8 112.8 112.8 112.8 112.8 112.8 112.8 112.8 112.8 112.8 112.8 112.8 112.8 112.8 112.8 112.8 112.8 112.8 112.8 112.8 
140.1 140.1 140.1 140.1 140.1 140.1 140.1 140.1 140.1 140.1 140.1 127.6 127.6 127.6 127.6 127.6 127.6 127.6 127.6 127.6 127.6 127.6 127.6 127.6 127.6 127.6 127.6 127.6 127.6 127.6 127.6 127.6 127.6 127.6 127.6 127.6 127.6 127.6 127.6 127.6 127.6 127.6 127.6 127.6 127.6 127.6 127.6 127.6 127.6 127.6 127.6 127.6 127.6 127.6 127.6 127.6 127.6 127.6 127.6 127.6 127.6 127.6 127.6 127.6 127.6 127.6 127.6 127.6 127.6 127.6 127.6 112.8 112.8 112.8 112.8 112.8 112.8 112.8 112.8 112.8 112.8 112.8 112.8 112.8 112.8 112.8 112.8 112.8 112.8 112.8 112.8 112.8 112.8 112.8 112.8 112.8 112.8 112.8 112.8 112.8 
140.1 140.1 140.1 140.1 140.1 140.1 140.1 140.1 140.1 140.1 140.1 127.6 127.6 127.6 127.6 127.6 127.6 127.6 127.6 127.6 127.6 127.6 127.6 127.6 127.6 127.6 127.6 127.6 127.6 127.6 127.6 127.6 127.6 127.6 127.6 127.6 127.6 127.6 127.6 127.6 127.6 127.6 127.6 127.6 127.6 127.6 127.6 127.6 127.6 127.6 127.6 127.6 127.6 127.6 127.6 127.6 127.6 127.6 127.6 127.6 127.6 127.6 127.6 127.6 127.6 127.6 127.6 127.6 127.6 127.6 127.6 112.8 112.8 112.8 112.8 112.8 112.8 112.8 112.8 112.8 112.8 112.8 112.8 112.8 112.8 112.8 112.8 112.8 112.8 112.8 112.8 112.8 112.8 112.8 112.8 112.8 112.8 112.8 112.8 112.8 
140.1 140.1 140.1 140.1 140.1 140.1 140.1 140.1 140.1 140.1 140.1 127.6 127.6 127.6 127.6 127.6 127.6 127.6 127.6 127.6 127.6 127.6 127.6 127.6 127.6 127.6 127.6 127.6 127.6 127.6 127.6 127.6 127.6 127.6 127.6 127.6 127.6 127.6 127.6 127.6 127.6 127.6 127.6 127.6 127.6 127.6 127.6 127.6 127.6 127.6 127.6 127.6 127.6 127.6 127.6 127.6 127.6 127.6 127.6 127.6 127.6 127.6 127.6 127.6 127.6 127.6 127.6 127.6 127.6 127.6 127.6 112.8 112.8 112.8 112.8 112.8 112.8 112.8 112.8 112.8 112.8 112.8 112.8 112.8 112.8 112.8 112.8 112.8 112.8 112.8 112.8 112.8 112.8 112.8 112.8 112.8 112.8 112.8 112.8 112.8 
140.1 140.1 140.1 140.1 140.1 140.1 140.1 140.1 140.1 140.1 140.1 127.6 127.6 127.6 127.6 127.6 127.6 127.6 127.6 127.6 127.6 127.6 127.6 127.6 127.6 127.6 127.6 127.6 127.6 127.6 127.6 127.6 127.6 127.6 127.6 127.6 127.6 127.6 127.6 127.6 127.6 127.6 127.6 127.6 127.6 127.6 127.6 127.6 127.6 127.6 127.6 127.6 127.6 127.6 127.6 127.6 127.6 127.6 127.6 127.6 127.6 127.6 127.6 127.6 127.6 127.6 127.6 127.6 127.6 127.6 127.6 112.8 112.8 112.8 112.8 112.8 112.8 112.8 112.8 112.8 112.8 112.8 112.8 112.8 112.8 112.8 112.8 112.8 112.8 112.8 112.8 112.8 112.8 112.8 112.8 112.8 112.8 112.8 112.8 112.8 
140.1 140.1 140.1 140.1 140.1 140.1 140.1 140.1 140.1 140.1 140.1 127.6 127.6 127.6 127.6 127.6 127.6 127.6 127.6 127.6 127.6 127.6 127.6 127.6 127.6 127.6 127.6 127.6 127.6 127.6 127.6 127.6 127.6 127.6 127.6 127.6 127.6 127.6 127.6 127.6 127.6 127.6 127.6 127.6 127.6 127.6 127.6 127.6 127.6 127.6 127.6 127.6 127.6 127.6 127.6 127.6 127.6 127.6 127.6 127.6 127.6 127.6 127.6 127.6 127.6 127.6 127.6 127.6 127.6 127.6 127.6 112.8 112.8 112.8 112.8 112.8 112.8 112.8 112.8 112.8 112.8 112.8 112.8 112.8 112.8 112.8 112.8 112.8 112.8 112.8 112.8 112.8 112.8 112.8 112.8 112.8 112.8 112.8 112.8 112.8 
140.1 140.1 140.1 140.1 140.1 140.1 140.1 140.1 140.1 140.1 140.1 127.6 127.6 127.6 127.6 127.6 127.6 127.6 127.6 127.6 127.6 127.6 127.6 127.6 127.6 127.6 127.6 127.6 127.6 127.6 127.6 127.6 127.6 127.6 127.6 127.6 127.6 127.6 127.6 127.6 127.6 127.6 127.6 127.6 127.6 127.6 127.6 127.6 127.6 127.6 127.6 127.6 127.6 127.6 127.6 127.6 127.6 127.6 127.6 127.6 127.6 127.6 127.6 127.6 127.6 127.6 127.6 127.6 127.6 127.6 127.6 112.8 112.8 112.8 112.8 112.8 112.8 112.8 112.8 112.8 112.8 112.8 112.8 112.8 112.8 112.8 112.8 112.8 112.8 112.8 112.8 112.8 112.8 112.8 112.8 112.8 112.8 112.8 112.8 112.8 
140.1 140.1 140.1 140.1 140.1 140.1 140.1 140.1 140.1 140.1 140.1 127.6 127.6 127.6 127.6 127.6 127.6 127.6 127.6 127.6 127.6 127.6 127.6 127.6 127.6 127.6 127.6 127.6 127.6 127.6 127.6 127.6 127.6 127.6 127.6 127.6 127.6 127.6 127.6 127.6 127.6 127.6 127.6 127.6 127.6 127.6 127.6 127.6 127.6 127.6 127.6 127.6 127.6 127.6 127.6 127.6 127.6 127.6 127.6 127.6 127.6 127.6 127.6 127.6 127.6 127.6 127.6 127.6 127.6 127.6 127.6 112.8 112.8 112.8 112.8 112.8 112.8 112.8 112.8 112.8 112.8 112.8 112.8 112.8 112.8 112.8 112.8 112.8 112.8 112.8 112.8 112.8 112.8 112.8 112.8 112.8 112.8 112.8 112.8 112.8 
140.1 140.1 140.1 140.1 140.1 140.1 140.1 140.1 140.1 140.1 140.1 127.6 127.6 127.6 127.6 127.6 127.6 127.6 127.6 127.6 127.6 127.6 127.6 127.6 127.6 127.6 127.6 127.6 127.6 127.6 127.6 127.6 127.6 127.6 127.6 127.6 127.6 127.6 127.6 127.6 127.6 127.6 127.6 127.6 127.6 127.6 127.6 127.6 127.6 127.6 127.6 127.6 127.6 127.6 127.6 127.6 127.6 127.6 127.6 127.6 127.6 127.6 127.6 127.6 127.6 127.6 127.6 127.6 127.6 127.6 127.6 112.8 112.8 112.8 112.8 112.8 112.8 112.8 112.8 112.8 112.8 112.8 112.8 112.8 112.8 112.8 112.8 112.8 112.8 112.8 112.8 112.8 112.8 112.8 112.8 112.8 112.8 112.8 112.8 112.8 
140.1 140.1 140.1 140.1 140.1 140.1 140.1 140.1 140.1 140.1 140.1 127.6 127.6 127.6 127.6 127.6 127.6 127.6 127.6 127.6 127.6 127.6 127.6 127.6 127.6 127.6 127.6 127.6 127.6 127.6 127.6 127.6 127.6 127.6 127.6 127.6 127.6 127.6 127.6 127.6 127.6 127.6 127.6 127.6 127.6 127.6 127.6 127.6 127.6 127.6 127.6 127.6 127.6 127.6 127.6 127.6 127.6 127.6 127.6 127.6 127.6 127.6 127.6 127.6 127.6 127.6 127.6 127.6 127.6 127.6 127.6 112.8 112.8 112.8 112.8 112.8 112.8 112.8 112.8 112.8 112.8 112.8 112.8 112.8 112.8 112.8 112.8 112.8 112.8 112.8 112.8 112.8 112.8 112.8 112.8 112.8 112.8 112.8 112.8 112.8 
140.1 140.1 140.1 140.1 140.1 140.1 140.1 140.1 140.1 140.1 140.1 127.6 127.6 127.6 127.6 127.6 127.6 127.6 127.6 127.6 127.6 127.6 127.6 127.6 127.6 127.6 127.6 127.6 127.6 127.6 127.6 127.6 127.6 127.6 127.6 127.6 127.6 127.6 127.6 127.6 127.6 127.6 127.6 127.6 127.6 127.6 127.6 127.6 127.6 127.6 127.6 127.6 127.6 127.6 127.6 127.6 127.6 127.6 127.6 127.6 127.6 127.6 127.6 127.6 127.6 127.6 127.6 127.6 127.6 127.6 127.6 112.8 112.8 112.8 112.8 112.8 112.8 112.8 112.8 112.8 112.8 112.8 112.8 112.8 112.8 112.8 112.8 112.8 112.8 112.8 112.8 112.8 112.8 112.8 112.8 112.8 112.8 112.8 112.8 112.8 
140.1 140.1 140.1 140.1 140.1 140.1 140.1 140.1 140.1 140.1 140.1 127.6 127.6 127.6 127.6 127.6 127.6 127.6 127.6 127.6 127.6 127.6 127.6 127.6 127.6 127.6 127.6 127.6 127.6 127.6 127.6 127.6 127.6 127.6 127.6 127.6 127.6 127.6 127.6 127.6 127.6 127.6 127.6 127.6 127.6 127.6 127.6 127.6 127.6 127.6 127.6 127.6 127.6 127.6 127.6 127.6 127.6 127.6 127.6 127.6 127.6 127.6 127.6 127.6 127.6 127.6 127.6 127.6 127.6 127.6 127.6 112.8 112.8 112.8 112.8 112.8 112.8 112.8 112.8 112.8 112.8 112.8 112.8 112.8 112.8 112.8 112.8 112.8 112.8 112.8 112.8 112.8 112.8 112.8 112.8 112.8 112.8 112.8 112.8 112.8 
140.1 140.1 140.1 140.1 140.1 140.1 140.1 140.1 140.1 140.1 140.1 127.6 127.6 127.6 127.6 127.6 127.6 127.6 127.6 127.6 127.6 127.6 127.6 127.6 127.6 127.6 127.6 127.6 127.6 127.6 127.6 127.6 127.6 127.6 127.6 127.6 127.6 127.6 127.6 127.6 127.6 127.6 127.6 127.6 127.6 127.6 127.6 127.6 127.6 127.6 127.6 127.6 127.6 127.6 127.6 127.6 127.6 127.6 127.6 127.6 127.6 127.6 127.6 127.6 127.6 127.6 127.6 127.6 127.6 127.6 127.6 112.8 112.8 112.8 112.8 112.8 112.8 112.8 112.8 112.8 112.8 112.8 112.8 112.8 112.8 112.8 112.8 112.8 112.8 112.8 112.8 112.8 112.8 112.8 112.8 112.8 112.8 112.8 112.8 112.8 
140.1 140.1 140.1 140.1 140.1 140.1 140.1 140.1 140.1 140.1 140.1 127.6 127.6 127.6 127.6 127.6 127.6 127.6 127.6 127.6 127.6 127.6 127.6 127.6 127.6 127.6 127.6 127.6 127.6 127.6 127.6 127.6 127.6 127.6 127.6 127.6 127.6 127.6 127.6 127.6 127.6 127.6 127.6 127.6 127.6 127.6 127.6 127.6 127.6 127.6 127.6 127.6 127.6 127.6 127.6 127.6 127.6 127.6 127.6 127.6 127.6 127.6 127.6 127.6 127.6 127.6 127.6 127.6 127.6 127.6 127.6 112.8 112.8 112.8 112.8 112.8 112.8 112.8 112.8 112.8 112.8 112.8 112.8 112.8 112.8 112.8 112.8 112.8 112.8 112.8 112.8 112.8 112.8 112.8 112.8 112.8 112.8 112.8 112.8 112.8 
140.1 140.1 140.1 140.1 140.1 140.1 140.1 140.1 140.1 140.1 140.1 127.6 127.6 127.6 127.6 127.6 127.6 127.6 127.6 127.6 127.6 127.6 127.6 127.6 127.6 127.6 127.6 127.6 127.6 127.6 127.6 127.6 127.6 127.6 127.6 127.6 127.6 127.6 127.6 127.6 127.6 127.6 127.6 127.6 127.6 127.6 127.6 127.6 127.6 127.6 127.6 127.6 127.6 127.6 127.6 127.6 127.6 127.6 127.6 127.6 127.6 127.6 127.6 127.6 127.6 127.6 127.6 127.6 127.6 127.6 127.6 112.8 112.8 112.8 112.8 112.8 112.8 112.8 112.8 112.8 112.8 112.8 112.8 112.8 112.8 112.8 112.8 112.8 112.8 112.8 112.8 112.8 112.8 112.8 112.8 112.8 112.8 112.8 112.8 112.8 
140.1 140.1 140.1 140.1 140.1 140.1 140.1 140.1 140.1 140.1 140.1 127.6 127.6 127.6 127.6 127.6 127.6 127.6 127.6 127.6 127.6 127.6 127.6 127.6 127.6 127.6 127.6 127.6 127.6 127.6 127.6 127.6 127.6 127.6 127.6 127.6 127.6 127.6 127.6 127.6 127.6 127.6 127.6 127.6 127.6 127.6 127.6 127.6 127.6 127.6 127.6 127.6 127.6 127.6 127.6 127.6 127.6 127.6 127.6 127.6 127.6 127.6 127.6 127.6 127.6 127.6 127.6 127.6 127.6 127.6 127.6 112.8 112.8 112.8 112.8 112.8 112.8 112.8 112.8 112.8 112.8 112.8 112.8 112.8 112.8 112.8 112.8 112.8 112.8 112.8 112.8 112.8 112.8 112.8 112.8 112.8 112.8 112.8 112.8 112.8 
140.1 140.1 140.1 140.1 140.1 140.1 140.1 140.1 140.1 140.1 140.1 127.6 127.6 127.6 127.6 127.6 127.6 127.6 127.6 127.6 127.6 127.6 127.6 127.6 127.6 127.6 127.6 127.6 127.6 127.6 127.6 127.6 127.6 127.6 127.6 127.6 127.6 127.6 127.6 127.6 127.6 127.6 127.6 127.6 127.6 127.6 127.6 127.6 127.6 127.6 127.6 127.6 127.6 127.6 127.6 127.6 127.6 127.6 127.6 127.6 127.6 127.6 127.6 127.6 127.6 127.6 127.6 127.6 127.6 127.6 127.6 112.8 112.8 112.8 112.8 112.8 112.8 112.8 112.8 112.8 112.8 112.8 112.8 112.8 112.8 112.8 112.8 112.8 112.8 112.8 112.8 112.8 112.8 112.8 112.8 112.8 112.8 112.8 112.8 112.8 
140.1 140.1 140.1 140.1 140.1 140.1 140.1 140.1 140.1 140.1 140.1 127.6 127.6 127.6 127.6 127.6 127.6 127.6 127.6 127.6 127.6 127.6 127.6 127.6 127.6 127.6 127.6 127.6 127.6 127.6 127.6 127.6 127.6 127.6 127.6 127.6 127.6 127.6 127.6 127.6 127.6 127.6 127.6 127.6 127.6 127.6 127.6 127.6 127.6 127.6 127.6 127.6 127.6 127.6 127.6 127.6 127.6 127.6 127.6 127.6 127.6 127.6 127.6 127.6 127.6 127.6 127.6 127.6 127.6 127.6 127.6 112.8 112.8 112.8 112.8 112.8 112.8 112.8 112.8 112.8 112.8 112.8 112.8 112.8 112.8 112.8 112.8 112.8 112.8 112.8 112.8 112.8 112.8 112.8 112.8 112.8 112.8 112.8 112.8 112.8 
140.1 140.1 140.1 140.1 140.1 140.1 140.1 140.1 140.1 140.1 140.1 127.6 127.6 127.6 127.6 127.6 127.6 127.6 127.6 127.6 127.6 127.6 127.6 127.6 127.6 127.6 127.6 127.6 127.6 127.6 127.6 127.6 127.6 127.6 127.6 127.6 127.6 127.6 127.6 127.6 127.6 127.6 127.6 127.6 127.6 127.6 127.6 127.6 127.6 127.6 127.6 127.6 127.6 127.6 127.6 127.6 127.6 127.6 127.6 127.6 127.6 127.6 127.6 127.6 127.6 127.6 127.6 127.6 127.6 127.6 127.6 112.8 112.8 112.8 112.8 112.8 112.8 112.8 112.8 112.8 112.8 112.8 112.8 112.8 112.8 112.8 112.8 112.8 112.8 112.8 112.8 112.8 112.8 112.8 112.8 112.8 112.8 112.8 112.8 112.8 
140.1 140.1 140.1 140.1 140.1 140.1 140.1 140.1 140.1 140.1 140.1 127.6 127.6 127.6 127.6 127.6 127.6 127.6 127.6 127.6 127.6 127.6 127.6 127.6 127.6 127.6 127.6 127.6 127.6 127.6 127.6 127.6 127.6 127.6 127.6 127.6 127.6 127.6 127.6 127.6 127.6 127.6 127.6 127.6 127.6 127.6 127.6 127.6 127.6 127.6 127.6 127.6 127.6 127.6 127.6 127.6 127.6 127.6 127.6 127.6 127.6 127.6 127.6 127.6 127.6 127.6 127.6 127.6 127.6 127.6 127.6 112.8 112.8 112.8 112.8 112.8 112.8 112.8 112.8 112.8 112.8 112.8 112.8 112.8 112.8 112.8 112.8 112.8 112.8 112.8 112.8 112.8 112.8 112.8 112.8 112.8 112.8 112.8 112.8 112.8 
140.1 140.1 140.1 140.1 140.1 140.1 140.1 140.1 140.1 140.1 140.1 127.6 127.6 127.6 127.6 127.6 127.6 127.6 127.6 127.6 127.6 127.6 127.6 127.6 127.6 127.6 127.6 127.6 127.6 127.6 127.6 127.6 127.6 127.6 127.6 127.6 127.6 127.6 127.6 127.6 127.6 127.6 127.6 127.6 127.6 127.6 127.6 127.6 127.6 127.6 127.6 127.6 127.6 127.6 127.6 127.6 127.6 127.6 127.6 127.6 127.6 127.6 127.6 127.6 127.6 127.6 127.6 127.6 127.6 127.6 127.6 112.8 112.8 112.8 112.8 112.8 112.8 112.8 112.8 112.8 112.8 112.8 112.8 112.8 112.8 112.8 112.8 112.8 112.8 112.8 112.8 112.8 112.8 112.8 112.8 112.8 112.8 112.8 112.8 112.8 
140.1 140.1 140.1 140.1 140.1 140.1 140.1 140.1 140.1 140.1 140.1 127.6 127.6 127.6 127.6 127.6 127.6 127.6 127.6 127.6 127.6 127.6 127.6 127.6 127.6 127.6 127.6 127.6 127.6 127.6 127.6 127.6 127.6 127.6 127.6 127.6 127.6 127.6 127.6 127.6 127.6 127.6 127.6 127.6 127.6 127.6 127.6 127.6 127.6 127.6 127.6 127.6 127.6 127.6 127.6 127.6 127.6 127.6 127.6 127.6 127.6 127.6 127.6 127.6 127.6 127.6 127.6 127.6 127.6 127.6 127.6 112.8 112.8 112.8 112.8 112.8 112.8 112.8 112.8 112.8 112.8 112.8 112.8 112.8 112.8 112.8 112.8 112.8 112.8 112.8 112.8 112.8 112.8 112.8 112.8 112.8 112.8 112.8 112.8 112.8 
140.1 140.1 140.1 140.1 140.1 140.1 140.1 140.1 140.1 140.1 140.1 127.6 127.6 127.6 127.6 127.6 127.6 127.6 127.6 127.6 127.6 127.6 127.6 127.6 127.6 127.6 127.6 127.6 127.6 127.6 127.6 127.6 127.6 127.6 127.6 127.6 127.6 127.6 127.6 127.6 127.6 127.6 127.6 127.6 127.6 127.6 127.6 127.6 127.6 127.6 127.6 127.6 127.6 127.6 127.6 127.6 127.6 127.6 127.6 127.6 127.6 127.6 127.6 127.6 127.6 127.6 127.6 127.6 127.6 127.6 127.6 112.8 112.8 112.8 112.8 112.8 112.8 112.8 112.8 112.8 112.8 112.8 112.8 112.8 112.8 112.8 112.8 112.8 112.8 112.8 112.8 112.8 112.8 112.8 112.8 112.8 112.8 112.8 112.8 112.8 
140.1 140.1 140.1 140.1 140.1 140.1 140.1 140.1 140.1 140.1 140.1 127.6 127.6 127.6 127.6 127.6 127.6 127.6 127.6 127.6 127.6 127.6 127.6 127.6 127.6 127.6 127.6 127.6 127.6 127.6 127.6 127.6 127.6 127.6 127.6 127.6 127.6 127.6 127.6 127.6 127.6 127.6 127.6 127.6 127.6 127.6 127.6 127.6 127.6 127.6 127.6 127.6 127.6 127.6 127.6 127.6 127.6 127.6 127.6 127.6 127.6 127.6 127.6 127.6 127.6 127.6 127.6 127.6 127.6 127.6 127.6 112.8 112.8 112.8 112.8 112.8 112.8 112.8 112.8 112.8 112.8 112.8 112.8 112.8 112.8 112.8 112.8 112.8 112.8 112.8 112.8 112.8 112.8 112.8 112.8 112.8 112.8 112.8 112.8 112.8 
140.1 140.1 140.1 140.1 140.1 140.1 140.1 140.1 140.1 140.1 140.1 127.6 127.6 127.6 127.6 127.6 127.6 127.6 127.6 127.6 127.6 127.6 127.6 127.6 127.6 127.6 127.6 127.6 127.6 127.6 127.6 127.6 127.6 127.6 127.6 127.6 127.6 127.6 127.6 127.6 127.6 127.6 127.6 127.6 127.6 127.6 127.6 127.6 127.6 127.6 127.6 127.6 127.6 127.6 127.6 127.6 127.6 127.6 127.6 127.6 127.6 127.6 127.6 127.6 127.6 127.6 127.6 127.6 127.6 127.6 127.6 112.8 112.8 112.8 112.8 112.8 112.8 112.8 112.8 112.8 112.8 112.8 112.8 112.8 112.8 112.8 112.8 112.8 112.8 112.8 112.8 112.8 112.8 112.8 112.8 112.8 112.8 112.8 112.8 112.8 
140.1 140.1 140.1 140.1 140.1 140.1 140.1 140.1 140.1 140.1 140.1 127.6 127.6 127.6 127.6 127.6 127.6 127.6 127.6 127.6 127.6 127.6 127.6 127.6 127.6 127.6 127.6 127.6 127.6 127.6 127.6 127.6 127.6 127.6 127.6 127.6 127.6 127.6 127.6 127.6 127.6 127.6 127.6 127.6 127.6 127.6 127.6 127.6 127.6 127.6 127.6 127.6 127.6 127.6 127.6 127.6 127.6 127.6 127.6 127.6 127.6 127.6 127.6 127.6 127.6 127.6 127.6 127.6 127.6 127.6 127.6 112.8 112.8 112.8 112.8 112.8 112.8 112.8 112.8 112.8 112.8 112.8 112.8 112.8 112.8 112.8 112.8 112.8 112.8 112.8 112.8 112.8 112.8 112.8 112.8 112.8 112.8 112.8 112.8 112.8 
140.1 140.1 140.1 140.1 140.1 140.1 140.1 140.1 140.1 140.1 140.1 127.6 127.6 127.6 127.6 127.6 127.6 127.6 127.6 127.6 127.6 127.6 127.6 127.6 127.6 127.6 127.6 127.6 127.6 127.6 127.6 127.6 127.6 127.6 127.6 127.6 127.6 127.6 127.6 127.6 127.6 127.6 127.6 127.6 127.6 127.6 127.6 127.6 127.6 127.6 127.6 127.6 127.6 127.6 127.6 127.6 127.6 127.6 127.6 127.6 127.6 127.6 127.6 127.6 127.6 127.6 127.6 127.6 127.6 127.6 127.6 112.8 112.8 112.8 112.8 112.8 112.8 112.8 112.8 112.8 112.8 112.8 112.8 112.8 112.8 112.8 112.8 112.8 112.8 112.8 112.8 112.8 112.8 112.8 112.8 112.8 112.8 112.8 112.8 112.8 
140.1 140.1 140.1 140.1 140.1 140.1 140.1 140.1 140.1 140.1 140.1 127.6 127.6 127.6 127.6 127.6 127.6 127.6 127.6 127.6 127.6 127.6 127.6 127.6 127.6 127.6 127.6 127.6 127.6 127.6 127.6 127.6 127.6 127.6 127.6 127.6 127.6 127.6 127.6 127.6 127.6 127.6 127.6 127.6 127.6 127.6 127.6 127.6 127.6 127.6 127.6 127.6 127.6 127.6 127.6 127.6 127.6 127.6 127.6 127.6 127.6 127.6 127.6 127.6 127.6 127.6 127.6 127.6 127.6 127.6 127.6 112.8 112.8 112.8 112.8 112.8 112.8 112.8 112.8 112.8 112.8 112.8 112.8 112.8 112.8 112.8 112.8 112.8 112.8 112.8 112.8 112.8 112.8 112.8 112.8 112.8 112.8 112.8 112.8 112.8 
140.1 140.1 140.1 140.1 140.1 140.1 140.1 140.1 140.1 140.1 140.1 127.6 127.6 127.6 127.6 127.6 127.6 127.6 127.6 127.6 127.6 127.6 127.6 127.6 127.6 127.6 127.6 127.6 127.6 127.6 127.6 127.6 127.6 127.6 127.6 127.6 127.6 127.6 127.6 127.6 127.6 127.6 127.6 127.6 127.6 127.6 127.6 127.6 127.6 127.6 127.6 127.6 127.6 127.6 127.6 127.6 127.6 127.6 127.6 127.6 127.6 127.6 127.6 127.6 127.6 127.6 127.6 127.6 127.6 127.6 127.6 112.8 112.8 112.8 112.8 112.8 112.8 112.8 112.8 112.8 112.8 112.8 112.8 112.8 112.8 112.8 112.8 112.8 112.8 112.8 112.8 112.8 112.8 112.8 112.8 112.8 112.8 112.8 112.8 112.8 
140.1 140.1 140.1 140.1 140.1 140.1 140.1 140.1 140.1 140.1 140.1 127.6 127.6 127.6 127.6 127.6 127.6 127.6 127.6 127.6 127.6 127.6 127.6 127.6 127.6 127.6 127.6 127.6 127.6 127.6 127.6 127.6 127.6 127.6 127.6 127.6 127.6 127.6 127.6 127.6 127.6 127.6 127.6 127.6 127.6 127.6 127.6 127.6 127.6 127.6 127.6 127.6 127.6 127.6 127.6 127.6 127.6 127.6 127.6 127.6 127.6 127.6 127.6 127.6 127.6 127.6 127.6 127.6 127.6 127.6 127.6 112.8 112.8 112.8 112.8 112.8 112.8 112.8 112.8 112.8 112.8 112.8 112.8 112.8 112.8 112.8 112.8 112.8 112.8 112.8 112.8 112.8 112.8 112.8 112.8 112.8 112.8 112.8 112.8 112.8 
140.1 140.1 140.1 140.1 140.1 140.1 140.1 140.1 140.1 140.1 140.1 127.6 127.6 127.6 127.6 127.6 127.6 127.6 127.6 127.6 127.6 127.6 127.6 127.6 127.6 127.6 127.6 127.6 127.6 127.6 127.6 127.6 127.6 127.6 127.6 127.6 127.6 127.6 127.6 127.6 127.6 127.6 127.6 127.6 127.6 127.6 127.6 127.6 127.6 127.6 127.6 127.6 127.6 127.6 127.6 127.6 127.6 127.6 127.6 127.6 127.6 127.6 127.6 127.6 127.6 127.6 127.6 127.6 127.6 127.6 127.6 112.8 112.8 112.8 112.8 112.8 112.8 112.8 112.8 112.8 112.8 112.8 112.8 112.8 112.8 112.8 112.8 112.8 112.8 112.8 112.8 112.8 112.8 112.8 112.8 112.8 112.8 112.8 112.8 112.8 
140.1 140.1 140.1 140.1 140.1 140.1 140.1 140.1 140.1 140.1 140.1 127.6 127.6 127.6 127.6 127.6 127.6 127.6 127.6 127.6 127.6 127.6 127.6 127.6 127.6 127.6 127.6 127.6 127.6 127.6 127.6 127.6 127.6 127.6 127.6 127.6 127.6 127.6 127.6 127.6 127.6 127.6 127.6 127.6 127.6 127.6 127.6 127.6 127.6 127.6 127.6 127.6 127.6 127.6 127.6 127.6 127.6 127.6 127.6 127.6 127.6 127.6 127.6 127.6 127.6 127.6 127.6 127.6 127.6 127.6 127.6 112.8 112.8 112.8 112.8 112.8 112.8 112.8 112.8 112.8 112.8 112.8 112.8 112.8 112.8 112.8 112.8 112.8 112.8 112.8 112.8 112.8 112.8 112.8 112.8 112.8 112.8 112.8 112.8 112.8 
140.1 140.1 140.1 140.1 140.1 140.1 140.1 140.1 140.1 140.1 140.1 127.6 127.6 127.6 127.6 127.6 127.6 127.6 127.6 127.6 127.6 127.6 127.6 127.6 127.6 127.6 127.6 127.6 127.6 127.6 127.6 127.6 127.6 127.6 127.6 127.6 127.6 127.6 127.6 127.6 127.6 127.6 127.6 127.6 127.6 127.6 127.6 127.6 127.6 127.6 127.6 127.6 127.6 127.6 127.6 127.6 127.6 127.6 127.6 127.6 127.6 127.6 127.6 127.6 127.6 127.6 127.6 127.6 127.6 127.6 127.6 112.8 112.8 112.8 112.8 112.8 112.8 112.8 112.8 112.8 112.8 112.8 112.8 112.8 112.8 112.8 112.8 112.8 112.8 112.8 112.8 112.8 112.8 112.8 112.8 112.8 112.8 112.8 112.8 112.8 
173.4 173.4 173.4 173.4 173.4 173.4 173.4 173.4 173.4 173.4 173.4 160.3 160.3 160.3 160.3 160.3 160.3 160.3 160.3 160.3 160.3 160.3 160.3 160.3 160.3 160.3 160.3 160.3 160.3 160.3 160.3 160.3 160.3 160.3 160.3 160.3 160.3 160.3 160.3 160.3 160.3 160.3 160.3 160.3 160.3 160.3 160.3 160.3 160.3 160.3 160.3 160.3 160.3 160.3 160.3 160.3 160.3 160.3 160.3 160.3 160.3 160.3 160.3 160.3 160.3 160.3 160.3 160.3 160.3 160.3 160.3 139.3 139.3 139.3 139.3 139.3 139.3 139.3 139.3 139.3 139.3 139.3 139.3 139.3 139.3 139.3 139.3 139.3 139.3 139.3 139.3 139.3 139.3 139.3 139.3 139.3 139.3 139.3 139.3 139.3 
173.4 173.4 173.4 173.4 173.4 173.4 173.4 173.4 173.4 173.4 173.4 160.3 160.3 160.3 160.3 160.3 160.3 160.3 160.3 160.3 160.3 160.3 160.3 160.3 160.3 160.3 160.3 160.3 160.3 160.3 160.3 160.3 160.3 160.3 160.3 160.3 160.3 160.3 160.3 160.3 160.3 160.3 160.3 160.3 160.3 160.3 160.3 160.3 160.3 160.3 160.3 160.3 160.3 160.3 160.3 160.3 160.3 160.3 160.3 160.3 160.3 160.3 160.3 160.3 160.3 160.3 160.3 160.3 160.3 160.3 160.3 139.3 139.3 139.3 139.3 139.3 139.3 139.3 139.3 139.3 139.3 139.3 139.3 139.3 139.3 139.3 139.3 139.3 139.3 139.3 139.3 139.3 139.3 139.3 139.3 139.3 139.3 139.3 139.3 139.3 
173.4 173.4 173.4 173.4 173.4 173.4 173.4 173.4 173.4 173.4 173.4 160.3 160.3 160.3 160.3 160.3 160.3 160.3 160.3 160.3 160.3 160.3 160.3 160.3 160.3 160.3 160.3 160.3 160.3 160.3 160.3 160.3 160.3 160.3 160.3 160.3 160.3 160.3 160.3 160.3 160.3 160.3 160.3 160.3 160.3 160.3 160.3 160.3 160.3 160.3 160.3 160.3 160.3 160.3 160.3 160.3 160.3 160.3 160.3 160.3 160.3 160.3 160.3 160.3 160.3 160.3 160.3 160.3 160.3 160.3 160.3 139.3 139.3 139.3 139.3 139.3 139.3 139.3 139.3 139.3 139.3 139.3 139.3 139.3 139.3 139.3 139.3 139.3 139.3 139.3 139.3 139.3 139.3 139.3 139.3 139.3 139.3 139.3 139.3 139.3 
173.4 173.4 173.4 173.4 173.4 173.4 173.4 173.4 173.4 173.4 173.4 160.3 160.3 160.3 160.3 160.3 160.3 160.3 160.3 160.3 160.3 160.3 160.3 160.3 160.3 160.3 160.3 160.3 160.3 160.3 160.3 160.3 160.3 160.3 160.3 160.3 160.3 160.3 160.3 160.3 160.3 160.3 160.3 160.3 160.3 160.3 160.3 160.3 160.3 160.3 160.3 160.3 160.3 160.3 160.3 160.3 160.3 160.3 160.3 160.3 160.3 160.3 160.3 160.3 160.3 160.3 160.3 160.3 160.3 160.3 160.3 139.3 139.3 139.3 139.3 139.3 139.3 139.3 139.3 139.3 139.3 139.3 139.3 139.3 139.3 139.3 139.3 139.3 139.3 139.3 139.3 139.3 139.3 139.3 139.3 139.3 139.3 139.3 139.3 139.3 
173.4 173.4 173.4 173.4 173.4 173.4 173.4 173.4 173.4 173.4 173.4 160.3 160.3 160.3 160.3 160.3 160.3 160.3 160.3 160.3 160.3 160.3 160.3 160.3 160.3 160.3 160.3 160.3 160.3 160.3 160.3 160.3 160.3 160.3 160.3 160.3 160.3 160.3 160.3 160.3 160.3 160.3 160.3 160.3 160.3 160.3 160.3 160.3 160.3 160.3 160.3 160.3 160.3 160.3 160.3 160.3 160.3 160.3 160.3 160.3 160.3 160.3 160.3 160.3 160.3 160.3 160.3 160.3 160.3 160.3 160.3 139.3 139.3 139.3 139.3 139.3 139.3 139.3 139.3 139.3 139.3 139.3 139.3 139.3 139.3 139.3 139.3 139.3 139.3 139.3 139.3 139.3 139.3 139.3 139.3 139.3 139.3 139.3 139.3 139.3 
173.4 173.4 173.4 173.4 173.4 173.4 173.4 173.4 173.4 173.4 173.4 160.3 160.3 160.3 160.3 160.3 160.3 160.3 160.3 160.3 160.3 160.3 160.3 160.3 160.3 160.3 160.3 160.3 160.3 160.3 160.3 160.3 160.3 160.3 160.3 160.3 160.3 160.3 160.3 160.3 160.3 160.3 160.3 160.3 160.3 160.3 160.3 160.3 160.3 160.3 160.3 160.3 160.3 160.3 160.3 160.3 160.3 160.3 160.3 160.3 160.3 160.3 160.3 160.3 160.3 160.3 160.3 160.3 160.3 160.3 160.3 139.3 139.3 139.3 139.3 139.3 139.3 139.3 139.3 139.3 139.3 139.3 139.3 139.3 139.3 139.3 139.3 139.3 139.3 139.3 139.3 139.3 139.3 139.3 139.3 139.3 139.3 139.3 139.3 139.3 
173.4 173.4 173.4 173.4 173.4 173.4 173.4 173.4 173.4 173.4 173.4 160.3 160.3 160.3 160.3 160.3 160.3 160.3 160.3 160.3 160.3 160.3 160.3 160.3 160.3 160.3 160.3 160.3 160.3 160.3 160.3 160.3 160.3 160.3 160.3 160.3 160.3 160.3 160.3 160.3 160.3 160.3 160.3 160.3 160.3 160.3 160.3 160.3 160.3 160.3 160.3 160.3 160.3 160.3 160.3 160.3 160.3 160.3 160.3 160.3 160.3 160.3 160.3 160.3 160.3 160.3 160.3 160.3 160.3 160.3 160.3 139.3 139.3 139.3 139.3 139.3 139.3 139.3 139.3 139.3 139.3 139.3 139.3 139.3 139.3 139.3 139.3 139.3 139.3 139.3 139.3 139.3 139.3 139.3 139.3 139.3 139.3 139.3 139.3 139.3 
173.4 173.4 173.4 173.4 173.4 173.4 173.4 173.4 173.4 173.4 173.4 160.3 160.3 160.3 160.3 160.3 160.3 160.3 160.3 160.3 160.3 160.3 160.3 160.3 160.3 160.3 160.3 160.3 160.3 160.3 160.3 160.3 160.3 160.3 160.3 160.3 160.3 160.3 160.3 160.3 160.3 160.3 160.3 160.3 160.3 160.3 160.3 160.3 160.3 160.3 160.3 160.3 160.3 160.3 160.3 160.3 160.3 160.3 160.3 160.3 160.3 160.3 160.3 160.3 160.3 160.3 160.3 160.3 160.3 160.3 160.3 139.3 139.3 139.3 139.3 139.3 139.3 139.3 139.3 139.3 139.3 139.3 139.3 139.3 139.3 139.3 139.3 139.3 139.3 139.3 139.3 139.3 139.3 139.3 139.3 139.3 139.3 139.3 139.3 139.3 
173.4 173.4 173.4 173.4 173.4 173.4 173.4 173.4 173.4 173.4 173.4 160.3 160.3 160.3 160.3 160.3 160.3 160.3 160.3 160.3 160.3 160.3 160.3 160.3 160.3 160.3 160.3 160.3 160.3 160.3 160.3 160.3 160.3 160.3 160.3 160.3 160.3 160.3 160.3 160.3 160.3 160.3 160.3 160.3 160.3 160.3 160.3 160.3 160.3 160.3 160.3 160.3 160.3 160.3 160.3 160.3 160.3 160.3 160.3 160.3 160.3 160.3 160.3 160.3 160.3 160.3 160.3 160.3 160.3 160.3 160.3 139.3 139.3 139.3 139.3 139.3 139.3 139.3 139.3 139.3 139.3 139.3 139.3 139.3 139.3 139.3 139.3 139.3 139.3 139.3 139.3 139.3 139.3 139.3 139.3 139.3 139.3 139.3 139.3 139.3 
173.4 173.4 173.4 173.4 173.4 173.4 173.4 173.4 173.4 173.4 173.4 160.3 160.3 160.3 160.3 160.3 160.3 160.3 160.3 160.3 160.3 160.3 160.3 160.3 160.3 160.3 160.3 160.3 160.3 160.3 160.3 160.3 160.3 160.3 160.3 160.3 160.3 160.3 160.3 160.3 160.3 160.3 160.3 160.3 160.3 160.3 160.3 160.3 160.3 160.3 160.3 160.3 160.3 160.3 160.3 160.3 160.3 160.3 160.3 160.3 160.3 160.3 160.3 160.3 160.3 160.3 160.3 160.3 160.3 160.3 160.3 139.3 139.3 139.3 139.3 139.3 139.3 139.3 139.3 139.3 139.3 139.3 139.3 139.3 139.3 139.3 139.3 139.3 139.3 139.3 139.3 139.3 139.3 139.3 139.3 139.3 139.3 139.3 139.3 139.3 
173.4 173.4 173.4 173.4 173.4 173.4 173.4 173.4 173.4 173.4 173.4 160.3 160.3 160.3 160.3 160.3 160.3 160.3 160.3 160.3 160.3 160.3 160.3 160.3 160.3 160.3 160.3 160.3 160.3 160.3 160.3 160.3 160.3 160.3 160.3 160.3 160.3 160.3 160.3 160.3 160.3 160.3 160.3 160.3 160.3 160.3 160.3 160.3 160.3 160.3 160.3 160.3 160.3 160.3 160.3 160.3 160.3 160.3 160.3 160.3 160.3 160.3 160.3 160.3 160.3 160.3 160.3 160.3 160.3 160.3 160.3 139.3 139.3 139.3 139.3 139.3 139.3 139.3 139.3 139.3 139.3 139.3 139.3 139.3 139.3 139.3 139.3 139.3 139.3 139.3 139.3 139.3 139.3 139.3 139.3 139.3 139.3 139.3 139.3 139.3 
173.4 173.4 173.4 173.4 173.4 173.4 173.4 173.4 173.4 173.4 173.4 160.3 160.3 160.3 160.3 160.3 160.3 160.3 160.3 160.3 160.3 160.3 160.3 160.3 160.3 160.3 160.3 160.3 160.3 160.3 160.3 160.3 160.3 160.3 160.3 160.3 160.3 160.3 160.3 160.3 160.3 160.3 160.3 160.3 160.3 160.3 160.3 160.3 160.3 160.3 160.3 160.3 160.3 160.3 160.3 160.3 160.3 160.3 160.3 160.3 160.3 160.3 160.3 160.3 160.3 160.3 160.3 160.3 160.3 160.3 160.3 139.3 139.3 139.3 139.3 139.3 139.3 139.3 139.3 139.3 139.3 139.3 139.3 139.3 139.3 139.3 139.3 139.3 139.3 139.3 139.3 139.3 139.3 139.3 139.3 139.3 139.3 139.3 139.3 139.3 
173.4 173.4 173.4 173.4 173.4 173.4 173.4 173.4 173.4 173.4 173.4 160.3 160.3 160.3 160.3 160.3 160.3 160.3 160.3 160.3 160.3 160.3 160.3 160.3 160.3 160.3 160.3 160.3 160.3 160.3 160.3 160.3 160.3 160.3 160.3 160.3 160.3 160.3 160.3 160.3 160.3 160.3 160.3 160.3 160.3 160.3 160.3 160.3 160.3 160.3 160.3 160.3 160.3 160.3 160.3 160.3 160.3 160.3 160.3 160.3 160.3 160.3 160.3 160.3 160.3 160.3 160.3 160.3 160.3 160.3 160.3 139.3 139.3 139.3 139.3 139.3 139.3 139.3 139.3 139.3 139.3 139.3 139.3 139.3 139.3 139.3 139.3 139.3 139.3 139.3 139.3 139.3 139.3 139.3 139.3 139.3 139.3 139.3 139.3 139.3 
173.4 173.4 173.4 173.4 173.4 173.4 173.4 173.4 173.4 173.4 173.4 160.3 160.3 160.3 160.3 160.3 160.3 160.3 160.3 160.3 160.3 160.3 160.3 160.3 160.3 160.3 160.3 160.3 160.3 160.3 160.3 160.3 160.3 160.3 160.3 160.3 160.3 160.3 160.3 160.3 160.3 160.3 160.3 160.3 160.3 160.3 160.3 160.3 160.3 160.3 160.3 160.3 160.3 160.3 160.3 160.3 160.3 160.3 160.3 160.3 160.3 160.3 160.3 160.3 160.3 160.3 160.3 160.3 160.3 160.3 160.3 139.3 139.3 139.3 139.3 139.3 139.3 139.3 139.3 139.3 139.3 139.3 139.3 139.3 139.3 139.3 139.3 139.3 139.3 139.3 139.3 139.3 139.3 139.3 139.3 139.3 139.3 139.3 139.3 139.3 
173.4 173.4 173.4 173.4 173.4 173.4 173.4 173.4 173.4 173.4 173.4 160.3 160.3 160.3 160.3 160.3 160.3 160.3 160.3 160.3 160.3 160.3 160.3 160.3 160.3 160.3 160.3 160.3 160.3 160.3 160.3 160.3 160.3 160.3 160.3 160.3 160.3 160.3 160.3 160.3 160.3 160.3 160.3 160.3 160.3 160.3 160.3 160.3 160.3 160.3 160.3 160.3 160.3 160.3 160.3 160.3 160.3 160.3 160.3 160.3 160.3 160.3 160.3 160.3 160.3 160.3 160.3 160.3 160.3 160.3 160.3 139.3 139.3 139.3 139.3 139.3 139.3 139.3 139.3 139.3 139.3 139.3 139.3 139.3 139.3 139.3 139.3 139.3 139.3 139.3 139.3 139.3 139.3 139.3 139.3 139.3 139.3 139.3 139.3 139.3 
173.4 173.4 173.4 173.4 173.4 173.4 173.4 173.4 173.4 173.4 173.4 160.3 160.3 160.3 160.3 160.3 160.3 160.3 160.3 160.3 160.3 160.3 160.3 160.3 160.3 160.3 160.3 160.3 160.3 160.3 160.3 160.3 160.3 160.3 160.3 160.3 160.3 160.3 160.3 160.3 160.3 160.3 160.3 160.3 160.3 160.3 160.3 160.3 160.3 160.3 160.3 160.3 160.3 160.3 160.3 160.3 160.3 160.3 160.3 160.3 160.3 160.3 160.3 160.3 160.3 160.3 160.3 160.3 160.3 160.3 160.3 139.3 139.3 139.3 139.3 139.3 139.3 139.3 139.3 139.3 139.3 139.3 139.3 139.3 139.3 139.3 139.3 139.3 139.3 139.3 139.3 139.3 139.3 139.3 139.3 139.3 139.3 139.3 139.3 139.3 
173.4 173.4 173.4 173.4 173.4 173.4 173.4 173.4 173.4 173.4 173.4 160.3 160.3 160.3 160.3 160.3 160.3 160.3 160.3 160.3 160.3 160.3 160.3 160.3 160.3 160.3 160.3 160.3 160.3 160.3 160.3 160.3 160.3 160.3 160.3 160.3 160.3 160.3 160.3 160.3 160.3 160.3 160.3 160.3 160.3 160.3 160.3 160.3 160.3 160.3 160.3 160.3 160.3 160.3 160.3 160.3 160.3 160.3 160.3 160.3 160.3 160.3 160.3 160.3 160.3 160.3 160.3 160.3 160.3 160.3 160.3 139.3 139.3 139.3 139.3 139.3 139.3 139.3 139.3 139.3 139.3 139.3 139.3 139.3 139.3 139.3 139.3 139.3 139.3 139.3 139.3 139.3 139.3 139.3 139.3 139.3 139.3 139.3 139.3 139.3 
173.4 173.4 173.4 173.4 173.4 173.4 173.4 173.4 173.4 173.4 173.4 160.3 160.3 160.3 160.3 160.3 160.3 160.3 160.3 160.3 160.3 160.3 160.3 160.3 160.3 160.3 160.3 160.3 160.3 160.3 160.3 160.3 160.3 160.3 160.3 160.3 160.3 160.3 160.3 160.3 160.3 160.3 160.3 160.3 160.3 160.3 160.3 160.3 160.3 160.3 160.3 160.3 160.3 160.3 160.3 160.3 160.3 160.3 160.3 160.3 160.3 160.3 160.3 160.3 160.3 160.3 160.3 160.3 160.3 160.3 160.3 139.3 139.3 139.3 139.3 139.3 139.3 139.3 139.3 139.3 139.3 139.3 139.3 139.3 139.3 139.3 139.3 139.3 139.3 139.3 139.3 139.3 139.3 139.3 139.3 139.3 139.3 139.3 139.3 139.3 
173.4 173.4 173.4 173.4 173.4 173.4 173.4 173.4 173.4 173.4 173.4 160.3 160.3 160.3 160.3 160.3 160.3 160.3 160.3 160.3 160.3 160.3 160.3 160.3 160.3 160.3 160.3 160.3 160.3 160.3 160.3 160.3 160.3 160.3 160.3 160.3 160.3 160.3 160.3 160.3 160.3 160.3 160.3 160.3 160.3 160.3 160.3 160.3 160.3 160.3 160.3 160.3 160.3 160.3 160.3 160.3 160.3 160.3 160.3 160.3 160.3 160.3 160.3 160.3 160.3 160.3 160.3 160.3 160.3 160.3 160.3 139.3 139.3 139.3 139.3 139.3 139.3 139.3 139.3 139.3 139.3 139.3 139.3 139.3 139.3 139.3 139.3 139.3 139.3 139.3 139.3 139.3 139.3 139.3 139.3 139.3 139.3 139.3 139.3 139.3 
173.4 173.4 173.4 173.4 173.4 173.4 173.4 173.4 173.4 173.4 173.4 160.3 160.3 160.3 160.3 160.3 160.3 160.3 160.3 160.3 160.3 160.3 160.3 160.3 160.3 160.3 160.3 160.3 160.3 160.3 160.3 160.3 160.3 160.3 160.3 160.3 160.3 160.3 160.3 160.3 160.3 160.3 160.3 160.3 160.3 160.3 160.3 160.3 160.3 160.3 160.3 160.3 160.3 160.3 160.3 160.3 160.3 160.3 160.3 160.3 160.3 160.3 160.3 160.3 160.3 160.3 160.3 160.3 160.3 160.3 160.3 139.3 139.3 139.3 139.3 139.3 139.3 139.3 139.3 139.3 139.3 139.3 139.3 139.3 139.3 139.3 139.3 139.3 139.3 139.3 139.3 139.3 139.3 139.3 139.3 139.3 139.3 139.3 139.3 139.3 
173.4 173.4 173.4 173.4 173.4 173.4 173.4 173.4 173.4 173.4 173.4 160.3 160.3 160.3 160.3 160.3 160.3 160.3 160.3 160.3 160.3 160.3 160.3 160.3 160.3 160.3 160.3 160.3 160.3 160.3 160.3 160.3 160.3 160.3 160.3 160.3 160.3 160.3 160.3 160.3 160.3 160.3 160.3 160.3 160.3 160.3 160.3 160.3 160.3 160.3 160.3 160.3 160.3 160.3 160.3 160.3 160.3 160.3 160.3 160.3 160.3 160.3 160.3 160.3 160.3 160.3 160.3 160.3 160.3 160.3 160.3 139.3 139.3 139.3 139.3 139.3 139.3 139.3 139.3 139.3 139.3 139.3 139.3 139.3 139.3 139.3 139.3 139.3 139.3 139.3 139.3 139.3 139.3 139.3 139.3 139.3 139.3 139.3 139.3 139.3 
173.4 173.4 173.4 173.4 173.4 173.4 173.4 173.4 173.4 173.4 173.4 160.3 160.3 160.3 160.3 160.3 160.3 160.3 160.3 160.3 160.3 160.3 160.3 160.3 160.3 160.3 160.3 160.3 160.3 160.3 160.3 160.3 160.3 160.3 160.3 160.3 160.3 160.3 160.3 160.3 160.3 160.3 160.3 160.3 160.3 160.3 160.3 160.3 160.3 160.3 160.3 160.3 160.3 160.3 160.3 160.3 160.3 160.3 160.3 160.3 160.3 160.3 160.3 160.3 160.3 160.3 160.3 160.3 160.3 160.3 160.3 139.3 139.3 139.3 139.3 139.3 139.3 139.3 139.3 139.3 139.3 139.3 139.3 139.3 139.3 139.3 139.3 139.3 139.3 139.3 139.3 139.3 139.3 139.3 139.3 139.3 139.3 139.3 139.3 139.3 
173.4 173.4 173.4 173.4 173.4 173.4 173.4 173.4 173.4 173.4 173.4 160.3 160.3 160.3 160.3 160.3 160.3 160.3 160.3 160.3 160.3 160.3 160.3 160.3 160.3 160.3 160.3 160.3 160.3 160.3 160.3 160.3 160.3 160.3 160.3 160.3 160.3 160.3 160.3 160.3 160.3 160.3 160.3 160.3 160.3 160.3 160.3 160.3 160.3 160.3 160.3 160.3 160.3 160.3 160.3 160.3 160.3 160.3 160.3 160.3 160.3 160.3 160.3 160.3 160.3 160.3 160.3 160.3 160.3 160.3 160.3 139.3 139.3 139.3 139.3 139.3 139.3 139.3 139.3 139.3 139.3 139.3 139.3 139.3 139.3 139.3 139.3 139.3 139.3 139.3 139.3 139.3 139.3 139.3 139.3 139.3 139.3 139.3 139.3 139.3 
173.4 173.4 173.4 173.4 173.4 173.4 173.4 173.4 173.4 173.4 173.4 160.3 160.3 160.3 160.3 160.3 160.3 160.3 160.3 160.3 160.3 160.3 160.3 160.3 160.3 160.3 160.3 160.3 160.3 160.3 160.3 160.3 160.3 160.3 160.3 160.3 160.3 160.3 160.3 160.3 160.3 160.3 160.3 160.3 160.3 160.3 160.3 160.3 160.3 160.3 160.3 160.3 160.3 160.3 160.3 160.3 160.3 160.3 160.3 160.3 160.3 160.3 160.3 160.3 160.3 160.3 160.3 160.3 160.3 160.3 160.3 139.3 139.3 139.3 139.3 139.3 139.3 139.3 139.3 139.3 139.3 139.3 139.3 139.3 139.3 139.3 139.3 139.3 139.3 139.3 139.3 139.3 139.3 139.3 139.3 139.3 139.3 139.3 139.3 139.3 
173.4 173.4 173.4 173.4 173.4 173.4 173.4 173.4 173.4 173.4 173.4 160.3 160.3 160.3 160.3 160.3 160.3 160.3 160.3 160.3 160.3 160.3 160.3 160.3 160.3 160.3 160.3 160.3 160.3 160.3 160.3 160.3 160.3 160.3 160.3 160.3 160.3 160.3 160.3 160.3 160.3 160.3 160.3 160.3 160.3 160.3 160.3 160.3 160.3 160.3 160.3 160.3 160.3 160.3 160.3 160.3 160.3 160.3 160.3 160.3 160.3 160.3 160.3 160.3 160.3 160.3 160.3 160.3 160.3 160.3 160.3 139.3 139.3 139.3 139.3 139.3 139.3 139.3 139.3 139.3 139.3 139.3 139.3 139.3 139.3 139.3 139.3 139.3 139.3 139.3 139.3 139.3 139.3 139.3 139.3 139.3 139.3 139.3 139.3 139.3 
173.4 173.4 173.4 173.4 173.4 173.4 173.4 173.4 173.4 173.4 173.4 160.3 160.3 160.3 160.3 160.3 160.3 160.3 160.3 160.3 160.3 160.3 160.3 160.3 160.3 160.3 160.3 160.3 160.3 160.3 160.3 160.3 160.3 160.3 160.3 160.3 160.3 160.3 160.3 160.3 160.3 160.3 160.3 160.3 160.3 160.3 160.3 160.3 160.3 160.3 160.3 160.3 160.3 160.3 160.3 160.3 160.3 160.3 160.3 160.3 160.3 160.3 160.3 160.3 160.3 160.3 160.3 160.3 160.3 160.3 160.3 139.3 139.3 139.3 139.3 139.3 139.3 139.3 139.3 139.3 139.3 139.3 139.3 139.3 139.3 139.3 139.3 139.3 139.3 139.3 139.3 139.3 139.3 139.3 139.3 139.3 139.3 139.3 139.3 139.3 
173.4 173.4 173.4 173.4 173.4 173.4 173.4 173.4 173.4 173.4 173.4 160.3 160.3 160.3 160.3 160.3 160.3 160.3 160.3 160.3 160.3 160.3 160.3 160.3 160.3 160.3 160.3 160.3 160.3 160.3 160.3 160.3 160.3 160.3 160.3 160.3 160.3 160.3 160.3 160.3 160.3 160.3 160.3 160.3 160.3 160.3 160.3 160.3 160.3 160.3 160.3 160.3 160.3 160.3 160.3 160.3 160.3 160.3 160.3 160.3 160.3 160.3 160.3 160.3 160.3 160.3 160.3 160.3 160.3 160.3 160.3 139.3 139.3 139.3 139.3 139.3 139.3 139.3 139.3 139.3 139.3 139.3 139.3 139.3 139.3 139.3 139.3 139.3 139.3 139.3 139.3 139.3 139.3 139.3 139.3 139.3 139.3 139.3 139.3 139.3 
173.4 173.4 173.4 173.4 173.4 173.4 173.4 173.4 173.4 173.4 173.4 160.3 160.3 160.3 160.3 160.3 160.3 160.3 160.3 160.3 160.3 160.3 160.3 160.3 160.3 160.3 160.3 160.3 160.3 160.3 160.3 160.3 160.3 160.3 160.3 160.3 160.3 160.3 160.3 160.3 160.3 160.3 160.3 160.3 160.3 160.3 160.3 160.3 160.3 160.3 160.3 160.3 160.3 160.3 160.3 160.3 160.3 160.3 160.3 160.3 160.3 160.3 160.3 160.3 160.3 160.3 160.3 160.3 160.3 160.3 160.3 139.3 139.3 139.3 139.3 139.3 139.3 139.3 139.3 139.3 139.3 139.3 139.3 139.3 139.3 139.3 139.3 139.3 139.3 139.3 139.3 139.3 139.3 139.3 139.3 139.3 139.3 139.3 139.3 139.3 
173.4 173.4 173.4 173.4 173.4 173.4 173.4 173.4 173.4 173.4 173.4 160.3 160.3 160.3 160.3 160.3 160.3 160.3 160.3 160.3 160.3 160.3 160.3 160.3 160.3 160.3 160.3 160.3 160.3 160.3 160.3 160.3 160.3 160.3 160.3 160.3 160.3 160.3 160.3 160.3 160.3 160.3 160.3 160.3 160.3 160.3 160.3 160.3 160.3 160.3 160.3 160.3 160.3 160.3 160.3 160.3 160.3 160.3 160.3 160.3 160.3 160.3 160.3 160.3 160.3 160.3 160.3 160.3 160.3 160.3 160.3 139.3 139.3 139.3 139.3 139.3 139.3 139.3 139.3 139.3 139.3 139.3 139.3 139.3 139.3 139.3 139.3 139.3 139.3 139.3 139.3 139.3 139.3 139.3 139.3 139.3 139.3 139.3 139.3 139.3 
173.4 173.4 173.4 173.4 173.4 173.4 173.4 173.4 173.4 173.4 173.4 160.3 160.3 160.3 160.3 160.3 160.3 160.3 160.3 160.3 160.3 160.3 160.3 160.3 160.3 160.3 160.3 160.3 160.3 160.3 160.3 160.3 160.3 160.3 160.3 160.3 160.3 160.3 160.3 160.3 160.3 160.3 160.3 160.3 160.3 160.3 160.3 160.3 160.3 160.3 160.3 160.3 160.3 160.3 160.3 160.3 160.3 160.3 160.3 160.3 160.3 160.3 160.3 160.3 160.3 160.3 160.3 160.3 160.3 160.3 160.3 139.3 139.3 139.3 139.3 139.3 139.3 139.3 139.3 139.3 139.3 139.3 139.3 139.3 139.3 139.3 139.3 139.3 139.3 139.3 139.3 139.3 139.3 139.3 139.3 139.3 139.3 139.3 139.3 139.3 
173.4 173.4 173.4 173.4 173.4 173.4 173.4 173.4 173.4 173.4 173.4 160.3 160.3 160.3 160.3 160.3 160.3 160.3 160.3 160.3 160.3 160.3 160.3 160.3 160.3 160.3 160.3 160.3 160.3 160.3 160.3 160.3 160.3 160.3 160.3 160.3 160.3 160.3 160.3 160.3 160.3 160.3 160.3 160.3 160.3 160.3 160.3 160.3 160.3 160.3 160.3 160.3 160.3 160.3 160.3 160.3 160.3 160.3 160.3 160.3 160.3 160.3 160.3 160.3 160.3 160.3 160.3 160.3 160.3 160.3 160.3 139.3 139.3 139.3 139.3 139.3 139.3 139.3 139.3 139.3 139.3 139.3 139.3 139.3 139.3 139.3 139.3 139.3 139.3 139.3 139.3 139.3 139.3 139.3 139.3 139.3 139.3 139.3 139.3 139.3 
