ncols         100
nrows         100
xllcorner     -59982.863281
yllcorner     1851083.022172
cellsize      1000
NODATA_value  -9999
132 132 132 132 132 132 132 132 132 132 132 128.1 128.1 128.1 128.1 128.1 128.1 128.1 128.1 128.1 128.1 128.1 128.1 128.1 128.1 128.1 128.1 128.1 128.1 128.1 128.1 128.1 128.1 128.1 128.1 128.1 128.1 128.1 128.1 128.1 128.1 128.1 128.1 128.1 128.1 128.1 128.1 128.1 128.1 128.1 128.1 128.1 128.1 128.1 128.1 128.1 128.1 128.1 128.1 128.1 128.1 128.1 128.1 128.1 128.1 128.1 128.1 128.1 128.1 128.1 128.1 115.4 115.4 115.4 115.4 115.4 115.4 115.4 115.4 115.4 115.4 115.4 115.4 115.4 115.4 115.4 115.4 115.4 115.4 115.4 115.4 115.4 115.4 115.4 115.4 115.4 115.4 115.4 115.4 115.4 
132 132 132 132 132 132 132 132 132 132 132 128.1 128.1 128.1 128.1 128.1 128.1 128.1 128.1 128.1 128.1 128.1 128.1 128.1 128.1 128.1 128.1 128.1 128.1 128.1 128.1 128.1 128.1 128.1 128.1 128.1 128.1 128.1 128.1 128.1 128.1 128.1 128.1 128.1 128.1 128.1 128.1 128.1 128.1 128.1 128.1 128.1 128.1 128.1 128.1 128.1 128.1 128.1 128.1 128.1 128.1 128.1 128.1 128.1 128.1 128.1 128.1 128.1 128.1 128.1 128.1 115.4 115.4 115.4 115.4 115.4 115.4 115.4 115.4 115.4 115.4 115.4 115.4 115.4 115.4 115.4 115.4 115.4 115.4 115.4 115.4 115.4 115.4 115.4 115.4 115.4 115.4 115.4 115.4 115.4 
132 132 132 132 132 132 132 132 132 132 132 128.1 128.1 128.1 128.1 128.1 128.1 128.1 128.1 128.1 128.1 128.1 128.1 128.1 128.1 128.1 128.1 128.1 128.1 128.1 128.1 128.1 128.1 128.1 128.1 128.1 128.1 128.1 128.1 128.1 128.1 128.1 128.1 128.1 128.1 128.1 128.1 128.1 128.1 128.1 128.1 128.1 128.1 128.1 128.1 128.1 128.1 128.1 128.1 128.1 128.1 128.1 128.1 128.1 128.1 128.1 128.1 128.1 128.1 128.1 128.1 115.4 115.4 115.4 115.4 115.4 115.4 115.4 115.4 115.4 115.4 115.4 115.4 115.4 115.4 115.4 115.4 115.4 115.4 115.4 115.4 115.4 115.4 115.4 115.4 115.4 115.4 115.4 115.4 115.4 
132 132 132 132 132 132 132 132 132 132 132 128.1 128.1 128.1 128.1 128.1 128.1 128.1 128.1 128.1 128.1 128.1 128.1 128.1 128.1 128.1 128.1 128.1 128.1 128.1 128.1 128.1 128.1 128.1 128.1 128.1 128.1 128.1 128.1 128.1 128.1 128.1 128.1 128.1 128.1 128.1 128.1 128.1 128.1 128.1 128.1 128.1 128.1 128.1 128.1 128.1 128.1 128.1 128.1 128.1 128.1 128.1 128.1 128.1 128.1 128.1 128.1 128.1 128.1 128.1 128.1 115.4 115.4 115.4 115.4 115.4 115.4 115.4 115.4 115.4 115.4 115.4 115.4 115.4 115.4 115.4 115.4 115.4 115.4 115.4 115.4 115.4 115.4 115.4 115.4 115.4 115.4 115.4 115.4 115.4 
132 132 132 132 132 132 132 132 132 132 132 128.1 128.1 128.1 128.1 128.1 128.1 128.1 128.1 128.1 128.1 128.1 128.1 128.1 128.1 128.1 128.1 128.1 128.1 128.1 128.1 128.1 128.1 128.1 128.1 128.1 128.1 128.1 128.1 128.1 128.1 128.1 128.1 128.1 128.1 128.1 128.1 128.1 128.1 128.1 128.1 128.1 128.1 128.1 128.1 128.1 128.1 128.1 128.1 128.1 128.1 128.1 128.1 128.1 128.1 128.1 128.1 128.1 128.1 128.1 128.1 115.4 115.4 115.4 115.4 115.4 115.4 115.4 115.4 115.4 115.4 115.4 115.4 115.4 115.4 115.4 115.4 115.4 115.4 115.4 115.4 115.4 115.4 115.4 115.4 115.4 115.4 115.4 115.4 115.4 
132 132 132 132 132 132 132 132 132 132 132 128.1 128.1 128.1 128.1 128.1 128.1 128.1 128.1 128.1 128.1 128.1 128.1 128.1 128.1 128.1 128.1 128.1 128.1 128.1 128.1 128.1 128.1 128.1 128.1 128.1 128.1 128.1 128.1 128.1 128.1 128.1 128.1 128.1 128.1 128.1 128.1 128.1 128.1 128.1 128.1 128.1 128.1 128.1 128.1 128.1 128.1 128.1 128.1 128.1 128.1 128.1 128.1 128.1 128.1 128.1 128.1 128.1 128.1 128.1 128.1 115.4 115.4 115.4 115.4 115.4 115.4 115.4 115.4 115.4 115.4 115.4 115.4 115.4 115.4 115.4 115.4 115.4 115.4 115.4 115.4 115.4 115.4 115.4 115.4 115.4 115.4 115.4 115.4 115.4 
132 132 132 132 132 132 132 132 132 132 132 128.1 128.1 128.1 128.1 128.1 128.1 128.1 128.1 128.1 128.1 128.1 128.1 128.1 128.1 128.1 128.1 128.1 128.1 128.1 128.1 128.1 128.1 128.1 128.1 128.1 128.1 128.1 128.1 128.1 128.1 128.1 128.1 128.1 128.1 128.1 128.1 128.1 128.1 128.1 128.1 128.1 128.1 128.1 128.1 128.1 128.1 128.1 128.1 128.1 128.1 128.1 128.1 128.1 128.1 128.1 128.1 128.1 128.1 128.1 128.1 115.4 115.4 115.4 115.4 115.4 115.4 115.4 115.4 115.4 115.4 115.4 115.4 115.4 115.4 115.4 115.4 115.4 115.4 115.4 115.4 115.4 115.4 115.4 115.4 115.4 115.4 115.4 115.4 115.4 
132 132 132 132 132 132 132 132 132 132 132 128.1 128.1 128.1 128.1 128.1 128.1 128.1 128.1 128.1 128.1 128.1 128.1 128.1 128.1 128.1 128.1 128.1 128.1 128.1 128.1 128.1 128.1 128.1 128.1 128.1 128.1 128.1 128.1 128.1 128.1 128.1 128.1 128.1 128.1 128.1 128.1 128.1 128.1 128.1 128.1 128.1 128.1 128.1 128.1 128.1 128.1 128.1 128.1 128.1 128.1 128.1 128.1 128.1 128.1 128.1 128.1 128.1 128.1 128.1 128.1 115.4 115.4 115.4 115.4 115.4 115.4 115.4 115.4 115.4 115.4 115.4 115.4 115.4 115.4 115.4 115.4 115.4 115.4 115.4 115.4 115.4 115.4 115.4 115.4 115.4 115.4 115.4 115.4 115.4 
132 132 132 132 132 132 132 132 132 132 132 128.1 128.1 128.1 128.1 128.1 128.1 128.1 128.1 128.1 128.1 128.1 128.1 128.1 128.1 128.1 128.1 128.1 128.1 128.1 128.1 128.1 128.1 128.1 128.1 128.1 128.1 128.1 128.1 128.1 128.1 128.1 128.1 128.1 128.1 128.1 128.1 128.1 128.1 128.1 128.1 128.1 128.1 128.1 128.1 128.1 128.1 128.1 128.1 128.1 128.1 128.1 128.1 128.1 128.1 128.1 128.1 128.1 128.1 128.1 128.1 115.4 115.4 115.4 115.4 115.4 115.4 115.4 115.4 115.4 115.4 115.4 115.4 115.4 115.4 115.4 115.4 115.4 115.4 115.4 115.4 115.4 115.4 115.4 115.4 115.4 115.4 115.4 115.4 115.4 
140.3 140.3 140.3 140.3 140.3 140.3 140.3 140.3 140.3 140.3 140.3 140.1 140.1 140.1 140.1 140.1 140.1 140.1 140.1 140.1 140.1 140.1 140.1 140.1 140.1 140.1 140.1 140.1 140.1 140.1 140.1 140.1 140.1 140.1 140.1 140.1 140.1 140.1 140.1 140.1 140.1 140.1 140.1 140.1 140.1 140.1 140.1 140.1 140.1 140.1 140.1 140.1 140.1 140.1 140.1 140.1 140.1 140.1 140.1 140.1 140.1 140.1 140.1 140.1 140.1 140.1 140.1 140.1 140.1 140.1 140.1 125.6 125.6 125.6 125.6 125.6 125.6 125.6 125.6 125.6 125.6 125.6 125.6 125.6 125.6 125.6 125.6 125.6 125.6 125.6 125.6 125.6 125.6 125.6 125.6 125.6 125.6 125.6 125.6 125.6 
140.3 140.3 140.3 140.3 140.3 140.3 140.3 140.3 140.3 140.3 140.3 140.1 140.1 140.1 140.1 140.1 140.1 140.1 140.1 140.1 140.1 140.1 140.1 140.1 140.1 140.1 140.1 140.1 140.1 140.1 140.1 140.1 140.1 140.1 140.1 140.1 140.1 140.1 140.1 140.1 140.1 140.1 140.1 140.1 140.1 140.1 140.1 140.1 140.1 140.1 140.1 140.1 140.1 140.1 140.1 140.1 140.1 140.1 140.1 140.1 140.1 140.1 140.1 140.1 140.1 140.1 140.1 140.1 140.1 140.1 140.1 125.6 125.6 125.6 125.6 125.6 125.6 125.6 125.6 125.6 125.6 125.6 125.6 125.6 125.6 125.6 125.6 125.6 125.6 125.6 125.6 125.6 125.6 125.6 125.6 125.6 125.6 125.6 125.6 125.6 
140.3 140.3 140.3 140.3 140.3 140.3 140.3 140.3 140.3 140.3 140.3 140.1 140.1 140.1 140.1 140.1 140.1 140.1 140.1 140.1 140.1 140.1 140.1 140.1 140.1 140.1 140.1 140.1 140.1 140.1 140.1 140.1 140.1 140.1 140.1 140.1 140.1 140.1 140.1 140.1 140.1 140.1 140.1 140.1 140.1 140.1 140.1 140.1 140.1 140.1 140.1 140.1 140.1 140.1 140.1 140.1 140.1 140.1 140.1 140.1 140.1 140.1 140.1 140.1 140.1 140.1 140.1 140.1 140.1 140.1 140.1 125.6 125.6 125.6 125.6 125.6 125.6 125.6 125.6 125.6 125.6 125.6 125.6 125.6 125.6 125.6 125.6 125.6 125.6 125.6 125.6 125.6 125.6 125.6 125.6 125.6 125.6 125.6 125.6 125.6 
140.3 140.3 140.3 140.3 140.3 140.3 140.3 140.3 140.3 140.3 140.3 140.1 140.1 140.1 140.1 140.1 140.1 140.1 140.1 140.1 140.1 140.1 140.1 140.1 140.1 140.1 140.1 140.1 140.1 140.1 140.1 140.1 140.1 140.1 140.1 140.1 140.1 140.1 140.1 140.1 140.1 140.1 140.1 140.1 140.1 140.1 140.1 140.1 140.1 140.1 140.1 140.1 140.1 140.1 140.1 140.1 140.1 140.1 140.1 140.1 140.1 140.1 140.1 140.1 140.1 140.1 140.1 140.1 140.1 140.1 140.1 125.6 125.6 125.6 125.6 125.6 125.6 125.6 125.6 125.6 125.6 125.6 125.6 125.6 125.6 125.6 125.6 125.6 125.6 125.6 125.6 125.6 125.6 125.6 125.6 125.6 125.6 125.6 125.6 125.6 
140.3 140.3 140.3 140.3 140.3 140.3 140.3 140.3 140.3 140.3 140.3 140.1 140.1 140.1 140.1 140.1 140.1 140.1 140.1 140.1 140.1 140.1 140.1 140.1 140.1 140.1 140.1 140.1 140.1 140.1 140.1 140.1 140.1 140.1 140.1 140.1 140.1 140.1 140.1 140.1 140.1 140.1 140.1 140.1 140.1 140.1 140.1 140.1 140.1 140.1 140.1 140.1 140.1 140.1 140.1 140.1 140.1 140.1 140.1 140.1 140.1 140.1 140.1 140.1 140.1 140.1 140.1 140.1 140.1 140.1 140.1 125.6 125.6 125.6 125.6 125.6 125.6 125.6 125.6 125.6 125.6 125.6 125.6 125.6 125.6 125.6 125.6 125.6 125.6 125.6 125.6 125.6 125.6 125.6 125.6 125.6 125.6 125.6 125.6 125.6 
140.3 140.3 140.3 140.3 140.3 140.3 140.3 140.3 140.3 140.3 140.3 140.1 140.1 140.1 140.1 140.1 140.1 140.1 140.1 140.1 140.1 140.1 140.1 140.1 140.1 140.1 140.1 140.1 140.1 140.1 140.1 140.1 140.1 140.1 140.1 140.1 140.1 140.1 140.1 140.1 140.1 140.1 140.1 140.1 140.1 140.1 140.1 140.1 140.1 140.1 140.1 140.1 140.1 140.1 140.1 140.1 140.1 140.1 140.1 140.1 140.1 140.1 140.1 140.1 140.1 140.1 140.1 140.1 140.1 140.1 140.1 125.6 125.6 125.6 125.6 125.6 125.6 125.6 125.6 125.6 125.6 125.6 125.6 125.6 125.6 125.6 125.6 125.6 125.6 125.6 125.6 125.6 125.6 125.6 125.6 125.6 125.6 125.6 125.6 125.6 
140.3 140.3 140.3 140.3 140.3 140.3 140.3 140.3 140.3 140.3 140.3 140.1 140.1 140.1 140.1 140.1 140.1 140.1 140.1 140.1 140.1 140.1 140.1 140.1 140.1 140.1 140.1 140.1 140.1 140.1 140.1 140.1 140.1 140.1 140.1 140.1 140.1 140.1 140.1 140.1 140.1 140.1 140.1 140.1 140.1 140.1 140.1 140.1 140.1 140.1 140.1 140.1 140.1 140.1 140.1 140.1 140.1 140.1 140.1 140.1 140.1 140.1 140.1 140.1 140.1 140.1 140.1 140.1 140.1 140.1 140.1 125.6 125.6 125.6 125.6 125.6 125.6 125.6 125.6 125.6 125.6 125.6 125.6 125.6 125.6 125.6 125.6 125.6 125.6 125.6 125.6 125.6 125.6 125.6 125.6 125.6 125.6 125.6 125.6 125.6 
140.3 140.3 140.3 140.3 140.3 140.3 140.3 140.3 140.3 140.3 140.3 140.1 140.1 140.1 140.1 140.1 140.1 140.1 140.1 140.1 140.1 140.1 140.1 140.1 140.1 140.1 140.1 140.1 140.1 140.1 140.1 140.1 140.1 140.1 140.1 140.1 140.1 140.1 140.1 140.1 140.1 140.1 140.1 140.1 140.1 140.1 140.1 140.1 140.1 140.1 140.1 140.1 140.1 140.1 140.1 140.1 140.1 140.1 140.1 140.1 140.1 140.1 140.1 140.1 140.1 140.1 140.1 140.1 140.1 140.1 140.1 125.6 125.6 125.6 125.6 125.6 125.6 125.6 125.6 125.6 125.6 125.6 125.6 125.6 125.6 125.6 125.6 125.6 125.6 125.6 125.6 125.6 125.6 125.6 125.6 125.6 125.6 125.6 125.6 125.6 
140.3 140.3 140.3 140.3 140.3 140.3 140.3 140.3 140.3 140.3 140.3 140.1 140.1 140.1 140.1 140.1 140.1 140.1 140.1 140.1 140.1 140.1 140.1 140.1 140.1 140.1 140.1 140.1 140.1 140.1 140.1 140.1 140.1 140.1 140.1 140.1 140.1 140.1 140.1 140.1 140.1 140.1 140.1 140.1 140.1 140.1 140.1 140.1 140.1 140.1 140.1 140.1 140.1 140.1 140.1 140.1 140.1 140.1 140.1 140.1 140.1 140.1 140.1 140.1 140.1 140.1 140.1 140.1 140.1 140.1 140.1 125.6 125.6 125.6 125.6 125.6 125.6 125.6 125.6 125.6 125.6 125.6 125.6 125.6 125.6 125.6 125.6 125.6 125.6 125.6 125.6 125.6 125.6 125.6 125.6 125.6 125.6 125.6 125.6 125.6 
140.3 140.3 140.3 140.3 140.3 140.3 140.3 140.3 140.3 140.3 140.3 140.1 140.1 140.1 140.1 140.1 140.1 140.1 140.1 140.1 140.1 140.1 140.1 140.1 140.1 140.1 140.1 140.1 140.1 140.1 140.1 140.1 140.1 140.1 140.1 140.1 140.1 140.1 140.1 140.1 140.1 140.1 140.1 140.1 140.1 140.1 140.1 140.1 140.1 140.1 140.1 140.1 140.1 140.1 140.1 140.1 140.1 140.1 140.1 140.1 140.1 140.1 140.1 140.1 140.1 140.1 140.1 140.1 140.1 140.1 140.1 125.6 125.6 125.6 125.6 125.6 125.6 125.6 125.6 125.6 125.6 125.6 125.6 125.6 125.6 125.6 125.6 125.6 125.6 125.6 125.6 125.6 125.6 125.6 125.6 125.6 125.6 125.6 125.6 125.6 
140.3 140.3 140.3 140.3 140.3 140.3 140.3 140.3 140.3 140.3 140.3 140.1 140.1 140.1 140.1 140.1 140.1 140.1 140.1 140.1 140.1 140.1 140.1 140.1 140.1 140.1 140.1 140.1 140.1 140.1 140.1 140.1 140.1 140.1 140.1 140.1 140.1 140.1 140.1 140.1 140.1 140.1 140.1 140.1 140.1 140.1 140.1 140.1 140.1 140.1 140.1 140.1 140.1 140.1 140.1 140.1 140.1 140.1 140.1 140.1 140.1 140.1 140.1 140.1 140.1 140.1 140.1 140.1 140.1 140.1 140.1 125.6 125.6 125.6 125.6 125.6 125.6 125.6 125.6 125.6 125.6 125.6 125.6 125.6 125.6 125.6 125.6 125.6 125.6 125.6 125.6 125.6 125.6 125.6 125.6 125.6 125.6 125.6 125.6 125.6 
140.3 140.3 140.3 140.3 140.3 140.3 140.3 140.3 140.3 140.3 140.3 140.1 140.1 140.1 140.1 140.1 140.1 140.1 140.1 140.1 140.1 140.1 140.1 140.1 140.1 140.1 140.1 140.1 140.1 140.1 140.1 140.1 140.1 140.1 140.1 140.1 140.1 140.1 140.1 140.1 140.1 140.1 140.1 140.1 140.1 140.1 140.1 140.1 140.1 140.1 140.1 140.1 140.1 140.1 140.1 140.1 140.1 140.1 140.1 140.1 140.1 140.1 140.1 140.1 140.1 140.1 140.1 140.1 140.1 140.1 140.1 125.6 125.6 125.6 125.6 125.6 125.6 125.6 125.6 125.6 125.6 125.6 125.6 125.6 125.6 125.6 125.6 125.6 125.6 125.6 125.6 125.6 125.6 125.6 125.6 125.6 125.6 125.6 125.6 125.6 
140.3 140.3 140.3 140.3 140.3 140.3 140.3 140.3 140.3 140.3 140.3 140.1 140.1 140.1 140.1 140.1 140.1 140.1 140.1 140.1 140.1 140.1 140.1 140.1 140.1 140.1 140.1 140.1 140.1 140.1 140.1 140.1 140.1 140.1 140.1 140.1 140.1 140.1 140.1 140.1 140.1 140.1 140.1 140.1 140.1 140.1 140.1 140.1 140.1 140.1 140.1 140.1 140.1 140.1 140.1 140.1 140.1 140.1 140.1 140.1 140.1 140.1 140.1 140.1 140.1 140.1 140.1 140.1 140.1 140.1 140.1 125.6 125.6 125.6 125.6 125.6 125.6 125.6 125.6 125.6 125.6 125.6 125.6 125.6 125.6 125.6 125.6 125.6 125.6 125.6 125.6 125.6 125.6 125.6 125.6 125.6 125.6 125.6 125.6 125.6 
140.3 140.3 140.3 140.3 140.3 140.3 140.3 140.3 140.3 140.3 140.3 140.1 140.1 140.1 140.1 140.1 140.1 140.1 140.1 140.1 140.1 140.1 140.1 140.1 140.1 140.1 140.1 140.1 140.1 140.1 140.1 140.1 140.1 140.1 140.1 140.1 140.1 140.1 140.1 140.1 140.1 140.1 140.1 140.1 140.1 140.1 140.1 140.1 140.1 140.1 140.1 140.1 140.1 140.1 140.1 140.1 140.1 140.1 140.1 140.1 140.1 140.1 140.1 140.1 140.1 140.1 140.1 140.1 140.1 140.1 140.1 125.6 125.6 125.6 125.6 125.6 125.6 125.6 125.6 125.6 125.6 125.6 125.6 125.6 125.6 125.6 125.6 125.6 125.6 125.6 125.6 125.6 125.6 125.6 125.6 125.6 125.6 125.6 125.6 125.6 
140.3 140.3 140.3 140.3 140.3 140.3 140.3 140.3 140.3 140.3 140.3 140.1 140.1 140.1 140.1 140.1 140.1 140.1 140.1 140.1 140.1 140.1 140.1 140.1 140.1 140.1 140.1 140.1 140.1 140.1 140.1 140.1 140.1 140.1 140.1 140.1 140.1 140.1 140.1 140.1 140.1 140.1 140.1 140.1 140.1 140.1 140.1 140.1 140.1 140.1 140.1 140.1 140.1 140.1 140.1 140.1 140.1 140.1 140.1 140.1 140.1 140.1 140.1 140.1 140.1 140.1 140.1 140.1 140.1 140.1 140.1 125.6 125.6 125.6 125.6 125.6 125.6 125.6 125.6 125.6 125.6 125.6 125.6 125.6 125.6 125.6 125.6 125.6 125.6 125.6 125.6 125.6 125.6 125.6 125.6 125.6 125.6 125.6 125.6 125.6 
140.3 140.3 140.3 140.3 140.3 140.3 140.3 140.3 140.3 140.3 140.3 140.1 140.1 140.1 140.1 140.1 140.1 140.1 140.1 140.1 140.1 140.1 140.1 140.1 140.1 140.1 140.1 140.1 140.1 140.1 140.1 140.1 140.1 140.1 140.1 140.1 140.1 140.1 140.1 140.1 140.1 140.1 140.1 140.1 140.1 140.1 140.1 140.1 140.1 140.1 140.1 140.1 140.1 140.1 140.1 140.1 140.1 140.1 140.1 140.1 140.1 140.1 140.1 140.1 140.1 140.1 140.1 140.1 140.1 140.1 140.1 125.6 125.6 125.6 125.6 125.6 125.6 125.6 125.6 125.6 125.6 125.6 125.6 125.6 125.6 125.6 125.6 125.6 125.6 125.6 125.6 125.6 125.6 125.6 125.6 125.6 125.6 125.6 125.6 125.6 
140.3 140.3 140.3 140.3 140.3 140.3 140.3 140.3 140.3 140.3 140.3 140.1 140.1 140.1 140.1 140.1 140.1 140.1 140.1 140.1 140.1 140.1 140.1 140.1 140.1 140.1 140.1 140.1 140.1 140.1 140.1 140.1 140.1 140.1 140.1 140.1 140.1 140.1 140.1 140.1 140.1 140.1 140.1 140.1 140.1 140.1 140.1 140.1 140.1 140.1 140.1 140.1 140.1 140.1 140.1 140.1 140.1 140.1 140.1 140.1 140.1 140.1 140.1 140.1 140.1 140.1 140.1 140.1 140.1 140.1 140.1 125.6 125.6 125.6 125.6 125.6 125.6 125.6 125.6 125.6 125.6 125.6 125.6 125.6 125.6 125.6 125.6 125.6 125.6 125.6 125.6 125.6 125.6 125.6 125.6 125.6 125.6 125.6 125.6 125.6 
140.3 140.3 140.3 140.3 140.3 140.3 140.3 140.3 140.3 140.3 140.3 140.1 140.1 140.1 140.1 140.1 140.1 140.1 140.1 140.1 140.1 140.1 140.1 140.1 140.1 140.1 140.1 140.1 140.1 140.1 140.1 140.1 140.1 140.1 140.1 140.1 140.1 140.1 140.1 140.1 140.1 140.1 140.1 140.1 140.1 140.1 140.1 140.1 140.1 140.1 140.1 140.1 140.1 140.1 140.1 140.1 140.1 140.1 140.1 140.1 140.1 140.1 140.1 140.1 140.1 140.1 140.1 140.1 140.1 140.1 140.1 125.6 125.6 125.6 125.6 125.6 125.6 125.6 125.6 125.6 125.6 125.6 125.6 125.6 125.6 125.6 125.6 125.6 125.6 125.6 125.6 125.6 125.6 125.6 125.6 125.6 125.6 125.6 125.6 125.6 
140.3 140.3 140.3 140.3 140.3 140.3 140.3 140.3 140.3 140.3 140.3 140.1 140.1 140.1 140.1 140.1 140.1 140.1 140.1 140.1 140.1 140.1 140.1 140.1 140.1 140.1 140.1 140.1 140.1 140.1 140.1 140.1 140.1 140.1 140.1 140.1 140.1 140.1 140.1 140.1 140.1 140.1 140.1 140.1 140.1 140.1 140.1 140.1 140.1 140.1 140.1 140.1 140.1 140.1 140.1 140.1 140.1 140.1 140.1 140.1 140.1 140.1 140.1 140.1 140.1 140.1 140.1 140.1 140.1 140.1 140.1 125.6 125.6 125.6 125.6 125.6 125.6 125.6 125.6 125.6 125.6 125.6 125.6 125.6 125.6 125.6 125.6 125.6 125.6 125.6 125.6 125.6 125.6 125.6 125.6 125.6 125.6 125.6 125.6 125.6 
140.3 140.3 140.3 140.3 140.3 140.3 140.3 140.3 140.3 140.3 140.3 140.1 140.1 140.1 140.1 140.1 140.1 140.1 140.1 140.1 140.1 140.1 140.1 140.1 140.1 140.1 140.1 140.1 140.1 140.1 140.1 140.1 140.1 140.1 140.1 140.1 140.1 140.1 140.1 140.1 140.1 140.1 140.1 140.1 140.1 140.1 140.1 140.1 140.1 140.1 140.1 140.1 140.1 140.1 140.1 140.1 140.1 140.1 140.1 140.1 140.1 140.1 140.1 140.1 140.1 140.1 140.1 140.1 140.1 140.1 140.1 125.6 125.6 125.6 125.6 125.6 125.6 125.6 125.6 125.6 125.6 125.6 125.6 125.6 125.6 125.6 125.6 125.6 125.6 125.6 125.6 125.6 125.6 125.6 125.6 125.6 125.6 125.6 125.6 125.6 
140.3 140.3 140.3 140.3 140.3 140.3 140.3 140.3 140.3 140.3 140.3 140.1 140.1 140.1 140.1 140.1 140.1 140.1 140.1 140.1 140.1 140.1 140.1 140.1 140.1 140.1 140.1 140.1 140.1 140.1 140.1 140.1 140.1 140.1 140.1 140.1 140.1 140.1 140.1 140.1 140.1 140.1 140.1 140.1 140.1 140.1 140.1 140.1 140.1 140.1 140.1 140.1 140.1 140.1 140.1 140.1 140.1 140.1 140.1 140.1 140.1 140.1 140.1 140.1 140.1 140.1 140.1 140.1 140.1 140.1 140.1 125.6 125.6 125.6 125.6 125.6 125.6 125.6 125.6 125.6 125.6 125.6 125.6 125.6 125.6 125.6 125.6 125.6 125.6 125.6 125.6 125.6 125.6 125.6 125.6 125.6 125.6 125.6 125.6 125.6 
140.3 140.3 140.3 140.3 140.3 140.3 140.3 140.3 140.3 140.3 140.3 140.1 140.1 140.1 140.1 140.1 140.1 140.1 140.1 140.1 140.1 140.1 140.1 140.1 140.1 140.1 140.1 140.1 140.1 140.1 140.1 140.1 140.1 140.1 140.1 140.1 140.1 140.1 140.1 140.1 140.1 140.1 140.1 140.1 140.1 140.1 140.1 140.1 140.1 140.1 140.1 140.1 140.1 140.1 140.1 140.1 140.1 140.1 140.1 140.1 140.1 140.1 140.1 140.1 140.1 140.1 140.1 140.1 140.1 140.1 140.1 125.6 125.6 125.6 125.6 125.6 125.6 125.6 125.6 125.6 125.6 125.6 125.6 125.6 125.6 125.6 125.6 125.6 125.6 125.6 125.6 125.6 125.6 125.6 125.6 125.6 125.6 125.6 125.6 125.6 
140.3 140.3 140.3 140.3 140.3 140.3 140.3 140.3 140.3 140.3 140.3 140.1 140.1 140.1 140.1 140.1 140.1 140.1 140.1 140.1 140.1 140.1 140.1 140.1 140.1 140.1 140.1 140.1 140.1 140.1 140.1 140.1 140.1 140.1 140.1 140.1 140.1 140.1 140.1 140.1 140.1 140.1 140.1 140.1 140.1 140.1 140.1 140.1 140.1 140.1 140.1 140.1 140.1 140.1 140.1 140.1 140.1 140.1 140.1 140.1 140.1 140.1 140.1 140.1 140.1 140.1 140.1 140.1 140.1 140.1 140.1 125.6 125.6 125.6 125.6 125.6 125.6 125.6 125.6 125.6 125.6 125.6 125.6 125.6 125.6 125.6 125.6 125.6 125.6 125.6 125.6 125.6 125.6 125.6 125.6 125.6 125.6 125.6 125.6 125.6 
140.3 140.3 140.3 140.3 140.3 140.3 140.3 140.3 140.3 140.3 140.3 140.1 140.1 140.1 140.1 140.1 140.1 140.1 140.1 140.1 140.1 140.1 140.1 140.1 140.1 140.1 140.1 140.1 140.1 140.1 140.1 140.1 140.1 140.1 140.1 140.1 140.1 140.1 140.1 140.1 140.1 140.1 140.1 140.1 140.1 140.1 140.1 140.1 140.1 140.1 140.1 140.1 140.1 140.1 140.1 140.1 140.1 140.1 140.1 140.1 140.1 140.1 140.1 140.1 140.1 140.1 140.1 140.1 140.1 140.1 140.1 125.6 125.6 125.6 125.6 125.6 125.6 125.6 125.6 125.6 125.6 125.6 125.6 125.6 125.6 125.6 125.6 125.6 125.6 125.6 125.6 125.6 125.6 125.6 125.6 125.6 125.6 125.6 125.6 125.6 
140.3 140.3 140.3 140.3 140.3 140.3 140.3 140.3 140.3 140.3 140.3 140.1 140.1 140.1 140.1 140.1 140.1 140.1 140.1 140.1 140.1 140.1 140.1 140.1 140.1 140.1 140.1 140.1 140.1 140.1 140.1 140.1 140.1 140.1 140.1 140.1 140.1 140.1 140.1 140.1 140.1 140.1 140.1 140.1 140.1 140.1 140.1 140.1 140.1 140.1 140.1 140.1 140.1 140.1 140.1 140.1 140.1 140.1 140.1 140.1 140.1 140.1 140.1 140.1 140.1 140.1 140.1 140.1 140.1 140.1 140.1 125.6 125.6 125.6 125.6 125.6 125.6 125.6 125.6 125.6 125.6 125.6 125.6 125.6 125.6 125.6 125.6 125.6 125.6 125.6 125.6 125.6 125.6 125.6 125.6 125.6 125.6 125.6 125.6 125.6 
140.3 140.3 140.3 140.3 140.3 140.3 140.3 140.3 140.3 140.3 140.3 140.1 140.1 140.1 140.1 140.1 140.1 140.1 140.1 140.1 140.1 140.1 140.1 140.1 140.1 140.1 140.1 140.1 140.1 140.1 140.1 140.1 140.1 140.1 140.1 140.1 140.1 140.1 140.1 140.1 140.1 140.1 140.1 140.1 140.1 140.1 140.1 140.1 140.1 140.1 140.1 140.1 140.1 140.1 140.1 140.1 140.1 140.1 140.1 140.1 140.1 140.1 140.1 140.1 140.1 140.1 140.1 140.1 140.1 140.1 140.1 125.6 125.6 125.6 125.6 125.6 125.6 125.6 125.6 125.6 125.6 125.6 125.6 125.6 125.6 125.6 125.6 125.6 125.6 125.6 125.6 125.6 125.6 125.6 125.6 125.6 125.6 125.6 125.6 125.6 
140.3 140.3 140.3 140.3 140.3 140.3 140.3 140.3 140.3 140.3 140.3 140.1 140.1 140.1 140.1 140.1 140.1 140.1 140.1 140.1 140.1 140.1 140.1 140.1 140.1 140.1 140.1 140.1 140.1 140.1 140.1 140.1 140.1 140.1 140.1 140.1 140.1 140.1 140.1 140.1 140.1 140.1 140.1 140.1 140.1 140.1 140.1 140.1 140.1 140.1 140.1 140.1 140.1 140.1 140.1 140.1 140.1 140.1 140.1 140.1 140.1 140.1 140.1 140.1 140.1 140.1 140.1 140.1 140.1 140.1 140.1 125.6 125.6 125.6 125.6 125.6 125.6 125.6 125.6 125.6 125.6 125.6 125.6 125.6 125.6 125.6 125.6 125.6 125.6 125.6 125.6 125.6 125.6 125.6 125.6 125.6 125.6 125.6 125.6 125.6 
140.3 140.3 140.3 140.3 140.3 140.3 140.3 140.3 140.3 140.3 140.3 140.1 140.1 140.1 140.1 140.1 140.1 140.1 140.1 140.1 140.1 140.1 140.1 140.1 140.1 140.1 140.1 140.1 140.1 140.1 140.1 140.1 140.1 140.1 140.1 140.1 140.1 140.1 140.1 140.1 140.1 140.1 140.1 140.1 140.1 140.1 140.1 140.1 140.1 140.1 140.1 140.1 140.1 140.1 140.1 140.1 140.1 140.1 140.1 140.1 140.1 140.1 140.1 140.1 140.1 140.1 140.1 140.1 140.1 140.1 140.1 125.6 125.6 125.6 125.6 125.6 125.6 125.6 125.6 125.6 125.6 125.6 125.6 125.6 125.6 125.6 125.6 125.6 125.6 125.6 125.6 125.6 125.6 125.6 125.6 125.6 125.6 125.6 125.6 125.6 
140.3 140.3 140.3 140.3 140.3 140.3 140.3 140.3 140.3 140.3 140.3 140.1 140.1 140.1 140.1 140.1 140.1 140.1 140.1 140.1 140.1 140.1 140.1 140.1 140.1 140.1 140.1 140.1 140.1 140.1 140.1 140.1 140.1 140.1 140.1 140.1 140.1 140.1 140.1 140.1 140.1 140.1 140.1 140.1 140.1 140.1 140.1 140.1 140.1 140.1 140.1 140.1 140.1 140.1 140.1 140.1 140.1 140.1 140.1 140.1 140.1 140.1 140.1 140.1 140.1 140.1 140.1 140.1 140.1 140.1 140.1 125.6 125.6 125.6 125.6 125.6 125.6 125.6 125.6 125.6 125.6 125.6 125.6 125.6 125.6 125.6 125.6 125.6 125.6 125.6 125.6 125.6 125.6 125.6 125.6 125.6 125.6 125.6 125.6 125.6 
140.3 140.3 140.3 140.3 140.3 140.3 140.3 140.3 140.3 140.3 140.3 140.1 140.1 140.1 140.1 140.1 140.1 140.1 140.1 140.1 140.1 140.1 140.1 140.1 140.1 140.1 140.1 140.1 140.1 140.1 140.1 140.1 140.1 140.1 140.1 140.1 140.1 140.1 140.1 140.1 140.1 140.1 140.1 140.1 140.1 140.1 140.1 140.1 140.1 140.1 140.1 140.1 140.1 140.1 140.1 140.1 140.1 140.1 140.1 140.1 140.1 140.1 140.1 140.1 140.1 140.1 140.1 140.1 140.1 140.1 140.1 125.6 125.6 125.6 125.6 125.6 125.6 125.6 125.6 125.6 125.6 125.6 125.6 125.6 125.6 125.6 125.6 125.6 125.6 125.6 125.6 125.6 125.6 125.6 125.6 125.6 125.6 125.6 125.6 125.6 
140.3 140.3 140.3 140.3 140.3 140.3 140.3 140.3 140.3 140.3 140.3 140.1 140.1 140.1 140.1 140.1 140.1 140.1 140.1 140.1 140.1 140.1 140.1 140.1 140.1 140.1 140.1 140.1 140.1 140.1 140.1 140.1 140.1 140.1 140.1 140.1 140.1 140.1 140.1 140.1 140.1 140.1 140.1 140.1 140.1 140.1 140.1 140.1 140.1 140.1 140.1 140.1 140.1 140.1 140.1 140.1 140.1 140.1 140.1 140.1 140.1 140.1 140.1 140.1 140.1 140.1 140.1 140.1 140.1 140.1 140.1 125.6 125.6 125.6 125.6 125.6 125.6 125.6 125.6 125.6 125.6 125.6 125.6 125.6 125.6 125.6 125.6 125.6 125.6 125.6 125.6 125.6 125.6 125.6 125.6 125.6 125.6 125.6 125.6 125.6 
140.3 140.3 140.3 140.3 140.3 140.3 140.3 140.3 140.3 140.3 140.3 140.1 140.1 140.1 140.1 140.1 140.1 140.1 140.1 140.1 140.1 140.1 140.1 140.1 140.1 140.1 140.1 140.1 140.1 140.1 140.1 140.1 140.1 140.1 140.1 140.1 140.1 140.1 140.1 140.1 140.1 140.1 140.1 140.1 140.1 140.1 140.1 140.1 140.1 140.1 140.1 140.1 140.1 140.1 140.1 140.1 140.1 140.1 140.1 140.1 140.1 140.1 140.1 140.1 140.1 140.1 140.1 140.1 140.1 140.1 140.1 125.6 125.6 125.6 125.6 125.6 125.6 125.6 125.6 125.6 125.6 125.6 125.6 125.6 125.6 125.6 125.6 125.6 125.6 125.6 125.6 125.6 125.6 125.6 125.6 125.6 125.6 125.6 125.6 125.6 
140.3 140.3 140.3 140.3 140.3 140.3 140.3 140.3 140.3 140.3 140.3 140.1 140.1 140.1 140.1 140.1 140.1 140.1 140.1 140.1 140.1 140.1 140.1 140.1 140.1 140.1 140.1 140.1 140.1 140.1 140.1 140.1 140.1 140.1 140.1 140.1 140.1 140.1 140.1 140.1 140.1 140.1 140.1 140.1 140.1 140.1 140.1 140.1 140.1 140.1 140.1 140.1 140.1 140.1 140.1 140.1 140.1 140.1 140.1 140.1 140.1 140.1 140.1 140.1 140.1 140.1 140.1 140.1 140.1 140.1 140.1 125.6 125.6 125.6 125.6 125.6 125.6 125.6 125.6 125.6 125.6 125.6 125.6 125.6 125.6 125.6 125.6 125.6 125.6 125.6 125.6 125.6 125.6 125.6 125.6 125.6 125.6 125.6 125.6 125.6 
140.3 140.3 140.3 140.3 140.3 140.3 140.3 140.3 140.3 140.3 140.3 140.1 140.1 140.1 140.1 140.1 140.1 140.1 140.1 140.1 140.1 140.1 140.1 140.1 140.1 140.1 140.1 140.1 140.1 140.1 140.1 140.1 140.1 140.1 140.1 140.1 140.1 140.1 140.1 140.1 140.1 140.1 140.1 140.1 140.1 140.1 140.1 140.1 140.1 140.1 140.1 140.1 140.1 140.1 140.1 140.1 140.1 140.1 140.1 140.1 140.1 140.1 140.1 140.1 140.1 140.1 140.1 140.1 140.1 140.1 140.1 125.6 125.6 125.6 125.6 125.6 125.6 125.6 125.6 125.6 125.6 125.6 125.6 125.6 125.6 125.6 125.6 125.6 125.6 125.6 125.6 125.6 125.6 125.6 125.6 125.6 125.6 125.6 125.6 125.6 
140.3 140.3 140.3 140.3 140.3 140.3 140.3 140.3 140.3 140.3 140.3 140.1 140.1 140.1 140.1 140.1 140.1 140.1 140.1 140.1 140.1 140.1 140.1 140.1 140.1 140.1 140.1 140.1 140.1 140.1 140.1 140.1 140.1 140.1 140.1 140.1 140.1 140.1 140.1 140.1 140.1 140.1 140.1 140.1 140.1 140.1 140.1 140.1 140.1 140.1 140.1 140.1 140.1 140.1 140.1 140.1 140.1 140.1 140.1 140.1 140.1 140.1 140.1 140.1 140.1 140.1 140.1 140.1 140.1 140.1 140.1 125.6 125.6 125.6 125.6 125.6 125.6 125.6 125.6 125.6 125.6 125.6 125.6 125.6 125.6 125.6 125.6 125.6 125.6 125.6 125.6 125.6 125.6 125.6 125.6 125.6 125.6 125.6 125.6 125.6 
140.3 140.3 140.3 140.3 140.3 140.3 140.3 140.3 140.3 140.3 140.3 140.1 140.1 140.1 140.1 140.1 140.1 140.1 140.1 140.1 140.1 140.1 140.1 140.1 140.1 140.1 140.1 140.1 140.1 140.1 140.1 140.1 140.1 140.1 140.1 140.1 140.1 140.1 140.1 140.1 140.1 140.1 140.1 140.1 140.1 140.1 140.1 140.1 140.1 140.1 140.1 140.1 140.1 140.1 140.1 140.1 140.1 140.1 140.1 140.1 140.1 140.1 140.1 140.1 140.1 140.1 140.1 140.1 140.1 140.1 140.1 125.6 125.6 125.6 125.6 125.6 125.6 125.6 125.6 125.6 125.6 125.6 125.6 125.6 125.6 125.6 125.6 125.6 125.6 125.6 125.6 125.6 125.6 125.6 125.6 125.6 125.6 125.6 125.6 125.6 
140.3 140.3 140.3 140.3 140.3 140.3 140.3 140.3 140.3 140.3 140.3 140.1 140.1 140.1 140.1 140.1 140.1 140.1 140.1 140.1 140.1 140.1 140.1 140.1 140.1 140.1 140.1 140.1 140.1 140.1 140.1 140.1 140.1 140.1 140.1 140.1 140.1 140.1 140.1 140.1 140.1 140.1 140.1 140.1 140.1 140.1 140.1 140.1 140.1 140.1 140.1 140.1 140.1 140.1 140.1 140.1 140.1 140.1 140.1 140.1 140.1 140.1 140.1 140.1 140.1 140.1 140.1 140.1 140.1 140.1 140.1 125.6 125.6 125.6 125.6 125.6 125.6 125.6 125.6 125.6 125.6 125.6 125.6 125.6 125.6 125.6 125.6 125.6 125.6 125.6 125.6 125.6 125.6 125.6 125.6 125.6 125.6 125.6 125.6 125.6 
140.3 140.3 140.3 140.3 140.3 140.3 140.3 140.3 140.3 140.3 140.3 140.1 140.1 140.1 140.1 140.1 140.1 140.1 140.1 140.1 140.1 140.1 140.1 140.1 140.1 140.1 140.1 140.1 140.1 140.1 140.1 140.1 140.1 140.1 140.1 140.1 140.1 140.1 140.1 140.1 140.1 140.1 140.1 140.1 140.1 140.1 140.1 140.1 140.1 140.1 140.1 140.1 140.1 140.1 140.1 140.1 140.1 140.1 140.1 140.1 140.1 140.1 140.1 140.1 140.1 140.1 140.1 140.1 140.1 140.1 140.1 125.6 125.6 125.6 125.6 125.6 125.6 125.6 125.6 125.6 125.6 125.6 125.6 125.6 125.6 125.6 125.6 125.6 125.6 125.6 125.6 125.6 125.6 125.6 125.6 125.6 125.6 125.6 125.6 125.6 
140.3 140.3 140.3 140.3 140.3 140.3 140.3 140.3 140.3 140.3 140.3 140.1 140.1 140.1 140.1 140.1 140.1 140.1 140.1 140.1 140.1 140.1 140.1 140.1 140.1 140.1 140.1 140.1 140.1 140.1 140.1 140.1 140.1 140.1 140.1 140.1 140.1 140.1 140.1 140.1 140.1 140.1 140.1 140.1 140.1 140.1 140.1 140.1 140.1 140.1 140.1 140.1 140.1 140.1 140.1 140.1 140.1 140.1 140.1 140.1 140.1 140.1 140.1 140.1 140.1 140.1 140.1 140.1 140.1 140.1 140.1 125.6 125.6 125.6 125.6 125.6 125.6 125.6 125.6 125.6 125.6 125.6 125.6 125.6 125.6 125.6 125.6 125.6 125.6 125.6 125.6 125.6 125.6 125.6 125.6 125.6 125.6 125.6 125.6 125.6 
140.3 140.3 140.3 140.3 140.3 140.3 140.3 140.3 140.3 140.3 140.3 140.1 140.1 140.1 140.1 140.1 140.1 140.1 140.1 140.1 140.1 140.1 140.1 140.1 140.1 140.1 140.1 140.1 140.1 140.1 140.1 140.1 140.1 140.1 140.1 140.1 140.1 140.1 140.1 140.1 140.1 140.1 140.1 140.1 140.1 140.1 140.1 140.1 140.1 140.1 140.1 140.1 140.1 140.1 140.1 140.1 140.1 140.1 140.1 140.1 140.1 140.1 140.1 140.1 140.1 140.1 140.1 140.1 140.1 140.1 140.1 125.6 125.6 125.6 125.6 125.6 125.6 125.6 125.6 125.6 125.6 125.6 125.6 125.6 125.6 125.6 125.6 125.6 125.6 125.6 125.6 125.6 125.6 125.6 125.6 125.6 125.6 125.6 125.6 125.6 
140.3 140.3 140.3 140.3 140.3 140.3 140.3 140.3 140.3 140.3 140.3 140.1 140.1 140.1 140.1 140.1 140.1 140.1 140.1 140.1 140.1 140.1 140.1 140.1 140.1 140.1 140.1 140.1 140.1 140.1 140.1 140.1 140.1 140.1 140.1 140.1 140.1 140.1 140.1 140.1 140.1 140.1 140.1 140.1 140.1 140.1 140.1 140.1 140.1 140.1 140.1 140.1 140.1 140.1 140.1 140.1 140.1 140.1 140.1 140.1 140.1 140.1 140.1 140.1 140.1 140.1 140.1 140.1 140.1 140.1 140.1 125.6 125.6 125.6 125.6 125.6 125.6 125.6 125.6 125.6 125.6 125.6 125.6 125.6 125.6 125.6 125.6 125.6 125.6 125.6 125.6 125.6 125.6 125.6 125.6 125.6 125.6 125.6 125.6 125.6 
140.3 140.3 140.3 140.3 140.3 140.3 140.3 140.3 140.3 140.3 140.3 140.1 140.1 140.1 140.1 140.1 140.1 140.1 140.1 140.1 140.1 140.1 140.1 140.1 140.1 140.1 140.1 140.1 140.1 140.1 140.1 140.1 140.1 140.1 140.1 140.1 140.1 140.1 140.1 140.1 140.1 140.1 140.1 140.1 140.1 140.1 140.1 140.1 140.1 140.1 140.1 140.1 140.1 140.1 140.1 140.1 140.1 140.1 140.1 140.1 140.1 140.1 140.1 140.1 140.1 140.1 140.1 140.1 140.1 140.1 140.1 125.6 125.6 125.6 125.6 125.6 125.6 125.6 125.6 125.6 125.6 125.6 125.6 125.6 125.6 125.6 125.6 125.6 125.6 125.6 125.6 125.6 125.6 125.6 125.6 125.6 125.6 125.6 125.6 125.6 
140.3 140.3 140.3 140.3 140.3 140.3 140.3 140.3 140.3 140.3 140.3 140.1 140.1 140.1 140.1 140.1 140.1 140.1 140.1 140.1 140.1 140.1 140.1 140.1 140.1 140.1 140.1 140.1 140.1 140.1 140.1 140.1 140.1 140.1 140.1 140.1 140.1 140.1 140.1 140.1 140.1 140.1 140.1 140.1 140.1 140.1 140.1 140.1 140.1 140.1 140.1 140.1 140.1 140.1 140.1 140.1 140.1 140.1 140.1 140.1 140.1 140.1 140.1 140.1 140.1 140.1 140.1 140.1 140.1 140.1 140.1 125.6 125.6 125.6 125.6 125.6 125.6 125.6 125.6 125.6 125.6 125.6 125.6 125.6 125.6 125.6 125.6 125.6 125.6 125.6 125.6 125.6 125.6 125.6 125.6 125.6 125.6 125.6 125.6 125.6 
140.3 140.3 140.3 140.3 140.3 140.3 140.3 140.3 140.3 140.3 140.3 140.1 140.1 140.1 140.1 140.1 140.1 140.1 140.1 140.1 140.1 140.1 140.1 140.1 140.1 140.1 140.1 140.1 140.1 140.1 140.1 140.1 140.1 140.1 140.1 140.1 140.1 140.1 140.1 140.1 140.1 140.1 140.1 140.1 140.1 140.1 140.1 140.1 140.1 140.1 140.1 140.1 140.1 140.1 140.1 140.1 140.1 140.1 140.1 140.1 140.1 140.1 140.1 140.1 140.1 140.1 140.1 140.1 140.1 140.1 140.1 125.6 125.6 125.6 125.6 125.6 125.6 125.6 125.6 125.6 125.6 125.6 125.6 125.6 125.6 125.6 125.6 125.6 125.6 125.6 125.6 125.6 125.6 125.6 125.6 125.6 125.6 125.6 125.6 125.6 
140.3 140.3 140.3 140.3 140.3 140.3 140.3 140.3 140.3 140.3 140.3 140.1 140.1 140.1 140.1 140.1 140.1 140.1 140.1 140.1 140.1 140.1 140.1 140.1 140.1 140.1 140.1 140.1 140.1 140.1 140.1 140.1 140.1 140.1 140.1 140.1 140.1 140.1 140.1 140.1 140.1 140.1 140.1 140.1 140.1 140.1 140.1 140.1 140.1 140.1 140.1 140.1 140.1 140.1 140.1 140.1 140.1 140.1 140.1 140.1 140.1 140.1 140.1 140.1 140.1 140.1 140.1 140.1 140.1 140.1 140.1 125.6 125.6 125.6 125.6 125.6 125.6 125.6 125.6 125.6 125.6 125.6 125.6 125.6 125.6 125.6 125.6 125.6 125.6 125.6 125.6 125.6 125.6 125.6 125.6 125.6 125.6 125.6 125.6 125.6 
140.3 140.3 140.3 140.3 140.3 140.3 140.3 140.3 140.3 140.3 140.3 140.1 140.1 140.1 140.1 140.1 140.1 140.1 140.1 140.1 140.1 140.1 140.1 140.1 140.1 140.1 140.1 140.1 140.1 140.1 140.1 140.1 140.1 140.1 140.1 140.1 140.1 140.1 140.1 140.1 140.1 140.1 140.1 140.1 140.1 140.1 140.1 140.1 140.1 140.1 140.1 140.1 140.1 140.1 140.1 140.1 140.1 140.1 140.1 140.1 140.1 140.1 140.1 140.1 140.1 140.1 140.1 140.1 140.1 140.1 140.1 125.6 125.6 125.6 125.6 125.6 125.6 125.6 125.6 125.6 125.6 125.6 125.6 125.6 125.6 125.6 125.6 125.6 125.6 125.6 125.6 125.6 125.6 125.6 125.6 125.6 125.6 125.6 125.6 125.6 
140.3 140.3 140.3 140.3 140.3 140.3 140.3 140.3 140.3 140.3 140.3 140.1 140.1 140.1 140.1 140.1 140.1 140.1 140.1 140.1 140.1 140.1 140.1 140.1 140.1 140.1 140.1 140.1 140.1 140.1 140.1 140.1 140.1 140.1 140.1 140.1 140.1 140.1 140.1 140.1 140.1 140.1 140.1 140.1 140.1 140.1 140.1 140.1 140.1 140.1 140.1 140.1 140.1 140.1 140.1 140.1 140.1 140.1 140.1 140.1 140.1 140.1 140.1 140.1 140.1 140.1 140.1 140.1 140.1 140.1 140.1 125.6 125.6 125.6 125.6 125.6 125.6 125.6 125.6 125.6 125.6 125.6 125.6 125.6 125.6 125.6 125.6 125.6 125.6 125.6 125.6 125.6 125.6 125.6 125.6 125.6 125.6 125.6 125.6 125.6 
140.3 140.3 140.3 140.3 140.3 140.3 140.3 140.3 140.3 140.3 140.3 140.1 140.1 140.1 140.1 140.1 140.1 140.1 140.1 140.1 140.1 140.1 140.1 140.1 140.1 140.1 140.1 140.1 140.1 140.1 140.1 140.1 140.1 140.1 140.1 140.1 140.1 140.1 140.1 140.1 140.1 140.1 140.1 140.1 140.1 140.1 140.1 140.1 140.1 140.1 140.1 140.1 140.1 140.1 140.1 140.1 140.1 140.1 140.1 140.1 140.1 140.1 140.1 140.1 140.1 140.1 140.1 140.1 140.1 140.1 140.1 125.6 125.6 125.6 125.6 125.6 125.6 125.6 125.6 125.6 125.6 125.6 125.6 125.6 125.6 125.6 125.6 125.6 125.6 125.6 125.6 125.6 125.6 125.6 125.6 125.6 125.6 125.6 125.6 125.6 
140.3 140.3 140.3 140.3 140.3 140.3 140.3 140.3 140.3 140.3 140.3 140.1 140.1 140.1 140.1 140.1 140.1 140.1 140.1 140.1 140.1 140.1 140.1 140.1 140.1 140.1 140.1 140.1 140.1 140.1 140.1 140.1 140.1 140.1 140.1 140.1 140.1 140.1 140.1 140.1 140.1 140.1 140.1 140.1 140.1 140.1 140.1 140.1 140.1 140.1 140.1 140.1 140.1 140.1 140.1 140.1 140.1 140.1 140.1 140.1 140.1 140.1 140.1 140.1 140.1 140.1 140.1 140.1 140.1 140.1 140.1 125.6 125.6 125.6 125.6 125.6 125.6 125.6 125.6 125.6 125.6 125.6 125.6 125.6 125.6 125.6 125.6 125.6 125.6 125.6 125.6 125.6 125.6 125.6 125.6 125.6 125.6 125.6 125.6 125.6 
140.3 140.3 140.3 140.3 140.3 140.3 140.3 140.3 140.3 140.3 140.3 140.1 140.1 140.1 140.1 140.1 140.1 140.1 140.1 140.1 140.1 140.1 140.1 140.1 140.1 140.1 140.1 140.1 140.1 140.1 140.1 140.1 140.1 140.1 140.1 140.1 140.1 140.1 140.1 140.1 140.1 140.1 140.1 140.1 140.1 140.1 140.1 140.1 140.1 140.1 140.1 140.1 140.1 140.1 140.1 140.1 140.1 140.1 140.1 140.1 140.1 140.1 140.1 140.1 140.1 140.1 140.1 140.1 140.1 140.1 140.1 125.6 125.6 125.6 125.6 125.6 125.6 125.6 125.6 125.6 125.6 125.6 125.6 125.6 125.6 125.6 125.6 125.6 125.6 125.6 125.6 125.6 125.6 125.6 125.6 125.6 125.6 125.6 125.6 125.6 
140.3 140.3 140.3 140.3 140.3 140.3 140.3 140.3 140.3 140.3 140.3 140.1 140.1 140.1 140.1 140.1 140.1 140.1 140.1 140.1 140.1 140.1 140.1 140.1 140.1 140.1 140.1 140.1 140.1 140.1 140.1 140.1 140.1 140.1 140.1 140.1 140.1 140.1 140.1 140.1 140.1 140.1 140.1 140.1 140.1 140.1 140.1 140.1 140.1 140.1 140.1 140.1 140.1 140.1 140.1 140.1 140.1 140.1 140.1 140.1 140.1 140.1 140.1 140.1 140.1 140.1 140.1 140.1 140.1 140.1 140.1 125.6 125.6 125.6 125.6 125.6 125.6 125.6 125.6 125.6 125.6 125.6 125.6 125.6 125.6 125.6 125.6 125.6 125.6 125.6 125.6 125.6 125.6 125.6 125.6 125.6 125.6 125.6 125.6 125.6 
140.3 140.3 140.3 140.3 140.3 140.3 140.3 140.3 140.3 140.3 140.3 140.1 140.1 140.1 140.1 140.1 140.1 140.1 140.1 140.1 140.1 140.1 140.1 140.1 140.1 140.1 140.1 140.1 140.1 140.1 140.1 140.1 140.1 140.1 140.1 140.1 140.1 140.1 140.1 140.1 140.1 140.1 140.1 140.1 140.1 140.1 140.1 140.1 140.1 140.1 140.1 140.1 140.1 140.1 140.1 140.1 140.1 140.1 140.1 140.1 140.1 140.1 140.1 140.1 140.1 140.1 140.1 140.1 140.1 140.1 140.1 125.6 125.6 125.6 125.6 125.6 125.6 125.6 125.6 125.6 125.6 125.6 125.6 125.6 125.6 125.6 125.6 125.6 125.6 125.6 125.6 125.6 125.6 125.6 125.6 125.6 125.6 125.6 125.6 125.6 
140.3 140.3 140.3 140.3 140.3 140.3 140.3 140.3 140.3 140.3 140.3 140.1 140.1 140.1 140.1 140.1 140.1 140.1 140.1 140.1 140.1 140.1 140.1 140.1 140.1 140.1 140.1 140.1 140.1 140.1 140.1 140.1 140.1 140.1 140.1 140.1 140.1 140.1 140.1 140.1 140.1 140.1 140.1 140.1 140.1 140.1 140.1 140.1 140.1 140.1 140.1 140.1 140.1 140.1 140.1 140.1 140.1 140.1 140.1 140.1 140.1 140.1 140.1 140.1 140.1 140.1 140.1 140.1 140.1 140.1 140.1 125.6 125.6 125.6 125.6 125.6 125.6 125.6 125.6 125.6 125.6 125.6 125.6 125.6 125.6 125.6 125.6 125.6 125.6 125.6 125.6 125.6 125.6 125.6 125.6 125.6 125.6 125.6 125.6 125.6 
140.3 140.3 140.3 140.3 140.3 140.3 140.3 140.3 140.3 140.3 140.3 140.1 140.1 140.1 140.1 140.1 140.1 140.1 140.1 140.1 140.1 140.1 140.1 140.1 140.1 140.1 140.1 140.1 140.1 140.1 140.1 140.1 140.1 140.1 140.1 140.1 140.1 140.1 140.1 140.1 140.1 140.1 140.1 140.1 140.1 140.1 140.1 140.1 140.1 140.1 140.1 140.1 140.1 140.1 140.1 140.1 140.1 140.1 140.1 140.1 140.1 140.1 140.1 140.1 140.1 140.1 140.1 140.1 140.1 140.1 140.1 125.6 125.6 125.6 125.6 125.6 125.6 125.6 125.6 125.6 125.6 125.6 125.6 125.6 125.6 125.6 125.6 125.6 125.6 125.6 125.6 125.6 125.6 125.6 125.6 125.6 125.6 125.6 125.6 125.6 
140.3 140.3 140.3 140.3 140.3 140.3 140.3 140.3 140.3 140.3 140.3 140.1 140.1 140.1 140.1 140.1 140.1 140.1 140.1 140.1 140.1 140.1 140.1 140.1 140.1 140.1 140.1 140.1 140.1 140.1 140.1 140.1 140.1 140.1 140.1 140.1 140.1 140.1 140.1 140.1 140.1 140.1 140.1 140.1 140.1 140.1 140.1 140.1 140.1 140.1 140.1 140.1 140.1 140.1 140.1 140.1 140.1 140.1 140.1 140.1 140.1 140.1 140.1 140.1 140.1 140.1 140.1 140.1 140.1 140.1 140.1 125.6 125.6 125.6 125.6 125.6 125.6 125.6 125.6 125.6 125.6 125.6 125.6 125.6 125.6 125.6 125.6 125.6 125.6 125.6 125.6 125.6 125.6 125.6 125.6 125.6 125.6 125.6 125.6 125.6 
140.3 140.3 140.3 140.3 140.3 140.3 140.3 140.3 140.3 140.3 140.3 140.1 140.1 140.1 140.1 140.1 140.1 140.1 140.1 140.1 140.1 140.1 140.1 140.1 140.1 140.1 140.1 140.1 140.1 140.1 140.1 140.1 140.1 140.1 140.1 140.1 140.1 140.1 140.1 140.1 140.1 140.1 140.1 140.1 140.1 140.1 140.1 140.1 140.1 140.1 140.1 140.1 140.1 140.1 140.1 140.1 140.1 140.1 140.1 140.1 140.1 140.1 140.1 140.1 140.1 140.1 140.1 140.1 140.1 140.1 140.1 125.6 125.6 125.6 125.6 125.6 125.6 125.6 125.6 125.6 125.6 125.6 125.6 125.6 125.6 125.6 125.6 125.6 125.6 125.6 125.6 125.6 125.6 125.6 125.6 125.6 125.6 125.6 125.6 125.6 
140.3 140.3 140.3 140.3 140.3 140.3 140.3 140.3 140.3 140.3 140.3 140.1 140.1 140.1 140.1 140.1 140.1 140.1 140.1 140.1 140.1 140.1 140.1 140.1 140.1 140.1 140.1 140.1 140.1 140.1 140.1 140.1 140.1 140.1 140.1 140.1 140.1 140.1 140.1 140.1 140.1 140.1 140.1 140.1 140.1 140.1 140.1 140.1 140.1 140.1 140.1 140.1 140.1 140.1 140.1 140.1 140.1 140.1 140.1 140.1 140.1 140.1 140.1 140.1 140.1 140.1 140.1 140.1 140.1 140.1 140.1 125.6 125.6 125.6 125.6 125.6 125.6 125.6 125.6 125.6 125.6 125.6 125.6 125.6 125.6 125.6 125.6 125.6 125.6 125.6 125.6 125.6 125.6 125.6 125.6 125.6 125.6 125.6 125.6 125.6 
140.3 140.3 140.3 140.3 140.3 140.3 140.3 140.3 140.3 140.3 140.3 140.1 140.1 140.1 140.1 140.1 140.1 140.1 140.1 140.1 140.1 140.1 140.1 140.1 140.1 140.1 140.1 140.1 140.1 140.1 140.1 140.1 140.1 140.1 140.1 140.1 140.1 140.1 140.1 140.1 140.1 140.1 140.1 140.1 140.1 140.1 140.1 140.1 140.1 140.1 140.1 140.1 140.1 140.1 140.1 140.1 140.1 140.1 140.1 140.1 140.1 140.1 140.1 140.1 140.1 140.1 140.1 140.1 140.1 140.1 140.1 125.6 125.6 125.6 125.6 125.6 125.6 125.6 125.6 125.6 125.6 125.6 125.6 125.6 125.6 125.6 125.6 125.6 125.6 125.6 125.6 125.6 125.6 125.6 125.6 125.6 125.6 125.6 125.6 125.6 
140.3 140.3 140.3 140.3 140.3 140.3 140.3 140.3 140.3 140.3 140.3 140.1 140.1 140.1 140.1 140.1 140.1 140.1 140.1 140.1 140.1 140.1 140.1 140.1 140.1 140.1 140.1 140.1 140.1 140.1 140.1 140.1 140.1 140.1 140.1 140.1 140.1 140.1 140.1 140.1 140.1 140.1 140.1 140.1 140.1 140.1 140.1 140.1 140.1 140.1 140.1 140.1 140.1 140.1 140.1 140.1 140.1 140.1 140.1 140.1 140.1 140.1 140.1 140.1 140.1 140.1 140.1 140.1 140.1 140.1 140.1 125.6 125.6 125.6 125.6 125.6 125.6 125.6 125.6 125.6 125.6 125.6 125.6 125.6 125.6 125.6 125.6 125.6 125.6 125.6 125.6 125.6 125.6 125.6 125.6 125.6 125.6 125.6 125.6 125.6 
140.3 140.3 140.3 140.3 140.3 140.3 140.3 140.3 140.3 140.3 140.3 140.1 140.1 140.1 140.1 140.1 140.1 140.1 140.1 140.1 140.1 140.1 140.1 140.1 140.1 140.1 140.1 140.1 140.1 140.1 140.1 140.1 140.1 140.1 140.1 140.1 140.1 140.1 140.1 140.1 140.1 140.1 140.1 140.1 140.1 140.1 140.1 140.1 140.1 140.1 140.1 140.1 140.1 140.1 140.1 140.1 140.1 140.1 140.1 140.1 140.1 140.1 140.1 140.1 140.1 140.1 140.1 140.1 140.1 140.1 140.1 125.6 125.6 125.6 125.6 125.6 125.6 125.6 125.6 125.6 125.6 125.6 125.6 125.6 125.6 125.6 125.6 125.6 125.6 125.6 125.6 125.6 125.6 125.6 125.6 125.6 125.6 125.6 125.6 125.6 
168.1 168.1 168.1 168.1 168.1 168.1 168.1 168.1 168.1 168.1 168.1 162.3 162.3 162.3 162.3 162.3 162.3 162.3 162.3 162.3 162.3 162.3 162.3 162.3 162.3 162.3 162.3 162.3 162.3 162.3 162.3 162.3 162.3 162.3 162.3 162.3 162.3 162.3 162.3 162.3 162.3 162.3 162.3 162.3 162.3 162.3 162.3 162.3 162.3 162.3 162.3 162.3 162.3 162.3 162.3 162.3 162.3 162.3 162.3 162.3 162.3 162.3 162.3 162.3 162.3 162.3 162.3 162.3 162.3 162.3 162.3 139.2 139.2 139.2 139.2 139.2 139.2 139.2 139.2 139.2 139.2 139.2 139.2 139.2 139.2 139.2 139.2 139.2 139.2 139.2 139.2 139.2 139.2 139.2 139.2 139.2 139.2 139.2 139.2 139.2 
168.1 168.1 168.1 168.1 168.1 168.1 168.1 168.1 168.1 168.1 168.1 162.3 162.3 162.3 162.3 162.3 162.3 162.3 162.3 162.3 162.3 162.3 162.3 162.3 162.3 162.3 162.3 162.3 162.3 162.3 162.3 162.3 162.3 162.3 162.3 162.3 162.3 162.3 162.3 162.3 162.3 162.3 162.3 162.3 162.3 162.3 162.3 162.3 162.3 162.3 162.3 162.3 162.3 162.3 162.3 162.3 162.3 162.3 162.3 162.3 162.3 162.3 162.3 162.3 162.3 162.3 162.3 162.3 162.3 162.3 162.3 139.2 139.2 139.2 139.2 139.2 139.2 139.2 139.2 139.2 139.2 139.2 139.2 139.2 139.2 139.2 139.2 139.2 139.2 139.2 139.2 139.2 139.2 139.2 139.2 139.2 139.2 139.2 139.2 139.2 
168.1 168.1 168.1 168.1 168.1 168.1 168.1 168.1 168.1 168.1 168.1 162.3 162.3 162.3 162.3 162.3 162.3 162.3 162.3 162.3 162.3 162.3 162.3 162.3 162.3 162.3 162.3 162.3 162.3 162.3 162.3 162.3 162.3 162.3 162.3 162.3 162.3 162.3 162.3 162.3 162.3 162.3 162.3 162.3 162.3 162.3 162.3 162.3 162.3 162.3 162.3 162.3 162.3 162.3 162.3 162.3 162.3 162.3 162.3 162.3 162.3 162.3 162.3 162.3 162.3 162.3 162.3 162.3 162.3 162.3 162.3 139.2 139.2 139.2 139.2 139.2 139.2 139.2 139.2 139.2 139.2 139.2 139.2 139.2 139.2 139.2 139.2 139.2 139.2 139.2 139.2 139.2 139.2 139.2 139.2 139.2 139.2 139.2 139.2 139.2 
168.1 168.1 168.1 168.1 168.1 168.1 168.1 168.1 168.1 168.1 168.1 162.3 162.3 162.3 162.3 162.3 162.3 162.3 162.3 162.3 162.3 162.3 162.3 162.3 162.3 162.3 162.3 162.3 162.3 162.3 162.3 162.3 162.3 162.3 162.3 162.3 162.3 162.3 162.3 162.3 162.3 162.3 162.3 162.3 162.3 162.3 162.3 162.3 162.3 162.3 162.3 162.3 162.3 162.3 162.3 162.3 162.3 162.3 162.3 162.3 162.3 162.3 162.3 162.3 162.3 162.3 162.3 162.3 162.3 162.3 162.3 139.2 139.2 139.2 139.2 139.2 139.2 139.2 139.2 139.2 139.2 139.2 139.2 139.2 139.2 139.2 139.2 139.2 139.2 139.2 139.2 139.2 139.2 139.2 139.2 139.2 139.2 139.2 139.2 139.2 
168.1 168.1 168.1 168.1 168.1 168.1 168.1 168.1 168.1 168.1 168.1 162.3 162.3 162.3 162.3 162.3 162.3 162.3 162.3 162.3 162.3 162.3 162.3 162.3 162.3 162.3 162.3 162.3 162.3 162.3 162.3 162.3 162.3 162.3 162.3 162.3 162.3 162.3 162.3 162.3 162.3 162.3 162.3 162.3 162.3 162.3 162.3 162.3 162.3 162.3 162.3 162.3 162.3 162.3 162.3 162.3 162.3 162.3 162.3 162.3 162.3 162.3 162.3 162.3 162.3 162.3 162.3 162.3 162.3 162.3 162.3 139.2 139.2 139.2 139.2 139.2 139.2 139.2 139.2 139.2 139.2 139.2 139.2 139.2 139.2 139.2 139.2 139.2 139.2 139.2 139.2 139.2 139.2 139.2 139.2 139.2 139.2 139.2 139.2 139.2 
168.1 168.1 168.1 168.1 168.1 168.1 168.1 168.1 168.1 168.1 168.1 162.3 162.3 162.3 162.3 162.3 162.3 162.3 162.3 162.3 162.3 162.3 162.3 162.3 162.3 162.3 162.3 162.3 162.3 162.3 162.3 162.3 162.3 162.3 162.3 162.3 162.3 162.3 162.3 162.3 162.3 162.3 162.3 162.3 162.3 162.3 162.3 162.3 162.3 162.3 162.3 162.3 162.3 162.3 162.3 162.3 162.3 162.3 162.3 162.3 162.3 162.3 162.3 162.3 162.3 162.3 162.3 162.3 162.3 162.3 162.3 139.2 139.2 139.2 139.2 139.2 139.2 139.2 139.2 139.2 139.2 139.2 139.2 139.2 139.2 139.2 139.2 139.2 139.2 139.2 139.2 139.2 139.2 139.2 139.2 139.2 139.2 139.2 139.2 139.2 
168.1 168.1 168.1 168.1 168.1 168.1 168.1 168.1 168.1 168.1 168.1 162.3 162.3 162.3 162.3 162.3 162.3 162.3 162.3 162.3 162.3 162.3 162.3 162.3 162.3 162.3 162.3 162.3 162.3 162.3 162.3 162.3 162.3 162.3 162.3 162.3 162.3 162.3 162.3 162.3 162.3 162.3 162.3 162.3 162.3 162.3 162.3 162.3 162.3 162.3 162.3 162.3 162.3 162.3 162.3 162.3 162.3 162.3 162.3 162.3 162.3 162.3 162.3 162.3 162.3 162.3 162.3 162.3 162.3 162.3 162.3 139.2 139.2 139.2 139.2 139.2 139.2 139.2 139.2 139.2 139.2 139.2 139.2 139.2 139.2 139.2 139.2 139.2 139.2 139.2 139.2 139.2 139.2 139.2 139.2 139.2 139.2 139.2 139.2 139.2 
168.1 168.1 168.1 168.1 168.1 168.1 168.1 168.1 168.1 168.1 168.1 162.3 162.3 162.3 162.3 162.3 162.3 162.3 162.3 162.3 162.3 162.3 162.3 162.3 162.3 162.3 162.3 162.3 162.3 162.3 162.3 162.3 162.3 162.3 162.3 162.3 162.3 162.3 162.3 162.3 162.3 162.3 162.3 162.3 162.3 162.3 162.3 162.3 162.3 162.3 162.3 162.3 162.3 162.3 162.3 162.3 162.3 162.3 162.3 162.3 162.3 162.3 162.3 162.3 162.3 162.3 162.3 162.3 162.3 162.3 162.3 139.2 139.2 139.2 139.2 139.2 139.2 139.2 139.2 139.2 139.2 139.2 139.2 139.2 139.2 139.2 139.2 139.2 139.2 139.2 139.2 139.2 139.2 139.2 139.2 139.2 139.2 139.2 139.2 139.2 
168.1 168.1 168.1 168.1 168.1 168.1 168.1 168.1 168.1 168.1 168.1 162.3 162.3 162.3 162.3 162.3 162.3 162.3 162.3 162.3 162.3 162.3 162.3 162.3 162.3 162.3 162.3 162.3 162.3 162.3 162.3 162.3 162.3 162.3 162.3 162.3 162.3 162.3 162.3 162.3 162.3 162.3 162.3 162.3 162.3 162.3 162.3 162.3 162.3 162.3 162.3 162.3 162.3 162.3 162.3 162.3 162.3 162.3 162.3 162.3 162.3 162.3 162.3 162.3 162.3 162.3 162.3 162.3 162.3 162.3 162.3 139.2 139.2 139.2 139.2 139.2 139.2 139.2 139.2 139.2 139.2 139.2 139.2 139.2 139.2 139.2 139.2 139.2 139.2 139.2 139.2 139.2 139.2 139.2 139.2 139.2 139.2 139.2 139.2 139.2 
168.1 168.1 168.1 168.1 168.1 168.1 168.1 168.1 168.1 168.1 168.1 162.3 162.3 162.3 162.3 162.3 162.3 162.3 162.3 162.3 162.3 162.3 162.3 162.3 162.3 162.3 162.3 162.3 162.3 162.3 162.3 162.3 162.3 162.3 162.3 162.3 162.3 162.3 162.3 162.3 162.3 162.3 162.3 162.3 162.3 162.3 162.3 162.3 162.3 162.3 162.3 162.3 162.3 162.3 162.3 162.3 162.3 162.3 162.3 162.3 162.3 162.3 162.3 162.3 162.3 162.3 162.3 162.3 162.3 162.3 162.3 139.2 139.2 139.2 139.2 139.2 139.2 139.2 139.2 139.2 139.2 139.2 139.2 139.2 139.2 139.2 139.2 139.2 139.2 139.2 139.2 139.2 139.2 139.2 139.2 139.2 139.2 139.2 139.2 139.2 
168.1 168.1 168.1 168.1 168.1 168.1 168.1 168.1 168.1 168.1 168.1 162.3 162.3 162.3 162.3 162.3 162.3 162.3 162.3 162.3 162.3 162.3 162.3 162.3 162.3 162.3 162.3 162.3 162.3 162.3 162.3 162.3 162.3 162.3 162.3 162.3 162.3 162.3 162.3 162.3 162.3 162.3 162.3 162.3 162.3 162.3 162.3 162.3 162.3 162.3 162.3 162.3 162.3 162.3 162.3 162.3 162.3 162.3 162.3 162.3 162.3 162.3 162.3 162.3 162.3 162.3 162.3 162.3 162.3 162.3 162.3 139.2 139.2 139.2 139.2 139.2 139.2 139.2 139.2 139.2 139.2 139.2 139.2 139.2 139.2 139.2 139.2 139.2 139.2 139.2 139.2 139.2 139.2 139.2 139.2 139.2 139.2 139.2 139.2 139.2 
168.1 168.1 168.1 168.1 168.1 168.1 168.1 168.1 168.1 168.1 168.1 162.3 162.3 162.3 162.3 162.3 162.3 162.3 162.3 162.3 162.3 162.3 162.3 162.3 162.3 162.3 162.3 162.3 162.3 162.3 162.3 162.3 162.3 162.3 162.3 162.3 162.3 162.3 162.3 162.3 162.3 162.3 162.3 162.3 162.3 162.3 162.3 162.3 162.3 162.3 162.3 162.3 162.3 162.3 162.3 162.3 162.3 162.3 162.3 162.3 162.3 162.3 162.3 162.3 162.3 162.3 162.3 162.3 162.3 162.3 162.3 139.2 139.2 139.2 139.2 139.2 139.2 139.2 139.2 139.2 139.2 139.2 139.2 139.2 139.2 139.2 139.2 139.2 139.2 139.2 139.2 139.2 139.2 139.2 139.2 139.2 139.2 139.2 139.2 139.2 
168.1 168.1 168.1 168.1 168.1 168.1 168.1 168.1 168.1 168.1 168.1 162.3 162.3 162.3 162.3 162.3 162.3 162.3 162.3 162.3 162.3 162.3 162.3 162.3 162.3 162.3 162.3 162.3 162.3 162.3 162.3 162.3 162.3 162.3 162.3 162.3 162.3 162.3 162.3 162.3 162.3 162.3 162.3 162.3 162.3 162.3 162.3 162.3 162.3 162.3 162.3 162.3 162.3 162.3 162.3 162.3 162.3 162.3 162.3 162.3 162.3 162.3 162.3 162.3 162.3 162.3 162.3 162.3 162.3 162.3 162.3 139.2 139.2 139.2 139.2 139.2 139.2 139.2 139.2 139.2 139.2 139.2 139.2 139.2 139.2 139.2 139.2 139.2 139.2 139.2 139.2 139.2 139.2 139.2 139.2 139.2 139.2 139.2 139.2 139.2 
168.1 168.1 168.1 168.1 168.1 168.1 168.1 168.1 168.1 168.1 168.1 162.3 162.3 162.3 162.3 162.3 162.3 162.3 162.3 162.3 162.3 162.3 162.3 162.3 162.3 162.3 162.3 162.3 162.3 162.3 162.3 162.3 162.3 162.3 162.3 162.3 162.3 162.3 162.3 162.3 162.3 162.3 162.3 162.3 162.3 162.3 162.3 162.3 162.3 162.3 162.3 162.3 162.3 162.3 162.3 162.3 162.3 162.3 162.3 162.3 162.3 162.3 162.3 162.3 162.3 162.3 162.3 162.3 162.3 162.3 162.3 139.2 139.2 139.2 139.2 139.2 139.2 139.2 139.2 139.2 139.2 139.2 139.2 139.2 139.2 139.2 139.2 139.2 139.2 139.2 139.2 139.2 139.2 139.2 139.2 139.2 139.2 139.2 139.2 139.2 
168.1 168.1 168.1 168.1 168.1 168.1 168.1 168.1 168.1 168.1 168.1 162.3 162.3 162.3 162.3 162.3 162.3 162.3 162.3 162.3 162.3 162.3 162.3 162.3 162.3 162.3 162.3 162.3 162.3 162.3 162.3 162.3 162.3 162.3 162.3 162.3 162.3 162.3 162.3 162.3 162.3 162.3 162.3 162.3 162.3 162.3 162.3 162.3 162.3 162.3 162.3 162.3 162.3 162.3 162.3 162.3 162.3 162.3 162.3 162.3 162.3 162.3 162.3 162.3 162.3 162.3 162.3 162.3 162.3 162.3 162.3 139.2 139.2 139.2 139.2 139.2 139.2 139.2 139.2 139.2 139.2 139.2 139.2 139.2 139.2 139.2 139.2 139.2 139.2 139.2 139.2 139.2 139.2 139.2 139.2 139.2 139.2 139.2 139.2 139.2 
168.1 168.1 168.1 168.1 168.1 168.1 168.1 168.1 168.1 168.1 168.1 162.3 162.3 162.3 162.3 162.3 162.3 162.3 162.3 162.3 162.3 162.3 162.3 162.3 162.3 162.3 162.3 162.3 162.3 162.3 162.3 162.3 162.3 162.3 162.3 162.3 162.3 162.3 162.3 162.3 162.3 162.3 162.3 162.3 162.3 162.3 162.3 162.3 162.3 162.3 162.3 162.3 162.3 162.3 162.3 162.3 162.3 162.3 162.3 162.3 162.3 162.3 162.3 162.3 162.3 162.3 162.3 162.3 162.3 162.3 162.3 139.2 139.2 139.2 139.2 139.2 139.2 139.2 139.2 139.2 139.2 139.2 139.2 139.2 139.2 139.2 139.2 139.2 139.2 139.2 139.2 139.2 139.2 139.2 139.2 139.2 139.2 139.2 139.2 139.2 
168.1 168.1 168.1 168.1 168.1 168.1 168.1 168.1 168.1 168.1 168.1 162.3 162.3 162.3 162.3 162.3 162.3 162.3 162.3 162.3 162.3 162.3 162.3 162.3 162.3 162.3 162.3 162.3 162.3 162.3 162.3 162.3 162.3 162.3 162.3 162.3 162.3 162.3 162.3 162.3 162.3 162.3 162.3 162.3 162.3 162.3 162.3 162.3 162.3 162.3 162.3 162.3 162.3 162.3 162.3 162.3 162.3 162.3 162.3 162.3 162.3 162.3 162.3 162.3 162.3 162.3 162.3 162.3 162.3 162.3 162.3 139.2 139.2 139.2 139.2 139.2 139.2 139.2 139.2 139.2 139.2 139.2 139.2 139.2 139.2 139.2 139.2 139.2 139.2 139.2 139.2 139.2 139.2 139.2 139.2 139.2 139.2 139.2 139.2 139.2 
168.1 168.1 168.1 168.1 168.1 168.1 168.1 168.1 168.1 168.1 168.1 162.3 162.3 162.3 162.3 162.3 162.3 162.3 162.3 162.3 162.3 162.3 162.3 162.3 162.3 162.3 162.3 162.3 162.3 162.3 162.3 162.3 162.3 162.3 162.3 162.3 162.3 162.3 162.3 162.3 162.3 162.3 162.3 162.3 162.3 162.3 162.3 162.3 162.3 162.3 162.3 162.3 162.3 162.3 162.3 162.3 162.3 162.3 162.3 162.3 162.3 162.3 162.3 162.3 162.3 162.3 162.3 162.3 162.3 162.3 162.3 139.2 139.2 139.2 139.2 139.2 139.2 139.2 139.2 139.2 139.2 139.2 139.2 139.2 139.2 139.2 139.2 139.2 139.2 139.2 139.2 139.2 139.2 139.2 139.2 139.2 139.2 139.2 139.2 139.2 
168.1 168.1 168.1 168.1 168.1 168.1 168.1 168.1 168.1 168.1 168.1 162.3 162.3 162.3 162.3 162.3 162.3 162.3 162.3 162.3 162.3 162.3 162.3 162.3 162.3 162.3 162.3 162.3 162.3 162.3 162.3 162.3 162.3 162.3 162.3 162.3 162.3 162.3 162.3 162.3 162.3 162.3 162.3 162.3 162.3 162.3 162.3 162.3 162.3 162.3 162.3 162.3 162.3 162.3 162.3 162.3 162.3 162.3 162.3 162.3 162.3 162.3 162.3 162.3 162.3 162.3 162.3 162.3 162.3 162.3 162.3 139.2 139.2 139.2 139.2 139.2 139.2 139.2 139.2 139.2 139.2 139.2 139.2 139.2 139.2 139.2 139.2 139.2 139.2 139.2 139.2 139.2 139.2 139.2 139.2 139.2 139.2 139.2 139.2 139.2 
168.1 168.1 168.1 168.1 168.1 168.1 168.1 168.1 168.1 168.1 168.1 162.3 162.3 162.3 162.3 162.3 162.3 162.3 162.3 162.3 162.3 162.3 162.3 162.3 162.3 162.3 162.3 162.3 162.3 162.3 162.3 162.3 162.3 162.3 162.3 162.3 162.3 162.3 162.3 162.3 162.3 162.3 162.3 162.3 162.3 162.3 162.3 162.3 162.3 162.3 162.3 162.3 162.3 162.3 162.3 162.3 162.3 162.3 162.3 162.3 162.3 162.3 162.3 162.3 162.3 162.3 162.3 162.3 162.3 162.3 162.3 139.2 139.2 139.2 139.2 139.2 139.2 139.2 139.2 139.2 139.2 139.2 139.2 139.2 139.2 139.2 139.2 139.2 139.2 139.2 139.2 139.2 139.2 139.2 139.2 139.2 139.2 139.2 139.2 139.2 
168.1 168.1 168.1 168.1 168.1 168.1 168.1 168.1 168.1 168.1 168.1 162.3 162.3 162.3 162.3 162.3 162.3 162.3 162.3 162.3 162.3 162.3 162.3 162.3 162.3 162.3 162.3 162.3 162.3 162.3 162.3 162.3 162.3 162.3 162.3 162.3 162.3 162.3 162.3 162.3 162.3 162.3 162.3 162.3 162.3 162.3 162.3 162.3 162.3 162.3 162.3 162.3 162.3 162.3 162.3 162.3 162.3 162.3 162.3 162.3 162.3 162.3 162.3 162.3 162.3 162.3 162.3 162.3 162.3 162.3 162.3 139.2 139.2 139.2 139.2 139.2 139.2 139.2 139.2 139.2 139.2 139.2 139.2 139.2 139.2 139.2 139.2 139.2 139.2 139.2 139.2 139.2 139.2 139.2 139.2 139.2 139.2 139.2 139.2 139.2 
168.1 168.1 168.1 168.1 168.1 168.1 168.1 168.1 168.1 168.1 168.1 162.3 162.3 162.3 162.3 162.3 162.3 162.3 162.3 162.3 162.3 162.3 162.3 162.3 162.3 162.3 162.3 162.3 162.3 162.3 162.3 162.3 162.3 162.3 162.3 162.3 162.3 162.3 162.3 162.3 162.3 162.3 162.3 162.3 162.3 162.3 162.3 162.3 162.3 162.3 162.3 162.3 162.3 162.3 162.3 162.3 162.3 162.3 162.3 162.3 162.3 162.3 162.3 162.3 162.3 162.3 162.3 162.3 162.3 162.3 162.3 139.2 139.2 139.2 139.2 139.2 139.2 139.2 139.2 139.2 139.2 139.2 139.2 139.2 139.2 139.2 139.2 139.2 139.2 139.2 139.2 139.2 139.2 139.2 139.2 139.2 139.2 139.2 139.2 139.2 
168.1 168.1 168.1 168.1 168.1 168.1 168.1 168.1 168.1 168.1 168.1 162.3 162.3 162.3 162.3 162.3 162.3 162.3 162.3 162.3 162.3 162.3 162.3 162.3 162.3 162.3 162.3 162.3 162.3 162.3 162.3 162.3 162.3 162.3 162.3 162.3 162.3 162.3 162.3 162.3 162.3 162.3 162.3 162.3 162.3 162.3 162.3 162.3 162.3 162.3 162.3 162.3 162.3 162.3 162.3 162.3 162.3 162.3 162.3 162.3 162.3 162.3 162.3 162.3 162.3 162.3 162.3 162.3 162.3 162.3 162.3 139.2 139.2 139.2 139.2 139.2 139.2 139.2 139.2 139.2 139.2 139.2 139.2 139.2 139.2 139.2 139.2 139.2 139.2 139.2 139.2 139.2 139.2 139.2 139.2 139.2 139.2 139.2 139.2 139.2 
168.1 168.1 168.1 168.1 168.1 168.1 168.1 168.1 168.1 168.1 168.1 162.3 162.3 162.3 162.3 162.3 162.3 162.3 162.3 162.3 162.3 162.3 162.3 162.3 162.3 162.3 162.3 162.3 162.3 162.3 162.3 162.3 162.3 162.3 162.3 162.3 162.3 162.3 162.3 162.3 162.3 162.3 162.3 162.3 162.3 162.3 162.3 162.3 162.3 162.3 162.3 162.3 162.3 162.3 162.3 162.3 162.3 162.3 162.3 162.3 162.3 162.3 162.3 162.3 162.3 162.3 162.3 162.3 162.3 162.3 162.3 139.2 139.2 139.2 139.2 139.2 139.2 139.2 139.2 139.2 139.2 139.2 139.2 139.2 139.2 139.2 139.2 139.2 139.2 139.2 139.2 139.2 139.2 139.2 139.2 139.2 139.2 139.2 139.2 139.2 
168.1 168.1 168.1 168.1 168.1 168.1 168.1 168.1 168.1 168.1 168.1 162.3 162.3 162.3 162.3 162.3 162.3 162.3 162.3 162.3 162.3 162.3 162.3 162.3 162.3 162.3 162.3 162.3 162.3 162.3 162.3 162.3 162.3 162.3 162.3 162.3 162.3 162.3 162.3 162.3 162.3 162.3 162.3 162.3 162.3 162.3 162.3 162.3 162.3 162.3 162.3 162.3 162.3 162.3 162.3 162.3 162.3 162.3 162.3 162.3 162.3 162.3 162.3 162.3 162.3 162.3 162.3 162.3 162.3 162.3 162.3 139.2 139.2 139.2 139.2 139.2 139.2 139.2 139.2 139.2 139.2 139.2 139.2 139.2 139.2 139.2 139.2 139.2 139.2 139.2 139.2 139.2 139.2 139.2 139.2 139.2 139.2 139.2 139.2 139.2 
168.1 168.1 168.1 168.1 168.1 168.1 168.1 168.1 168.1 168.1 168.1 162.3 162.3 162.3 162.3 162.3 162.3 162.3 162.3 162.3 162.3 162.3 162.3 162.3 162.3 162.3 162.3 162.3 162.3 162.3 162.3 162.3 162.3 162.3 162.3 162.3 162.3 162.3 162.3 162.3 162.3 162.3 162.3 162.3 162.3 162.3 162.3 162.3 162.3 162.3 162.3 162.3 162.3 162.3 162.3 162.3 162.3 162.3 162.3 162.3 162.3 162.3 162.3 162.3 162.3 162.3 162.3 162.3 162.3 162.3 162.3 139.2 139.2 139.2 139.2 139.2 139.2 139.2 139.2 139.2 139.2 139.2 139.2 139.2 139.2 139.2 139.2 139.2 139.2 139.2 139.2 139.2 139.2 139.2 139.2 139.2 139.2 139.2 139.2 139.2 
168.1 168.1 168.1 168.1 168.1 168.1 168.1 168.1 168.1 168.1 168.1 162.3 162.3 162.3 162.3 162.3 162.3 162.3 162.3 162.3 162.3 162.3 162.3 162.3 162.3 162.3 162.3 162.3 162.3 162.3 162.3 162.3 162.3 162.3 162.3 162.3 162.3 162.3 162.3 162.3 162.3 162.3 162.3 162.3 162.3 162.3 162.3 162.3 162.3 162.3 162.3 162.3 162.3 162.3 162.3 162.3 162.3 162.3 162.3 162.3 162.3 162.3 162.3 162.3 162.3 162.3 162.3 162.3 162.3 162.3 162.3 139.2 139.2 139.2 139.2 139.2 139.2 139.2 139.2 139.2 139.2 139.2 139.2 139.2 139.2 139.2 139.2 139.2 139.2 139.2 139.2 139.2 139.2 139.2 139.2 139.2 139.2 139.2 139.2 139.2 
168.1 168.1 168.1 168.1 168.1 168.1 168.1 168.1 168.1 168.1 168.1 162.3 162.3 162.3 162.3 162.3 162.3 162.3 162.3 162.3 162.3 162.3 162.3 162.3 162.3 162.3 162.3 162.3 162.3 162.3 162.3 162.3 162.3 162.3 162.3 162.3 162.3 162.3 162.3 162.3 162.3 162.3 162.3 162.3 162.3 162.3 162.3 162.3 162.3 162.3 162.3 162.3 162.3 162.3 162.3 162.3 162.3 162.3 162.3 162.3 162.3 162.3 162.3 162.3 162.3 162.3 162.3 162.3 162.3 162.3 162.3 139.2 139.2 139.2 139.2 139.2 139.2 139.2 139.2 139.2 139.2 139.2 139.2 139.2 139.2 139.2 139.2 139.2 139.2 139.2 139.2 139.2 139.2 139.2 139.2 139.2 139.2 139.2 139.2 139.2 
168.1 168.1 168.1 168.1 168.1 168.1 168.1 168.1 168.1 168.1 168.1 162.3 162.3 162.3 162.3 162.3 162.3 162.3 162.3 162.3 162.3 162.3 162.3 162.3 162.3 162.3 162.3 162.3 162.3 162.3 162.3 162.3 162.3 162.3 162.3 162.3 162.3 162.3 162.3 162.3 162.3 162.3 162.3 162.3 162.3 162.3 162.3 162.3 162.3 162.3 162.3 162.3 162.3 162.3 162.3 162.3 162.3 162.3 162.3 162.3 162.3 162.3 162.3 162.3 162.3 162.3 162.3 162.3 162.3 162.3 162.3 139.2 139.2 139.2 139.2 139.2 139.2 139.2 139.2 139.2 139.2 139.2 139.2 139.2 139.2 139.2 139.2 139.2 139.2 139.2 139.2 139.2 139.2 139.2 139.2 139.2 139.2 139.2 139.2 139.2 
168.1 168.1 168.1 168.1 168.1 168.1 168.1 168.1 168.1 168.1 168.1 162.3 162.3 162.3 162.3 162.3 162.3 162.3 162.3 162.3 162.3 162.3 162.3 162.3 162.3 162.3 162.3 162.3 162.3 162.3 162.3 162.3 162.3 162.3 162.3 162.3 162.3 162.3 162.3 162.3 162.3 162.3 162.3 162.3 162.3 162.3 162.3 162.3 162.3 162.3 162.3 162.3 162.3 162.3 162.3 162.3 162.3 162.3 162.3 162.3 162.3 162.3 162.3 162.3 162.3 162.3 162.3 162.3 162.3 162.3 162.3 139.2 139.2 139.2 139.2 139.2 139.2 139.2 139.2 139.2 139.2 139.2 139.2 139.2 139.2 139.2 139.2 139.2 139.2 139.2 139.2 139.2 139.2 139.2 139.2 139.2 139.2 139.2 139.2 139.2 
168.1 168.1 168.1 168.1 168.1 168.1 168.1 168.1 168.1 168.1 168.1 162.3 162.3 162.3 162.3 162.3 162.3 162.3 162.3 162.3 162.3 162.3 162.3 162.3 162.3 162.3 162.3 162.3 162.3 162.3 162.3 162.3 162.3 162.3 162.3 162.3 162.3 162.3 162.3 162.3 162.3 162.3 162.3 162.3 162.3 162.3 162.3 162.3 162.3 162.3 162.3 162.3 162.3 162.3 162.3 162.3 162.3 162.3 162.3 162.3 162.3 162.3 162.3 162.3 162.3 162.3 162.3 162.3 162.3 162.3 162.3 139.2 139.2 139.2 139.2 139.2 139.2 139.2 139.2 139.2 139.2 139.2 139.2 139.2 139.2 139.2 139.2 139.2 139.2 139.2 139.2 139.2 139.2 139.2 139.2 139.2 139.2 139.2 139.2 139.2 
