ncols         100
nrows         100
xllcorner     -59982.863281
yllcorner     1851083.022172
cellsize      1000
NODATA_value  -9999
153.4 153.4 153.4 153.4 153.4 153.4 153.4 153.4 153.4 153.4 153.4 153 153 153 153 153 153 153 153 153 153 153 153 153 153 153 153 153 153 153 153 153 153 153 153 153 153 153 153 153 153 153 153 153 153 153 153 153 153 153 153 153 153 153 153 153 153 153 153 153 153 153 153 153 153 153 153 153 153 153 153 145.4 145.4 145.4 145.4 145.4 145.4 145.4 145.4 145.4 145.4 145.4 145.4 145.4 145.4 145.4 145.4 145.4 145.4 145.4 145.4 145.4 145.4 145.4 145.4 145.4 145.4 145.4 145.4 145.4 
153.4 153.4 153.4 153.4 153.4 153.4 153.4 153.4 153.4 153.4 153.4 153 153 153 153 153 153 153 153 153 153 153 153 153 153 153 153 153 153 153 153 153 153 153 153 153 153 153 153 153 153 153 153 153 153 153 153 153 153 153 153 153 153 153 153 153 153 153 153 153 153 153 153 153 153 153 153 153 153 153 153 145.4 145.4 145.4 145.4 145.4 145.4 145.4 145.4 145.4 145.4 145.4 145.4 145.4 145.4 145.4 145.4 145.4 145.4 145.4 145.4 145.4 145.4 145.4 145.4 145.4 145.4 145.4 145.4 145.4 
153.4 153.4 153.4 153.4 153.4 153.4 153.4 153.4 153.4 153.4 153.4 153 153 153 153 153 153 153 153 153 153 153 153 153 153 153 153 153 153 153 153 153 153 153 153 153 153 153 153 153 153 153 153 153 153 153 153 153 153 153 153 153 153 153 153 153 153 153 153 153 153 153 153 153 153 153 153 153 153 153 153 145.4 145.4 145.4 145.4 145.4 145.4 145.4 145.4 145.4 145.4 145.4 145.4 145.4 145.4 145.4 145.4 145.4 145.4 145.4 145.4 145.4 145.4 145.4 145.4 145.4 145.4 145.4 145.4 145.4 
153.4 153.4 153.4 153.4 153.4 153.4 153.4 153.4 153.4 153.4 153.4 153 153 153 153 153 153 153 153 153 153 153 153 153 153 153 153 153 153 153 153 153 153 153 153 153 153 153 153 153 153 153 153 153 153 153 153 153 153 153 153 153 153 153 153 153 153 153 153 153 153 153 153 153 153 153 153 153 153 153 153 145.4 145.4 145.4 145.4 145.4 145.4 145.4 145.4 145.4 145.4 145.4 145.4 145.4 145.4 145.4 145.4 145.4 145.4 145.4 145.4 145.4 145.4 145.4 145.4 145.4 145.4 145.4 145.4 145.4 
153.4 153.4 153.4 153.4 153.4 153.4 153.4 153.4 153.4 153.4 153.4 153 153 153 153 153 153 153 153 153 153 153 153 153 153 153 153 153 153 153 153 153 153 153 153 153 153 153 153 153 153 153 153 153 153 153 153 153 153 153 153 153 153 153 153 153 153 153 153 153 153 153 153 153 153 153 153 153 153 153 153 145.4 145.4 145.4 145.4 145.4 145.4 145.4 145.4 145.4 145.4 145.4 145.4 145.4 145.4 145.4 145.4 145.4 145.4 145.4 145.4 145.4 145.4 145.4 145.4 145.4 145.4 145.4 145.4 145.4 
153.4 153.4 153.4 153.4 153.4 153.4 153.4 153.4 153.4 153.4 153.4 153 153 153 153 153 153 153 153 153 153 153 153 153 153 153 153 153 153 153 153 153 153 153 153 153 153 153 153 153 153 153 153 153 153 153 153 153 153 153 153 153 153 153 153 153 153 153 153 153 153 153 153 153 153 153 153 153 153 153 153 145.4 145.4 145.4 145.4 145.4 145.4 145.4 145.4 145.4 145.4 145.4 145.4 145.4 145.4 145.4 145.4 145.4 145.4 145.4 145.4 145.4 145.4 145.4 145.4 145.4 145.4 145.4 145.4 145.4 
153.4 153.4 153.4 153.4 153.4 153.4 153.4 153.4 153.4 153.4 153.4 153 153 153 153 153 153 153 153 153 153 153 153 153 153 153 153 153 153 153 153 153 153 153 153 153 153 153 153 153 153 153 153 153 153 153 153 153 153 153 153 153 153 153 153 153 153 153 153 153 153 153 153 153 153 153 153 153 153 153 153 145.4 145.4 145.4 145.4 145.4 145.4 145.4 145.4 145.4 145.4 145.4 145.4 145.4 145.4 145.4 145.4 145.4 145.4 145.4 145.4 145.4 145.4 145.4 145.4 145.4 145.4 145.4 145.4 145.4 
153.4 153.4 153.4 153.4 153.4 153.4 153.4 153.4 153.4 153.4 153.4 153 153 153 153 153 153 153 153 153 153 153 153 153 153 153 153 153 153 153 153 153 153 153 153 153 153 153 153 153 153 153 153 153 153 153 153 153 153 153 153 153 153 153 153 153 153 153 153 153 153 153 153 153 153 153 153 153 153 153 153 145.4 145.4 145.4 145.4 145.4 145.4 145.4 145.4 145.4 145.4 145.4 145.4 145.4 145.4 145.4 145.4 145.4 145.4 145.4 145.4 145.4 145.4 145.4 145.4 145.4 145.4 145.4 145.4 145.4 
153.4 153.4 153.4 153.4 153.4 153.4 153.4 153.4 153.4 153.4 153.4 153 153 153 153 153 153 153 153 153 153 153 153 153 153 153 153 153 153 153 153 153 153 153 153 153 153 153 153 153 153 153 153 153 153 153 153 153 153 153 153 153 153 153 153 153 153 153 153 153 153 153 153 153 153 153 153 153 153 153 153 145.4 145.4 145.4 145.4 145.4 145.4 145.4 145.4 145.4 145.4 145.4 145.4 145.4 145.4 145.4 145.4 145.4 145.4 145.4 145.4 145.4 145.4 145.4 145.4 145.4 145.4 145.4 145.4 145.4 
165.4 165.4 165.4 165.4 165.4 165.4 165.4 165.4 165.4 165.4 165.4 168.2 168.2 168.2 168.2 168.2 168.2 168.2 168.2 168.2 168.2 168.2 168.2 168.2 168.2 168.2 168.2 168.2 168.2 168.2 168.2 168.2 168.2 168.2 168.2 168.2 168.2 168.2 168.2 168.2 168.2 168.2 168.2 168.2 168.2 168.2 168.2 168.2 168.2 168.2 168.2 168.2 168.2 168.2 168.2 168.2 168.2 168.2 168.2 168.2 168.2 168.2 168.2 168.2 168.2 168.2 168.2 168.2 168.2 168.2 168.2 163.7 163.7 163.7 163.7 163.7 163.7 163.7 163.7 163.7 163.7 163.7 163.7 163.7 163.7 163.7 163.7 163.7 163.7 163.7 163.7 163.7 163.7 163.7 163.7 163.7 163.7 163.7 163.7 163.7 
165.4 165.4 165.4 165.4 165.4 165.4 165.4 165.4 165.4 165.4 165.4 168.2 168.2 168.2 168.2 168.2 168.2 168.2 168.2 168.2 168.2 168.2 168.2 168.2 168.2 168.2 168.2 168.2 168.2 168.2 168.2 168.2 168.2 168.2 168.2 168.2 168.2 168.2 168.2 168.2 168.2 168.2 168.2 168.2 168.2 168.2 168.2 168.2 168.2 168.2 168.2 168.2 168.2 168.2 168.2 168.2 168.2 168.2 168.2 168.2 168.2 168.2 168.2 168.2 168.2 168.2 168.2 168.2 168.2 168.2 168.2 163.7 163.7 163.7 163.7 163.7 163.7 163.7 163.7 163.7 163.7 163.7 163.7 163.7 163.7 163.7 163.7 163.7 163.7 163.7 163.7 163.7 163.7 163.7 163.7 163.7 163.7 163.7 163.7 163.7 
165.4 165.4 165.4 165.4 165.4 165.4 165.4 165.4 165.4 165.4 165.4 168.2 168.2 168.2 168.2 168.2 168.2 168.2 168.2 168.2 168.2 168.2 168.2 168.2 168.2 168.2 168.2 168.2 168.2 168.2 168.2 168.2 168.2 168.2 168.2 168.2 168.2 168.2 168.2 168.2 168.2 168.2 168.2 168.2 168.2 168.2 168.2 168.2 168.2 168.2 168.2 168.2 168.2 168.2 168.2 168.2 168.2 168.2 168.2 168.2 168.2 168.2 168.2 168.2 168.2 168.2 168.2 168.2 168.2 168.2 168.2 163.7 163.7 163.7 163.7 163.7 163.7 163.7 163.7 163.7 163.7 163.7 163.7 163.7 163.7 163.7 163.7 163.7 163.7 163.7 163.7 163.7 163.7 163.7 163.7 163.7 163.7 163.7 163.7 163.7 
165.4 165.4 165.4 165.4 165.4 165.4 165.4 165.4 165.4 165.4 165.4 168.2 168.2 168.2 168.2 168.2 168.2 168.2 168.2 168.2 168.2 168.2 168.2 168.2 168.2 168.2 168.2 168.2 168.2 168.2 168.2 168.2 168.2 168.2 168.2 168.2 168.2 168.2 168.2 168.2 168.2 168.2 168.2 168.2 168.2 168.2 168.2 168.2 168.2 168.2 168.2 168.2 168.2 168.2 168.2 168.2 168.2 168.2 168.2 168.2 168.2 168.2 168.2 168.2 168.2 168.2 168.2 168.2 168.2 168.2 168.2 163.7 163.7 163.7 163.7 163.7 163.7 163.7 163.7 163.7 163.7 163.7 163.7 163.7 163.7 163.7 163.7 163.7 163.7 163.7 163.7 163.7 163.7 163.7 163.7 163.7 163.7 163.7 163.7 163.7 
165.4 165.4 165.4 165.4 165.4 165.4 165.4 165.4 165.4 165.4 165.4 168.2 168.2 168.2 168.2 168.2 168.2 168.2 168.2 168.2 168.2 168.2 168.2 168.2 168.2 168.2 168.2 168.2 168.2 168.2 168.2 168.2 168.2 168.2 168.2 168.2 168.2 168.2 168.2 168.2 168.2 168.2 168.2 168.2 168.2 168.2 168.2 168.2 168.2 168.2 168.2 168.2 168.2 168.2 168.2 168.2 168.2 168.2 168.2 168.2 168.2 168.2 168.2 168.2 168.2 168.2 168.2 168.2 168.2 168.2 168.2 163.7 163.7 163.7 163.7 163.7 163.7 163.7 163.7 163.7 163.7 163.7 163.7 163.7 163.7 163.7 163.7 163.7 163.7 163.7 163.7 163.7 163.7 163.7 163.7 163.7 163.7 163.7 163.7 163.7 
165.4 165.4 165.4 165.4 165.4 165.4 165.4 165.4 165.4 165.4 165.4 168.2 168.2 168.2 168.2 168.2 168.2 168.2 168.2 168.2 168.2 168.2 168.2 168.2 168.2 168.2 168.2 168.2 168.2 168.2 168.2 168.2 168.2 168.2 168.2 168.2 168.2 168.2 168.2 168.2 168.2 168.2 168.2 168.2 168.2 168.2 168.2 168.2 168.2 168.2 168.2 168.2 168.2 168.2 168.2 168.2 168.2 168.2 168.2 168.2 168.2 168.2 168.2 168.2 168.2 168.2 168.2 168.2 168.2 168.2 168.2 163.7 163.7 163.7 163.7 163.7 163.7 163.7 163.7 163.7 163.7 163.7 163.7 163.7 163.7 163.7 163.7 163.7 163.7 163.7 163.7 163.7 163.7 163.7 163.7 163.7 163.7 163.7 163.7 163.7 
165.4 165.4 165.4 165.4 165.4 165.4 165.4 165.4 165.4 165.4 165.4 168.2 168.2 168.2 168.2 168.2 168.2 168.2 168.2 168.2 168.2 168.2 168.2 168.2 168.2 168.2 168.2 168.2 168.2 168.2 168.2 168.2 168.2 168.2 168.2 168.2 168.2 168.2 168.2 168.2 168.2 168.2 168.2 168.2 168.2 168.2 168.2 168.2 168.2 168.2 168.2 168.2 168.2 168.2 168.2 168.2 168.2 168.2 168.2 168.2 168.2 168.2 168.2 168.2 168.2 168.2 168.2 168.2 168.2 168.2 168.2 163.7 163.7 163.7 163.7 163.7 163.7 163.7 163.7 163.7 163.7 163.7 163.7 163.7 163.7 163.7 163.7 163.7 163.7 163.7 163.7 163.7 163.7 163.7 163.7 163.7 163.7 163.7 163.7 163.7 
165.4 165.4 165.4 165.4 165.4 165.4 165.4 165.4 165.4 165.4 165.4 168.2 168.2 168.2 168.2 168.2 168.2 168.2 168.2 168.2 168.2 168.2 168.2 168.2 168.2 168.2 168.2 168.2 168.2 168.2 168.2 168.2 168.2 168.2 168.2 168.2 168.2 168.2 168.2 168.2 168.2 168.2 168.2 168.2 168.2 168.2 168.2 168.2 168.2 168.2 168.2 168.2 168.2 168.2 168.2 168.2 168.2 168.2 168.2 168.2 168.2 168.2 168.2 168.2 168.2 168.2 168.2 168.2 168.2 168.2 168.2 163.7 163.7 163.7 163.7 163.7 163.7 163.7 163.7 163.7 163.7 163.7 163.7 163.7 163.7 163.7 163.7 163.7 163.7 163.7 163.7 163.7 163.7 163.7 163.7 163.7 163.7 163.7 163.7 163.7 
165.4 165.4 165.4 165.4 165.4 165.4 165.4 165.4 165.4 165.4 165.4 168.2 168.2 168.2 168.2 168.2 168.2 168.2 168.2 168.2 168.2 168.2 168.2 168.2 168.2 168.2 168.2 168.2 168.2 168.2 168.2 168.2 168.2 168.2 168.2 168.2 168.2 168.2 168.2 168.2 168.2 168.2 168.2 168.2 168.2 168.2 168.2 168.2 168.2 168.2 168.2 168.2 168.2 168.2 168.2 168.2 168.2 168.2 168.2 168.2 168.2 168.2 168.2 168.2 168.2 168.2 168.2 168.2 168.2 168.2 168.2 163.7 163.7 163.7 163.7 163.7 163.7 163.7 163.7 163.7 163.7 163.7 163.7 163.7 163.7 163.7 163.7 163.7 163.7 163.7 163.7 163.7 163.7 163.7 163.7 163.7 163.7 163.7 163.7 163.7 
165.4 165.4 165.4 165.4 165.4 165.4 165.4 165.4 165.4 165.4 165.4 168.2 168.2 168.2 168.2 168.2 168.2 168.2 168.2 168.2 168.2 168.2 168.2 168.2 168.2 168.2 168.2 168.2 168.2 168.2 168.2 168.2 168.2 168.2 168.2 168.2 168.2 168.2 168.2 168.2 168.2 168.2 168.2 168.2 168.2 168.2 168.2 168.2 168.2 168.2 168.2 168.2 168.2 168.2 168.2 168.2 168.2 168.2 168.2 168.2 168.2 168.2 168.2 168.2 168.2 168.2 168.2 168.2 168.2 168.2 168.2 163.7 163.7 163.7 163.7 163.7 163.7 163.7 163.7 163.7 163.7 163.7 163.7 163.7 163.7 163.7 163.7 163.7 163.7 163.7 163.7 163.7 163.7 163.7 163.7 163.7 163.7 163.7 163.7 163.7 
165.4 165.4 165.4 165.4 165.4 165.4 165.4 165.4 165.4 165.4 165.4 168.2 168.2 168.2 168.2 168.2 168.2 168.2 168.2 168.2 168.2 168.2 168.2 168.2 168.2 168.2 168.2 168.2 168.2 168.2 168.2 168.2 168.2 168.2 168.2 168.2 168.2 168.2 168.2 168.2 168.2 168.2 168.2 168.2 168.2 168.2 168.2 168.2 168.2 168.2 168.2 168.2 168.2 168.2 168.2 168.2 168.2 168.2 168.2 168.2 168.2 168.2 168.2 168.2 168.2 168.2 168.2 168.2 168.2 168.2 168.2 163.7 163.7 163.7 163.7 163.7 163.7 163.7 163.7 163.7 163.7 163.7 163.7 163.7 163.7 163.7 163.7 163.7 163.7 163.7 163.7 163.7 163.7 163.7 163.7 163.7 163.7 163.7 163.7 163.7 
165.4 165.4 165.4 165.4 165.4 165.4 165.4 165.4 165.4 165.4 165.4 168.2 168.2 168.2 168.2 168.2 168.2 168.2 168.2 168.2 168.2 168.2 168.2 168.2 168.2 168.2 168.2 168.2 168.2 168.2 168.2 168.2 168.2 168.2 168.2 168.2 168.2 168.2 168.2 168.2 168.2 168.2 168.2 168.2 168.2 168.2 168.2 168.2 168.2 168.2 168.2 168.2 168.2 168.2 168.2 168.2 168.2 168.2 168.2 168.2 168.2 168.2 168.2 168.2 168.2 168.2 168.2 168.2 168.2 168.2 168.2 163.7 163.7 163.7 163.7 163.7 163.7 163.7 163.7 163.7 163.7 163.7 163.7 163.7 163.7 163.7 163.7 163.7 163.7 163.7 163.7 163.7 163.7 163.7 163.7 163.7 163.7 163.7 163.7 163.7 
165.4 165.4 165.4 165.4 165.4 165.4 165.4 165.4 165.4 165.4 165.4 168.2 168.2 168.2 168.2 168.2 168.2 168.2 168.2 168.2 168.2 168.2 168.2 168.2 168.2 168.2 168.2 168.2 168.2 168.2 168.2 168.2 168.2 168.2 168.2 168.2 168.2 168.2 168.2 168.2 168.2 168.2 168.2 168.2 168.2 168.2 168.2 168.2 168.2 168.2 168.2 168.2 168.2 168.2 168.2 168.2 168.2 168.2 168.2 168.2 168.2 168.2 168.2 168.2 168.2 168.2 168.2 168.2 168.2 168.2 168.2 163.7 163.7 163.7 163.7 163.7 163.7 163.7 163.7 163.7 163.7 163.7 163.7 163.7 163.7 163.7 163.7 163.7 163.7 163.7 163.7 163.7 163.7 163.7 163.7 163.7 163.7 163.7 163.7 163.7 
165.4 165.4 165.4 165.4 165.4 165.4 165.4 165.4 165.4 165.4 165.4 168.2 168.2 168.2 168.2 168.2 168.2 168.2 168.2 168.2 168.2 168.2 168.2 168.2 168.2 168.2 168.2 168.2 168.2 168.2 168.2 168.2 168.2 168.2 168.2 168.2 168.2 168.2 168.2 168.2 168.2 168.2 168.2 168.2 168.2 168.2 168.2 168.2 168.2 168.2 168.2 168.2 168.2 168.2 168.2 168.2 168.2 168.2 168.2 168.2 168.2 168.2 168.2 168.2 168.2 168.2 168.2 168.2 168.2 168.2 168.2 163.7 163.7 163.7 163.7 163.7 163.7 163.7 163.7 163.7 163.7 163.7 163.7 163.7 163.7 163.7 163.7 163.7 163.7 163.7 163.7 163.7 163.7 163.7 163.7 163.7 163.7 163.7 163.7 163.7 
165.4 165.4 165.4 165.4 165.4 165.4 165.4 165.4 165.4 165.4 165.4 168.2 168.2 168.2 168.2 168.2 168.2 168.2 168.2 168.2 168.2 168.2 168.2 168.2 168.2 168.2 168.2 168.2 168.2 168.2 168.2 168.2 168.2 168.2 168.2 168.2 168.2 168.2 168.2 168.2 168.2 168.2 168.2 168.2 168.2 168.2 168.2 168.2 168.2 168.2 168.2 168.2 168.2 168.2 168.2 168.2 168.2 168.2 168.2 168.2 168.2 168.2 168.2 168.2 168.2 168.2 168.2 168.2 168.2 168.2 168.2 163.7 163.7 163.7 163.7 163.7 163.7 163.7 163.7 163.7 163.7 163.7 163.7 163.7 163.7 163.7 163.7 163.7 163.7 163.7 163.7 163.7 163.7 163.7 163.7 163.7 163.7 163.7 163.7 163.7 
165.4 165.4 165.4 165.4 165.4 165.4 165.4 165.4 165.4 165.4 165.4 168.2 168.2 168.2 168.2 168.2 168.2 168.2 168.2 168.2 168.2 168.2 168.2 168.2 168.2 168.2 168.2 168.2 168.2 168.2 168.2 168.2 168.2 168.2 168.2 168.2 168.2 168.2 168.2 168.2 168.2 168.2 168.2 168.2 168.2 168.2 168.2 168.2 168.2 168.2 168.2 168.2 168.2 168.2 168.2 168.2 168.2 168.2 168.2 168.2 168.2 168.2 168.2 168.2 168.2 168.2 168.2 168.2 168.2 168.2 168.2 163.7 163.7 163.7 163.7 163.7 163.7 163.7 163.7 163.7 163.7 163.7 163.7 163.7 163.7 163.7 163.7 163.7 163.7 163.7 163.7 163.7 163.7 163.7 163.7 163.7 163.7 163.7 163.7 163.7 
165.4 165.4 165.4 165.4 165.4 165.4 165.4 165.4 165.4 165.4 165.4 168.2 168.2 168.2 168.2 168.2 168.2 168.2 168.2 168.2 168.2 168.2 168.2 168.2 168.2 168.2 168.2 168.2 168.2 168.2 168.2 168.2 168.2 168.2 168.2 168.2 168.2 168.2 168.2 168.2 168.2 168.2 168.2 168.2 168.2 168.2 168.2 168.2 168.2 168.2 168.2 168.2 168.2 168.2 168.2 168.2 168.2 168.2 168.2 168.2 168.2 168.2 168.2 168.2 168.2 168.2 168.2 168.2 168.2 168.2 168.2 163.7 163.7 163.7 163.7 163.7 163.7 163.7 163.7 163.7 163.7 163.7 163.7 163.7 163.7 163.7 163.7 163.7 163.7 163.7 163.7 163.7 163.7 163.7 163.7 163.7 163.7 163.7 163.7 163.7 
165.4 165.4 165.4 165.4 165.4 165.4 165.4 165.4 165.4 165.4 165.4 168.2 168.2 168.2 168.2 168.2 168.2 168.2 168.2 168.2 168.2 168.2 168.2 168.2 168.2 168.2 168.2 168.2 168.2 168.2 168.2 168.2 168.2 168.2 168.2 168.2 168.2 168.2 168.2 168.2 168.2 168.2 168.2 168.2 168.2 168.2 168.2 168.2 168.2 168.2 168.2 168.2 168.2 168.2 168.2 168.2 168.2 168.2 168.2 168.2 168.2 168.2 168.2 168.2 168.2 168.2 168.2 168.2 168.2 168.2 168.2 163.7 163.7 163.7 163.7 163.7 163.7 163.7 163.7 163.7 163.7 163.7 163.7 163.7 163.7 163.7 163.7 163.7 163.7 163.7 163.7 163.7 163.7 163.7 163.7 163.7 163.7 163.7 163.7 163.7 
165.4 165.4 165.4 165.4 165.4 165.4 165.4 165.4 165.4 165.4 165.4 168.2 168.2 168.2 168.2 168.2 168.2 168.2 168.2 168.2 168.2 168.2 168.2 168.2 168.2 168.2 168.2 168.2 168.2 168.2 168.2 168.2 168.2 168.2 168.2 168.2 168.2 168.2 168.2 168.2 168.2 168.2 168.2 168.2 168.2 168.2 168.2 168.2 168.2 168.2 168.2 168.2 168.2 168.2 168.2 168.2 168.2 168.2 168.2 168.2 168.2 168.2 168.2 168.2 168.2 168.2 168.2 168.2 168.2 168.2 168.2 163.7 163.7 163.7 163.7 163.7 163.7 163.7 163.7 163.7 163.7 163.7 163.7 163.7 163.7 163.7 163.7 163.7 163.7 163.7 163.7 163.7 163.7 163.7 163.7 163.7 163.7 163.7 163.7 163.7 
165.4 165.4 165.4 165.4 165.4 165.4 165.4 165.4 165.4 165.4 165.4 168.2 168.2 168.2 168.2 168.2 168.2 168.2 168.2 168.2 168.2 168.2 168.2 168.2 168.2 168.2 168.2 168.2 168.2 168.2 168.2 168.2 168.2 168.2 168.2 168.2 168.2 168.2 168.2 168.2 168.2 168.2 168.2 168.2 168.2 168.2 168.2 168.2 168.2 168.2 168.2 168.2 168.2 168.2 168.2 168.2 168.2 168.2 168.2 168.2 168.2 168.2 168.2 168.2 168.2 168.2 168.2 168.2 168.2 168.2 168.2 163.7 163.7 163.7 163.7 163.7 163.7 163.7 163.7 163.7 163.7 163.7 163.7 163.7 163.7 163.7 163.7 163.7 163.7 163.7 163.7 163.7 163.7 163.7 163.7 163.7 163.7 163.7 163.7 163.7 
165.4 165.4 165.4 165.4 165.4 165.4 165.4 165.4 165.4 165.4 165.4 168.2 168.2 168.2 168.2 168.2 168.2 168.2 168.2 168.2 168.2 168.2 168.2 168.2 168.2 168.2 168.2 168.2 168.2 168.2 168.2 168.2 168.2 168.2 168.2 168.2 168.2 168.2 168.2 168.2 168.2 168.2 168.2 168.2 168.2 168.2 168.2 168.2 168.2 168.2 168.2 168.2 168.2 168.2 168.2 168.2 168.2 168.2 168.2 168.2 168.2 168.2 168.2 168.2 168.2 168.2 168.2 168.2 168.2 168.2 168.2 163.7 163.7 163.7 163.7 163.7 163.7 163.7 163.7 163.7 163.7 163.7 163.7 163.7 163.7 163.7 163.7 163.7 163.7 163.7 163.7 163.7 163.7 163.7 163.7 163.7 163.7 163.7 163.7 163.7 
165.4 165.4 165.4 165.4 165.4 165.4 165.4 165.4 165.4 165.4 165.4 168.2 168.2 168.2 168.2 168.2 168.2 168.2 168.2 168.2 168.2 168.2 168.2 168.2 168.2 168.2 168.2 168.2 168.2 168.2 168.2 168.2 168.2 168.2 168.2 168.2 168.2 168.2 168.2 168.2 168.2 168.2 168.2 168.2 168.2 168.2 168.2 168.2 168.2 168.2 168.2 168.2 168.2 168.2 168.2 168.2 168.2 168.2 168.2 168.2 168.2 168.2 168.2 168.2 168.2 168.2 168.2 168.2 168.2 168.2 168.2 163.7 163.7 163.7 163.7 163.7 163.7 163.7 163.7 163.7 163.7 163.7 163.7 163.7 163.7 163.7 163.7 163.7 163.7 163.7 163.7 163.7 163.7 163.7 163.7 163.7 163.7 163.7 163.7 163.7 
165.4 165.4 165.4 165.4 165.4 165.4 165.4 165.4 165.4 165.4 165.4 168.2 168.2 168.2 168.2 168.2 168.2 168.2 168.2 168.2 168.2 168.2 168.2 168.2 168.2 168.2 168.2 168.2 168.2 168.2 168.2 168.2 168.2 168.2 168.2 168.2 168.2 168.2 168.2 168.2 168.2 168.2 168.2 168.2 168.2 168.2 168.2 168.2 168.2 168.2 168.2 168.2 168.2 168.2 168.2 168.2 168.2 168.2 168.2 168.2 168.2 168.2 168.2 168.2 168.2 168.2 168.2 168.2 168.2 168.2 168.2 163.7 163.7 163.7 163.7 163.7 163.7 163.7 163.7 163.7 163.7 163.7 163.7 163.7 163.7 163.7 163.7 163.7 163.7 163.7 163.7 163.7 163.7 163.7 163.7 163.7 163.7 163.7 163.7 163.7 
165.4 165.4 165.4 165.4 165.4 165.4 165.4 165.4 165.4 165.4 165.4 168.2 168.2 168.2 168.2 168.2 168.2 168.2 168.2 168.2 168.2 168.2 168.2 168.2 168.2 168.2 168.2 168.2 168.2 168.2 168.2 168.2 168.2 168.2 168.2 168.2 168.2 168.2 168.2 168.2 168.2 168.2 168.2 168.2 168.2 168.2 168.2 168.2 168.2 168.2 168.2 168.2 168.2 168.2 168.2 168.2 168.2 168.2 168.2 168.2 168.2 168.2 168.2 168.2 168.2 168.2 168.2 168.2 168.2 168.2 168.2 163.7 163.7 163.7 163.7 163.7 163.7 163.7 163.7 163.7 163.7 163.7 163.7 163.7 163.7 163.7 163.7 163.7 163.7 163.7 163.7 163.7 163.7 163.7 163.7 163.7 163.7 163.7 163.7 163.7 
165.4 165.4 165.4 165.4 165.4 165.4 165.4 165.4 165.4 165.4 165.4 168.2 168.2 168.2 168.2 168.2 168.2 168.2 168.2 168.2 168.2 168.2 168.2 168.2 168.2 168.2 168.2 168.2 168.2 168.2 168.2 168.2 168.2 168.2 168.2 168.2 168.2 168.2 168.2 168.2 168.2 168.2 168.2 168.2 168.2 168.2 168.2 168.2 168.2 168.2 168.2 168.2 168.2 168.2 168.2 168.2 168.2 168.2 168.2 168.2 168.2 168.2 168.2 168.2 168.2 168.2 168.2 168.2 168.2 168.2 168.2 163.7 163.7 163.7 163.7 163.7 163.7 163.7 163.7 163.7 163.7 163.7 163.7 163.7 163.7 163.7 163.7 163.7 163.7 163.7 163.7 163.7 163.7 163.7 163.7 163.7 163.7 163.7 163.7 163.7 
165.4 165.4 165.4 165.4 165.4 165.4 165.4 165.4 165.4 165.4 165.4 168.2 168.2 168.2 168.2 168.2 168.2 168.2 168.2 168.2 168.2 168.2 168.2 168.2 168.2 168.2 168.2 168.2 168.2 168.2 168.2 168.2 168.2 168.2 168.2 168.2 168.2 168.2 168.2 168.2 168.2 168.2 168.2 168.2 168.2 168.2 168.2 168.2 168.2 168.2 168.2 168.2 168.2 168.2 168.2 168.2 168.2 168.2 168.2 168.2 168.2 168.2 168.2 168.2 168.2 168.2 168.2 168.2 168.2 168.2 168.2 163.7 163.7 163.7 163.7 163.7 163.7 163.7 163.7 163.7 163.7 163.7 163.7 163.7 163.7 163.7 163.7 163.7 163.7 163.7 163.7 163.7 163.7 163.7 163.7 163.7 163.7 163.7 163.7 163.7 
165.4 165.4 165.4 165.4 165.4 165.4 165.4 165.4 165.4 165.4 165.4 168.2 168.2 168.2 168.2 168.2 168.2 168.2 168.2 168.2 168.2 168.2 168.2 168.2 168.2 168.2 168.2 168.2 168.2 168.2 168.2 168.2 168.2 168.2 168.2 168.2 168.2 168.2 168.2 168.2 168.2 168.2 168.2 168.2 168.2 168.2 168.2 168.2 168.2 168.2 168.2 168.2 168.2 168.2 168.2 168.2 168.2 168.2 168.2 168.2 168.2 168.2 168.2 168.2 168.2 168.2 168.2 168.2 168.2 168.2 168.2 163.7 163.7 163.7 163.7 163.7 163.7 163.7 163.7 163.7 163.7 163.7 163.7 163.7 163.7 163.7 163.7 163.7 163.7 163.7 163.7 163.7 163.7 163.7 163.7 163.7 163.7 163.7 163.7 163.7 
165.4 165.4 165.4 165.4 165.4 165.4 165.4 165.4 165.4 165.4 165.4 168.2 168.2 168.2 168.2 168.2 168.2 168.2 168.2 168.2 168.2 168.2 168.2 168.2 168.2 168.2 168.2 168.2 168.2 168.2 168.2 168.2 168.2 168.2 168.2 168.2 168.2 168.2 168.2 168.2 168.2 168.2 168.2 168.2 168.2 168.2 168.2 168.2 168.2 168.2 168.2 168.2 168.2 168.2 168.2 168.2 168.2 168.2 168.2 168.2 168.2 168.2 168.2 168.2 168.2 168.2 168.2 168.2 168.2 168.2 168.2 163.7 163.7 163.7 163.7 163.7 163.7 163.7 163.7 163.7 163.7 163.7 163.7 163.7 163.7 163.7 163.7 163.7 163.7 163.7 163.7 163.7 163.7 163.7 163.7 163.7 163.7 163.7 163.7 163.7 
165.4 165.4 165.4 165.4 165.4 165.4 165.4 165.4 165.4 165.4 165.4 168.2 168.2 168.2 168.2 168.2 168.2 168.2 168.2 168.2 168.2 168.2 168.2 168.2 168.2 168.2 168.2 168.2 168.2 168.2 168.2 168.2 168.2 168.2 168.2 168.2 168.2 168.2 168.2 168.2 168.2 168.2 168.2 168.2 168.2 168.2 168.2 168.2 168.2 168.2 168.2 168.2 168.2 168.2 168.2 168.2 168.2 168.2 168.2 168.2 168.2 168.2 168.2 168.2 168.2 168.2 168.2 168.2 168.2 168.2 168.2 163.7 163.7 163.7 163.7 163.7 163.7 163.7 163.7 163.7 163.7 163.7 163.7 163.7 163.7 163.7 163.7 163.7 163.7 163.7 163.7 163.7 163.7 163.7 163.7 163.7 163.7 163.7 163.7 163.7 
165.4 165.4 165.4 165.4 165.4 165.4 165.4 165.4 165.4 165.4 165.4 168.2 168.2 168.2 168.2 168.2 168.2 168.2 168.2 168.2 168.2 168.2 168.2 168.2 168.2 168.2 168.2 168.2 168.2 168.2 168.2 168.2 168.2 168.2 168.2 168.2 168.2 168.2 168.2 168.2 168.2 168.2 168.2 168.2 168.2 168.2 168.2 168.2 168.2 168.2 168.2 168.2 168.2 168.2 168.2 168.2 168.2 168.2 168.2 168.2 168.2 168.2 168.2 168.2 168.2 168.2 168.2 168.2 168.2 168.2 168.2 163.7 163.7 163.7 163.7 163.7 163.7 163.7 163.7 163.7 163.7 163.7 163.7 163.7 163.7 163.7 163.7 163.7 163.7 163.7 163.7 163.7 163.7 163.7 163.7 163.7 163.7 163.7 163.7 163.7 
165.4 165.4 165.4 165.4 165.4 165.4 165.4 165.4 165.4 165.4 165.4 168.2 168.2 168.2 168.2 168.2 168.2 168.2 168.2 168.2 168.2 168.2 168.2 168.2 168.2 168.2 168.2 168.2 168.2 168.2 168.2 168.2 168.2 168.2 168.2 168.2 168.2 168.2 168.2 168.2 168.2 168.2 168.2 168.2 168.2 168.2 168.2 168.2 168.2 168.2 168.2 168.2 168.2 168.2 168.2 168.2 168.2 168.2 168.2 168.2 168.2 168.2 168.2 168.2 168.2 168.2 168.2 168.2 168.2 168.2 168.2 163.7 163.7 163.7 163.7 163.7 163.7 163.7 163.7 163.7 163.7 163.7 163.7 163.7 163.7 163.7 163.7 163.7 163.7 163.7 163.7 163.7 163.7 163.7 163.7 163.7 163.7 163.7 163.7 163.7 
165.4 165.4 165.4 165.4 165.4 165.4 165.4 165.4 165.4 165.4 165.4 168.2 168.2 168.2 168.2 168.2 168.2 168.2 168.2 168.2 168.2 168.2 168.2 168.2 168.2 168.2 168.2 168.2 168.2 168.2 168.2 168.2 168.2 168.2 168.2 168.2 168.2 168.2 168.2 168.2 168.2 168.2 168.2 168.2 168.2 168.2 168.2 168.2 168.2 168.2 168.2 168.2 168.2 168.2 168.2 168.2 168.2 168.2 168.2 168.2 168.2 168.2 168.2 168.2 168.2 168.2 168.2 168.2 168.2 168.2 168.2 163.7 163.7 163.7 163.7 163.7 163.7 163.7 163.7 163.7 163.7 163.7 163.7 163.7 163.7 163.7 163.7 163.7 163.7 163.7 163.7 163.7 163.7 163.7 163.7 163.7 163.7 163.7 163.7 163.7 
165.4 165.4 165.4 165.4 165.4 165.4 165.4 165.4 165.4 165.4 165.4 168.2 168.2 168.2 168.2 168.2 168.2 168.2 168.2 168.2 168.2 168.2 168.2 168.2 168.2 168.2 168.2 168.2 168.2 168.2 168.2 168.2 168.2 168.2 168.2 168.2 168.2 168.2 168.2 168.2 168.2 168.2 168.2 168.2 168.2 168.2 168.2 168.2 168.2 168.2 168.2 168.2 168.2 168.2 168.2 168.2 168.2 168.2 168.2 168.2 168.2 168.2 168.2 168.2 168.2 168.2 168.2 168.2 168.2 168.2 168.2 163.7 163.7 163.7 163.7 163.7 163.7 163.7 163.7 163.7 163.7 163.7 163.7 163.7 163.7 163.7 163.7 163.7 163.7 163.7 163.7 163.7 163.7 163.7 163.7 163.7 163.7 163.7 163.7 163.7 
165.4 165.4 165.4 165.4 165.4 165.4 165.4 165.4 165.4 165.4 165.4 168.2 168.2 168.2 168.2 168.2 168.2 168.2 168.2 168.2 168.2 168.2 168.2 168.2 168.2 168.2 168.2 168.2 168.2 168.2 168.2 168.2 168.2 168.2 168.2 168.2 168.2 168.2 168.2 168.2 168.2 168.2 168.2 168.2 168.2 168.2 168.2 168.2 168.2 168.2 168.2 168.2 168.2 168.2 168.2 168.2 168.2 168.2 168.2 168.2 168.2 168.2 168.2 168.2 168.2 168.2 168.2 168.2 168.2 168.2 168.2 163.7 163.7 163.7 163.7 163.7 163.7 163.7 163.7 163.7 163.7 163.7 163.7 163.7 163.7 163.7 163.7 163.7 163.7 163.7 163.7 163.7 163.7 163.7 163.7 163.7 163.7 163.7 163.7 163.7 
165.4 165.4 165.4 165.4 165.4 165.4 165.4 165.4 165.4 165.4 165.4 168.2 168.2 168.2 168.2 168.2 168.2 168.2 168.2 168.2 168.2 168.2 168.2 168.2 168.2 168.2 168.2 168.2 168.2 168.2 168.2 168.2 168.2 168.2 168.2 168.2 168.2 168.2 168.2 168.2 168.2 168.2 168.2 168.2 168.2 168.2 168.2 168.2 168.2 168.2 168.2 168.2 168.2 168.2 168.2 168.2 168.2 168.2 168.2 168.2 168.2 168.2 168.2 168.2 168.2 168.2 168.2 168.2 168.2 168.2 168.2 163.7 163.7 163.7 163.7 163.7 163.7 163.7 163.7 163.7 163.7 163.7 163.7 163.7 163.7 163.7 163.7 163.7 163.7 163.7 163.7 163.7 163.7 163.7 163.7 163.7 163.7 163.7 163.7 163.7 
165.4 165.4 165.4 165.4 165.4 165.4 165.4 165.4 165.4 165.4 165.4 168.2 168.2 168.2 168.2 168.2 168.2 168.2 168.2 168.2 168.2 168.2 168.2 168.2 168.2 168.2 168.2 168.2 168.2 168.2 168.2 168.2 168.2 168.2 168.2 168.2 168.2 168.2 168.2 168.2 168.2 168.2 168.2 168.2 168.2 168.2 168.2 168.2 168.2 168.2 168.2 168.2 168.2 168.2 168.2 168.2 168.2 168.2 168.2 168.2 168.2 168.2 168.2 168.2 168.2 168.2 168.2 168.2 168.2 168.2 168.2 163.7 163.7 163.7 163.7 163.7 163.7 163.7 163.7 163.7 163.7 163.7 163.7 163.7 163.7 163.7 163.7 163.7 163.7 163.7 163.7 163.7 163.7 163.7 163.7 163.7 163.7 163.7 163.7 163.7 
165.4 165.4 165.4 165.4 165.4 165.4 165.4 165.4 165.4 165.4 165.4 168.2 168.2 168.2 168.2 168.2 168.2 168.2 168.2 168.2 168.2 168.2 168.2 168.2 168.2 168.2 168.2 168.2 168.2 168.2 168.2 168.2 168.2 168.2 168.2 168.2 168.2 168.2 168.2 168.2 168.2 168.2 168.2 168.2 168.2 168.2 168.2 168.2 168.2 168.2 168.2 168.2 168.2 168.2 168.2 168.2 168.2 168.2 168.2 168.2 168.2 168.2 168.2 168.2 168.2 168.2 168.2 168.2 168.2 168.2 168.2 163.7 163.7 163.7 163.7 163.7 163.7 163.7 163.7 163.7 163.7 163.7 163.7 163.7 163.7 163.7 163.7 163.7 163.7 163.7 163.7 163.7 163.7 163.7 163.7 163.7 163.7 163.7 163.7 163.7 
165.4 165.4 165.4 165.4 165.4 165.4 165.4 165.4 165.4 165.4 165.4 168.2 168.2 168.2 168.2 168.2 168.2 168.2 168.2 168.2 168.2 168.2 168.2 168.2 168.2 168.2 168.2 168.2 168.2 168.2 168.2 168.2 168.2 168.2 168.2 168.2 168.2 168.2 168.2 168.2 168.2 168.2 168.2 168.2 168.2 168.2 168.2 168.2 168.2 168.2 168.2 168.2 168.2 168.2 168.2 168.2 168.2 168.2 168.2 168.2 168.2 168.2 168.2 168.2 168.2 168.2 168.2 168.2 168.2 168.2 168.2 163.7 163.7 163.7 163.7 163.7 163.7 163.7 163.7 163.7 163.7 163.7 163.7 163.7 163.7 163.7 163.7 163.7 163.7 163.7 163.7 163.7 163.7 163.7 163.7 163.7 163.7 163.7 163.7 163.7 
165.4 165.4 165.4 165.4 165.4 165.4 165.4 165.4 165.4 165.4 165.4 168.2 168.2 168.2 168.2 168.2 168.2 168.2 168.2 168.2 168.2 168.2 168.2 168.2 168.2 168.2 168.2 168.2 168.2 168.2 168.2 168.2 168.2 168.2 168.2 168.2 168.2 168.2 168.2 168.2 168.2 168.2 168.2 168.2 168.2 168.2 168.2 168.2 168.2 168.2 168.2 168.2 168.2 168.2 168.2 168.2 168.2 168.2 168.2 168.2 168.2 168.2 168.2 168.2 168.2 168.2 168.2 168.2 168.2 168.2 168.2 163.7 163.7 163.7 163.7 163.7 163.7 163.7 163.7 163.7 163.7 163.7 163.7 163.7 163.7 163.7 163.7 163.7 163.7 163.7 163.7 163.7 163.7 163.7 163.7 163.7 163.7 163.7 163.7 163.7 
165.4 165.4 165.4 165.4 165.4 165.4 165.4 165.4 165.4 165.4 165.4 168.2 168.2 168.2 168.2 168.2 168.2 168.2 168.2 168.2 168.2 168.2 168.2 168.2 168.2 168.2 168.2 168.2 168.2 168.2 168.2 168.2 168.2 168.2 168.2 168.2 168.2 168.2 168.2 168.2 168.2 168.2 168.2 168.2 168.2 168.2 168.2 168.2 168.2 168.2 168.2 168.2 168.2 168.2 168.2 168.2 168.2 168.2 168.2 168.2 168.2 168.2 168.2 168.2 168.2 168.2 168.2 168.2 168.2 168.2 168.2 163.7 163.7 163.7 163.7 163.7 163.7 163.7 163.7 163.7 163.7 163.7 163.7 163.7 163.7 163.7 163.7 163.7 163.7 163.7 163.7 163.7 163.7 163.7 163.7 163.7 163.7 163.7 163.7 163.7 
165.4 165.4 165.4 165.4 165.4 165.4 165.4 165.4 165.4 165.4 165.4 168.2 168.2 168.2 168.2 168.2 168.2 168.2 168.2 168.2 168.2 168.2 168.2 168.2 168.2 168.2 168.2 168.2 168.2 168.2 168.2 168.2 168.2 168.2 168.2 168.2 168.2 168.2 168.2 168.2 168.2 168.2 168.2 168.2 168.2 168.2 168.2 168.2 168.2 168.2 168.2 168.2 168.2 168.2 168.2 168.2 168.2 168.2 168.2 168.2 168.2 168.2 168.2 168.2 168.2 168.2 168.2 168.2 168.2 168.2 168.2 163.7 163.7 163.7 163.7 163.7 163.7 163.7 163.7 163.7 163.7 163.7 163.7 163.7 163.7 163.7 163.7 163.7 163.7 163.7 163.7 163.7 163.7 163.7 163.7 163.7 163.7 163.7 163.7 163.7 
165.4 165.4 165.4 165.4 165.4 165.4 165.4 165.4 165.4 165.4 165.4 168.2 168.2 168.2 168.2 168.2 168.2 168.2 168.2 168.2 168.2 168.2 168.2 168.2 168.2 168.2 168.2 168.2 168.2 168.2 168.2 168.2 168.2 168.2 168.2 168.2 168.2 168.2 168.2 168.2 168.2 168.2 168.2 168.2 168.2 168.2 168.2 168.2 168.2 168.2 168.2 168.2 168.2 168.2 168.2 168.2 168.2 168.2 168.2 168.2 168.2 168.2 168.2 168.2 168.2 168.2 168.2 168.2 168.2 168.2 168.2 163.7 163.7 163.7 163.7 163.7 163.7 163.7 163.7 163.7 163.7 163.7 163.7 163.7 163.7 163.7 163.7 163.7 163.7 163.7 163.7 163.7 163.7 163.7 163.7 163.7 163.7 163.7 163.7 163.7 
165.4 165.4 165.4 165.4 165.4 165.4 165.4 165.4 165.4 165.4 165.4 168.2 168.2 168.2 168.2 168.2 168.2 168.2 168.2 168.2 168.2 168.2 168.2 168.2 168.2 168.2 168.2 168.2 168.2 168.2 168.2 168.2 168.2 168.2 168.2 168.2 168.2 168.2 168.2 168.2 168.2 168.2 168.2 168.2 168.2 168.2 168.2 168.2 168.2 168.2 168.2 168.2 168.2 168.2 168.2 168.2 168.2 168.2 168.2 168.2 168.2 168.2 168.2 168.2 168.2 168.2 168.2 168.2 168.2 168.2 168.2 163.7 163.7 163.7 163.7 163.7 163.7 163.7 163.7 163.7 163.7 163.7 163.7 163.7 163.7 163.7 163.7 163.7 163.7 163.7 163.7 163.7 163.7 163.7 163.7 163.7 163.7 163.7 163.7 163.7 
165.4 165.4 165.4 165.4 165.4 165.4 165.4 165.4 165.4 165.4 165.4 168.2 168.2 168.2 168.2 168.2 168.2 168.2 168.2 168.2 168.2 168.2 168.2 168.2 168.2 168.2 168.2 168.2 168.2 168.2 168.2 168.2 168.2 168.2 168.2 168.2 168.2 168.2 168.2 168.2 168.2 168.2 168.2 168.2 168.2 168.2 168.2 168.2 168.2 168.2 168.2 168.2 168.2 168.2 168.2 168.2 168.2 168.2 168.2 168.2 168.2 168.2 168.2 168.2 168.2 168.2 168.2 168.2 168.2 168.2 168.2 163.7 163.7 163.7 163.7 163.7 163.7 163.7 163.7 163.7 163.7 163.7 163.7 163.7 163.7 163.7 163.7 163.7 163.7 163.7 163.7 163.7 163.7 163.7 163.7 163.7 163.7 163.7 163.7 163.7 
165.4 165.4 165.4 165.4 165.4 165.4 165.4 165.4 165.4 165.4 165.4 168.2 168.2 168.2 168.2 168.2 168.2 168.2 168.2 168.2 168.2 168.2 168.2 168.2 168.2 168.2 168.2 168.2 168.2 168.2 168.2 168.2 168.2 168.2 168.2 168.2 168.2 168.2 168.2 168.2 168.2 168.2 168.2 168.2 168.2 168.2 168.2 168.2 168.2 168.2 168.2 168.2 168.2 168.2 168.2 168.2 168.2 168.2 168.2 168.2 168.2 168.2 168.2 168.2 168.2 168.2 168.2 168.2 168.2 168.2 168.2 163.7 163.7 163.7 163.7 163.7 163.7 163.7 163.7 163.7 163.7 163.7 163.7 163.7 163.7 163.7 163.7 163.7 163.7 163.7 163.7 163.7 163.7 163.7 163.7 163.7 163.7 163.7 163.7 163.7 
165.4 165.4 165.4 165.4 165.4 165.4 165.4 165.4 165.4 165.4 165.4 168.2 168.2 168.2 168.2 168.2 168.2 168.2 168.2 168.2 168.2 168.2 168.2 168.2 168.2 168.2 168.2 168.2 168.2 168.2 168.2 168.2 168.2 168.2 168.2 168.2 168.2 168.2 168.2 168.2 168.2 168.2 168.2 168.2 168.2 168.2 168.2 168.2 168.2 168.2 168.2 168.2 168.2 168.2 168.2 168.2 168.2 168.2 168.2 168.2 168.2 168.2 168.2 168.2 168.2 168.2 168.2 168.2 168.2 168.2 168.2 163.7 163.7 163.7 163.7 163.7 163.7 163.7 163.7 163.7 163.7 163.7 163.7 163.7 163.7 163.7 163.7 163.7 163.7 163.7 163.7 163.7 163.7 163.7 163.7 163.7 163.7 163.7 163.7 163.7 
165.4 165.4 165.4 165.4 165.4 165.4 165.4 165.4 165.4 165.4 165.4 168.2 168.2 168.2 168.2 168.2 168.2 168.2 168.2 168.2 168.2 168.2 168.2 168.2 168.2 168.2 168.2 168.2 168.2 168.2 168.2 168.2 168.2 168.2 168.2 168.2 168.2 168.2 168.2 168.2 168.2 168.2 168.2 168.2 168.2 168.2 168.2 168.2 168.2 168.2 168.2 168.2 168.2 168.2 168.2 168.2 168.2 168.2 168.2 168.2 168.2 168.2 168.2 168.2 168.2 168.2 168.2 168.2 168.2 168.2 168.2 163.7 163.7 163.7 163.7 163.7 163.7 163.7 163.7 163.7 163.7 163.7 163.7 163.7 163.7 163.7 163.7 163.7 163.7 163.7 163.7 163.7 163.7 163.7 163.7 163.7 163.7 163.7 163.7 163.7 
165.4 165.4 165.4 165.4 165.4 165.4 165.4 165.4 165.4 165.4 165.4 168.2 168.2 168.2 168.2 168.2 168.2 168.2 168.2 168.2 168.2 168.2 168.2 168.2 168.2 168.2 168.2 168.2 168.2 168.2 168.2 168.2 168.2 168.2 168.2 168.2 168.2 168.2 168.2 168.2 168.2 168.2 168.2 168.2 168.2 168.2 168.2 168.2 168.2 168.2 168.2 168.2 168.2 168.2 168.2 168.2 168.2 168.2 168.2 168.2 168.2 168.2 168.2 168.2 168.2 168.2 168.2 168.2 168.2 168.2 168.2 163.7 163.7 163.7 163.7 163.7 163.7 163.7 163.7 163.7 163.7 163.7 163.7 163.7 163.7 163.7 163.7 163.7 163.7 163.7 163.7 163.7 163.7 163.7 163.7 163.7 163.7 163.7 163.7 163.7 
165.4 165.4 165.4 165.4 165.4 165.4 165.4 165.4 165.4 165.4 165.4 168.2 168.2 168.2 168.2 168.2 168.2 168.2 168.2 168.2 168.2 168.2 168.2 168.2 168.2 168.2 168.2 168.2 168.2 168.2 168.2 168.2 168.2 168.2 168.2 168.2 168.2 168.2 168.2 168.2 168.2 168.2 168.2 168.2 168.2 168.2 168.2 168.2 168.2 168.2 168.2 168.2 168.2 168.2 168.2 168.2 168.2 168.2 168.2 168.2 168.2 168.2 168.2 168.2 168.2 168.2 168.2 168.2 168.2 168.2 168.2 163.7 163.7 163.7 163.7 163.7 163.7 163.7 163.7 163.7 163.7 163.7 163.7 163.7 163.7 163.7 163.7 163.7 163.7 163.7 163.7 163.7 163.7 163.7 163.7 163.7 163.7 163.7 163.7 163.7 
165.4 165.4 165.4 165.4 165.4 165.4 165.4 165.4 165.4 165.4 165.4 168.2 168.2 168.2 168.2 168.2 168.2 168.2 168.2 168.2 168.2 168.2 168.2 168.2 168.2 168.2 168.2 168.2 168.2 168.2 168.2 168.2 168.2 168.2 168.2 168.2 168.2 168.2 168.2 168.2 168.2 168.2 168.2 168.2 168.2 168.2 168.2 168.2 168.2 168.2 168.2 168.2 168.2 168.2 168.2 168.2 168.2 168.2 168.2 168.2 168.2 168.2 168.2 168.2 168.2 168.2 168.2 168.2 168.2 168.2 168.2 163.7 163.7 163.7 163.7 163.7 163.7 163.7 163.7 163.7 163.7 163.7 163.7 163.7 163.7 163.7 163.7 163.7 163.7 163.7 163.7 163.7 163.7 163.7 163.7 163.7 163.7 163.7 163.7 163.7 
165.4 165.4 165.4 165.4 165.4 165.4 165.4 165.4 165.4 165.4 165.4 168.2 168.2 168.2 168.2 168.2 168.2 168.2 168.2 168.2 168.2 168.2 168.2 168.2 168.2 168.2 168.2 168.2 168.2 168.2 168.2 168.2 168.2 168.2 168.2 168.2 168.2 168.2 168.2 168.2 168.2 168.2 168.2 168.2 168.2 168.2 168.2 168.2 168.2 168.2 168.2 168.2 168.2 168.2 168.2 168.2 168.2 168.2 168.2 168.2 168.2 168.2 168.2 168.2 168.2 168.2 168.2 168.2 168.2 168.2 168.2 163.7 163.7 163.7 163.7 163.7 163.7 163.7 163.7 163.7 163.7 163.7 163.7 163.7 163.7 163.7 163.7 163.7 163.7 163.7 163.7 163.7 163.7 163.7 163.7 163.7 163.7 163.7 163.7 163.7 
165.4 165.4 165.4 165.4 165.4 165.4 165.4 165.4 165.4 165.4 165.4 168.2 168.2 168.2 168.2 168.2 168.2 168.2 168.2 168.2 168.2 168.2 168.2 168.2 168.2 168.2 168.2 168.2 168.2 168.2 168.2 168.2 168.2 168.2 168.2 168.2 168.2 168.2 168.2 168.2 168.2 168.2 168.2 168.2 168.2 168.2 168.2 168.2 168.2 168.2 168.2 168.2 168.2 168.2 168.2 168.2 168.2 168.2 168.2 168.2 168.2 168.2 168.2 168.2 168.2 168.2 168.2 168.2 168.2 168.2 168.2 163.7 163.7 163.7 163.7 163.7 163.7 163.7 163.7 163.7 163.7 163.7 163.7 163.7 163.7 163.7 163.7 163.7 163.7 163.7 163.7 163.7 163.7 163.7 163.7 163.7 163.7 163.7 163.7 163.7 
165.4 165.4 165.4 165.4 165.4 165.4 165.4 165.4 165.4 165.4 165.4 168.2 168.2 168.2 168.2 168.2 168.2 168.2 168.2 168.2 168.2 168.2 168.2 168.2 168.2 168.2 168.2 168.2 168.2 168.2 168.2 168.2 168.2 168.2 168.2 168.2 168.2 168.2 168.2 168.2 168.2 168.2 168.2 168.2 168.2 168.2 168.2 168.2 168.2 168.2 168.2 168.2 168.2 168.2 168.2 168.2 168.2 168.2 168.2 168.2 168.2 168.2 168.2 168.2 168.2 168.2 168.2 168.2 168.2 168.2 168.2 163.7 163.7 163.7 163.7 163.7 163.7 163.7 163.7 163.7 163.7 163.7 163.7 163.7 163.7 163.7 163.7 163.7 163.7 163.7 163.7 163.7 163.7 163.7 163.7 163.7 163.7 163.7 163.7 163.7 
165.4 165.4 165.4 165.4 165.4 165.4 165.4 165.4 165.4 165.4 165.4 168.2 168.2 168.2 168.2 168.2 168.2 168.2 168.2 168.2 168.2 168.2 168.2 168.2 168.2 168.2 168.2 168.2 168.2 168.2 168.2 168.2 168.2 168.2 168.2 168.2 168.2 168.2 168.2 168.2 168.2 168.2 168.2 168.2 168.2 168.2 168.2 168.2 168.2 168.2 168.2 168.2 168.2 168.2 168.2 168.2 168.2 168.2 168.2 168.2 168.2 168.2 168.2 168.2 168.2 168.2 168.2 168.2 168.2 168.2 168.2 163.7 163.7 163.7 163.7 163.7 163.7 163.7 163.7 163.7 163.7 163.7 163.7 163.7 163.7 163.7 163.7 163.7 163.7 163.7 163.7 163.7 163.7 163.7 163.7 163.7 163.7 163.7 163.7 163.7 
165.4 165.4 165.4 165.4 165.4 165.4 165.4 165.4 165.4 165.4 165.4 168.2 168.2 168.2 168.2 168.2 168.2 168.2 168.2 168.2 168.2 168.2 168.2 168.2 168.2 168.2 168.2 168.2 168.2 168.2 168.2 168.2 168.2 168.2 168.2 168.2 168.2 168.2 168.2 168.2 168.2 168.2 168.2 168.2 168.2 168.2 168.2 168.2 168.2 168.2 168.2 168.2 168.2 168.2 168.2 168.2 168.2 168.2 168.2 168.2 168.2 168.2 168.2 168.2 168.2 168.2 168.2 168.2 168.2 168.2 168.2 163.7 163.7 163.7 163.7 163.7 163.7 163.7 163.7 163.7 163.7 163.7 163.7 163.7 163.7 163.7 163.7 163.7 163.7 163.7 163.7 163.7 163.7 163.7 163.7 163.7 163.7 163.7 163.7 163.7 
165.4 165.4 165.4 165.4 165.4 165.4 165.4 165.4 165.4 165.4 165.4 168.2 168.2 168.2 168.2 168.2 168.2 168.2 168.2 168.2 168.2 168.2 168.2 168.2 168.2 168.2 168.2 168.2 168.2 168.2 168.2 168.2 168.2 168.2 168.2 168.2 168.2 168.2 168.2 168.2 168.2 168.2 168.2 168.2 168.2 168.2 168.2 168.2 168.2 168.2 168.2 168.2 168.2 168.2 168.2 168.2 168.2 168.2 168.2 168.2 168.2 168.2 168.2 168.2 168.2 168.2 168.2 168.2 168.2 168.2 168.2 163.7 163.7 163.7 163.7 163.7 163.7 163.7 163.7 163.7 163.7 163.7 163.7 163.7 163.7 163.7 163.7 163.7 163.7 163.7 163.7 163.7 163.7 163.7 163.7 163.7 163.7 163.7 163.7 163.7 
165.4 165.4 165.4 165.4 165.4 165.4 165.4 165.4 165.4 165.4 165.4 168.2 168.2 168.2 168.2 168.2 168.2 168.2 168.2 168.2 168.2 168.2 168.2 168.2 168.2 168.2 168.2 168.2 168.2 168.2 168.2 168.2 168.2 168.2 168.2 168.2 168.2 168.2 168.2 168.2 168.2 168.2 168.2 168.2 168.2 168.2 168.2 168.2 168.2 168.2 168.2 168.2 168.2 168.2 168.2 168.2 168.2 168.2 168.2 168.2 168.2 168.2 168.2 168.2 168.2 168.2 168.2 168.2 168.2 168.2 168.2 163.7 163.7 163.7 163.7 163.7 163.7 163.7 163.7 163.7 163.7 163.7 163.7 163.7 163.7 163.7 163.7 163.7 163.7 163.7 163.7 163.7 163.7 163.7 163.7 163.7 163.7 163.7 163.7 163.7 
165.4 165.4 165.4 165.4 165.4 165.4 165.4 165.4 165.4 165.4 165.4 168.2 168.2 168.2 168.2 168.2 168.2 168.2 168.2 168.2 168.2 168.2 168.2 168.2 168.2 168.2 168.2 168.2 168.2 168.2 168.2 168.2 168.2 168.2 168.2 168.2 168.2 168.2 168.2 168.2 168.2 168.2 168.2 168.2 168.2 168.2 168.2 168.2 168.2 168.2 168.2 168.2 168.2 168.2 168.2 168.2 168.2 168.2 168.2 168.2 168.2 168.2 168.2 168.2 168.2 168.2 168.2 168.2 168.2 168.2 168.2 163.7 163.7 163.7 163.7 163.7 163.7 163.7 163.7 163.7 163.7 163.7 163.7 163.7 163.7 163.7 163.7 163.7 163.7 163.7 163.7 163.7 163.7 163.7 163.7 163.7 163.7 163.7 163.7 163.7 
165.4 165.4 165.4 165.4 165.4 165.4 165.4 165.4 165.4 165.4 165.4 168.2 168.2 168.2 168.2 168.2 168.2 168.2 168.2 168.2 168.2 168.2 168.2 168.2 168.2 168.2 168.2 168.2 168.2 168.2 168.2 168.2 168.2 168.2 168.2 168.2 168.2 168.2 168.2 168.2 168.2 168.2 168.2 168.2 168.2 168.2 168.2 168.2 168.2 168.2 168.2 168.2 168.2 168.2 168.2 168.2 168.2 168.2 168.2 168.2 168.2 168.2 168.2 168.2 168.2 168.2 168.2 168.2 168.2 168.2 168.2 163.7 163.7 163.7 163.7 163.7 163.7 163.7 163.7 163.7 163.7 163.7 163.7 163.7 163.7 163.7 163.7 163.7 163.7 163.7 163.7 163.7 163.7 163.7 163.7 163.7 163.7 163.7 163.7 163.7 
165.4 165.4 165.4 165.4 165.4 165.4 165.4 165.4 165.4 165.4 165.4 168.2 168.2 168.2 168.2 168.2 168.2 168.2 168.2 168.2 168.2 168.2 168.2 168.2 168.2 168.2 168.2 168.2 168.2 168.2 168.2 168.2 168.2 168.2 168.2 168.2 168.2 168.2 168.2 168.2 168.2 168.2 168.2 168.2 168.2 168.2 168.2 168.2 168.2 168.2 168.2 168.2 168.2 168.2 168.2 168.2 168.2 168.2 168.2 168.2 168.2 168.2 168.2 168.2 168.2 168.2 168.2 168.2 168.2 168.2 168.2 163.7 163.7 163.7 163.7 163.7 163.7 163.7 163.7 163.7 163.7 163.7 163.7 163.7 163.7 163.7 163.7 163.7 163.7 163.7 163.7 163.7 163.7 163.7 163.7 163.7 163.7 163.7 163.7 163.7 
206.6 206.6 206.6 206.6 206.6 206.6 206.6 206.6 206.6 206.6 206.6 213.1 213.1 213.1 213.1 213.1 213.1 213.1 213.1 213.1 213.1 213.1 213.1 213.1 213.1 213.1 213.1 213.1 213.1 213.1 213.1 213.1 213.1 213.1 213.1 213.1 213.1 213.1 213.1 213.1 213.1 213.1 213.1 213.1 213.1 213.1 213.1 213.1 213.1 213.1 213.1 213.1 213.1 213.1 213.1 213.1 213.1 213.1 213.1 213.1 213.1 213.1 213.1 213.1 213.1 213.1 213.1 213.1 213.1 213.1 213.1 201.7 201.7 201.7 201.7 201.7 201.7 201.7 201.7 201.7 201.7 201.7 201.7 201.7 201.7 201.7 201.7 201.7 201.7 201.7 201.7 201.7 201.7 201.7 201.7 201.7 201.7 201.7 201.7 201.7 
206.6 206.6 206.6 206.6 206.6 206.6 206.6 206.6 206.6 206.6 206.6 213.1 213.1 213.1 213.1 213.1 213.1 213.1 213.1 213.1 213.1 213.1 213.1 213.1 213.1 213.1 213.1 213.1 213.1 213.1 213.1 213.1 213.1 213.1 213.1 213.1 213.1 213.1 213.1 213.1 213.1 213.1 213.1 213.1 213.1 213.1 213.1 213.1 213.1 213.1 213.1 213.1 213.1 213.1 213.1 213.1 213.1 213.1 213.1 213.1 213.1 213.1 213.1 213.1 213.1 213.1 213.1 213.1 213.1 213.1 213.1 201.7 201.7 201.7 201.7 201.7 201.7 201.7 201.7 201.7 201.7 201.7 201.7 201.7 201.7 201.7 201.7 201.7 201.7 201.7 201.7 201.7 201.7 201.7 201.7 201.7 201.7 201.7 201.7 201.7 
206.6 206.6 206.6 206.6 206.6 206.6 206.6 206.6 206.6 206.6 206.6 213.1 213.1 213.1 213.1 213.1 213.1 213.1 213.1 213.1 213.1 213.1 213.1 213.1 213.1 213.1 213.1 213.1 213.1 213.1 213.1 213.1 213.1 213.1 213.1 213.1 213.1 213.1 213.1 213.1 213.1 213.1 213.1 213.1 213.1 213.1 213.1 213.1 213.1 213.1 213.1 213.1 213.1 213.1 213.1 213.1 213.1 213.1 213.1 213.1 213.1 213.1 213.1 213.1 213.1 213.1 213.1 213.1 213.1 213.1 213.1 201.7 201.7 201.7 201.7 201.7 201.7 201.7 201.7 201.7 201.7 201.7 201.7 201.7 201.7 201.7 201.7 201.7 201.7 201.7 201.7 201.7 201.7 201.7 201.7 201.7 201.7 201.7 201.7 201.7 
206.6 206.6 206.6 206.6 206.6 206.6 206.6 206.6 206.6 206.6 206.6 213.1 213.1 213.1 213.1 213.1 213.1 213.1 213.1 213.1 213.1 213.1 213.1 213.1 213.1 213.1 213.1 213.1 213.1 213.1 213.1 213.1 213.1 213.1 213.1 213.1 213.1 213.1 213.1 213.1 213.1 213.1 213.1 213.1 213.1 213.1 213.1 213.1 213.1 213.1 213.1 213.1 213.1 213.1 213.1 213.1 213.1 213.1 213.1 213.1 213.1 213.1 213.1 213.1 213.1 213.1 213.1 213.1 213.1 213.1 213.1 201.7 201.7 201.7 201.7 201.7 201.7 201.7 201.7 201.7 201.7 201.7 201.7 201.7 201.7 201.7 201.7 201.7 201.7 201.7 201.7 201.7 201.7 201.7 201.7 201.7 201.7 201.7 201.7 201.7 
206.6 206.6 206.6 206.6 206.6 206.6 206.6 206.6 206.6 206.6 206.6 213.1 213.1 213.1 213.1 213.1 213.1 213.1 213.1 213.1 213.1 213.1 213.1 213.1 213.1 213.1 213.1 213.1 213.1 213.1 213.1 213.1 213.1 213.1 213.1 213.1 213.1 213.1 213.1 213.1 213.1 213.1 213.1 213.1 213.1 213.1 213.1 213.1 213.1 213.1 213.1 213.1 213.1 213.1 213.1 213.1 213.1 213.1 213.1 213.1 213.1 213.1 213.1 213.1 213.1 213.1 213.1 213.1 213.1 213.1 213.1 201.7 201.7 201.7 201.7 201.7 201.7 201.7 201.7 201.7 201.7 201.7 201.7 201.7 201.7 201.7 201.7 201.7 201.7 201.7 201.7 201.7 201.7 201.7 201.7 201.7 201.7 201.7 201.7 201.7 
206.6 206.6 206.6 206.6 206.6 206.6 206.6 206.6 206.6 206.6 206.6 213.1 213.1 213.1 213.1 213.1 213.1 213.1 213.1 213.1 213.1 213.1 213.1 213.1 213.1 213.1 213.1 213.1 213.1 213.1 213.1 213.1 213.1 213.1 213.1 213.1 213.1 213.1 213.1 213.1 213.1 213.1 213.1 213.1 213.1 213.1 213.1 213.1 213.1 213.1 213.1 213.1 213.1 213.1 213.1 213.1 213.1 213.1 213.1 213.1 213.1 213.1 213.1 213.1 213.1 213.1 213.1 213.1 213.1 213.1 213.1 201.7 201.7 201.7 201.7 201.7 201.7 201.7 201.7 201.7 201.7 201.7 201.7 201.7 201.7 201.7 201.7 201.7 201.7 201.7 201.7 201.7 201.7 201.7 201.7 201.7 201.7 201.7 201.7 201.7 
206.6 206.6 206.6 206.6 206.6 206.6 206.6 206.6 206.6 206.6 206.6 213.1 213.1 213.1 213.1 213.1 213.1 213.1 213.1 213.1 213.1 213.1 213.1 213.1 213.1 213.1 213.1 213.1 213.1 213.1 213.1 213.1 213.1 213.1 213.1 213.1 213.1 213.1 213.1 213.1 213.1 213.1 213.1 213.1 213.1 213.1 213.1 213.1 213.1 213.1 213.1 213.1 213.1 213.1 213.1 213.1 213.1 213.1 213.1 213.1 213.1 213.1 213.1 213.1 213.1 213.1 213.1 213.1 213.1 213.1 213.1 201.7 201.7 201.7 201.7 201.7 201.7 201.7 201.7 201.7 201.7 201.7 201.7 201.7 201.7 201.7 201.7 201.7 201.7 201.7 201.7 201.7 201.7 201.7 201.7 201.7 201.7 201.7 201.7 201.7 
206.6 206.6 206.6 206.6 206.6 206.6 206.6 206.6 206.6 206.6 206.6 213.1 213.1 213.1 213.1 213.1 213.1 213.1 213.1 213.1 213.1 213.1 213.1 213.1 213.1 213.1 213.1 213.1 213.1 213.1 213.1 213.1 213.1 213.1 213.1 213.1 213.1 213.1 213.1 213.1 213.1 213.1 213.1 213.1 213.1 213.1 213.1 213.1 213.1 213.1 213.1 213.1 213.1 213.1 213.1 213.1 213.1 213.1 213.1 213.1 213.1 213.1 213.1 213.1 213.1 213.1 213.1 213.1 213.1 213.1 213.1 201.7 201.7 201.7 201.7 201.7 201.7 201.7 201.7 201.7 201.7 201.7 201.7 201.7 201.7 201.7 201.7 201.7 201.7 201.7 201.7 201.7 201.7 201.7 201.7 201.7 201.7 201.7 201.7 201.7 
206.6 206.6 206.6 206.6 206.6 206.6 206.6 206.6 206.6 206.6 206.6 213.1 213.1 213.1 213.1 213.1 213.1 213.1 213.1 213.1 213.1 213.1 213.1 213.1 213.1 213.1 213.1 213.1 213.1 213.1 213.1 213.1 213.1 213.1 213.1 213.1 213.1 213.1 213.1 213.1 213.1 213.1 213.1 213.1 213.1 213.1 213.1 213.1 213.1 213.1 213.1 213.1 213.1 213.1 213.1 213.1 213.1 213.1 213.1 213.1 213.1 213.1 213.1 213.1 213.1 213.1 213.1 213.1 213.1 213.1 213.1 201.7 201.7 201.7 201.7 201.7 201.7 201.7 201.7 201.7 201.7 201.7 201.7 201.7 201.7 201.7 201.7 201.7 201.7 201.7 201.7 201.7 201.7 201.7 201.7 201.7 201.7 201.7 201.7 201.7 
206.6 206.6 206.6 206.6 206.6 206.6 206.6 206.6 206.6 206.6 206.6 213.1 213.1 213.1 213.1 213.1 213.1 213.1 213.1 213.1 213.1 213.1 213.1 213.1 213.1 213.1 213.1 213.1 213.1 213.1 213.1 213.1 213.1 213.1 213.1 213.1 213.1 213.1 213.1 213.1 213.1 213.1 213.1 213.1 213.1 213.1 213.1 213.1 213.1 213.1 213.1 213.1 213.1 213.1 213.1 213.1 213.1 213.1 213.1 213.1 213.1 213.1 213.1 213.1 213.1 213.1 213.1 213.1 213.1 213.1 213.1 201.7 201.7 201.7 201.7 201.7 201.7 201.7 201.7 201.7 201.7 201.7 201.7 201.7 201.7 201.7 201.7 201.7 201.7 201.7 201.7 201.7 201.7 201.7 201.7 201.7 201.7 201.7 201.7 201.7 
206.6 206.6 206.6 206.6 206.6 206.6 206.6 206.6 206.6 206.6 206.6 213.1 213.1 213.1 213.1 213.1 213.1 213.1 213.1 213.1 213.1 213.1 213.1 213.1 213.1 213.1 213.1 213.1 213.1 213.1 213.1 213.1 213.1 213.1 213.1 213.1 213.1 213.1 213.1 213.1 213.1 213.1 213.1 213.1 213.1 213.1 213.1 213.1 213.1 213.1 213.1 213.1 213.1 213.1 213.1 213.1 213.1 213.1 213.1 213.1 213.1 213.1 213.1 213.1 213.1 213.1 213.1 213.1 213.1 213.1 213.1 201.7 201.7 201.7 201.7 201.7 201.7 201.7 201.7 201.7 201.7 201.7 201.7 201.7 201.7 201.7 201.7 201.7 201.7 201.7 201.7 201.7 201.7 201.7 201.7 201.7 201.7 201.7 201.7 201.7 
206.6 206.6 206.6 206.6 206.6 206.6 206.6 206.6 206.6 206.6 206.6 213.1 213.1 213.1 213.1 213.1 213.1 213.1 213.1 213.1 213.1 213.1 213.1 213.1 213.1 213.1 213.1 213.1 213.1 213.1 213.1 213.1 213.1 213.1 213.1 213.1 213.1 213.1 213.1 213.1 213.1 213.1 213.1 213.1 213.1 213.1 213.1 213.1 213.1 213.1 213.1 213.1 213.1 213.1 213.1 213.1 213.1 213.1 213.1 213.1 213.1 213.1 213.1 213.1 213.1 213.1 213.1 213.1 213.1 213.1 213.1 201.7 201.7 201.7 201.7 201.7 201.7 201.7 201.7 201.7 201.7 201.7 201.7 201.7 201.7 201.7 201.7 201.7 201.7 201.7 201.7 201.7 201.7 201.7 201.7 201.7 201.7 201.7 201.7 201.7 
206.6 206.6 206.6 206.6 206.6 206.6 206.6 206.6 206.6 206.6 206.6 213.1 213.1 213.1 213.1 213.1 213.1 213.1 213.1 213.1 213.1 213.1 213.1 213.1 213.1 213.1 213.1 213.1 213.1 213.1 213.1 213.1 213.1 213.1 213.1 213.1 213.1 213.1 213.1 213.1 213.1 213.1 213.1 213.1 213.1 213.1 213.1 213.1 213.1 213.1 213.1 213.1 213.1 213.1 213.1 213.1 213.1 213.1 213.1 213.1 213.1 213.1 213.1 213.1 213.1 213.1 213.1 213.1 213.1 213.1 213.1 201.7 201.7 201.7 201.7 201.7 201.7 201.7 201.7 201.7 201.7 201.7 201.7 201.7 201.7 201.7 201.7 201.7 201.7 201.7 201.7 201.7 201.7 201.7 201.7 201.7 201.7 201.7 201.7 201.7 
206.6 206.6 206.6 206.6 206.6 206.6 206.6 206.6 206.6 206.6 206.6 213.1 213.1 213.1 213.1 213.1 213.1 213.1 213.1 213.1 213.1 213.1 213.1 213.1 213.1 213.1 213.1 213.1 213.1 213.1 213.1 213.1 213.1 213.1 213.1 213.1 213.1 213.1 213.1 213.1 213.1 213.1 213.1 213.1 213.1 213.1 213.1 213.1 213.1 213.1 213.1 213.1 213.1 213.1 213.1 213.1 213.1 213.1 213.1 213.1 213.1 213.1 213.1 213.1 213.1 213.1 213.1 213.1 213.1 213.1 213.1 201.7 201.7 201.7 201.7 201.7 201.7 201.7 201.7 201.7 201.7 201.7 201.7 201.7 201.7 201.7 201.7 201.7 201.7 201.7 201.7 201.7 201.7 201.7 201.7 201.7 201.7 201.7 201.7 201.7 
206.6 206.6 206.6 206.6 206.6 206.6 206.6 206.6 206.6 206.6 206.6 213.1 213.1 213.1 213.1 213.1 213.1 213.1 213.1 213.1 213.1 213.1 213.1 213.1 213.1 213.1 213.1 213.1 213.1 213.1 213.1 213.1 213.1 213.1 213.1 213.1 213.1 213.1 213.1 213.1 213.1 213.1 213.1 213.1 213.1 213.1 213.1 213.1 213.1 213.1 213.1 213.1 213.1 213.1 213.1 213.1 213.1 213.1 213.1 213.1 213.1 213.1 213.1 213.1 213.1 213.1 213.1 213.1 213.1 213.1 213.1 201.7 201.7 201.7 201.7 201.7 201.7 201.7 201.7 201.7 201.7 201.7 201.7 201.7 201.7 201.7 201.7 201.7 201.7 201.7 201.7 201.7 201.7 201.7 201.7 201.7 201.7 201.7 201.7 201.7 
206.6 206.6 206.6 206.6 206.6 206.6 206.6 206.6 206.6 206.6 206.6 213.1 213.1 213.1 213.1 213.1 213.1 213.1 213.1 213.1 213.1 213.1 213.1 213.1 213.1 213.1 213.1 213.1 213.1 213.1 213.1 213.1 213.1 213.1 213.1 213.1 213.1 213.1 213.1 213.1 213.1 213.1 213.1 213.1 213.1 213.1 213.1 213.1 213.1 213.1 213.1 213.1 213.1 213.1 213.1 213.1 213.1 213.1 213.1 213.1 213.1 213.1 213.1 213.1 213.1 213.1 213.1 213.1 213.1 213.1 213.1 201.7 201.7 201.7 201.7 201.7 201.7 201.7 201.7 201.7 201.7 201.7 201.7 201.7 201.7 201.7 201.7 201.7 201.7 201.7 201.7 201.7 201.7 201.7 201.7 201.7 201.7 201.7 201.7 201.7 
206.6 206.6 206.6 206.6 206.6 206.6 206.6 206.6 206.6 206.6 206.6 213.1 213.1 213.1 213.1 213.1 213.1 213.1 213.1 213.1 213.1 213.1 213.1 213.1 213.1 213.1 213.1 213.1 213.1 213.1 213.1 213.1 213.1 213.1 213.1 213.1 213.1 213.1 213.1 213.1 213.1 213.1 213.1 213.1 213.1 213.1 213.1 213.1 213.1 213.1 213.1 213.1 213.1 213.1 213.1 213.1 213.1 213.1 213.1 213.1 213.1 213.1 213.1 213.1 213.1 213.1 213.1 213.1 213.1 213.1 213.1 201.7 201.7 201.7 201.7 201.7 201.7 201.7 201.7 201.7 201.7 201.7 201.7 201.7 201.7 201.7 201.7 201.7 201.7 201.7 201.7 201.7 201.7 201.7 201.7 201.7 201.7 201.7 201.7 201.7 
206.6 206.6 206.6 206.6 206.6 206.6 206.6 206.6 206.6 206.6 206.6 213.1 213.1 213.1 213.1 213.1 213.1 213.1 213.1 213.1 213.1 213.1 213.1 213.1 213.1 213.1 213.1 213.1 213.1 213.1 213.1 213.1 213.1 213.1 213.1 213.1 213.1 213.1 213.1 213.1 213.1 213.1 213.1 213.1 213.1 213.1 213.1 213.1 213.1 213.1 213.1 213.1 213.1 213.1 213.1 213.1 213.1 213.1 213.1 213.1 213.1 213.1 213.1 213.1 213.1 213.1 213.1 213.1 213.1 213.1 213.1 201.7 201.7 201.7 201.7 201.7 201.7 201.7 201.7 201.7 201.7 201.7 201.7 201.7 201.7 201.7 201.7 201.7 201.7 201.7 201.7 201.7 201.7 201.7 201.7 201.7 201.7 201.7 201.7 201.7 
206.6 206.6 206.6 206.6 206.6 206.6 206.6 206.6 206.6 206.6 206.6 213.1 213.1 213.1 213.1 213.1 213.1 213.1 213.1 213.1 213.1 213.1 213.1 213.1 213.1 213.1 213.1 213.1 213.1 213.1 213.1 213.1 213.1 213.1 213.1 213.1 213.1 213.1 213.1 213.1 213.1 213.1 213.1 213.1 213.1 213.1 213.1 213.1 213.1 213.1 213.1 213.1 213.1 213.1 213.1 213.1 213.1 213.1 213.1 213.1 213.1 213.1 213.1 213.1 213.1 213.1 213.1 213.1 213.1 213.1 213.1 201.7 201.7 201.7 201.7 201.7 201.7 201.7 201.7 201.7 201.7 201.7 201.7 201.7 201.7 201.7 201.7 201.7 201.7 201.7 201.7 201.7 201.7 201.7 201.7 201.7 201.7 201.7 201.7 201.7 
206.6 206.6 206.6 206.6 206.6 206.6 206.6 206.6 206.6 206.6 206.6 213.1 213.1 213.1 213.1 213.1 213.1 213.1 213.1 213.1 213.1 213.1 213.1 213.1 213.1 213.1 213.1 213.1 213.1 213.1 213.1 213.1 213.1 213.1 213.1 213.1 213.1 213.1 213.1 213.1 213.1 213.1 213.1 213.1 213.1 213.1 213.1 213.1 213.1 213.1 213.1 213.1 213.1 213.1 213.1 213.1 213.1 213.1 213.1 213.1 213.1 213.1 213.1 213.1 213.1 213.1 213.1 213.1 213.1 213.1 213.1 201.7 201.7 201.7 201.7 201.7 201.7 201.7 201.7 201.7 201.7 201.7 201.7 201.7 201.7 201.7 201.7 201.7 201.7 201.7 201.7 201.7 201.7 201.7 201.7 201.7 201.7 201.7 201.7 201.7 
206.6 206.6 206.6 206.6 206.6 206.6 206.6 206.6 206.6 206.6 206.6 213.1 213.1 213.1 213.1 213.1 213.1 213.1 213.1 213.1 213.1 213.1 213.1 213.1 213.1 213.1 213.1 213.1 213.1 213.1 213.1 213.1 213.1 213.1 213.1 213.1 213.1 213.1 213.1 213.1 213.1 213.1 213.1 213.1 213.1 213.1 213.1 213.1 213.1 213.1 213.1 213.1 213.1 213.1 213.1 213.1 213.1 213.1 213.1 213.1 213.1 213.1 213.1 213.1 213.1 213.1 213.1 213.1 213.1 213.1 213.1 201.7 201.7 201.7 201.7 201.7 201.7 201.7 201.7 201.7 201.7 201.7 201.7 201.7 201.7 201.7 201.7 201.7 201.7 201.7 201.7 201.7 201.7 201.7 201.7 201.7 201.7 201.7 201.7 201.7 
206.6 206.6 206.6 206.6 206.6 206.6 206.6 206.6 206.6 206.6 206.6 213.1 213.1 213.1 213.1 213.1 213.1 213.1 213.1 213.1 213.1 213.1 213.1 213.1 213.1 213.1 213.1 213.1 213.1 213.1 213.1 213.1 213.1 213.1 213.1 213.1 213.1 213.1 213.1 213.1 213.1 213.1 213.1 213.1 213.1 213.1 213.1 213.1 213.1 213.1 213.1 213.1 213.1 213.1 213.1 213.1 213.1 213.1 213.1 213.1 213.1 213.1 213.1 213.1 213.1 213.1 213.1 213.1 213.1 213.1 213.1 201.7 201.7 201.7 201.7 201.7 201.7 201.7 201.7 201.7 201.7 201.7 201.7 201.7 201.7 201.7 201.7 201.7 201.7 201.7 201.7 201.7 201.7 201.7 201.7 201.7 201.7 201.7 201.7 201.7 
206.6 206.6 206.6 206.6 206.6 206.6 206.6 206.6 206.6 206.6 206.6 213.1 213.1 213.1 213.1 213.1 213.1 213.1 213.1 213.1 213.1 213.1 213.1 213.1 213.1 213.1 213.1 213.1 213.1 213.1 213.1 213.1 213.1 213.1 213.1 213.1 213.1 213.1 213.1 213.1 213.1 213.1 213.1 213.1 213.1 213.1 213.1 213.1 213.1 213.1 213.1 213.1 213.1 213.1 213.1 213.1 213.1 213.1 213.1 213.1 213.1 213.1 213.1 213.1 213.1 213.1 213.1 213.1 213.1 213.1 213.1 201.7 201.7 201.7 201.7 201.7 201.7 201.7 201.7 201.7 201.7 201.7 201.7 201.7 201.7 201.7 201.7 201.7 201.7 201.7 201.7 201.7 201.7 201.7 201.7 201.7 201.7 201.7 201.7 201.7 
206.6 206.6 206.6 206.6 206.6 206.6 206.6 206.6 206.6 206.6 206.6 213.1 213.1 213.1 213.1 213.1 213.1 213.1 213.1 213.1 213.1 213.1 213.1 213.1 213.1 213.1 213.1 213.1 213.1 213.1 213.1 213.1 213.1 213.1 213.1 213.1 213.1 213.1 213.1 213.1 213.1 213.1 213.1 213.1 213.1 213.1 213.1 213.1 213.1 213.1 213.1 213.1 213.1 213.1 213.1 213.1 213.1 213.1 213.1 213.1 213.1 213.1 213.1 213.1 213.1 213.1 213.1 213.1 213.1 213.1 213.1 201.7 201.7 201.7 201.7 201.7 201.7 201.7 201.7 201.7 201.7 201.7 201.7 201.7 201.7 201.7 201.7 201.7 201.7 201.7 201.7 201.7 201.7 201.7 201.7 201.7 201.7 201.7 201.7 201.7 
206.6 206.6 206.6 206.6 206.6 206.6 206.6 206.6 206.6 206.6 206.6 213.1 213.1 213.1 213.1 213.1 213.1 213.1 213.1 213.1 213.1 213.1 213.1 213.1 213.1 213.1 213.1 213.1 213.1 213.1 213.1 213.1 213.1 213.1 213.1 213.1 213.1 213.1 213.1 213.1 213.1 213.1 213.1 213.1 213.1 213.1 213.1 213.1 213.1 213.1 213.1 213.1 213.1 213.1 213.1 213.1 213.1 213.1 213.1 213.1 213.1 213.1 213.1 213.1 213.1 213.1 213.1 213.1 213.1 213.1 213.1 201.7 201.7 201.7 201.7 201.7 201.7 201.7 201.7 201.7 201.7 201.7 201.7 201.7 201.7 201.7 201.7 201.7 201.7 201.7 201.7 201.7 201.7 201.7 201.7 201.7 201.7 201.7 201.7 201.7 
206.6 206.6 206.6 206.6 206.6 206.6 206.6 206.6 206.6 206.6 206.6 213.1 213.1 213.1 213.1 213.1 213.1 213.1 213.1 213.1 213.1 213.1 213.1 213.1 213.1 213.1 213.1 213.1 213.1 213.1 213.1 213.1 213.1 213.1 213.1 213.1 213.1 213.1 213.1 213.1 213.1 213.1 213.1 213.1 213.1 213.1 213.1 213.1 213.1 213.1 213.1 213.1 213.1 213.1 213.1 213.1 213.1 213.1 213.1 213.1 213.1 213.1 213.1 213.1 213.1 213.1 213.1 213.1 213.1 213.1 213.1 201.7 201.7 201.7 201.7 201.7 201.7 201.7 201.7 201.7 201.7 201.7 201.7 201.7 201.7 201.7 201.7 201.7 201.7 201.7 201.7 201.7 201.7 201.7 201.7 201.7 201.7 201.7 201.7 201.7 
206.6 206.6 206.6 206.6 206.6 206.6 206.6 206.6 206.6 206.6 206.6 213.1 213.1 213.1 213.1 213.1 213.1 213.1 213.1 213.1 213.1 213.1 213.1 213.1 213.1 213.1 213.1 213.1 213.1 213.1 213.1 213.1 213.1 213.1 213.1 213.1 213.1 213.1 213.1 213.1 213.1 213.1 213.1 213.1 213.1 213.1 213.1 213.1 213.1 213.1 213.1 213.1 213.1 213.1 213.1 213.1 213.1 213.1 213.1 213.1 213.1 213.1 213.1 213.1 213.1 213.1 213.1 213.1 213.1 213.1 213.1 201.7 201.7 201.7 201.7 201.7 201.7 201.7 201.7 201.7 201.7 201.7 201.7 201.7 201.7 201.7 201.7 201.7 201.7 201.7 201.7 201.7 201.7 201.7 201.7 201.7 201.7 201.7 201.7 201.7 
206.6 206.6 206.6 206.6 206.6 206.6 206.6 206.6 206.6 206.6 206.6 213.1 213.1 213.1 213.1 213.1 213.1 213.1 213.1 213.1 213.1 213.1 213.1 213.1 213.1 213.1 213.1 213.1 213.1 213.1 213.1 213.1 213.1 213.1 213.1 213.1 213.1 213.1 213.1 213.1 213.1 213.1 213.1 213.1 213.1 213.1 213.1 213.1 213.1 213.1 213.1 213.1 213.1 213.1 213.1 213.1 213.1 213.1 213.1 213.1 213.1 213.1 213.1 213.1 213.1 213.1 213.1 213.1 213.1 213.1 213.1 201.7 201.7 201.7 201.7 201.7 201.7 201.7 201.7 201.7 201.7 201.7 201.7 201.7 201.7 201.7 201.7 201.7 201.7 201.7 201.7 201.7 201.7 201.7 201.7 201.7 201.7 201.7 201.7 201.7 
206.6 206.6 206.6 206.6 206.6 206.6 206.6 206.6 206.6 206.6 206.6 213.1 213.1 213.1 213.1 213.1 213.1 213.1 213.1 213.1 213.1 213.1 213.1 213.1 213.1 213.1 213.1 213.1 213.1 213.1 213.1 213.1 213.1 213.1 213.1 213.1 213.1 213.1 213.1 213.1 213.1 213.1 213.1 213.1 213.1 213.1 213.1 213.1 213.1 213.1 213.1 213.1 213.1 213.1 213.1 213.1 213.1 213.1 213.1 213.1 213.1 213.1 213.1 213.1 213.1 213.1 213.1 213.1 213.1 213.1 213.1 201.7 201.7 201.7 201.7 201.7 201.7 201.7 201.7 201.7 201.7 201.7 201.7 201.7 201.7 201.7 201.7 201.7 201.7 201.7 201.7 201.7 201.7 201.7 201.7 201.7 201.7 201.7 201.7 201.7 
206.6 206.6 206.6 206.6 206.6 206.6 206.6 206.6 206.6 206.6 206.6 213.1 213.1 213.1 213.1 213.1 213.1 213.1 213.1 213.1 213.1 213.1 213.1 213.1 213.1 213.1 213.1 213.1 213.1 213.1 213.1 213.1 213.1 213.1 213.1 213.1 213.1 213.1 213.1 213.1 213.1 213.1 213.1 213.1 213.1 213.1 213.1 213.1 213.1 213.1 213.1 213.1 213.1 213.1 213.1 213.1 213.1 213.1 213.1 213.1 213.1 213.1 213.1 213.1 213.1 213.1 213.1 213.1 213.1 213.1 213.1 201.7 201.7 201.7 201.7 201.7 201.7 201.7 201.7 201.7 201.7 201.7 201.7 201.7 201.7 201.7 201.7 201.7 201.7 201.7 201.7 201.7 201.7 201.7 201.7 201.7 201.7 201.7 201.7 201.7 
206.6 206.6 206.6 206.6 206.6 206.6 206.6 206.6 206.6 206.6 206.6 213.1 213.1 213.1 213.1 213.1 213.1 213.1 213.1 213.1 213.1 213.1 213.1 213.1 213.1 213.1 213.1 213.1 213.1 213.1 213.1 213.1 213.1 213.1 213.1 213.1 213.1 213.1 213.1 213.1 213.1 213.1 213.1 213.1 213.1 213.1 213.1 213.1 213.1 213.1 213.1 213.1 213.1 213.1 213.1 213.1 213.1 213.1 213.1 213.1 213.1 213.1 213.1 213.1 213.1 213.1 213.1 213.1 213.1 213.1 213.1 201.7 201.7 201.7 201.7 201.7 201.7 201.7 201.7 201.7 201.7 201.7 201.7 201.7 201.7 201.7 201.7 201.7 201.7 201.7 201.7 201.7 201.7 201.7 201.7 201.7 201.7 201.7 201.7 201.7 
