ncols         100
nrows         100
xllcorner     -59982.863281
yllcorner     1851083.022172
cellsize      1000
NODATA_value  -9999
119.2 119.2 119.2 119.2 119.2 119.2 119.2 119.2 119.2 119.2 119.2 107.6 107.6 107.6 107.6 107.6 107.6 107.6 107.6 107.6 107.6 107.6 107.6 107.6 107.6 107.6 107.6 107.6 107.6 107.6 107.6 107.6 107.6 107.6 107.6 107.6 107.6 107.6 107.6 107.6 107.6 107.6 107.6 107.6 107.6 107.6 107.6 107.6 107.6 107.6 107.6 107.6 107.6 107.6 107.6 107.6 107.6 107.6 107.6 107.6 107.6 107.6 107.6 107.6 107.6 107.6 107.6 107.6 107.6 107.6 107.6 93.5 93.5 93.5 93.5 93.5 93.5 93.5 93.5 93.5 93.5 93.5 93.5 93.5 93.5 93.5 93.5 93.5 93.5 93.5 93.5 93.5 93.5 93.5 93.5 93.5 93.5 93.5 93.5 93.5 
119.2 119.2 119.2 119.2 119.2 119.2 119.2 119.2 119.2 119.2 119.2 107.6 107.6 107.6 107.6 107.6 107.6 107.6 107.6 107.6 107.6 107.6 107.6 107.6 107.6 107.6 107.6 107.6 107.6 107.6 107.6 107.6 107.6 107.6 107.6 107.6 107.6 107.6 107.6 107.6 107.6 107.6 107.6 107.6 107.6 107.6 107.6 107.6 107.6 107.6 107.6 107.6 107.6 107.6 107.6 107.6 107.6 107.6 107.6 107.6 107.6 107.6 107.6 107.6 107.6 107.6 107.6 107.6 107.6 107.6 107.6 93.5 93.5 93.5 93.5 93.5 93.5 93.5 93.5 93.5 93.5 93.5 93.5 93.5 93.5 93.5 93.5 93.5 93.5 93.5 93.5 93.5 93.5 93.5 93.5 93.5 93.5 93.5 93.5 93.5 
119.2 119.2 119.2 119.2 119.2 119.2 119.2 119.2 119.2 119.2 119.2 107.6 107.6 107.6 107.6 107.6 107.6 107.6 107.6 107.6 107.6 107.6 107.6 107.6 107.6 107.6 107.6 107.6 107.6 107.6 107.6 107.6 107.6 107.6 107.6 107.6 107.6 107.6 107.6 107.6 107.6 107.6 107.6 107.6 107.6 107.6 107.6 107.6 107.6 107.6 107.6 107.6 107.6 107.6 107.6 107.6 107.6 107.6 107.6 107.6 107.6 107.6 107.6 107.6 107.6 107.6 107.6 107.6 107.6 107.6 107.6 93.5 93.5 93.5 93.5 93.5 93.5 93.5 93.5 93.5 93.5 93.5 93.5 93.5 93.5 93.5 93.5 93.5 93.5 93.5 93.5 93.5 93.5 93.5 93.5 93.5 93.5 93.5 93.5 93.5 
119.2 119.2 119.2 119.2 119.2 119.2 119.2 119.2 119.2 119.2 119.2 107.6 107.6 107.6 107.6 107.6 107.6 107.6 107.6 107.6 107.6 107.6 107.6 107.6 107.6 107.6 107.6 107.6 107.6 107.6 107.6 107.6 107.6 107.6 107.6 107.6 107.6 107.6 107.6 107.6 107.6 107.6 107.6 107.6 107.6 107.6 107.6 107.6 107.6 107.6 107.6 107.6 107.6 107.6 107.6 107.6 107.6 107.6 107.6 107.6 107.6 107.6 107.6 107.6 107.6 107.6 107.6 107.6 107.6 107.6 107.6 93.5 93.5 93.5 93.5 93.5 93.5 93.5 93.5 93.5 93.5 93.5 93.5 93.5 93.5 93.5 93.5 93.5 93.5 93.5 93.5 93.5 93.5 93.5 93.5 93.5 93.5 93.5 93.5 93.5 
119.2 119.2 119.2 119.2 119.2 119.2 119.2 119.2 119.2 119.2 119.2 107.6 107.6 107.6 107.6 107.6 107.6 107.6 107.6 107.6 107.6 107.6 107.6 107.6 107.6 107.6 107.6 107.6 107.6 107.6 107.6 107.6 107.6 107.6 107.6 107.6 107.6 107.6 107.6 107.6 107.6 107.6 107.6 107.6 107.6 107.6 107.6 107.6 107.6 107.6 107.6 107.6 107.6 107.6 107.6 107.6 107.6 107.6 107.6 107.6 107.6 107.6 107.6 107.6 107.6 107.6 107.6 107.6 107.6 107.6 107.6 93.5 93.5 93.5 93.5 93.5 93.5 93.5 93.5 93.5 93.5 93.5 93.5 93.5 93.5 93.5 93.5 93.5 93.5 93.5 93.5 93.5 93.5 93.5 93.5 93.5 93.5 93.5 93.5 93.5 
119.2 119.2 119.2 119.2 119.2 119.2 119.2 119.2 119.2 119.2 119.2 107.6 107.6 107.6 107.6 107.6 107.6 107.6 107.6 107.6 107.6 107.6 107.6 107.6 107.6 107.6 107.6 107.6 107.6 107.6 107.6 107.6 107.6 107.6 107.6 107.6 107.6 107.6 107.6 107.6 107.6 107.6 107.6 107.6 107.6 107.6 107.6 107.6 107.6 107.6 107.6 107.6 107.6 107.6 107.6 107.6 107.6 107.6 107.6 107.6 107.6 107.6 107.6 107.6 107.6 107.6 107.6 107.6 107.6 107.6 107.6 93.5 93.5 93.5 93.5 93.5 93.5 93.5 93.5 93.5 93.5 93.5 93.5 93.5 93.5 93.5 93.5 93.5 93.5 93.5 93.5 93.5 93.5 93.5 93.5 93.5 93.5 93.5 93.5 93.5 
119.2 119.2 119.2 119.2 119.2 119.2 119.2 119.2 119.2 119.2 119.2 107.6 107.6 107.6 107.6 107.6 107.6 107.6 107.6 107.6 107.6 107.6 107.6 107.6 107.6 107.6 107.6 107.6 107.6 107.6 107.6 107.6 107.6 107.6 107.6 107.6 107.6 107.6 107.6 107.6 107.6 107.6 107.6 107.6 107.6 107.6 107.6 107.6 107.6 107.6 107.6 107.6 107.6 107.6 107.6 107.6 107.6 107.6 107.6 107.6 107.6 107.6 107.6 107.6 107.6 107.6 107.6 107.6 107.6 107.6 107.6 93.5 93.5 93.5 93.5 93.5 93.5 93.5 93.5 93.5 93.5 93.5 93.5 93.5 93.5 93.5 93.5 93.5 93.5 93.5 93.5 93.5 93.5 93.5 93.5 93.5 93.5 93.5 93.5 93.5 
119.2 119.2 119.2 119.2 119.2 119.2 119.2 119.2 119.2 119.2 119.2 107.6 107.6 107.6 107.6 107.6 107.6 107.6 107.6 107.6 107.6 107.6 107.6 107.6 107.6 107.6 107.6 107.6 107.6 107.6 107.6 107.6 107.6 107.6 107.6 107.6 107.6 107.6 107.6 107.6 107.6 107.6 107.6 107.6 107.6 107.6 107.6 107.6 107.6 107.6 107.6 107.6 107.6 107.6 107.6 107.6 107.6 107.6 107.6 107.6 107.6 107.6 107.6 107.6 107.6 107.6 107.6 107.6 107.6 107.6 107.6 93.5 93.5 93.5 93.5 93.5 93.5 93.5 93.5 93.5 93.5 93.5 93.5 93.5 93.5 93.5 93.5 93.5 93.5 93.5 93.5 93.5 93.5 93.5 93.5 93.5 93.5 93.5 93.5 93.5 
119.2 119.2 119.2 119.2 119.2 119.2 119.2 119.2 119.2 119.2 119.2 107.6 107.6 107.6 107.6 107.6 107.6 107.6 107.6 107.6 107.6 107.6 107.6 107.6 107.6 107.6 107.6 107.6 107.6 107.6 107.6 107.6 107.6 107.6 107.6 107.6 107.6 107.6 107.6 107.6 107.6 107.6 107.6 107.6 107.6 107.6 107.6 107.6 107.6 107.6 107.6 107.6 107.6 107.6 107.6 107.6 107.6 107.6 107.6 107.6 107.6 107.6 107.6 107.6 107.6 107.6 107.6 107.6 107.6 107.6 107.6 93.5 93.5 93.5 93.5 93.5 93.5 93.5 93.5 93.5 93.5 93.5 93.5 93.5 93.5 93.5 93.5 93.5 93.5 93.5 93.5 93.5 93.5 93.5 93.5 93.5 93.5 93.5 93.5 93.5 
128.7 128.7 128.7 128.7 128.7 128.7 128.7 128.7 128.7 128.7 128.7 125.2 125.2 125.2 125.2 125.2 125.2 125.2 125.2 125.2 125.2 125.2 125.2 125.2 125.2 125.2 125.2 125.2 125.2 125.2 125.2 125.2 125.2 125.2 125.2 125.2 125.2 125.2 125.2 125.2 125.2 125.2 125.2 125.2 125.2 125.2 125.2 125.2 125.2 125.2 125.2 125.2 125.2 125.2 125.2 125.2 125.2 125.2 125.2 125.2 125.2 125.2 125.2 125.2 125.2 125.2 125.2 125.2 125.2 125.2 125.2 109.4 109.4 109.4 109.4 109.4 109.4 109.4 109.4 109.4 109.4 109.4 109.4 109.4 109.4 109.4 109.4 109.4 109.4 109.4 109.4 109.4 109.4 109.4 109.4 109.4 109.4 109.4 109.4 109.4 
128.7 128.7 128.7 128.7 128.7 128.7 128.7 128.7 128.7 128.7 128.7 125.2 125.2 125.2 125.2 125.2 125.2 125.2 125.2 125.2 125.2 125.2 125.2 125.2 125.2 125.2 125.2 125.2 125.2 125.2 125.2 125.2 125.2 125.2 125.2 125.2 125.2 125.2 125.2 125.2 125.2 125.2 125.2 125.2 125.2 125.2 125.2 125.2 125.2 125.2 125.2 125.2 125.2 125.2 125.2 125.2 125.2 125.2 125.2 125.2 125.2 125.2 125.2 125.2 125.2 125.2 125.2 125.2 125.2 125.2 125.2 109.4 109.4 109.4 109.4 109.4 109.4 109.4 109.4 109.4 109.4 109.4 109.4 109.4 109.4 109.4 109.4 109.4 109.4 109.4 109.4 109.4 109.4 109.4 109.4 109.4 109.4 109.4 109.4 109.4 
128.7 128.7 128.7 128.7 128.7 128.7 128.7 128.7 128.7 128.7 128.7 125.2 125.2 125.2 125.2 125.2 125.2 125.2 125.2 125.2 125.2 125.2 125.2 125.2 125.2 125.2 125.2 125.2 125.2 125.2 125.2 125.2 125.2 125.2 125.2 125.2 125.2 125.2 125.2 125.2 125.2 125.2 125.2 125.2 125.2 125.2 125.2 125.2 125.2 125.2 125.2 125.2 125.2 125.2 125.2 125.2 125.2 125.2 125.2 125.2 125.2 125.2 125.2 125.2 125.2 125.2 125.2 125.2 125.2 125.2 125.2 109.4 109.4 109.4 109.4 109.4 109.4 109.4 109.4 109.4 109.4 109.4 109.4 109.4 109.4 109.4 109.4 109.4 109.4 109.4 109.4 109.4 109.4 109.4 109.4 109.4 109.4 109.4 109.4 109.4 
128.7 128.7 128.7 128.7 128.7 128.7 128.7 128.7 128.7 128.7 128.7 125.2 125.2 125.2 125.2 125.2 125.2 125.2 125.2 125.2 125.2 125.2 125.2 125.2 125.2 125.2 125.2 125.2 125.2 125.2 125.2 125.2 125.2 125.2 125.2 125.2 125.2 125.2 125.2 125.2 125.2 125.2 125.2 125.2 125.2 125.2 125.2 125.2 125.2 125.2 125.2 125.2 125.2 125.2 125.2 125.2 125.2 125.2 125.2 125.2 125.2 125.2 125.2 125.2 125.2 125.2 125.2 125.2 125.2 125.2 125.2 109.4 109.4 109.4 109.4 109.4 109.4 109.4 109.4 109.4 109.4 109.4 109.4 109.4 109.4 109.4 109.4 109.4 109.4 109.4 109.4 109.4 109.4 109.4 109.4 109.4 109.4 109.4 109.4 109.4 
128.7 128.7 128.7 128.7 128.7 128.7 128.7 128.7 128.7 128.7 128.7 125.2 125.2 125.2 125.2 125.2 125.2 125.2 125.2 125.2 125.2 125.2 125.2 125.2 125.2 125.2 125.2 125.2 125.2 125.2 125.2 125.2 125.2 125.2 125.2 125.2 125.2 125.2 125.2 125.2 125.2 125.2 125.2 125.2 125.2 125.2 125.2 125.2 125.2 125.2 125.2 125.2 125.2 125.2 125.2 125.2 125.2 125.2 125.2 125.2 125.2 125.2 125.2 125.2 125.2 125.2 125.2 125.2 125.2 125.2 125.2 109.4 109.4 109.4 109.4 109.4 109.4 109.4 109.4 109.4 109.4 109.4 109.4 109.4 109.4 109.4 109.4 109.4 109.4 109.4 109.4 109.4 109.4 109.4 109.4 109.4 109.4 109.4 109.4 109.4 
128.7 128.7 128.7 128.7 128.7 128.7 128.7 128.7 128.7 128.7 128.7 125.2 125.2 125.2 125.2 125.2 125.2 125.2 125.2 125.2 125.2 125.2 125.2 125.2 125.2 125.2 125.2 125.2 125.2 125.2 125.2 125.2 125.2 125.2 125.2 125.2 125.2 125.2 125.2 125.2 125.2 125.2 125.2 125.2 125.2 125.2 125.2 125.2 125.2 125.2 125.2 125.2 125.2 125.2 125.2 125.2 125.2 125.2 125.2 125.2 125.2 125.2 125.2 125.2 125.2 125.2 125.2 125.2 125.2 125.2 125.2 109.4 109.4 109.4 109.4 109.4 109.4 109.4 109.4 109.4 109.4 109.4 109.4 109.4 109.4 109.4 109.4 109.4 109.4 109.4 109.4 109.4 109.4 109.4 109.4 109.4 109.4 109.4 109.4 109.4 
128.7 128.7 128.7 128.7 128.7 128.7 128.7 128.7 128.7 128.7 128.7 125.2 125.2 125.2 125.2 125.2 125.2 125.2 125.2 125.2 125.2 125.2 125.2 125.2 125.2 125.2 125.2 125.2 125.2 125.2 125.2 125.2 125.2 125.2 125.2 125.2 125.2 125.2 125.2 125.2 125.2 125.2 125.2 125.2 125.2 125.2 125.2 125.2 125.2 125.2 125.2 125.2 125.2 125.2 125.2 125.2 125.2 125.2 125.2 125.2 125.2 125.2 125.2 125.2 125.2 125.2 125.2 125.2 125.2 125.2 125.2 109.4 109.4 109.4 109.4 109.4 109.4 109.4 109.4 109.4 109.4 109.4 109.4 109.4 109.4 109.4 109.4 109.4 109.4 109.4 109.4 109.4 109.4 109.4 109.4 109.4 109.4 109.4 109.4 109.4 
128.7 128.7 128.7 128.7 128.7 128.7 128.7 128.7 128.7 128.7 128.7 125.2 125.2 125.2 125.2 125.2 125.2 125.2 125.2 125.2 125.2 125.2 125.2 125.2 125.2 125.2 125.2 125.2 125.2 125.2 125.2 125.2 125.2 125.2 125.2 125.2 125.2 125.2 125.2 125.2 125.2 125.2 125.2 125.2 125.2 125.2 125.2 125.2 125.2 125.2 125.2 125.2 125.2 125.2 125.2 125.2 125.2 125.2 125.2 125.2 125.2 125.2 125.2 125.2 125.2 125.2 125.2 125.2 125.2 125.2 125.2 109.4 109.4 109.4 109.4 109.4 109.4 109.4 109.4 109.4 109.4 109.4 109.4 109.4 109.4 109.4 109.4 109.4 109.4 109.4 109.4 109.4 109.4 109.4 109.4 109.4 109.4 109.4 109.4 109.4 
128.7 128.7 128.7 128.7 128.7 128.7 128.7 128.7 128.7 128.7 128.7 125.2 125.2 125.2 125.2 125.2 125.2 125.2 125.2 125.2 125.2 125.2 125.2 125.2 125.2 125.2 125.2 125.2 125.2 125.2 125.2 125.2 125.2 125.2 125.2 125.2 125.2 125.2 125.2 125.2 125.2 125.2 125.2 125.2 125.2 125.2 125.2 125.2 125.2 125.2 125.2 125.2 125.2 125.2 125.2 125.2 125.2 125.2 125.2 125.2 125.2 125.2 125.2 125.2 125.2 125.2 125.2 125.2 125.2 125.2 125.2 109.4 109.4 109.4 109.4 109.4 109.4 109.4 109.4 109.4 109.4 109.4 109.4 109.4 109.4 109.4 109.4 109.4 109.4 109.4 109.4 109.4 109.4 109.4 109.4 109.4 109.4 109.4 109.4 109.4 
128.7 128.7 128.7 128.7 128.7 128.7 128.7 128.7 128.7 128.7 128.7 125.2 125.2 125.2 125.2 125.2 125.2 125.2 125.2 125.2 125.2 125.2 125.2 125.2 125.2 125.2 125.2 125.2 125.2 125.2 125.2 125.2 125.2 125.2 125.2 125.2 125.2 125.2 125.2 125.2 125.2 125.2 125.2 125.2 125.2 125.2 125.2 125.2 125.2 125.2 125.2 125.2 125.2 125.2 125.2 125.2 125.2 125.2 125.2 125.2 125.2 125.2 125.2 125.2 125.2 125.2 125.2 125.2 125.2 125.2 125.2 109.4 109.4 109.4 109.4 109.4 109.4 109.4 109.4 109.4 109.4 109.4 109.4 109.4 109.4 109.4 109.4 109.4 109.4 109.4 109.4 109.4 109.4 109.4 109.4 109.4 109.4 109.4 109.4 109.4 
128.7 128.7 128.7 128.7 128.7 128.7 128.7 128.7 128.7 128.7 128.7 125.2 125.2 125.2 125.2 125.2 125.2 125.2 125.2 125.2 125.2 125.2 125.2 125.2 125.2 125.2 125.2 125.2 125.2 125.2 125.2 125.2 125.2 125.2 125.2 125.2 125.2 125.2 125.2 125.2 125.2 125.2 125.2 125.2 125.2 125.2 125.2 125.2 125.2 125.2 125.2 125.2 125.2 125.2 125.2 125.2 125.2 125.2 125.2 125.2 125.2 125.2 125.2 125.2 125.2 125.2 125.2 125.2 125.2 125.2 125.2 109.4 109.4 109.4 109.4 109.4 109.4 109.4 109.4 109.4 109.4 109.4 109.4 109.4 109.4 109.4 109.4 109.4 109.4 109.4 109.4 109.4 109.4 109.4 109.4 109.4 109.4 109.4 109.4 109.4 
128.7 128.7 128.7 128.7 128.7 128.7 128.7 128.7 128.7 128.7 128.7 125.2 125.2 125.2 125.2 125.2 125.2 125.2 125.2 125.2 125.2 125.2 125.2 125.2 125.2 125.2 125.2 125.2 125.2 125.2 125.2 125.2 125.2 125.2 125.2 125.2 125.2 125.2 125.2 125.2 125.2 125.2 125.2 125.2 125.2 125.2 125.2 125.2 125.2 125.2 125.2 125.2 125.2 125.2 125.2 125.2 125.2 125.2 125.2 125.2 125.2 125.2 125.2 125.2 125.2 125.2 125.2 125.2 125.2 125.2 125.2 109.4 109.4 109.4 109.4 109.4 109.4 109.4 109.4 109.4 109.4 109.4 109.4 109.4 109.4 109.4 109.4 109.4 109.4 109.4 109.4 109.4 109.4 109.4 109.4 109.4 109.4 109.4 109.4 109.4 
128.7 128.7 128.7 128.7 128.7 128.7 128.7 128.7 128.7 128.7 128.7 125.2 125.2 125.2 125.2 125.2 125.2 125.2 125.2 125.2 125.2 125.2 125.2 125.2 125.2 125.2 125.2 125.2 125.2 125.2 125.2 125.2 125.2 125.2 125.2 125.2 125.2 125.2 125.2 125.2 125.2 125.2 125.2 125.2 125.2 125.2 125.2 125.2 125.2 125.2 125.2 125.2 125.2 125.2 125.2 125.2 125.2 125.2 125.2 125.2 125.2 125.2 125.2 125.2 125.2 125.2 125.2 125.2 125.2 125.2 125.2 109.4 109.4 109.4 109.4 109.4 109.4 109.4 109.4 109.4 109.4 109.4 109.4 109.4 109.4 109.4 109.4 109.4 109.4 109.4 109.4 109.4 109.4 109.4 109.4 109.4 109.4 109.4 109.4 109.4 
128.7 128.7 128.7 128.7 128.7 128.7 128.7 128.7 128.7 128.7 128.7 125.2 125.2 125.2 125.2 125.2 125.2 125.2 125.2 125.2 125.2 125.2 125.2 125.2 125.2 125.2 125.2 125.2 125.2 125.2 125.2 125.2 125.2 125.2 125.2 125.2 125.2 125.2 125.2 125.2 125.2 125.2 125.2 125.2 125.2 125.2 125.2 125.2 125.2 125.2 125.2 125.2 125.2 125.2 125.2 125.2 125.2 125.2 125.2 125.2 125.2 125.2 125.2 125.2 125.2 125.2 125.2 125.2 125.2 125.2 125.2 109.4 109.4 109.4 109.4 109.4 109.4 109.4 109.4 109.4 109.4 109.4 109.4 109.4 109.4 109.4 109.4 109.4 109.4 109.4 109.4 109.4 109.4 109.4 109.4 109.4 109.4 109.4 109.4 109.4 
128.7 128.7 128.7 128.7 128.7 128.7 128.7 128.7 128.7 128.7 128.7 125.2 125.2 125.2 125.2 125.2 125.2 125.2 125.2 125.2 125.2 125.2 125.2 125.2 125.2 125.2 125.2 125.2 125.2 125.2 125.2 125.2 125.2 125.2 125.2 125.2 125.2 125.2 125.2 125.2 125.2 125.2 125.2 125.2 125.2 125.2 125.2 125.2 125.2 125.2 125.2 125.2 125.2 125.2 125.2 125.2 125.2 125.2 125.2 125.2 125.2 125.2 125.2 125.2 125.2 125.2 125.2 125.2 125.2 125.2 125.2 109.4 109.4 109.4 109.4 109.4 109.4 109.4 109.4 109.4 109.4 109.4 109.4 109.4 109.4 109.4 109.4 109.4 109.4 109.4 109.4 109.4 109.4 109.4 109.4 109.4 109.4 109.4 109.4 109.4 
128.7 128.7 128.7 128.7 128.7 128.7 128.7 128.7 128.7 128.7 128.7 125.2 125.2 125.2 125.2 125.2 125.2 125.2 125.2 125.2 125.2 125.2 125.2 125.2 125.2 125.2 125.2 125.2 125.2 125.2 125.2 125.2 125.2 125.2 125.2 125.2 125.2 125.2 125.2 125.2 125.2 125.2 125.2 125.2 125.2 125.2 125.2 125.2 125.2 125.2 125.2 125.2 125.2 125.2 125.2 125.2 125.2 125.2 125.2 125.2 125.2 125.2 125.2 125.2 125.2 125.2 125.2 125.2 125.2 125.2 125.2 109.4 109.4 109.4 109.4 109.4 109.4 109.4 109.4 109.4 109.4 109.4 109.4 109.4 109.4 109.4 109.4 109.4 109.4 109.4 109.4 109.4 109.4 109.4 109.4 109.4 109.4 109.4 109.4 109.4 
128.7 128.7 128.7 128.7 128.7 128.7 128.7 128.7 128.7 128.7 128.7 125.2 125.2 125.2 125.2 125.2 125.2 125.2 125.2 125.2 125.2 125.2 125.2 125.2 125.2 125.2 125.2 125.2 125.2 125.2 125.2 125.2 125.2 125.2 125.2 125.2 125.2 125.2 125.2 125.2 125.2 125.2 125.2 125.2 125.2 125.2 125.2 125.2 125.2 125.2 125.2 125.2 125.2 125.2 125.2 125.2 125.2 125.2 125.2 125.2 125.2 125.2 125.2 125.2 125.2 125.2 125.2 125.2 125.2 125.2 125.2 109.4 109.4 109.4 109.4 109.4 109.4 109.4 109.4 109.4 109.4 109.4 109.4 109.4 109.4 109.4 109.4 109.4 109.4 109.4 109.4 109.4 109.4 109.4 109.4 109.4 109.4 109.4 109.4 109.4 
128.7 128.7 128.7 128.7 128.7 128.7 128.7 128.7 128.7 128.7 128.7 125.2 125.2 125.2 125.2 125.2 125.2 125.2 125.2 125.2 125.2 125.2 125.2 125.2 125.2 125.2 125.2 125.2 125.2 125.2 125.2 125.2 125.2 125.2 125.2 125.2 125.2 125.2 125.2 125.2 125.2 125.2 125.2 125.2 125.2 125.2 125.2 125.2 125.2 125.2 125.2 125.2 125.2 125.2 125.2 125.2 125.2 125.2 125.2 125.2 125.2 125.2 125.2 125.2 125.2 125.2 125.2 125.2 125.2 125.2 125.2 109.4 109.4 109.4 109.4 109.4 109.4 109.4 109.4 109.4 109.4 109.4 109.4 109.4 109.4 109.4 109.4 109.4 109.4 109.4 109.4 109.4 109.4 109.4 109.4 109.4 109.4 109.4 109.4 109.4 
128.7 128.7 128.7 128.7 128.7 128.7 128.7 128.7 128.7 128.7 128.7 125.2 125.2 125.2 125.2 125.2 125.2 125.2 125.2 125.2 125.2 125.2 125.2 125.2 125.2 125.2 125.2 125.2 125.2 125.2 125.2 125.2 125.2 125.2 125.2 125.2 125.2 125.2 125.2 125.2 125.2 125.2 125.2 125.2 125.2 125.2 125.2 125.2 125.2 125.2 125.2 125.2 125.2 125.2 125.2 125.2 125.2 125.2 125.2 125.2 125.2 125.2 125.2 125.2 125.2 125.2 125.2 125.2 125.2 125.2 125.2 109.4 109.4 109.4 109.4 109.4 109.4 109.4 109.4 109.4 109.4 109.4 109.4 109.4 109.4 109.4 109.4 109.4 109.4 109.4 109.4 109.4 109.4 109.4 109.4 109.4 109.4 109.4 109.4 109.4 
128.7 128.7 128.7 128.7 128.7 128.7 128.7 128.7 128.7 128.7 128.7 125.2 125.2 125.2 125.2 125.2 125.2 125.2 125.2 125.2 125.2 125.2 125.2 125.2 125.2 125.2 125.2 125.2 125.2 125.2 125.2 125.2 125.2 125.2 125.2 125.2 125.2 125.2 125.2 125.2 125.2 125.2 125.2 125.2 125.2 125.2 125.2 125.2 125.2 125.2 125.2 125.2 125.2 125.2 125.2 125.2 125.2 125.2 125.2 125.2 125.2 125.2 125.2 125.2 125.2 125.2 125.2 125.2 125.2 125.2 125.2 109.4 109.4 109.4 109.4 109.4 109.4 109.4 109.4 109.4 109.4 109.4 109.4 109.4 109.4 109.4 109.4 109.4 109.4 109.4 109.4 109.4 109.4 109.4 109.4 109.4 109.4 109.4 109.4 109.4 
128.7 128.7 128.7 128.7 128.7 128.7 128.7 128.7 128.7 128.7 128.7 125.2 125.2 125.2 125.2 125.2 125.2 125.2 125.2 125.2 125.2 125.2 125.2 125.2 125.2 125.2 125.2 125.2 125.2 125.2 125.2 125.2 125.2 125.2 125.2 125.2 125.2 125.2 125.2 125.2 125.2 125.2 125.2 125.2 125.2 125.2 125.2 125.2 125.2 125.2 125.2 125.2 125.2 125.2 125.2 125.2 125.2 125.2 125.2 125.2 125.2 125.2 125.2 125.2 125.2 125.2 125.2 125.2 125.2 125.2 125.2 109.4 109.4 109.4 109.4 109.4 109.4 109.4 109.4 109.4 109.4 109.4 109.4 109.4 109.4 109.4 109.4 109.4 109.4 109.4 109.4 109.4 109.4 109.4 109.4 109.4 109.4 109.4 109.4 109.4 
128.7 128.7 128.7 128.7 128.7 128.7 128.7 128.7 128.7 128.7 128.7 125.2 125.2 125.2 125.2 125.2 125.2 125.2 125.2 125.2 125.2 125.2 125.2 125.2 125.2 125.2 125.2 125.2 125.2 125.2 125.2 125.2 125.2 125.2 125.2 125.2 125.2 125.2 125.2 125.2 125.2 125.2 125.2 125.2 125.2 125.2 125.2 125.2 125.2 125.2 125.2 125.2 125.2 125.2 125.2 125.2 125.2 125.2 125.2 125.2 125.2 125.2 125.2 125.2 125.2 125.2 125.2 125.2 125.2 125.2 125.2 109.4 109.4 109.4 109.4 109.4 109.4 109.4 109.4 109.4 109.4 109.4 109.4 109.4 109.4 109.4 109.4 109.4 109.4 109.4 109.4 109.4 109.4 109.4 109.4 109.4 109.4 109.4 109.4 109.4 
128.7 128.7 128.7 128.7 128.7 128.7 128.7 128.7 128.7 128.7 128.7 125.2 125.2 125.2 125.2 125.2 125.2 125.2 125.2 125.2 125.2 125.2 125.2 125.2 125.2 125.2 125.2 125.2 125.2 125.2 125.2 125.2 125.2 125.2 125.2 125.2 125.2 125.2 125.2 125.2 125.2 125.2 125.2 125.2 125.2 125.2 125.2 125.2 125.2 125.2 125.2 125.2 125.2 125.2 125.2 125.2 125.2 125.2 125.2 125.2 125.2 125.2 125.2 125.2 125.2 125.2 125.2 125.2 125.2 125.2 125.2 109.4 109.4 109.4 109.4 109.4 109.4 109.4 109.4 109.4 109.4 109.4 109.4 109.4 109.4 109.4 109.4 109.4 109.4 109.4 109.4 109.4 109.4 109.4 109.4 109.4 109.4 109.4 109.4 109.4 
128.7 128.7 128.7 128.7 128.7 128.7 128.7 128.7 128.7 128.7 128.7 125.2 125.2 125.2 125.2 125.2 125.2 125.2 125.2 125.2 125.2 125.2 125.2 125.2 125.2 125.2 125.2 125.2 125.2 125.2 125.2 125.2 125.2 125.2 125.2 125.2 125.2 125.2 125.2 125.2 125.2 125.2 125.2 125.2 125.2 125.2 125.2 125.2 125.2 125.2 125.2 125.2 125.2 125.2 125.2 125.2 125.2 125.2 125.2 125.2 125.2 125.2 125.2 125.2 125.2 125.2 125.2 125.2 125.2 125.2 125.2 109.4 109.4 109.4 109.4 109.4 109.4 109.4 109.4 109.4 109.4 109.4 109.4 109.4 109.4 109.4 109.4 109.4 109.4 109.4 109.4 109.4 109.4 109.4 109.4 109.4 109.4 109.4 109.4 109.4 
128.7 128.7 128.7 128.7 128.7 128.7 128.7 128.7 128.7 128.7 128.7 125.2 125.2 125.2 125.2 125.2 125.2 125.2 125.2 125.2 125.2 125.2 125.2 125.2 125.2 125.2 125.2 125.2 125.2 125.2 125.2 125.2 125.2 125.2 125.2 125.2 125.2 125.2 125.2 125.2 125.2 125.2 125.2 125.2 125.2 125.2 125.2 125.2 125.2 125.2 125.2 125.2 125.2 125.2 125.2 125.2 125.2 125.2 125.2 125.2 125.2 125.2 125.2 125.2 125.2 125.2 125.2 125.2 125.2 125.2 125.2 109.4 109.4 109.4 109.4 109.4 109.4 109.4 109.4 109.4 109.4 109.4 109.4 109.4 109.4 109.4 109.4 109.4 109.4 109.4 109.4 109.4 109.4 109.4 109.4 109.4 109.4 109.4 109.4 109.4 
128.7 128.7 128.7 128.7 128.7 128.7 128.7 128.7 128.7 128.7 128.7 125.2 125.2 125.2 125.2 125.2 125.2 125.2 125.2 125.2 125.2 125.2 125.2 125.2 125.2 125.2 125.2 125.2 125.2 125.2 125.2 125.2 125.2 125.2 125.2 125.2 125.2 125.2 125.2 125.2 125.2 125.2 125.2 125.2 125.2 125.2 125.2 125.2 125.2 125.2 125.2 125.2 125.2 125.2 125.2 125.2 125.2 125.2 125.2 125.2 125.2 125.2 125.2 125.2 125.2 125.2 125.2 125.2 125.2 125.2 125.2 109.4 109.4 109.4 109.4 109.4 109.4 109.4 109.4 109.4 109.4 109.4 109.4 109.4 109.4 109.4 109.4 109.4 109.4 109.4 109.4 109.4 109.4 109.4 109.4 109.4 109.4 109.4 109.4 109.4 
128.7 128.7 128.7 128.7 128.7 128.7 128.7 128.7 128.7 128.7 128.7 125.2 125.2 125.2 125.2 125.2 125.2 125.2 125.2 125.2 125.2 125.2 125.2 125.2 125.2 125.2 125.2 125.2 125.2 125.2 125.2 125.2 125.2 125.2 125.2 125.2 125.2 125.2 125.2 125.2 125.2 125.2 125.2 125.2 125.2 125.2 125.2 125.2 125.2 125.2 125.2 125.2 125.2 125.2 125.2 125.2 125.2 125.2 125.2 125.2 125.2 125.2 125.2 125.2 125.2 125.2 125.2 125.2 125.2 125.2 125.2 109.4 109.4 109.4 109.4 109.4 109.4 109.4 109.4 109.4 109.4 109.4 109.4 109.4 109.4 109.4 109.4 109.4 109.4 109.4 109.4 109.4 109.4 109.4 109.4 109.4 109.4 109.4 109.4 109.4 
128.7 128.7 128.7 128.7 128.7 128.7 128.7 128.7 128.7 128.7 128.7 125.2 125.2 125.2 125.2 125.2 125.2 125.2 125.2 125.2 125.2 125.2 125.2 125.2 125.2 125.2 125.2 125.2 125.2 125.2 125.2 125.2 125.2 125.2 125.2 125.2 125.2 125.2 125.2 125.2 125.2 125.2 125.2 125.2 125.2 125.2 125.2 125.2 125.2 125.2 125.2 125.2 125.2 125.2 125.2 125.2 125.2 125.2 125.2 125.2 125.2 125.2 125.2 125.2 125.2 125.2 125.2 125.2 125.2 125.2 125.2 109.4 109.4 109.4 109.4 109.4 109.4 109.4 109.4 109.4 109.4 109.4 109.4 109.4 109.4 109.4 109.4 109.4 109.4 109.4 109.4 109.4 109.4 109.4 109.4 109.4 109.4 109.4 109.4 109.4 
128.7 128.7 128.7 128.7 128.7 128.7 128.7 128.7 128.7 128.7 128.7 125.2 125.2 125.2 125.2 125.2 125.2 125.2 125.2 125.2 125.2 125.2 125.2 125.2 125.2 125.2 125.2 125.2 125.2 125.2 125.2 125.2 125.2 125.2 125.2 125.2 125.2 125.2 125.2 125.2 125.2 125.2 125.2 125.2 125.2 125.2 125.2 125.2 125.2 125.2 125.2 125.2 125.2 125.2 125.2 125.2 125.2 125.2 125.2 125.2 125.2 125.2 125.2 125.2 125.2 125.2 125.2 125.2 125.2 125.2 125.2 109.4 109.4 109.4 109.4 109.4 109.4 109.4 109.4 109.4 109.4 109.4 109.4 109.4 109.4 109.4 109.4 109.4 109.4 109.4 109.4 109.4 109.4 109.4 109.4 109.4 109.4 109.4 109.4 109.4 
128.7 128.7 128.7 128.7 128.7 128.7 128.7 128.7 128.7 128.7 128.7 125.2 125.2 125.2 125.2 125.2 125.2 125.2 125.2 125.2 125.2 125.2 125.2 125.2 125.2 125.2 125.2 125.2 125.2 125.2 125.2 125.2 125.2 125.2 125.2 125.2 125.2 125.2 125.2 125.2 125.2 125.2 125.2 125.2 125.2 125.2 125.2 125.2 125.2 125.2 125.2 125.2 125.2 125.2 125.2 125.2 125.2 125.2 125.2 125.2 125.2 125.2 125.2 125.2 125.2 125.2 125.2 125.2 125.2 125.2 125.2 109.4 109.4 109.4 109.4 109.4 109.4 109.4 109.4 109.4 109.4 109.4 109.4 109.4 109.4 109.4 109.4 109.4 109.4 109.4 109.4 109.4 109.4 109.4 109.4 109.4 109.4 109.4 109.4 109.4 
128.7 128.7 128.7 128.7 128.7 128.7 128.7 128.7 128.7 128.7 128.7 125.2 125.2 125.2 125.2 125.2 125.2 125.2 125.2 125.2 125.2 125.2 125.2 125.2 125.2 125.2 125.2 125.2 125.2 125.2 125.2 125.2 125.2 125.2 125.2 125.2 125.2 125.2 125.2 125.2 125.2 125.2 125.2 125.2 125.2 125.2 125.2 125.2 125.2 125.2 125.2 125.2 125.2 125.2 125.2 125.2 125.2 125.2 125.2 125.2 125.2 125.2 125.2 125.2 125.2 125.2 125.2 125.2 125.2 125.2 125.2 109.4 109.4 109.4 109.4 109.4 109.4 109.4 109.4 109.4 109.4 109.4 109.4 109.4 109.4 109.4 109.4 109.4 109.4 109.4 109.4 109.4 109.4 109.4 109.4 109.4 109.4 109.4 109.4 109.4 
128.7 128.7 128.7 128.7 128.7 128.7 128.7 128.7 128.7 128.7 128.7 125.2 125.2 125.2 125.2 125.2 125.2 125.2 125.2 125.2 125.2 125.2 125.2 125.2 125.2 125.2 125.2 125.2 125.2 125.2 125.2 125.2 125.2 125.2 125.2 125.2 125.2 125.2 125.2 125.2 125.2 125.2 125.2 125.2 125.2 125.2 125.2 125.2 125.2 125.2 125.2 125.2 125.2 125.2 125.2 125.2 125.2 125.2 125.2 125.2 125.2 125.2 125.2 125.2 125.2 125.2 125.2 125.2 125.2 125.2 125.2 109.4 109.4 109.4 109.4 109.4 109.4 109.4 109.4 109.4 109.4 109.4 109.4 109.4 109.4 109.4 109.4 109.4 109.4 109.4 109.4 109.4 109.4 109.4 109.4 109.4 109.4 109.4 109.4 109.4 
128.7 128.7 128.7 128.7 128.7 128.7 128.7 128.7 128.7 128.7 128.7 125.2 125.2 125.2 125.2 125.2 125.2 125.2 125.2 125.2 125.2 125.2 125.2 125.2 125.2 125.2 125.2 125.2 125.2 125.2 125.2 125.2 125.2 125.2 125.2 125.2 125.2 125.2 125.2 125.2 125.2 125.2 125.2 125.2 125.2 125.2 125.2 125.2 125.2 125.2 125.2 125.2 125.2 125.2 125.2 125.2 125.2 125.2 125.2 125.2 125.2 125.2 125.2 125.2 125.2 125.2 125.2 125.2 125.2 125.2 125.2 109.4 109.4 109.4 109.4 109.4 109.4 109.4 109.4 109.4 109.4 109.4 109.4 109.4 109.4 109.4 109.4 109.4 109.4 109.4 109.4 109.4 109.4 109.4 109.4 109.4 109.4 109.4 109.4 109.4 
128.7 128.7 128.7 128.7 128.7 128.7 128.7 128.7 128.7 128.7 128.7 125.2 125.2 125.2 125.2 125.2 125.2 125.2 125.2 125.2 125.2 125.2 125.2 125.2 125.2 125.2 125.2 125.2 125.2 125.2 125.2 125.2 125.2 125.2 125.2 125.2 125.2 125.2 125.2 125.2 125.2 125.2 125.2 125.2 125.2 125.2 125.2 125.2 125.2 125.2 125.2 125.2 125.2 125.2 125.2 125.2 125.2 125.2 125.2 125.2 125.2 125.2 125.2 125.2 125.2 125.2 125.2 125.2 125.2 125.2 125.2 109.4 109.4 109.4 109.4 109.4 109.4 109.4 109.4 109.4 109.4 109.4 109.4 109.4 109.4 109.4 109.4 109.4 109.4 109.4 109.4 109.4 109.4 109.4 109.4 109.4 109.4 109.4 109.4 109.4 
128.7 128.7 128.7 128.7 128.7 128.7 128.7 128.7 128.7 128.7 128.7 125.2 125.2 125.2 125.2 125.2 125.2 125.2 125.2 125.2 125.2 125.2 125.2 125.2 125.2 125.2 125.2 125.2 125.2 125.2 125.2 125.2 125.2 125.2 125.2 125.2 125.2 125.2 125.2 125.2 125.2 125.2 125.2 125.2 125.2 125.2 125.2 125.2 125.2 125.2 125.2 125.2 125.2 125.2 125.2 125.2 125.2 125.2 125.2 125.2 125.2 125.2 125.2 125.2 125.2 125.2 125.2 125.2 125.2 125.2 125.2 109.4 109.4 109.4 109.4 109.4 109.4 109.4 109.4 109.4 109.4 109.4 109.4 109.4 109.4 109.4 109.4 109.4 109.4 109.4 109.4 109.4 109.4 109.4 109.4 109.4 109.4 109.4 109.4 109.4 
128.7 128.7 128.7 128.7 128.7 128.7 128.7 128.7 128.7 128.7 128.7 125.2 125.2 125.2 125.2 125.2 125.2 125.2 125.2 125.2 125.2 125.2 125.2 125.2 125.2 125.2 125.2 125.2 125.2 125.2 125.2 125.2 125.2 125.2 125.2 125.2 125.2 125.2 125.2 125.2 125.2 125.2 125.2 125.2 125.2 125.2 125.2 125.2 125.2 125.2 125.2 125.2 125.2 125.2 125.2 125.2 125.2 125.2 125.2 125.2 125.2 125.2 125.2 125.2 125.2 125.2 125.2 125.2 125.2 125.2 125.2 109.4 109.4 109.4 109.4 109.4 109.4 109.4 109.4 109.4 109.4 109.4 109.4 109.4 109.4 109.4 109.4 109.4 109.4 109.4 109.4 109.4 109.4 109.4 109.4 109.4 109.4 109.4 109.4 109.4 
128.7 128.7 128.7 128.7 128.7 128.7 128.7 128.7 128.7 128.7 128.7 125.2 125.2 125.2 125.2 125.2 125.2 125.2 125.2 125.2 125.2 125.2 125.2 125.2 125.2 125.2 125.2 125.2 125.2 125.2 125.2 125.2 125.2 125.2 125.2 125.2 125.2 125.2 125.2 125.2 125.2 125.2 125.2 125.2 125.2 125.2 125.2 125.2 125.2 125.2 125.2 125.2 125.2 125.2 125.2 125.2 125.2 125.2 125.2 125.2 125.2 125.2 125.2 125.2 125.2 125.2 125.2 125.2 125.2 125.2 125.2 109.4 109.4 109.4 109.4 109.4 109.4 109.4 109.4 109.4 109.4 109.4 109.4 109.4 109.4 109.4 109.4 109.4 109.4 109.4 109.4 109.4 109.4 109.4 109.4 109.4 109.4 109.4 109.4 109.4 
128.7 128.7 128.7 128.7 128.7 128.7 128.7 128.7 128.7 128.7 128.7 125.2 125.2 125.2 125.2 125.2 125.2 125.2 125.2 125.2 125.2 125.2 125.2 125.2 125.2 125.2 125.2 125.2 125.2 125.2 125.2 125.2 125.2 125.2 125.2 125.2 125.2 125.2 125.2 125.2 125.2 125.2 125.2 125.2 125.2 125.2 125.2 125.2 125.2 125.2 125.2 125.2 125.2 125.2 125.2 125.2 125.2 125.2 125.2 125.2 125.2 125.2 125.2 125.2 125.2 125.2 125.2 125.2 125.2 125.2 125.2 109.4 109.4 109.4 109.4 109.4 109.4 109.4 109.4 109.4 109.4 109.4 109.4 109.4 109.4 109.4 109.4 109.4 109.4 109.4 109.4 109.4 109.4 109.4 109.4 109.4 109.4 109.4 109.4 109.4 
128.7 128.7 128.7 128.7 128.7 128.7 128.7 128.7 128.7 128.7 128.7 125.2 125.2 125.2 125.2 125.2 125.2 125.2 125.2 125.2 125.2 125.2 125.2 125.2 125.2 125.2 125.2 125.2 125.2 125.2 125.2 125.2 125.2 125.2 125.2 125.2 125.2 125.2 125.2 125.2 125.2 125.2 125.2 125.2 125.2 125.2 125.2 125.2 125.2 125.2 125.2 125.2 125.2 125.2 125.2 125.2 125.2 125.2 125.2 125.2 125.2 125.2 125.2 125.2 125.2 125.2 125.2 125.2 125.2 125.2 125.2 109.4 109.4 109.4 109.4 109.4 109.4 109.4 109.4 109.4 109.4 109.4 109.4 109.4 109.4 109.4 109.4 109.4 109.4 109.4 109.4 109.4 109.4 109.4 109.4 109.4 109.4 109.4 109.4 109.4 
128.7 128.7 128.7 128.7 128.7 128.7 128.7 128.7 128.7 128.7 128.7 125.2 125.2 125.2 125.2 125.2 125.2 125.2 125.2 125.2 125.2 125.2 125.2 125.2 125.2 125.2 125.2 125.2 125.2 125.2 125.2 125.2 125.2 125.2 125.2 125.2 125.2 125.2 125.2 125.2 125.2 125.2 125.2 125.2 125.2 125.2 125.2 125.2 125.2 125.2 125.2 125.2 125.2 125.2 125.2 125.2 125.2 125.2 125.2 125.2 125.2 125.2 125.2 125.2 125.2 125.2 125.2 125.2 125.2 125.2 125.2 109.4 109.4 109.4 109.4 109.4 109.4 109.4 109.4 109.4 109.4 109.4 109.4 109.4 109.4 109.4 109.4 109.4 109.4 109.4 109.4 109.4 109.4 109.4 109.4 109.4 109.4 109.4 109.4 109.4 
128.7 128.7 128.7 128.7 128.7 128.7 128.7 128.7 128.7 128.7 128.7 125.2 125.2 125.2 125.2 125.2 125.2 125.2 125.2 125.2 125.2 125.2 125.2 125.2 125.2 125.2 125.2 125.2 125.2 125.2 125.2 125.2 125.2 125.2 125.2 125.2 125.2 125.2 125.2 125.2 125.2 125.2 125.2 125.2 125.2 125.2 125.2 125.2 125.2 125.2 125.2 125.2 125.2 125.2 125.2 125.2 125.2 125.2 125.2 125.2 125.2 125.2 125.2 125.2 125.2 125.2 125.2 125.2 125.2 125.2 125.2 109.4 109.4 109.4 109.4 109.4 109.4 109.4 109.4 109.4 109.4 109.4 109.4 109.4 109.4 109.4 109.4 109.4 109.4 109.4 109.4 109.4 109.4 109.4 109.4 109.4 109.4 109.4 109.4 109.4 
128.7 128.7 128.7 128.7 128.7 128.7 128.7 128.7 128.7 128.7 128.7 125.2 125.2 125.2 125.2 125.2 125.2 125.2 125.2 125.2 125.2 125.2 125.2 125.2 125.2 125.2 125.2 125.2 125.2 125.2 125.2 125.2 125.2 125.2 125.2 125.2 125.2 125.2 125.2 125.2 125.2 125.2 125.2 125.2 125.2 125.2 125.2 125.2 125.2 125.2 125.2 125.2 125.2 125.2 125.2 125.2 125.2 125.2 125.2 125.2 125.2 125.2 125.2 125.2 125.2 125.2 125.2 125.2 125.2 125.2 125.2 109.4 109.4 109.4 109.4 109.4 109.4 109.4 109.4 109.4 109.4 109.4 109.4 109.4 109.4 109.4 109.4 109.4 109.4 109.4 109.4 109.4 109.4 109.4 109.4 109.4 109.4 109.4 109.4 109.4 
128.7 128.7 128.7 128.7 128.7 128.7 128.7 128.7 128.7 128.7 128.7 125.2 125.2 125.2 125.2 125.2 125.2 125.2 125.2 125.2 125.2 125.2 125.2 125.2 125.2 125.2 125.2 125.2 125.2 125.2 125.2 125.2 125.2 125.2 125.2 125.2 125.2 125.2 125.2 125.2 125.2 125.2 125.2 125.2 125.2 125.2 125.2 125.2 125.2 125.2 125.2 125.2 125.2 125.2 125.2 125.2 125.2 125.2 125.2 125.2 125.2 125.2 125.2 125.2 125.2 125.2 125.2 125.2 125.2 125.2 125.2 109.4 109.4 109.4 109.4 109.4 109.4 109.4 109.4 109.4 109.4 109.4 109.4 109.4 109.4 109.4 109.4 109.4 109.4 109.4 109.4 109.4 109.4 109.4 109.4 109.4 109.4 109.4 109.4 109.4 
128.7 128.7 128.7 128.7 128.7 128.7 128.7 128.7 128.7 128.7 128.7 125.2 125.2 125.2 125.2 125.2 125.2 125.2 125.2 125.2 125.2 125.2 125.2 125.2 125.2 125.2 125.2 125.2 125.2 125.2 125.2 125.2 125.2 125.2 125.2 125.2 125.2 125.2 125.2 125.2 125.2 125.2 125.2 125.2 125.2 125.2 125.2 125.2 125.2 125.2 125.2 125.2 125.2 125.2 125.2 125.2 125.2 125.2 125.2 125.2 125.2 125.2 125.2 125.2 125.2 125.2 125.2 125.2 125.2 125.2 125.2 109.4 109.4 109.4 109.4 109.4 109.4 109.4 109.4 109.4 109.4 109.4 109.4 109.4 109.4 109.4 109.4 109.4 109.4 109.4 109.4 109.4 109.4 109.4 109.4 109.4 109.4 109.4 109.4 109.4 
128.7 128.7 128.7 128.7 128.7 128.7 128.7 128.7 128.7 128.7 128.7 125.2 125.2 125.2 125.2 125.2 125.2 125.2 125.2 125.2 125.2 125.2 125.2 125.2 125.2 125.2 125.2 125.2 125.2 125.2 125.2 125.2 125.2 125.2 125.2 125.2 125.2 125.2 125.2 125.2 125.2 125.2 125.2 125.2 125.2 125.2 125.2 125.2 125.2 125.2 125.2 125.2 125.2 125.2 125.2 125.2 125.2 125.2 125.2 125.2 125.2 125.2 125.2 125.2 125.2 125.2 125.2 125.2 125.2 125.2 125.2 109.4 109.4 109.4 109.4 109.4 109.4 109.4 109.4 109.4 109.4 109.4 109.4 109.4 109.4 109.4 109.4 109.4 109.4 109.4 109.4 109.4 109.4 109.4 109.4 109.4 109.4 109.4 109.4 109.4 
128.7 128.7 128.7 128.7 128.7 128.7 128.7 128.7 128.7 128.7 128.7 125.2 125.2 125.2 125.2 125.2 125.2 125.2 125.2 125.2 125.2 125.2 125.2 125.2 125.2 125.2 125.2 125.2 125.2 125.2 125.2 125.2 125.2 125.2 125.2 125.2 125.2 125.2 125.2 125.2 125.2 125.2 125.2 125.2 125.2 125.2 125.2 125.2 125.2 125.2 125.2 125.2 125.2 125.2 125.2 125.2 125.2 125.2 125.2 125.2 125.2 125.2 125.2 125.2 125.2 125.2 125.2 125.2 125.2 125.2 125.2 109.4 109.4 109.4 109.4 109.4 109.4 109.4 109.4 109.4 109.4 109.4 109.4 109.4 109.4 109.4 109.4 109.4 109.4 109.4 109.4 109.4 109.4 109.4 109.4 109.4 109.4 109.4 109.4 109.4 
128.7 128.7 128.7 128.7 128.7 128.7 128.7 128.7 128.7 128.7 128.7 125.2 125.2 125.2 125.2 125.2 125.2 125.2 125.2 125.2 125.2 125.2 125.2 125.2 125.2 125.2 125.2 125.2 125.2 125.2 125.2 125.2 125.2 125.2 125.2 125.2 125.2 125.2 125.2 125.2 125.2 125.2 125.2 125.2 125.2 125.2 125.2 125.2 125.2 125.2 125.2 125.2 125.2 125.2 125.2 125.2 125.2 125.2 125.2 125.2 125.2 125.2 125.2 125.2 125.2 125.2 125.2 125.2 125.2 125.2 125.2 109.4 109.4 109.4 109.4 109.4 109.4 109.4 109.4 109.4 109.4 109.4 109.4 109.4 109.4 109.4 109.4 109.4 109.4 109.4 109.4 109.4 109.4 109.4 109.4 109.4 109.4 109.4 109.4 109.4 
128.7 128.7 128.7 128.7 128.7 128.7 128.7 128.7 128.7 128.7 128.7 125.2 125.2 125.2 125.2 125.2 125.2 125.2 125.2 125.2 125.2 125.2 125.2 125.2 125.2 125.2 125.2 125.2 125.2 125.2 125.2 125.2 125.2 125.2 125.2 125.2 125.2 125.2 125.2 125.2 125.2 125.2 125.2 125.2 125.2 125.2 125.2 125.2 125.2 125.2 125.2 125.2 125.2 125.2 125.2 125.2 125.2 125.2 125.2 125.2 125.2 125.2 125.2 125.2 125.2 125.2 125.2 125.2 125.2 125.2 125.2 109.4 109.4 109.4 109.4 109.4 109.4 109.4 109.4 109.4 109.4 109.4 109.4 109.4 109.4 109.4 109.4 109.4 109.4 109.4 109.4 109.4 109.4 109.4 109.4 109.4 109.4 109.4 109.4 109.4 
128.7 128.7 128.7 128.7 128.7 128.7 128.7 128.7 128.7 128.7 128.7 125.2 125.2 125.2 125.2 125.2 125.2 125.2 125.2 125.2 125.2 125.2 125.2 125.2 125.2 125.2 125.2 125.2 125.2 125.2 125.2 125.2 125.2 125.2 125.2 125.2 125.2 125.2 125.2 125.2 125.2 125.2 125.2 125.2 125.2 125.2 125.2 125.2 125.2 125.2 125.2 125.2 125.2 125.2 125.2 125.2 125.2 125.2 125.2 125.2 125.2 125.2 125.2 125.2 125.2 125.2 125.2 125.2 125.2 125.2 125.2 109.4 109.4 109.4 109.4 109.4 109.4 109.4 109.4 109.4 109.4 109.4 109.4 109.4 109.4 109.4 109.4 109.4 109.4 109.4 109.4 109.4 109.4 109.4 109.4 109.4 109.4 109.4 109.4 109.4 
128.7 128.7 128.7 128.7 128.7 128.7 128.7 128.7 128.7 128.7 128.7 125.2 125.2 125.2 125.2 125.2 125.2 125.2 125.2 125.2 125.2 125.2 125.2 125.2 125.2 125.2 125.2 125.2 125.2 125.2 125.2 125.2 125.2 125.2 125.2 125.2 125.2 125.2 125.2 125.2 125.2 125.2 125.2 125.2 125.2 125.2 125.2 125.2 125.2 125.2 125.2 125.2 125.2 125.2 125.2 125.2 125.2 125.2 125.2 125.2 125.2 125.2 125.2 125.2 125.2 125.2 125.2 125.2 125.2 125.2 125.2 109.4 109.4 109.4 109.4 109.4 109.4 109.4 109.4 109.4 109.4 109.4 109.4 109.4 109.4 109.4 109.4 109.4 109.4 109.4 109.4 109.4 109.4 109.4 109.4 109.4 109.4 109.4 109.4 109.4 
128.7 128.7 128.7 128.7 128.7 128.7 128.7 128.7 128.7 128.7 128.7 125.2 125.2 125.2 125.2 125.2 125.2 125.2 125.2 125.2 125.2 125.2 125.2 125.2 125.2 125.2 125.2 125.2 125.2 125.2 125.2 125.2 125.2 125.2 125.2 125.2 125.2 125.2 125.2 125.2 125.2 125.2 125.2 125.2 125.2 125.2 125.2 125.2 125.2 125.2 125.2 125.2 125.2 125.2 125.2 125.2 125.2 125.2 125.2 125.2 125.2 125.2 125.2 125.2 125.2 125.2 125.2 125.2 125.2 125.2 125.2 109.4 109.4 109.4 109.4 109.4 109.4 109.4 109.4 109.4 109.4 109.4 109.4 109.4 109.4 109.4 109.4 109.4 109.4 109.4 109.4 109.4 109.4 109.4 109.4 109.4 109.4 109.4 109.4 109.4 
128.7 128.7 128.7 128.7 128.7 128.7 128.7 128.7 128.7 128.7 128.7 125.2 125.2 125.2 125.2 125.2 125.2 125.2 125.2 125.2 125.2 125.2 125.2 125.2 125.2 125.2 125.2 125.2 125.2 125.2 125.2 125.2 125.2 125.2 125.2 125.2 125.2 125.2 125.2 125.2 125.2 125.2 125.2 125.2 125.2 125.2 125.2 125.2 125.2 125.2 125.2 125.2 125.2 125.2 125.2 125.2 125.2 125.2 125.2 125.2 125.2 125.2 125.2 125.2 125.2 125.2 125.2 125.2 125.2 125.2 125.2 109.4 109.4 109.4 109.4 109.4 109.4 109.4 109.4 109.4 109.4 109.4 109.4 109.4 109.4 109.4 109.4 109.4 109.4 109.4 109.4 109.4 109.4 109.4 109.4 109.4 109.4 109.4 109.4 109.4 
128.7 128.7 128.7 128.7 128.7 128.7 128.7 128.7 128.7 128.7 128.7 125.2 125.2 125.2 125.2 125.2 125.2 125.2 125.2 125.2 125.2 125.2 125.2 125.2 125.2 125.2 125.2 125.2 125.2 125.2 125.2 125.2 125.2 125.2 125.2 125.2 125.2 125.2 125.2 125.2 125.2 125.2 125.2 125.2 125.2 125.2 125.2 125.2 125.2 125.2 125.2 125.2 125.2 125.2 125.2 125.2 125.2 125.2 125.2 125.2 125.2 125.2 125.2 125.2 125.2 125.2 125.2 125.2 125.2 125.2 125.2 109.4 109.4 109.4 109.4 109.4 109.4 109.4 109.4 109.4 109.4 109.4 109.4 109.4 109.4 109.4 109.4 109.4 109.4 109.4 109.4 109.4 109.4 109.4 109.4 109.4 109.4 109.4 109.4 109.4 
128.7 128.7 128.7 128.7 128.7 128.7 128.7 128.7 128.7 128.7 128.7 125.2 125.2 125.2 125.2 125.2 125.2 125.2 125.2 125.2 125.2 125.2 125.2 125.2 125.2 125.2 125.2 125.2 125.2 125.2 125.2 125.2 125.2 125.2 125.2 125.2 125.2 125.2 125.2 125.2 125.2 125.2 125.2 125.2 125.2 125.2 125.2 125.2 125.2 125.2 125.2 125.2 125.2 125.2 125.2 125.2 125.2 125.2 125.2 125.2 125.2 125.2 125.2 125.2 125.2 125.2 125.2 125.2 125.2 125.2 125.2 109.4 109.4 109.4 109.4 109.4 109.4 109.4 109.4 109.4 109.4 109.4 109.4 109.4 109.4 109.4 109.4 109.4 109.4 109.4 109.4 109.4 109.4 109.4 109.4 109.4 109.4 109.4 109.4 109.4 
128.7 128.7 128.7 128.7 128.7 128.7 128.7 128.7 128.7 128.7 128.7 125.2 125.2 125.2 125.2 125.2 125.2 125.2 125.2 125.2 125.2 125.2 125.2 125.2 125.2 125.2 125.2 125.2 125.2 125.2 125.2 125.2 125.2 125.2 125.2 125.2 125.2 125.2 125.2 125.2 125.2 125.2 125.2 125.2 125.2 125.2 125.2 125.2 125.2 125.2 125.2 125.2 125.2 125.2 125.2 125.2 125.2 125.2 125.2 125.2 125.2 125.2 125.2 125.2 125.2 125.2 125.2 125.2 125.2 125.2 125.2 109.4 109.4 109.4 109.4 109.4 109.4 109.4 109.4 109.4 109.4 109.4 109.4 109.4 109.4 109.4 109.4 109.4 109.4 109.4 109.4 109.4 109.4 109.4 109.4 109.4 109.4 109.4 109.4 109.4 
128.7 128.7 128.7 128.7 128.7 128.7 128.7 128.7 128.7 128.7 128.7 125.2 125.2 125.2 125.2 125.2 125.2 125.2 125.2 125.2 125.2 125.2 125.2 125.2 125.2 125.2 125.2 125.2 125.2 125.2 125.2 125.2 125.2 125.2 125.2 125.2 125.2 125.2 125.2 125.2 125.2 125.2 125.2 125.2 125.2 125.2 125.2 125.2 125.2 125.2 125.2 125.2 125.2 125.2 125.2 125.2 125.2 125.2 125.2 125.2 125.2 125.2 125.2 125.2 125.2 125.2 125.2 125.2 125.2 125.2 125.2 109.4 109.4 109.4 109.4 109.4 109.4 109.4 109.4 109.4 109.4 109.4 109.4 109.4 109.4 109.4 109.4 109.4 109.4 109.4 109.4 109.4 109.4 109.4 109.4 109.4 109.4 109.4 109.4 109.4 
128.7 128.7 128.7 128.7 128.7 128.7 128.7 128.7 128.7 128.7 128.7 125.2 125.2 125.2 125.2 125.2 125.2 125.2 125.2 125.2 125.2 125.2 125.2 125.2 125.2 125.2 125.2 125.2 125.2 125.2 125.2 125.2 125.2 125.2 125.2 125.2 125.2 125.2 125.2 125.2 125.2 125.2 125.2 125.2 125.2 125.2 125.2 125.2 125.2 125.2 125.2 125.2 125.2 125.2 125.2 125.2 125.2 125.2 125.2 125.2 125.2 125.2 125.2 125.2 125.2 125.2 125.2 125.2 125.2 125.2 125.2 109.4 109.4 109.4 109.4 109.4 109.4 109.4 109.4 109.4 109.4 109.4 109.4 109.4 109.4 109.4 109.4 109.4 109.4 109.4 109.4 109.4 109.4 109.4 109.4 109.4 109.4 109.4 109.4 109.4 
128.7 128.7 128.7 128.7 128.7 128.7 128.7 128.7 128.7 128.7 128.7 125.2 125.2 125.2 125.2 125.2 125.2 125.2 125.2 125.2 125.2 125.2 125.2 125.2 125.2 125.2 125.2 125.2 125.2 125.2 125.2 125.2 125.2 125.2 125.2 125.2 125.2 125.2 125.2 125.2 125.2 125.2 125.2 125.2 125.2 125.2 125.2 125.2 125.2 125.2 125.2 125.2 125.2 125.2 125.2 125.2 125.2 125.2 125.2 125.2 125.2 125.2 125.2 125.2 125.2 125.2 125.2 125.2 125.2 125.2 125.2 109.4 109.4 109.4 109.4 109.4 109.4 109.4 109.4 109.4 109.4 109.4 109.4 109.4 109.4 109.4 109.4 109.4 109.4 109.4 109.4 109.4 109.4 109.4 109.4 109.4 109.4 109.4 109.4 109.4 
128.7 128.7 128.7 128.7 128.7 128.7 128.7 128.7 128.7 128.7 128.7 125.2 125.2 125.2 125.2 125.2 125.2 125.2 125.2 125.2 125.2 125.2 125.2 125.2 125.2 125.2 125.2 125.2 125.2 125.2 125.2 125.2 125.2 125.2 125.2 125.2 125.2 125.2 125.2 125.2 125.2 125.2 125.2 125.2 125.2 125.2 125.2 125.2 125.2 125.2 125.2 125.2 125.2 125.2 125.2 125.2 125.2 125.2 125.2 125.2 125.2 125.2 125.2 125.2 125.2 125.2 125.2 125.2 125.2 125.2 125.2 109.4 109.4 109.4 109.4 109.4 109.4 109.4 109.4 109.4 109.4 109.4 109.4 109.4 109.4 109.4 109.4 109.4 109.4 109.4 109.4 109.4 109.4 109.4 109.4 109.4 109.4 109.4 109.4 109.4 
128.7 128.7 128.7 128.7 128.7 128.7 128.7 128.7 128.7 128.7 128.7 125.2 125.2 125.2 125.2 125.2 125.2 125.2 125.2 125.2 125.2 125.2 125.2 125.2 125.2 125.2 125.2 125.2 125.2 125.2 125.2 125.2 125.2 125.2 125.2 125.2 125.2 125.2 125.2 125.2 125.2 125.2 125.2 125.2 125.2 125.2 125.2 125.2 125.2 125.2 125.2 125.2 125.2 125.2 125.2 125.2 125.2 125.2 125.2 125.2 125.2 125.2 125.2 125.2 125.2 125.2 125.2 125.2 125.2 125.2 125.2 109.4 109.4 109.4 109.4 109.4 109.4 109.4 109.4 109.4 109.4 109.4 109.4 109.4 109.4 109.4 109.4 109.4 109.4 109.4 109.4 109.4 109.4 109.4 109.4 109.4 109.4 109.4 109.4 109.4 
169.4 169.4 169.4 169.4 169.4 169.4 169.4 169.4 169.4 169.4 169.4 168.8 168.8 168.8 168.8 168.8 168.8 168.8 168.8 168.8 168.8 168.8 168.8 168.8 168.8 168.8 168.8 168.8 168.8 168.8 168.8 168.8 168.8 168.8 168.8 168.8 168.8 168.8 168.8 168.8 168.8 168.8 168.8 168.8 168.8 168.8 168.8 168.8 168.8 168.8 168.8 168.8 168.8 168.8 168.8 168.8 168.8 168.8 168.8 168.8 168.8 168.8 168.8 168.8 168.8 168.8 168.8 168.8 168.8 168.8 168.8 146.4 146.4 146.4 146.4 146.4 146.4 146.4 146.4 146.4 146.4 146.4 146.4 146.4 146.4 146.4 146.4 146.4 146.4 146.4 146.4 146.4 146.4 146.4 146.4 146.4 146.4 146.4 146.4 146.4 
169.4 169.4 169.4 169.4 169.4 169.4 169.4 169.4 169.4 169.4 169.4 168.8 168.8 168.8 168.8 168.8 168.8 168.8 168.8 168.8 168.8 168.8 168.8 168.8 168.8 168.8 168.8 168.8 168.8 168.8 168.8 168.8 168.8 168.8 168.8 168.8 168.8 168.8 168.8 168.8 168.8 168.8 168.8 168.8 168.8 168.8 168.8 168.8 168.8 168.8 168.8 168.8 168.8 168.8 168.8 168.8 168.8 168.8 168.8 168.8 168.8 168.8 168.8 168.8 168.8 168.8 168.8 168.8 168.8 168.8 168.8 146.4 146.4 146.4 146.4 146.4 146.4 146.4 146.4 146.4 146.4 146.4 146.4 146.4 146.4 146.4 146.4 146.4 146.4 146.4 146.4 146.4 146.4 146.4 146.4 146.4 146.4 146.4 146.4 146.4 
169.4 169.4 169.4 169.4 169.4 169.4 169.4 169.4 169.4 169.4 169.4 168.8 168.8 168.8 168.8 168.8 168.8 168.8 168.8 168.8 168.8 168.8 168.8 168.8 168.8 168.8 168.8 168.8 168.8 168.8 168.8 168.8 168.8 168.8 168.8 168.8 168.8 168.8 168.8 168.8 168.8 168.8 168.8 168.8 168.8 168.8 168.8 168.8 168.8 168.8 168.8 168.8 168.8 168.8 168.8 168.8 168.8 168.8 168.8 168.8 168.8 168.8 168.8 168.8 168.8 168.8 168.8 168.8 168.8 168.8 168.8 146.4 146.4 146.4 146.4 146.4 146.4 146.4 146.4 146.4 146.4 146.4 146.4 146.4 146.4 146.4 146.4 146.4 146.4 146.4 146.4 146.4 146.4 146.4 146.4 146.4 146.4 146.4 146.4 146.4 
169.4 169.4 169.4 169.4 169.4 169.4 169.4 169.4 169.4 169.4 169.4 168.8 168.8 168.8 168.8 168.8 168.8 168.8 168.8 168.8 168.8 168.8 168.8 168.8 168.8 168.8 168.8 168.8 168.8 168.8 168.8 168.8 168.8 168.8 168.8 168.8 168.8 168.8 168.8 168.8 168.8 168.8 168.8 168.8 168.8 168.8 168.8 168.8 168.8 168.8 168.8 168.8 168.8 168.8 168.8 168.8 168.8 168.8 168.8 168.8 168.8 168.8 168.8 168.8 168.8 168.8 168.8 168.8 168.8 168.8 168.8 146.4 146.4 146.4 146.4 146.4 146.4 146.4 146.4 146.4 146.4 146.4 146.4 146.4 146.4 146.4 146.4 146.4 146.4 146.4 146.4 146.4 146.4 146.4 146.4 146.4 146.4 146.4 146.4 146.4 
169.4 169.4 169.4 169.4 169.4 169.4 169.4 169.4 169.4 169.4 169.4 168.8 168.8 168.8 168.8 168.8 168.8 168.8 168.8 168.8 168.8 168.8 168.8 168.8 168.8 168.8 168.8 168.8 168.8 168.8 168.8 168.8 168.8 168.8 168.8 168.8 168.8 168.8 168.8 168.8 168.8 168.8 168.8 168.8 168.8 168.8 168.8 168.8 168.8 168.8 168.8 168.8 168.8 168.8 168.8 168.8 168.8 168.8 168.8 168.8 168.8 168.8 168.8 168.8 168.8 168.8 168.8 168.8 168.8 168.8 168.8 146.4 146.4 146.4 146.4 146.4 146.4 146.4 146.4 146.4 146.4 146.4 146.4 146.4 146.4 146.4 146.4 146.4 146.4 146.4 146.4 146.4 146.4 146.4 146.4 146.4 146.4 146.4 146.4 146.4 
169.4 169.4 169.4 169.4 169.4 169.4 169.4 169.4 169.4 169.4 169.4 168.8 168.8 168.8 168.8 168.8 168.8 168.8 168.8 168.8 168.8 168.8 168.8 168.8 168.8 168.8 168.8 168.8 168.8 168.8 168.8 168.8 168.8 168.8 168.8 168.8 168.8 168.8 168.8 168.8 168.8 168.8 168.8 168.8 168.8 168.8 168.8 168.8 168.8 168.8 168.8 168.8 168.8 168.8 168.8 168.8 168.8 168.8 168.8 168.8 168.8 168.8 168.8 168.8 168.8 168.8 168.8 168.8 168.8 168.8 168.8 146.4 146.4 146.4 146.4 146.4 146.4 146.4 146.4 146.4 146.4 146.4 146.4 146.4 146.4 146.4 146.4 146.4 146.4 146.4 146.4 146.4 146.4 146.4 146.4 146.4 146.4 146.4 146.4 146.4 
169.4 169.4 169.4 169.4 169.4 169.4 169.4 169.4 169.4 169.4 169.4 168.8 168.8 168.8 168.8 168.8 168.8 168.8 168.8 168.8 168.8 168.8 168.8 168.8 168.8 168.8 168.8 168.8 168.8 168.8 168.8 168.8 168.8 168.8 168.8 168.8 168.8 168.8 168.8 168.8 168.8 168.8 168.8 168.8 168.8 168.8 168.8 168.8 168.8 168.8 168.8 168.8 168.8 168.8 168.8 168.8 168.8 168.8 168.8 168.8 168.8 168.8 168.8 168.8 168.8 168.8 168.8 168.8 168.8 168.8 168.8 146.4 146.4 146.4 146.4 146.4 146.4 146.4 146.4 146.4 146.4 146.4 146.4 146.4 146.4 146.4 146.4 146.4 146.4 146.4 146.4 146.4 146.4 146.4 146.4 146.4 146.4 146.4 146.4 146.4 
169.4 169.4 169.4 169.4 169.4 169.4 169.4 169.4 169.4 169.4 169.4 168.8 168.8 168.8 168.8 168.8 168.8 168.8 168.8 168.8 168.8 168.8 168.8 168.8 168.8 168.8 168.8 168.8 168.8 168.8 168.8 168.8 168.8 168.8 168.8 168.8 168.8 168.8 168.8 168.8 168.8 168.8 168.8 168.8 168.8 168.8 168.8 168.8 168.8 168.8 168.8 168.8 168.8 168.8 168.8 168.8 168.8 168.8 168.8 168.8 168.8 168.8 168.8 168.8 168.8 168.8 168.8 168.8 168.8 168.8 168.8 146.4 146.4 146.4 146.4 146.4 146.4 146.4 146.4 146.4 146.4 146.4 146.4 146.4 146.4 146.4 146.4 146.4 146.4 146.4 146.4 146.4 146.4 146.4 146.4 146.4 146.4 146.4 146.4 146.4 
169.4 169.4 169.4 169.4 169.4 169.4 169.4 169.4 169.4 169.4 169.4 168.8 168.8 168.8 168.8 168.8 168.8 168.8 168.8 168.8 168.8 168.8 168.8 168.8 168.8 168.8 168.8 168.8 168.8 168.8 168.8 168.8 168.8 168.8 168.8 168.8 168.8 168.8 168.8 168.8 168.8 168.8 168.8 168.8 168.8 168.8 168.8 168.8 168.8 168.8 168.8 168.8 168.8 168.8 168.8 168.8 168.8 168.8 168.8 168.8 168.8 168.8 168.8 168.8 168.8 168.8 168.8 168.8 168.8 168.8 168.8 146.4 146.4 146.4 146.4 146.4 146.4 146.4 146.4 146.4 146.4 146.4 146.4 146.4 146.4 146.4 146.4 146.4 146.4 146.4 146.4 146.4 146.4 146.4 146.4 146.4 146.4 146.4 146.4 146.4 
169.4 169.4 169.4 169.4 169.4 169.4 169.4 169.4 169.4 169.4 169.4 168.8 168.8 168.8 168.8 168.8 168.8 168.8 168.8 168.8 168.8 168.8 168.8 168.8 168.8 168.8 168.8 168.8 168.8 168.8 168.8 168.8 168.8 168.8 168.8 168.8 168.8 168.8 168.8 168.8 168.8 168.8 168.8 168.8 168.8 168.8 168.8 168.8 168.8 168.8 168.8 168.8 168.8 168.8 168.8 168.8 168.8 168.8 168.8 168.8 168.8 168.8 168.8 168.8 168.8 168.8 168.8 168.8 168.8 168.8 168.8 146.4 146.4 146.4 146.4 146.4 146.4 146.4 146.4 146.4 146.4 146.4 146.4 146.4 146.4 146.4 146.4 146.4 146.4 146.4 146.4 146.4 146.4 146.4 146.4 146.4 146.4 146.4 146.4 146.4 
169.4 169.4 169.4 169.4 169.4 169.4 169.4 169.4 169.4 169.4 169.4 168.8 168.8 168.8 168.8 168.8 168.8 168.8 168.8 168.8 168.8 168.8 168.8 168.8 168.8 168.8 168.8 168.8 168.8 168.8 168.8 168.8 168.8 168.8 168.8 168.8 168.8 168.8 168.8 168.8 168.8 168.8 168.8 168.8 168.8 168.8 168.8 168.8 168.8 168.8 168.8 168.8 168.8 168.8 168.8 168.8 168.8 168.8 168.8 168.8 168.8 168.8 168.8 168.8 168.8 168.8 168.8 168.8 168.8 168.8 168.8 146.4 146.4 146.4 146.4 146.4 146.4 146.4 146.4 146.4 146.4 146.4 146.4 146.4 146.4 146.4 146.4 146.4 146.4 146.4 146.4 146.4 146.4 146.4 146.4 146.4 146.4 146.4 146.4 146.4 
169.4 169.4 169.4 169.4 169.4 169.4 169.4 169.4 169.4 169.4 169.4 168.8 168.8 168.8 168.8 168.8 168.8 168.8 168.8 168.8 168.8 168.8 168.8 168.8 168.8 168.8 168.8 168.8 168.8 168.8 168.8 168.8 168.8 168.8 168.8 168.8 168.8 168.8 168.8 168.8 168.8 168.8 168.8 168.8 168.8 168.8 168.8 168.8 168.8 168.8 168.8 168.8 168.8 168.8 168.8 168.8 168.8 168.8 168.8 168.8 168.8 168.8 168.8 168.8 168.8 168.8 168.8 168.8 168.8 168.8 168.8 146.4 146.4 146.4 146.4 146.4 146.4 146.4 146.4 146.4 146.4 146.4 146.4 146.4 146.4 146.4 146.4 146.4 146.4 146.4 146.4 146.4 146.4 146.4 146.4 146.4 146.4 146.4 146.4 146.4 
169.4 169.4 169.4 169.4 169.4 169.4 169.4 169.4 169.4 169.4 169.4 168.8 168.8 168.8 168.8 168.8 168.8 168.8 168.8 168.8 168.8 168.8 168.8 168.8 168.8 168.8 168.8 168.8 168.8 168.8 168.8 168.8 168.8 168.8 168.8 168.8 168.8 168.8 168.8 168.8 168.8 168.8 168.8 168.8 168.8 168.8 168.8 168.8 168.8 168.8 168.8 168.8 168.8 168.8 168.8 168.8 168.8 168.8 168.8 168.8 168.8 168.8 168.8 168.8 168.8 168.8 168.8 168.8 168.8 168.8 168.8 146.4 146.4 146.4 146.4 146.4 146.4 146.4 146.4 146.4 146.4 146.4 146.4 146.4 146.4 146.4 146.4 146.4 146.4 146.4 146.4 146.4 146.4 146.4 146.4 146.4 146.4 146.4 146.4 146.4 
169.4 169.4 169.4 169.4 169.4 169.4 169.4 169.4 169.4 169.4 169.4 168.8 168.8 168.8 168.8 168.8 168.8 168.8 168.8 168.8 168.8 168.8 168.8 168.8 168.8 168.8 168.8 168.8 168.8 168.8 168.8 168.8 168.8 168.8 168.8 168.8 168.8 168.8 168.8 168.8 168.8 168.8 168.8 168.8 168.8 168.8 168.8 168.8 168.8 168.8 168.8 168.8 168.8 168.8 168.8 168.8 168.8 168.8 168.8 168.8 168.8 168.8 168.8 168.8 168.8 168.8 168.8 168.8 168.8 168.8 168.8 146.4 146.4 146.4 146.4 146.4 146.4 146.4 146.4 146.4 146.4 146.4 146.4 146.4 146.4 146.4 146.4 146.4 146.4 146.4 146.4 146.4 146.4 146.4 146.4 146.4 146.4 146.4 146.4 146.4 
169.4 169.4 169.4 169.4 169.4 169.4 169.4 169.4 169.4 169.4 169.4 168.8 168.8 168.8 168.8 168.8 168.8 168.8 168.8 168.8 168.8 168.8 168.8 168.8 168.8 168.8 168.8 168.8 168.8 168.8 168.8 168.8 168.8 168.8 168.8 168.8 168.8 168.8 168.8 168.8 168.8 168.8 168.8 168.8 168.8 168.8 168.8 168.8 168.8 168.8 168.8 168.8 168.8 168.8 168.8 168.8 168.8 168.8 168.8 168.8 168.8 168.8 168.8 168.8 168.8 168.8 168.8 168.8 168.8 168.8 168.8 146.4 146.4 146.4 146.4 146.4 146.4 146.4 146.4 146.4 146.4 146.4 146.4 146.4 146.4 146.4 146.4 146.4 146.4 146.4 146.4 146.4 146.4 146.4 146.4 146.4 146.4 146.4 146.4 146.4 
169.4 169.4 169.4 169.4 169.4 169.4 169.4 169.4 169.4 169.4 169.4 168.8 168.8 168.8 168.8 168.8 168.8 168.8 168.8 168.8 168.8 168.8 168.8 168.8 168.8 168.8 168.8 168.8 168.8 168.8 168.8 168.8 168.8 168.8 168.8 168.8 168.8 168.8 168.8 168.8 168.8 168.8 168.8 168.8 168.8 168.8 168.8 168.8 168.8 168.8 168.8 168.8 168.8 168.8 168.8 168.8 168.8 168.8 168.8 168.8 168.8 168.8 168.8 168.8 168.8 168.8 168.8 168.8 168.8 168.8 168.8 146.4 146.4 146.4 146.4 146.4 146.4 146.4 146.4 146.4 146.4 146.4 146.4 146.4 146.4 146.4 146.4 146.4 146.4 146.4 146.4 146.4 146.4 146.4 146.4 146.4 146.4 146.4 146.4 146.4 
169.4 169.4 169.4 169.4 169.4 169.4 169.4 169.4 169.4 169.4 169.4 168.8 168.8 168.8 168.8 168.8 168.8 168.8 168.8 168.8 168.8 168.8 168.8 168.8 168.8 168.8 168.8 168.8 168.8 168.8 168.8 168.8 168.8 168.8 168.8 168.8 168.8 168.8 168.8 168.8 168.8 168.8 168.8 168.8 168.8 168.8 168.8 168.8 168.8 168.8 168.8 168.8 168.8 168.8 168.8 168.8 168.8 168.8 168.8 168.8 168.8 168.8 168.8 168.8 168.8 168.8 168.8 168.8 168.8 168.8 168.8 146.4 146.4 146.4 146.4 146.4 146.4 146.4 146.4 146.4 146.4 146.4 146.4 146.4 146.4 146.4 146.4 146.4 146.4 146.4 146.4 146.4 146.4 146.4 146.4 146.4 146.4 146.4 146.4 146.4 
169.4 169.4 169.4 169.4 169.4 169.4 169.4 169.4 169.4 169.4 169.4 168.8 168.8 168.8 168.8 168.8 168.8 168.8 168.8 168.8 168.8 168.8 168.8 168.8 168.8 168.8 168.8 168.8 168.8 168.8 168.8 168.8 168.8 168.8 168.8 168.8 168.8 168.8 168.8 168.8 168.8 168.8 168.8 168.8 168.8 168.8 168.8 168.8 168.8 168.8 168.8 168.8 168.8 168.8 168.8 168.8 168.8 168.8 168.8 168.8 168.8 168.8 168.8 168.8 168.8 168.8 168.8 168.8 168.8 168.8 168.8 146.4 146.4 146.4 146.4 146.4 146.4 146.4 146.4 146.4 146.4 146.4 146.4 146.4 146.4 146.4 146.4 146.4 146.4 146.4 146.4 146.4 146.4 146.4 146.4 146.4 146.4 146.4 146.4 146.4 
169.4 169.4 169.4 169.4 169.4 169.4 169.4 169.4 169.4 169.4 169.4 168.8 168.8 168.8 168.8 168.8 168.8 168.8 168.8 168.8 168.8 168.8 168.8 168.8 168.8 168.8 168.8 168.8 168.8 168.8 168.8 168.8 168.8 168.8 168.8 168.8 168.8 168.8 168.8 168.8 168.8 168.8 168.8 168.8 168.8 168.8 168.8 168.8 168.8 168.8 168.8 168.8 168.8 168.8 168.8 168.8 168.8 168.8 168.8 168.8 168.8 168.8 168.8 168.8 168.8 168.8 168.8 168.8 168.8 168.8 168.8 146.4 146.4 146.4 146.4 146.4 146.4 146.4 146.4 146.4 146.4 146.4 146.4 146.4 146.4 146.4 146.4 146.4 146.4 146.4 146.4 146.4 146.4 146.4 146.4 146.4 146.4 146.4 146.4 146.4 
169.4 169.4 169.4 169.4 169.4 169.4 169.4 169.4 169.4 169.4 169.4 168.8 168.8 168.8 168.8 168.8 168.8 168.8 168.8 168.8 168.8 168.8 168.8 168.8 168.8 168.8 168.8 168.8 168.8 168.8 168.8 168.8 168.8 168.8 168.8 168.8 168.8 168.8 168.8 168.8 168.8 168.8 168.8 168.8 168.8 168.8 168.8 168.8 168.8 168.8 168.8 168.8 168.8 168.8 168.8 168.8 168.8 168.8 168.8 168.8 168.8 168.8 168.8 168.8 168.8 168.8 168.8 168.8 168.8 168.8 168.8 146.4 146.4 146.4 146.4 146.4 146.4 146.4 146.4 146.4 146.4 146.4 146.4 146.4 146.4 146.4 146.4 146.4 146.4 146.4 146.4 146.4 146.4 146.4 146.4 146.4 146.4 146.4 146.4 146.4 
169.4 169.4 169.4 169.4 169.4 169.4 169.4 169.4 169.4 169.4 169.4 168.8 168.8 168.8 168.8 168.8 168.8 168.8 168.8 168.8 168.8 168.8 168.8 168.8 168.8 168.8 168.8 168.8 168.8 168.8 168.8 168.8 168.8 168.8 168.8 168.8 168.8 168.8 168.8 168.8 168.8 168.8 168.8 168.8 168.8 168.8 168.8 168.8 168.8 168.8 168.8 168.8 168.8 168.8 168.8 168.8 168.8 168.8 168.8 168.8 168.8 168.8 168.8 168.8 168.8 168.8 168.8 168.8 168.8 168.8 168.8 146.4 146.4 146.4 146.4 146.4 146.4 146.4 146.4 146.4 146.4 146.4 146.4 146.4 146.4 146.4 146.4 146.4 146.4 146.4 146.4 146.4 146.4 146.4 146.4 146.4 146.4 146.4 146.4 146.4 
169.4 169.4 169.4 169.4 169.4 169.4 169.4 169.4 169.4 169.4 169.4 168.8 168.8 168.8 168.8 168.8 168.8 168.8 168.8 168.8 168.8 168.8 168.8 168.8 168.8 168.8 168.8 168.8 168.8 168.8 168.8 168.8 168.8 168.8 168.8 168.8 168.8 168.8 168.8 168.8 168.8 168.8 168.8 168.8 168.8 168.8 168.8 168.8 168.8 168.8 168.8 168.8 168.8 168.8 168.8 168.8 168.8 168.8 168.8 168.8 168.8 168.8 168.8 168.8 168.8 168.8 168.8 168.8 168.8 168.8 168.8 146.4 146.4 146.4 146.4 146.4 146.4 146.4 146.4 146.4 146.4 146.4 146.4 146.4 146.4 146.4 146.4 146.4 146.4 146.4 146.4 146.4 146.4 146.4 146.4 146.4 146.4 146.4 146.4 146.4 
169.4 169.4 169.4 169.4 169.4 169.4 169.4 169.4 169.4 169.4 169.4 168.8 168.8 168.8 168.8 168.8 168.8 168.8 168.8 168.8 168.8 168.8 168.8 168.8 168.8 168.8 168.8 168.8 168.8 168.8 168.8 168.8 168.8 168.8 168.8 168.8 168.8 168.8 168.8 168.8 168.8 168.8 168.8 168.8 168.8 168.8 168.8 168.8 168.8 168.8 168.8 168.8 168.8 168.8 168.8 168.8 168.8 168.8 168.8 168.8 168.8 168.8 168.8 168.8 168.8 168.8 168.8 168.8 168.8 168.8 168.8 146.4 146.4 146.4 146.4 146.4 146.4 146.4 146.4 146.4 146.4 146.4 146.4 146.4 146.4 146.4 146.4 146.4 146.4 146.4 146.4 146.4 146.4 146.4 146.4 146.4 146.4 146.4 146.4 146.4 
169.4 169.4 169.4 169.4 169.4 169.4 169.4 169.4 169.4 169.4 169.4 168.8 168.8 168.8 168.8 168.8 168.8 168.8 168.8 168.8 168.8 168.8 168.8 168.8 168.8 168.8 168.8 168.8 168.8 168.8 168.8 168.8 168.8 168.8 168.8 168.8 168.8 168.8 168.8 168.8 168.8 168.8 168.8 168.8 168.8 168.8 168.8 168.8 168.8 168.8 168.8 168.8 168.8 168.8 168.8 168.8 168.8 168.8 168.8 168.8 168.8 168.8 168.8 168.8 168.8 168.8 168.8 168.8 168.8 168.8 168.8 146.4 146.4 146.4 146.4 146.4 146.4 146.4 146.4 146.4 146.4 146.4 146.4 146.4 146.4 146.4 146.4 146.4 146.4 146.4 146.4 146.4 146.4 146.4 146.4 146.4 146.4 146.4 146.4 146.4 
169.4 169.4 169.4 169.4 169.4 169.4 169.4 169.4 169.4 169.4 169.4 168.8 168.8 168.8 168.8 168.8 168.8 168.8 168.8 168.8 168.8 168.8 168.8 168.8 168.8 168.8 168.8 168.8 168.8 168.8 168.8 168.8 168.8 168.8 168.8 168.8 168.8 168.8 168.8 168.8 168.8 168.8 168.8 168.8 168.8 168.8 168.8 168.8 168.8 168.8 168.8 168.8 168.8 168.8 168.8 168.8 168.8 168.8 168.8 168.8 168.8 168.8 168.8 168.8 168.8 168.8 168.8 168.8 168.8 168.8 168.8 146.4 146.4 146.4 146.4 146.4 146.4 146.4 146.4 146.4 146.4 146.4 146.4 146.4 146.4 146.4 146.4 146.4 146.4 146.4 146.4 146.4 146.4 146.4 146.4 146.4 146.4 146.4 146.4 146.4 
169.4 169.4 169.4 169.4 169.4 169.4 169.4 169.4 169.4 169.4 169.4 168.8 168.8 168.8 168.8 168.8 168.8 168.8 168.8 168.8 168.8 168.8 168.8 168.8 168.8 168.8 168.8 168.8 168.8 168.8 168.8 168.8 168.8 168.8 168.8 168.8 168.8 168.8 168.8 168.8 168.8 168.8 168.8 168.8 168.8 168.8 168.8 168.8 168.8 168.8 168.8 168.8 168.8 168.8 168.8 168.8 168.8 168.8 168.8 168.8 168.8 168.8 168.8 168.8 168.8 168.8 168.8 168.8 168.8 168.8 168.8 146.4 146.4 146.4 146.4 146.4 146.4 146.4 146.4 146.4 146.4 146.4 146.4 146.4 146.4 146.4 146.4 146.4 146.4 146.4 146.4 146.4 146.4 146.4 146.4 146.4 146.4 146.4 146.4 146.4 
169.4 169.4 169.4 169.4 169.4 169.4 169.4 169.4 169.4 169.4 169.4 168.8 168.8 168.8 168.8 168.8 168.8 168.8 168.8 168.8 168.8 168.8 168.8 168.8 168.8 168.8 168.8 168.8 168.8 168.8 168.8 168.8 168.8 168.8 168.8 168.8 168.8 168.8 168.8 168.8 168.8 168.8 168.8 168.8 168.8 168.8 168.8 168.8 168.8 168.8 168.8 168.8 168.8 168.8 168.8 168.8 168.8 168.8 168.8 168.8 168.8 168.8 168.8 168.8 168.8 168.8 168.8 168.8 168.8 168.8 168.8 146.4 146.4 146.4 146.4 146.4 146.4 146.4 146.4 146.4 146.4 146.4 146.4 146.4 146.4 146.4 146.4 146.4 146.4 146.4 146.4 146.4 146.4 146.4 146.4 146.4 146.4 146.4 146.4 146.4 
169.4 169.4 169.4 169.4 169.4 169.4 169.4 169.4 169.4 169.4 169.4 168.8 168.8 168.8 168.8 168.8 168.8 168.8 168.8 168.8 168.8 168.8 168.8 168.8 168.8 168.8 168.8 168.8 168.8 168.8 168.8 168.8 168.8 168.8 168.8 168.8 168.8 168.8 168.8 168.8 168.8 168.8 168.8 168.8 168.8 168.8 168.8 168.8 168.8 168.8 168.8 168.8 168.8 168.8 168.8 168.8 168.8 168.8 168.8 168.8 168.8 168.8 168.8 168.8 168.8 168.8 168.8 168.8 168.8 168.8 168.8 146.4 146.4 146.4 146.4 146.4 146.4 146.4 146.4 146.4 146.4 146.4 146.4 146.4 146.4 146.4 146.4 146.4 146.4 146.4 146.4 146.4 146.4 146.4 146.4 146.4 146.4 146.4 146.4 146.4 
169.4 169.4 169.4 169.4 169.4 169.4 169.4 169.4 169.4 169.4 169.4 168.8 168.8 168.8 168.8 168.8 168.8 168.8 168.8 168.8 168.8 168.8 168.8 168.8 168.8 168.8 168.8 168.8 168.8 168.8 168.8 168.8 168.8 168.8 168.8 168.8 168.8 168.8 168.8 168.8 168.8 168.8 168.8 168.8 168.8 168.8 168.8 168.8 168.8 168.8 168.8 168.8 168.8 168.8 168.8 168.8 168.8 168.8 168.8 168.8 168.8 168.8 168.8 168.8 168.8 168.8 168.8 168.8 168.8 168.8 168.8 146.4 146.4 146.4 146.4 146.4 146.4 146.4 146.4 146.4 146.4 146.4 146.4 146.4 146.4 146.4 146.4 146.4 146.4 146.4 146.4 146.4 146.4 146.4 146.4 146.4 146.4 146.4 146.4 146.4 
169.4 169.4 169.4 169.4 169.4 169.4 169.4 169.4 169.4 169.4 169.4 168.8 168.8 168.8 168.8 168.8 168.8 168.8 168.8 168.8 168.8 168.8 168.8 168.8 168.8 168.8 168.8 168.8 168.8 168.8 168.8 168.8 168.8 168.8 168.8 168.8 168.8 168.8 168.8 168.8 168.8 168.8 168.8 168.8 168.8 168.8 168.8 168.8 168.8 168.8 168.8 168.8 168.8 168.8 168.8 168.8 168.8 168.8 168.8 168.8 168.8 168.8 168.8 168.8 168.8 168.8 168.8 168.8 168.8 168.8 168.8 146.4 146.4 146.4 146.4 146.4 146.4 146.4 146.4 146.4 146.4 146.4 146.4 146.4 146.4 146.4 146.4 146.4 146.4 146.4 146.4 146.4 146.4 146.4 146.4 146.4 146.4 146.4 146.4 146.4 
169.4 169.4 169.4 169.4 169.4 169.4 169.4 169.4 169.4 169.4 169.4 168.8 168.8 168.8 168.8 168.8 168.8 168.8 168.8 168.8 168.8 168.8 168.8 168.8 168.8 168.8 168.8 168.8 168.8 168.8 168.8 168.8 168.8 168.8 168.8 168.8 168.8 168.8 168.8 168.8 168.8 168.8 168.8 168.8 168.8 168.8 168.8 168.8 168.8 168.8 168.8 168.8 168.8 168.8 168.8 168.8 168.8 168.8 168.8 168.8 168.8 168.8 168.8 168.8 168.8 168.8 168.8 168.8 168.8 168.8 168.8 146.4 146.4 146.4 146.4 146.4 146.4 146.4 146.4 146.4 146.4 146.4 146.4 146.4 146.4 146.4 146.4 146.4 146.4 146.4 146.4 146.4 146.4 146.4 146.4 146.4 146.4 146.4 146.4 146.4 
