ncols         100
nrows         100
xllcorner     -59982.863281
yllcorner     1851083.022172
cellsize      1000
NODATA_value  -9999
2.88 2.88 2.88 2.88 2.88 2.88 2.88 2.88 2.88 2.88 2.88 2.12 2.12 2.12 2.12 2.12 2.12 2.12 2.12 2.12 2.12 2.12 2.12 2.12 2.12 2.12 2.12 2.12 2.12 2.12 2.12 2.12 2.12 2.12 2.12 2.12 2.12 2.12 2.12 2.12 2.12 2.12 2.12 2.12 2.12 2.12 2.12 2.12 2.12 2.12 2.12 2.12 2.12 2.12 2.12 2.12 2.12 2.12 2.12 2.12 2.12 2.12 2.12 2.12 2.12 2.12 2.12 2.12 2.12 2.12 2.12 2.24 2.24 2.24 2.24 2.24 2.24 2.24 2.24 2.24 2.24 2.24 2.24 2.24 2.24 2.24 2.24 2.24 2.24 2.24 2.24 2.24 2.24 2.24 2.24 2.24 2.24 2.24 2.24 2.24 
2.88 2.88 2.88 2.88 2.88 2.88 2.88 2.88 2.88 2.88 2.88 2.12 2.12 2.12 2.12 2.12 2.12 2.12 2.12 2.12 2.12 2.12 2.12 2.12 2.12 2.12 2.12 2.12 2.12 2.12 2.12 2.12 2.12 2.12 2.12 2.12 2.12 2.12 2.12 2.12 2.12 2.12 2.12 2.12 2.12 2.12 2.12 2.12 2.12 2.12 2.12 2.12 2.12 2.12 2.12 2.12 2.12 2.12 2.12 2.12 2.12 2.12 2.12 2.12 2.12 2.12 2.12 2.12 2.12 2.12 2.12 2.24 2.24 2.24 2.24 2.24 2.24 2.24 2.24 2.24 2.24 2.24 2.24 2.24 2.24 2.24 2.24 2.24 2.24 2.24 2.24 2.24 2.24 2.24 2.24 2.24 2.24 2.24 2.24 2.24 
2.88 2.88 2.88 2.88 2.88 2.88 2.88 2.88 2.88 2.88 2.88 2.12 2.12 2.12 2.12 2.12 2.12 2.12 2.12 2.12 2.12 2.12 2.12 2.12 2.12 2.12 2.12 2.12 2.12 2.12 2.12 2.12 2.12 2.12 2.12 2.12 2.12 2.12 2.12 2.12 2.12 2.12 2.12 2.12 2.12 2.12 2.12 2.12 2.12 2.12 2.12 2.12 2.12 2.12 2.12 2.12 2.12 2.12 2.12 2.12 2.12 2.12 2.12 2.12 2.12 2.12 2.12 2.12 2.12 2.12 2.12 2.24 2.24 2.24 2.24 2.24 2.24 2.24 2.24 2.24 2.24 2.24 2.24 2.24 2.24 2.24 2.24 2.24 2.24 2.24 2.24 2.24 2.24 2.24 2.24 2.24 2.24 2.24 2.24 2.24 
2.88 2.88 2.88 2.88 2.88 2.88 2.88 2.88 2.88 2.88 2.88 2.12 2.12 2.12 2.12 2.12 2.12 2.12 2.12 2.12 2.12 2.12 2.12 2.12 2.12 2.12 2.12 2.12 2.12 2.12 2.12 2.12 2.12 2.12 2.12 2.12 2.12 2.12 2.12 2.12 2.12 2.12 2.12 2.12 2.12 2.12 2.12 2.12 2.12 2.12 2.12 2.12 2.12 2.12 2.12 2.12 2.12 2.12 2.12 2.12 2.12 2.12 2.12 2.12 2.12 2.12 2.12 2.12 2.12 2.12 2.12 2.24 2.24 2.24 2.24 2.24 2.24 2.24 2.24 2.24 2.24 2.24 2.24 2.24 2.24 2.24 2.24 2.24 2.24 2.24 2.24 2.24 2.24 2.24 2.24 2.24 2.24 2.24 2.24 2.24 
2.88 2.88 2.88 2.88 2.88 2.88 2.88 2.88 2.88 2.88 2.88 2.12 2.12 2.12 2.12 2.12 2.12 2.12 2.12 2.12 2.12 2.12 2.12 2.12 2.12 2.12 2.12 2.12 2.12 2.12 2.12 2.12 2.12 2.12 2.12 2.12 2.12 2.12 2.12 2.12 2.12 2.12 2.12 2.12 2.12 2.12 2.12 2.12 2.12 2.12 2.12 2.12 2.12 2.12 2.12 2.12 2.12 2.12 2.12 2.12 2.12 2.12 2.12 2.12 2.12 2.12 2.12 2.12 2.12 2.12 2.12 2.24 2.24 2.24 2.24 2.24 2.24 2.24 2.24 2.24 2.24 2.24 2.24 2.24 2.24 2.24 2.24 2.24 2.24 2.24 2.24 2.24 2.24 2.24 2.24 2.24 2.24 2.24 2.24 2.24 
2.88 2.88 2.88 2.88 2.88 2.88 2.88 2.88 2.88 2.88 2.88 2.12 2.12 2.12 2.12 2.12 2.12 2.12 2.12 2.12 2.12 2.12 2.12 2.12 2.12 2.12 2.12 2.12 2.12 2.12 2.12 2.12 2.12 2.12 2.12 2.12 2.12 2.12 2.12 2.12 2.12 2.12 2.12 2.12 2.12 2.12 2.12 2.12 2.12 2.12 2.12 2.12 2.12 2.12 2.12 2.12 2.12 2.12 2.12 2.12 2.12 2.12 2.12 2.12 2.12 2.12 2.12 2.12 2.12 2.12 2.12 2.24 2.24 2.24 2.24 2.24 2.24 2.24 2.24 2.24 2.24 2.24 2.24 2.24 2.24 2.24 2.24 2.24 2.24 2.24 2.24 2.24 2.24 2.24 2.24 2.24 2.24 2.24 2.24 2.24 
2.88 2.88 2.88 2.88 2.88 2.88 2.88 2.88 2.88 2.88 2.88 2.12 2.12 2.12 2.12 2.12 2.12 2.12 2.12 2.12 2.12 2.12 2.12 2.12 2.12 2.12 2.12 2.12 2.12 2.12 2.12 2.12 2.12 2.12 2.12 2.12 2.12 2.12 2.12 2.12 2.12 2.12 2.12 2.12 2.12 2.12 2.12 2.12 2.12 2.12 2.12 2.12 2.12 2.12 2.12 2.12 2.12 2.12 2.12 2.12 2.12 2.12 2.12 2.12 2.12 2.12 2.12 2.12 2.12 2.12 2.12 2.24 2.24 2.24 2.24 2.24 2.24 2.24 2.24 2.24 2.24 2.24 2.24 2.24 2.24 2.24 2.24 2.24 2.24 2.24 2.24 2.24 2.24 2.24 2.24 2.24 2.24 2.24 2.24 2.24 
2.88 2.88 2.88 2.88 2.88 2.88 2.88 2.88 2.88 2.88 2.88 2.12 2.12 2.12 2.12 2.12 2.12 2.12 2.12 2.12 2.12 2.12 2.12 2.12 2.12 2.12 2.12 2.12 2.12 2.12 2.12 2.12 2.12 2.12 2.12 2.12 2.12 2.12 2.12 2.12 2.12 2.12 2.12 2.12 2.12 2.12 2.12 2.12 2.12 2.12 2.12 2.12 2.12 2.12 2.12 2.12 2.12 2.12 2.12 2.12 2.12 2.12 2.12 2.12 2.12 2.12 2.12 2.12 2.12 2.12 2.12 2.24 2.24 2.24 2.24 2.24 2.24 2.24 2.24 2.24 2.24 2.24 2.24 2.24 2.24 2.24 2.24 2.24 2.24 2.24 2.24 2.24 2.24 2.24 2.24 2.24 2.24 2.24 2.24 2.24 
2.88 2.88 2.88 2.88 2.88 2.88 2.88 2.88 2.88 2.88 2.88 2.12 2.12 2.12 2.12 2.12 2.12 2.12 2.12 2.12 2.12 2.12 2.12 2.12 2.12 2.12 2.12 2.12 2.12 2.12 2.12 2.12 2.12 2.12 2.12 2.12 2.12 2.12 2.12 2.12 2.12 2.12 2.12 2.12 2.12 2.12 2.12 2.12 2.12 2.12 2.12 2.12 2.12 2.12 2.12 2.12 2.12 2.12 2.12 2.12 2.12 2.12 2.12 2.12 2.12 2.12 2.12 2.12 2.12 2.12 2.12 2.24 2.24 2.24 2.24 2.24 2.24 2.24 2.24 2.24 2.24 2.24 2.24 2.24 2.24 2.24 2.24 2.24 2.24 2.24 2.24 2.24 2.24 2.24 2.24 2.24 2.24 2.24 2.24 2.24 
3.14 3.14 3.14 3.14 3.14 3.14 3.14 3.14 3.14 3.14 3.14 3.36 3.36 3.36 3.36 3.36 3.36 3.36 3.36 3.36 3.36 3.36 3.36 3.36 3.36 3.36 3.36 3.36 3.36 3.36 3.36 3.36 3.36 3.36 3.36 3.36 3.36 3.36 3.36 3.36 3.36 3.36 3.36 3.36 3.36 3.36 3.36 3.36 3.36 3.36 3.36 3.36 3.36 3.36 3.36 3.36 3.36 3.36 3.36 3.36 3.36 3.36 3.36 3.36 3.36 3.36 3.36 3.36 3.36 3.36 3.36 3.82 3.82 3.82 3.82 3.82 3.82 3.82 3.82 3.82 3.82 3.82 3.82 3.82 3.82 3.82 3.82 3.82 3.82 3.82 3.82 3.82 3.82 3.82 3.82 3.82 3.82 3.82 3.82 3.82 
3.14 3.14 3.14 3.14 3.14 3.14 3.14 3.14 3.14 3.14 3.14 3.36 3.36 3.36 3.36 3.36 3.36 3.36 3.36 3.36 3.36 3.36 3.36 3.36 3.36 3.36 3.36 3.36 3.36 3.36 3.36 3.36 3.36 3.36 3.36 3.36 3.36 3.36 3.36 3.36 3.36 3.36 3.36 3.36 3.36 3.36 3.36 3.36 3.36 3.36 3.36 3.36 3.36 3.36 3.36 3.36 3.36 3.36 3.36 3.36 3.36 3.36 3.36 3.36 3.36 3.36 3.36 3.36 3.36 3.36 3.36 3.82 3.82 3.82 3.82 3.82 3.82 3.82 3.82 3.82 3.82 3.82 3.82 3.82 3.82 3.82 3.82 3.82 3.82 3.82 3.82 3.82 3.82 3.82 3.82 3.82 3.82 3.82 3.82 3.82 
3.14 3.14 3.14 3.14 3.14 3.14 3.14 3.14 3.14 3.14 3.14 3.36 3.36 3.36 3.36 3.36 3.36 3.36 3.36 3.36 3.36 3.36 3.36 3.36 3.36 3.36 3.36 3.36 3.36 3.36 3.36 3.36 3.36 3.36 3.36 3.36 3.36 3.36 3.36 3.36 3.36 3.36 3.36 3.36 3.36 3.36 3.36 3.36 3.36 3.36 3.36 3.36 3.36 3.36 3.36 3.36 3.36 3.36 3.36 3.36 3.36 3.36 3.36 3.36 3.36 3.36 3.36 3.36 3.36 3.36 3.36 3.82 3.82 3.82 3.82 3.82 3.82 3.82 3.82 3.82 3.82 3.82 3.82 3.82 3.82 3.82 3.82 3.82 3.82 3.82 3.82 3.82 3.82 3.82 3.82 3.82 3.82 3.82 3.82 3.82 
3.14 3.14 3.14 3.14 3.14 3.14 3.14 3.14 3.14 3.14 3.14 3.36 3.36 3.36 3.36 3.36 3.36 3.36 3.36 3.36 3.36 3.36 3.36 3.36 3.36 3.36 3.36 3.36 3.36 3.36 3.36 3.36 3.36 3.36 3.36 3.36 3.36 3.36 3.36 3.36 3.36 3.36 3.36 3.36 3.36 3.36 3.36 3.36 3.36 3.36 3.36 3.36 3.36 3.36 3.36 3.36 3.36 3.36 3.36 3.36 3.36 3.36 3.36 3.36 3.36 3.36 3.36 3.36 3.36 3.36 3.36 3.82 3.82 3.82 3.82 3.82 3.82 3.82 3.82 3.82 3.82 3.82 3.82 3.82 3.82 3.82 3.82 3.82 3.82 3.82 3.82 3.82 3.82 3.82 3.82 3.82 3.82 3.82 3.82 3.82 
3.14 3.14 3.14 3.14 3.14 3.14 3.14 3.14 3.14 3.14 3.14 3.36 3.36 3.36 3.36 3.36 3.36 3.36 3.36 3.36 3.36 3.36 3.36 3.36 3.36 3.36 3.36 3.36 3.36 3.36 3.36 3.36 3.36 3.36 3.36 3.36 3.36 3.36 3.36 3.36 3.36 3.36 3.36 3.36 3.36 3.36 3.36 3.36 3.36 3.36 3.36 3.36 3.36 3.36 3.36 3.36 3.36 3.36 3.36 3.36 3.36 3.36 3.36 3.36 3.36 3.36 3.36 3.36 3.36 3.36 3.36 3.82 3.82 3.82 3.82 3.82 3.82 3.82 3.82 3.82 3.82 3.82 3.82 3.82 3.82 3.82 3.82 3.82 3.82 3.82 3.82 3.82 3.82 3.82 3.82 3.82 3.82 3.82 3.82 3.82 
3.14 3.14 3.14 3.14 3.14 3.14 3.14 3.14 3.14 3.14 3.14 3.36 3.36 3.36 3.36 3.36 3.36 3.36 3.36 3.36 3.36 3.36 3.36 3.36 3.36 3.36 3.36 3.36 3.36 3.36 3.36 3.36 3.36 3.36 3.36 3.36 3.36 3.36 3.36 3.36 3.36 3.36 3.36 3.36 3.36 3.36 3.36 3.36 3.36 3.36 3.36 3.36 3.36 3.36 3.36 3.36 3.36 3.36 3.36 3.36 3.36 3.36 3.36 3.36 3.36 3.36 3.36 3.36 3.36 3.36 3.36 3.82 3.82 3.82 3.82 3.82 3.82 3.82 3.82 3.82 3.82 3.82 3.82 3.82 3.82 3.82 3.82 3.82 3.82 3.82 3.82 3.82 3.82 3.82 3.82 3.82 3.82 3.82 3.82 3.82 
3.14 3.14 3.14 3.14 3.14 3.14 3.14 3.14 3.14 3.14 3.14 3.36 3.36 3.36 3.36 3.36 3.36 3.36 3.36 3.36 3.36 3.36 3.36 3.36 3.36 3.36 3.36 3.36 3.36 3.36 3.36 3.36 3.36 3.36 3.36 3.36 3.36 3.36 3.36 3.36 3.36 3.36 3.36 3.36 3.36 3.36 3.36 3.36 3.36 3.36 3.36 3.36 3.36 3.36 3.36 3.36 3.36 3.36 3.36 3.36 3.36 3.36 3.36 3.36 3.36 3.36 3.36 3.36 3.36 3.36 3.36 3.82 3.82 3.82 3.82 3.82 3.82 3.82 3.82 3.82 3.82 3.82 3.82 3.82 3.82 3.82 3.82 3.82 3.82 3.82 3.82 3.82 3.82 3.82 3.82 3.82 3.82 3.82 3.82 3.82 
3.14 3.14 3.14 3.14 3.14 3.14 3.14 3.14 3.14 3.14 3.14 3.36 3.36 3.36 3.36 3.36 3.36 3.36 3.36 3.36 3.36 3.36 3.36 3.36 3.36 3.36 3.36 3.36 3.36 3.36 3.36 3.36 3.36 3.36 3.36 3.36 3.36 3.36 3.36 3.36 3.36 3.36 3.36 3.36 3.36 3.36 3.36 3.36 3.36 3.36 3.36 3.36 3.36 3.36 3.36 3.36 3.36 3.36 3.36 3.36 3.36 3.36 3.36 3.36 3.36 3.36 3.36 3.36 3.36 3.36 3.36 3.82 3.82 3.82 3.82 3.82 3.82 3.82 3.82 3.82 3.82 3.82 3.82 3.82 3.82 3.82 3.82 3.82 3.82 3.82 3.82 3.82 3.82 3.82 3.82 3.82 3.82 3.82 3.82 3.82 
3.14 3.14 3.14 3.14 3.14 3.14 3.14 3.14 3.14 3.14 3.14 3.36 3.36 3.36 3.36 3.36 3.36 3.36 3.36 3.36 3.36 3.36 3.36 3.36 3.36 3.36 3.36 3.36 3.36 3.36 3.36 3.36 3.36 3.36 3.36 3.36 3.36 3.36 3.36 3.36 3.36 3.36 3.36 3.36 3.36 3.36 3.36 3.36 3.36 3.36 3.36 3.36 3.36 3.36 3.36 3.36 3.36 3.36 3.36 3.36 3.36 3.36 3.36 3.36 3.36 3.36 3.36 3.36 3.36 3.36 3.36 3.82 3.82 3.82 3.82 3.82 3.82 3.82 3.82 3.82 3.82 3.82 3.82 3.82 3.82 3.82 3.82 3.82 3.82 3.82 3.82 3.82 3.82 3.82 3.82 3.82 3.82 3.82 3.82 3.82 
3.14 3.14 3.14 3.14 3.14 3.14 3.14 3.14 3.14 3.14 3.14 3.36 3.36 3.36 3.36 3.36 3.36 3.36 3.36 3.36 3.36 3.36 3.36 3.36 3.36 3.36 3.36 3.36 3.36 3.36 3.36 3.36 3.36 3.36 3.36 3.36 3.36 3.36 3.36 3.36 3.36 3.36 3.36 3.36 3.36 3.36 3.36 3.36 3.36 3.36 3.36 3.36 3.36 3.36 3.36 3.36 3.36 3.36 3.36 3.36 3.36 3.36 3.36 3.36 3.36 3.36 3.36 3.36 3.36 3.36 3.36 3.82 3.82 3.82 3.82 3.82 3.82 3.82 3.82 3.82 3.82 3.82 3.82 3.82 3.82 3.82 3.82 3.82 3.82 3.82 3.82 3.82 3.82 3.82 3.82 3.82 3.82 3.82 3.82 3.82 
3.14 3.14 3.14 3.14 3.14 3.14 3.14 3.14 3.14 3.14 3.14 3.36 3.36 3.36 3.36 3.36 3.36 3.36 3.36 3.36 3.36 3.36 3.36 3.36 3.36 3.36 3.36 3.36 3.36 3.36 3.36 3.36 3.36 3.36 3.36 3.36 3.36 3.36 3.36 3.36 3.36 3.36 3.36 3.36 3.36 3.36 3.36 3.36 3.36 3.36 3.36 3.36 3.36 3.36 3.36 3.36 3.36 3.36 3.36 3.36 3.36 3.36 3.36 3.36 3.36 3.36 3.36 3.36 3.36 3.36 3.36 3.82 3.82 3.82 3.82 3.82 3.82 3.82 3.82 3.82 3.82 3.82 3.82 3.82 3.82 3.82 3.82 3.82 3.82 3.82 3.82 3.82 3.82 3.82 3.82 3.82 3.82 3.82 3.82 3.82 
3.14 3.14 3.14 3.14 3.14 3.14 3.14 3.14 3.14 3.14 3.14 3.36 3.36 3.36 3.36 3.36 3.36 3.36 3.36 3.36 3.36 3.36 3.36 3.36 3.36 3.36 3.36 3.36 3.36 3.36 3.36 3.36 3.36 3.36 3.36 3.36 3.36 3.36 3.36 3.36 3.36 3.36 3.36 3.36 3.36 3.36 3.36 3.36 3.36 3.36 3.36 3.36 3.36 3.36 3.36 3.36 3.36 3.36 3.36 3.36 3.36 3.36 3.36 3.36 3.36 3.36 3.36 3.36 3.36 3.36 3.36 3.82 3.82 3.82 3.82 3.82 3.82 3.82 3.82 3.82 3.82 3.82 3.82 3.82 3.82 3.82 3.82 3.82 3.82 3.82 3.82 3.82 3.82 3.82 3.82 3.82 3.82 3.82 3.82 3.82 
3.14 3.14 3.14 3.14 3.14 3.14 3.14 3.14 3.14 3.14 3.14 3.36 3.36 3.36 3.36 3.36 3.36 3.36 3.36 3.36 3.36 3.36 3.36 3.36 3.36 3.36 3.36 3.36 3.36 3.36 3.36 3.36 3.36 3.36 3.36 3.36 3.36 3.36 3.36 3.36 3.36 3.36 3.36 3.36 3.36 3.36 3.36 3.36 3.36 3.36 3.36 3.36 3.36 3.36 3.36 3.36 3.36 3.36 3.36 3.36 3.36 3.36 3.36 3.36 3.36 3.36 3.36 3.36 3.36 3.36 3.36 3.82 3.82 3.82 3.82 3.82 3.82 3.82 3.82 3.82 3.82 3.82 3.82 3.82 3.82 3.82 3.82 3.82 3.82 3.82 3.82 3.82 3.82 3.82 3.82 3.82 3.82 3.82 3.82 3.82 
3.14 3.14 3.14 3.14 3.14 3.14 3.14 3.14 3.14 3.14 3.14 3.36 3.36 3.36 3.36 3.36 3.36 3.36 3.36 3.36 3.36 3.36 3.36 3.36 3.36 3.36 3.36 3.36 3.36 3.36 3.36 3.36 3.36 3.36 3.36 3.36 3.36 3.36 3.36 3.36 3.36 3.36 3.36 3.36 3.36 3.36 3.36 3.36 3.36 3.36 3.36 3.36 3.36 3.36 3.36 3.36 3.36 3.36 3.36 3.36 3.36 3.36 3.36 3.36 3.36 3.36 3.36 3.36 3.36 3.36 3.36 3.82 3.82 3.82 3.82 3.82 3.82 3.82 3.82 3.82 3.82 3.82 3.82 3.82 3.82 3.82 3.82 3.82 3.82 3.82 3.82 3.82 3.82 3.82 3.82 3.82 3.82 3.82 3.82 3.82 
3.14 3.14 3.14 3.14 3.14 3.14 3.14 3.14 3.14 3.14 3.14 3.36 3.36 3.36 3.36 3.36 3.36 3.36 3.36 3.36 3.36 3.36 3.36 3.36 3.36 3.36 3.36 3.36 3.36 3.36 3.36 3.36 3.36 3.36 3.36 3.36 3.36 3.36 3.36 3.36 3.36 3.36 3.36 3.36 3.36 3.36 3.36 3.36 3.36 3.36 3.36 3.36 3.36 3.36 3.36 3.36 3.36 3.36 3.36 3.36 3.36 3.36 3.36 3.36 3.36 3.36 3.36 3.36 3.36 3.36 3.36 3.82 3.82 3.82 3.82 3.82 3.82 3.82 3.82 3.82 3.82 3.82 3.82 3.82 3.82 3.82 3.82 3.82 3.82 3.82 3.82 3.82 3.82 3.82 3.82 3.82 3.82 3.82 3.82 3.82 
3.14 3.14 3.14 3.14 3.14 3.14 3.14 3.14 3.14 3.14 3.14 3.36 3.36 3.36 3.36 3.36 3.36 3.36 3.36 3.36 3.36 3.36 3.36 3.36 3.36 3.36 3.36 3.36 3.36 3.36 3.36 3.36 3.36 3.36 3.36 3.36 3.36 3.36 3.36 3.36 3.36 3.36 3.36 3.36 3.36 3.36 3.36 3.36 3.36 3.36 3.36 3.36 3.36 3.36 3.36 3.36 3.36 3.36 3.36 3.36 3.36 3.36 3.36 3.36 3.36 3.36 3.36 3.36 3.36 3.36 3.36 3.82 3.82 3.82 3.82 3.82 3.82 3.82 3.82 3.82 3.82 3.82 3.82 3.82 3.82 3.82 3.82 3.82 3.82 3.82 3.82 3.82 3.82 3.82 3.82 3.82 3.82 3.82 3.82 3.82 
3.14 3.14 3.14 3.14 3.14 3.14 3.14 3.14 3.14 3.14 3.14 3.36 3.36 3.36 3.36 3.36 3.36 3.36 3.36 3.36 3.36 3.36 3.36 3.36 3.36 3.36 3.36 3.36 3.36 3.36 3.36 3.36 3.36 3.36 3.36 3.36 3.36 3.36 3.36 3.36 3.36 3.36 3.36 3.36 3.36 3.36 3.36 3.36 3.36 3.36 3.36 3.36 3.36 3.36 3.36 3.36 3.36 3.36 3.36 3.36 3.36 3.36 3.36 3.36 3.36 3.36 3.36 3.36 3.36 3.36 3.36 3.82 3.82 3.82 3.82 3.82 3.82 3.82 3.82 3.82 3.82 3.82 3.82 3.82 3.82 3.82 3.82 3.82 3.82 3.82 3.82 3.82 3.82 3.82 3.82 3.82 3.82 3.82 3.82 3.82 
3.14 3.14 3.14 3.14 3.14 3.14 3.14 3.14 3.14 3.14 3.14 3.36 3.36 3.36 3.36 3.36 3.36 3.36 3.36 3.36 3.36 3.36 3.36 3.36 3.36 3.36 3.36 3.36 3.36 3.36 3.36 3.36 3.36 3.36 3.36 3.36 3.36 3.36 3.36 3.36 3.36 3.36 3.36 3.36 3.36 3.36 3.36 3.36 3.36 3.36 3.36 3.36 3.36 3.36 3.36 3.36 3.36 3.36 3.36 3.36 3.36 3.36 3.36 3.36 3.36 3.36 3.36 3.36 3.36 3.36 3.36 3.82 3.82 3.82 3.82 3.82 3.82 3.82 3.82 3.82 3.82 3.82 3.82 3.82 3.82 3.82 3.82 3.82 3.82 3.82 3.82 3.82 3.82 3.82 3.82 3.82 3.82 3.82 3.82 3.82 
3.14 3.14 3.14 3.14 3.14 3.14 3.14 3.14 3.14 3.14 3.14 3.36 3.36 3.36 3.36 3.36 3.36 3.36 3.36 3.36 3.36 3.36 3.36 3.36 3.36 3.36 3.36 3.36 3.36 3.36 3.36 3.36 3.36 3.36 3.36 3.36 3.36 3.36 3.36 3.36 3.36 3.36 3.36 3.36 3.36 3.36 3.36 3.36 3.36 3.36 3.36 3.36 3.36 3.36 3.36 3.36 3.36 3.36 3.36 3.36 3.36 3.36 3.36 3.36 3.36 3.36 3.36 3.36 3.36 3.36 3.36 3.82 3.82 3.82 3.82 3.82 3.82 3.82 3.82 3.82 3.82 3.82 3.82 3.82 3.82 3.82 3.82 3.82 3.82 3.82 3.82 3.82 3.82 3.82 3.82 3.82 3.82 3.82 3.82 3.82 
3.14 3.14 3.14 3.14 3.14 3.14 3.14 3.14 3.14 3.14 3.14 3.36 3.36 3.36 3.36 3.36 3.36 3.36 3.36 3.36 3.36 3.36 3.36 3.36 3.36 3.36 3.36 3.36 3.36 3.36 3.36 3.36 3.36 3.36 3.36 3.36 3.36 3.36 3.36 3.36 3.36 3.36 3.36 3.36 3.36 3.36 3.36 3.36 3.36 3.36 3.36 3.36 3.36 3.36 3.36 3.36 3.36 3.36 3.36 3.36 3.36 3.36 3.36 3.36 3.36 3.36 3.36 3.36 3.36 3.36 3.36 3.82 3.82 3.82 3.82 3.82 3.82 3.82 3.82 3.82 3.82 3.82 3.82 3.82 3.82 3.82 3.82 3.82 3.82 3.82 3.82 3.82 3.82 3.82 3.82 3.82 3.82 3.82 3.82 3.82 
3.14 3.14 3.14 3.14 3.14 3.14 3.14 3.14 3.14 3.14 3.14 3.36 3.36 3.36 3.36 3.36 3.36 3.36 3.36 3.36 3.36 3.36 3.36 3.36 3.36 3.36 3.36 3.36 3.36 3.36 3.36 3.36 3.36 3.36 3.36 3.36 3.36 3.36 3.36 3.36 3.36 3.36 3.36 3.36 3.36 3.36 3.36 3.36 3.36 3.36 3.36 3.36 3.36 3.36 3.36 3.36 3.36 3.36 3.36 3.36 3.36 3.36 3.36 3.36 3.36 3.36 3.36 3.36 3.36 3.36 3.36 3.82 3.82 3.82 3.82 3.82 3.82 3.82 3.82 3.82 3.82 3.82 3.82 3.82 3.82 3.82 3.82 3.82 3.82 3.82 3.82 3.82 3.82 3.82 3.82 3.82 3.82 3.82 3.82 3.82 
3.14 3.14 3.14 3.14 3.14 3.14 3.14 3.14 3.14 3.14 3.14 3.36 3.36 3.36 3.36 3.36 3.36 3.36 3.36 3.36 3.36 3.36 3.36 3.36 3.36 3.36 3.36 3.36 3.36 3.36 3.36 3.36 3.36 3.36 3.36 3.36 3.36 3.36 3.36 3.36 3.36 3.36 3.36 3.36 3.36 3.36 3.36 3.36 3.36 3.36 3.36 3.36 3.36 3.36 3.36 3.36 3.36 3.36 3.36 3.36 3.36 3.36 3.36 3.36 3.36 3.36 3.36 3.36 3.36 3.36 3.36 3.82 3.82 3.82 3.82 3.82 3.82 3.82 3.82 3.82 3.82 3.82 3.82 3.82 3.82 3.82 3.82 3.82 3.82 3.82 3.82 3.82 3.82 3.82 3.82 3.82 3.82 3.82 3.82 3.82 
3.14 3.14 3.14 3.14 3.14 3.14 3.14 3.14 3.14 3.14 3.14 3.36 3.36 3.36 3.36 3.36 3.36 3.36 3.36 3.36 3.36 3.36 3.36 3.36 3.36 3.36 3.36 3.36 3.36 3.36 3.36 3.36 3.36 3.36 3.36 3.36 3.36 3.36 3.36 3.36 3.36 3.36 3.36 3.36 3.36 3.36 3.36 3.36 3.36 3.36 3.36 3.36 3.36 3.36 3.36 3.36 3.36 3.36 3.36 3.36 3.36 3.36 3.36 3.36 3.36 3.36 3.36 3.36 3.36 3.36 3.36 3.82 3.82 3.82 3.82 3.82 3.82 3.82 3.82 3.82 3.82 3.82 3.82 3.82 3.82 3.82 3.82 3.82 3.82 3.82 3.82 3.82 3.82 3.82 3.82 3.82 3.82 3.82 3.82 3.82 
3.14 3.14 3.14 3.14 3.14 3.14 3.14 3.14 3.14 3.14 3.14 3.36 3.36 3.36 3.36 3.36 3.36 3.36 3.36 3.36 3.36 3.36 3.36 3.36 3.36 3.36 3.36 3.36 3.36 3.36 3.36 3.36 3.36 3.36 3.36 3.36 3.36 3.36 3.36 3.36 3.36 3.36 3.36 3.36 3.36 3.36 3.36 3.36 3.36 3.36 3.36 3.36 3.36 3.36 3.36 3.36 3.36 3.36 3.36 3.36 3.36 3.36 3.36 3.36 3.36 3.36 3.36 3.36 3.36 3.36 3.36 3.82 3.82 3.82 3.82 3.82 3.82 3.82 3.82 3.82 3.82 3.82 3.82 3.82 3.82 3.82 3.82 3.82 3.82 3.82 3.82 3.82 3.82 3.82 3.82 3.82 3.82 3.82 3.82 3.82 
3.14 3.14 3.14 3.14 3.14 3.14 3.14 3.14 3.14 3.14 3.14 3.36 3.36 3.36 3.36 3.36 3.36 3.36 3.36 3.36 3.36 3.36 3.36 3.36 3.36 3.36 3.36 3.36 3.36 3.36 3.36 3.36 3.36 3.36 3.36 3.36 3.36 3.36 3.36 3.36 3.36 3.36 3.36 3.36 3.36 3.36 3.36 3.36 3.36 3.36 3.36 3.36 3.36 3.36 3.36 3.36 3.36 3.36 3.36 3.36 3.36 3.36 3.36 3.36 3.36 3.36 3.36 3.36 3.36 3.36 3.36 3.82 3.82 3.82 3.82 3.82 3.82 3.82 3.82 3.82 3.82 3.82 3.82 3.82 3.82 3.82 3.82 3.82 3.82 3.82 3.82 3.82 3.82 3.82 3.82 3.82 3.82 3.82 3.82 3.82 
3.14 3.14 3.14 3.14 3.14 3.14 3.14 3.14 3.14 3.14 3.14 3.36 3.36 3.36 3.36 3.36 3.36 3.36 3.36 3.36 3.36 3.36 3.36 3.36 3.36 3.36 3.36 3.36 3.36 3.36 3.36 3.36 3.36 3.36 3.36 3.36 3.36 3.36 3.36 3.36 3.36 3.36 3.36 3.36 3.36 3.36 3.36 3.36 3.36 3.36 3.36 3.36 3.36 3.36 3.36 3.36 3.36 3.36 3.36 3.36 3.36 3.36 3.36 3.36 3.36 3.36 3.36 3.36 3.36 3.36 3.36 3.82 3.82 3.82 3.82 3.82 3.82 3.82 3.82 3.82 3.82 3.82 3.82 3.82 3.82 3.82 3.82 3.82 3.82 3.82 3.82 3.82 3.82 3.82 3.82 3.82 3.82 3.82 3.82 3.82 
3.14 3.14 3.14 3.14 3.14 3.14 3.14 3.14 3.14 3.14 3.14 3.36 3.36 3.36 3.36 3.36 3.36 3.36 3.36 3.36 3.36 3.36 3.36 3.36 3.36 3.36 3.36 3.36 3.36 3.36 3.36 3.36 3.36 3.36 3.36 3.36 3.36 3.36 3.36 3.36 3.36 3.36 3.36 3.36 3.36 3.36 3.36 3.36 3.36 3.36 3.36 3.36 3.36 3.36 3.36 3.36 3.36 3.36 3.36 3.36 3.36 3.36 3.36 3.36 3.36 3.36 3.36 3.36 3.36 3.36 3.36 3.82 3.82 3.82 3.82 3.82 3.82 3.82 3.82 3.82 3.82 3.82 3.82 3.82 3.82 3.82 3.82 3.82 3.82 3.82 3.82 3.82 3.82 3.82 3.82 3.82 3.82 3.82 3.82 3.82 
3.14 3.14 3.14 3.14 3.14 3.14 3.14 3.14 3.14 3.14 3.14 3.36 3.36 3.36 3.36 3.36 3.36 3.36 3.36 3.36 3.36 3.36 3.36 3.36 3.36 3.36 3.36 3.36 3.36 3.36 3.36 3.36 3.36 3.36 3.36 3.36 3.36 3.36 3.36 3.36 3.36 3.36 3.36 3.36 3.36 3.36 3.36 3.36 3.36 3.36 3.36 3.36 3.36 3.36 3.36 3.36 3.36 3.36 3.36 3.36 3.36 3.36 3.36 3.36 3.36 3.36 3.36 3.36 3.36 3.36 3.36 3.82 3.82 3.82 3.82 3.82 3.82 3.82 3.82 3.82 3.82 3.82 3.82 3.82 3.82 3.82 3.82 3.82 3.82 3.82 3.82 3.82 3.82 3.82 3.82 3.82 3.82 3.82 3.82 3.82 
3.14 3.14 3.14 3.14 3.14 3.14 3.14 3.14 3.14 3.14 3.14 3.36 3.36 3.36 3.36 3.36 3.36 3.36 3.36 3.36 3.36 3.36 3.36 3.36 3.36 3.36 3.36 3.36 3.36 3.36 3.36 3.36 3.36 3.36 3.36 3.36 3.36 3.36 3.36 3.36 3.36 3.36 3.36 3.36 3.36 3.36 3.36 3.36 3.36 3.36 3.36 3.36 3.36 3.36 3.36 3.36 3.36 3.36 3.36 3.36 3.36 3.36 3.36 3.36 3.36 3.36 3.36 3.36 3.36 3.36 3.36 3.82 3.82 3.82 3.82 3.82 3.82 3.82 3.82 3.82 3.82 3.82 3.82 3.82 3.82 3.82 3.82 3.82 3.82 3.82 3.82 3.82 3.82 3.82 3.82 3.82 3.82 3.82 3.82 3.82 
3.14 3.14 3.14 3.14 3.14 3.14 3.14 3.14 3.14 3.14 3.14 3.36 3.36 3.36 3.36 3.36 3.36 3.36 3.36 3.36 3.36 3.36 3.36 3.36 3.36 3.36 3.36 3.36 3.36 3.36 3.36 3.36 3.36 3.36 3.36 3.36 3.36 3.36 3.36 3.36 3.36 3.36 3.36 3.36 3.36 3.36 3.36 3.36 3.36 3.36 3.36 3.36 3.36 3.36 3.36 3.36 3.36 3.36 3.36 3.36 3.36 3.36 3.36 3.36 3.36 3.36 3.36 3.36 3.36 3.36 3.36 3.82 3.82 3.82 3.82 3.82 3.82 3.82 3.82 3.82 3.82 3.82 3.82 3.82 3.82 3.82 3.82 3.82 3.82 3.82 3.82 3.82 3.82 3.82 3.82 3.82 3.82 3.82 3.82 3.82 
3.14 3.14 3.14 3.14 3.14 3.14 3.14 3.14 3.14 3.14 3.14 3.36 3.36 3.36 3.36 3.36 3.36 3.36 3.36 3.36 3.36 3.36 3.36 3.36 3.36 3.36 3.36 3.36 3.36 3.36 3.36 3.36 3.36 3.36 3.36 3.36 3.36 3.36 3.36 3.36 3.36 3.36 3.36 3.36 3.36 3.36 3.36 3.36 3.36 3.36 3.36 3.36 3.36 3.36 3.36 3.36 3.36 3.36 3.36 3.36 3.36 3.36 3.36 3.36 3.36 3.36 3.36 3.36 3.36 3.36 3.36 3.82 3.82 3.82 3.82 3.82 3.82 3.82 3.82 3.82 3.82 3.82 3.82 3.82 3.82 3.82 3.82 3.82 3.82 3.82 3.82 3.82 3.82 3.82 3.82 3.82 3.82 3.82 3.82 3.82 
3.14 3.14 3.14 3.14 3.14 3.14 3.14 3.14 3.14 3.14 3.14 3.36 3.36 3.36 3.36 3.36 3.36 3.36 3.36 3.36 3.36 3.36 3.36 3.36 3.36 3.36 3.36 3.36 3.36 3.36 3.36 3.36 3.36 3.36 3.36 3.36 3.36 3.36 3.36 3.36 3.36 3.36 3.36 3.36 3.36 3.36 3.36 3.36 3.36 3.36 3.36 3.36 3.36 3.36 3.36 3.36 3.36 3.36 3.36 3.36 3.36 3.36 3.36 3.36 3.36 3.36 3.36 3.36 3.36 3.36 3.36 3.82 3.82 3.82 3.82 3.82 3.82 3.82 3.82 3.82 3.82 3.82 3.82 3.82 3.82 3.82 3.82 3.82 3.82 3.82 3.82 3.82 3.82 3.82 3.82 3.82 3.82 3.82 3.82 3.82 
3.14 3.14 3.14 3.14 3.14 3.14 3.14 3.14 3.14 3.14 3.14 3.36 3.36 3.36 3.36 3.36 3.36 3.36 3.36 3.36 3.36 3.36 3.36 3.36 3.36 3.36 3.36 3.36 3.36 3.36 3.36 3.36 3.36 3.36 3.36 3.36 3.36 3.36 3.36 3.36 3.36 3.36 3.36 3.36 3.36 3.36 3.36 3.36 3.36 3.36 3.36 3.36 3.36 3.36 3.36 3.36 3.36 3.36 3.36 3.36 3.36 3.36 3.36 3.36 3.36 3.36 3.36 3.36 3.36 3.36 3.36 3.82 3.82 3.82 3.82 3.82 3.82 3.82 3.82 3.82 3.82 3.82 3.82 3.82 3.82 3.82 3.82 3.82 3.82 3.82 3.82 3.82 3.82 3.82 3.82 3.82 3.82 3.82 3.82 3.82 
3.14 3.14 3.14 3.14 3.14 3.14 3.14 3.14 3.14 3.14 3.14 3.36 3.36 3.36 3.36 3.36 3.36 3.36 3.36 3.36 3.36 3.36 3.36 3.36 3.36 3.36 3.36 3.36 3.36 3.36 3.36 3.36 3.36 3.36 3.36 3.36 3.36 3.36 3.36 3.36 3.36 3.36 3.36 3.36 3.36 3.36 3.36 3.36 3.36 3.36 3.36 3.36 3.36 3.36 3.36 3.36 3.36 3.36 3.36 3.36 3.36 3.36 3.36 3.36 3.36 3.36 3.36 3.36 3.36 3.36 3.36 3.82 3.82 3.82 3.82 3.82 3.82 3.82 3.82 3.82 3.82 3.82 3.82 3.82 3.82 3.82 3.82 3.82 3.82 3.82 3.82 3.82 3.82 3.82 3.82 3.82 3.82 3.82 3.82 3.82 
3.14 3.14 3.14 3.14 3.14 3.14 3.14 3.14 3.14 3.14 3.14 3.36 3.36 3.36 3.36 3.36 3.36 3.36 3.36 3.36 3.36 3.36 3.36 3.36 3.36 3.36 3.36 3.36 3.36 3.36 3.36 3.36 3.36 3.36 3.36 3.36 3.36 3.36 3.36 3.36 3.36 3.36 3.36 3.36 3.36 3.36 3.36 3.36 3.36 3.36 3.36 3.36 3.36 3.36 3.36 3.36 3.36 3.36 3.36 3.36 3.36 3.36 3.36 3.36 3.36 3.36 3.36 3.36 3.36 3.36 3.36 3.82 3.82 3.82 3.82 3.82 3.82 3.82 3.82 3.82 3.82 3.82 3.82 3.82 3.82 3.82 3.82 3.82 3.82 3.82 3.82 3.82 3.82 3.82 3.82 3.82 3.82 3.82 3.82 3.82 
3.14 3.14 3.14 3.14 3.14 3.14 3.14 3.14 3.14 3.14 3.14 3.36 3.36 3.36 3.36 3.36 3.36 3.36 3.36 3.36 3.36 3.36 3.36 3.36 3.36 3.36 3.36 3.36 3.36 3.36 3.36 3.36 3.36 3.36 3.36 3.36 3.36 3.36 3.36 3.36 3.36 3.36 3.36 3.36 3.36 3.36 3.36 3.36 3.36 3.36 3.36 3.36 3.36 3.36 3.36 3.36 3.36 3.36 3.36 3.36 3.36 3.36 3.36 3.36 3.36 3.36 3.36 3.36 3.36 3.36 3.36 3.82 3.82 3.82 3.82 3.82 3.82 3.82 3.82 3.82 3.82 3.82 3.82 3.82 3.82 3.82 3.82 3.82 3.82 3.82 3.82 3.82 3.82 3.82 3.82 3.82 3.82 3.82 3.82 3.82 
3.14 3.14 3.14 3.14 3.14 3.14 3.14 3.14 3.14 3.14 3.14 3.36 3.36 3.36 3.36 3.36 3.36 3.36 3.36 3.36 3.36 3.36 3.36 3.36 3.36 3.36 3.36 3.36 3.36 3.36 3.36 3.36 3.36 3.36 3.36 3.36 3.36 3.36 3.36 3.36 3.36 3.36 3.36 3.36 3.36 3.36 3.36 3.36 3.36 3.36 3.36 3.36 3.36 3.36 3.36 3.36 3.36 3.36 3.36 3.36 3.36 3.36 3.36 3.36 3.36 3.36 3.36 3.36 3.36 3.36 3.36 3.82 3.82 3.82 3.82 3.82 3.82 3.82 3.82 3.82 3.82 3.82 3.82 3.82 3.82 3.82 3.82 3.82 3.82 3.82 3.82 3.82 3.82 3.82 3.82 3.82 3.82 3.82 3.82 3.82 
3.14 3.14 3.14 3.14 3.14 3.14 3.14 3.14 3.14 3.14 3.14 3.36 3.36 3.36 3.36 3.36 3.36 3.36 3.36 3.36 3.36 3.36 3.36 3.36 3.36 3.36 3.36 3.36 3.36 3.36 3.36 3.36 3.36 3.36 3.36 3.36 3.36 3.36 3.36 3.36 3.36 3.36 3.36 3.36 3.36 3.36 3.36 3.36 3.36 3.36 3.36 3.36 3.36 3.36 3.36 3.36 3.36 3.36 3.36 3.36 3.36 3.36 3.36 3.36 3.36 3.36 3.36 3.36 3.36 3.36 3.36 3.82 3.82 3.82 3.82 3.82 3.82 3.82 3.82 3.82 3.82 3.82 3.82 3.82 3.82 3.82 3.82 3.82 3.82 3.82 3.82 3.82 3.82 3.82 3.82 3.82 3.82 3.82 3.82 3.82 
3.14 3.14 3.14 3.14 3.14 3.14 3.14 3.14 3.14 3.14 3.14 3.36 3.36 3.36 3.36 3.36 3.36 3.36 3.36 3.36 3.36 3.36 3.36 3.36 3.36 3.36 3.36 3.36 3.36 3.36 3.36 3.36 3.36 3.36 3.36 3.36 3.36 3.36 3.36 3.36 3.36 3.36 3.36 3.36 3.36 3.36 3.36 3.36 3.36 3.36 3.36 3.36 3.36 3.36 3.36 3.36 3.36 3.36 3.36 3.36 3.36 3.36 3.36 3.36 3.36 3.36 3.36 3.36 3.36 3.36 3.36 3.82 3.82 3.82 3.82 3.82 3.82 3.82 3.82 3.82 3.82 3.82 3.82 3.82 3.82 3.82 3.82 3.82 3.82 3.82 3.82 3.82 3.82 3.82 3.82 3.82 3.82 3.82 3.82 3.82 
3.14 3.14 3.14 3.14 3.14 3.14 3.14 3.14 3.14 3.14 3.14 3.36 3.36 3.36 3.36 3.36 3.36 3.36 3.36 3.36 3.36 3.36 3.36 3.36 3.36 3.36 3.36 3.36 3.36 3.36 3.36 3.36 3.36 3.36 3.36 3.36 3.36 3.36 3.36 3.36 3.36 3.36 3.36 3.36 3.36 3.36 3.36 3.36 3.36 3.36 3.36 3.36 3.36 3.36 3.36 3.36 3.36 3.36 3.36 3.36 3.36 3.36 3.36 3.36 3.36 3.36 3.36 3.36 3.36 3.36 3.36 3.82 3.82 3.82 3.82 3.82 3.82 3.82 3.82 3.82 3.82 3.82 3.82 3.82 3.82 3.82 3.82 3.82 3.82 3.82 3.82 3.82 3.82 3.82 3.82 3.82 3.82 3.82 3.82 3.82 
3.14 3.14 3.14 3.14 3.14 3.14 3.14 3.14 3.14 3.14 3.14 3.36 3.36 3.36 3.36 3.36 3.36 3.36 3.36 3.36 3.36 3.36 3.36 3.36 3.36 3.36 3.36 3.36 3.36 3.36 3.36 3.36 3.36 3.36 3.36 3.36 3.36 3.36 3.36 3.36 3.36 3.36 3.36 3.36 3.36 3.36 3.36 3.36 3.36 3.36 3.36 3.36 3.36 3.36 3.36 3.36 3.36 3.36 3.36 3.36 3.36 3.36 3.36 3.36 3.36 3.36 3.36 3.36 3.36 3.36 3.36 3.82 3.82 3.82 3.82 3.82 3.82 3.82 3.82 3.82 3.82 3.82 3.82 3.82 3.82 3.82 3.82 3.82 3.82 3.82 3.82 3.82 3.82 3.82 3.82 3.82 3.82 3.82 3.82 3.82 
3.14 3.14 3.14 3.14 3.14 3.14 3.14 3.14 3.14 3.14 3.14 3.36 3.36 3.36 3.36 3.36 3.36 3.36 3.36 3.36 3.36 3.36 3.36 3.36 3.36 3.36 3.36 3.36 3.36 3.36 3.36 3.36 3.36 3.36 3.36 3.36 3.36 3.36 3.36 3.36 3.36 3.36 3.36 3.36 3.36 3.36 3.36 3.36 3.36 3.36 3.36 3.36 3.36 3.36 3.36 3.36 3.36 3.36 3.36 3.36 3.36 3.36 3.36 3.36 3.36 3.36 3.36 3.36 3.36 3.36 3.36 3.82 3.82 3.82 3.82 3.82 3.82 3.82 3.82 3.82 3.82 3.82 3.82 3.82 3.82 3.82 3.82 3.82 3.82 3.82 3.82 3.82 3.82 3.82 3.82 3.82 3.82 3.82 3.82 3.82 
3.14 3.14 3.14 3.14 3.14 3.14 3.14 3.14 3.14 3.14 3.14 3.36 3.36 3.36 3.36 3.36 3.36 3.36 3.36 3.36 3.36 3.36 3.36 3.36 3.36 3.36 3.36 3.36 3.36 3.36 3.36 3.36 3.36 3.36 3.36 3.36 3.36 3.36 3.36 3.36 3.36 3.36 3.36 3.36 3.36 3.36 3.36 3.36 3.36 3.36 3.36 3.36 3.36 3.36 3.36 3.36 3.36 3.36 3.36 3.36 3.36 3.36 3.36 3.36 3.36 3.36 3.36 3.36 3.36 3.36 3.36 3.82 3.82 3.82 3.82 3.82 3.82 3.82 3.82 3.82 3.82 3.82 3.82 3.82 3.82 3.82 3.82 3.82 3.82 3.82 3.82 3.82 3.82 3.82 3.82 3.82 3.82 3.82 3.82 3.82 
3.14 3.14 3.14 3.14 3.14 3.14 3.14 3.14 3.14 3.14 3.14 3.36 3.36 3.36 3.36 3.36 3.36 3.36 3.36 3.36 3.36 3.36 3.36 3.36 3.36 3.36 3.36 3.36 3.36 3.36 3.36 3.36 3.36 3.36 3.36 3.36 3.36 3.36 3.36 3.36 3.36 3.36 3.36 3.36 3.36 3.36 3.36 3.36 3.36 3.36 3.36 3.36 3.36 3.36 3.36 3.36 3.36 3.36 3.36 3.36 3.36 3.36 3.36 3.36 3.36 3.36 3.36 3.36 3.36 3.36 3.36 3.82 3.82 3.82 3.82 3.82 3.82 3.82 3.82 3.82 3.82 3.82 3.82 3.82 3.82 3.82 3.82 3.82 3.82 3.82 3.82 3.82 3.82 3.82 3.82 3.82 3.82 3.82 3.82 3.82 
3.14 3.14 3.14 3.14 3.14 3.14 3.14 3.14 3.14 3.14 3.14 3.36 3.36 3.36 3.36 3.36 3.36 3.36 3.36 3.36 3.36 3.36 3.36 3.36 3.36 3.36 3.36 3.36 3.36 3.36 3.36 3.36 3.36 3.36 3.36 3.36 3.36 3.36 3.36 3.36 3.36 3.36 3.36 3.36 3.36 3.36 3.36 3.36 3.36 3.36 3.36 3.36 3.36 3.36 3.36 3.36 3.36 3.36 3.36 3.36 3.36 3.36 3.36 3.36 3.36 3.36 3.36 3.36 3.36 3.36 3.36 3.82 3.82 3.82 3.82 3.82 3.82 3.82 3.82 3.82 3.82 3.82 3.82 3.82 3.82 3.82 3.82 3.82 3.82 3.82 3.82 3.82 3.82 3.82 3.82 3.82 3.82 3.82 3.82 3.82 
3.14 3.14 3.14 3.14 3.14 3.14 3.14 3.14 3.14 3.14 3.14 3.36 3.36 3.36 3.36 3.36 3.36 3.36 3.36 3.36 3.36 3.36 3.36 3.36 3.36 3.36 3.36 3.36 3.36 3.36 3.36 3.36 3.36 3.36 3.36 3.36 3.36 3.36 3.36 3.36 3.36 3.36 3.36 3.36 3.36 3.36 3.36 3.36 3.36 3.36 3.36 3.36 3.36 3.36 3.36 3.36 3.36 3.36 3.36 3.36 3.36 3.36 3.36 3.36 3.36 3.36 3.36 3.36 3.36 3.36 3.36 3.82 3.82 3.82 3.82 3.82 3.82 3.82 3.82 3.82 3.82 3.82 3.82 3.82 3.82 3.82 3.82 3.82 3.82 3.82 3.82 3.82 3.82 3.82 3.82 3.82 3.82 3.82 3.82 3.82 
3.14 3.14 3.14 3.14 3.14 3.14 3.14 3.14 3.14 3.14 3.14 3.36 3.36 3.36 3.36 3.36 3.36 3.36 3.36 3.36 3.36 3.36 3.36 3.36 3.36 3.36 3.36 3.36 3.36 3.36 3.36 3.36 3.36 3.36 3.36 3.36 3.36 3.36 3.36 3.36 3.36 3.36 3.36 3.36 3.36 3.36 3.36 3.36 3.36 3.36 3.36 3.36 3.36 3.36 3.36 3.36 3.36 3.36 3.36 3.36 3.36 3.36 3.36 3.36 3.36 3.36 3.36 3.36 3.36 3.36 3.36 3.82 3.82 3.82 3.82 3.82 3.82 3.82 3.82 3.82 3.82 3.82 3.82 3.82 3.82 3.82 3.82 3.82 3.82 3.82 3.82 3.82 3.82 3.82 3.82 3.82 3.82 3.82 3.82 3.82 
3.14 3.14 3.14 3.14 3.14 3.14 3.14 3.14 3.14 3.14 3.14 3.36 3.36 3.36 3.36 3.36 3.36 3.36 3.36 3.36 3.36 3.36 3.36 3.36 3.36 3.36 3.36 3.36 3.36 3.36 3.36 3.36 3.36 3.36 3.36 3.36 3.36 3.36 3.36 3.36 3.36 3.36 3.36 3.36 3.36 3.36 3.36 3.36 3.36 3.36 3.36 3.36 3.36 3.36 3.36 3.36 3.36 3.36 3.36 3.36 3.36 3.36 3.36 3.36 3.36 3.36 3.36 3.36 3.36 3.36 3.36 3.82 3.82 3.82 3.82 3.82 3.82 3.82 3.82 3.82 3.82 3.82 3.82 3.82 3.82 3.82 3.82 3.82 3.82 3.82 3.82 3.82 3.82 3.82 3.82 3.82 3.82 3.82 3.82 3.82 
3.14 3.14 3.14 3.14 3.14 3.14 3.14 3.14 3.14 3.14 3.14 3.36 3.36 3.36 3.36 3.36 3.36 3.36 3.36 3.36 3.36 3.36 3.36 3.36 3.36 3.36 3.36 3.36 3.36 3.36 3.36 3.36 3.36 3.36 3.36 3.36 3.36 3.36 3.36 3.36 3.36 3.36 3.36 3.36 3.36 3.36 3.36 3.36 3.36 3.36 3.36 3.36 3.36 3.36 3.36 3.36 3.36 3.36 3.36 3.36 3.36 3.36 3.36 3.36 3.36 3.36 3.36 3.36 3.36 3.36 3.36 3.82 3.82 3.82 3.82 3.82 3.82 3.82 3.82 3.82 3.82 3.82 3.82 3.82 3.82 3.82 3.82 3.82 3.82 3.82 3.82 3.82 3.82 3.82 3.82 3.82 3.82 3.82 3.82 3.82 
3.14 3.14 3.14 3.14 3.14 3.14 3.14 3.14 3.14 3.14 3.14 3.36 3.36 3.36 3.36 3.36 3.36 3.36 3.36 3.36 3.36 3.36 3.36 3.36 3.36 3.36 3.36 3.36 3.36 3.36 3.36 3.36 3.36 3.36 3.36 3.36 3.36 3.36 3.36 3.36 3.36 3.36 3.36 3.36 3.36 3.36 3.36 3.36 3.36 3.36 3.36 3.36 3.36 3.36 3.36 3.36 3.36 3.36 3.36 3.36 3.36 3.36 3.36 3.36 3.36 3.36 3.36 3.36 3.36 3.36 3.36 3.82 3.82 3.82 3.82 3.82 3.82 3.82 3.82 3.82 3.82 3.82 3.82 3.82 3.82 3.82 3.82 3.82 3.82 3.82 3.82 3.82 3.82 3.82 3.82 3.82 3.82 3.82 3.82 3.82 
3.14 3.14 3.14 3.14 3.14 3.14 3.14 3.14 3.14 3.14 3.14 3.36 3.36 3.36 3.36 3.36 3.36 3.36 3.36 3.36 3.36 3.36 3.36 3.36 3.36 3.36 3.36 3.36 3.36 3.36 3.36 3.36 3.36 3.36 3.36 3.36 3.36 3.36 3.36 3.36 3.36 3.36 3.36 3.36 3.36 3.36 3.36 3.36 3.36 3.36 3.36 3.36 3.36 3.36 3.36 3.36 3.36 3.36 3.36 3.36 3.36 3.36 3.36 3.36 3.36 3.36 3.36 3.36 3.36 3.36 3.36 3.82 3.82 3.82 3.82 3.82 3.82 3.82 3.82 3.82 3.82 3.82 3.82 3.82 3.82 3.82 3.82 3.82 3.82 3.82 3.82 3.82 3.82 3.82 3.82 3.82 3.82 3.82 3.82 3.82 
3.14 3.14 3.14 3.14 3.14 3.14 3.14 3.14 3.14 3.14 3.14 3.36 3.36 3.36 3.36 3.36 3.36 3.36 3.36 3.36 3.36 3.36 3.36 3.36 3.36 3.36 3.36 3.36 3.36 3.36 3.36 3.36 3.36 3.36 3.36 3.36 3.36 3.36 3.36 3.36 3.36 3.36 3.36 3.36 3.36 3.36 3.36 3.36 3.36 3.36 3.36 3.36 3.36 3.36 3.36 3.36 3.36 3.36 3.36 3.36 3.36 3.36 3.36 3.36 3.36 3.36 3.36 3.36 3.36 3.36 3.36 3.82 3.82 3.82 3.82 3.82 3.82 3.82 3.82 3.82 3.82 3.82 3.82 3.82 3.82 3.82 3.82 3.82 3.82 3.82 3.82 3.82 3.82 3.82 3.82 3.82 3.82 3.82 3.82 3.82 
3.14 3.14 3.14 3.14 3.14 3.14 3.14 3.14 3.14 3.14 3.14 3.36 3.36 3.36 3.36 3.36 3.36 3.36 3.36 3.36 3.36 3.36 3.36 3.36 3.36 3.36 3.36 3.36 3.36 3.36 3.36 3.36 3.36 3.36 3.36 3.36 3.36 3.36 3.36 3.36 3.36 3.36 3.36 3.36 3.36 3.36 3.36 3.36 3.36 3.36 3.36 3.36 3.36 3.36 3.36 3.36 3.36 3.36 3.36 3.36 3.36 3.36 3.36 3.36 3.36 3.36 3.36 3.36 3.36 3.36 3.36 3.82 3.82 3.82 3.82 3.82 3.82 3.82 3.82 3.82 3.82 3.82 3.82 3.82 3.82 3.82 3.82 3.82 3.82 3.82 3.82 3.82 3.82 3.82 3.82 3.82 3.82 3.82 3.82 3.82 
3.14 3.14 3.14 3.14 3.14 3.14 3.14 3.14 3.14 3.14 3.14 3.36 3.36 3.36 3.36 3.36 3.36 3.36 3.36 3.36 3.36 3.36 3.36 3.36 3.36 3.36 3.36 3.36 3.36 3.36 3.36 3.36 3.36 3.36 3.36 3.36 3.36 3.36 3.36 3.36 3.36 3.36 3.36 3.36 3.36 3.36 3.36 3.36 3.36 3.36 3.36 3.36 3.36 3.36 3.36 3.36 3.36 3.36 3.36 3.36 3.36 3.36 3.36 3.36 3.36 3.36 3.36 3.36 3.36 3.36 3.36 3.82 3.82 3.82 3.82 3.82 3.82 3.82 3.82 3.82 3.82 3.82 3.82 3.82 3.82 3.82 3.82 3.82 3.82 3.82 3.82 3.82 3.82 3.82 3.82 3.82 3.82 3.82 3.82 3.82 
3.14 3.14 3.14 3.14 3.14 3.14 3.14 3.14 3.14 3.14 3.14 3.36 3.36 3.36 3.36 3.36 3.36 3.36 3.36 3.36 3.36 3.36 3.36 3.36 3.36 3.36 3.36 3.36 3.36 3.36 3.36 3.36 3.36 3.36 3.36 3.36 3.36 3.36 3.36 3.36 3.36 3.36 3.36 3.36 3.36 3.36 3.36 3.36 3.36 3.36 3.36 3.36 3.36 3.36 3.36 3.36 3.36 3.36 3.36 3.36 3.36 3.36 3.36 3.36 3.36 3.36 3.36 3.36 3.36 3.36 3.36 3.82 3.82 3.82 3.82 3.82 3.82 3.82 3.82 3.82 3.82 3.82 3.82 3.82 3.82 3.82 3.82 3.82 3.82 3.82 3.82 3.82 3.82 3.82 3.82 3.82 3.82 3.82 3.82 3.82 
3.14 3.14 3.14 3.14 3.14 3.14 3.14 3.14 3.14 3.14 3.14 3.36 3.36 3.36 3.36 3.36 3.36 3.36 3.36 3.36 3.36 3.36 3.36 3.36 3.36 3.36 3.36 3.36 3.36 3.36 3.36 3.36 3.36 3.36 3.36 3.36 3.36 3.36 3.36 3.36 3.36 3.36 3.36 3.36 3.36 3.36 3.36 3.36 3.36 3.36 3.36 3.36 3.36 3.36 3.36 3.36 3.36 3.36 3.36 3.36 3.36 3.36 3.36 3.36 3.36 3.36 3.36 3.36 3.36 3.36 3.36 3.82 3.82 3.82 3.82 3.82 3.82 3.82 3.82 3.82 3.82 3.82 3.82 3.82 3.82 3.82 3.82 3.82 3.82 3.82 3.82 3.82 3.82 3.82 3.82 3.82 3.82 3.82 3.82 3.82 
3.14 3.14 3.14 3.14 3.14 3.14 3.14 3.14 3.14 3.14 3.14 3.36 3.36 3.36 3.36 3.36 3.36 3.36 3.36 3.36 3.36 3.36 3.36 3.36 3.36 3.36 3.36 3.36 3.36 3.36 3.36 3.36 3.36 3.36 3.36 3.36 3.36 3.36 3.36 3.36 3.36 3.36 3.36 3.36 3.36 3.36 3.36 3.36 3.36 3.36 3.36 3.36 3.36 3.36 3.36 3.36 3.36 3.36 3.36 3.36 3.36 3.36 3.36 3.36 3.36 3.36 3.36 3.36 3.36 3.36 3.36 3.82 3.82 3.82 3.82 3.82 3.82 3.82 3.82 3.82 3.82 3.82 3.82 3.82 3.82 3.82 3.82 3.82 3.82 3.82 3.82 3.82 3.82 3.82 3.82 3.82 3.82 3.82 3.82 3.82 
3.14 3.14 3.14 3.14 3.14 3.14 3.14 3.14 3.14 3.14 3.14 3.36 3.36 3.36 3.36 3.36 3.36 3.36 3.36 3.36 3.36 3.36 3.36 3.36 3.36 3.36 3.36 3.36 3.36 3.36 3.36 3.36 3.36 3.36 3.36 3.36 3.36 3.36 3.36 3.36 3.36 3.36 3.36 3.36 3.36 3.36 3.36 3.36 3.36 3.36 3.36 3.36 3.36 3.36 3.36 3.36 3.36 3.36 3.36 3.36 3.36 3.36 3.36 3.36 3.36 3.36 3.36 3.36 3.36 3.36 3.36 3.82 3.82 3.82 3.82 3.82 3.82 3.82 3.82 3.82 3.82 3.82 3.82 3.82 3.82 3.82 3.82 3.82 3.82 3.82 3.82 3.82 3.82 3.82 3.82 3.82 3.82 3.82 3.82 3.82 
3.14 3.14 3.14 3.14 3.14 3.14 3.14 3.14 3.14 3.14 3.14 3.36 3.36 3.36 3.36 3.36 3.36 3.36 3.36 3.36 3.36 3.36 3.36 3.36 3.36 3.36 3.36 3.36 3.36 3.36 3.36 3.36 3.36 3.36 3.36 3.36 3.36 3.36 3.36 3.36 3.36 3.36 3.36 3.36 3.36 3.36 3.36 3.36 3.36 3.36 3.36 3.36 3.36 3.36 3.36 3.36 3.36 3.36 3.36 3.36 3.36 3.36 3.36 3.36 3.36 3.36 3.36 3.36 3.36 3.36 3.36 3.82 3.82 3.82 3.82 3.82 3.82 3.82 3.82 3.82 3.82 3.82 3.82 3.82 3.82 3.82 3.82 3.82 3.82 3.82 3.82 3.82 3.82 3.82 3.82 3.82 3.82 3.82 3.82 3.82 
3.14 3.14 3.14 3.14 3.14 3.14 3.14 3.14 3.14 3.14 3.14 3.36 3.36 3.36 3.36 3.36 3.36 3.36 3.36 3.36 3.36 3.36 3.36 3.36 3.36 3.36 3.36 3.36 3.36 3.36 3.36 3.36 3.36 3.36 3.36 3.36 3.36 3.36 3.36 3.36 3.36 3.36 3.36 3.36 3.36 3.36 3.36 3.36 3.36 3.36 3.36 3.36 3.36 3.36 3.36 3.36 3.36 3.36 3.36 3.36 3.36 3.36 3.36 3.36 3.36 3.36 3.36 3.36 3.36 3.36 3.36 3.82 3.82 3.82 3.82 3.82 3.82 3.82 3.82 3.82 3.82 3.82 3.82 3.82 3.82 3.82 3.82 3.82 3.82 3.82 3.82 3.82 3.82 3.82 3.82 3.82 3.82 3.82 3.82 3.82 
6.46 6.46 6.46 6.46 6.46 6.46 6.46 6.46 6.46 6.46 6.46 6.62 6.62 6.62 6.62 6.62 6.62 6.62 6.62 6.62 6.62 6.62 6.62 6.62 6.62 6.62 6.62 6.62 6.62 6.62 6.62 6.62 6.62 6.62 6.62 6.62 6.62 6.62 6.62 6.62 6.62 6.62 6.62 6.62 6.62 6.62 6.62 6.62 6.62 6.62 6.62 6.62 6.62 6.62 6.62 6.62 6.62 6.62 6.62 6.62 6.62 6.62 6.62 6.62 6.62 6.62 6.62 6.62 6.62 6.62 6.62 6.46 6.46 6.46 6.46 6.46 6.46 6.46 6.46 6.46 6.46 6.46 6.46 6.46 6.46 6.46 6.46 6.46 6.46 6.46 6.46 6.46 6.46 6.46 6.46 6.46 6.46 6.46 6.46 6.46 
6.46 6.46 6.46 6.46 6.46 6.46 6.46 6.46 6.46 6.46 6.46 6.62 6.62 6.62 6.62 6.62 6.62 6.62 6.62 6.62 6.62 6.62 6.62 6.62 6.62 6.62 6.62 6.62 6.62 6.62 6.62 6.62 6.62 6.62 6.62 6.62 6.62 6.62 6.62 6.62 6.62 6.62 6.62 6.62 6.62 6.62 6.62 6.62 6.62 6.62 6.62 6.62 6.62 6.62 6.62 6.62 6.62 6.62 6.62 6.62 6.62 6.62 6.62 6.62 6.62 6.62 6.62 6.62 6.62 6.62 6.62 6.46 6.46 6.46 6.46 6.46 6.46 6.46 6.46 6.46 6.46 6.46 6.46 6.46 6.46 6.46 6.46 6.46 6.46 6.46 6.46 6.46 6.46 6.46 6.46 6.46 6.46 6.46 6.46 6.46 
6.46 6.46 6.46 6.46 6.46 6.46 6.46 6.46 6.46 6.46 6.46 6.62 6.62 6.62 6.62 6.62 6.62 6.62 6.62 6.62 6.62 6.62 6.62 6.62 6.62 6.62 6.62 6.62 6.62 6.62 6.62 6.62 6.62 6.62 6.62 6.62 6.62 6.62 6.62 6.62 6.62 6.62 6.62 6.62 6.62 6.62 6.62 6.62 6.62 6.62 6.62 6.62 6.62 6.62 6.62 6.62 6.62 6.62 6.62 6.62 6.62 6.62 6.62 6.62 6.62 6.62 6.62 6.62 6.62 6.62 6.62 6.46 6.46 6.46 6.46 6.46 6.46 6.46 6.46 6.46 6.46 6.46 6.46 6.46 6.46 6.46 6.46 6.46 6.46 6.46 6.46 6.46 6.46 6.46 6.46 6.46 6.46 6.46 6.46 6.46 
6.46 6.46 6.46 6.46 6.46 6.46 6.46 6.46 6.46 6.46 6.46 6.62 6.62 6.62 6.62 6.62 6.62 6.62 6.62 6.62 6.62 6.62 6.62 6.62 6.62 6.62 6.62 6.62 6.62 6.62 6.62 6.62 6.62 6.62 6.62 6.62 6.62 6.62 6.62 6.62 6.62 6.62 6.62 6.62 6.62 6.62 6.62 6.62 6.62 6.62 6.62 6.62 6.62 6.62 6.62 6.62 6.62 6.62 6.62 6.62 6.62 6.62 6.62 6.62 6.62 6.62 6.62 6.62 6.62 6.62 6.62 6.46 6.46 6.46 6.46 6.46 6.46 6.46 6.46 6.46 6.46 6.46 6.46 6.46 6.46 6.46 6.46 6.46 6.46 6.46 6.46 6.46 6.46 6.46 6.46 6.46 6.46 6.46 6.46 6.46 
6.46 6.46 6.46 6.46 6.46 6.46 6.46 6.46 6.46 6.46 6.46 6.62 6.62 6.62 6.62 6.62 6.62 6.62 6.62 6.62 6.62 6.62 6.62 6.62 6.62 6.62 6.62 6.62 6.62 6.62 6.62 6.62 6.62 6.62 6.62 6.62 6.62 6.62 6.62 6.62 6.62 6.62 6.62 6.62 6.62 6.62 6.62 6.62 6.62 6.62 6.62 6.62 6.62 6.62 6.62 6.62 6.62 6.62 6.62 6.62 6.62 6.62 6.62 6.62 6.62 6.62 6.62 6.62 6.62 6.62 6.62 6.46 6.46 6.46 6.46 6.46 6.46 6.46 6.46 6.46 6.46 6.46 6.46 6.46 6.46 6.46 6.46 6.46 6.46 6.46 6.46 6.46 6.46 6.46 6.46 6.46 6.46 6.46 6.46 6.46 
6.46 6.46 6.46 6.46 6.46 6.46 6.46 6.46 6.46 6.46 6.46 6.62 6.62 6.62 6.62 6.62 6.62 6.62 6.62 6.62 6.62 6.62 6.62 6.62 6.62 6.62 6.62 6.62 6.62 6.62 6.62 6.62 6.62 6.62 6.62 6.62 6.62 6.62 6.62 6.62 6.62 6.62 6.62 6.62 6.62 6.62 6.62 6.62 6.62 6.62 6.62 6.62 6.62 6.62 6.62 6.62 6.62 6.62 6.62 6.62 6.62 6.62 6.62 6.62 6.62 6.62 6.62 6.62 6.62 6.62 6.62 6.46 6.46 6.46 6.46 6.46 6.46 6.46 6.46 6.46 6.46 6.46 6.46 6.46 6.46 6.46 6.46 6.46 6.46 6.46 6.46 6.46 6.46 6.46 6.46 6.46 6.46 6.46 6.46 6.46 
6.46 6.46 6.46 6.46 6.46 6.46 6.46 6.46 6.46 6.46 6.46 6.62 6.62 6.62 6.62 6.62 6.62 6.62 6.62 6.62 6.62 6.62 6.62 6.62 6.62 6.62 6.62 6.62 6.62 6.62 6.62 6.62 6.62 6.62 6.62 6.62 6.62 6.62 6.62 6.62 6.62 6.62 6.62 6.62 6.62 6.62 6.62 6.62 6.62 6.62 6.62 6.62 6.62 6.62 6.62 6.62 6.62 6.62 6.62 6.62 6.62 6.62 6.62 6.62 6.62 6.62 6.62 6.62 6.62 6.62 6.62 6.46 6.46 6.46 6.46 6.46 6.46 6.46 6.46 6.46 6.46 6.46 6.46 6.46 6.46 6.46 6.46 6.46 6.46 6.46 6.46 6.46 6.46 6.46 6.46 6.46 6.46 6.46 6.46 6.46 
6.46 6.46 6.46 6.46 6.46 6.46 6.46 6.46 6.46 6.46 6.46 6.62 6.62 6.62 6.62 6.62 6.62 6.62 6.62 6.62 6.62 6.62 6.62 6.62 6.62 6.62 6.62 6.62 6.62 6.62 6.62 6.62 6.62 6.62 6.62 6.62 6.62 6.62 6.62 6.62 6.62 6.62 6.62 6.62 6.62 6.62 6.62 6.62 6.62 6.62 6.62 6.62 6.62 6.62 6.62 6.62 6.62 6.62 6.62 6.62 6.62 6.62 6.62 6.62 6.62 6.62 6.62 6.62 6.62 6.62 6.62 6.46 6.46 6.46 6.46 6.46 6.46 6.46 6.46 6.46 6.46 6.46 6.46 6.46 6.46 6.46 6.46 6.46 6.46 6.46 6.46 6.46 6.46 6.46 6.46 6.46 6.46 6.46 6.46 6.46 
6.46 6.46 6.46 6.46 6.46 6.46 6.46 6.46 6.46 6.46 6.46 6.62 6.62 6.62 6.62 6.62 6.62 6.62 6.62 6.62 6.62 6.62 6.62 6.62 6.62 6.62 6.62 6.62 6.62 6.62 6.62 6.62 6.62 6.62 6.62 6.62 6.62 6.62 6.62 6.62 6.62 6.62 6.62 6.62 6.62 6.62 6.62 6.62 6.62 6.62 6.62 6.62 6.62 6.62 6.62 6.62 6.62 6.62 6.62 6.62 6.62 6.62 6.62 6.62 6.62 6.62 6.62 6.62 6.62 6.62 6.62 6.46 6.46 6.46 6.46 6.46 6.46 6.46 6.46 6.46 6.46 6.46 6.46 6.46 6.46 6.46 6.46 6.46 6.46 6.46 6.46 6.46 6.46 6.46 6.46 6.46 6.46 6.46 6.46 6.46 
6.46 6.46 6.46 6.46 6.46 6.46 6.46 6.46 6.46 6.46 6.46 6.62 6.62 6.62 6.62 6.62 6.62 6.62 6.62 6.62 6.62 6.62 6.62 6.62 6.62 6.62 6.62 6.62 6.62 6.62 6.62 6.62 6.62 6.62 6.62 6.62 6.62 6.62 6.62 6.62 6.62 6.62 6.62 6.62 6.62 6.62 6.62 6.62 6.62 6.62 6.62 6.62 6.62 6.62 6.62 6.62 6.62 6.62 6.62 6.62 6.62 6.62 6.62 6.62 6.62 6.62 6.62 6.62 6.62 6.62 6.62 6.46 6.46 6.46 6.46 6.46 6.46 6.46 6.46 6.46 6.46 6.46 6.46 6.46 6.46 6.46 6.46 6.46 6.46 6.46 6.46 6.46 6.46 6.46 6.46 6.46 6.46 6.46 6.46 6.46 
6.46 6.46 6.46 6.46 6.46 6.46 6.46 6.46 6.46 6.46 6.46 6.62 6.62 6.62 6.62 6.62 6.62 6.62 6.62 6.62 6.62 6.62 6.62 6.62 6.62 6.62 6.62 6.62 6.62 6.62 6.62 6.62 6.62 6.62 6.62 6.62 6.62 6.62 6.62 6.62 6.62 6.62 6.62 6.62 6.62 6.62 6.62 6.62 6.62 6.62 6.62 6.62 6.62 6.62 6.62 6.62 6.62 6.62 6.62 6.62 6.62 6.62 6.62 6.62 6.62 6.62 6.62 6.62 6.62 6.62 6.62 6.46 6.46 6.46 6.46 6.46 6.46 6.46 6.46 6.46 6.46 6.46 6.46 6.46 6.46 6.46 6.46 6.46 6.46 6.46 6.46 6.46 6.46 6.46 6.46 6.46 6.46 6.46 6.46 6.46 
6.46 6.46 6.46 6.46 6.46 6.46 6.46 6.46 6.46 6.46 6.46 6.62 6.62 6.62 6.62 6.62 6.62 6.62 6.62 6.62 6.62 6.62 6.62 6.62 6.62 6.62 6.62 6.62 6.62 6.62 6.62 6.62 6.62 6.62 6.62 6.62 6.62 6.62 6.62 6.62 6.62 6.62 6.62 6.62 6.62 6.62 6.62 6.62 6.62 6.62 6.62 6.62 6.62 6.62 6.62 6.62 6.62 6.62 6.62 6.62 6.62 6.62 6.62 6.62 6.62 6.62 6.62 6.62 6.62 6.62 6.62 6.46 6.46 6.46 6.46 6.46 6.46 6.46 6.46 6.46 6.46 6.46 6.46 6.46 6.46 6.46 6.46 6.46 6.46 6.46 6.46 6.46 6.46 6.46 6.46 6.46 6.46 6.46 6.46 6.46 
6.46 6.46 6.46 6.46 6.46 6.46 6.46 6.46 6.46 6.46 6.46 6.62 6.62 6.62 6.62 6.62 6.62 6.62 6.62 6.62 6.62 6.62 6.62 6.62 6.62 6.62 6.62 6.62 6.62 6.62 6.62 6.62 6.62 6.62 6.62 6.62 6.62 6.62 6.62 6.62 6.62 6.62 6.62 6.62 6.62 6.62 6.62 6.62 6.62 6.62 6.62 6.62 6.62 6.62 6.62 6.62 6.62 6.62 6.62 6.62 6.62 6.62 6.62 6.62 6.62 6.62 6.62 6.62 6.62 6.62 6.62 6.46 6.46 6.46 6.46 6.46 6.46 6.46 6.46 6.46 6.46 6.46 6.46 6.46 6.46 6.46 6.46 6.46 6.46 6.46 6.46 6.46 6.46 6.46 6.46 6.46 6.46 6.46 6.46 6.46 
6.46 6.46 6.46 6.46 6.46 6.46 6.46 6.46 6.46 6.46 6.46 6.62 6.62 6.62 6.62 6.62 6.62 6.62 6.62 6.62 6.62 6.62 6.62 6.62 6.62 6.62 6.62 6.62 6.62 6.62 6.62 6.62 6.62 6.62 6.62 6.62 6.62 6.62 6.62 6.62 6.62 6.62 6.62 6.62 6.62 6.62 6.62 6.62 6.62 6.62 6.62 6.62 6.62 6.62 6.62 6.62 6.62 6.62 6.62 6.62 6.62 6.62 6.62 6.62 6.62 6.62 6.62 6.62 6.62 6.62 6.62 6.46 6.46 6.46 6.46 6.46 6.46 6.46 6.46 6.46 6.46 6.46 6.46 6.46 6.46 6.46 6.46 6.46 6.46 6.46 6.46 6.46 6.46 6.46 6.46 6.46 6.46 6.46 6.46 6.46 
6.46 6.46 6.46 6.46 6.46 6.46 6.46 6.46 6.46 6.46 6.46 6.62 6.62 6.62 6.62 6.62 6.62 6.62 6.62 6.62 6.62 6.62 6.62 6.62 6.62 6.62 6.62 6.62 6.62 6.62 6.62 6.62 6.62 6.62 6.62 6.62 6.62 6.62 6.62 6.62 6.62 6.62 6.62 6.62 6.62 6.62 6.62 6.62 6.62 6.62 6.62 6.62 6.62 6.62 6.62 6.62 6.62 6.62 6.62 6.62 6.62 6.62 6.62 6.62 6.62 6.62 6.62 6.62 6.62 6.62 6.62 6.46 6.46 6.46 6.46 6.46 6.46 6.46 6.46 6.46 6.46 6.46 6.46 6.46 6.46 6.46 6.46 6.46 6.46 6.46 6.46 6.46 6.46 6.46 6.46 6.46 6.46 6.46 6.46 6.46 
6.46 6.46 6.46 6.46 6.46 6.46 6.46 6.46 6.46 6.46 6.46 6.62 6.62 6.62 6.62 6.62 6.62 6.62 6.62 6.62 6.62 6.62 6.62 6.62 6.62 6.62 6.62 6.62 6.62 6.62 6.62 6.62 6.62 6.62 6.62 6.62 6.62 6.62 6.62 6.62 6.62 6.62 6.62 6.62 6.62 6.62 6.62 6.62 6.62 6.62 6.62 6.62 6.62 6.62 6.62 6.62 6.62 6.62 6.62 6.62 6.62 6.62 6.62 6.62 6.62 6.62 6.62 6.62 6.62 6.62 6.62 6.46 6.46 6.46 6.46 6.46 6.46 6.46 6.46 6.46 6.46 6.46 6.46 6.46 6.46 6.46 6.46 6.46 6.46 6.46 6.46 6.46 6.46 6.46 6.46 6.46 6.46 6.46 6.46 6.46 
6.46 6.46 6.46 6.46 6.46 6.46 6.46 6.46 6.46 6.46 6.46 6.62 6.62 6.62 6.62 6.62 6.62 6.62 6.62 6.62 6.62 6.62 6.62 6.62 6.62 6.62 6.62 6.62 6.62 6.62 6.62 6.62 6.62 6.62 6.62 6.62 6.62 6.62 6.62 6.62 6.62 6.62 6.62 6.62 6.62 6.62 6.62 6.62 6.62 6.62 6.62 6.62 6.62 6.62 6.62 6.62 6.62 6.62 6.62 6.62 6.62 6.62 6.62 6.62 6.62 6.62 6.62 6.62 6.62 6.62 6.62 6.46 6.46 6.46 6.46 6.46 6.46 6.46 6.46 6.46 6.46 6.46 6.46 6.46 6.46 6.46 6.46 6.46 6.46 6.46 6.46 6.46 6.46 6.46 6.46 6.46 6.46 6.46 6.46 6.46 
6.46 6.46 6.46 6.46 6.46 6.46 6.46 6.46 6.46 6.46 6.46 6.62 6.62 6.62 6.62 6.62 6.62 6.62 6.62 6.62 6.62 6.62 6.62 6.62 6.62 6.62 6.62 6.62 6.62 6.62 6.62 6.62 6.62 6.62 6.62 6.62 6.62 6.62 6.62 6.62 6.62 6.62 6.62 6.62 6.62 6.62 6.62 6.62 6.62 6.62 6.62 6.62 6.62 6.62 6.62 6.62 6.62 6.62 6.62 6.62 6.62 6.62 6.62 6.62 6.62 6.62 6.62 6.62 6.62 6.62 6.62 6.46 6.46 6.46 6.46 6.46 6.46 6.46 6.46 6.46 6.46 6.46 6.46 6.46 6.46 6.46 6.46 6.46 6.46 6.46 6.46 6.46 6.46 6.46 6.46 6.46 6.46 6.46 6.46 6.46 
6.46 6.46 6.46 6.46 6.46 6.46 6.46 6.46 6.46 6.46 6.46 6.62 6.62 6.62 6.62 6.62 6.62 6.62 6.62 6.62 6.62 6.62 6.62 6.62 6.62 6.62 6.62 6.62 6.62 6.62 6.62 6.62 6.62 6.62 6.62 6.62 6.62 6.62 6.62 6.62 6.62 6.62 6.62 6.62 6.62 6.62 6.62 6.62 6.62 6.62 6.62 6.62 6.62 6.62 6.62 6.62 6.62 6.62 6.62 6.62 6.62 6.62 6.62 6.62 6.62 6.62 6.62 6.62 6.62 6.62 6.62 6.46 6.46 6.46 6.46 6.46 6.46 6.46 6.46 6.46 6.46 6.46 6.46 6.46 6.46 6.46 6.46 6.46 6.46 6.46 6.46 6.46 6.46 6.46 6.46 6.46 6.46 6.46 6.46 6.46 
6.46 6.46 6.46 6.46 6.46 6.46 6.46 6.46 6.46 6.46 6.46 6.62 6.62 6.62 6.62 6.62 6.62 6.62 6.62 6.62 6.62 6.62 6.62 6.62 6.62 6.62 6.62 6.62 6.62 6.62 6.62 6.62 6.62 6.62 6.62 6.62 6.62 6.62 6.62 6.62 6.62 6.62 6.62 6.62 6.62 6.62 6.62 6.62 6.62 6.62 6.62 6.62 6.62 6.62 6.62 6.62 6.62 6.62 6.62 6.62 6.62 6.62 6.62 6.62 6.62 6.62 6.62 6.62 6.62 6.62 6.62 6.46 6.46 6.46 6.46 6.46 6.46 6.46 6.46 6.46 6.46 6.46 6.46 6.46 6.46 6.46 6.46 6.46 6.46 6.46 6.46 6.46 6.46 6.46 6.46 6.46 6.46 6.46 6.46 6.46 
6.46 6.46 6.46 6.46 6.46 6.46 6.46 6.46 6.46 6.46 6.46 6.62 6.62 6.62 6.62 6.62 6.62 6.62 6.62 6.62 6.62 6.62 6.62 6.62 6.62 6.62 6.62 6.62 6.62 6.62 6.62 6.62 6.62 6.62 6.62 6.62 6.62 6.62 6.62 6.62 6.62 6.62 6.62 6.62 6.62 6.62 6.62 6.62 6.62 6.62 6.62 6.62 6.62 6.62 6.62 6.62 6.62 6.62 6.62 6.62 6.62 6.62 6.62 6.62 6.62 6.62 6.62 6.62 6.62 6.62 6.62 6.46 6.46 6.46 6.46 6.46 6.46 6.46 6.46 6.46 6.46 6.46 6.46 6.46 6.46 6.46 6.46 6.46 6.46 6.46 6.46 6.46 6.46 6.46 6.46 6.46 6.46 6.46 6.46 6.46 
6.46 6.46 6.46 6.46 6.46 6.46 6.46 6.46 6.46 6.46 6.46 6.62 6.62 6.62 6.62 6.62 6.62 6.62 6.62 6.62 6.62 6.62 6.62 6.62 6.62 6.62 6.62 6.62 6.62 6.62 6.62 6.62 6.62 6.62 6.62 6.62 6.62 6.62 6.62 6.62 6.62 6.62 6.62 6.62 6.62 6.62 6.62 6.62 6.62 6.62 6.62 6.62 6.62 6.62 6.62 6.62 6.62 6.62 6.62 6.62 6.62 6.62 6.62 6.62 6.62 6.62 6.62 6.62 6.62 6.62 6.62 6.46 6.46 6.46 6.46 6.46 6.46 6.46 6.46 6.46 6.46 6.46 6.46 6.46 6.46 6.46 6.46 6.46 6.46 6.46 6.46 6.46 6.46 6.46 6.46 6.46 6.46 6.46 6.46 6.46 
6.46 6.46 6.46 6.46 6.46 6.46 6.46 6.46 6.46 6.46 6.46 6.62 6.62 6.62 6.62 6.62 6.62 6.62 6.62 6.62 6.62 6.62 6.62 6.62 6.62 6.62 6.62 6.62 6.62 6.62 6.62 6.62 6.62 6.62 6.62 6.62 6.62 6.62 6.62 6.62 6.62 6.62 6.62 6.62 6.62 6.62 6.62 6.62 6.62 6.62 6.62 6.62 6.62 6.62 6.62 6.62 6.62 6.62 6.62 6.62 6.62 6.62 6.62 6.62 6.62 6.62 6.62 6.62 6.62 6.62 6.62 6.46 6.46 6.46 6.46 6.46 6.46 6.46 6.46 6.46 6.46 6.46 6.46 6.46 6.46 6.46 6.46 6.46 6.46 6.46 6.46 6.46 6.46 6.46 6.46 6.46 6.46 6.46 6.46 6.46 
6.46 6.46 6.46 6.46 6.46 6.46 6.46 6.46 6.46 6.46 6.46 6.62 6.62 6.62 6.62 6.62 6.62 6.62 6.62 6.62 6.62 6.62 6.62 6.62 6.62 6.62 6.62 6.62 6.62 6.62 6.62 6.62 6.62 6.62 6.62 6.62 6.62 6.62 6.62 6.62 6.62 6.62 6.62 6.62 6.62 6.62 6.62 6.62 6.62 6.62 6.62 6.62 6.62 6.62 6.62 6.62 6.62 6.62 6.62 6.62 6.62 6.62 6.62 6.62 6.62 6.62 6.62 6.62 6.62 6.62 6.62 6.46 6.46 6.46 6.46 6.46 6.46 6.46 6.46 6.46 6.46 6.46 6.46 6.46 6.46 6.46 6.46 6.46 6.46 6.46 6.46 6.46 6.46 6.46 6.46 6.46 6.46 6.46 6.46 6.46 
6.46 6.46 6.46 6.46 6.46 6.46 6.46 6.46 6.46 6.46 6.46 6.62 6.62 6.62 6.62 6.62 6.62 6.62 6.62 6.62 6.62 6.62 6.62 6.62 6.62 6.62 6.62 6.62 6.62 6.62 6.62 6.62 6.62 6.62 6.62 6.62 6.62 6.62 6.62 6.62 6.62 6.62 6.62 6.62 6.62 6.62 6.62 6.62 6.62 6.62 6.62 6.62 6.62 6.62 6.62 6.62 6.62 6.62 6.62 6.62 6.62 6.62 6.62 6.62 6.62 6.62 6.62 6.62 6.62 6.62 6.62 6.46 6.46 6.46 6.46 6.46 6.46 6.46 6.46 6.46 6.46 6.46 6.46 6.46 6.46 6.46 6.46 6.46 6.46 6.46 6.46 6.46 6.46 6.46 6.46 6.46 6.46 6.46 6.46 6.46 
6.46 6.46 6.46 6.46 6.46 6.46 6.46 6.46 6.46 6.46 6.46 6.62 6.62 6.62 6.62 6.62 6.62 6.62 6.62 6.62 6.62 6.62 6.62 6.62 6.62 6.62 6.62 6.62 6.62 6.62 6.62 6.62 6.62 6.62 6.62 6.62 6.62 6.62 6.62 6.62 6.62 6.62 6.62 6.62 6.62 6.62 6.62 6.62 6.62 6.62 6.62 6.62 6.62 6.62 6.62 6.62 6.62 6.62 6.62 6.62 6.62 6.62 6.62 6.62 6.62 6.62 6.62 6.62 6.62 6.62 6.62 6.46 6.46 6.46 6.46 6.46 6.46 6.46 6.46 6.46 6.46 6.46 6.46 6.46 6.46 6.46 6.46 6.46 6.46 6.46 6.46 6.46 6.46 6.46 6.46 6.46 6.46 6.46 6.46 6.46 
6.46 6.46 6.46 6.46 6.46 6.46 6.46 6.46 6.46 6.46 6.46 6.62 6.62 6.62 6.62 6.62 6.62 6.62 6.62 6.62 6.62 6.62 6.62 6.62 6.62 6.62 6.62 6.62 6.62 6.62 6.62 6.62 6.62 6.62 6.62 6.62 6.62 6.62 6.62 6.62 6.62 6.62 6.62 6.62 6.62 6.62 6.62 6.62 6.62 6.62 6.62 6.62 6.62 6.62 6.62 6.62 6.62 6.62 6.62 6.62 6.62 6.62 6.62 6.62 6.62 6.62 6.62 6.62 6.62 6.62 6.62 6.46 6.46 6.46 6.46 6.46 6.46 6.46 6.46 6.46 6.46 6.46 6.46 6.46 6.46 6.46 6.46 6.46 6.46 6.46 6.46 6.46 6.46 6.46 6.46 6.46 6.46 6.46 6.46 6.46 
6.46 6.46 6.46 6.46 6.46 6.46 6.46 6.46 6.46 6.46 6.46 6.62 6.62 6.62 6.62 6.62 6.62 6.62 6.62 6.62 6.62 6.62 6.62 6.62 6.62 6.62 6.62 6.62 6.62 6.62 6.62 6.62 6.62 6.62 6.62 6.62 6.62 6.62 6.62 6.62 6.62 6.62 6.62 6.62 6.62 6.62 6.62 6.62 6.62 6.62 6.62 6.62 6.62 6.62 6.62 6.62 6.62 6.62 6.62 6.62 6.62 6.62 6.62 6.62 6.62 6.62 6.62 6.62 6.62 6.62 6.62 6.46 6.46 6.46 6.46 6.46 6.46 6.46 6.46 6.46 6.46 6.46 6.46 6.46 6.46 6.46 6.46 6.46 6.46 6.46 6.46 6.46 6.46 6.46 6.46 6.46 6.46 6.46 6.46 6.46 
6.46 6.46 6.46 6.46 6.46 6.46 6.46 6.46 6.46 6.46 6.46 6.62 6.62 6.62 6.62 6.62 6.62 6.62 6.62 6.62 6.62 6.62 6.62 6.62 6.62 6.62 6.62 6.62 6.62 6.62 6.62 6.62 6.62 6.62 6.62 6.62 6.62 6.62 6.62 6.62 6.62 6.62 6.62 6.62 6.62 6.62 6.62 6.62 6.62 6.62 6.62 6.62 6.62 6.62 6.62 6.62 6.62 6.62 6.62 6.62 6.62 6.62 6.62 6.62 6.62 6.62 6.62 6.62 6.62 6.62 6.62 6.46 6.46 6.46 6.46 6.46 6.46 6.46 6.46 6.46 6.46 6.46 6.46 6.46 6.46 6.46 6.46 6.46 6.46 6.46 6.46 6.46 6.46 6.46 6.46 6.46 6.46 6.46 6.46 6.46 
6.46 6.46 6.46 6.46 6.46 6.46 6.46 6.46 6.46 6.46 6.46 6.62 6.62 6.62 6.62 6.62 6.62 6.62 6.62 6.62 6.62 6.62 6.62 6.62 6.62 6.62 6.62 6.62 6.62 6.62 6.62 6.62 6.62 6.62 6.62 6.62 6.62 6.62 6.62 6.62 6.62 6.62 6.62 6.62 6.62 6.62 6.62 6.62 6.62 6.62 6.62 6.62 6.62 6.62 6.62 6.62 6.62 6.62 6.62 6.62 6.62 6.62 6.62 6.62 6.62 6.62 6.62 6.62 6.62 6.62 6.62 6.46 6.46 6.46 6.46 6.46 6.46 6.46 6.46 6.46 6.46 6.46 6.46 6.46 6.46 6.46 6.46 6.46 6.46 6.46 6.46 6.46 6.46 6.46 6.46 6.46 6.46 6.46 6.46 6.46 
6.46 6.46 6.46 6.46 6.46 6.46 6.46 6.46 6.46 6.46 6.46 6.62 6.62 6.62 6.62 6.62 6.62 6.62 6.62 6.62 6.62 6.62 6.62 6.62 6.62 6.62 6.62 6.62 6.62 6.62 6.62 6.62 6.62 6.62 6.62 6.62 6.62 6.62 6.62 6.62 6.62 6.62 6.62 6.62 6.62 6.62 6.62 6.62 6.62 6.62 6.62 6.62 6.62 6.62 6.62 6.62 6.62 6.62 6.62 6.62 6.62 6.62 6.62 6.62 6.62 6.62 6.62 6.62 6.62 6.62 6.62 6.46 6.46 6.46 6.46 6.46 6.46 6.46 6.46 6.46 6.46 6.46 6.46 6.46 6.46 6.46 6.46 6.46 6.46 6.46 6.46 6.46 6.46 6.46 6.46 6.46 6.46 6.46 6.46 6.46 
