ncols         100
nrows         100
xllcorner     -59982.863281
yllcorner     1851083.022172
cellsize      1000
NODATA_value  -9999
139.8 139.8 139.8 139.8 139.8 139.8 139.8 139.8 139.8 139.8 139.8 131.9 131.9 131.9 131.9 131.9 131.9 131.9 131.9 131.9 131.9 131.9 131.9 131.9 131.9 131.9 131.9 131.9 131.9 131.9 131.9 131.9 131.9 131.9 131.9 131.9 131.9 131.9 131.9 131.9 131.9 131.9 131.9 131.9 131.9 131.9 131.9 131.9 131.9 131.9 131.9 131.9 131.9 131.9 131.9 131.9 131.9 131.9 131.9 131.9 131.9 131.9 131.9 131.9 131.9 131.9 131.9 131.9 131.9 131.9 131.9 123.9 123.9 123.9 123.9 123.9 123.9 123.9 123.9 123.9 123.9 123.9 123.9 123.9 123.9 123.9 123.9 123.9 123.9 123.9 123.9 123.9 123.9 123.9 123.9 123.9 123.9 123.9 123.9 123.9 
139.8 139.8 139.8 139.8 139.8 139.8 139.8 139.8 139.8 139.8 139.8 131.9 131.9 131.9 131.9 131.9 131.9 131.9 131.9 131.9 131.9 131.9 131.9 131.9 131.9 131.9 131.9 131.9 131.9 131.9 131.9 131.9 131.9 131.9 131.9 131.9 131.9 131.9 131.9 131.9 131.9 131.9 131.9 131.9 131.9 131.9 131.9 131.9 131.9 131.9 131.9 131.9 131.9 131.9 131.9 131.9 131.9 131.9 131.9 131.9 131.9 131.9 131.9 131.9 131.9 131.9 131.9 131.9 131.9 131.9 131.9 123.9 123.9 123.9 123.9 123.9 123.9 123.9 123.9 123.9 123.9 123.9 123.9 123.9 123.9 123.9 123.9 123.9 123.9 123.9 123.9 123.9 123.9 123.9 123.9 123.9 123.9 123.9 123.9 123.9 
139.8 139.8 139.8 139.8 139.8 139.8 139.8 139.8 139.8 139.8 139.8 131.9 131.9 131.9 131.9 131.9 131.9 131.9 131.9 131.9 131.9 131.9 131.9 131.9 131.9 131.9 131.9 131.9 131.9 131.9 131.9 131.9 131.9 131.9 131.9 131.9 131.9 131.9 131.9 131.9 131.9 131.9 131.9 131.9 131.9 131.9 131.9 131.9 131.9 131.9 131.9 131.9 131.9 131.9 131.9 131.9 131.9 131.9 131.9 131.9 131.9 131.9 131.9 131.9 131.9 131.9 131.9 131.9 131.9 131.9 131.9 123.9 123.9 123.9 123.9 123.9 123.9 123.9 123.9 123.9 123.9 123.9 123.9 123.9 123.9 123.9 123.9 123.9 123.9 123.9 123.9 123.9 123.9 123.9 123.9 123.9 123.9 123.9 123.9 123.9 
139.8 139.8 139.8 139.8 139.8 139.8 139.8 139.8 139.8 139.8 139.8 131.9 131.9 131.9 131.9 131.9 131.9 131.9 131.9 131.9 131.9 131.9 131.9 131.9 131.9 131.9 131.9 131.9 131.9 131.9 131.9 131.9 131.9 131.9 131.9 131.9 131.9 131.9 131.9 131.9 131.9 131.9 131.9 131.9 131.9 131.9 131.9 131.9 131.9 131.9 131.9 131.9 131.9 131.9 131.9 131.9 131.9 131.9 131.9 131.9 131.9 131.9 131.9 131.9 131.9 131.9 131.9 131.9 131.9 131.9 131.9 123.9 123.9 123.9 123.9 123.9 123.9 123.9 123.9 123.9 123.9 123.9 123.9 123.9 123.9 123.9 123.9 123.9 123.9 123.9 123.9 123.9 123.9 123.9 123.9 123.9 123.9 123.9 123.9 123.9 
139.8 139.8 139.8 139.8 139.8 139.8 139.8 139.8 139.8 139.8 139.8 131.9 131.9 131.9 131.9 131.9 131.9 131.9 131.9 131.9 131.9 131.9 131.9 131.9 131.9 131.9 131.9 131.9 131.9 131.9 131.9 131.9 131.9 131.9 131.9 131.9 131.9 131.9 131.9 131.9 131.9 131.9 131.9 131.9 131.9 131.9 131.9 131.9 131.9 131.9 131.9 131.9 131.9 131.9 131.9 131.9 131.9 131.9 131.9 131.9 131.9 131.9 131.9 131.9 131.9 131.9 131.9 131.9 131.9 131.9 131.9 123.9 123.9 123.9 123.9 123.9 123.9 123.9 123.9 123.9 123.9 123.9 123.9 123.9 123.9 123.9 123.9 123.9 123.9 123.9 123.9 123.9 123.9 123.9 123.9 123.9 123.9 123.9 123.9 123.9 
139.8 139.8 139.8 139.8 139.8 139.8 139.8 139.8 139.8 139.8 139.8 131.9 131.9 131.9 131.9 131.9 131.9 131.9 131.9 131.9 131.9 131.9 131.9 131.9 131.9 131.9 131.9 131.9 131.9 131.9 131.9 131.9 131.9 131.9 131.9 131.9 131.9 131.9 131.9 131.9 131.9 131.9 131.9 131.9 131.9 131.9 131.9 131.9 131.9 131.9 131.9 131.9 131.9 131.9 131.9 131.9 131.9 131.9 131.9 131.9 131.9 131.9 131.9 131.9 131.9 131.9 131.9 131.9 131.9 131.9 131.9 123.9 123.9 123.9 123.9 123.9 123.9 123.9 123.9 123.9 123.9 123.9 123.9 123.9 123.9 123.9 123.9 123.9 123.9 123.9 123.9 123.9 123.9 123.9 123.9 123.9 123.9 123.9 123.9 123.9 
139.8 139.8 139.8 139.8 139.8 139.8 139.8 139.8 139.8 139.8 139.8 131.9 131.9 131.9 131.9 131.9 131.9 131.9 131.9 131.9 131.9 131.9 131.9 131.9 131.9 131.9 131.9 131.9 131.9 131.9 131.9 131.9 131.9 131.9 131.9 131.9 131.9 131.9 131.9 131.9 131.9 131.9 131.9 131.9 131.9 131.9 131.9 131.9 131.9 131.9 131.9 131.9 131.9 131.9 131.9 131.9 131.9 131.9 131.9 131.9 131.9 131.9 131.9 131.9 131.9 131.9 131.9 131.9 131.9 131.9 131.9 123.9 123.9 123.9 123.9 123.9 123.9 123.9 123.9 123.9 123.9 123.9 123.9 123.9 123.9 123.9 123.9 123.9 123.9 123.9 123.9 123.9 123.9 123.9 123.9 123.9 123.9 123.9 123.9 123.9 
139.8 139.8 139.8 139.8 139.8 139.8 139.8 139.8 139.8 139.8 139.8 131.9 131.9 131.9 131.9 131.9 131.9 131.9 131.9 131.9 131.9 131.9 131.9 131.9 131.9 131.9 131.9 131.9 131.9 131.9 131.9 131.9 131.9 131.9 131.9 131.9 131.9 131.9 131.9 131.9 131.9 131.9 131.9 131.9 131.9 131.9 131.9 131.9 131.9 131.9 131.9 131.9 131.9 131.9 131.9 131.9 131.9 131.9 131.9 131.9 131.9 131.9 131.9 131.9 131.9 131.9 131.9 131.9 131.9 131.9 131.9 123.9 123.9 123.9 123.9 123.9 123.9 123.9 123.9 123.9 123.9 123.9 123.9 123.9 123.9 123.9 123.9 123.9 123.9 123.9 123.9 123.9 123.9 123.9 123.9 123.9 123.9 123.9 123.9 123.9 
139.8 139.8 139.8 139.8 139.8 139.8 139.8 139.8 139.8 139.8 139.8 131.9 131.9 131.9 131.9 131.9 131.9 131.9 131.9 131.9 131.9 131.9 131.9 131.9 131.9 131.9 131.9 131.9 131.9 131.9 131.9 131.9 131.9 131.9 131.9 131.9 131.9 131.9 131.9 131.9 131.9 131.9 131.9 131.9 131.9 131.9 131.9 131.9 131.9 131.9 131.9 131.9 131.9 131.9 131.9 131.9 131.9 131.9 131.9 131.9 131.9 131.9 131.9 131.9 131.9 131.9 131.9 131.9 131.9 131.9 131.9 123.9 123.9 123.9 123.9 123.9 123.9 123.9 123.9 123.9 123.9 123.9 123.9 123.9 123.9 123.9 123.9 123.9 123.9 123.9 123.9 123.9 123.9 123.9 123.9 123.9 123.9 123.9 123.9 123.9 
150.4 150.4 150.4 150.4 150.4 150.4 150.4 150.4 150.4 150.4 150.4 148.4 148.4 148.4 148.4 148.4 148.4 148.4 148.4 148.4 148.4 148.4 148.4 148.4 148.4 148.4 148.4 148.4 148.4 148.4 148.4 148.4 148.4 148.4 148.4 148.4 148.4 148.4 148.4 148.4 148.4 148.4 148.4 148.4 148.4 148.4 148.4 148.4 148.4 148.4 148.4 148.4 148.4 148.4 148.4 148.4 148.4 148.4 148.4 148.4 148.4 148.4 148.4 148.4 148.4 148.4 148.4 148.4 148.4 148.4 148.4 138.8 138.8 138.8 138.8 138.8 138.8 138.8 138.8 138.8 138.8 138.8 138.8 138.8 138.8 138.8 138.8 138.8 138.8 138.8 138.8 138.8 138.8 138.8 138.8 138.8 138.8 138.8 138.8 138.8 
150.4 150.4 150.4 150.4 150.4 150.4 150.4 150.4 150.4 150.4 150.4 148.4 148.4 148.4 148.4 148.4 148.4 148.4 148.4 148.4 148.4 148.4 148.4 148.4 148.4 148.4 148.4 148.4 148.4 148.4 148.4 148.4 148.4 148.4 148.4 148.4 148.4 148.4 148.4 148.4 148.4 148.4 148.4 148.4 148.4 148.4 148.4 148.4 148.4 148.4 148.4 148.4 148.4 148.4 148.4 148.4 148.4 148.4 148.4 148.4 148.4 148.4 148.4 148.4 148.4 148.4 148.4 148.4 148.4 148.4 148.4 138.8 138.8 138.8 138.8 138.8 138.8 138.8 138.8 138.8 138.8 138.8 138.8 138.8 138.8 138.8 138.8 138.8 138.8 138.8 138.8 138.8 138.8 138.8 138.8 138.8 138.8 138.8 138.8 138.8 
150.4 150.4 150.4 150.4 150.4 150.4 150.4 150.4 150.4 150.4 150.4 148.4 148.4 148.4 148.4 148.4 148.4 148.4 148.4 148.4 148.4 148.4 148.4 148.4 148.4 148.4 148.4 148.4 148.4 148.4 148.4 148.4 148.4 148.4 148.4 148.4 148.4 148.4 148.4 148.4 148.4 148.4 148.4 148.4 148.4 148.4 148.4 148.4 148.4 148.4 148.4 148.4 148.4 148.4 148.4 148.4 148.4 148.4 148.4 148.4 148.4 148.4 148.4 148.4 148.4 148.4 148.4 148.4 148.4 148.4 148.4 138.8 138.8 138.8 138.8 138.8 138.8 138.8 138.8 138.8 138.8 138.8 138.8 138.8 138.8 138.8 138.8 138.8 138.8 138.8 138.8 138.8 138.8 138.8 138.8 138.8 138.8 138.8 138.8 138.8 
150.4 150.4 150.4 150.4 150.4 150.4 150.4 150.4 150.4 150.4 150.4 148.4 148.4 148.4 148.4 148.4 148.4 148.4 148.4 148.4 148.4 148.4 148.4 148.4 148.4 148.4 148.4 148.4 148.4 148.4 148.4 148.4 148.4 148.4 148.4 148.4 148.4 148.4 148.4 148.4 148.4 148.4 148.4 148.4 148.4 148.4 148.4 148.4 148.4 148.4 148.4 148.4 148.4 148.4 148.4 148.4 148.4 148.4 148.4 148.4 148.4 148.4 148.4 148.4 148.4 148.4 148.4 148.4 148.4 148.4 148.4 138.8 138.8 138.8 138.8 138.8 138.8 138.8 138.8 138.8 138.8 138.8 138.8 138.8 138.8 138.8 138.8 138.8 138.8 138.8 138.8 138.8 138.8 138.8 138.8 138.8 138.8 138.8 138.8 138.8 
150.4 150.4 150.4 150.4 150.4 150.4 150.4 150.4 150.4 150.4 150.4 148.4 148.4 148.4 148.4 148.4 148.4 148.4 148.4 148.4 148.4 148.4 148.4 148.4 148.4 148.4 148.4 148.4 148.4 148.4 148.4 148.4 148.4 148.4 148.4 148.4 148.4 148.4 148.4 148.4 148.4 148.4 148.4 148.4 148.4 148.4 148.4 148.4 148.4 148.4 148.4 148.4 148.4 148.4 148.4 148.4 148.4 148.4 148.4 148.4 148.4 148.4 148.4 148.4 148.4 148.4 148.4 148.4 148.4 148.4 148.4 138.8 138.8 138.8 138.8 138.8 138.8 138.8 138.8 138.8 138.8 138.8 138.8 138.8 138.8 138.8 138.8 138.8 138.8 138.8 138.8 138.8 138.8 138.8 138.8 138.8 138.8 138.8 138.8 138.8 
150.4 150.4 150.4 150.4 150.4 150.4 150.4 150.4 150.4 150.4 150.4 148.4 148.4 148.4 148.4 148.4 148.4 148.4 148.4 148.4 148.4 148.4 148.4 148.4 148.4 148.4 148.4 148.4 148.4 148.4 148.4 148.4 148.4 148.4 148.4 148.4 148.4 148.4 148.4 148.4 148.4 148.4 148.4 148.4 148.4 148.4 148.4 148.4 148.4 148.4 148.4 148.4 148.4 148.4 148.4 148.4 148.4 148.4 148.4 148.4 148.4 148.4 148.4 148.4 148.4 148.4 148.4 148.4 148.4 148.4 148.4 138.8 138.8 138.8 138.8 138.8 138.8 138.8 138.8 138.8 138.8 138.8 138.8 138.8 138.8 138.8 138.8 138.8 138.8 138.8 138.8 138.8 138.8 138.8 138.8 138.8 138.8 138.8 138.8 138.8 
150.4 150.4 150.4 150.4 150.4 150.4 150.4 150.4 150.4 150.4 150.4 148.4 148.4 148.4 148.4 148.4 148.4 148.4 148.4 148.4 148.4 148.4 148.4 148.4 148.4 148.4 148.4 148.4 148.4 148.4 148.4 148.4 148.4 148.4 148.4 148.4 148.4 148.4 148.4 148.4 148.4 148.4 148.4 148.4 148.4 148.4 148.4 148.4 148.4 148.4 148.4 148.4 148.4 148.4 148.4 148.4 148.4 148.4 148.4 148.4 148.4 148.4 148.4 148.4 148.4 148.4 148.4 148.4 148.4 148.4 148.4 138.8 138.8 138.8 138.8 138.8 138.8 138.8 138.8 138.8 138.8 138.8 138.8 138.8 138.8 138.8 138.8 138.8 138.8 138.8 138.8 138.8 138.8 138.8 138.8 138.8 138.8 138.8 138.8 138.8 
150.4 150.4 150.4 150.4 150.4 150.4 150.4 150.4 150.4 150.4 150.4 148.4 148.4 148.4 148.4 148.4 148.4 148.4 148.4 148.4 148.4 148.4 148.4 148.4 148.4 148.4 148.4 148.4 148.4 148.4 148.4 148.4 148.4 148.4 148.4 148.4 148.4 148.4 148.4 148.4 148.4 148.4 148.4 148.4 148.4 148.4 148.4 148.4 148.4 148.4 148.4 148.4 148.4 148.4 148.4 148.4 148.4 148.4 148.4 148.4 148.4 148.4 148.4 148.4 148.4 148.4 148.4 148.4 148.4 148.4 148.4 138.8 138.8 138.8 138.8 138.8 138.8 138.8 138.8 138.8 138.8 138.8 138.8 138.8 138.8 138.8 138.8 138.8 138.8 138.8 138.8 138.8 138.8 138.8 138.8 138.8 138.8 138.8 138.8 138.8 
150.4 150.4 150.4 150.4 150.4 150.4 150.4 150.4 150.4 150.4 150.4 148.4 148.4 148.4 148.4 148.4 148.4 148.4 148.4 148.4 148.4 148.4 148.4 148.4 148.4 148.4 148.4 148.4 148.4 148.4 148.4 148.4 148.4 148.4 148.4 148.4 148.4 148.4 148.4 148.4 148.4 148.4 148.4 148.4 148.4 148.4 148.4 148.4 148.4 148.4 148.4 148.4 148.4 148.4 148.4 148.4 148.4 148.4 148.4 148.4 148.4 148.4 148.4 148.4 148.4 148.4 148.4 148.4 148.4 148.4 148.4 138.8 138.8 138.8 138.8 138.8 138.8 138.8 138.8 138.8 138.8 138.8 138.8 138.8 138.8 138.8 138.8 138.8 138.8 138.8 138.8 138.8 138.8 138.8 138.8 138.8 138.8 138.8 138.8 138.8 
150.4 150.4 150.4 150.4 150.4 150.4 150.4 150.4 150.4 150.4 150.4 148.4 148.4 148.4 148.4 148.4 148.4 148.4 148.4 148.4 148.4 148.4 148.4 148.4 148.4 148.4 148.4 148.4 148.4 148.4 148.4 148.4 148.4 148.4 148.4 148.4 148.4 148.4 148.4 148.4 148.4 148.4 148.4 148.4 148.4 148.4 148.4 148.4 148.4 148.4 148.4 148.4 148.4 148.4 148.4 148.4 148.4 148.4 148.4 148.4 148.4 148.4 148.4 148.4 148.4 148.4 148.4 148.4 148.4 148.4 148.4 138.8 138.8 138.8 138.8 138.8 138.8 138.8 138.8 138.8 138.8 138.8 138.8 138.8 138.8 138.8 138.8 138.8 138.8 138.8 138.8 138.8 138.8 138.8 138.8 138.8 138.8 138.8 138.8 138.8 
150.4 150.4 150.4 150.4 150.4 150.4 150.4 150.4 150.4 150.4 150.4 148.4 148.4 148.4 148.4 148.4 148.4 148.4 148.4 148.4 148.4 148.4 148.4 148.4 148.4 148.4 148.4 148.4 148.4 148.4 148.4 148.4 148.4 148.4 148.4 148.4 148.4 148.4 148.4 148.4 148.4 148.4 148.4 148.4 148.4 148.4 148.4 148.4 148.4 148.4 148.4 148.4 148.4 148.4 148.4 148.4 148.4 148.4 148.4 148.4 148.4 148.4 148.4 148.4 148.4 148.4 148.4 148.4 148.4 148.4 148.4 138.8 138.8 138.8 138.8 138.8 138.8 138.8 138.8 138.8 138.8 138.8 138.8 138.8 138.8 138.8 138.8 138.8 138.8 138.8 138.8 138.8 138.8 138.8 138.8 138.8 138.8 138.8 138.8 138.8 
150.4 150.4 150.4 150.4 150.4 150.4 150.4 150.4 150.4 150.4 150.4 148.4 148.4 148.4 148.4 148.4 148.4 148.4 148.4 148.4 148.4 148.4 148.4 148.4 148.4 148.4 148.4 148.4 148.4 148.4 148.4 148.4 148.4 148.4 148.4 148.4 148.4 148.4 148.4 148.4 148.4 148.4 148.4 148.4 148.4 148.4 148.4 148.4 148.4 148.4 148.4 148.4 148.4 148.4 148.4 148.4 148.4 148.4 148.4 148.4 148.4 148.4 148.4 148.4 148.4 148.4 148.4 148.4 148.4 148.4 148.4 138.8 138.8 138.8 138.8 138.8 138.8 138.8 138.8 138.8 138.8 138.8 138.8 138.8 138.8 138.8 138.8 138.8 138.8 138.8 138.8 138.8 138.8 138.8 138.8 138.8 138.8 138.8 138.8 138.8 
150.4 150.4 150.4 150.4 150.4 150.4 150.4 150.4 150.4 150.4 150.4 148.4 148.4 148.4 148.4 148.4 148.4 148.4 148.4 148.4 148.4 148.4 148.4 148.4 148.4 148.4 148.4 148.4 148.4 148.4 148.4 148.4 148.4 148.4 148.4 148.4 148.4 148.4 148.4 148.4 148.4 148.4 148.4 148.4 148.4 148.4 148.4 148.4 148.4 148.4 148.4 148.4 148.4 148.4 148.4 148.4 148.4 148.4 148.4 148.4 148.4 148.4 148.4 148.4 148.4 148.4 148.4 148.4 148.4 148.4 148.4 138.8 138.8 138.8 138.8 138.8 138.8 138.8 138.8 138.8 138.8 138.8 138.8 138.8 138.8 138.8 138.8 138.8 138.8 138.8 138.8 138.8 138.8 138.8 138.8 138.8 138.8 138.8 138.8 138.8 
150.4 150.4 150.4 150.4 150.4 150.4 150.4 150.4 150.4 150.4 150.4 148.4 148.4 148.4 148.4 148.4 148.4 148.4 148.4 148.4 148.4 148.4 148.4 148.4 148.4 148.4 148.4 148.4 148.4 148.4 148.4 148.4 148.4 148.4 148.4 148.4 148.4 148.4 148.4 148.4 148.4 148.4 148.4 148.4 148.4 148.4 148.4 148.4 148.4 148.4 148.4 148.4 148.4 148.4 148.4 148.4 148.4 148.4 148.4 148.4 148.4 148.4 148.4 148.4 148.4 148.4 148.4 148.4 148.4 148.4 148.4 138.8 138.8 138.8 138.8 138.8 138.8 138.8 138.8 138.8 138.8 138.8 138.8 138.8 138.8 138.8 138.8 138.8 138.8 138.8 138.8 138.8 138.8 138.8 138.8 138.8 138.8 138.8 138.8 138.8 
150.4 150.4 150.4 150.4 150.4 150.4 150.4 150.4 150.4 150.4 150.4 148.4 148.4 148.4 148.4 148.4 148.4 148.4 148.4 148.4 148.4 148.4 148.4 148.4 148.4 148.4 148.4 148.4 148.4 148.4 148.4 148.4 148.4 148.4 148.4 148.4 148.4 148.4 148.4 148.4 148.4 148.4 148.4 148.4 148.4 148.4 148.4 148.4 148.4 148.4 148.4 148.4 148.4 148.4 148.4 148.4 148.4 148.4 148.4 148.4 148.4 148.4 148.4 148.4 148.4 148.4 148.4 148.4 148.4 148.4 148.4 138.8 138.8 138.8 138.8 138.8 138.8 138.8 138.8 138.8 138.8 138.8 138.8 138.8 138.8 138.8 138.8 138.8 138.8 138.8 138.8 138.8 138.8 138.8 138.8 138.8 138.8 138.8 138.8 138.8 
150.4 150.4 150.4 150.4 150.4 150.4 150.4 150.4 150.4 150.4 150.4 148.4 148.4 148.4 148.4 148.4 148.4 148.4 148.4 148.4 148.4 148.4 148.4 148.4 148.4 148.4 148.4 148.4 148.4 148.4 148.4 148.4 148.4 148.4 148.4 148.4 148.4 148.4 148.4 148.4 148.4 148.4 148.4 148.4 148.4 148.4 148.4 148.4 148.4 148.4 148.4 148.4 148.4 148.4 148.4 148.4 148.4 148.4 148.4 148.4 148.4 148.4 148.4 148.4 148.4 148.4 148.4 148.4 148.4 148.4 148.4 138.8 138.8 138.8 138.8 138.8 138.8 138.8 138.8 138.8 138.8 138.8 138.8 138.8 138.8 138.8 138.8 138.8 138.8 138.8 138.8 138.8 138.8 138.8 138.8 138.8 138.8 138.8 138.8 138.8 
150.4 150.4 150.4 150.4 150.4 150.4 150.4 150.4 150.4 150.4 150.4 148.4 148.4 148.4 148.4 148.4 148.4 148.4 148.4 148.4 148.4 148.4 148.4 148.4 148.4 148.4 148.4 148.4 148.4 148.4 148.4 148.4 148.4 148.4 148.4 148.4 148.4 148.4 148.4 148.4 148.4 148.4 148.4 148.4 148.4 148.4 148.4 148.4 148.4 148.4 148.4 148.4 148.4 148.4 148.4 148.4 148.4 148.4 148.4 148.4 148.4 148.4 148.4 148.4 148.4 148.4 148.4 148.4 148.4 148.4 148.4 138.8 138.8 138.8 138.8 138.8 138.8 138.8 138.8 138.8 138.8 138.8 138.8 138.8 138.8 138.8 138.8 138.8 138.8 138.8 138.8 138.8 138.8 138.8 138.8 138.8 138.8 138.8 138.8 138.8 
150.4 150.4 150.4 150.4 150.4 150.4 150.4 150.4 150.4 150.4 150.4 148.4 148.4 148.4 148.4 148.4 148.4 148.4 148.4 148.4 148.4 148.4 148.4 148.4 148.4 148.4 148.4 148.4 148.4 148.4 148.4 148.4 148.4 148.4 148.4 148.4 148.4 148.4 148.4 148.4 148.4 148.4 148.4 148.4 148.4 148.4 148.4 148.4 148.4 148.4 148.4 148.4 148.4 148.4 148.4 148.4 148.4 148.4 148.4 148.4 148.4 148.4 148.4 148.4 148.4 148.4 148.4 148.4 148.4 148.4 148.4 138.8 138.8 138.8 138.8 138.8 138.8 138.8 138.8 138.8 138.8 138.8 138.8 138.8 138.8 138.8 138.8 138.8 138.8 138.8 138.8 138.8 138.8 138.8 138.8 138.8 138.8 138.8 138.8 138.8 
150.4 150.4 150.4 150.4 150.4 150.4 150.4 150.4 150.4 150.4 150.4 148.4 148.4 148.4 148.4 148.4 148.4 148.4 148.4 148.4 148.4 148.4 148.4 148.4 148.4 148.4 148.4 148.4 148.4 148.4 148.4 148.4 148.4 148.4 148.4 148.4 148.4 148.4 148.4 148.4 148.4 148.4 148.4 148.4 148.4 148.4 148.4 148.4 148.4 148.4 148.4 148.4 148.4 148.4 148.4 148.4 148.4 148.4 148.4 148.4 148.4 148.4 148.4 148.4 148.4 148.4 148.4 148.4 148.4 148.4 148.4 138.8 138.8 138.8 138.8 138.8 138.8 138.8 138.8 138.8 138.8 138.8 138.8 138.8 138.8 138.8 138.8 138.8 138.8 138.8 138.8 138.8 138.8 138.8 138.8 138.8 138.8 138.8 138.8 138.8 
150.4 150.4 150.4 150.4 150.4 150.4 150.4 150.4 150.4 150.4 150.4 148.4 148.4 148.4 148.4 148.4 148.4 148.4 148.4 148.4 148.4 148.4 148.4 148.4 148.4 148.4 148.4 148.4 148.4 148.4 148.4 148.4 148.4 148.4 148.4 148.4 148.4 148.4 148.4 148.4 148.4 148.4 148.4 148.4 148.4 148.4 148.4 148.4 148.4 148.4 148.4 148.4 148.4 148.4 148.4 148.4 148.4 148.4 148.4 148.4 148.4 148.4 148.4 148.4 148.4 148.4 148.4 148.4 148.4 148.4 148.4 138.8 138.8 138.8 138.8 138.8 138.8 138.8 138.8 138.8 138.8 138.8 138.8 138.8 138.8 138.8 138.8 138.8 138.8 138.8 138.8 138.8 138.8 138.8 138.8 138.8 138.8 138.8 138.8 138.8 
150.4 150.4 150.4 150.4 150.4 150.4 150.4 150.4 150.4 150.4 150.4 148.4 148.4 148.4 148.4 148.4 148.4 148.4 148.4 148.4 148.4 148.4 148.4 148.4 148.4 148.4 148.4 148.4 148.4 148.4 148.4 148.4 148.4 148.4 148.4 148.4 148.4 148.4 148.4 148.4 148.4 148.4 148.4 148.4 148.4 148.4 148.4 148.4 148.4 148.4 148.4 148.4 148.4 148.4 148.4 148.4 148.4 148.4 148.4 148.4 148.4 148.4 148.4 148.4 148.4 148.4 148.4 148.4 148.4 148.4 148.4 138.8 138.8 138.8 138.8 138.8 138.8 138.8 138.8 138.8 138.8 138.8 138.8 138.8 138.8 138.8 138.8 138.8 138.8 138.8 138.8 138.8 138.8 138.8 138.8 138.8 138.8 138.8 138.8 138.8 
150.4 150.4 150.4 150.4 150.4 150.4 150.4 150.4 150.4 150.4 150.4 148.4 148.4 148.4 148.4 148.4 148.4 148.4 148.4 148.4 148.4 148.4 148.4 148.4 148.4 148.4 148.4 148.4 148.4 148.4 148.4 148.4 148.4 148.4 148.4 148.4 148.4 148.4 148.4 148.4 148.4 148.4 148.4 148.4 148.4 148.4 148.4 148.4 148.4 148.4 148.4 148.4 148.4 148.4 148.4 148.4 148.4 148.4 148.4 148.4 148.4 148.4 148.4 148.4 148.4 148.4 148.4 148.4 148.4 148.4 148.4 138.8 138.8 138.8 138.8 138.8 138.8 138.8 138.8 138.8 138.8 138.8 138.8 138.8 138.8 138.8 138.8 138.8 138.8 138.8 138.8 138.8 138.8 138.8 138.8 138.8 138.8 138.8 138.8 138.8 
150.4 150.4 150.4 150.4 150.4 150.4 150.4 150.4 150.4 150.4 150.4 148.4 148.4 148.4 148.4 148.4 148.4 148.4 148.4 148.4 148.4 148.4 148.4 148.4 148.4 148.4 148.4 148.4 148.4 148.4 148.4 148.4 148.4 148.4 148.4 148.4 148.4 148.4 148.4 148.4 148.4 148.4 148.4 148.4 148.4 148.4 148.4 148.4 148.4 148.4 148.4 148.4 148.4 148.4 148.4 148.4 148.4 148.4 148.4 148.4 148.4 148.4 148.4 148.4 148.4 148.4 148.4 148.4 148.4 148.4 148.4 138.8 138.8 138.8 138.8 138.8 138.8 138.8 138.8 138.8 138.8 138.8 138.8 138.8 138.8 138.8 138.8 138.8 138.8 138.8 138.8 138.8 138.8 138.8 138.8 138.8 138.8 138.8 138.8 138.8 
150.4 150.4 150.4 150.4 150.4 150.4 150.4 150.4 150.4 150.4 150.4 148.4 148.4 148.4 148.4 148.4 148.4 148.4 148.4 148.4 148.4 148.4 148.4 148.4 148.4 148.4 148.4 148.4 148.4 148.4 148.4 148.4 148.4 148.4 148.4 148.4 148.4 148.4 148.4 148.4 148.4 148.4 148.4 148.4 148.4 148.4 148.4 148.4 148.4 148.4 148.4 148.4 148.4 148.4 148.4 148.4 148.4 148.4 148.4 148.4 148.4 148.4 148.4 148.4 148.4 148.4 148.4 148.4 148.4 148.4 148.4 138.8 138.8 138.8 138.8 138.8 138.8 138.8 138.8 138.8 138.8 138.8 138.8 138.8 138.8 138.8 138.8 138.8 138.8 138.8 138.8 138.8 138.8 138.8 138.8 138.8 138.8 138.8 138.8 138.8 
150.4 150.4 150.4 150.4 150.4 150.4 150.4 150.4 150.4 150.4 150.4 148.4 148.4 148.4 148.4 148.4 148.4 148.4 148.4 148.4 148.4 148.4 148.4 148.4 148.4 148.4 148.4 148.4 148.4 148.4 148.4 148.4 148.4 148.4 148.4 148.4 148.4 148.4 148.4 148.4 148.4 148.4 148.4 148.4 148.4 148.4 148.4 148.4 148.4 148.4 148.4 148.4 148.4 148.4 148.4 148.4 148.4 148.4 148.4 148.4 148.4 148.4 148.4 148.4 148.4 148.4 148.4 148.4 148.4 148.4 148.4 138.8 138.8 138.8 138.8 138.8 138.8 138.8 138.8 138.8 138.8 138.8 138.8 138.8 138.8 138.8 138.8 138.8 138.8 138.8 138.8 138.8 138.8 138.8 138.8 138.8 138.8 138.8 138.8 138.8 
150.4 150.4 150.4 150.4 150.4 150.4 150.4 150.4 150.4 150.4 150.4 148.4 148.4 148.4 148.4 148.4 148.4 148.4 148.4 148.4 148.4 148.4 148.4 148.4 148.4 148.4 148.4 148.4 148.4 148.4 148.4 148.4 148.4 148.4 148.4 148.4 148.4 148.4 148.4 148.4 148.4 148.4 148.4 148.4 148.4 148.4 148.4 148.4 148.4 148.4 148.4 148.4 148.4 148.4 148.4 148.4 148.4 148.4 148.4 148.4 148.4 148.4 148.4 148.4 148.4 148.4 148.4 148.4 148.4 148.4 148.4 138.8 138.8 138.8 138.8 138.8 138.8 138.8 138.8 138.8 138.8 138.8 138.8 138.8 138.8 138.8 138.8 138.8 138.8 138.8 138.8 138.8 138.8 138.8 138.8 138.8 138.8 138.8 138.8 138.8 
150.4 150.4 150.4 150.4 150.4 150.4 150.4 150.4 150.4 150.4 150.4 148.4 148.4 148.4 148.4 148.4 148.4 148.4 148.4 148.4 148.4 148.4 148.4 148.4 148.4 148.4 148.4 148.4 148.4 148.4 148.4 148.4 148.4 148.4 148.4 148.4 148.4 148.4 148.4 148.4 148.4 148.4 148.4 148.4 148.4 148.4 148.4 148.4 148.4 148.4 148.4 148.4 148.4 148.4 148.4 148.4 148.4 148.4 148.4 148.4 148.4 148.4 148.4 148.4 148.4 148.4 148.4 148.4 148.4 148.4 148.4 138.8 138.8 138.8 138.8 138.8 138.8 138.8 138.8 138.8 138.8 138.8 138.8 138.8 138.8 138.8 138.8 138.8 138.8 138.8 138.8 138.8 138.8 138.8 138.8 138.8 138.8 138.8 138.8 138.8 
150.4 150.4 150.4 150.4 150.4 150.4 150.4 150.4 150.4 150.4 150.4 148.4 148.4 148.4 148.4 148.4 148.4 148.4 148.4 148.4 148.4 148.4 148.4 148.4 148.4 148.4 148.4 148.4 148.4 148.4 148.4 148.4 148.4 148.4 148.4 148.4 148.4 148.4 148.4 148.4 148.4 148.4 148.4 148.4 148.4 148.4 148.4 148.4 148.4 148.4 148.4 148.4 148.4 148.4 148.4 148.4 148.4 148.4 148.4 148.4 148.4 148.4 148.4 148.4 148.4 148.4 148.4 148.4 148.4 148.4 148.4 138.8 138.8 138.8 138.8 138.8 138.8 138.8 138.8 138.8 138.8 138.8 138.8 138.8 138.8 138.8 138.8 138.8 138.8 138.8 138.8 138.8 138.8 138.8 138.8 138.8 138.8 138.8 138.8 138.8 
150.4 150.4 150.4 150.4 150.4 150.4 150.4 150.4 150.4 150.4 150.4 148.4 148.4 148.4 148.4 148.4 148.4 148.4 148.4 148.4 148.4 148.4 148.4 148.4 148.4 148.4 148.4 148.4 148.4 148.4 148.4 148.4 148.4 148.4 148.4 148.4 148.4 148.4 148.4 148.4 148.4 148.4 148.4 148.4 148.4 148.4 148.4 148.4 148.4 148.4 148.4 148.4 148.4 148.4 148.4 148.4 148.4 148.4 148.4 148.4 148.4 148.4 148.4 148.4 148.4 148.4 148.4 148.4 148.4 148.4 148.4 138.8 138.8 138.8 138.8 138.8 138.8 138.8 138.8 138.8 138.8 138.8 138.8 138.8 138.8 138.8 138.8 138.8 138.8 138.8 138.8 138.8 138.8 138.8 138.8 138.8 138.8 138.8 138.8 138.8 
150.4 150.4 150.4 150.4 150.4 150.4 150.4 150.4 150.4 150.4 150.4 148.4 148.4 148.4 148.4 148.4 148.4 148.4 148.4 148.4 148.4 148.4 148.4 148.4 148.4 148.4 148.4 148.4 148.4 148.4 148.4 148.4 148.4 148.4 148.4 148.4 148.4 148.4 148.4 148.4 148.4 148.4 148.4 148.4 148.4 148.4 148.4 148.4 148.4 148.4 148.4 148.4 148.4 148.4 148.4 148.4 148.4 148.4 148.4 148.4 148.4 148.4 148.4 148.4 148.4 148.4 148.4 148.4 148.4 148.4 148.4 138.8 138.8 138.8 138.8 138.8 138.8 138.8 138.8 138.8 138.8 138.8 138.8 138.8 138.8 138.8 138.8 138.8 138.8 138.8 138.8 138.8 138.8 138.8 138.8 138.8 138.8 138.8 138.8 138.8 
150.4 150.4 150.4 150.4 150.4 150.4 150.4 150.4 150.4 150.4 150.4 148.4 148.4 148.4 148.4 148.4 148.4 148.4 148.4 148.4 148.4 148.4 148.4 148.4 148.4 148.4 148.4 148.4 148.4 148.4 148.4 148.4 148.4 148.4 148.4 148.4 148.4 148.4 148.4 148.4 148.4 148.4 148.4 148.4 148.4 148.4 148.4 148.4 148.4 148.4 148.4 148.4 148.4 148.4 148.4 148.4 148.4 148.4 148.4 148.4 148.4 148.4 148.4 148.4 148.4 148.4 148.4 148.4 148.4 148.4 148.4 138.8 138.8 138.8 138.8 138.8 138.8 138.8 138.8 138.8 138.8 138.8 138.8 138.8 138.8 138.8 138.8 138.8 138.8 138.8 138.8 138.8 138.8 138.8 138.8 138.8 138.8 138.8 138.8 138.8 
150.4 150.4 150.4 150.4 150.4 150.4 150.4 150.4 150.4 150.4 150.4 148.4 148.4 148.4 148.4 148.4 148.4 148.4 148.4 148.4 148.4 148.4 148.4 148.4 148.4 148.4 148.4 148.4 148.4 148.4 148.4 148.4 148.4 148.4 148.4 148.4 148.4 148.4 148.4 148.4 148.4 148.4 148.4 148.4 148.4 148.4 148.4 148.4 148.4 148.4 148.4 148.4 148.4 148.4 148.4 148.4 148.4 148.4 148.4 148.4 148.4 148.4 148.4 148.4 148.4 148.4 148.4 148.4 148.4 148.4 148.4 138.8 138.8 138.8 138.8 138.8 138.8 138.8 138.8 138.8 138.8 138.8 138.8 138.8 138.8 138.8 138.8 138.8 138.8 138.8 138.8 138.8 138.8 138.8 138.8 138.8 138.8 138.8 138.8 138.8 
150.4 150.4 150.4 150.4 150.4 150.4 150.4 150.4 150.4 150.4 150.4 148.4 148.4 148.4 148.4 148.4 148.4 148.4 148.4 148.4 148.4 148.4 148.4 148.4 148.4 148.4 148.4 148.4 148.4 148.4 148.4 148.4 148.4 148.4 148.4 148.4 148.4 148.4 148.4 148.4 148.4 148.4 148.4 148.4 148.4 148.4 148.4 148.4 148.4 148.4 148.4 148.4 148.4 148.4 148.4 148.4 148.4 148.4 148.4 148.4 148.4 148.4 148.4 148.4 148.4 148.4 148.4 148.4 148.4 148.4 148.4 138.8 138.8 138.8 138.8 138.8 138.8 138.8 138.8 138.8 138.8 138.8 138.8 138.8 138.8 138.8 138.8 138.8 138.8 138.8 138.8 138.8 138.8 138.8 138.8 138.8 138.8 138.8 138.8 138.8 
150.4 150.4 150.4 150.4 150.4 150.4 150.4 150.4 150.4 150.4 150.4 148.4 148.4 148.4 148.4 148.4 148.4 148.4 148.4 148.4 148.4 148.4 148.4 148.4 148.4 148.4 148.4 148.4 148.4 148.4 148.4 148.4 148.4 148.4 148.4 148.4 148.4 148.4 148.4 148.4 148.4 148.4 148.4 148.4 148.4 148.4 148.4 148.4 148.4 148.4 148.4 148.4 148.4 148.4 148.4 148.4 148.4 148.4 148.4 148.4 148.4 148.4 148.4 148.4 148.4 148.4 148.4 148.4 148.4 148.4 148.4 138.8 138.8 138.8 138.8 138.8 138.8 138.8 138.8 138.8 138.8 138.8 138.8 138.8 138.8 138.8 138.8 138.8 138.8 138.8 138.8 138.8 138.8 138.8 138.8 138.8 138.8 138.8 138.8 138.8 
150.4 150.4 150.4 150.4 150.4 150.4 150.4 150.4 150.4 150.4 150.4 148.4 148.4 148.4 148.4 148.4 148.4 148.4 148.4 148.4 148.4 148.4 148.4 148.4 148.4 148.4 148.4 148.4 148.4 148.4 148.4 148.4 148.4 148.4 148.4 148.4 148.4 148.4 148.4 148.4 148.4 148.4 148.4 148.4 148.4 148.4 148.4 148.4 148.4 148.4 148.4 148.4 148.4 148.4 148.4 148.4 148.4 148.4 148.4 148.4 148.4 148.4 148.4 148.4 148.4 148.4 148.4 148.4 148.4 148.4 148.4 138.8 138.8 138.8 138.8 138.8 138.8 138.8 138.8 138.8 138.8 138.8 138.8 138.8 138.8 138.8 138.8 138.8 138.8 138.8 138.8 138.8 138.8 138.8 138.8 138.8 138.8 138.8 138.8 138.8 
150.4 150.4 150.4 150.4 150.4 150.4 150.4 150.4 150.4 150.4 150.4 148.4 148.4 148.4 148.4 148.4 148.4 148.4 148.4 148.4 148.4 148.4 148.4 148.4 148.4 148.4 148.4 148.4 148.4 148.4 148.4 148.4 148.4 148.4 148.4 148.4 148.4 148.4 148.4 148.4 148.4 148.4 148.4 148.4 148.4 148.4 148.4 148.4 148.4 148.4 148.4 148.4 148.4 148.4 148.4 148.4 148.4 148.4 148.4 148.4 148.4 148.4 148.4 148.4 148.4 148.4 148.4 148.4 148.4 148.4 148.4 138.8 138.8 138.8 138.8 138.8 138.8 138.8 138.8 138.8 138.8 138.8 138.8 138.8 138.8 138.8 138.8 138.8 138.8 138.8 138.8 138.8 138.8 138.8 138.8 138.8 138.8 138.8 138.8 138.8 
150.4 150.4 150.4 150.4 150.4 150.4 150.4 150.4 150.4 150.4 150.4 148.4 148.4 148.4 148.4 148.4 148.4 148.4 148.4 148.4 148.4 148.4 148.4 148.4 148.4 148.4 148.4 148.4 148.4 148.4 148.4 148.4 148.4 148.4 148.4 148.4 148.4 148.4 148.4 148.4 148.4 148.4 148.4 148.4 148.4 148.4 148.4 148.4 148.4 148.4 148.4 148.4 148.4 148.4 148.4 148.4 148.4 148.4 148.4 148.4 148.4 148.4 148.4 148.4 148.4 148.4 148.4 148.4 148.4 148.4 148.4 138.8 138.8 138.8 138.8 138.8 138.8 138.8 138.8 138.8 138.8 138.8 138.8 138.8 138.8 138.8 138.8 138.8 138.8 138.8 138.8 138.8 138.8 138.8 138.8 138.8 138.8 138.8 138.8 138.8 
150.4 150.4 150.4 150.4 150.4 150.4 150.4 150.4 150.4 150.4 150.4 148.4 148.4 148.4 148.4 148.4 148.4 148.4 148.4 148.4 148.4 148.4 148.4 148.4 148.4 148.4 148.4 148.4 148.4 148.4 148.4 148.4 148.4 148.4 148.4 148.4 148.4 148.4 148.4 148.4 148.4 148.4 148.4 148.4 148.4 148.4 148.4 148.4 148.4 148.4 148.4 148.4 148.4 148.4 148.4 148.4 148.4 148.4 148.4 148.4 148.4 148.4 148.4 148.4 148.4 148.4 148.4 148.4 148.4 148.4 148.4 138.8 138.8 138.8 138.8 138.8 138.8 138.8 138.8 138.8 138.8 138.8 138.8 138.8 138.8 138.8 138.8 138.8 138.8 138.8 138.8 138.8 138.8 138.8 138.8 138.8 138.8 138.8 138.8 138.8 
150.4 150.4 150.4 150.4 150.4 150.4 150.4 150.4 150.4 150.4 150.4 148.4 148.4 148.4 148.4 148.4 148.4 148.4 148.4 148.4 148.4 148.4 148.4 148.4 148.4 148.4 148.4 148.4 148.4 148.4 148.4 148.4 148.4 148.4 148.4 148.4 148.4 148.4 148.4 148.4 148.4 148.4 148.4 148.4 148.4 148.4 148.4 148.4 148.4 148.4 148.4 148.4 148.4 148.4 148.4 148.4 148.4 148.4 148.4 148.4 148.4 148.4 148.4 148.4 148.4 148.4 148.4 148.4 148.4 148.4 148.4 138.8 138.8 138.8 138.8 138.8 138.8 138.8 138.8 138.8 138.8 138.8 138.8 138.8 138.8 138.8 138.8 138.8 138.8 138.8 138.8 138.8 138.8 138.8 138.8 138.8 138.8 138.8 138.8 138.8 
150.4 150.4 150.4 150.4 150.4 150.4 150.4 150.4 150.4 150.4 150.4 148.4 148.4 148.4 148.4 148.4 148.4 148.4 148.4 148.4 148.4 148.4 148.4 148.4 148.4 148.4 148.4 148.4 148.4 148.4 148.4 148.4 148.4 148.4 148.4 148.4 148.4 148.4 148.4 148.4 148.4 148.4 148.4 148.4 148.4 148.4 148.4 148.4 148.4 148.4 148.4 148.4 148.4 148.4 148.4 148.4 148.4 148.4 148.4 148.4 148.4 148.4 148.4 148.4 148.4 148.4 148.4 148.4 148.4 148.4 148.4 138.8 138.8 138.8 138.8 138.8 138.8 138.8 138.8 138.8 138.8 138.8 138.8 138.8 138.8 138.8 138.8 138.8 138.8 138.8 138.8 138.8 138.8 138.8 138.8 138.8 138.8 138.8 138.8 138.8 
150.4 150.4 150.4 150.4 150.4 150.4 150.4 150.4 150.4 150.4 150.4 148.4 148.4 148.4 148.4 148.4 148.4 148.4 148.4 148.4 148.4 148.4 148.4 148.4 148.4 148.4 148.4 148.4 148.4 148.4 148.4 148.4 148.4 148.4 148.4 148.4 148.4 148.4 148.4 148.4 148.4 148.4 148.4 148.4 148.4 148.4 148.4 148.4 148.4 148.4 148.4 148.4 148.4 148.4 148.4 148.4 148.4 148.4 148.4 148.4 148.4 148.4 148.4 148.4 148.4 148.4 148.4 148.4 148.4 148.4 148.4 138.8 138.8 138.8 138.8 138.8 138.8 138.8 138.8 138.8 138.8 138.8 138.8 138.8 138.8 138.8 138.8 138.8 138.8 138.8 138.8 138.8 138.8 138.8 138.8 138.8 138.8 138.8 138.8 138.8 
150.4 150.4 150.4 150.4 150.4 150.4 150.4 150.4 150.4 150.4 150.4 148.4 148.4 148.4 148.4 148.4 148.4 148.4 148.4 148.4 148.4 148.4 148.4 148.4 148.4 148.4 148.4 148.4 148.4 148.4 148.4 148.4 148.4 148.4 148.4 148.4 148.4 148.4 148.4 148.4 148.4 148.4 148.4 148.4 148.4 148.4 148.4 148.4 148.4 148.4 148.4 148.4 148.4 148.4 148.4 148.4 148.4 148.4 148.4 148.4 148.4 148.4 148.4 148.4 148.4 148.4 148.4 148.4 148.4 148.4 148.4 138.8 138.8 138.8 138.8 138.8 138.8 138.8 138.8 138.8 138.8 138.8 138.8 138.8 138.8 138.8 138.8 138.8 138.8 138.8 138.8 138.8 138.8 138.8 138.8 138.8 138.8 138.8 138.8 138.8 
150.4 150.4 150.4 150.4 150.4 150.4 150.4 150.4 150.4 150.4 150.4 148.4 148.4 148.4 148.4 148.4 148.4 148.4 148.4 148.4 148.4 148.4 148.4 148.4 148.4 148.4 148.4 148.4 148.4 148.4 148.4 148.4 148.4 148.4 148.4 148.4 148.4 148.4 148.4 148.4 148.4 148.4 148.4 148.4 148.4 148.4 148.4 148.4 148.4 148.4 148.4 148.4 148.4 148.4 148.4 148.4 148.4 148.4 148.4 148.4 148.4 148.4 148.4 148.4 148.4 148.4 148.4 148.4 148.4 148.4 148.4 138.8 138.8 138.8 138.8 138.8 138.8 138.8 138.8 138.8 138.8 138.8 138.8 138.8 138.8 138.8 138.8 138.8 138.8 138.8 138.8 138.8 138.8 138.8 138.8 138.8 138.8 138.8 138.8 138.8 
150.4 150.4 150.4 150.4 150.4 150.4 150.4 150.4 150.4 150.4 150.4 148.4 148.4 148.4 148.4 148.4 148.4 148.4 148.4 148.4 148.4 148.4 148.4 148.4 148.4 148.4 148.4 148.4 148.4 148.4 148.4 148.4 148.4 148.4 148.4 148.4 148.4 148.4 148.4 148.4 148.4 148.4 148.4 148.4 148.4 148.4 148.4 148.4 148.4 148.4 148.4 148.4 148.4 148.4 148.4 148.4 148.4 148.4 148.4 148.4 148.4 148.4 148.4 148.4 148.4 148.4 148.4 148.4 148.4 148.4 148.4 138.8 138.8 138.8 138.8 138.8 138.8 138.8 138.8 138.8 138.8 138.8 138.8 138.8 138.8 138.8 138.8 138.8 138.8 138.8 138.8 138.8 138.8 138.8 138.8 138.8 138.8 138.8 138.8 138.8 
150.4 150.4 150.4 150.4 150.4 150.4 150.4 150.4 150.4 150.4 150.4 148.4 148.4 148.4 148.4 148.4 148.4 148.4 148.4 148.4 148.4 148.4 148.4 148.4 148.4 148.4 148.4 148.4 148.4 148.4 148.4 148.4 148.4 148.4 148.4 148.4 148.4 148.4 148.4 148.4 148.4 148.4 148.4 148.4 148.4 148.4 148.4 148.4 148.4 148.4 148.4 148.4 148.4 148.4 148.4 148.4 148.4 148.4 148.4 148.4 148.4 148.4 148.4 148.4 148.4 148.4 148.4 148.4 148.4 148.4 148.4 138.8 138.8 138.8 138.8 138.8 138.8 138.8 138.8 138.8 138.8 138.8 138.8 138.8 138.8 138.8 138.8 138.8 138.8 138.8 138.8 138.8 138.8 138.8 138.8 138.8 138.8 138.8 138.8 138.8 
150.4 150.4 150.4 150.4 150.4 150.4 150.4 150.4 150.4 150.4 150.4 148.4 148.4 148.4 148.4 148.4 148.4 148.4 148.4 148.4 148.4 148.4 148.4 148.4 148.4 148.4 148.4 148.4 148.4 148.4 148.4 148.4 148.4 148.4 148.4 148.4 148.4 148.4 148.4 148.4 148.4 148.4 148.4 148.4 148.4 148.4 148.4 148.4 148.4 148.4 148.4 148.4 148.4 148.4 148.4 148.4 148.4 148.4 148.4 148.4 148.4 148.4 148.4 148.4 148.4 148.4 148.4 148.4 148.4 148.4 148.4 138.8 138.8 138.8 138.8 138.8 138.8 138.8 138.8 138.8 138.8 138.8 138.8 138.8 138.8 138.8 138.8 138.8 138.8 138.8 138.8 138.8 138.8 138.8 138.8 138.8 138.8 138.8 138.8 138.8 
150.4 150.4 150.4 150.4 150.4 150.4 150.4 150.4 150.4 150.4 150.4 148.4 148.4 148.4 148.4 148.4 148.4 148.4 148.4 148.4 148.4 148.4 148.4 148.4 148.4 148.4 148.4 148.4 148.4 148.4 148.4 148.4 148.4 148.4 148.4 148.4 148.4 148.4 148.4 148.4 148.4 148.4 148.4 148.4 148.4 148.4 148.4 148.4 148.4 148.4 148.4 148.4 148.4 148.4 148.4 148.4 148.4 148.4 148.4 148.4 148.4 148.4 148.4 148.4 148.4 148.4 148.4 148.4 148.4 148.4 148.4 138.8 138.8 138.8 138.8 138.8 138.8 138.8 138.8 138.8 138.8 138.8 138.8 138.8 138.8 138.8 138.8 138.8 138.8 138.8 138.8 138.8 138.8 138.8 138.8 138.8 138.8 138.8 138.8 138.8 
150.4 150.4 150.4 150.4 150.4 150.4 150.4 150.4 150.4 150.4 150.4 148.4 148.4 148.4 148.4 148.4 148.4 148.4 148.4 148.4 148.4 148.4 148.4 148.4 148.4 148.4 148.4 148.4 148.4 148.4 148.4 148.4 148.4 148.4 148.4 148.4 148.4 148.4 148.4 148.4 148.4 148.4 148.4 148.4 148.4 148.4 148.4 148.4 148.4 148.4 148.4 148.4 148.4 148.4 148.4 148.4 148.4 148.4 148.4 148.4 148.4 148.4 148.4 148.4 148.4 148.4 148.4 148.4 148.4 148.4 148.4 138.8 138.8 138.8 138.8 138.8 138.8 138.8 138.8 138.8 138.8 138.8 138.8 138.8 138.8 138.8 138.8 138.8 138.8 138.8 138.8 138.8 138.8 138.8 138.8 138.8 138.8 138.8 138.8 138.8 
150.4 150.4 150.4 150.4 150.4 150.4 150.4 150.4 150.4 150.4 150.4 148.4 148.4 148.4 148.4 148.4 148.4 148.4 148.4 148.4 148.4 148.4 148.4 148.4 148.4 148.4 148.4 148.4 148.4 148.4 148.4 148.4 148.4 148.4 148.4 148.4 148.4 148.4 148.4 148.4 148.4 148.4 148.4 148.4 148.4 148.4 148.4 148.4 148.4 148.4 148.4 148.4 148.4 148.4 148.4 148.4 148.4 148.4 148.4 148.4 148.4 148.4 148.4 148.4 148.4 148.4 148.4 148.4 148.4 148.4 148.4 138.8 138.8 138.8 138.8 138.8 138.8 138.8 138.8 138.8 138.8 138.8 138.8 138.8 138.8 138.8 138.8 138.8 138.8 138.8 138.8 138.8 138.8 138.8 138.8 138.8 138.8 138.8 138.8 138.8 
150.4 150.4 150.4 150.4 150.4 150.4 150.4 150.4 150.4 150.4 150.4 148.4 148.4 148.4 148.4 148.4 148.4 148.4 148.4 148.4 148.4 148.4 148.4 148.4 148.4 148.4 148.4 148.4 148.4 148.4 148.4 148.4 148.4 148.4 148.4 148.4 148.4 148.4 148.4 148.4 148.4 148.4 148.4 148.4 148.4 148.4 148.4 148.4 148.4 148.4 148.4 148.4 148.4 148.4 148.4 148.4 148.4 148.4 148.4 148.4 148.4 148.4 148.4 148.4 148.4 148.4 148.4 148.4 148.4 148.4 148.4 138.8 138.8 138.8 138.8 138.8 138.8 138.8 138.8 138.8 138.8 138.8 138.8 138.8 138.8 138.8 138.8 138.8 138.8 138.8 138.8 138.8 138.8 138.8 138.8 138.8 138.8 138.8 138.8 138.8 
150.4 150.4 150.4 150.4 150.4 150.4 150.4 150.4 150.4 150.4 150.4 148.4 148.4 148.4 148.4 148.4 148.4 148.4 148.4 148.4 148.4 148.4 148.4 148.4 148.4 148.4 148.4 148.4 148.4 148.4 148.4 148.4 148.4 148.4 148.4 148.4 148.4 148.4 148.4 148.4 148.4 148.4 148.4 148.4 148.4 148.4 148.4 148.4 148.4 148.4 148.4 148.4 148.4 148.4 148.4 148.4 148.4 148.4 148.4 148.4 148.4 148.4 148.4 148.4 148.4 148.4 148.4 148.4 148.4 148.4 148.4 138.8 138.8 138.8 138.8 138.8 138.8 138.8 138.8 138.8 138.8 138.8 138.8 138.8 138.8 138.8 138.8 138.8 138.8 138.8 138.8 138.8 138.8 138.8 138.8 138.8 138.8 138.8 138.8 138.8 
150.4 150.4 150.4 150.4 150.4 150.4 150.4 150.4 150.4 150.4 150.4 148.4 148.4 148.4 148.4 148.4 148.4 148.4 148.4 148.4 148.4 148.4 148.4 148.4 148.4 148.4 148.4 148.4 148.4 148.4 148.4 148.4 148.4 148.4 148.4 148.4 148.4 148.4 148.4 148.4 148.4 148.4 148.4 148.4 148.4 148.4 148.4 148.4 148.4 148.4 148.4 148.4 148.4 148.4 148.4 148.4 148.4 148.4 148.4 148.4 148.4 148.4 148.4 148.4 148.4 148.4 148.4 148.4 148.4 148.4 148.4 138.8 138.8 138.8 138.8 138.8 138.8 138.8 138.8 138.8 138.8 138.8 138.8 138.8 138.8 138.8 138.8 138.8 138.8 138.8 138.8 138.8 138.8 138.8 138.8 138.8 138.8 138.8 138.8 138.8 
150.4 150.4 150.4 150.4 150.4 150.4 150.4 150.4 150.4 150.4 150.4 148.4 148.4 148.4 148.4 148.4 148.4 148.4 148.4 148.4 148.4 148.4 148.4 148.4 148.4 148.4 148.4 148.4 148.4 148.4 148.4 148.4 148.4 148.4 148.4 148.4 148.4 148.4 148.4 148.4 148.4 148.4 148.4 148.4 148.4 148.4 148.4 148.4 148.4 148.4 148.4 148.4 148.4 148.4 148.4 148.4 148.4 148.4 148.4 148.4 148.4 148.4 148.4 148.4 148.4 148.4 148.4 148.4 148.4 148.4 148.4 138.8 138.8 138.8 138.8 138.8 138.8 138.8 138.8 138.8 138.8 138.8 138.8 138.8 138.8 138.8 138.8 138.8 138.8 138.8 138.8 138.8 138.8 138.8 138.8 138.8 138.8 138.8 138.8 138.8 
150.4 150.4 150.4 150.4 150.4 150.4 150.4 150.4 150.4 150.4 150.4 148.4 148.4 148.4 148.4 148.4 148.4 148.4 148.4 148.4 148.4 148.4 148.4 148.4 148.4 148.4 148.4 148.4 148.4 148.4 148.4 148.4 148.4 148.4 148.4 148.4 148.4 148.4 148.4 148.4 148.4 148.4 148.4 148.4 148.4 148.4 148.4 148.4 148.4 148.4 148.4 148.4 148.4 148.4 148.4 148.4 148.4 148.4 148.4 148.4 148.4 148.4 148.4 148.4 148.4 148.4 148.4 148.4 148.4 148.4 148.4 138.8 138.8 138.8 138.8 138.8 138.8 138.8 138.8 138.8 138.8 138.8 138.8 138.8 138.8 138.8 138.8 138.8 138.8 138.8 138.8 138.8 138.8 138.8 138.8 138.8 138.8 138.8 138.8 138.8 
150.4 150.4 150.4 150.4 150.4 150.4 150.4 150.4 150.4 150.4 150.4 148.4 148.4 148.4 148.4 148.4 148.4 148.4 148.4 148.4 148.4 148.4 148.4 148.4 148.4 148.4 148.4 148.4 148.4 148.4 148.4 148.4 148.4 148.4 148.4 148.4 148.4 148.4 148.4 148.4 148.4 148.4 148.4 148.4 148.4 148.4 148.4 148.4 148.4 148.4 148.4 148.4 148.4 148.4 148.4 148.4 148.4 148.4 148.4 148.4 148.4 148.4 148.4 148.4 148.4 148.4 148.4 148.4 148.4 148.4 148.4 138.8 138.8 138.8 138.8 138.8 138.8 138.8 138.8 138.8 138.8 138.8 138.8 138.8 138.8 138.8 138.8 138.8 138.8 138.8 138.8 138.8 138.8 138.8 138.8 138.8 138.8 138.8 138.8 138.8 
150.4 150.4 150.4 150.4 150.4 150.4 150.4 150.4 150.4 150.4 150.4 148.4 148.4 148.4 148.4 148.4 148.4 148.4 148.4 148.4 148.4 148.4 148.4 148.4 148.4 148.4 148.4 148.4 148.4 148.4 148.4 148.4 148.4 148.4 148.4 148.4 148.4 148.4 148.4 148.4 148.4 148.4 148.4 148.4 148.4 148.4 148.4 148.4 148.4 148.4 148.4 148.4 148.4 148.4 148.4 148.4 148.4 148.4 148.4 148.4 148.4 148.4 148.4 148.4 148.4 148.4 148.4 148.4 148.4 148.4 148.4 138.8 138.8 138.8 138.8 138.8 138.8 138.8 138.8 138.8 138.8 138.8 138.8 138.8 138.8 138.8 138.8 138.8 138.8 138.8 138.8 138.8 138.8 138.8 138.8 138.8 138.8 138.8 138.8 138.8 
150.4 150.4 150.4 150.4 150.4 150.4 150.4 150.4 150.4 150.4 150.4 148.4 148.4 148.4 148.4 148.4 148.4 148.4 148.4 148.4 148.4 148.4 148.4 148.4 148.4 148.4 148.4 148.4 148.4 148.4 148.4 148.4 148.4 148.4 148.4 148.4 148.4 148.4 148.4 148.4 148.4 148.4 148.4 148.4 148.4 148.4 148.4 148.4 148.4 148.4 148.4 148.4 148.4 148.4 148.4 148.4 148.4 148.4 148.4 148.4 148.4 148.4 148.4 148.4 148.4 148.4 148.4 148.4 148.4 148.4 148.4 138.8 138.8 138.8 138.8 138.8 138.8 138.8 138.8 138.8 138.8 138.8 138.8 138.8 138.8 138.8 138.8 138.8 138.8 138.8 138.8 138.8 138.8 138.8 138.8 138.8 138.8 138.8 138.8 138.8 
150.4 150.4 150.4 150.4 150.4 150.4 150.4 150.4 150.4 150.4 150.4 148.4 148.4 148.4 148.4 148.4 148.4 148.4 148.4 148.4 148.4 148.4 148.4 148.4 148.4 148.4 148.4 148.4 148.4 148.4 148.4 148.4 148.4 148.4 148.4 148.4 148.4 148.4 148.4 148.4 148.4 148.4 148.4 148.4 148.4 148.4 148.4 148.4 148.4 148.4 148.4 148.4 148.4 148.4 148.4 148.4 148.4 148.4 148.4 148.4 148.4 148.4 148.4 148.4 148.4 148.4 148.4 148.4 148.4 148.4 148.4 138.8 138.8 138.8 138.8 138.8 138.8 138.8 138.8 138.8 138.8 138.8 138.8 138.8 138.8 138.8 138.8 138.8 138.8 138.8 138.8 138.8 138.8 138.8 138.8 138.8 138.8 138.8 138.8 138.8 
150.4 150.4 150.4 150.4 150.4 150.4 150.4 150.4 150.4 150.4 150.4 148.4 148.4 148.4 148.4 148.4 148.4 148.4 148.4 148.4 148.4 148.4 148.4 148.4 148.4 148.4 148.4 148.4 148.4 148.4 148.4 148.4 148.4 148.4 148.4 148.4 148.4 148.4 148.4 148.4 148.4 148.4 148.4 148.4 148.4 148.4 148.4 148.4 148.4 148.4 148.4 148.4 148.4 148.4 148.4 148.4 148.4 148.4 148.4 148.4 148.4 148.4 148.4 148.4 148.4 148.4 148.4 148.4 148.4 148.4 148.4 138.8 138.8 138.8 138.8 138.8 138.8 138.8 138.8 138.8 138.8 138.8 138.8 138.8 138.8 138.8 138.8 138.8 138.8 138.8 138.8 138.8 138.8 138.8 138.8 138.8 138.8 138.8 138.8 138.8 
150.4 150.4 150.4 150.4 150.4 150.4 150.4 150.4 150.4 150.4 150.4 148.4 148.4 148.4 148.4 148.4 148.4 148.4 148.4 148.4 148.4 148.4 148.4 148.4 148.4 148.4 148.4 148.4 148.4 148.4 148.4 148.4 148.4 148.4 148.4 148.4 148.4 148.4 148.4 148.4 148.4 148.4 148.4 148.4 148.4 148.4 148.4 148.4 148.4 148.4 148.4 148.4 148.4 148.4 148.4 148.4 148.4 148.4 148.4 148.4 148.4 148.4 148.4 148.4 148.4 148.4 148.4 148.4 148.4 148.4 148.4 138.8 138.8 138.8 138.8 138.8 138.8 138.8 138.8 138.8 138.8 138.8 138.8 138.8 138.8 138.8 138.8 138.8 138.8 138.8 138.8 138.8 138.8 138.8 138.8 138.8 138.8 138.8 138.8 138.8 
190.9 190.9 190.9 190.9 190.9 190.9 190.9 190.9 190.9 190.9 190.9 188.3 188.3 188.3 188.3 188.3 188.3 188.3 188.3 188.3 188.3 188.3 188.3 188.3 188.3 188.3 188.3 188.3 188.3 188.3 188.3 188.3 188.3 188.3 188.3 188.3 188.3 188.3 188.3 188.3 188.3 188.3 188.3 188.3 188.3 188.3 188.3 188.3 188.3 188.3 188.3 188.3 188.3 188.3 188.3 188.3 188.3 188.3 188.3 188.3 188.3 188.3 188.3 188.3 188.3 188.3 188.3 188.3 188.3 188.3 188.3 170.3 170.3 170.3 170.3 170.3 170.3 170.3 170.3 170.3 170.3 170.3 170.3 170.3 170.3 170.3 170.3 170.3 170.3 170.3 170.3 170.3 170.3 170.3 170.3 170.3 170.3 170.3 170.3 170.3 
190.9 190.9 190.9 190.9 190.9 190.9 190.9 190.9 190.9 190.9 190.9 188.3 188.3 188.3 188.3 188.3 188.3 188.3 188.3 188.3 188.3 188.3 188.3 188.3 188.3 188.3 188.3 188.3 188.3 188.3 188.3 188.3 188.3 188.3 188.3 188.3 188.3 188.3 188.3 188.3 188.3 188.3 188.3 188.3 188.3 188.3 188.3 188.3 188.3 188.3 188.3 188.3 188.3 188.3 188.3 188.3 188.3 188.3 188.3 188.3 188.3 188.3 188.3 188.3 188.3 188.3 188.3 188.3 188.3 188.3 188.3 170.3 170.3 170.3 170.3 170.3 170.3 170.3 170.3 170.3 170.3 170.3 170.3 170.3 170.3 170.3 170.3 170.3 170.3 170.3 170.3 170.3 170.3 170.3 170.3 170.3 170.3 170.3 170.3 170.3 
190.9 190.9 190.9 190.9 190.9 190.9 190.9 190.9 190.9 190.9 190.9 188.3 188.3 188.3 188.3 188.3 188.3 188.3 188.3 188.3 188.3 188.3 188.3 188.3 188.3 188.3 188.3 188.3 188.3 188.3 188.3 188.3 188.3 188.3 188.3 188.3 188.3 188.3 188.3 188.3 188.3 188.3 188.3 188.3 188.3 188.3 188.3 188.3 188.3 188.3 188.3 188.3 188.3 188.3 188.3 188.3 188.3 188.3 188.3 188.3 188.3 188.3 188.3 188.3 188.3 188.3 188.3 188.3 188.3 188.3 188.3 170.3 170.3 170.3 170.3 170.3 170.3 170.3 170.3 170.3 170.3 170.3 170.3 170.3 170.3 170.3 170.3 170.3 170.3 170.3 170.3 170.3 170.3 170.3 170.3 170.3 170.3 170.3 170.3 170.3 
190.9 190.9 190.9 190.9 190.9 190.9 190.9 190.9 190.9 190.9 190.9 188.3 188.3 188.3 188.3 188.3 188.3 188.3 188.3 188.3 188.3 188.3 188.3 188.3 188.3 188.3 188.3 188.3 188.3 188.3 188.3 188.3 188.3 188.3 188.3 188.3 188.3 188.3 188.3 188.3 188.3 188.3 188.3 188.3 188.3 188.3 188.3 188.3 188.3 188.3 188.3 188.3 188.3 188.3 188.3 188.3 188.3 188.3 188.3 188.3 188.3 188.3 188.3 188.3 188.3 188.3 188.3 188.3 188.3 188.3 188.3 170.3 170.3 170.3 170.3 170.3 170.3 170.3 170.3 170.3 170.3 170.3 170.3 170.3 170.3 170.3 170.3 170.3 170.3 170.3 170.3 170.3 170.3 170.3 170.3 170.3 170.3 170.3 170.3 170.3 
190.9 190.9 190.9 190.9 190.9 190.9 190.9 190.9 190.9 190.9 190.9 188.3 188.3 188.3 188.3 188.3 188.3 188.3 188.3 188.3 188.3 188.3 188.3 188.3 188.3 188.3 188.3 188.3 188.3 188.3 188.3 188.3 188.3 188.3 188.3 188.3 188.3 188.3 188.3 188.3 188.3 188.3 188.3 188.3 188.3 188.3 188.3 188.3 188.3 188.3 188.3 188.3 188.3 188.3 188.3 188.3 188.3 188.3 188.3 188.3 188.3 188.3 188.3 188.3 188.3 188.3 188.3 188.3 188.3 188.3 188.3 170.3 170.3 170.3 170.3 170.3 170.3 170.3 170.3 170.3 170.3 170.3 170.3 170.3 170.3 170.3 170.3 170.3 170.3 170.3 170.3 170.3 170.3 170.3 170.3 170.3 170.3 170.3 170.3 170.3 
190.9 190.9 190.9 190.9 190.9 190.9 190.9 190.9 190.9 190.9 190.9 188.3 188.3 188.3 188.3 188.3 188.3 188.3 188.3 188.3 188.3 188.3 188.3 188.3 188.3 188.3 188.3 188.3 188.3 188.3 188.3 188.3 188.3 188.3 188.3 188.3 188.3 188.3 188.3 188.3 188.3 188.3 188.3 188.3 188.3 188.3 188.3 188.3 188.3 188.3 188.3 188.3 188.3 188.3 188.3 188.3 188.3 188.3 188.3 188.3 188.3 188.3 188.3 188.3 188.3 188.3 188.3 188.3 188.3 188.3 188.3 170.3 170.3 170.3 170.3 170.3 170.3 170.3 170.3 170.3 170.3 170.3 170.3 170.3 170.3 170.3 170.3 170.3 170.3 170.3 170.3 170.3 170.3 170.3 170.3 170.3 170.3 170.3 170.3 170.3 
190.9 190.9 190.9 190.9 190.9 190.9 190.9 190.9 190.9 190.9 190.9 188.3 188.3 188.3 188.3 188.3 188.3 188.3 188.3 188.3 188.3 188.3 188.3 188.3 188.3 188.3 188.3 188.3 188.3 188.3 188.3 188.3 188.3 188.3 188.3 188.3 188.3 188.3 188.3 188.3 188.3 188.3 188.3 188.3 188.3 188.3 188.3 188.3 188.3 188.3 188.3 188.3 188.3 188.3 188.3 188.3 188.3 188.3 188.3 188.3 188.3 188.3 188.3 188.3 188.3 188.3 188.3 188.3 188.3 188.3 188.3 170.3 170.3 170.3 170.3 170.3 170.3 170.3 170.3 170.3 170.3 170.3 170.3 170.3 170.3 170.3 170.3 170.3 170.3 170.3 170.3 170.3 170.3 170.3 170.3 170.3 170.3 170.3 170.3 170.3 
190.9 190.9 190.9 190.9 190.9 190.9 190.9 190.9 190.9 190.9 190.9 188.3 188.3 188.3 188.3 188.3 188.3 188.3 188.3 188.3 188.3 188.3 188.3 188.3 188.3 188.3 188.3 188.3 188.3 188.3 188.3 188.3 188.3 188.3 188.3 188.3 188.3 188.3 188.3 188.3 188.3 188.3 188.3 188.3 188.3 188.3 188.3 188.3 188.3 188.3 188.3 188.3 188.3 188.3 188.3 188.3 188.3 188.3 188.3 188.3 188.3 188.3 188.3 188.3 188.3 188.3 188.3 188.3 188.3 188.3 188.3 170.3 170.3 170.3 170.3 170.3 170.3 170.3 170.3 170.3 170.3 170.3 170.3 170.3 170.3 170.3 170.3 170.3 170.3 170.3 170.3 170.3 170.3 170.3 170.3 170.3 170.3 170.3 170.3 170.3 
190.9 190.9 190.9 190.9 190.9 190.9 190.9 190.9 190.9 190.9 190.9 188.3 188.3 188.3 188.3 188.3 188.3 188.3 188.3 188.3 188.3 188.3 188.3 188.3 188.3 188.3 188.3 188.3 188.3 188.3 188.3 188.3 188.3 188.3 188.3 188.3 188.3 188.3 188.3 188.3 188.3 188.3 188.3 188.3 188.3 188.3 188.3 188.3 188.3 188.3 188.3 188.3 188.3 188.3 188.3 188.3 188.3 188.3 188.3 188.3 188.3 188.3 188.3 188.3 188.3 188.3 188.3 188.3 188.3 188.3 188.3 170.3 170.3 170.3 170.3 170.3 170.3 170.3 170.3 170.3 170.3 170.3 170.3 170.3 170.3 170.3 170.3 170.3 170.3 170.3 170.3 170.3 170.3 170.3 170.3 170.3 170.3 170.3 170.3 170.3 
190.9 190.9 190.9 190.9 190.9 190.9 190.9 190.9 190.9 190.9 190.9 188.3 188.3 188.3 188.3 188.3 188.3 188.3 188.3 188.3 188.3 188.3 188.3 188.3 188.3 188.3 188.3 188.3 188.3 188.3 188.3 188.3 188.3 188.3 188.3 188.3 188.3 188.3 188.3 188.3 188.3 188.3 188.3 188.3 188.3 188.3 188.3 188.3 188.3 188.3 188.3 188.3 188.3 188.3 188.3 188.3 188.3 188.3 188.3 188.3 188.3 188.3 188.3 188.3 188.3 188.3 188.3 188.3 188.3 188.3 188.3 170.3 170.3 170.3 170.3 170.3 170.3 170.3 170.3 170.3 170.3 170.3 170.3 170.3 170.3 170.3 170.3 170.3 170.3 170.3 170.3 170.3 170.3 170.3 170.3 170.3 170.3 170.3 170.3 170.3 
190.9 190.9 190.9 190.9 190.9 190.9 190.9 190.9 190.9 190.9 190.9 188.3 188.3 188.3 188.3 188.3 188.3 188.3 188.3 188.3 188.3 188.3 188.3 188.3 188.3 188.3 188.3 188.3 188.3 188.3 188.3 188.3 188.3 188.3 188.3 188.3 188.3 188.3 188.3 188.3 188.3 188.3 188.3 188.3 188.3 188.3 188.3 188.3 188.3 188.3 188.3 188.3 188.3 188.3 188.3 188.3 188.3 188.3 188.3 188.3 188.3 188.3 188.3 188.3 188.3 188.3 188.3 188.3 188.3 188.3 188.3 170.3 170.3 170.3 170.3 170.3 170.3 170.3 170.3 170.3 170.3 170.3 170.3 170.3 170.3 170.3 170.3 170.3 170.3 170.3 170.3 170.3 170.3 170.3 170.3 170.3 170.3 170.3 170.3 170.3 
190.9 190.9 190.9 190.9 190.9 190.9 190.9 190.9 190.9 190.9 190.9 188.3 188.3 188.3 188.3 188.3 188.3 188.3 188.3 188.3 188.3 188.3 188.3 188.3 188.3 188.3 188.3 188.3 188.3 188.3 188.3 188.3 188.3 188.3 188.3 188.3 188.3 188.3 188.3 188.3 188.3 188.3 188.3 188.3 188.3 188.3 188.3 188.3 188.3 188.3 188.3 188.3 188.3 188.3 188.3 188.3 188.3 188.3 188.3 188.3 188.3 188.3 188.3 188.3 188.3 188.3 188.3 188.3 188.3 188.3 188.3 170.3 170.3 170.3 170.3 170.3 170.3 170.3 170.3 170.3 170.3 170.3 170.3 170.3 170.3 170.3 170.3 170.3 170.3 170.3 170.3 170.3 170.3 170.3 170.3 170.3 170.3 170.3 170.3 170.3 
190.9 190.9 190.9 190.9 190.9 190.9 190.9 190.9 190.9 190.9 190.9 188.3 188.3 188.3 188.3 188.3 188.3 188.3 188.3 188.3 188.3 188.3 188.3 188.3 188.3 188.3 188.3 188.3 188.3 188.3 188.3 188.3 188.3 188.3 188.3 188.3 188.3 188.3 188.3 188.3 188.3 188.3 188.3 188.3 188.3 188.3 188.3 188.3 188.3 188.3 188.3 188.3 188.3 188.3 188.3 188.3 188.3 188.3 188.3 188.3 188.3 188.3 188.3 188.3 188.3 188.3 188.3 188.3 188.3 188.3 188.3 170.3 170.3 170.3 170.3 170.3 170.3 170.3 170.3 170.3 170.3 170.3 170.3 170.3 170.3 170.3 170.3 170.3 170.3 170.3 170.3 170.3 170.3 170.3 170.3 170.3 170.3 170.3 170.3 170.3 
190.9 190.9 190.9 190.9 190.9 190.9 190.9 190.9 190.9 190.9 190.9 188.3 188.3 188.3 188.3 188.3 188.3 188.3 188.3 188.3 188.3 188.3 188.3 188.3 188.3 188.3 188.3 188.3 188.3 188.3 188.3 188.3 188.3 188.3 188.3 188.3 188.3 188.3 188.3 188.3 188.3 188.3 188.3 188.3 188.3 188.3 188.3 188.3 188.3 188.3 188.3 188.3 188.3 188.3 188.3 188.3 188.3 188.3 188.3 188.3 188.3 188.3 188.3 188.3 188.3 188.3 188.3 188.3 188.3 188.3 188.3 170.3 170.3 170.3 170.3 170.3 170.3 170.3 170.3 170.3 170.3 170.3 170.3 170.3 170.3 170.3 170.3 170.3 170.3 170.3 170.3 170.3 170.3 170.3 170.3 170.3 170.3 170.3 170.3 170.3 
190.9 190.9 190.9 190.9 190.9 190.9 190.9 190.9 190.9 190.9 190.9 188.3 188.3 188.3 188.3 188.3 188.3 188.3 188.3 188.3 188.3 188.3 188.3 188.3 188.3 188.3 188.3 188.3 188.3 188.3 188.3 188.3 188.3 188.3 188.3 188.3 188.3 188.3 188.3 188.3 188.3 188.3 188.3 188.3 188.3 188.3 188.3 188.3 188.3 188.3 188.3 188.3 188.3 188.3 188.3 188.3 188.3 188.3 188.3 188.3 188.3 188.3 188.3 188.3 188.3 188.3 188.3 188.3 188.3 188.3 188.3 170.3 170.3 170.3 170.3 170.3 170.3 170.3 170.3 170.3 170.3 170.3 170.3 170.3 170.3 170.3 170.3 170.3 170.3 170.3 170.3 170.3 170.3 170.3 170.3 170.3 170.3 170.3 170.3 170.3 
190.9 190.9 190.9 190.9 190.9 190.9 190.9 190.9 190.9 190.9 190.9 188.3 188.3 188.3 188.3 188.3 188.3 188.3 188.3 188.3 188.3 188.3 188.3 188.3 188.3 188.3 188.3 188.3 188.3 188.3 188.3 188.3 188.3 188.3 188.3 188.3 188.3 188.3 188.3 188.3 188.3 188.3 188.3 188.3 188.3 188.3 188.3 188.3 188.3 188.3 188.3 188.3 188.3 188.3 188.3 188.3 188.3 188.3 188.3 188.3 188.3 188.3 188.3 188.3 188.3 188.3 188.3 188.3 188.3 188.3 188.3 170.3 170.3 170.3 170.3 170.3 170.3 170.3 170.3 170.3 170.3 170.3 170.3 170.3 170.3 170.3 170.3 170.3 170.3 170.3 170.3 170.3 170.3 170.3 170.3 170.3 170.3 170.3 170.3 170.3 
190.9 190.9 190.9 190.9 190.9 190.9 190.9 190.9 190.9 190.9 190.9 188.3 188.3 188.3 188.3 188.3 188.3 188.3 188.3 188.3 188.3 188.3 188.3 188.3 188.3 188.3 188.3 188.3 188.3 188.3 188.3 188.3 188.3 188.3 188.3 188.3 188.3 188.3 188.3 188.3 188.3 188.3 188.3 188.3 188.3 188.3 188.3 188.3 188.3 188.3 188.3 188.3 188.3 188.3 188.3 188.3 188.3 188.3 188.3 188.3 188.3 188.3 188.3 188.3 188.3 188.3 188.3 188.3 188.3 188.3 188.3 170.3 170.3 170.3 170.3 170.3 170.3 170.3 170.3 170.3 170.3 170.3 170.3 170.3 170.3 170.3 170.3 170.3 170.3 170.3 170.3 170.3 170.3 170.3 170.3 170.3 170.3 170.3 170.3 170.3 
190.9 190.9 190.9 190.9 190.9 190.9 190.9 190.9 190.9 190.9 190.9 188.3 188.3 188.3 188.3 188.3 188.3 188.3 188.3 188.3 188.3 188.3 188.3 188.3 188.3 188.3 188.3 188.3 188.3 188.3 188.3 188.3 188.3 188.3 188.3 188.3 188.3 188.3 188.3 188.3 188.3 188.3 188.3 188.3 188.3 188.3 188.3 188.3 188.3 188.3 188.3 188.3 188.3 188.3 188.3 188.3 188.3 188.3 188.3 188.3 188.3 188.3 188.3 188.3 188.3 188.3 188.3 188.3 188.3 188.3 188.3 170.3 170.3 170.3 170.3 170.3 170.3 170.3 170.3 170.3 170.3 170.3 170.3 170.3 170.3 170.3 170.3 170.3 170.3 170.3 170.3 170.3 170.3 170.3 170.3 170.3 170.3 170.3 170.3 170.3 
190.9 190.9 190.9 190.9 190.9 190.9 190.9 190.9 190.9 190.9 190.9 188.3 188.3 188.3 188.3 188.3 188.3 188.3 188.3 188.3 188.3 188.3 188.3 188.3 188.3 188.3 188.3 188.3 188.3 188.3 188.3 188.3 188.3 188.3 188.3 188.3 188.3 188.3 188.3 188.3 188.3 188.3 188.3 188.3 188.3 188.3 188.3 188.3 188.3 188.3 188.3 188.3 188.3 188.3 188.3 188.3 188.3 188.3 188.3 188.3 188.3 188.3 188.3 188.3 188.3 188.3 188.3 188.3 188.3 188.3 188.3 170.3 170.3 170.3 170.3 170.3 170.3 170.3 170.3 170.3 170.3 170.3 170.3 170.3 170.3 170.3 170.3 170.3 170.3 170.3 170.3 170.3 170.3 170.3 170.3 170.3 170.3 170.3 170.3 170.3 
190.9 190.9 190.9 190.9 190.9 190.9 190.9 190.9 190.9 190.9 190.9 188.3 188.3 188.3 188.3 188.3 188.3 188.3 188.3 188.3 188.3 188.3 188.3 188.3 188.3 188.3 188.3 188.3 188.3 188.3 188.3 188.3 188.3 188.3 188.3 188.3 188.3 188.3 188.3 188.3 188.3 188.3 188.3 188.3 188.3 188.3 188.3 188.3 188.3 188.3 188.3 188.3 188.3 188.3 188.3 188.3 188.3 188.3 188.3 188.3 188.3 188.3 188.3 188.3 188.3 188.3 188.3 188.3 188.3 188.3 188.3 170.3 170.3 170.3 170.3 170.3 170.3 170.3 170.3 170.3 170.3 170.3 170.3 170.3 170.3 170.3 170.3 170.3 170.3 170.3 170.3 170.3 170.3 170.3 170.3 170.3 170.3 170.3 170.3 170.3 
190.9 190.9 190.9 190.9 190.9 190.9 190.9 190.9 190.9 190.9 190.9 188.3 188.3 188.3 188.3 188.3 188.3 188.3 188.3 188.3 188.3 188.3 188.3 188.3 188.3 188.3 188.3 188.3 188.3 188.3 188.3 188.3 188.3 188.3 188.3 188.3 188.3 188.3 188.3 188.3 188.3 188.3 188.3 188.3 188.3 188.3 188.3 188.3 188.3 188.3 188.3 188.3 188.3 188.3 188.3 188.3 188.3 188.3 188.3 188.3 188.3 188.3 188.3 188.3 188.3 188.3 188.3 188.3 188.3 188.3 188.3 170.3 170.3 170.3 170.3 170.3 170.3 170.3 170.3 170.3 170.3 170.3 170.3 170.3 170.3 170.3 170.3 170.3 170.3 170.3 170.3 170.3 170.3 170.3 170.3 170.3 170.3 170.3 170.3 170.3 
190.9 190.9 190.9 190.9 190.9 190.9 190.9 190.9 190.9 190.9 190.9 188.3 188.3 188.3 188.3 188.3 188.3 188.3 188.3 188.3 188.3 188.3 188.3 188.3 188.3 188.3 188.3 188.3 188.3 188.3 188.3 188.3 188.3 188.3 188.3 188.3 188.3 188.3 188.3 188.3 188.3 188.3 188.3 188.3 188.3 188.3 188.3 188.3 188.3 188.3 188.3 188.3 188.3 188.3 188.3 188.3 188.3 188.3 188.3 188.3 188.3 188.3 188.3 188.3 188.3 188.3 188.3 188.3 188.3 188.3 188.3 170.3 170.3 170.3 170.3 170.3 170.3 170.3 170.3 170.3 170.3 170.3 170.3 170.3 170.3 170.3 170.3 170.3 170.3 170.3 170.3 170.3 170.3 170.3 170.3 170.3 170.3 170.3 170.3 170.3 
190.9 190.9 190.9 190.9 190.9 190.9 190.9 190.9 190.9 190.9 190.9 188.3 188.3 188.3 188.3 188.3 188.3 188.3 188.3 188.3 188.3 188.3 188.3 188.3 188.3 188.3 188.3 188.3 188.3 188.3 188.3 188.3 188.3 188.3 188.3 188.3 188.3 188.3 188.3 188.3 188.3 188.3 188.3 188.3 188.3 188.3 188.3 188.3 188.3 188.3 188.3 188.3 188.3 188.3 188.3 188.3 188.3 188.3 188.3 188.3 188.3 188.3 188.3 188.3 188.3 188.3 188.3 188.3 188.3 188.3 188.3 170.3 170.3 170.3 170.3 170.3 170.3 170.3 170.3 170.3 170.3 170.3 170.3 170.3 170.3 170.3 170.3 170.3 170.3 170.3 170.3 170.3 170.3 170.3 170.3 170.3 170.3 170.3 170.3 170.3 
190.9 190.9 190.9 190.9 190.9 190.9 190.9 190.9 190.9 190.9 190.9 188.3 188.3 188.3 188.3 188.3 188.3 188.3 188.3 188.3 188.3 188.3 188.3 188.3 188.3 188.3 188.3 188.3 188.3 188.3 188.3 188.3 188.3 188.3 188.3 188.3 188.3 188.3 188.3 188.3 188.3 188.3 188.3 188.3 188.3 188.3 188.3 188.3 188.3 188.3 188.3 188.3 188.3 188.3 188.3 188.3 188.3 188.3 188.3 188.3 188.3 188.3 188.3 188.3 188.3 188.3 188.3 188.3 188.3 188.3 188.3 170.3 170.3 170.3 170.3 170.3 170.3 170.3 170.3 170.3 170.3 170.3 170.3 170.3 170.3 170.3 170.3 170.3 170.3 170.3 170.3 170.3 170.3 170.3 170.3 170.3 170.3 170.3 170.3 170.3 
190.9 190.9 190.9 190.9 190.9 190.9 190.9 190.9 190.9 190.9 190.9 188.3 188.3 188.3 188.3 188.3 188.3 188.3 188.3 188.3 188.3 188.3 188.3 188.3 188.3 188.3 188.3 188.3 188.3 188.3 188.3 188.3 188.3 188.3 188.3 188.3 188.3 188.3 188.3 188.3 188.3 188.3 188.3 188.3 188.3 188.3 188.3 188.3 188.3 188.3 188.3 188.3 188.3 188.3 188.3 188.3 188.3 188.3 188.3 188.3 188.3 188.3 188.3 188.3 188.3 188.3 188.3 188.3 188.3 188.3 188.3 170.3 170.3 170.3 170.3 170.3 170.3 170.3 170.3 170.3 170.3 170.3 170.3 170.3 170.3 170.3 170.3 170.3 170.3 170.3 170.3 170.3 170.3 170.3 170.3 170.3 170.3 170.3 170.3 170.3 
190.9 190.9 190.9 190.9 190.9 190.9 190.9 190.9 190.9 190.9 190.9 188.3 188.3 188.3 188.3 188.3 188.3 188.3 188.3 188.3 188.3 188.3 188.3 188.3 188.3 188.3 188.3 188.3 188.3 188.3 188.3 188.3 188.3 188.3 188.3 188.3 188.3 188.3 188.3 188.3 188.3 188.3 188.3 188.3 188.3 188.3 188.3 188.3 188.3 188.3 188.3 188.3 188.3 188.3 188.3 188.3 188.3 188.3 188.3 188.3 188.3 188.3 188.3 188.3 188.3 188.3 188.3 188.3 188.3 188.3 188.3 170.3 170.3 170.3 170.3 170.3 170.3 170.3 170.3 170.3 170.3 170.3 170.3 170.3 170.3 170.3 170.3 170.3 170.3 170.3 170.3 170.3 170.3 170.3 170.3 170.3 170.3 170.3 170.3 170.3 
190.9 190.9 190.9 190.9 190.9 190.9 190.9 190.9 190.9 190.9 190.9 188.3 188.3 188.3 188.3 188.3 188.3 188.3 188.3 188.3 188.3 188.3 188.3 188.3 188.3 188.3 188.3 188.3 188.3 188.3 188.3 188.3 188.3 188.3 188.3 188.3 188.3 188.3 188.3 188.3 188.3 188.3 188.3 188.3 188.3 188.3 188.3 188.3 188.3 188.3 188.3 188.3 188.3 188.3 188.3 188.3 188.3 188.3 188.3 188.3 188.3 188.3 188.3 188.3 188.3 188.3 188.3 188.3 188.3 188.3 188.3 170.3 170.3 170.3 170.3 170.3 170.3 170.3 170.3 170.3 170.3 170.3 170.3 170.3 170.3 170.3 170.3 170.3 170.3 170.3 170.3 170.3 170.3 170.3 170.3 170.3 170.3 170.3 170.3 170.3 
190.9 190.9 190.9 190.9 190.9 190.9 190.9 190.9 190.9 190.9 190.9 188.3 188.3 188.3 188.3 188.3 188.3 188.3 188.3 188.3 188.3 188.3 188.3 188.3 188.3 188.3 188.3 188.3 188.3 188.3 188.3 188.3 188.3 188.3 188.3 188.3 188.3 188.3 188.3 188.3 188.3 188.3 188.3 188.3 188.3 188.3 188.3 188.3 188.3 188.3 188.3 188.3 188.3 188.3 188.3 188.3 188.3 188.3 188.3 188.3 188.3 188.3 188.3 188.3 188.3 188.3 188.3 188.3 188.3 188.3 188.3 170.3 170.3 170.3 170.3 170.3 170.3 170.3 170.3 170.3 170.3 170.3 170.3 170.3 170.3 170.3 170.3 170.3 170.3 170.3 170.3 170.3 170.3 170.3 170.3 170.3 170.3 170.3 170.3 170.3 
190.9 190.9 190.9 190.9 190.9 190.9 190.9 190.9 190.9 190.9 190.9 188.3 188.3 188.3 188.3 188.3 188.3 188.3 188.3 188.3 188.3 188.3 188.3 188.3 188.3 188.3 188.3 188.3 188.3 188.3 188.3 188.3 188.3 188.3 188.3 188.3 188.3 188.3 188.3 188.3 188.3 188.3 188.3 188.3 188.3 188.3 188.3 188.3 188.3 188.3 188.3 188.3 188.3 188.3 188.3 188.3 188.3 188.3 188.3 188.3 188.3 188.3 188.3 188.3 188.3 188.3 188.3 188.3 188.3 188.3 188.3 170.3 170.3 170.3 170.3 170.3 170.3 170.3 170.3 170.3 170.3 170.3 170.3 170.3 170.3 170.3 170.3 170.3 170.3 170.3 170.3 170.3 170.3 170.3 170.3 170.3 170.3 170.3 170.3 170.3 
190.9 190.9 190.9 190.9 190.9 190.9 190.9 190.9 190.9 190.9 190.9 188.3 188.3 188.3 188.3 188.3 188.3 188.3 188.3 188.3 188.3 188.3 188.3 188.3 188.3 188.3 188.3 188.3 188.3 188.3 188.3 188.3 188.3 188.3 188.3 188.3 188.3 188.3 188.3 188.3 188.3 188.3 188.3 188.3 188.3 188.3 188.3 188.3 188.3 188.3 188.3 188.3 188.3 188.3 188.3 188.3 188.3 188.3 188.3 188.3 188.3 188.3 188.3 188.3 188.3 188.3 188.3 188.3 188.3 188.3 188.3 170.3 170.3 170.3 170.3 170.3 170.3 170.3 170.3 170.3 170.3 170.3 170.3 170.3 170.3 170.3 170.3 170.3 170.3 170.3 170.3 170.3 170.3 170.3 170.3 170.3 170.3 170.3 170.3 170.3 
190.9 190.9 190.9 190.9 190.9 190.9 190.9 190.9 190.9 190.9 190.9 188.3 188.3 188.3 188.3 188.3 188.3 188.3 188.3 188.3 188.3 188.3 188.3 188.3 188.3 188.3 188.3 188.3 188.3 188.3 188.3 188.3 188.3 188.3 188.3 188.3 188.3 188.3 188.3 188.3 188.3 188.3 188.3 188.3 188.3 188.3 188.3 188.3 188.3 188.3 188.3 188.3 188.3 188.3 188.3 188.3 188.3 188.3 188.3 188.3 188.3 188.3 188.3 188.3 188.3 188.3 188.3 188.3 188.3 188.3 188.3 170.3 170.3 170.3 170.3 170.3 170.3 170.3 170.3 170.3 170.3 170.3 170.3 170.3 170.3 170.3 170.3 170.3 170.3 170.3 170.3 170.3 170.3 170.3 170.3 170.3 170.3 170.3 170.3 170.3 
