ncols         100
nrows         100
xllcorner     -59982.863281
yllcorner     1851083.022172
cellsize      1000
NODATA_value  -9999
83.4 83.4 83.4 83.4 83.4 83.4 83.4 83.4 83.4 83.4 83.4 74.7 74.7 74.7 74.7 74.7 74.7 74.7 74.7 74.7 74.7 74.7 74.7 74.7 74.7 74.7 74.7 74.7 74.7 74.7 74.7 74.7 74.7 74.7 74.7 74.7 74.7 74.7 74.7 74.7 74.7 74.7 74.7 74.7 74.7 74.7 74.7 74.7 74.7 74.7 74.7 74.7 74.7 74.7 74.7 74.7 74.7 74.7 74.7 74.7 74.7 74.7 74.7 74.7 74.7 74.7 74.7 74.7 74.7 74.7 74.7 68.8 68.8 68.8 68.8 68.8 68.8 68.8 68.8 68.8 68.8 68.8 68.8 68.8 68.8 68.8 68.8 68.8 68.8 68.8 68.8 68.8 68.8 68.8 68.8 68.8 68.8 68.8 68.8 68.8 
83.4 83.4 83.4 83.4 83.4 83.4 83.4 83.4 83.4 83.4 83.4 74.7 74.7 74.7 74.7 74.7 74.7 74.7 74.7 74.7 74.7 74.7 74.7 74.7 74.7 74.7 74.7 74.7 74.7 74.7 74.7 74.7 74.7 74.7 74.7 74.7 74.7 74.7 74.7 74.7 74.7 74.7 74.7 74.7 74.7 74.7 74.7 74.7 74.7 74.7 74.7 74.7 74.7 74.7 74.7 74.7 74.7 74.7 74.7 74.7 74.7 74.7 74.7 74.7 74.7 74.7 74.7 74.7 74.7 74.7 74.7 68.8 68.8 68.8 68.8 68.8 68.8 68.8 68.8 68.8 68.8 68.8 68.8 68.8 68.8 68.8 68.8 68.8 68.8 68.8 68.8 68.8 68.8 68.8 68.8 68.8 68.8 68.8 68.8 68.8 
83.4 83.4 83.4 83.4 83.4 83.4 83.4 83.4 83.4 83.4 83.4 74.7 74.7 74.7 74.7 74.7 74.7 74.7 74.7 74.7 74.7 74.7 74.7 74.7 74.7 74.7 74.7 74.7 74.7 74.7 74.7 74.7 74.7 74.7 74.7 74.7 74.7 74.7 74.7 74.7 74.7 74.7 74.7 74.7 74.7 74.7 74.7 74.7 74.7 74.7 74.7 74.7 74.7 74.7 74.7 74.7 74.7 74.7 74.7 74.7 74.7 74.7 74.7 74.7 74.7 74.7 74.7 74.7 74.7 74.7 74.7 68.8 68.8 68.8 68.8 68.8 68.8 68.8 68.8 68.8 68.8 68.8 68.8 68.8 68.8 68.8 68.8 68.8 68.8 68.8 68.8 68.8 68.8 68.8 68.8 68.8 68.8 68.8 68.8 68.8 
83.4 83.4 83.4 83.4 83.4 83.4 83.4 83.4 83.4 83.4 83.4 74.7 74.7 74.7 74.7 74.7 74.7 74.7 74.7 74.7 74.7 74.7 74.7 74.7 74.7 74.7 74.7 74.7 74.7 74.7 74.7 74.7 74.7 74.7 74.7 74.7 74.7 74.7 74.7 74.7 74.7 74.7 74.7 74.7 74.7 74.7 74.7 74.7 74.7 74.7 74.7 74.7 74.7 74.7 74.7 74.7 74.7 74.7 74.7 74.7 74.7 74.7 74.7 74.7 74.7 74.7 74.7 74.7 74.7 74.7 74.7 68.8 68.8 68.8 68.8 68.8 68.8 68.8 68.8 68.8 68.8 68.8 68.8 68.8 68.8 68.8 68.8 68.8 68.8 68.8 68.8 68.8 68.8 68.8 68.8 68.8 68.8 68.8 68.8 68.8 
83.4 83.4 83.4 83.4 83.4 83.4 83.4 83.4 83.4 83.4 83.4 74.7 74.7 74.7 74.7 74.7 74.7 74.7 74.7 74.7 74.7 74.7 74.7 74.7 74.7 74.7 74.7 74.7 74.7 74.7 74.7 74.7 74.7 74.7 74.7 74.7 74.7 74.7 74.7 74.7 74.7 74.7 74.7 74.7 74.7 74.7 74.7 74.7 74.7 74.7 74.7 74.7 74.7 74.7 74.7 74.7 74.7 74.7 74.7 74.7 74.7 74.7 74.7 74.7 74.7 74.7 74.7 74.7 74.7 74.7 74.7 68.8 68.8 68.8 68.8 68.8 68.8 68.8 68.8 68.8 68.8 68.8 68.8 68.8 68.8 68.8 68.8 68.8 68.8 68.8 68.8 68.8 68.8 68.8 68.8 68.8 68.8 68.8 68.8 68.8 
83.4 83.4 83.4 83.4 83.4 83.4 83.4 83.4 83.4 83.4 83.4 74.7 74.7 74.7 74.7 74.7 74.7 74.7 74.7 74.7 74.7 74.7 74.7 74.7 74.7 74.7 74.7 74.7 74.7 74.7 74.7 74.7 74.7 74.7 74.7 74.7 74.7 74.7 74.7 74.7 74.7 74.7 74.7 74.7 74.7 74.7 74.7 74.7 74.7 74.7 74.7 74.7 74.7 74.7 74.7 74.7 74.7 74.7 74.7 74.7 74.7 74.7 74.7 74.7 74.7 74.7 74.7 74.7 74.7 74.7 74.7 68.8 68.8 68.8 68.8 68.8 68.8 68.8 68.8 68.8 68.8 68.8 68.8 68.8 68.8 68.8 68.8 68.8 68.8 68.8 68.8 68.8 68.8 68.8 68.8 68.8 68.8 68.8 68.8 68.8 
83.4 83.4 83.4 83.4 83.4 83.4 83.4 83.4 83.4 83.4 83.4 74.7 74.7 74.7 74.7 74.7 74.7 74.7 74.7 74.7 74.7 74.7 74.7 74.7 74.7 74.7 74.7 74.7 74.7 74.7 74.7 74.7 74.7 74.7 74.7 74.7 74.7 74.7 74.7 74.7 74.7 74.7 74.7 74.7 74.7 74.7 74.7 74.7 74.7 74.7 74.7 74.7 74.7 74.7 74.7 74.7 74.7 74.7 74.7 74.7 74.7 74.7 74.7 74.7 74.7 74.7 74.7 74.7 74.7 74.7 74.7 68.8 68.8 68.8 68.8 68.8 68.8 68.8 68.8 68.8 68.8 68.8 68.8 68.8 68.8 68.8 68.8 68.8 68.8 68.8 68.8 68.8 68.8 68.8 68.8 68.8 68.8 68.8 68.8 68.8 
83.4 83.4 83.4 83.4 83.4 83.4 83.4 83.4 83.4 83.4 83.4 74.7 74.7 74.7 74.7 74.7 74.7 74.7 74.7 74.7 74.7 74.7 74.7 74.7 74.7 74.7 74.7 74.7 74.7 74.7 74.7 74.7 74.7 74.7 74.7 74.7 74.7 74.7 74.7 74.7 74.7 74.7 74.7 74.7 74.7 74.7 74.7 74.7 74.7 74.7 74.7 74.7 74.7 74.7 74.7 74.7 74.7 74.7 74.7 74.7 74.7 74.7 74.7 74.7 74.7 74.7 74.7 74.7 74.7 74.7 74.7 68.8 68.8 68.8 68.8 68.8 68.8 68.8 68.8 68.8 68.8 68.8 68.8 68.8 68.8 68.8 68.8 68.8 68.8 68.8 68.8 68.8 68.8 68.8 68.8 68.8 68.8 68.8 68.8 68.8 
83.4 83.4 83.4 83.4 83.4 83.4 83.4 83.4 83.4 83.4 83.4 74.7 74.7 74.7 74.7 74.7 74.7 74.7 74.7 74.7 74.7 74.7 74.7 74.7 74.7 74.7 74.7 74.7 74.7 74.7 74.7 74.7 74.7 74.7 74.7 74.7 74.7 74.7 74.7 74.7 74.7 74.7 74.7 74.7 74.7 74.7 74.7 74.7 74.7 74.7 74.7 74.7 74.7 74.7 74.7 74.7 74.7 74.7 74.7 74.7 74.7 74.7 74.7 74.7 74.7 74.7 74.7 74.7 74.7 74.7 74.7 68.8 68.8 68.8 68.8 68.8 68.8 68.8 68.8 68.8 68.8 68.8 68.8 68.8 68.8 68.8 68.8 68.8 68.8 68.8 68.8 68.8 68.8 68.8 68.8 68.8 68.8 68.8 68.8 68.8 
89.3 89.3 89.3 89.3 89.3 89.3 89.3 89.3 89.3 89.3 89.3 85.4 85.4 85.4 85.4 85.4 85.4 85.4 85.4 85.4 85.4 85.4 85.4 85.4 85.4 85.4 85.4 85.4 85.4 85.4 85.4 85.4 85.4 85.4 85.4 85.4 85.4 85.4 85.4 85.4 85.4 85.4 85.4 85.4 85.4 85.4 85.4 85.4 85.4 85.4 85.4 85.4 85.4 85.4 85.4 85.4 85.4 85.4 85.4 85.4 85.4 85.4 85.4 85.4 85.4 85.4 85.4 85.4 85.4 85.4 85.4 79.6 79.6 79.6 79.6 79.6 79.6 79.6 79.6 79.6 79.6 79.6 79.6 79.6 79.6 79.6 79.6 79.6 79.6 79.6 79.6 79.6 79.6 79.6 79.6 79.6 79.6 79.6 79.6 79.6 
89.3 89.3 89.3 89.3 89.3 89.3 89.3 89.3 89.3 89.3 89.3 85.4 85.4 85.4 85.4 85.4 85.4 85.4 85.4 85.4 85.4 85.4 85.4 85.4 85.4 85.4 85.4 85.4 85.4 85.4 85.4 85.4 85.4 85.4 85.4 85.4 85.4 85.4 85.4 85.4 85.4 85.4 85.4 85.4 85.4 85.4 85.4 85.4 85.4 85.4 85.4 85.4 85.4 85.4 85.4 85.4 85.4 85.4 85.4 85.4 85.4 85.4 85.4 85.4 85.4 85.4 85.4 85.4 85.4 85.4 85.4 79.6 79.6 79.6 79.6 79.6 79.6 79.6 79.6 79.6 79.6 79.6 79.6 79.6 79.6 79.6 79.6 79.6 79.6 79.6 79.6 79.6 79.6 79.6 79.6 79.6 79.6 79.6 79.6 79.6 
89.3 89.3 89.3 89.3 89.3 89.3 89.3 89.3 89.3 89.3 89.3 85.4 85.4 85.4 85.4 85.4 85.4 85.4 85.4 85.4 85.4 85.4 85.4 85.4 85.4 85.4 85.4 85.4 85.4 85.4 85.4 85.4 85.4 85.4 85.4 85.4 85.4 85.4 85.4 85.4 85.4 85.4 85.4 85.4 85.4 85.4 85.4 85.4 85.4 85.4 85.4 85.4 85.4 85.4 85.4 85.4 85.4 85.4 85.4 85.4 85.4 85.4 85.4 85.4 85.4 85.4 85.4 85.4 85.4 85.4 85.4 79.6 79.6 79.6 79.6 79.6 79.6 79.6 79.6 79.6 79.6 79.6 79.6 79.6 79.6 79.6 79.6 79.6 79.6 79.6 79.6 79.6 79.6 79.6 79.6 79.6 79.6 79.6 79.6 79.6 
89.3 89.3 89.3 89.3 89.3 89.3 89.3 89.3 89.3 89.3 89.3 85.4 85.4 85.4 85.4 85.4 85.4 85.4 85.4 85.4 85.4 85.4 85.4 85.4 85.4 85.4 85.4 85.4 85.4 85.4 85.4 85.4 85.4 85.4 85.4 85.4 85.4 85.4 85.4 85.4 85.4 85.4 85.4 85.4 85.4 85.4 85.4 85.4 85.4 85.4 85.4 85.4 85.4 85.4 85.4 85.4 85.4 85.4 85.4 85.4 85.4 85.4 85.4 85.4 85.4 85.4 85.4 85.4 85.4 85.4 85.4 79.6 79.6 79.6 79.6 79.6 79.6 79.6 79.6 79.6 79.6 79.6 79.6 79.6 79.6 79.6 79.6 79.6 79.6 79.6 79.6 79.6 79.6 79.6 79.6 79.6 79.6 79.6 79.6 79.6 
89.3 89.3 89.3 89.3 89.3 89.3 89.3 89.3 89.3 89.3 89.3 85.4 85.4 85.4 85.4 85.4 85.4 85.4 85.4 85.4 85.4 85.4 85.4 85.4 85.4 85.4 85.4 85.4 85.4 85.4 85.4 85.4 85.4 85.4 85.4 85.4 85.4 85.4 85.4 85.4 85.4 85.4 85.4 85.4 85.4 85.4 85.4 85.4 85.4 85.4 85.4 85.4 85.4 85.4 85.4 85.4 85.4 85.4 85.4 85.4 85.4 85.4 85.4 85.4 85.4 85.4 85.4 85.4 85.4 85.4 85.4 79.6 79.6 79.6 79.6 79.6 79.6 79.6 79.6 79.6 79.6 79.6 79.6 79.6 79.6 79.6 79.6 79.6 79.6 79.6 79.6 79.6 79.6 79.6 79.6 79.6 79.6 79.6 79.6 79.6 
89.3 89.3 89.3 89.3 89.3 89.3 89.3 89.3 89.3 89.3 89.3 85.4 85.4 85.4 85.4 85.4 85.4 85.4 85.4 85.4 85.4 85.4 85.4 85.4 85.4 85.4 85.4 85.4 85.4 85.4 85.4 85.4 85.4 85.4 85.4 85.4 85.4 85.4 85.4 85.4 85.4 85.4 85.4 85.4 85.4 85.4 85.4 85.4 85.4 85.4 85.4 85.4 85.4 85.4 85.4 85.4 85.4 85.4 85.4 85.4 85.4 85.4 85.4 85.4 85.4 85.4 85.4 85.4 85.4 85.4 85.4 79.6 79.6 79.6 79.6 79.6 79.6 79.6 79.6 79.6 79.6 79.6 79.6 79.6 79.6 79.6 79.6 79.6 79.6 79.6 79.6 79.6 79.6 79.6 79.6 79.6 79.6 79.6 79.6 79.6 
89.3 89.3 89.3 89.3 89.3 89.3 89.3 89.3 89.3 89.3 89.3 85.4 85.4 85.4 85.4 85.4 85.4 85.4 85.4 85.4 85.4 85.4 85.4 85.4 85.4 85.4 85.4 85.4 85.4 85.4 85.4 85.4 85.4 85.4 85.4 85.4 85.4 85.4 85.4 85.4 85.4 85.4 85.4 85.4 85.4 85.4 85.4 85.4 85.4 85.4 85.4 85.4 85.4 85.4 85.4 85.4 85.4 85.4 85.4 85.4 85.4 85.4 85.4 85.4 85.4 85.4 85.4 85.4 85.4 85.4 85.4 79.6 79.6 79.6 79.6 79.6 79.6 79.6 79.6 79.6 79.6 79.6 79.6 79.6 79.6 79.6 79.6 79.6 79.6 79.6 79.6 79.6 79.6 79.6 79.6 79.6 79.6 79.6 79.6 79.6 
89.3 89.3 89.3 89.3 89.3 89.3 89.3 89.3 89.3 89.3 89.3 85.4 85.4 85.4 85.4 85.4 85.4 85.4 85.4 85.4 85.4 85.4 85.4 85.4 85.4 85.4 85.4 85.4 85.4 85.4 85.4 85.4 85.4 85.4 85.4 85.4 85.4 85.4 85.4 85.4 85.4 85.4 85.4 85.4 85.4 85.4 85.4 85.4 85.4 85.4 85.4 85.4 85.4 85.4 85.4 85.4 85.4 85.4 85.4 85.4 85.4 85.4 85.4 85.4 85.4 85.4 85.4 85.4 85.4 85.4 85.4 79.6 79.6 79.6 79.6 79.6 79.6 79.6 79.6 79.6 79.6 79.6 79.6 79.6 79.6 79.6 79.6 79.6 79.6 79.6 79.6 79.6 79.6 79.6 79.6 79.6 79.6 79.6 79.6 79.6 
89.3 89.3 89.3 89.3 89.3 89.3 89.3 89.3 89.3 89.3 89.3 85.4 85.4 85.4 85.4 85.4 85.4 85.4 85.4 85.4 85.4 85.4 85.4 85.4 85.4 85.4 85.4 85.4 85.4 85.4 85.4 85.4 85.4 85.4 85.4 85.4 85.4 85.4 85.4 85.4 85.4 85.4 85.4 85.4 85.4 85.4 85.4 85.4 85.4 85.4 85.4 85.4 85.4 85.4 85.4 85.4 85.4 85.4 85.4 85.4 85.4 85.4 85.4 85.4 85.4 85.4 85.4 85.4 85.4 85.4 85.4 79.6 79.6 79.6 79.6 79.6 79.6 79.6 79.6 79.6 79.6 79.6 79.6 79.6 79.6 79.6 79.6 79.6 79.6 79.6 79.6 79.6 79.6 79.6 79.6 79.6 79.6 79.6 79.6 79.6 
89.3 89.3 89.3 89.3 89.3 89.3 89.3 89.3 89.3 89.3 89.3 85.4 85.4 85.4 85.4 85.4 85.4 85.4 85.4 85.4 85.4 85.4 85.4 85.4 85.4 85.4 85.4 85.4 85.4 85.4 85.4 85.4 85.4 85.4 85.4 85.4 85.4 85.4 85.4 85.4 85.4 85.4 85.4 85.4 85.4 85.4 85.4 85.4 85.4 85.4 85.4 85.4 85.4 85.4 85.4 85.4 85.4 85.4 85.4 85.4 85.4 85.4 85.4 85.4 85.4 85.4 85.4 85.4 85.4 85.4 85.4 79.6 79.6 79.6 79.6 79.6 79.6 79.6 79.6 79.6 79.6 79.6 79.6 79.6 79.6 79.6 79.6 79.6 79.6 79.6 79.6 79.6 79.6 79.6 79.6 79.6 79.6 79.6 79.6 79.6 
89.3 89.3 89.3 89.3 89.3 89.3 89.3 89.3 89.3 89.3 89.3 85.4 85.4 85.4 85.4 85.4 85.4 85.4 85.4 85.4 85.4 85.4 85.4 85.4 85.4 85.4 85.4 85.4 85.4 85.4 85.4 85.4 85.4 85.4 85.4 85.4 85.4 85.4 85.4 85.4 85.4 85.4 85.4 85.4 85.4 85.4 85.4 85.4 85.4 85.4 85.4 85.4 85.4 85.4 85.4 85.4 85.4 85.4 85.4 85.4 85.4 85.4 85.4 85.4 85.4 85.4 85.4 85.4 85.4 85.4 85.4 79.6 79.6 79.6 79.6 79.6 79.6 79.6 79.6 79.6 79.6 79.6 79.6 79.6 79.6 79.6 79.6 79.6 79.6 79.6 79.6 79.6 79.6 79.6 79.6 79.6 79.6 79.6 79.6 79.6 
89.3 89.3 89.3 89.3 89.3 89.3 89.3 89.3 89.3 89.3 89.3 85.4 85.4 85.4 85.4 85.4 85.4 85.4 85.4 85.4 85.4 85.4 85.4 85.4 85.4 85.4 85.4 85.4 85.4 85.4 85.4 85.4 85.4 85.4 85.4 85.4 85.4 85.4 85.4 85.4 85.4 85.4 85.4 85.4 85.4 85.4 85.4 85.4 85.4 85.4 85.4 85.4 85.4 85.4 85.4 85.4 85.4 85.4 85.4 85.4 85.4 85.4 85.4 85.4 85.4 85.4 85.4 85.4 85.4 85.4 85.4 79.6 79.6 79.6 79.6 79.6 79.6 79.6 79.6 79.6 79.6 79.6 79.6 79.6 79.6 79.6 79.6 79.6 79.6 79.6 79.6 79.6 79.6 79.6 79.6 79.6 79.6 79.6 79.6 79.6 
89.3 89.3 89.3 89.3 89.3 89.3 89.3 89.3 89.3 89.3 89.3 85.4 85.4 85.4 85.4 85.4 85.4 85.4 85.4 85.4 85.4 85.4 85.4 85.4 85.4 85.4 85.4 85.4 85.4 85.4 85.4 85.4 85.4 85.4 85.4 85.4 85.4 85.4 85.4 85.4 85.4 85.4 85.4 85.4 85.4 85.4 85.4 85.4 85.4 85.4 85.4 85.4 85.4 85.4 85.4 85.4 85.4 85.4 85.4 85.4 85.4 85.4 85.4 85.4 85.4 85.4 85.4 85.4 85.4 85.4 85.4 79.6 79.6 79.6 79.6 79.6 79.6 79.6 79.6 79.6 79.6 79.6 79.6 79.6 79.6 79.6 79.6 79.6 79.6 79.6 79.6 79.6 79.6 79.6 79.6 79.6 79.6 79.6 79.6 79.6 
89.3 89.3 89.3 89.3 89.3 89.3 89.3 89.3 89.3 89.3 89.3 85.4 85.4 85.4 85.4 85.4 85.4 85.4 85.4 85.4 85.4 85.4 85.4 85.4 85.4 85.4 85.4 85.4 85.4 85.4 85.4 85.4 85.4 85.4 85.4 85.4 85.4 85.4 85.4 85.4 85.4 85.4 85.4 85.4 85.4 85.4 85.4 85.4 85.4 85.4 85.4 85.4 85.4 85.4 85.4 85.4 85.4 85.4 85.4 85.4 85.4 85.4 85.4 85.4 85.4 85.4 85.4 85.4 85.4 85.4 85.4 79.6 79.6 79.6 79.6 79.6 79.6 79.6 79.6 79.6 79.6 79.6 79.6 79.6 79.6 79.6 79.6 79.6 79.6 79.6 79.6 79.6 79.6 79.6 79.6 79.6 79.6 79.6 79.6 79.6 
89.3 89.3 89.3 89.3 89.3 89.3 89.3 89.3 89.3 89.3 89.3 85.4 85.4 85.4 85.4 85.4 85.4 85.4 85.4 85.4 85.4 85.4 85.4 85.4 85.4 85.4 85.4 85.4 85.4 85.4 85.4 85.4 85.4 85.4 85.4 85.4 85.4 85.4 85.4 85.4 85.4 85.4 85.4 85.4 85.4 85.4 85.4 85.4 85.4 85.4 85.4 85.4 85.4 85.4 85.4 85.4 85.4 85.4 85.4 85.4 85.4 85.4 85.4 85.4 85.4 85.4 85.4 85.4 85.4 85.4 85.4 79.6 79.6 79.6 79.6 79.6 79.6 79.6 79.6 79.6 79.6 79.6 79.6 79.6 79.6 79.6 79.6 79.6 79.6 79.6 79.6 79.6 79.6 79.6 79.6 79.6 79.6 79.6 79.6 79.6 
89.3 89.3 89.3 89.3 89.3 89.3 89.3 89.3 89.3 89.3 89.3 85.4 85.4 85.4 85.4 85.4 85.4 85.4 85.4 85.4 85.4 85.4 85.4 85.4 85.4 85.4 85.4 85.4 85.4 85.4 85.4 85.4 85.4 85.4 85.4 85.4 85.4 85.4 85.4 85.4 85.4 85.4 85.4 85.4 85.4 85.4 85.4 85.4 85.4 85.4 85.4 85.4 85.4 85.4 85.4 85.4 85.4 85.4 85.4 85.4 85.4 85.4 85.4 85.4 85.4 85.4 85.4 85.4 85.4 85.4 85.4 79.6 79.6 79.6 79.6 79.6 79.6 79.6 79.6 79.6 79.6 79.6 79.6 79.6 79.6 79.6 79.6 79.6 79.6 79.6 79.6 79.6 79.6 79.6 79.6 79.6 79.6 79.6 79.6 79.6 
89.3 89.3 89.3 89.3 89.3 89.3 89.3 89.3 89.3 89.3 89.3 85.4 85.4 85.4 85.4 85.4 85.4 85.4 85.4 85.4 85.4 85.4 85.4 85.4 85.4 85.4 85.4 85.4 85.4 85.4 85.4 85.4 85.4 85.4 85.4 85.4 85.4 85.4 85.4 85.4 85.4 85.4 85.4 85.4 85.4 85.4 85.4 85.4 85.4 85.4 85.4 85.4 85.4 85.4 85.4 85.4 85.4 85.4 85.4 85.4 85.4 85.4 85.4 85.4 85.4 85.4 85.4 85.4 85.4 85.4 85.4 79.6 79.6 79.6 79.6 79.6 79.6 79.6 79.6 79.6 79.6 79.6 79.6 79.6 79.6 79.6 79.6 79.6 79.6 79.6 79.6 79.6 79.6 79.6 79.6 79.6 79.6 79.6 79.6 79.6 
89.3 89.3 89.3 89.3 89.3 89.3 89.3 89.3 89.3 89.3 89.3 85.4 85.4 85.4 85.4 85.4 85.4 85.4 85.4 85.4 85.4 85.4 85.4 85.4 85.4 85.4 85.4 85.4 85.4 85.4 85.4 85.4 85.4 85.4 85.4 85.4 85.4 85.4 85.4 85.4 85.4 85.4 85.4 85.4 85.4 85.4 85.4 85.4 85.4 85.4 85.4 85.4 85.4 85.4 85.4 85.4 85.4 85.4 85.4 85.4 85.4 85.4 85.4 85.4 85.4 85.4 85.4 85.4 85.4 85.4 85.4 79.6 79.6 79.6 79.6 79.6 79.6 79.6 79.6 79.6 79.6 79.6 79.6 79.6 79.6 79.6 79.6 79.6 79.6 79.6 79.6 79.6 79.6 79.6 79.6 79.6 79.6 79.6 79.6 79.6 
89.3 89.3 89.3 89.3 89.3 89.3 89.3 89.3 89.3 89.3 89.3 85.4 85.4 85.4 85.4 85.4 85.4 85.4 85.4 85.4 85.4 85.4 85.4 85.4 85.4 85.4 85.4 85.4 85.4 85.4 85.4 85.4 85.4 85.4 85.4 85.4 85.4 85.4 85.4 85.4 85.4 85.4 85.4 85.4 85.4 85.4 85.4 85.4 85.4 85.4 85.4 85.4 85.4 85.4 85.4 85.4 85.4 85.4 85.4 85.4 85.4 85.4 85.4 85.4 85.4 85.4 85.4 85.4 85.4 85.4 85.4 79.6 79.6 79.6 79.6 79.6 79.6 79.6 79.6 79.6 79.6 79.6 79.6 79.6 79.6 79.6 79.6 79.6 79.6 79.6 79.6 79.6 79.6 79.6 79.6 79.6 79.6 79.6 79.6 79.6 
89.3 89.3 89.3 89.3 89.3 89.3 89.3 89.3 89.3 89.3 89.3 85.4 85.4 85.4 85.4 85.4 85.4 85.4 85.4 85.4 85.4 85.4 85.4 85.4 85.4 85.4 85.4 85.4 85.4 85.4 85.4 85.4 85.4 85.4 85.4 85.4 85.4 85.4 85.4 85.4 85.4 85.4 85.4 85.4 85.4 85.4 85.4 85.4 85.4 85.4 85.4 85.4 85.4 85.4 85.4 85.4 85.4 85.4 85.4 85.4 85.4 85.4 85.4 85.4 85.4 85.4 85.4 85.4 85.4 85.4 85.4 79.6 79.6 79.6 79.6 79.6 79.6 79.6 79.6 79.6 79.6 79.6 79.6 79.6 79.6 79.6 79.6 79.6 79.6 79.6 79.6 79.6 79.6 79.6 79.6 79.6 79.6 79.6 79.6 79.6 
89.3 89.3 89.3 89.3 89.3 89.3 89.3 89.3 89.3 89.3 89.3 85.4 85.4 85.4 85.4 85.4 85.4 85.4 85.4 85.4 85.4 85.4 85.4 85.4 85.4 85.4 85.4 85.4 85.4 85.4 85.4 85.4 85.4 85.4 85.4 85.4 85.4 85.4 85.4 85.4 85.4 85.4 85.4 85.4 85.4 85.4 85.4 85.4 85.4 85.4 85.4 85.4 85.4 85.4 85.4 85.4 85.4 85.4 85.4 85.4 85.4 85.4 85.4 85.4 85.4 85.4 85.4 85.4 85.4 85.4 85.4 79.6 79.6 79.6 79.6 79.6 79.6 79.6 79.6 79.6 79.6 79.6 79.6 79.6 79.6 79.6 79.6 79.6 79.6 79.6 79.6 79.6 79.6 79.6 79.6 79.6 79.6 79.6 79.6 79.6 
89.3 89.3 89.3 89.3 89.3 89.3 89.3 89.3 89.3 89.3 89.3 85.4 85.4 85.4 85.4 85.4 85.4 85.4 85.4 85.4 85.4 85.4 85.4 85.4 85.4 85.4 85.4 85.4 85.4 85.4 85.4 85.4 85.4 85.4 85.4 85.4 85.4 85.4 85.4 85.4 85.4 85.4 85.4 85.4 85.4 85.4 85.4 85.4 85.4 85.4 85.4 85.4 85.4 85.4 85.4 85.4 85.4 85.4 85.4 85.4 85.4 85.4 85.4 85.4 85.4 85.4 85.4 85.4 85.4 85.4 85.4 79.6 79.6 79.6 79.6 79.6 79.6 79.6 79.6 79.6 79.6 79.6 79.6 79.6 79.6 79.6 79.6 79.6 79.6 79.6 79.6 79.6 79.6 79.6 79.6 79.6 79.6 79.6 79.6 79.6 
89.3 89.3 89.3 89.3 89.3 89.3 89.3 89.3 89.3 89.3 89.3 85.4 85.4 85.4 85.4 85.4 85.4 85.4 85.4 85.4 85.4 85.4 85.4 85.4 85.4 85.4 85.4 85.4 85.4 85.4 85.4 85.4 85.4 85.4 85.4 85.4 85.4 85.4 85.4 85.4 85.4 85.4 85.4 85.4 85.4 85.4 85.4 85.4 85.4 85.4 85.4 85.4 85.4 85.4 85.4 85.4 85.4 85.4 85.4 85.4 85.4 85.4 85.4 85.4 85.4 85.4 85.4 85.4 85.4 85.4 85.4 79.6 79.6 79.6 79.6 79.6 79.6 79.6 79.6 79.6 79.6 79.6 79.6 79.6 79.6 79.6 79.6 79.6 79.6 79.6 79.6 79.6 79.6 79.6 79.6 79.6 79.6 79.6 79.6 79.6 
89.3 89.3 89.3 89.3 89.3 89.3 89.3 89.3 89.3 89.3 89.3 85.4 85.4 85.4 85.4 85.4 85.4 85.4 85.4 85.4 85.4 85.4 85.4 85.4 85.4 85.4 85.4 85.4 85.4 85.4 85.4 85.4 85.4 85.4 85.4 85.4 85.4 85.4 85.4 85.4 85.4 85.4 85.4 85.4 85.4 85.4 85.4 85.4 85.4 85.4 85.4 85.4 85.4 85.4 85.4 85.4 85.4 85.4 85.4 85.4 85.4 85.4 85.4 85.4 85.4 85.4 85.4 85.4 85.4 85.4 85.4 79.6 79.6 79.6 79.6 79.6 79.6 79.6 79.6 79.6 79.6 79.6 79.6 79.6 79.6 79.6 79.6 79.6 79.6 79.6 79.6 79.6 79.6 79.6 79.6 79.6 79.6 79.6 79.6 79.6 
89.3 89.3 89.3 89.3 89.3 89.3 89.3 89.3 89.3 89.3 89.3 85.4 85.4 85.4 85.4 85.4 85.4 85.4 85.4 85.4 85.4 85.4 85.4 85.4 85.4 85.4 85.4 85.4 85.4 85.4 85.4 85.4 85.4 85.4 85.4 85.4 85.4 85.4 85.4 85.4 85.4 85.4 85.4 85.4 85.4 85.4 85.4 85.4 85.4 85.4 85.4 85.4 85.4 85.4 85.4 85.4 85.4 85.4 85.4 85.4 85.4 85.4 85.4 85.4 85.4 85.4 85.4 85.4 85.4 85.4 85.4 79.6 79.6 79.6 79.6 79.6 79.6 79.6 79.6 79.6 79.6 79.6 79.6 79.6 79.6 79.6 79.6 79.6 79.6 79.6 79.6 79.6 79.6 79.6 79.6 79.6 79.6 79.6 79.6 79.6 
89.3 89.3 89.3 89.3 89.3 89.3 89.3 89.3 89.3 89.3 89.3 85.4 85.4 85.4 85.4 85.4 85.4 85.4 85.4 85.4 85.4 85.4 85.4 85.4 85.4 85.4 85.4 85.4 85.4 85.4 85.4 85.4 85.4 85.4 85.4 85.4 85.4 85.4 85.4 85.4 85.4 85.4 85.4 85.4 85.4 85.4 85.4 85.4 85.4 85.4 85.4 85.4 85.4 85.4 85.4 85.4 85.4 85.4 85.4 85.4 85.4 85.4 85.4 85.4 85.4 85.4 85.4 85.4 85.4 85.4 85.4 79.6 79.6 79.6 79.6 79.6 79.6 79.6 79.6 79.6 79.6 79.6 79.6 79.6 79.6 79.6 79.6 79.6 79.6 79.6 79.6 79.6 79.6 79.6 79.6 79.6 79.6 79.6 79.6 79.6 
89.3 89.3 89.3 89.3 89.3 89.3 89.3 89.3 89.3 89.3 89.3 85.4 85.4 85.4 85.4 85.4 85.4 85.4 85.4 85.4 85.4 85.4 85.4 85.4 85.4 85.4 85.4 85.4 85.4 85.4 85.4 85.4 85.4 85.4 85.4 85.4 85.4 85.4 85.4 85.4 85.4 85.4 85.4 85.4 85.4 85.4 85.4 85.4 85.4 85.4 85.4 85.4 85.4 85.4 85.4 85.4 85.4 85.4 85.4 85.4 85.4 85.4 85.4 85.4 85.4 85.4 85.4 85.4 85.4 85.4 85.4 79.6 79.6 79.6 79.6 79.6 79.6 79.6 79.6 79.6 79.6 79.6 79.6 79.6 79.6 79.6 79.6 79.6 79.6 79.6 79.6 79.6 79.6 79.6 79.6 79.6 79.6 79.6 79.6 79.6 
89.3 89.3 89.3 89.3 89.3 89.3 89.3 89.3 89.3 89.3 89.3 85.4 85.4 85.4 85.4 85.4 85.4 85.4 85.4 85.4 85.4 85.4 85.4 85.4 85.4 85.4 85.4 85.4 85.4 85.4 85.4 85.4 85.4 85.4 85.4 85.4 85.4 85.4 85.4 85.4 85.4 85.4 85.4 85.4 85.4 85.4 85.4 85.4 85.4 85.4 85.4 85.4 85.4 85.4 85.4 85.4 85.4 85.4 85.4 85.4 85.4 85.4 85.4 85.4 85.4 85.4 85.4 85.4 85.4 85.4 85.4 79.6 79.6 79.6 79.6 79.6 79.6 79.6 79.6 79.6 79.6 79.6 79.6 79.6 79.6 79.6 79.6 79.6 79.6 79.6 79.6 79.6 79.6 79.6 79.6 79.6 79.6 79.6 79.6 79.6 
89.3 89.3 89.3 89.3 89.3 89.3 89.3 89.3 89.3 89.3 89.3 85.4 85.4 85.4 85.4 85.4 85.4 85.4 85.4 85.4 85.4 85.4 85.4 85.4 85.4 85.4 85.4 85.4 85.4 85.4 85.4 85.4 85.4 85.4 85.4 85.4 85.4 85.4 85.4 85.4 85.4 85.4 85.4 85.4 85.4 85.4 85.4 85.4 85.4 85.4 85.4 85.4 85.4 85.4 85.4 85.4 85.4 85.4 85.4 85.4 85.4 85.4 85.4 85.4 85.4 85.4 85.4 85.4 85.4 85.4 85.4 79.6 79.6 79.6 79.6 79.6 79.6 79.6 79.6 79.6 79.6 79.6 79.6 79.6 79.6 79.6 79.6 79.6 79.6 79.6 79.6 79.6 79.6 79.6 79.6 79.6 79.6 79.6 79.6 79.6 
89.3 89.3 89.3 89.3 89.3 89.3 89.3 89.3 89.3 89.3 89.3 85.4 85.4 85.4 85.4 85.4 85.4 85.4 85.4 85.4 85.4 85.4 85.4 85.4 85.4 85.4 85.4 85.4 85.4 85.4 85.4 85.4 85.4 85.4 85.4 85.4 85.4 85.4 85.4 85.4 85.4 85.4 85.4 85.4 85.4 85.4 85.4 85.4 85.4 85.4 85.4 85.4 85.4 85.4 85.4 85.4 85.4 85.4 85.4 85.4 85.4 85.4 85.4 85.4 85.4 85.4 85.4 85.4 85.4 85.4 85.4 79.6 79.6 79.6 79.6 79.6 79.6 79.6 79.6 79.6 79.6 79.6 79.6 79.6 79.6 79.6 79.6 79.6 79.6 79.6 79.6 79.6 79.6 79.6 79.6 79.6 79.6 79.6 79.6 79.6 
89.3 89.3 89.3 89.3 89.3 89.3 89.3 89.3 89.3 89.3 89.3 85.4 85.4 85.4 85.4 85.4 85.4 85.4 85.4 85.4 85.4 85.4 85.4 85.4 85.4 85.4 85.4 85.4 85.4 85.4 85.4 85.4 85.4 85.4 85.4 85.4 85.4 85.4 85.4 85.4 85.4 85.4 85.4 85.4 85.4 85.4 85.4 85.4 85.4 85.4 85.4 85.4 85.4 85.4 85.4 85.4 85.4 85.4 85.4 85.4 85.4 85.4 85.4 85.4 85.4 85.4 85.4 85.4 85.4 85.4 85.4 79.6 79.6 79.6 79.6 79.6 79.6 79.6 79.6 79.6 79.6 79.6 79.6 79.6 79.6 79.6 79.6 79.6 79.6 79.6 79.6 79.6 79.6 79.6 79.6 79.6 79.6 79.6 79.6 79.6 
89.3 89.3 89.3 89.3 89.3 89.3 89.3 89.3 89.3 89.3 89.3 85.4 85.4 85.4 85.4 85.4 85.4 85.4 85.4 85.4 85.4 85.4 85.4 85.4 85.4 85.4 85.4 85.4 85.4 85.4 85.4 85.4 85.4 85.4 85.4 85.4 85.4 85.4 85.4 85.4 85.4 85.4 85.4 85.4 85.4 85.4 85.4 85.4 85.4 85.4 85.4 85.4 85.4 85.4 85.4 85.4 85.4 85.4 85.4 85.4 85.4 85.4 85.4 85.4 85.4 85.4 85.4 85.4 85.4 85.4 85.4 79.6 79.6 79.6 79.6 79.6 79.6 79.6 79.6 79.6 79.6 79.6 79.6 79.6 79.6 79.6 79.6 79.6 79.6 79.6 79.6 79.6 79.6 79.6 79.6 79.6 79.6 79.6 79.6 79.6 
89.3 89.3 89.3 89.3 89.3 89.3 89.3 89.3 89.3 89.3 89.3 85.4 85.4 85.4 85.4 85.4 85.4 85.4 85.4 85.4 85.4 85.4 85.4 85.4 85.4 85.4 85.4 85.4 85.4 85.4 85.4 85.4 85.4 85.4 85.4 85.4 85.4 85.4 85.4 85.4 85.4 85.4 85.4 85.4 85.4 85.4 85.4 85.4 85.4 85.4 85.4 85.4 85.4 85.4 85.4 85.4 85.4 85.4 85.4 85.4 85.4 85.4 85.4 85.4 85.4 85.4 85.4 85.4 85.4 85.4 85.4 79.6 79.6 79.6 79.6 79.6 79.6 79.6 79.6 79.6 79.6 79.6 79.6 79.6 79.6 79.6 79.6 79.6 79.6 79.6 79.6 79.6 79.6 79.6 79.6 79.6 79.6 79.6 79.6 79.6 
89.3 89.3 89.3 89.3 89.3 89.3 89.3 89.3 89.3 89.3 89.3 85.4 85.4 85.4 85.4 85.4 85.4 85.4 85.4 85.4 85.4 85.4 85.4 85.4 85.4 85.4 85.4 85.4 85.4 85.4 85.4 85.4 85.4 85.4 85.4 85.4 85.4 85.4 85.4 85.4 85.4 85.4 85.4 85.4 85.4 85.4 85.4 85.4 85.4 85.4 85.4 85.4 85.4 85.4 85.4 85.4 85.4 85.4 85.4 85.4 85.4 85.4 85.4 85.4 85.4 85.4 85.4 85.4 85.4 85.4 85.4 79.6 79.6 79.6 79.6 79.6 79.6 79.6 79.6 79.6 79.6 79.6 79.6 79.6 79.6 79.6 79.6 79.6 79.6 79.6 79.6 79.6 79.6 79.6 79.6 79.6 79.6 79.6 79.6 79.6 
89.3 89.3 89.3 89.3 89.3 89.3 89.3 89.3 89.3 89.3 89.3 85.4 85.4 85.4 85.4 85.4 85.4 85.4 85.4 85.4 85.4 85.4 85.4 85.4 85.4 85.4 85.4 85.4 85.4 85.4 85.4 85.4 85.4 85.4 85.4 85.4 85.4 85.4 85.4 85.4 85.4 85.4 85.4 85.4 85.4 85.4 85.4 85.4 85.4 85.4 85.4 85.4 85.4 85.4 85.4 85.4 85.4 85.4 85.4 85.4 85.4 85.4 85.4 85.4 85.4 85.4 85.4 85.4 85.4 85.4 85.4 79.6 79.6 79.6 79.6 79.6 79.6 79.6 79.6 79.6 79.6 79.6 79.6 79.6 79.6 79.6 79.6 79.6 79.6 79.6 79.6 79.6 79.6 79.6 79.6 79.6 79.6 79.6 79.6 79.6 
89.3 89.3 89.3 89.3 89.3 89.3 89.3 89.3 89.3 89.3 89.3 85.4 85.4 85.4 85.4 85.4 85.4 85.4 85.4 85.4 85.4 85.4 85.4 85.4 85.4 85.4 85.4 85.4 85.4 85.4 85.4 85.4 85.4 85.4 85.4 85.4 85.4 85.4 85.4 85.4 85.4 85.4 85.4 85.4 85.4 85.4 85.4 85.4 85.4 85.4 85.4 85.4 85.4 85.4 85.4 85.4 85.4 85.4 85.4 85.4 85.4 85.4 85.4 85.4 85.4 85.4 85.4 85.4 85.4 85.4 85.4 79.6 79.6 79.6 79.6 79.6 79.6 79.6 79.6 79.6 79.6 79.6 79.6 79.6 79.6 79.6 79.6 79.6 79.6 79.6 79.6 79.6 79.6 79.6 79.6 79.6 79.6 79.6 79.6 79.6 
89.3 89.3 89.3 89.3 89.3 89.3 89.3 89.3 89.3 89.3 89.3 85.4 85.4 85.4 85.4 85.4 85.4 85.4 85.4 85.4 85.4 85.4 85.4 85.4 85.4 85.4 85.4 85.4 85.4 85.4 85.4 85.4 85.4 85.4 85.4 85.4 85.4 85.4 85.4 85.4 85.4 85.4 85.4 85.4 85.4 85.4 85.4 85.4 85.4 85.4 85.4 85.4 85.4 85.4 85.4 85.4 85.4 85.4 85.4 85.4 85.4 85.4 85.4 85.4 85.4 85.4 85.4 85.4 85.4 85.4 85.4 79.6 79.6 79.6 79.6 79.6 79.6 79.6 79.6 79.6 79.6 79.6 79.6 79.6 79.6 79.6 79.6 79.6 79.6 79.6 79.6 79.6 79.6 79.6 79.6 79.6 79.6 79.6 79.6 79.6 
89.3 89.3 89.3 89.3 89.3 89.3 89.3 89.3 89.3 89.3 89.3 85.4 85.4 85.4 85.4 85.4 85.4 85.4 85.4 85.4 85.4 85.4 85.4 85.4 85.4 85.4 85.4 85.4 85.4 85.4 85.4 85.4 85.4 85.4 85.4 85.4 85.4 85.4 85.4 85.4 85.4 85.4 85.4 85.4 85.4 85.4 85.4 85.4 85.4 85.4 85.4 85.4 85.4 85.4 85.4 85.4 85.4 85.4 85.4 85.4 85.4 85.4 85.4 85.4 85.4 85.4 85.4 85.4 85.4 85.4 85.4 79.6 79.6 79.6 79.6 79.6 79.6 79.6 79.6 79.6 79.6 79.6 79.6 79.6 79.6 79.6 79.6 79.6 79.6 79.6 79.6 79.6 79.6 79.6 79.6 79.6 79.6 79.6 79.6 79.6 
89.3 89.3 89.3 89.3 89.3 89.3 89.3 89.3 89.3 89.3 89.3 85.4 85.4 85.4 85.4 85.4 85.4 85.4 85.4 85.4 85.4 85.4 85.4 85.4 85.4 85.4 85.4 85.4 85.4 85.4 85.4 85.4 85.4 85.4 85.4 85.4 85.4 85.4 85.4 85.4 85.4 85.4 85.4 85.4 85.4 85.4 85.4 85.4 85.4 85.4 85.4 85.4 85.4 85.4 85.4 85.4 85.4 85.4 85.4 85.4 85.4 85.4 85.4 85.4 85.4 85.4 85.4 85.4 85.4 85.4 85.4 79.6 79.6 79.6 79.6 79.6 79.6 79.6 79.6 79.6 79.6 79.6 79.6 79.6 79.6 79.6 79.6 79.6 79.6 79.6 79.6 79.6 79.6 79.6 79.6 79.6 79.6 79.6 79.6 79.6 
89.3 89.3 89.3 89.3 89.3 89.3 89.3 89.3 89.3 89.3 89.3 85.4 85.4 85.4 85.4 85.4 85.4 85.4 85.4 85.4 85.4 85.4 85.4 85.4 85.4 85.4 85.4 85.4 85.4 85.4 85.4 85.4 85.4 85.4 85.4 85.4 85.4 85.4 85.4 85.4 85.4 85.4 85.4 85.4 85.4 85.4 85.4 85.4 85.4 85.4 85.4 85.4 85.4 85.4 85.4 85.4 85.4 85.4 85.4 85.4 85.4 85.4 85.4 85.4 85.4 85.4 85.4 85.4 85.4 85.4 85.4 79.6 79.6 79.6 79.6 79.6 79.6 79.6 79.6 79.6 79.6 79.6 79.6 79.6 79.6 79.6 79.6 79.6 79.6 79.6 79.6 79.6 79.6 79.6 79.6 79.6 79.6 79.6 79.6 79.6 
89.3 89.3 89.3 89.3 89.3 89.3 89.3 89.3 89.3 89.3 89.3 85.4 85.4 85.4 85.4 85.4 85.4 85.4 85.4 85.4 85.4 85.4 85.4 85.4 85.4 85.4 85.4 85.4 85.4 85.4 85.4 85.4 85.4 85.4 85.4 85.4 85.4 85.4 85.4 85.4 85.4 85.4 85.4 85.4 85.4 85.4 85.4 85.4 85.4 85.4 85.4 85.4 85.4 85.4 85.4 85.4 85.4 85.4 85.4 85.4 85.4 85.4 85.4 85.4 85.4 85.4 85.4 85.4 85.4 85.4 85.4 79.6 79.6 79.6 79.6 79.6 79.6 79.6 79.6 79.6 79.6 79.6 79.6 79.6 79.6 79.6 79.6 79.6 79.6 79.6 79.6 79.6 79.6 79.6 79.6 79.6 79.6 79.6 79.6 79.6 
89.3 89.3 89.3 89.3 89.3 89.3 89.3 89.3 89.3 89.3 89.3 85.4 85.4 85.4 85.4 85.4 85.4 85.4 85.4 85.4 85.4 85.4 85.4 85.4 85.4 85.4 85.4 85.4 85.4 85.4 85.4 85.4 85.4 85.4 85.4 85.4 85.4 85.4 85.4 85.4 85.4 85.4 85.4 85.4 85.4 85.4 85.4 85.4 85.4 85.4 85.4 85.4 85.4 85.4 85.4 85.4 85.4 85.4 85.4 85.4 85.4 85.4 85.4 85.4 85.4 85.4 85.4 85.4 85.4 85.4 85.4 79.6 79.6 79.6 79.6 79.6 79.6 79.6 79.6 79.6 79.6 79.6 79.6 79.6 79.6 79.6 79.6 79.6 79.6 79.6 79.6 79.6 79.6 79.6 79.6 79.6 79.6 79.6 79.6 79.6 
89.3 89.3 89.3 89.3 89.3 89.3 89.3 89.3 89.3 89.3 89.3 85.4 85.4 85.4 85.4 85.4 85.4 85.4 85.4 85.4 85.4 85.4 85.4 85.4 85.4 85.4 85.4 85.4 85.4 85.4 85.4 85.4 85.4 85.4 85.4 85.4 85.4 85.4 85.4 85.4 85.4 85.4 85.4 85.4 85.4 85.4 85.4 85.4 85.4 85.4 85.4 85.4 85.4 85.4 85.4 85.4 85.4 85.4 85.4 85.4 85.4 85.4 85.4 85.4 85.4 85.4 85.4 85.4 85.4 85.4 85.4 79.6 79.6 79.6 79.6 79.6 79.6 79.6 79.6 79.6 79.6 79.6 79.6 79.6 79.6 79.6 79.6 79.6 79.6 79.6 79.6 79.6 79.6 79.6 79.6 79.6 79.6 79.6 79.6 79.6 
89.3 89.3 89.3 89.3 89.3 89.3 89.3 89.3 89.3 89.3 89.3 85.4 85.4 85.4 85.4 85.4 85.4 85.4 85.4 85.4 85.4 85.4 85.4 85.4 85.4 85.4 85.4 85.4 85.4 85.4 85.4 85.4 85.4 85.4 85.4 85.4 85.4 85.4 85.4 85.4 85.4 85.4 85.4 85.4 85.4 85.4 85.4 85.4 85.4 85.4 85.4 85.4 85.4 85.4 85.4 85.4 85.4 85.4 85.4 85.4 85.4 85.4 85.4 85.4 85.4 85.4 85.4 85.4 85.4 85.4 85.4 79.6 79.6 79.6 79.6 79.6 79.6 79.6 79.6 79.6 79.6 79.6 79.6 79.6 79.6 79.6 79.6 79.6 79.6 79.6 79.6 79.6 79.6 79.6 79.6 79.6 79.6 79.6 79.6 79.6 
89.3 89.3 89.3 89.3 89.3 89.3 89.3 89.3 89.3 89.3 89.3 85.4 85.4 85.4 85.4 85.4 85.4 85.4 85.4 85.4 85.4 85.4 85.4 85.4 85.4 85.4 85.4 85.4 85.4 85.4 85.4 85.4 85.4 85.4 85.4 85.4 85.4 85.4 85.4 85.4 85.4 85.4 85.4 85.4 85.4 85.4 85.4 85.4 85.4 85.4 85.4 85.4 85.4 85.4 85.4 85.4 85.4 85.4 85.4 85.4 85.4 85.4 85.4 85.4 85.4 85.4 85.4 85.4 85.4 85.4 85.4 79.6 79.6 79.6 79.6 79.6 79.6 79.6 79.6 79.6 79.6 79.6 79.6 79.6 79.6 79.6 79.6 79.6 79.6 79.6 79.6 79.6 79.6 79.6 79.6 79.6 79.6 79.6 79.6 79.6 
89.3 89.3 89.3 89.3 89.3 89.3 89.3 89.3 89.3 89.3 89.3 85.4 85.4 85.4 85.4 85.4 85.4 85.4 85.4 85.4 85.4 85.4 85.4 85.4 85.4 85.4 85.4 85.4 85.4 85.4 85.4 85.4 85.4 85.4 85.4 85.4 85.4 85.4 85.4 85.4 85.4 85.4 85.4 85.4 85.4 85.4 85.4 85.4 85.4 85.4 85.4 85.4 85.4 85.4 85.4 85.4 85.4 85.4 85.4 85.4 85.4 85.4 85.4 85.4 85.4 85.4 85.4 85.4 85.4 85.4 85.4 79.6 79.6 79.6 79.6 79.6 79.6 79.6 79.6 79.6 79.6 79.6 79.6 79.6 79.6 79.6 79.6 79.6 79.6 79.6 79.6 79.6 79.6 79.6 79.6 79.6 79.6 79.6 79.6 79.6 
89.3 89.3 89.3 89.3 89.3 89.3 89.3 89.3 89.3 89.3 89.3 85.4 85.4 85.4 85.4 85.4 85.4 85.4 85.4 85.4 85.4 85.4 85.4 85.4 85.4 85.4 85.4 85.4 85.4 85.4 85.4 85.4 85.4 85.4 85.4 85.4 85.4 85.4 85.4 85.4 85.4 85.4 85.4 85.4 85.4 85.4 85.4 85.4 85.4 85.4 85.4 85.4 85.4 85.4 85.4 85.4 85.4 85.4 85.4 85.4 85.4 85.4 85.4 85.4 85.4 85.4 85.4 85.4 85.4 85.4 85.4 79.6 79.6 79.6 79.6 79.6 79.6 79.6 79.6 79.6 79.6 79.6 79.6 79.6 79.6 79.6 79.6 79.6 79.6 79.6 79.6 79.6 79.6 79.6 79.6 79.6 79.6 79.6 79.6 79.6 
89.3 89.3 89.3 89.3 89.3 89.3 89.3 89.3 89.3 89.3 89.3 85.4 85.4 85.4 85.4 85.4 85.4 85.4 85.4 85.4 85.4 85.4 85.4 85.4 85.4 85.4 85.4 85.4 85.4 85.4 85.4 85.4 85.4 85.4 85.4 85.4 85.4 85.4 85.4 85.4 85.4 85.4 85.4 85.4 85.4 85.4 85.4 85.4 85.4 85.4 85.4 85.4 85.4 85.4 85.4 85.4 85.4 85.4 85.4 85.4 85.4 85.4 85.4 85.4 85.4 85.4 85.4 85.4 85.4 85.4 85.4 79.6 79.6 79.6 79.6 79.6 79.6 79.6 79.6 79.6 79.6 79.6 79.6 79.6 79.6 79.6 79.6 79.6 79.6 79.6 79.6 79.6 79.6 79.6 79.6 79.6 79.6 79.6 79.6 79.6 
89.3 89.3 89.3 89.3 89.3 89.3 89.3 89.3 89.3 89.3 89.3 85.4 85.4 85.4 85.4 85.4 85.4 85.4 85.4 85.4 85.4 85.4 85.4 85.4 85.4 85.4 85.4 85.4 85.4 85.4 85.4 85.4 85.4 85.4 85.4 85.4 85.4 85.4 85.4 85.4 85.4 85.4 85.4 85.4 85.4 85.4 85.4 85.4 85.4 85.4 85.4 85.4 85.4 85.4 85.4 85.4 85.4 85.4 85.4 85.4 85.4 85.4 85.4 85.4 85.4 85.4 85.4 85.4 85.4 85.4 85.4 79.6 79.6 79.6 79.6 79.6 79.6 79.6 79.6 79.6 79.6 79.6 79.6 79.6 79.6 79.6 79.6 79.6 79.6 79.6 79.6 79.6 79.6 79.6 79.6 79.6 79.6 79.6 79.6 79.6 
89.3 89.3 89.3 89.3 89.3 89.3 89.3 89.3 89.3 89.3 89.3 85.4 85.4 85.4 85.4 85.4 85.4 85.4 85.4 85.4 85.4 85.4 85.4 85.4 85.4 85.4 85.4 85.4 85.4 85.4 85.4 85.4 85.4 85.4 85.4 85.4 85.4 85.4 85.4 85.4 85.4 85.4 85.4 85.4 85.4 85.4 85.4 85.4 85.4 85.4 85.4 85.4 85.4 85.4 85.4 85.4 85.4 85.4 85.4 85.4 85.4 85.4 85.4 85.4 85.4 85.4 85.4 85.4 85.4 85.4 85.4 79.6 79.6 79.6 79.6 79.6 79.6 79.6 79.6 79.6 79.6 79.6 79.6 79.6 79.6 79.6 79.6 79.6 79.6 79.6 79.6 79.6 79.6 79.6 79.6 79.6 79.6 79.6 79.6 79.6 
89.3 89.3 89.3 89.3 89.3 89.3 89.3 89.3 89.3 89.3 89.3 85.4 85.4 85.4 85.4 85.4 85.4 85.4 85.4 85.4 85.4 85.4 85.4 85.4 85.4 85.4 85.4 85.4 85.4 85.4 85.4 85.4 85.4 85.4 85.4 85.4 85.4 85.4 85.4 85.4 85.4 85.4 85.4 85.4 85.4 85.4 85.4 85.4 85.4 85.4 85.4 85.4 85.4 85.4 85.4 85.4 85.4 85.4 85.4 85.4 85.4 85.4 85.4 85.4 85.4 85.4 85.4 85.4 85.4 85.4 85.4 79.6 79.6 79.6 79.6 79.6 79.6 79.6 79.6 79.6 79.6 79.6 79.6 79.6 79.6 79.6 79.6 79.6 79.6 79.6 79.6 79.6 79.6 79.6 79.6 79.6 79.6 79.6 79.6 79.6 
89.3 89.3 89.3 89.3 89.3 89.3 89.3 89.3 89.3 89.3 89.3 85.4 85.4 85.4 85.4 85.4 85.4 85.4 85.4 85.4 85.4 85.4 85.4 85.4 85.4 85.4 85.4 85.4 85.4 85.4 85.4 85.4 85.4 85.4 85.4 85.4 85.4 85.4 85.4 85.4 85.4 85.4 85.4 85.4 85.4 85.4 85.4 85.4 85.4 85.4 85.4 85.4 85.4 85.4 85.4 85.4 85.4 85.4 85.4 85.4 85.4 85.4 85.4 85.4 85.4 85.4 85.4 85.4 85.4 85.4 85.4 79.6 79.6 79.6 79.6 79.6 79.6 79.6 79.6 79.6 79.6 79.6 79.6 79.6 79.6 79.6 79.6 79.6 79.6 79.6 79.6 79.6 79.6 79.6 79.6 79.6 79.6 79.6 79.6 79.6 
89.3 89.3 89.3 89.3 89.3 89.3 89.3 89.3 89.3 89.3 89.3 85.4 85.4 85.4 85.4 85.4 85.4 85.4 85.4 85.4 85.4 85.4 85.4 85.4 85.4 85.4 85.4 85.4 85.4 85.4 85.4 85.4 85.4 85.4 85.4 85.4 85.4 85.4 85.4 85.4 85.4 85.4 85.4 85.4 85.4 85.4 85.4 85.4 85.4 85.4 85.4 85.4 85.4 85.4 85.4 85.4 85.4 85.4 85.4 85.4 85.4 85.4 85.4 85.4 85.4 85.4 85.4 85.4 85.4 85.4 85.4 79.6 79.6 79.6 79.6 79.6 79.6 79.6 79.6 79.6 79.6 79.6 79.6 79.6 79.6 79.6 79.6 79.6 79.6 79.6 79.6 79.6 79.6 79.6 79.6 79.6 79.6 79.6 79.6 79.6 
89.3 89.3 89.3 89.3 89.3 89.3 89.3 89.3 89.3 89.3 89.3 85.4 85.4 85.4 85.4 85.4 85.4 85.4 85.4 85.4 85.4 85.4 85.4 85.4 85.4 85.4 85.4 85.4 85.4 85.4 85.4 85.4 85.4 85.4 85.4 85.4 85.4 85.4 85.4 85.4 85.4 85.4 85.4 85.4 85.4 85.4 85.4 85.4 85.4 85.4 85.4 85.4 85.4 85.4 85.4 85.4 85.4 85.4 85.4 85.4 85.4 85.4 85.4 85.4 85.4 85.4 85.4 85.4 85.4 85.4 85.4 79.6 79.6 79.6 79.6 79.6 79.6 79.6 79.6 79.6 79.6 79.6 79.6 79.6 79.6 79.6 79.6 79.6 79.6 79.6 79.6 79.6 79.6 79.6 79.6 79.6 79.6 79.6 79.6 79.6 
89.3 89.3 89.3 89.3 89.3 89.3 89.3 89.3 89.3 89.3 89.3 85.4 85.4 85.4 85.4 85.4 85.4 85.4 85.4 85.4 85.4 85.4 85.4 85.4 85.4 85.4 85.4 85.4 85.4 85.4 85.4 85.4 85.4 85.4 85.4 85.4 85.4 85.4 85.4 85.4 85.4 85.4 85.4 85.4 85.4 85.4 85.4 85.4 85.4 85.4 85.4 85.4 85.4 85.4 85.4 85.4 85.4 85.4 85.4 85.4 85.4 85.4 85.4 85.4 85.4 85.4 85.4 85.4 85.4 85.4 85.4 79.6 79.6 79.6 79.6 79.6 79.6 79.6 79.6 79.6 79.6 79.6 79.6 79.6 79.6 79.6 79.6 79.6 79.6 79.6 79.6 79.6 79.6 79.6 79.6 79.6 79.6 79.6 79.6 79.6 
89.3 89.3 89.3 89.3 89.3 89.3 89.3 89.3 89.3 89.3 89.3 85.4 85.4 85.4 85.4 85.4 85.4 85.4 85.4 85.4 85.4 85.4 85.4 85.4 85.4 85.4 85.4 85.4 85.4 85.4 85.4 85.4 85.4 85.4 85.4 85.4 85.4 85.4 85.4 85.4 85.4 85.4 85.4 85.4 85.4 85.4 85.4 85.4 85.4 85.4 85.4 85.4 85.4 85.4 85.4 85.4 85.4 85.4 85.4 85.4 85.4 85.4 85.4 85.4 85.4 85.4 85.4 85.4 85.4 85.4 85.4 79.6 79.6 79.6 79.6 79.6 79.6 79.6 79.6 79.6 79.6 79.6 79.6 79.6 79.6 79.6 79.6 79.6 79.6 79.6 79.6 79.6 79.6 79.6 79.6 79.6 79.6 79.6 79.6 79.6 
89.3 89.3 89.3 89.3 89.3 89.3 89.3 89.3 89.3 89.3 89.3 85.4 85.4 85.4 85.4 85.4 85.4 85.4 85.4 85.4 85.4 85.4 85.4 85.4 85.4 85.4 85.4 85.4 85.4 85.4 85.4 85.4 85.4 85.4 85.4 85.4 85.4 85.4 85.4 85.4 85.4 85.4 85.4 85.4 85.4 85.4 85.4 85.4 85.4 85.4 85.4 85.4 85.4 85.4 85.4 85.4 85.4 85.4 85.4 85.4 85.4 85.4 85.4 85.4 85.4 85.4 85.4 85.4 85.4 85.4 85.4 79.6 79.6 79.6 79.6 79.6 79.6 79.6 79.6 79.6 79.6 79.6 79.6 79.6 79.6 79.6 79.6 79.6 79.6 79.6 79.6 79.6 79.6 79.6 79.6 79.6 79.6 79.6 79.6 79.6 
89.3 89.3 89.3 89.3 89.3 89.3 89.3 89.3 89.3 89.3 89.3 85.4 85.4 85.4 85.4 85.4 85.4 85.4 85.4 85.4 85.4 85.4 85.4 85.4 85.4 85.4 85.4 85.4 85.4 85.4 85.4 85.4 85.4 85.4 85.4 85.4 85.4 85.4 85.4 85.4 85.4 85.4 85.4 85.4 85.4 85.4 85.4 85.4 85.4 85.4 85.4 85.4 85.4 85.4 85.4 85.4 85.4 85.4 85.4 85.4 85.4 85.4 85.4 85.4 85.4 85.4 85.4 85.4 85.4 85.4 85.4 79.6 79.6 79.6 79.6 79.6 79.6 79.6 79.6 79.6 79.6 79.6 79.6 79.6 79.6 79.6 79.6 79.6 79.6 79.6 79.6 79.6 79.6 79.6 79.6 79.6 79.6 79.6 79.6 79.6 
89.3 89.3 89.3 89.3 89.3 89.3 89.3 89.3 89.3 89.3 89.3 85.4 85.4 85.4 85.4 85.4 85.4 85.4 85.4 85.4 85.4 85.4 85.4 85.4 85.4 85.4 85.4 85.4 85.4 85.4 85.4 85.4 85.4 85.4 85.4 85.4 85.4 85.4 85.4 85.4 85.4 85.4 85.4 85.4 85.4 85.4 85.4 85.4 85.4 85.4 85.4 85.4 85.4 85.4 85.4 85.4 85.4 85.4 85.4 85.4 85.4 85.4 85.4 85.4 85.4 85.4 85.4 85.4 85.4 85.4 85.4 79.6 79.6 79.6 79.6 79.6 79.6 79.6 79.6 79.6 79.6 79.6 79.6 79.6 79.6 79.6 79.6 79.6 79.6 79.6 79.6 79.6 79.6 79.6 79.6 79.6 79.6 79.6 79.6 79.6 
89.3 89.3 89.3 89.3 89.3 89.3 89.3 89.3 89.3 89.3 89.3 85.4 85.4 85.4 85.4 85.4 85.4 85.4 85.4 85.4 85.4 85.4 85.4 85.4 85.4 85.4 85.4 85.4 85.4 85.4 85.4 85.4 85.4 85.4 85.4 85.4 85.4 85.4 85.4 85.4 85.4 85.4 85.4 85.4 85.4 85.4 85.4 85.4 85.4 85.4 85.4 85.4 85.4 85.4 85.4 85.4 85.4 85.4 85.4 85.4 85.4 85.4 85.4 85.4 85.4 85.4 85.4 85.4 85.4 85.4 85.4 79.6 79.6 79.6 79.6 79.6 79.6 79.6 79.6 79.6 79.6 79.6 79.6 79.6 79.6 79.6 79.6 79.6 79.6 79.6 79.6 79.6 79.6 79.6 79.6 79.6 79.6 79.6 79.6 79.6 
117 117 117 117 117 117 117 117 117 117 117 113.4 113.4 113.4 113.4 113.4 113.4 113.4 113.4 113.4 113.4 113.4 113.4 113.4 113.4 113.4 113.4 113.4 113.4 113.4 113.4 113.4 113.4 113.4 113.4 113.4 113.4 113.4 113.4 113.4 113.4 113.4 113.4 113.4 113.4 113.4 113.4 113.4 113.4 113.4 113.4 113.4 113.4 113.4 113.4 113.4 113.4 113.4 113.4 113.4 113.4 113.4 113.4 113.4 113.4 113.4 113.4 113.4 113.4 113.4 113.4 102.3 102.3 102.3 102.3 102.3 102.3 102.3 102.3 102.3 102.3 102.3 102.3 102.3 102.3 102.3 102.3 102.3 102.3 102.3 102.3 102.3 102.3 102.3 102.3 102.3 102.3 102.3 102.3 102.3 
117 117 117 117 117 117 117 117 117 117 117 113.4 113.4 113.4 113.4 113.4 113.4 113.4 113.4 113.4 113.4 113.4 113.4 113.4 113.4 113.4 113.4 113.4 113.4 113.4 113.4 113.4 113.4 113.4 113.4 113.4 113.4 113.4 113.4 113.4 113.4 113.4 113.4 113.4 113.4 113.4 113.4 113.4 113.4 113.4 113.4 113.4 113.4 113.4 113.4 113.4 113.4 113.4 113.4 113.4 113.4 113.4 113.4 113.4 113.4 113.4 113.4 113.4 113.4 113.4 113.4 102.3 102.3 102.3 102.3 102.3 102.3 102.3 102.3 102.3 102.3 102.3 102.3 102.3 102.3 102.3 102.3 102.3 102.3 102.3 102.3 102.3 102.3 102.3 102.3 102.3 102.3 102.3 102.3 102.3 
117 117 117 117 117 117 117 117 117 117 117 113.4 113.4 113.4 113.4 113.4 113.4 113.4 113.4 113.4 113.4 113.4 113.4 113.4 113.4 113.4 113.4 113.4 113.4 113.4 113.4 113.4 113.4 113.4 113.4 113.4 113.4 113.4 113.4 113.4 113.4 113.4 113.4 113.4 113.4 113.4 113.4 113.4 113.4 113.4 113.4 113.4 113.4 113.4 113.4 113.4 113.4 113.4 113.4 113.4 113.4 113.4 113.4 113.4 113.4 113.4 113.4 113.4 113.4 113.4 113.4 102.3 102.3 102.3 102.3 102.3 102.3 102.3 102.3 102.3 102.3 102.3 102.3 102.3 102.3 102.3 102.3 102.3 102.3 102.3 102.3 102.3 102.3 102.3 102.3 102.3 102.3 102.3 102.3 102.3 
117 117 117 117 117 117 117 117 117 117 117 113.4 113.4 113.4 113.4 113.4 113.4 113.4 113.4 113.4 113.4 113.4 113.4 113.4 113.4 113.4 113.4 113.4 113.4 113.4 113.4 113.4 113.4 113.4 113.4 113.4 113.4 113.4 113.4 113.4 113.4 113.4 113.4 113.4 113.4 113.4 113.4 113.4 113.4 113.4 113.4 113.4 113.4 113.4 113.4 113.4 113.4 113.4 113.4 113.4 113.4 113.4 113.4 113.4 113.4 113.4 113.4 113.4 113.4 113.4 113.4 102.3 102.3 102.3 102.3 102.3 102.3 102.3 102.3 102.3 102.3 102.3 102.3 102.3 102.3 102.3 102.3 102.3 102.3 102.3 102.3 102.3 102.3 102.3 102.3 102.3 102.3 102.3 102.3 102.3 
117 117 117 117 117 117 117 117 117 117 117 113.4 113.4 113.4 113.4 113.4 113.4 113.4 113.4 113.4 113.4 113.4 113.4 113.4 113.4 113.4 113.4 113.4 113.4 113.4 113.4 113.4 113.4 113.4 113.4 113.4 113.4 113.4 113.4 113.4 113.4 113.4 113.4 113.4 113.4 113.4 113.4 113.4 113.4 113.4 113.4 113.4 113.4 113.4 113.4 113.4 113.4 113.4 113.4 113.4 113.4 113.4 113.4 113.4 113.4 113.4 113.4 113.4 113.4 113.4 113.4 102.3 102.3 102.3 102.3 102.3 102.3 102.3 102.3 102.3 102.3 102.3 102.3 102.3 102.3 102.3 102.3 102.3 102.3 102.3 102.3 102.3 102.3 102.3 102.3 102.3 102.3 102.3 102.3 102.3 
117 117 117 117 117 117 117 117 117 117 117 113.4 113.4 113.4 113.4 113.4 113.4 113.4 113.4 113.4 113.4 113.4 113.4 113.4 113.4 113.4 113.4 113.4 113.4 113.4 113.4 113.4 113.4 113.4 113.4 113.4 113.4 113.4 113.4 113.4 113.4 113.4 113.4 113.4 113.4 113.4 113.4 113.4 113.4 113.4 113.4 113.4 113.4 113.4 113.4 113.4 113.4 113.4 113.4 113.4 113.4 113.4 113.4 113.4 113.4 113.4 113.4 113.4 113.4 113.4 113.4 102.3 102.3 102.3 102.3 102.3 102.3 102.3 102.3 102.3 102.3 102.3 102.3 102.3 102.3 102.3 102.3 102.3 102.3 102.3 102.3 102.3 102.3 102.3 102.3 102.3 102.3 102.3 102.3 102.3 
117 117 117 117 117 117 117 117 117 117 117 113.4 113.4 113.4 113.4 113.4 113.4 113.4 113.4 113.4 113.4 113.4 113.4 113.4 113.4 113.4 113.4 113.4 113.4 113.4 113.4 113.4 113.4 113.4 113.4 113.4 113.4 113.4 113.4 113.4 113.4 113.4 113.4 113.4 113.4 113.4 113.4 113.4 113.4 113.4 113.4 113.4 113.4 113.4 113.4 113.4 113.4 113.4 113.4 113.4 113.4 113.4 113.4 113.4 113.4 113.4 113.4 113.4 113.4 113.4 113.4 102.3 102.3 102.3 102.3 102.3 102.3 102.3 102.3 102.3 102.3 102.3 102.3 102.3 102.3 102.3 102.3 102.3 102.3 102.3 102.3 102.3 102.3 102.3 102.3 102.3 102.3 102.3 102.3 102.3 
117 117 117 117 117 117 117 117 117 117 117 113.4 113.4 113.4 113.4 113.4 113.4 113.4 113.4 113.4 113.4 113.4 113.4 113.4 113.4 113.4 113.4 113.4 113.4 113.4 113.4 113.4 113.4 113.4 113.4 113.4 113.4 113.4 113.4 113.4 113.4 113.4 113.4 113.4 113.4 113.4 113.4 113.4 113.4 113.4 113.4 113.4 113.4 113.4 113.4 113.4 113.4 113.4 113.4 113.4 113.4 113.4 113.4 113.4 113.4 113.4 113.4 113.4 113.4 113.4 113.4 102.3 102.3 102.3 102.3 102.3 102.3 102.3 102.3 102.3 102.3 102.3 102.3 102.3 102.3 102.3 102.3 102.3 102.3 102.3 102.3 102.3 102.3 102.3 102.3 102.3 102.3 102.3 102.3 102.3 
117 117 117 117 117 117 117 117 117 117 117 113.4 113.4 113.4 113.4 113.4 113.4 113.4 113.4 113.4 113.4 113.4 113.4 113.4 113.4 113.4 113.4 113.4 113.4 113.4 113.4 113.4 113.4 113.4 113.4 113.4 113.4 113.4 113.4 113.4 113.4 113.4 113.4 113.4 113.4 113.4 113.4 113.4 113.4 113.4 113.4 113.4 113.4 113.4 113.4 113.4 113.4 113.4 113.4 113.4 113.4 113.4 113.4 113.4 113.4 113.4 113.4 113.4 113.4 113.4 113.4 102.3 102.3 102.3 102.3 102.3 102.3 102.3 102.3 102.3 102.3 102.3 102.3 102.3 102.3 102.3 102.3 102.3 102.3 102.3 102.3 102.3 102.3 102.3 102.3 102.3 102.3 102.3 102.3 102.3 
117 117 117 117 117 117 117 117 117 117 117 113.4 113.4 113.4 113.4 113.4 113.4 113.4 113.4 113.4 113.4 113.4 113.4 113.4 113.4 113.4 113.4 113.4 113.4 113.4 113.4 113.4 113.4 113.4 113.4 113.4 113.4 113.4 113.4 113.4 113.4 113.4 113.4 113.4 113.4 113.4 113.4 113.4 113.4 113.4 113.4 113.4 113.4 113.4 113.4 113.4 113.4 113.4 113.4 113.4 113.4 113.4 113.4 113.4 113.4 113.4 113.4 113.4 113.4 113.4 113.4 102.3 102.3 102.3 102.3 102.3 102.3 102.3 102.3 102.3 102.3 102.3 102.3 102.3 102.3 102.3 102.3 102.3 102.3 102.3 102.3 102.3 102.3 102.3 102.3 102.3 102.3 102.3 102.3 102.3 
117 117 117 117 117 117 117 117 117 117 117 113.4 113.4 113.4 113.4 113.4 113.4 113.4 113.4 113.4 113.4 113.4 113.4 113.4 113.4 113.4 113.4 113.4 113.4 113.4 113.4 113.4 113.4 113.4 113.4 113.4 113.4 113.4 113.4 113.4 113.4 113.4 113.4 113.4 113.4 113.4 113.4 113.4 113.4 113.4 113.4 113.4 113.4 113.4 113.4 113.4 113.4 113.4 113.4 113.4 113.4 113.4 113.4 113.4 113.4 113.4 113.4 113.4 113.4 113.4 113.4 102.3 102.3 102.3 102.3 102.3 102.3 102.3 102.3 102.3 102.3 102.3 102.3 102.3 102.3 102.3 102.3 102.3 102.3 102.3 102.3 102.3 102.3 102.3 102.3 102.3 102.3 102.3 102.3 102.3 
117 117 117 117 117 117 117 117 117 117 117 113.4 113.4 113.4 113.4 113.4 113.4 113.4 113.4 113.4 113.4 113.4 113.4 113.4 113.4 113.4 113.4 113.4 113.4 113.4 113.4 113.4 113.4 113.4 113.4 113.4 113.4 113.4 113.4 113.4 113.4 113.4 113.4 113.4 113.4 113.4 113.4 113.4 113.4 113.4 113.4 113.4 113.4 113.4 113.4 113.4 113.4 113.4 113.4 113.4 113.4 113.4 113.4 113.4 113.4 113.4 113.4 113.4 113.4 113.4 113.4 102.3 102.3 102.3 102.3 102.3 102.3 102.3 102.3 102.3 102.3 102.3 102.3 102.3 102.3 102.3 102.3 102.3 102.3 102.3 102.3 102.3 102.3 102.3 102.3 102.3 102.3 102.3 102.3 102.3 
117 117 117 117 117 117 117 117 117 117 117 113.4 113.4 113.4 113.4 113.4 113.4 113.4 113.4 113.4 113.4 113.4 113.4 113.4 113.4 113.4 113.4 113.4 113.4 113.4 113.4 113.4 113.4 113.4 113.4 113.4 113.4 113.4 113.4 113.4 113.4 113.4 113.4 113.4 113.4 113.4 113.4 113.4 113.4 113.4 113.4 113.4 113.4 113.4 113.4 113.4 113.4 113.4 113.4 113.4 113.4 113.4 113.4 113.4 113.4 113.4 113.4 113.4 113.4 113.4 113.4 102.3 102.3 102.3 102.3 102.3 102.3 102.3 102.3 102.3 102.3 102.3 102.3 102.3 102.3 102.3 102.3 102.3 102.3 102.3 102.3 102.3 102.3 102.3 102.3 102.3 102.3 102.3 102.3 102.3 
117 117 117 117 117 117 117 117 117 117 117 113.4 113.4 113.4 113.4 113.4 113.4 113.4 113.4 113.4 113.4 113.4 113.4 113.4 113.4 113.4 113.4 113.4 113.4 113.4 113.4 113.4 113.4 113.4 113.4 113.4 113.4 113.4 113.4 113.4 113.4 113.4 113.4 113.4 113.4 113.4 113.4 113.4 113.4 113.4 113.4 113.4 113.4 113.4 113.4 113.4 113.4 113.4 113.4 113.4 113.4 113.4 113.4 113.4 113.4 113.4 113.4 113.4 113.4 113.4 113.4 102.3 102.3 102.3 102.3 102.3 102.3 102.3 102.3 102.3 102.3 102.3 102.3 102.3 102.3 102.3 102.3 102.3 102.3 102.3 102.3 102.3 102.3 102.3 102.3 102.3 102.3 102.3 102.3 102.3 
117 117 117 117 117 117 117 117 117 117 117 113.4 113.4 113.4 113.4 113.4 113.4 113.4 113.4 113.4 113.4 113.4 113.4 113.4 113.4 113.4 113.4 113.4 113.4 113.4 113.4 113.4 113.4 113.4 113.4 113.4 113.4 113.4 113.4 113.4 113.4 113.4 113.4 113.4 113.4 113.4 113.4 113.4 113.4 113.4 113.4 113.4 113.4 113.4 113.4 113.4 113.4 113.4 113.4 113.4 113.4 113.4 113.4 113.4 113.4 113.4 113.4 113.4 113.4 113.4 113.4 102.3 102.3 102.3 102.3 102.3 102.3 102.3 102.3 102.3 102.3 102.3 102.3 102.3 102.3 102.3 102.3 102.3 102.3 102.3 102.3 102.3 102.3 102.3 102.3 102.3 102.3 102.3 102.3 102.3 
117 117 117 117 117 117 117 117 117 117 117 113.4 113.4 113.4 113.4 113.4 113.4 113.4 113.4 113.4 113.4 113.4 113.4 113.4 113.4 113.4 113.4 113.4 113.4 113.4 113.4 113.4 113.4 113.4 113.4 113.4 113.4 113.4 113.4 113.4 113.4 113.4 113.4 113.4 113.4 113.4 113.4 113.4 113.4 113.4 113.4 113.4 113.4 113.4 113.4 113.4 113.4 113.4 113.4 113.4 113.4 113.4 113.4 113.4 113.4 113.4 113.4 113.4 113.4 113.4 113.4 102.3 102.3 102.3 102.3 102.3 102.3 102.3 102.3 102.3 102.3 102.3 102.3 102.3 102.3 102.3 102.3 102.3 102.3 102.3 102.3 102.3 102.3 102.3 102.3 102.3 102.3 102.3 102.3 102.3 
117 117 117 117 117 117 117 117 117 117 117 113.4 113.4 113.4 113.4 113.4 113.4 113.4 113.4 113.4 113.4 113.4 113.4 113.4 113.4 113.4 113.4 113.4 113.4 113.4 113.4 113.4 113.4 113.4 113.4 113.4 113.4 113.4 113.4 113.4 113.4 113.4 113.4 113.4 113.4 113.4 113.4 113.4 113.4 113.4 113.4 113.4 113.4 113.4 113.4 113.4 113.4 113.4 113.4 113.4 113.4 113.4 113.4 113.4 113.4 113.4 113.4 113.4 113.4 113.4 113.4 102.3 102.3 102.3 102.3 102.3 102.3 102.3 102.3 102.3 102.3 102.3 102.3 102.3 102.3 102.3 102.3 102.3 102.3 102.3 102.3 102.3 102.3 102.3 102.3 102.3 102.3 102.3 102.3 102.3 
117 117 117 117 117 117 117 117 117 117 117 113.4 113.4 113.4 113.4 113.4 113.4 113.4 113.4 113.4 113.4 113.4 113.4 113.4 113.4 113.4 113.4 113.4 113.4 113.4 113.4 113.4 113.4 113.4 113.4 113.4 113.4 113.4 113.4 113.4 113.4 113.4 113.4 113.4 113.4 113.4 113.4 113.4 113.4 113.4 113.4 113.4 113.4 113.4 113.4 113.4 113.4 113.4 113.4 113.4 113.4 113.4 113.4 113.4 113.4 113.4 113.4 113.4 113.4 113.4 113.4 102.3 102.3 102.3 102.3 102.3 102.3 102.3 102.3 102.3 102.3 102.3 102.3 102.3 102.3 102.3 102.3 102.3 102.3 102.3 102.3 102.3 102.3 102.3 102.3 102.3 102.3 102.3 102.3 102.3 
117 117 117 117 117 117 117 117 117 117 117 113.4 113.4 113.4 113.4 113.4 113.4 113.4 113.4 113.4 113.4 113.4 113.4 113.4 113.4 113.4 113.4 113.4 113.4 113.4 113.4 113.4 113.4 113.4 113.4 113.4 113.4 113.4 113.4 113.4 113.4 113.4 113.4 113.4 113.4 113.4 113.4 113.4 113.4 113.4 113.4 113.4 113.4 113.4 113.4 113.4 113.4 113.4 113.4 113.4 113.4 113.4 113.4 113.4 113.4 113.4 113.4 113.4 113.4 113.4 113.4 102.3 102.3 102.3 102.3 102.3 102.3 102.3 102.3 102.3 102.3 102.3 102.3 102.3 102.3 102.3 102.3 102.3 102.3 102.3 102.3 102.3 102.3 102.3 102.3 102.3 102.3 102.3 102.3 102.3 
117 117 117 117 117 117 117 117 117 117 117 113.4 113.4 113.4 113.4 113.4 113.4 113.4 113.4 113.4 113.4 113.4 113.4 113.4 113.4 113.4 113.4 113.4 113.4 113.4 113.4 113.4 113.4 113.4 113.4 113.4 113.4 113.4 113.4 113.4 113.4 113.4 113.4 113.4 113.4 113.4 113.4 113.4 113.4 113.4 113.4 113.4 113.4 113.4 113.4 113.4 113.4 113.4 113.4 113.4 113.4 113.4 113.4 113.4 113.4 113.4 113.4 113.4 113.4 113.4 113.4 102.3 102.3 102.3 102.3 102.3 102.3 102.3 102.3 102.3 102.3 102.3 102.3 102.3 102.3 102.3 102.3 102.3 102.3 102.3 102.3 102.3 102.3 102.3 102.3 102.3 102.3 102.3 102.3 102.3 
117 117 117 117 117 117 117 117 117 117 117 113.4 113.4 113.4 113.4 113.4 113.4 113.4 113.4 113.4 113.4 113.4 113.4 113.4 113.4 113.4 113.4 113.4 113.4 113.4 113.4 113.4 113.4 113.4 113.4 113.4 113.4 113.4 113.4 113.4 113.4 113.4 113.4 113.4 113.4 113.4 113.4 113.4 113.4 113.4 113.4 113.4 113.4 113.4 113.4 113.4 113.4 113.4 113.4 113.4 113.4 113.4 113.4 113.4 113.4 113.4 113.4 113.4 113.4 113.4 113.4 102.3 102.3 102.3 102.3 102.3 102.3 102.3 102.3 102.3 102.3 102.3 102.3 102.3 102.3 102.3 102.3 102.3 102.3 102.3 102.3 102.3 102.3 102.3 102.3 102.3 102.3 102.3 102.3 102.3 
117 117 117 117 117 117 117 117 117 117 117 113.4 113.4 113.4 113.4 113.4 113.4 113.4 113.4 113.4 113.4 113.4 113.4 113.4 113.4 113.4 113.4 113.4 113.4 113.4 113.4 113.4 113.4 113.4 113.4 113.4 113.4 113.4 113.4 113.4 113.4 113.4 113.4 113.4 113.4 113.4 113.4 113.4 113.4 113.4 113.4 113.4 113.4 113.4 113.4 113.4 113.4 113.4 113.4 113.4 113.4 113.4 113.4 113.4 113.4 113.4 113.4 113.4 113.4 113.4 113.4 102.3 102.3 102.3 102.3 102.3 102.3 102.3 102.3 102.3 102.3 102.3 102.3 102.3 102.3 102.3 102.3 102.3 102.3 102.3 102.3 102.3 102.3 102.3 102.3 102.3 102.3 102.3 102.3 102.3 
117 117 117 117 117 117 117 117 117 117 117 113.4 113.4 113.4 113.4 113.4 113.4 113.4 113.4 113.4 113.4 113.4 113.4 113.4 113.4 113.4 113.4 113.4 113.4 113.4 113.4 113.4 113.4 113.4 113.4 113.4 113.4 113.4 113.4 113.4 113.4 113.4 113.4 113.4 113.4 113.4 113.4 113.4 113.4 113.4 113.4 113.4 113.4 113.4 113.4 113.4 113.4 113.4 113.4 113.4 113.4 113.4 113.4 113.4 113.4 113.4 113.4 113.4 113.4 113.4 113.4 102.3 102.3 102.3 102.3 102.3 102.3 102.3 102.3 102.3 102.3 102.3 102.3 102.3 102.3 102.3 102.3 102.3 102.3 102.3 102.3 102.3 102.3 102.3 102.3 102.3 102.3 102.3 102.3 102.3 
117 117 117 117 117 117 117 117 117 117 117 113.4 113.4 113.4 113.4 113.4 113.4 113.4 113.4 113.4 113.4 113.4 113.4 113.4 113.4 113.4 113.4 113.4 113.4 113.4 113.4 113.4 113.4 113.4 113.4 113.4 113.4 113.4 113.4 113.4 113.4 113.4 113.4 113.4 113.4 113.4 113.4 113.4 113.4 113.4 113.4 113.4 113.4 113.4 113.4 113.4 113.4 113.4 113.4 113.4 113.4 113.4 113.4 113.4 113.4 113.4 113.4 113.4 113.4 113.4 113.4 102.3 102.3 102.3 102.3 102.3 102.3 102.3 102.3 102.3 102.3 102.3 102.3 102.3 102.3 102.3 102.3 102.3 102.3 102.3 102.3 102.3 102.3 102.3 102.3 102.3 102.3 102.3 102.3 102.3 
117 117 117 117 117 117 117 117 117 117 117 113.4 113.4 113.4 113.4 113.4 113.4 113.4 113.4 113.4 113.4 113.4 113.4 113.4 113.4 113.4 113.4 113.4 113.4 113.4 113.4 113.4 113.4 113.4 113.4 113.4 113.4 113.4 113.4 113.4 113.4 113.4 113.4 113.4 113.4 113.4 113.4 113.4 113.4 113.4 113.4 113.4 113.4 113.4 113.4 113.4 113.4 113.4 113.4 113.4 113.4 113.4 113.4 113.4 113.4 113.4 113.4 113.4 113.4 113.4 113.4 102.3 102.3 102.3 102.3 102.3 102.3 102.3 102.3 102.3 102.3 102.3 102.3 102.3 102.3 102.3 102.3 102.3 102.3 102.3 102.3 102.3 102.3 102.3 102.3 102.3 102.3 102.3 102.3 102.3 
117 117 117 117 117 117 117 117 117 117 117 113.4 113.4 113.4 113.4 113.4 113.4 113.4 113.4 113.4 113.4 113.4 113.4 113.4 113.4 113.4 113.4 113.4 113.4 113.4 113.4 113.4 113.4 113.4 113.4 113.4 113.4 113.4 113.4 113.4 113.4 113.4 113.4 113.4 113.4 113.4 113.4 113.4 113.4 113.4 113.4 113.4 113.4 113.4 113.4 113.4 113.4 113.4 113.4 113.4 113.4 113.4 113.4 113.4 113.4 113.4 113.4 113.4 113.4 113.4 113.4 102.3 102.3 102.3 102.3 102.3 102.3 102.3 102.3 102.3 102.3 102.3 102.3 102.3 102.3 102.3 102.3 102.3 102.3 102.3 102.3 102.3 102.3 102.3 102.3 102.3 102.3 102.3 102.3 102.3 
117 117 117 117 117 117 117 117 117 117 117 113.4 113.4 113.4 113.4 113.4 113.4 113.4 113.4 113.4 113.4 113.4 113.4 113.4 113.4 113.4 113.4 113.4 113.4 113.4 113.4 113.4 113.4 113.4 113.4 113.4 113.4 113.4 113.4 113.4 113.4 113.4 113.4 113.4 113.4 113.4 113.4 113.4 113.4 113.4 113.4 113.4 113.4 113.4 113.4 113.4 113.4 113.4 113.4 113.4 113.4 113.4 113.4 113.4 113.4 113.4 113.4 113.4 113.4 113.4 113.4 102.3 102.3 102.3 102.3 102.3 102.3 102.3 102.3 102.3 102.3 102.3 102.3 102.3 102.3 102.3 102.3 102.3 102.3 102.3 102.3 102.3 102.3 102.3 102.3 102.3 102.3 102.3 102.3 102.3 
117 117 117 117 117 117 117 117 117 117 117 113.4 113.4 113.4 113.4 113.4 113.4 113.4 113.4 113.4 113.4 113.4 113.4 113.4 113.4 113.4 113.4 113.4 113.4 113.4 113.4 113.4 113.4 113.4 113.4 113.4 113.4 113.4 113.4 113.4 113.4 113.4 113.4 113.4 113.4 113.4 113.4 113.4 113.4 113.4 113.4 113.4 113.4 113.4 113.4 113.4 113.4 113.4 113.4 113.4 113.4 113.4 113.4 113.4 113.4 113.4 113.4 113.4 113.4 113.4 113.4 102.3 102.3 102.3 102.3 102.3 102.3 102.3 102.3 102.3 102.3 102.3 102.3 102.3 102.3 102.3 102.3 102.3 102.3 102.3 102.3 102.3 102.3 102.3 102.3 102.3 102.3 102.3 102.3 102.3 
117 117 117 117 117 117 117 117 117 117 117 113.4 113.4 113.4 113.4 113.4 113.4 113.4 113.4 113.4 113.4 113.4 113.4 113.4 113.4 113.4 113.4 113.4 113.4 113.4 113.4 113.4 113.4 113.4 113.4 113.4 113.4 113.4 113.4 113.4 113.4 113.4 113.4 113.4 113.4 113.4 113.4 113.4 113.4 113.4 113.4 113.4 113.4 113.4 113.4 113.4 113.4 113.4 113.4 113.4 113.4 113.4 113.4 113.4 113.4 113.4 113.4 113.4 113.4 113.4 113.4 102.3 102.3 102.3 102.3 102.3 102.3 102.3 102.3 102.3 102.3 102.3 102.3 102.3 102.3 102.3 102.3 102.3 102.3 102.3 102.3 102.3 102.3 102.3 102.3 102.3 102.3 102.3 102.3 102.3 
117 117 117 117 117 117 117 117 117 117 117 113.4 113.4 113.4 113.4 113.4 113.4 113.4 113.4 113.4 113.4 113.4 113.4 113.4 113.4 113.4 113.4 113.4 113.4 113.4 113.4 113.4 113.4 113.4 113.4 113.4 113.4 113.4 113.4 113.4 113.4 113.4 113.4 113.4 113.4 113.4 113.4 113.4 113.4 113.4 113.4 113.4 113.4 113.4 113.4 113.4 113.4 113.4 113.4 113.4 113.4 113.4 113.4 113.4 113.4 113.4 113.4 113.4 113.4 113.4 113.4 102.3 102.3 102.3 102.3 102.3 102.3 102.3 102.3 102.3 102.3 102.3 102.3 102.3 102.3 102.3 102.3 102.3 102.3 102.3 102.3 102.3 102.3 102.3 102.3 102.3 102.3 102.3 102.3 102.3 
117 117 117 117 117 117 117 117 117 117 117 113.4 113.4 113.4 113.4 113.4 113.4 113.4 113.4 113.4 113.4 113.4 113.4 113.4 113.4 113.4 113.4 113.4 113.4 113.4 113.4 113.4 113.4 113.4 113.4 113.4 113.4 113.4 113.4 113.4 113.4 113.4 113.4 113.4 113.4 113.4 113.4 113.4 113.4 113.4 113.4 113.4 113.4 113.4 113.4 113.4 113.4 113.4 113.4 113.4 113.4 113.4 113.4 113.4 113.4 113.4 113.4 113.4 113.4 113.4 113.4 102.3 102.3 102.3 102.3 102.3 102.3 102.3 102.3 102.3 102.3 102.3 102.3 102.3 102.3 102.3 102.3 102.3 102.3 102.3 102.3 102.3 102.3 102.3 102.3 102.3 102.3 102.3 102.3 102.3 
