ncols         100
nrows         100
xllcorner     -59982.863281
yllcorner     1851083.022172
cellsize      1000
NODATA_value  -9999
91 91 91 91 91 91 91 91 91 91 91 77.7 77.7 77.7 77.7 77.7 77.7 77.7 77.7 77.7 77.7 77.7 77.7 77.7 77.7 77.7 77.7 77.7 77.7 77.7 77.7 77.7 77.7 77.7 77.7 77.7 77.7 77.7 77.7 77.7 77.7 77.7 77.7 77.7 77.7 77.7 77.7 77.7 77.7 77.7 77.7 77.7 77.7 77.7 77.7 77.7 77.7 77.7 77.7 77.7 77.7 77.7 77.7 77.7 77.7 77.7 77.7 77.7 77.7 77.7 77.7 71.9 71.9 71.9 71.9 71.9 71.9 71.9 71.9 71.9 71.9 71.9 71.9 71.9 71.9 71.9 71.9 71.9 71.9 71.9 71.9 71.9 71.9 71.9 71.9 71.9 71.9 71.9 71.9 71.9 
91 91 91 91 91 91 91 91 91 91 91 77.7 77.7 77.7 77.7 77.7 77.7 77.7 77.7 77.7 77.7 77.7 77.7 77.7 77.7 77.7 77.7 77.7 77.7 77.7 77.7 77.7 77.7 77.7 77.7 77.7 77.7 77.7 77.7 77.7 77.7 77.7 77.7 77.7 77.7 77.7 77.7 77.7 77.7 77.7 77.7 77.7 77.7 77.7 77.7 77.7 77.7 77.7 77.7 77.7 77.7 77.7 77.7 77.7 77.7 77.7 77.7 77.7 77.7 77.7 77.7 71.9 71.9 71.9 71.9 71.9 71.9 71.9 71.9 71.9 71.9 71.9 71.9 71.9 71.9 71.9 71.9 71.9 71.9 71.9 71.9 71.9 71.9 71.9 71.9 71.9 71.9 71.9 71.9 71.9 
91 91 91 91 91 91 91 91 91 91 91 77.7 77.7 77.7 77.7 77.7 77.7 77.7 77.7 77.7 77.7 77.7 77.7 77.7 77.7 77.7 77.7 77.7 77.7 77.7 77.7 77.7 77.7 77.7 77.7 77.7 77.7 77.7 77.7 77.7 77.7 77.7 77.7 77.7 77.7 77.7 77.7 77.7 77.7 77.7 77.7 77.7 77.7 77.7 77.7 77.7 77.7 77.7 77.7 77.7 77.7 77.7 77.7 77.7 77.7 77.7 77.7 77.7 77.7 77.7 77.7 71.9 71.9 71.9 71.9 71.9 71.9 71.9 71.9 71.9 71.9 71.9 71.9 71.9 71.9 71.9 71.9 71.9 71.9 71.9 71.9 71.9 71.9 71.9 71.9 71.9 71.9 71.9 71.9 71.9 
91 91 91 91 91 91 91 91 91 91 91 77.7 77.7 77.7 77.7 77.7 77.7 77.7 77.7 77.7 77.7 77.7 77.7 77.7 77.7 77.7 77.7 77.7 77.7 77.7 77.7 77.7 77.7 77.7 77.7 77.7 77.7 77.7 77.7 77.7 77.7 77.7 77.7 77.7 77.7 77.7 77.7 77.7 77.7 77.7 77.7 77.7 77.7 77.7 77.7 77.7 77.7 77.7 77.7 77.7 77.7 77.7 77.7 77.7 77.7 77.7 77.7 77.7 77.7 77.7 77.7 71.9 71.9 71.9 71.9 71.9 71.9 71.9 71.9 71.9 71.9 71.9 71.9 71.9 71.9 71.9 71.9 71.9 71.9 71.9 71.9 71.9 71.9 71.9 71.9 71.9 71.9 71.9 71.9 71.9 
91 91 91 91 91 91 91 91 91 91 91 77.7 77.7 77.7 77.7 77.7 77.7 77.7 77.7 77.7 77.7 77.7 77.7 77.7 77.7 77.7 77.7 77.7 77.7 77.7 77.7 77.7 77.7 77.7 77.7 77.7 77.7 77.7 77.7 77.7 77.7 77.7 77.7 77.7 77.7 77.7 77.7 77.7 77.7 77.7 77.7 77.7 77.7 77.7 77.7 77.7 77.7 77.7 77.7 77.7 77.7 77.7 77.7 77.7 77.7 77.7 77.7 77.7 77.7 77.7 77.7 71.9 71.9 71.9 71.9 71.9 71.9 71.9 71.9 71.9 71.9 71.9 71.9 71.9 71.9 71.9 71.9 71.9 71.9 71.9 71.9 71.9 71.9 71.9 71.9 71.9 71.9 71.9 71.9 71.9 
91 91 91 91 91 91 91 91 91 91 91 77.7 77.7 77.7 77.7 77.7 77.7 77.7 77.7 77.7 77.7 77.7 77.7 77.7 77.7 77.7 77.7 77.7 77.7 77.7 77.7 77.7 77.7 77.7 77.7 77.7 77.7 77.7 77.7 77.7 77.7 77.7 77.7 77.7 77.7 77.7 77.7 77.7 77.7 77.7 77.7 77.7 77.7 77.7 77.7 77.7 77.7 77.7 77.7 77.7 77.7 77.7 77.7 77.7 77.7 77.7 77.7 77.7 77.7 77.7 77.7 71.9 71.9 71.9 71.9 71.9 71.9 71.9 71.9 71.9 71.9 71.9 71.9 71.9 71.9 71.9 71.9 71.9 71.9 71.9 71.9 71.9 71.9 71.9 71.9 71.9 71.9 71.9 71.9 71.9 
91 91 91 91 91 91 91 91 91 91 91 77.7 77.7 77.7 77.7 77.7 77.7 77.7 77.7 77.7 77.7 77.7 77.7 77.7 77.7 77.7 77.7 77.7 77.7 77.7 77.7 77.7 77.7 77.7 77.7 77.7 77.7 77.7 77.7 77.7 77.7 77.7 77.7 77.7 77.7 77.7 77.7 77.7 77.7 77.7 77.7 77.7 77.7 77.7 77.7 77.7 77.7 77.7 77.7 77.7 77.7 77.7 77.7 77.7 77.7 77.7 77.7 77.7 77.7 77.7 77.7 71.9 71.9 71.9 71.9 71.9 71.9 71.9 71.9 71.9 71.9 71.9 71.9 71.9 71.9 71.9 71.9 71.9 71.9 71.9 71.9 71.9 71.9 71.9 71.9 71.9 71.9 71.9 71.9 71.9 
91 91 91 91 91 91 91 91 91 91 91 77.7 77.7 77.7 77.7 77.7 77.7 77.7 77.7 77.7 77.7 77.7 77.7 77.7 77.7 77.7 77.7 77.7 77.7 77.7 77.7 77.7 77.7 77.7 77.7 77.7 77.7 77.7 77.7 77.7 77.7 77.7 77.7 77.7 77.7 77.7 77.7 77.7 77.7 77.7 77.7 77.7 77.7 77.7 77.7 77.7 77.7 77.7 77.7 77.7 77.7 77.7 77.7 77.7 77.7 77.7 77.7 77.7 77.7 77.7 77.7 71.9 71.9 71.9 71.9 71.9 71.9 71.9 71.9 71.9 71.9 71.9 71.9 71.9 71.9 71.9 71.9 71.9 71.9 71.9 71.9 71.9 71.9 71.9 71.9 71.9 71.9 71.9 71.9 71.9 
91 91 91 91 91 91 91 91 91 91 91 77.7 77.7 77.7 77.7 77.7 77.7 77.7 77.7 77.7 77.7 77.7 77.7 77.7 77.7 77.7 77.7 77.7 77.7 77.7 77.7 77.7 77.7 77.7 77.7 77.7 77.7 77.7 77.7 77.7 77.7 77.7 77.7 77.7 77.7 77.7 77.7 77.7 77.7 77.7 77.7 77.7 77.7 77.7 77.7 77.7 77.7 77.7 77.7 77.7 77.7 77.7 77.7 77.7 77.7 77.7 77.7 77.7 77.7 77.7 77.7 71.9 71.9 71.9 71.9 71.9 71.9 71.9 71.9 71.9 71.9 71.9 71.9 71.9 71.9 71.9 71.9 71.9 71.9 71.9 71.9 71.9 71.9 71.9 71.9 71.9 71.9 71.9 71.9 71.9 
98.9 98.9 98.9 98.9 98.9 98.9 98.9 98.9 98.9 98.9 98.9 94.2 94.2 94.2 94.2 94.2 94.2 94.2 94.2 94.2 94.2 94.2 94.2 94.2 94.2 94.2 94.2 94.2 94.2 94.2 94.2 94.2 94.2 94.2 94.2 94.2 94.2 94.2 94.2 94.2 94.2 94.2 94.2 94.2 94.2 94.2 94.2 94.2 94.2 94.2 94.2 94.2 94.2 94.2 94.2 94.2 94.2 94.2 94.2 94.2 94.2 94.2 94.2 94.2 94.2 94.2 94.2 94.2 94.2 94.2 94.2 86.6 86.6 86.6 86.6 86.6 86.6 86.6 86.6 86.6 86.6 86.6 86.6 86.6 86.6 86.6 86.6 86.6 86.6 86.6 86.6 86.6 86.6 86.6 86.6 86.6 86.6 86.6 86.6 86.6 
98.9 98.9 98.9 98.9 98.9 98.9 98.9 98.9 98.9 98.9 98.9 94.2 94.2 94.2 94.2 94.2 94.2 94.2 94.2 94.2 94.2 94.2 94.2 94.2 94.2 94.2 94.2 94.2 94.2 94.2 94.2 94.2 94.2 94.2 94.2 94.2 94.2 94.2 94.2 94.2 94.2 94.2 94.2 94.2 94.2 94.2 94.2 94.2 94.2 94.2 94.2 94.2 94.2 94.2 94.2 94.2 94.2 94.2 94.2 94.2 94.2 94.2 94.2 94.2 94.2 94.2 94.2 94.2 94.2 94.2 94.2 86.6 86.6 86.6 86.6 86.6 86.6 86.6 86.6 86.6 86.6 86.6 86.6 86.6 86.6 86.6 86.6 86.6 86.6 86.6 86.6 86.6 86.6 86.6 86.6 86.6 86.6 86.6 86.6 86.6 
98.9 98.9 98.9 98.9 98.9 98.9 98.9 98.9 98.9 98.9 98.9 94.2 94.2 94.2 94.2 94.2 94.2 94.2 94.2 94.2 94.2 94.2 94.2 94.2 94.2 94.2 94.2 94.2 94.2 94.2 94.2 94.2 94.2 94.2 94.2 94.2 94.2 94.2 94.2 94.2 94.2 94.2 94.2 94.2 94.2 94.2 94.2 94.2 94.2 94.2 94.2 94.2 94.2 94.2 94.2 94.2 94.2 94.2 94.2 94.2 94.2 94.2 94.2 94.2 94.2 94.2 94.2 94.2 94.2 94.2 94.2 86.6 86.6 86.6 86.6 86.6 86.6 86.6 86.6 86.6 86.6 86.6 86.6 86.6 86.6 86.6 86.6 86.6 86.6 86.6 86.6 86.6 86.6 86.6 86.6 86.6 86.6 86.6 86.6 86.6 
98.9 98.9 98.9 98.9 98.9 98.9 98.9 98.9 98.9 98.9 98.9 94.2 94.2 94.2 94.2 94.2 94.2 94.2 94.2 94.2 94.2 94.2 94.2 94.2 94.2 94.2 94.2 94.2 94.2 94.2 94.2 94.2 94.2 94.2 94.2 94.2 94.2 94.2 94.2 94.2 94.2 94.2 94.2 94.2 94.2 94.2 94.2 94.2 94.2 94.2 94.2 94.2 94.2 94.2 94.2 94.2 94.2 94.2 94.2 94.2 94.2 94.2 94.2 94.2 94.2 94.2 94.2 94.2 94.2 94.2 94.2 86.6 86.6 86.6 86.6 86.6 86.6 86.6 86.6 86.6 86.6 86.6 86.6 86.6 86.6 86.6 86.6 86.6 86.6 86.6 86.6 86.6 86.6 86.6 86.6 86.6 86.6 86.6 86.6 86.6 
98.9 98.9 98.9 98.9 98.9 98.9 98.9 98.9 98.9 98.9 98.9 94.2 94.2 94.2 94.2 94.2 94.2 94.2 94.2 94.2 94.2 94.2 94.2 94.2 94.2 94.2 94.2 94.2 94.2 94.2 94.2 94.2 94.2 94.2 94.2 94.2 94.2 94.2 94.2 94.2 94.2 94.2 94.2 94.2 94.2 94.2 94.2 94.2 94.2 94.2 94.2 94.2 94.2 94.2 94.2 94.2 94.2 94.2 94.2 94.2 94.2 94.2 94.2 94.2 94.2 94.2 94.2 94.2 94.2 94.2 94.2 86.6 86.6 86.6 86.6 86.6 86.6 86.6 86.6 86.6 86.6 86.6 86.6 86.6 86.6 86.6 86.6 86.6 86.6 86.6 86.6 86.6 86.6 86.6 86.6 86.6 86.6 86.6 86.6 86.6 
98.9 98.9 98.9 98.9 98.9 98.9 98.9 98.9 98.9 98.9 98.9 94.2 94.2 94.2 94.2 94.2 94.2 94.2 94.2 94.2 94.2 94.2 94.2 94.2 94.2 94.2 94.2 94.2 94.2 94.2 94.2 94.2 94.2 94.2 94.2 94.2 94.2 94.2 94.2 94.2 94.2 94.2 94.2 94.2 94.2 94.2 94.2 94.2 94.2 94.2 94.2 94.2 94.2 94.2 94.2 94.2 94.2 94.2 94.2 94.2 94.2 94.2 94.2 94.2 94.2 94.2 94.2 94.2 94.2 94.2 94.2 86.6 86.6 86.6 86.6 86.6 86.6 86.6 86.6 86.6 86.6 86.6 86.6 86.6 86.6 86.6 86.6 86.6 86.6 86.6 86.6 86.6 86.6 86.6 86.6 86.6 86.6 86.6 86.6 86.6 
98.9 98.9 98.9 98.9 98.9 98.9 98.9 98.9 98.9 98.9 98.9 94.2 94.2 94.2 94.2 94.2 94.2 94.2 94.2 94.2 94.2 94.2 94.2 94.2 94.2 94.2 94.2 94.2 94.2 94.2 94.2 94.2 94.2 94.2 94.2 94.2 94.2 94.2 94.2 94.2 94.2 94.2 94.2 94.2 94.2 94.2 94.2 94.2 94.2 94.2 94.2 94.2 94.2 94.2 94.2 94.2 94.2 94.2 94.2 94.2 94.2 94.2 94.2 94.2 94.2 94.2 94.2 94.2 94.2 94.2 94.2 86.6 86.6 86.6 86.6 86.6 86.6 86.6 86.6 86.6 86.6 86.6 86.6 86.6 86.6 86.6 86.6 86.6 86.6 86.6 86.6 86.6 86.6 86.6 86.6 86.6 86.6 86.6 86.6 86.6 
98.9 98.9 98.9 98.9 98.9 98.9 98.9 98.9 98.9 98.9 98.9 94.2 94.2 94.2 94.2 94.2 94.2 94.2 94.2 94.2 94.2 94.2 94.2 94.2 94.2 94.2 94.2 94.2 94.2 94.2 94.2 94.2 94.2 94.2 94.2 94.2 94.2 94.2 94.2 94.2 94.2 94.2 94.2 94.2 94.2 94.2 94.2 94.2 94.2 94.2 94.2 94.2 94.2 94.2 94.2 94.2 94.2 94.2 94.2 94.2 94.2 94.2 94.2 94.2 94.2 94.2 94.2 94.2 94.2 94.2 94.2 86.6 86.6 86.6 86.6 86.6 86.6 86.6 86.6 86.6 86.6 86.6 86.6 86.6 86.6 86.6 86.6 86.6 86.6 86.6 86.6 86.6 86.6 86.6 86.6 86.6 86.6 86.6 86.6 86.6 
98.9 98.9 98.9 98.9 98.9 98.9 98.9 98.9 98.9 98.9 98.9 94.2 94.2 94.2 94.2 94.2 94.2 94.2 94.2 94.2 94.2 94.2 94.2 94.2 94.2 94.2 94.2 94.2 94.2 94.2 94.2 94.2 94.2 94.2 94.2 94.2 94.2 94.2 94.2 94.2 94.2 94.2 94.2 94.2 94.2 94.2 94.2 94.2 94.2 94.2 94.2 94.2 94.2 94.2 94.2 94.2 94.2 94.2 94.2 94.2 94.2 94.2 94.2 94.2 94.2 94.2 94.2 94.2 94.2 94.2 94.2 86.6 86.6 86.6 86.6 86.6 86.6 86.6 86.6 86.6 86.6 86.6 86.6 86.6 86.6 86.6 86.6 86.6 86.6 86.6 86.6 86.6 86.6 86.6 86.6 86.6 86.6 86.6 86.6 86.6 
98.9 98.9 98.9 98.9 98.9 98.9 98.9 98.9 98.9 98.9 98.9 94.2 94.2 94.2 94.2 94.2 94.2 94.2 94.2 94.2 94.2 94.2 94.2 94.2 94.2 94.2 94.2 94.2 94.2 94.2 94.2 94.2 94.2 94.2 94.2 94.2 94.2 94.2 94.2 94.2 94.2 94.2 94.2 94.2 94.2 94.2 94.2 94.2 94.2 94.2 94.2 94.2 94.2 94.2 94.2 94.2 94.2 94.2 94.2 94.2 94.2 94.2 94.2 94.2 94.2 94.2 94.2 94.2 94.2 94.2 94.2 86.6 86.6 86.6 86.6 86.6 86.6 86.6 86.6 86.6 86.6 86.6 86.6 86.6 86.6 86.6 86.6 86.6 86.6 86.6 86.6 86.6 86.6 86.6 86.6 86.6 86.6 86.6 86.6 86.6 
98.9 98.9 98.9 98.9 98.9 98.9 98.9 98.9 98.9 98.9 98.9 94.2 94.2 94.2 94.2 94.2 94.2 94.2 94.2 94.2 94.2 94.2 94.2 94.2 94.2 94.2 94.2 94.2 94.2 94.2 94.2 94.2 94.2 94.2 94.2 94.2 94.2 94.2 94.2 94.2 94.2 94.2 94.2 94.2 94.2 94.2 94.2 94.2 94.2 94.2 94.2 94.2 94.2 94.2 94.2 94.2 94.2 94.2 94.2 94.2 94.2 94.2 94.2 94.2 94.2 94.2 94.2 94.2 94.2 94.2 94.2 86.6 86.6 86.6 86.6 86.6 86.6 86.6 86.6 86.6 86.6 86.6 86.6 86.6 86.6 86.6 86.6 86.6 86.6 86.6 86.6 86.6 86.6 86.6 86.6 86.6 86.6 86.6 86.6 86.6 
98.9 98.9 98.9 98.9 98.9 98.9 98.9 98.9 98.9 98.9 98.9 94.2 94.2 94.2 94.2 94.2 94.2 94.2 94.2 94.2 94.2 94.2 94.2 94.2 94.2 94.2 94.2 94.2 94.2 94.2 94.2 94.2 94.2 94.2 94.2 94.2 94.2 94.2 94.2 94.2 94.2 94.2 94.2 94.2 94.2 94.2 94.2 94.2 94.2 94.2 94.2 94.2 94.2 94.2 94.2 94.2 94.2 94.2 94.2 94.2 94.2 94.2 94.2 94.2 94.2 94.2 94.2 94.2 94.2 94.2 94.2 86.6 86.6 86.6 86.6 86.6 86.6 86.6 86.6 86.6 86.6 86.6 86.6 86.6 86.6 86.6 86.6 86.6 86.6 86.6 86.6 86.6 86.6 86.6 86.6 86.6 86.6 86.6 86.6 86.6 
98.9 98.9 98.9 98.9 98.9 98.9 98.9 98.9 98.9 98.9 98.9 94.2 94.2 94.2 94.2 94.2 94.2 94.2 94.2 94.2 94.2 94.2 94.2 94.2 94.2 94.2 94.2 94.2 94.2 94.2 94.2 94.2 94.2 94.2 94.2 94.2 94.2 94.2 94.2 94.2 94.2 94.2 94.2 94.2 94.2 94.2 94.2 94.2 94.2 94.2 94.2 94.2 94.2 94.2 94.2 94.2 94.2 94.2 94.2 94.2 94.2 94.2 94.2 94.2 94.2 94.2 94.2 94.2 94.2 94.2 94.2 86.6 86.6 86.6 86.6 86.6 86.6 86.6 86.6 86.6 86.6 86.6 86.6 86.6 86.6 86.6 86.6 86.6 86.6 86.6 86.6 86.6 86.6 86.6 86.6 86.6 86.6 86.6 86.6 86.6 
98.9 98.9 98.9 98.9 98.9 98.9 98.9 98.9 98.9 98.9 98.9 94.2 94.2 94.2 94.2 94.2 94.2 94.2 94.2 94.2 94.2 94.2 94.2 94.2 94.2 94.2 94.2 94.2 94.2 94.2 94.2 94.2 94.2 94.2 94.2 94.2 94.2 94.2 94.2 94.2 94.2 94.2 94.2 94.2 94.2 94.2 94.2 94.2 94.2 94.2 94.2 94.2 94.2 94.2 94.2 94.2 94.2 94.2 94.2 94.2 94.2 94.2 94.2 94.2 94.2 94.2 94.2 94.2 94.2 94.2 94.2 86.6 86.6 86.6 86.6 86.6 86.6 86.6 86.6 86.6 86.6 86.6 86.6 86.6 86.6 86.6 86.6 86.6 86.6 86.6 86.6 86.6 86.6 86.6 86.6 86.6 86.6 86.6 86.6 86.6 
98.9 98.9 98.9 98.9 98.9 98.9 98.9 98.9 98.9 98.9 98.9 94.2 94.2 94.2 94.2 94.2 94.2 94.2 94.2 94.2 94.2 94.2 94.2 94.2 94.2 94.2 94.2 94.2 94.2 94.2 94.2 94.2 94.2 94.2 94.2 94.2 94.2 94.2 94.2 94.2 94.2 94.2 94.2 94.2 94.2 94.2 94.2 94.2 94.2 94.2 94.2 94.2 94.2 94.2 94.2 94.2 94.2 94.2 94.2 94.2 94.2 94.2 94.2 94.2 94.2 94.2 94.2 94.2 94.2 94.2 94.2 86.6 86.6 86.6 86.6 86.6 86.6 86.6 86.6 86.6 86.6 86.6 86.6 86.6 86.6 86.6 86.6 86.6 86.6 86.6 86.6 86.6 86.6 86.6 86.6 86.6 86.6 86.6 86.6 86.6 
98.9 98.9 98.9 98.9 98.9 98.9 98.9 98.9 98.9 98.9 98.9 94.2 94.2 94.2 94.2 94.2 94.2 94.2 94.2 94.2 94.2 94.2 94.2 94.2 94.2 94.2 94.2 94.2 94.2 94.2 94.2 94.2 94.2 94.2 94.2 94.2 94.2 94.2 94.2 94.2 94.2 94.2 94.2 94.2 94.2 94.2 94.2 94.2 94.2 94.2 94.2 94.2 94.2 94.2 94.2 94.2 94.2 94.2 94.2 94.2 94.2 94.2 94.2 94.2 94.2 94.2 94.2 94.2 94.2 94.2 94.2 86.6 86.6 86.6 86.6 86.6 86.6 86.6 86.6 86.6 86.6 86.6 86.6 86.6 86.6 86.6 86.6 86.6 86.6 86.6 86.6 86.6 86.6 86.6 86.6 86.6 86.6 86.6 86.6 86.6 
98.9 98.9 98.9 98.9 98.9 98.9 98.9 98.9 98.9 98.9 98.9 94.2 94.2 94.2 94.2 94.2 94.2 94.2 94.2 94.2 94.2 94.2 94.2 94.2 94.2 94.2 94.2 94.2 94.2 94.2 94.2 94.2 94.2 94.2 94.2 94.2 94.2 94.2 94.2 94.2 94.2 94.2 94.2 94.2 94.2 94.2 94.2 94.2 94.2 94.2 94.2 94.2 94.2 94.2 94.2 94.2 94.2 94.2 94.2 94.2 94.2 94.2 94.2 94.2 94.2 94.2 94.2 94.2 94.2 94.2 94.2 86.6 86.6 86.6 86.6 86.6 86.6 86.6 86.6 86.6 86.6 86.6 86.6 86.6 86.6 86.6 86.6 86.6 86.6 86.6 86.6 86.6 86.6 86.6 86.6 86.6 86.6 86.6 86.6 86.6 
98.9 98.9 98.9 98.9 98.9 98.9 98.9 98.9 98.9 98.9 98.9 94.2 94.2 94.2 94.2 94.2 94.2 94.2 94.2 94.2 94.2 94.2 94.2 94.2 94.2 94.2 94.2 94.2 94.2 94.2 94.2 94.2 94.2 94.2 94.2 94.2 94.2 94.2 94.2 94.2 94.2 94.2 94.2 94.2 94.2 94.2 94.2 94.2 94.2 94.2 94.2 94.2 94.2 94.2 94.2 94.2 94.2 94.2 94.2 94.2 94.2 94.2 94.2 94.2 94.2 94.2 94.2 94.2 94.2 94.2 94.2 86.6 86.6 86.6 86.6 86.6 86.6 86.6 86.6 86.6 86.6 86.6 86.6 86.6 86.6 86.6 86.6 86.6 86.6 86.6 86.6 86.6 86.6 86.6 86.6 86.6 86.6 86.6 86.6 86.6 
98.9 98.9 98.9 98.9 98.9 98.9 98.9 98.9 98.9 98.9 98.9 94.2 94.2 94.2 94.2 94.2 94.2 94.2 94.2 94.2 94.2 94.2 94.2 94.2 94.2 94.2 94.2 94.2 94.2 94.2 94.2 94.2 94.2 94.2 94.2 94.2 94.2 94.2 94.2 94.2 94.2 94.2 94.2 94.2 94.2 94.2 94.2 94.2 94.2 94.2 94.2 94.2 94.2 94.2 94.2 94.2 94.2 94.2 94.2 94.2 94.2 94.2 94.2 94.2 94.2 94.2 94.2 94.2 94.2 94.2 94.2 86.6 86.6 86.6 86.6 86.6 86.6 86.6 86.6 86.6 86.6 86.6 86.6 86.6 86.6 86.6 86.6 86.6 86.6 86.6 86.6 86.6 86.6 86.6 86.6 86.6 86.6 86.6 86.6 86.6 
98.9 98.9 98.9 98.9 98.9 98.9 98.9 98.9 98.9 98.9 98.9 94.2 94.2 94.2 94.2 94.2 94.2 94.2 94.2 94.2 94.2 94.2 94.2 94.2 94.2 94.2 94.2 94.2 94.2 94.2 94.2 94.2 94.2 94.2 94.2 94.2 94.2 94.2 94.2 94.2 94.2 94.2 94.2 94.2 94.2 94.2 94.2 94.2 94.2 94.2 94.2 94.2 94.2 94.2 94.2 94.2 94.2 94.2 94.2 94.2 94.2 94.2 94.2 94.2 94.2 94.2 94.2 94.2 94.2 94.2 94.2 86.6 86.6 86.6 86.6 86.6 86.6 86.6 86.6 86.6 86.6 86.6 86.6 86.6 86.6 86.6 86.6 86.6 86.6 86.6 86.6 86.6 86.6 86.6 86.6 86.6 86.6 86.6 86.6 86.6 
98.9 98.9 98.9 98.9 98.9 98.9 98.9 98.9 98.9 98.9 98.9 94.2 94.2 94.2 94.2 94.2 94.2 94.2 94.2 94.2 94.2 94.2 94.2 94.2 94.2 94.2 94.2 94.2 94.2 94.2 94.2 94.2 94.2 94.2 94.2 94.2 94.2 94.2 94.2 94.2 94.2 94.2 94.2 94.2 94.2 94.2 94.2 94.2 94.2 94.2 94.2 94.2 94.2 94.2 94.2 94.2 94.2 94.2 94.2 94.2 94.2 94.2 94.2 94.2 94.2 94.2 94.2 94.2 94.2 94.2 94.2 86.6 86.6 86.6 86.6 86.6 86.6 86.6 86.6 86.6 86.6 86.6 86.6 86.6 86.6 86.6 86.6 86.6 86.6 86.6 86.6 86.6 86.6 86.6 86.6 86.6 86.6 86.6 86.6 86.6 
98.9 98.9 98.9 98.9 98.9 98.9 98.9 98.9 98.9 98.9 98.9 94.2 94.2 94.2 94.2 94.2 94.2 94.2 94.2 94.2 94.2 94.2 94.2 94.2 94.2 94.2 94.2 94.2 94.2 94.2 94.2 94.2 94.2 94.2 94.2 94.2 94.2 94.2 94.2 94.2 94.2 94.2 94.2 94.2 94.2 94.2 94.2 94.2 94.2 94.2 94.2 94.2 94.2 94.2 94.2 94.2 94.2 94.2 94.2 94.2 94.2 94.2 94.2 94.2 94.2 94.2 94.2 94.2 94.2 94.2 94.2 86.6 86.6 86.6 86.6 86.6 86.6 86.6 86.6 86.6 86.6 86.6 86.6 86.6 86.6 86.6 86.6 86.6 86.6 86.6 86.6 86.6 86.6 86.6 86.6 86.6 86.6 86.6 86.6 86.6 
98.9 98.9 98.9 98.9 98.9 98.9 98.9 98.9 98.9 98.9 98.9 94.2 94.2 94.2 94.2 94.2 94.2 94.2 94.2 94.2 94.2 94.2 94.2 94.2 94.2 94.2 94.2 94.2 94.2 94.2 94.2 94.2 94.2 94.2 94.2 94.2 94.2 94.2 94.2 94.2 94.2 94.2 94.2 94.2 94.2 94.2 94.2 94.2 94.2 94.2 94.2 94.2 94.2 94.2 94.2 94.2 94.2 94.2 94.2 94.2 94.2 94.2 94.2 94.2 94.2 94.2 94.2 94.2 94.2 94.2 94.2 86.6 86.6 86.6 86.6 86.6 86.6 86.6 86.6 86.6 86.6 86.6 86.6 86.6 86.6 86.6 86.6 86.6 86.6 86.6 86.6 86.6 86.6 86.6 86.6 86.6 86.6 86.6 86.6 86.6 
98.9 98.9 98.9 98.9 98.9 98.9 98.9 98.9 98.9 98.9 98.9 94.2 94.2 94.2 94.2 94.2 94.2 94.2 94.2 94.2 94.2 94.2 94.2 94.2 94.2 94.2 94.2 94.2 94.2 94.2 94.2 94.2 94.2 94.2 94.2 94.2 94.2 94.2 94.2 94.2 94.2 94.2 94.2 94.2 94.2 94.2 94.2 94.2 94.2 94.2 94.2 94.2 94.2 94.2 94.2 94.2 94.2 94.2 94.2 94.2 94.2 94.2 94.2 94.2 94.2 94.2 94.2 94.2 94.2 94.2 94.2 86.6 86.6 86.6 86.6 86.6 86.6 86.6 86.6 86.6 86.6 86.6 86.6 86.6 86.6 86.6 86.6 86.6 86.6 86.6 86.6 86.6 86.6 86.6 86.6 86.6 86.6 86.6 86.6 86.6 
98.9 98.9 98.9 98.9 98.9 98.9 98.9 98.9 98.9 98.9 98.9 94.2 94.2 94.2 94.2 94.2 94.2 94.2 94.2 94.2 94.2 94.2 94.2 94.2 94.2 94.2 94.2 94.2 94.2 94.2 94.2 94.2 94.2 94.2 94.2 94.2 94.2 94.2 94.2 94.2 94.2 94.2 94.2 94.2 94.2 94.2 94.2 94.2 94.2 94.2 94.2 94.2 94.2 94.2 94.2 94.2 94.2 94.2 94.2 94.2 94.2 94.2 94.2 94.2 94.2 94.2 94.2 94.2 94.2 94.2 94.2 86.6 86.6 86.6 86.6 86.6 86.6 86.6 86.6 86.6 86.6 86.6 86.6 86.6 86.6 86.6 86.6 86.6 86.6 86.6 86.6 86.6 86.6 86.6 86.6 86.6 86.6 86.6 86.6 86.6 
98.9 98.9 98.9 98.9 98.9 98.9 98.9 98.9 98.9 98.9 98.9 94.2 94.2 94.2 94.2 94.2 94.2 94.2 94.2 94.2 94.2 94.2 94.2 94.2 94.2 94.2 94.2 94.2 94.2 94.2 94.2 94.2 94.2 94.2 94.2 94.2 94.2 94.2 94.2 94.2 94.2 94.2 94.2 94.2 94.2 94.2 94.2 94.2 94.2 94.2 94.2 94.2 94.2 94.2 94.2 94.2 94.2 94.2 94.2 94.2 94.2 94.2 94.2 94.2 94.2 94.2 94.2 94.2 94.2 94.2 94.2 86.6 86.6 86.6 86.6 86.6 86.6 86.6 86.6 86.6 86.6 86.6 86.6 86.6 86.6 86.6 86.6 86.6 86.6 86.6 86.6 86.6 86.6 86.6 86.6 86.6 86.6 86.6 86.6 86.6 
98.9 98.9 98.9 98.9 98.9 98.9 98.9 98.9 98.9 98.9 98.9 94.2 94.2 94.2 94.2 94.2 94.2 94.2 94.2 94.2 94.2 94.2 94.2 94.2 94.2 94.2 94.2 94.2 94.2 94.2 94.2 94.2 94.2 94.2 94.2 94.2 94.2 94.2 94.2 94.2 94.2 94.2 94.2 94.2 94.2 94.2 94.2 94.2 94.2 94.2 94.2 94.2 94.2 94.2 94.2 94.2 94.2 94.2 94.2 94.2 94.2 94.2 94.2 94.2 94.2 94.2 94.2 94.2 94.2 94.2 94.2 86.6 86.6 86.6 86.6 86.6 86.6 86.6 86.6 86.6 86.6 86.6 86.6 86.6 86.6 86.6 86.6 86.6 86.6 86.6 86.6 86.6 86.6 86.6 86.6 86.6 86.6 86.6 86.6 86.6 
98.9 98.9 98.9 98.9 98.9 98.9 98.9 98.9 98.9 98.9 98.9 94.2 94.2 94.2 94.2 94.2 94.2 94.2 94.2 94.2 94.2 94.2 94.2 94.2 94.2 94.2 94.2 94.2 94.2 94.2 94.2 94.2 94.2 94.2 94.2 94.2 94.2 94.2 94.2 94.2 94.2 94.2 94.2 94.2 94.2 94.2 94.2 94.2 94.2 94.2 94.2 94.2 94.2 94.2 94.2 94.2 94.2 94.2 94.2 94.2 94.2 94.2 94.2 94.2 94.2 94.2 94.2 94.2 94.2 94.2 94.2 86.6 86.6 86.6 86.6 86.6 86.6 86.6 86.6 86.6 86.6 86.6 86.6 86.6 86.6 86.6 86.6 86.6 86.6 86.6 86.6 86.6 86.6 86.6 86.6 86.6 86.6 86.6 86.6 86.6 
98.9 98.9 98.9 98.9 98.9 98.9 98.9 98.9 98.9 98.9 98.9 94.2 94.2 94.2 94.2 94.2 94.2 94.2 94.2 94.2 94.2 94.2 94.2 94.2 94.2 94.2 94.2 94.2 94.2 94.2 94.2 94.2 94.2 94.2 94.2 94.2 94.2 94.2 94.2 94.2 94.2 94.2 94.2 94.2 94.2 94.2 94.2 94.2 94.2 94.2 94.2 94.2 94.2 94.2 94.2 94.2 94.2 94.2 94.2 94.2 94.2 94.2 94.2 94.2 94.2 94.2 94.2 94.2 94.2 94.2 94.2 86.6 86.6 86.6 86.6 86.6 86.6 86.6 86.6 86.6 86.6 86.6 86.6 86.6 86.6 86.6 86.6 86.6 86.6 86.6 86.6 86.6 86.6 86.6 86.6 86.6 86.6 86.6 86.6 86.6 
98.9 98.9 98.9 98.9 98.9 98.9 98.9 98.9 98.9 98.9 98.9 94.2 94.2 94.2 94.2 94.2 94.2 94.2 94.2 94.2 94.2 94.2 94.2 94.2 94.2 94.2 94.2 94.2 94.2 94.2 94.2 94.2 94.2 94.2 94.2 94.2 94.2 94.2 94.2 94.2 94.2 94.2 94.2 94.2 94.2 94.2 94.2 94.2 94.2 94.2 94.2 94.2 94.2 94.2 94.2 94.2 94.2 94.2 94.2 94.2 94.2 94.2 94.2 94.2 94.2 94.2 94.2 94.2 94.2 94.2 94.2 86.6 86.6 86.6 86.6 86.6 86.6 86.6 86.6 86.6 86.6 86.6 86.6 86.6 86.6 86.6 86.6 86.6 86.6 86.6 86.6 86.6 86.6 86.6 86.6 86.6 86.6 86.6 86.6 86.6 
98.9 98.9 98.9 98.9 98.9 98.9 98.9 98.9 98.9 98.9 98.9 94.2 94.2 94.2 94.2 94.2 94.2 94.2 94.2 94.2 94.2 94.2 94.2 94.2 94.2 94.2 94.2 94.2 94.2 94.2 94.2 94.2 94.2 94.2 94.2 94.2 94.2 94.2 94.2 94.2 94.2 94.2 94.2 94.2 94.2 94.2 94.2 94.2 94.2 94.2 94.2 94.2 94.2 94.2 94.2 94.2 94.2 94.2 94.2 94.2 94.2 94.2 94.2 94.2 94.2 94.2 94.2 94.2 94.2 94.2 94.2 86.6 86.6 86.6 86.6 86.6 86.6 86.6 86.6 86.6 86.6 86.6 86.6 86.6 86.6 86.6 86.6 86.6 86.6 86.6 86.6 86.6 86.6 86.6 86.6 86.6 86.6 86.6 86.6 86.6 
98.9 98.9 98.9 98.9 98.9 98.9 98.9 98.9 98.9 98.9 98.9 94.2 94.2 94.2 94.2 94.2 94.2 94.2 94.2 94.2 94.2 94.2 94.2 94.2 94.2 94.2 94.2 94.2 94.2 94.2 94.2 94.2 94.2 94.2 94.2 94.2 94.2 94.2 94.2 94.2 94.2 94.2 94.2 94.2 94.2 94.2 94.2 94.2 94.2 94.2 94.2 94.2 94.2 94.2 94.2 94.2 94.2 94.2 94.2 94.2 94.2 94.2 94.2 94.2 94.2 94.2 94.2 94.2 94.2 94.2 94.2 86.6 86.6 86.6 86.6 86.6 86.6 86.6 86.6 86.6 86.6 86.6 86.6 86.6 86.6 86.6 86.6 86.6 86.6 86.6 86.6 86.6 86.6 86.6 86.6 86.6 86.6 86.6 86.6 86.6 
98.9 98.9 98.9 98.9 98.9 98.9 98.9 98.9 98.9 98.9 98.9 94.2 94.2 94.2 94.2 94.2 94.2 94.2 94.2 94.2 94.2 94.2 94.2 94.2 94.2 94.2 94.2 94.2 94.2 94.2 94.2 94.2 94.2 94.2 94.2 94.2 94.2 94.2 94.2 94.2 94.2 94.2 94.2 94.2 94.2 94.2 94.2 94.2 94.2 94.2 94.2 94.2 94.2 94.2 94.2 94.2 94.2 94.2 94.2 94.2 94.2 94.2 94.2 94.2 94.2 94.2 94.2 94.2 94.2 94.2 94.2 86.6 86.6 86.6 86.6 86.6 86.6 86.6 86.6 86.6 86.6 86.6 86.6 86.6 86.6 86.6 86.6 86.6 86.6 86.6 86.6 86.6 86.6 86.6 86.6 86.6 86.6 86.6 86.6 86.6 
98.9 98.9 98.9 98.9 98.9 98.9 98.9 98.9 98.9 98.9 98.9 94.2 94.2 94.2 94.2 94.2 94.2 94.2 94.2 94.2 94.2 94.2 94.2 94.2 94.2 94.2 94.2 94.2 94.2 94.2 94.2 94.2 94.2 94.2 94.2 94.2 94.2 94.2 94.2 94.2 94.2 94.2 94.2 94.2 94.2 94.2 94.2 94.2 94.2 94.2 94.2 94.2 94.2 94.2 94.2 94.2 94.2 94.2 94.2 94.2 94.2 94.2 94.2 94.2 94.2 94.2 94.2 94.2 94.2 94.2 94.2 86.6 86.6 86.6 86.6 86.6 86.6 86.6 86.6 86.6 86.6 86.6 86.6 86.6 86.6 86.6 86.6 86.6 86.6 86.6 86.6 86.6 86.6 86.6 86.6 86.6 86.6 86.6 86.6 86.6 
98.9 98.9 98.9 98.9 98.9 98.9 98.9 98.9 98.9 98.9 98.9 94.2 94.2 94.2 94.2 94.2 94.2 94.2 94.2 94.2 94.2 94.2 94.2 94.2 94.2 94.2 94.2 94.2 94.2 94.2 94.2 94.2 94.2 94.2 94.2 94.2 94.2 94.2 94.2 94.2 94.2 94.2 94.2 94.2 94.2 94.2 94.2 94.2 94.2 94.2 94.2 94.2 94.2 94.2 94.2 94.2 94.2 94.2 94.2 94.2 94.2 94.2 94.2 94.2 94.2 94.2 94.2 94.2 94.2 94.2 94.2 86.6 86.6 86.6 86.6 86.6 86.6 86.6 86.6 86.6 86.6 86.6 86.6 86.6 86.6 86.6 86.6 86.6 86.6 86.6 86.6 86.6 86.6 86.6 86.6 86.6 86.6 86.6 86.6 86.6 
98.9 98.9 98.9 98.9 98.9 98.9 98.9 98.9 98.9 98.9 98.9 94.2 94.2 94.2 94.2 94.2 94.2 94.2 94.2 94.2 94.2 94.2 94.2 94.2 94.2 94.2 94.2 94.2 94.2 94.2 94.2 94.2 94.2 94.2 94.2 94.2 94.2 94.2 94.2 94.2 94.2 94.2 94.2 94.2 94.2 94.2 94.2 94.2 94.2 94.2 94.2 94.2 94.2 94.2 94.2 94.2 94.2 94.2 94.2 94.2 94.2 94.2 94.2 94.2 94.2 94.2 94.2 94.2 94.2 94.2 94.2 86.6 86.6 86.6 86.6 86.6 86.6 86.6 86.6 86.6 86.6 86.6 86.6 86.6 86.6 86.6 86.6 86.6 86.6 86.6 86.6 86.6 86.6 86.6 86.6 86.6 86.6 86.6 86.6 86.6 
98.9 98.9 98.9 98.9 98.9 98.9 98.9 98.9 98.9 98.9 98.9 94.2 94.2 94.2 94.2 94.2 94.2 94.2 94.2 94.2 94.2 94.2 94.2 94.2 94.2 94.2 94.2 94.2 94.2 94.2 94.2 94.2 94.2 94.2 94.2 94.2 94.2 94.2 94.2 94.2 94.2 94.2 94.2 94.2 94.2 94.2 94.2 94.2 94.2 94.2 94.2 94.2 94.2 94.2 94.2 94.2 94.2 94.2 94.2 94.2 94.2 94.2 94.2 94.2 94.2 94.2 94.2 94.2 94.2 94.2 94.2 86.6 86.6 86.6 86.6 86.6 86.6 86.6 86.6 86.6 86.6 86.6 86.6 86.6 86.6 86.6 86.6 86.6 86.6 86.6 86.6 86.6 86.6 86.6 86.6 86.6 86.6 86.6 86.6 86.6 
98.9 98.9 98.9 98.9 98.9 98.9 98.9 98.9 98.9 98.9 98.9 94.2 94.2 94.2 94.2 94.2 94.2 94.2 94.2 94.2 94.2 94.2 94.2 94.2 94.2 94.2 94.2 94.2 94.2 94.2 94.2 94.2 94.2 94.2 94.2 94.2 94.2 94.2 94.2 94.2 94.2 94.2 94.2 94.2 94.2 94.2 94.2 94.2 94.2 94.2 94.2 94.2 94.2 94.2 94.2 94.2 94.2 94.2 94.2 94.2 94.2 94.2 94.2 94.2 94.2 94.2 94.2 94.2 94.2 94.2 94.2 86.6 86.6 86.6 86.6 86.6 86.6 86.6 86.6 86.6 86.6 86.6 86.6 86.6 86.6 86.6 86.6 86.6 86.6 86.6 86.6 86.6 86.6 86.6 86.6 86.6 86.6 86.6 86.6 86.6 
98.9 98.9 98.9 98.9 98.9 98.9 98.9 98.9 98.9 98.9 98.9 94.2 94.2 94.2 94.2 94.2 94.2 94.2 94.2 94.2 94.2 94.2 94.2 94.2 94.2 94.2 94.2 94.2 94.2 94.2 94.2 94.2 94.2 94.2 94.2 94.2 94.2 94.2 94.2 94.2 94.2 94.2 94.2 94.2 94.2 94.2 94.2 94.2 94.2 94.2 94.2 94.2 94.2 94.2 94.2 94.2 94.2 94.2 94.2 94.2 94.2 94.2 94.2 94.2 94.2 94.2 94.2 94.2 94.2 94.2 94.2 86.6 86.6 86.6 86.6 86.6 86.6 86.6 86.6 86.6 86.6 86.6 86.6 86.6 86.6 86.6 86.6 86.6 86.6 86.6 86.6 86.6 86.6 86.6 86.6 86.6 86.6 86.6 86.6 86.6 
98.9 98.9 98.9 98.9 98.9 98.9 98.9 98.9 98.9 98.9 98.9 94.2 94.2 94.2 94.2 94.2 94.2 94.2 94.2 94.2 94.2 94.2 94.2 94.2 94.2 94.2 94.2 94.2 94.2 94.2 94.2 94.2 94.2 94.2 94.2 94.2 94.2 94.2 94.2 94.2 94.2 94.2 94.2 94.2 94.2 94.2 94.2 94.2 94.2 94.2 94.2 94.2 94.2 94.2 94.2 94.2 94.2 94.2 94.2 94.2 94.2 94.2 94.2 94.2 94.2 94.2 94.2 94.2 94.2 94.2 94.2 86.6 86.6 86.6 86.6 86.6 86.6 86.6 86.6 86.6 86.6 86.6 86.6 86.6 86.6 86.6 86.6 86.6 86.6 86.6 86.6 86.6 86.6 86.6 86.6 86.6 86.6 86.6 86.6 86.6 
98.9 98.9 98.9 98.9 98.9 98.9 98.9 98.9 98.9 98.9 98.9 94.2 94.2 94.2 94.2 94.2 94.2 94.2 94.2 94.2 94.2 94.2 94.2 94.2 94.2 94.2 94.2 94.2 94.2 94.2 94.2 94.2 94.2 94.2 94.2 94.2 94.2 94.2 94.2 94.2 94.2 94.2 94.2 94.2 94.2 94.2 94.2 94.2 94.2 94.2 94.2 94.2 94.2 94.2 94.2 94.2 94.2 94.2 94.2 94.2 94.2 94.2 94.2 94.2 94.2 94.2 94.2 94.2 94.2 94.2 94.2 86.6 86.6 86.6 86.6 86.6 86.6 86.6 86.6 86.6 86.6 86.6 86.6 86.6 86.6 86.6 86.6 86.6 86.6 86.6 86.6 86.6 86.6 86.6 86.6 86.6 86.6 86.6 86.6 86.6 
98.9 98.9 98.9 98.9 98.9 98.9 98.9 98.9 98.9 98.9 98.9 94.2 94.2 94.2 94.2 94.2 94.2 94.2 94.2 94.2 94.2 94.2 94.2 94.2 94.2 94.2 94.2 94.2 94.2 94.2 94.2 94.2 94.2 94.2 94.2 94.2 94.2 94.2 94.2 94.2 94.2 94.2 94.2 94.2 94.2 94.2 94.2 94.2 94.2 94.2 94.2 94.2 94.2 94.2 94.2 94.2 94.2 94.2 94.2 94.2 94.2 94.2 94.2 94.2 94.2 94.2 94.2 94.2 94.2 94.2 94.2 86.6 86.6 86.6 86.6 86.6 86.6 86.6 86.6 86.6 86.6 86.6 86.6 86.6 86.6 86.6 86.6 86.6 86.6 86.6 86.6 86.6 86.6 86.6 86.6 86.6 86.6 86.6 86.6 86.6 
98.9 98.9 98.9 98.9 98.9 98.9 98.9 98.9 98.9 98.9 98.9 94.2 94.2 94.2 94.2 94.2 94.2 94.2 94.2 94.2 94.2 94.2 94.2 94.2 94.2 94.2 94.2 94.2 94.2 94.2 94.2 94.2 94.2 94.2 94.2 94.2 94.2 94.2 94.2 94.2 94.2 94.2 94.2 94.2 94.2 94.2 94.2 94.2 94.2 94.2 94.2 94.2 94.2 94.2 94.2 94.2 94.2 94.2 94.2 94.2 94.2 94.2 94.2 94.2 94.2 94.2 94.2 94.2 94.2 94.2 94.2 86.6 86.6 86.6 86.6 86.6 86.6 86.6 86.6 86.6 86.6 86.6 86.6 86.6 86.6 86.6 86.6 86.6 86.6 86.6 86.6 86.6 86.6 86.6 86.6 86.6 86.6 86.6 86.6 86.6 
98.9 98.9 98.9 98.9 98.9 98.9 98.9 98.9 98.9 98.9 98.9 94.2 94.2 94.2 94.2 94.2 94.2 94.2 94.2 94.2 94.2 94.2 94.2 94.2 94.2 94.2 94.2 94.2 94.2 94.2 94.2 94.2 94.2 94.2 94.2 94.2 94.2 94.2 94.2 94.2 94.2 94.2 94.2 94.2 94.2 94.2 94.2 94.2 94.2 94.2 94.2 94.2 94.2 94.2 94.2 94.2 94.2 94.2 94.2 94.2 94.2 94.2 94.2 94.2 94.2 94.2 94.2 94.2 94.2 94.2 94.2 86.6 86.6 86.6 86.6 86.6 86.6 86.6 86.6 86.6 86.6 86.6 86.6 86.6 86.6 86.6 86.6 86.6 86.6 86.6 86.6 86.6 86.6 86.6 86.6 86.6 86.6 86.6 86.6 86.6 
98.9 98.9 98.9 98.9 98.9 98.9 98.9 98.9 98.9 98.9 98.9 94.2 94.2 94.2 94.2 94.2 94.2 94.2 94.2 94.2 94.2 94.2 94.2 94.2 94.2 94.2 94.2 94.2 94.2 94.2 94.2 94.2 94.2 94.2 94.2 94.2 94.2 94.2 94.2 94.2 94.2 94.2 94.2 94.2 94.2 94.2 94.2 94.2 94.2 94.2 94.2 94.2 94.2 94.2 94.2 94.2 94.2 94.2 94.2 94.2 94.2 94.2 94.2 94.2 94.2 94.2 94.2 94.2 94.2 94.2 94.2 86.6 86.6 86.6 86.6 86.6 86.6 86.6 86.6 86.6 86.6 86.6 86.6 86.6 86.6 86.6 86.6 86.6 86.6 86.6 86.6 86.6 86.6 86.6 86.6 86.6 86.6 86.6 86.6 86.6 
98.9 98.9 98.9 98.9 98.9 98.9 98.9 98.9 98.9 98.9 98.9 94.2 94.2 94.2 94.2 94.2 94.2 94.2 94.2 94.2 94.2 94.2 94.2 94.2 94.2 94.2 94.2 94.2 94.2 94.2 94.2 94.2 94.2 94.2 94.2 94.2 94.2 94.2 94.2 94.2 94.2 94.2 94.2 94.2 94.2 94.2 94.2 94.2 94.2 94.2 94.2 94.2 94.2 94.2 94.2 94.2 94.2 94.2 94.2 94.2 94.2 94.2 94.2 94.2 94.2 94.2 94.2 94.2 94.2 94.2 94.2 86.6 86.6 86.6 86.6 86.6 86.6 86.6 86.6 86.6 86.6 86.6 86.6 86.6 86.6 86.6 86.6 86.6 86.6 86.6 86.6 86.6 86.6 86.6 86.6 86.6 86.6 86.6 86.6 86.6 
98.9 98.9 98.9 98.9 98.9 98.9 98.9 98.9 98.9 98.9 98.9 94.2 94.2 94.2 94.2 94.2 94.2 94.2 94.2 94.2 94.2 94.2 94.2 94.2 94.2 94.2 94.2 94.2 94.2 94.2 94.2 94.2 94.2 94.2 94.2 94.2 94.2 94.2 94.2 94.2 94.2 94.2 94.2 94.2 94.2 94.2 94.2 94.2 94.2 94.2 94.2 94.2 94.2 94.2 94.2 94.2 94.2 94.2 94.2 94.2 94.2 94.2 94.2 94.2 94.2 94.2 94.2 94.2 94.2 94.2 94.2 86.6 86.6 86.6 86.6 86.6 86.6 86.6 86.6 86.6 86.6 86.6 86.6 86.6 86.6 86.6 86.6 86.6 86.6 86.6 86.6 86.6 86.6 86.6 86.6 86.6 86.6 86.6 86.6 86.6 
98.9 98.9 98.9 98.9 98.9 98.9 98.9 98.9 98.9 98.9 98.9 94.2 94.2 94.2 94.2 94.2 94.2 94.2 94.2 94.2 94.2 94.2 94.2 94.2 94.2 94.2 94.2 94.2 94.2 94.2 94.2 94.2 94.2 94.2 94.2 94.2 94.2 94.2 94.2 94.2 94.2 94.2 94.2 94.2 94.2 94.2 94.2 94.2 94.2 94.2 94.2 94.2 94.2 94.2 94.2 94.2 94.2 94.2 94.2 94.2 94.2 94.2 94.2 94.2 94.2 94.2 94.2 94.2 94.2 94.2 94.2 86.6 86.6 86.6 86.6 86.6 86.6 86.6 86.6 86.6 86.6 86.6 86.6 86.6 86.6 86.6 86.6 86.6 86.6 86.6 86.6 86.6 86.6 86.6 86.6 86.6 86.6 86.6 86.6 86.6 
98.9 98.9 98.9 98.9 98.9 98.9 98.9 98.9 98.9 98.9 98.9 94.2 94.2 94.2 94.2 94.2 94.2 94.2 94.2 94.2 94.2 94.2 94.2 94.2 94.2 94.2 94.2 94.2 94.2 94.2 94.2 94.2 94.2 94.2 94.2 94.2 94.2 94.2 94.2 94.2 94.2 94.2 94.2 94.2 94.2 94.2 94.2 94.2 94.2 94.2 94.2 94.2 94.2 94.2 94.2 94.2 94.2 94.2 94.2 94.2 94.2 94.2 94.2 94.2 94.2 94.2 94.2 94.2 94.2 94.2 94.2 86.6 86.6 86.6 86.6 86.6 86.6 86.6 86.6 86.6 86.6 86.6 86.6 86.6 86.6 86.6 86.6 86.6 86.6 86.6 86.6 86.6 86.6 86.6 86.6 86.6 86.6 86.6 86.6 86.6 
98.9 98.9 98.9 98.9 98.9 98.9 98.9 98.9 98.9 98.9 98.9 94.2 94.2 94.2 94.2 94.2 94.2 94.2 94.2 94.2 94.2 94.2 94.2 94.2 94.2 94.2 94.2 94.2 94.2 94.2 94.2 94.2 94.2 94.2 94.2 94.2 94.2 94.2 94.2 94.2 94.2 94.2 94.2 94.2 94.2 94.2 94.2 94.2 94.2 94.2 94.2 94.2 94.2 94.2 94.2 94.2 94.2 94.2 94.2 94.2 94.2 94.2 94.2 94.2 94.2 94.2 94.2 94.2 94.2 94.2 94.2 86.6 86.6 86.6 86.6 86.6 86.6 86.6 86.6 86.6 86.6 86.6 86.6 86.6 86.6 86.6 86.6 86.6 86.6 86.6 86.6 86.6 86.6 86.6 86.6 86.6 86.6 86.6 86.6 86.6 
98.9 98.9 98.9 98.9 98.9 98.9 98.9 98.9 98.9 98.9 98.9 94.2 94.2 94.2 94.2 94.2 94.2 94.2 94.2 94.2 94.2 94.2 94.2 94.2 94.2 94.2 94.2 94.2 94.2 94.2 94.2 94.2 94.2 94.2 94.2 94.2 94.2 94.2 94.2 94.2 94.2 94.2 94.2 94.2 94.2 94.2 94.2 94.2 94.2 94.2 94.2 94.2 94.2 94.2 94.2 94.2 94.2 94.2 94.2 94.2 94.2 94.2 94.2 94.2 94.2 94.2 94.2 94.2 94.2 94.2 94.2 86.6 86.6 86.6 86.6 86.6 86.6 86.6 86.6 86.6 86.6 86.6 86.6 86.6 86.6 86.6 86.6 86.6 86.6 86.6 86.6 86.6 86.6 86.6 86.6 86.6 86.6 86.6 86.6 86.6 
98.9 98.9 98.9 98.9 98.9 98.9 98.9 98.9 98.9 98.9 98.9 94.2 94.2 94.2 94.2 94.2 94.2 94.2 94.2 94.2 94.2 94.2 94.2 94.2 94.2 94.2 94.2 94.2 94.2 94.2 94.2 94.2 94.2 94.2 94.2 94.2 94.2 94.2 94.2 94.2 94.2 94.2 94.2 94.2 94.2 94.2 94.2 94.2 94.2 94.2 94.2 94.2 94.2 94.2 94.2 94.2 94.2 94.2 94.2 94.2 94.2 94.2 94.2 94.2 94.2 94.2 94.2 94.2 94.2 94.2 94.2 86.6 86.6 86.6 86.6 86.6 86.6 86.6 86.6 86.6 86.6 86.6 86.6 86.6 86.6 86.6 86.6 86.6 86.6 86.6 86.6 86.6 86.6 86.6 86.6 86.6 86.6 86.6 86.6 86.6 
98.9 98.9 98.9 98.9 98.9 98.9 98.9 98.9 98.9 98.9 98.9 94.2 94.2 94.2 94.2 94.2 94.2 94.2 94.2 94.2 94.2 94.2 94.2 94.2 94.2 94.2 94.2 94.2 94.2 94.2 94.2 94.2 94.2 94.2 94.2 94.2 94.2 94.2 94.2 94.2 94.2 94.2 94.2 94.2 94.2 94.2 94.2 94.2 94.2 94.2 94.2 94.2 94.2 94.2 94.2 94.2 94.2 94.2 94.2 94.2 94.2 94.2 94.2 94.2 94.2 94.2 94.2 94.2 94.2 94.2 94.2 86.6 86.6 86.6 86.6 86.6 86.6 86.6 86.6 86.6 86.6 86.6 86.6 86.6 86.6 86.6 86.6 86.6 86.6 86.6 86.6 86.6 86.6 86.6 86.6 86.6 86.6 86.6 86.6 86.6 
98.9 98.9 98.9 98.9 98.9 98.9 98.9 98.9 98.9 98.9 98.9 94.2 94.2 94.2 94.2 94.2 94.2 94.2 94.2 94.2 94.2 94.2 94.2 94.2 94.2 94.2 94.2 94.2 94.2 94.2 94.2 94.2 94.2 94.2 94.2 94.2 94.2 94.2 94.2 94.2 94.2 94.2 94.2 94.2 94.2 94.2 94.2 94.2 94.2 94.2 94.2 94.2 94.2 94.2 94.2 94.2 94.2 94.2 94.2 94.2 94.2 94.2 94.2 94.2 94.2 94.2 94.2 94.2 94.2 94.2 94.2 86.6 86.6 86.6 86.6 86.6 86.6 86.6 86.6 86.6 86.6 86.6 86.6 86.6 86.6 86.6 86.6 86.6 86.6 86.6 86.6 86.6 86.6 86.6 86.6 86.6 86.6 86.6 86.6 86.6 
98.9 98.9 98.9 98.9 98.9 98.9 98.9 98.9 98.9 98.9 98.9 94.2 94.2 94.2 94.2 94.2 94.2 94.2 94.2 94.2 94.2 94.2 94.2 94.2 94.2 94.2 94.2 94.2 94.2 94.2 94.2 94.2 94.2 94.2 94.2 94.2 94.2 94.2 94.2 94.2 94.2 94.2 94.2 94.2 94.2 94.2 94.2 94.2 94.2 94.2 94.2 94.2 94.2 94.2 94.2 94.2 94.2 94.2 94.2 94.2 94.2 94.2 94.2 94.2 94.2 94.2 94.2 94.2 94.2 94.2 94.2 86.6 86.6 86.6 86.6 86.6 86.6 86.6 86.6 86.6 86.6 86.6 86.6 86.6 86.6 86.6 86.6 86.6 86.6 86.6 86.6 86.6 86.6 86.6 86.6 86.6 86.6 86.6 86.6 86.6 
98.9 98.9 98.9 98.9 98.9 98.9 98.9 98.9 98.9 98.9 98.9 94.2 94.2 94.2 94.2 94.2 94.2 94.2 94.2 94.2 94.2 94.2 94.2 94.2 94.2 94.2 94.2 94.2 94.2 94.2 94.2 94.2 94.2 94.2 94.2 94.2 94.2 94.2 94.2 94.2 94.2 94.2 94.2 94.2 94.2 94.2 94.2 94.2 94.2 94.2 94.2 94.2 94.2 94.2 94.2 94.2 94.2 94.2 94.2 94.2 94.2 94.2 94.2 94.2 94.2 94.2 94.2 94.2 94.2 94.2 94.2 86.6 86.6 86.6 86.6 86.6 86.6 86.6 86.6 86.6 86.6 86.6 86.6 86.6 86.6 86.6 86.6 86.6 86.6 86.6 86.6 86.6 86.6 86.6 86.6 86.6 86.6 86.6 86.6 86.6 
98.9 98.9 98.9 98.9 98.9 98.9 98.9 98.9 98.9 98.9 98.9 94.2 94.2 94.2 94.2 94.2 94.2 94.2 94.2 94.2 94.2 94.2 94.2 94.2 94.2 94.2 94.2 94.2 94.2 94.2 94.2 94.2 94.2 94.2 94.2 94.2 94.2 94.2 94.2 94.2 94.2 94.2 94.2 94.2 94.2 94.2 94.2 94.2 94.2 94.2 94.2 94.2 94.2 94.2 94.2 94.2 94.2 94.2 94.2 94.2 94.2 94.2 94.2 94.2 94.2 94.2 94.2 94.2 94.2 94.2 94.2 86.6 86.6 86.6 86.6 86.6 86.6 86.6 86.6 86.6 86.6 86.6 86.6 86.6 86.6 86.6 86.6 86.6 86.6 86.6 86.6 86.6 86.6 86.6 86.6 86.6 86.6 86.6 86.6 86.6 
98.9 98.9 98.9 98.9 98.9 98.9 98.9 98.9 98.9 98.9 98.9 94.2 94.2 94.2 94.2 94.2 94.2 94.2 94.2 94.2 94.2 94.2 94.2 94.2 94.2 94.2 94.2 94.2 94.2 94.2 94.2 94.2 94.2 94.2 94.2 94.2 94.2 94.2 94.2 94.2 94.2 94.2 94.2 94.2 94.2 94.2 94.2 94.2 94.2 94.2 94.2 94.2 94.2 94.2 94.2 94.2 94.2 94.2 94.2 94.2 94.2 94.2 94.2 94.2 94.2 94.2 94.2 94.2 94.2 94.2 94.2 86.6 86.6 86.6 86.6 86.6 86.6 86.6 86.6 86.6 86.6 86.6 86.6 86.6 86.6 86.6 86.6 86.6 86.6 86.6 86.6 86.6 86.6 86.6 86.6 86.6 86.6 86.6 86.6 86.6 
98.9 98.9 98.9 98.9 98.9 98.9 98.9 98.9 98.9 98.9 98.9 94.2 94.2 94.2 94.2 94.2 94.2 94.2 94.2 94.2 94.2 94.2 94.2 94.2 94.2 94.2 94.2 94.2 94.2 94.2 94.2 94.2 94.2 94.2 94.2 94.2 94.2 94.2 94.2 94.2 94.2 94.2 94.2 94.2 94.2 94.2 94.2 94.2 94.2 94.2 94.2 94.2 94.2 94.2 94.2 94.2 94.2 94.2 94.2 94.2 94.2 94.2 94.2 94.2 94.2 94.2 94.2 94.2 94.2 94.2 94.2 86.6 86.6 86.6 86.6 86.6 86.6 86.6 86.6 86.6 86.6 86.6 86.6 86.6 86.6 86.6 86.6 86.6 86.6 86.6 86.6 86.6 86.6 86.6 86.6 86.6 86.6 86.6 86.6 86.6 
98.9 98.9 98.9 98.9 98.9 98.9 98.9 98.9 98.9 98.9 98.9 94.2 94.2 94.2 94.2 94.2 94.2 94.2 94.2 94.2 94.2 94.2 94.2 94.2 94.2 94.2 94.2 94.2 94.2 94.2 94.2 94.2 94.2 94.2 94.2 94.2 94.2 94.2 94.2 94.2 94.2 94.2 94.2 94.2 94.2 94.2 94.2 94.2 94.2 94.2 94.2 94.2 94.2 94.2 94.2 94.2 94.2 94.2 94.2 94.2 94.2 94.2 94.2 94.2 94.2 94.2 94.2 94.2 94.2 94.2 94.2 86.6 86.6 86.6 86.6 86.6 86.6 86.6 86.6 86.6 86.6 86.6 86.6 86.6 86.6 86.6 86.6 86.6 86.6 86.6 86.6 86.6 86.6 86.6 86.6 86.6 86.6 86.6 86.6 86.6 
139.7 139.7 139.7 139.7 139.7 139.7 139.7 139.7 139.7 139.7 139.7 138.5 138.5 138.5 138.5 138.5 138.5 138.5 138.5 138.5 138.5 138.5 138.5 138.5 138.5 138.5 138.5 138.5 138.5 138.5 138.5 138.5 138.5 138.5 138.5 138.5 138.5 138.5 138.5 138.5 138.5 138.5 138.5 138.5 138.5 138.5 138.5 138.5 138.5 138.5 138.5 138.5 138.5 138.5 138.5 138.5 138.5 138.5 138.5 138.5 138.5 138.5 138.5 138.5 138.5 138.5 138.5 138.5 138.5 138.5 138.5 123.3 123.3 123.3 123.3 123.3 123.3 123.3 123.3 123.3 123.3 123.3 123.3 123.3 123.3 123.3 123.3 123.3 123.3 123.3 123.3 123.3 123.3 123.3 123.3 123.3 123.3 123.3 123.3 123.3 
139.7 139.7 139.7 139.7 139.7 139.7 139.7 139.7 139.7 139.7 139.7 138.5 138.5 138.5 138.5 138.5 138.5 138.5 138.5 138.5 138.5 138.5 138.5 138.5 138.5 138.5 138.5 138.5 138.5 138.5 138.5 138.5 138.5 138.5 138.5 138.5 138.5 138.5 138.5 138.5 138.5 138.5 138.5 138.5 138.5 138.5 138.5 138.5 138.5 138.5 138.5 138.5 138.5 138.5 138.5 138.5 138.5 138.5 138.5 138.5 138.5 138.5 138.5 138.5 138.5 138.5 138.5 138.5 138.5 138.5 138.5 123.3 123.3 123.3 123.3 123.3 123.3 123.3 123.3 123.3 123.3 123.3 123.3 123.3 123.3 123.3 123.3 123.3 123.3 123.3 123.3 123.3 123.3 123.3 123.3 123.3 123.3 123.3 123.3 123.3 
139.7 139.7 139.7 139.7 139.7 139.7 139.7 139.7 139.7 139.7 139.7 138.5 138.5 138.5 138.5 138.5 138.5 138.5 138.5 138.5 138.5 138.5 138.5 138.5 138.5 138.5 138.5 138.5 138.5 138.5 138.5 138.5 138.5 138.5 138.5 138.5 138.5 138.5 138.5 138.5 138.5 138.5 138.5 138.5 138.5 138.5 138.5 138.5 138.5 138.5 138.5 138.5 138.5 138.5 138.5 138.5 138.5 138.5 138.5 138.5 138.5 138.5 138.5 138.5 138.5 138.5 138.5 138.5 138.5 138.5 138.5 123.3 123.3 123.3 123.3 123.3 123.3 123.3 123.3 123.3 123.3 123.3 123.3 123.3 123.3 123.3 123.3 123.3 123.3 123.3 123.3 123.3 123.3 123.3 123.3 123.3 123.3 123.3 123.3 123.3 
139.7 139.7 139.7 139.7 139.7 139.7 139.7 139.7 139.7 139.7 139.7 138.5 138.5 138.5 138.5 138.5 138.5 138.5 138.5 138.5 138.5 138.5 138.5 138.5 138.5 138.5 138.5 138.5 138.5 138.5 138.5 138.5 138.5 138.5 138.5 138.5 138.5 138.5 138.5 138.5 138.5 138.5 138.5 138.5 138.5 138.5 138.5 138.5 138.5 138.5 138.5 138.5 138.5 138.5 138.5 138.5 138.5 138.5 138.5 138.5 138.5 138.5 138.5 138.5 138.5 138.5 138.5 138.5 138.5 138.5 138.5 123.3 123.3 123.3 123.3 123.3 123.3 123.3 123.3 123.3 123.3 123.3 123.3 123.3 123.3 123.3 123.3 123.3 123.3 123.3 123.3 123.3 123.3 123.3 123.3 123.3 123.3 123.3 123.3 123.3 
139.7 139.7 139.7 139.7 139.7 139.7 139.7 139.7 139.7 139.7 139.7 138.5 138.5 138.5 138.5 138.5 138.5 138.5 138.5 138.5 138.5 138.5 138.5 138.5 138.5 138.5 138.5 138.5 138.5 138.5 138.5 138.5 138.5 138.5 138.5 138.5 138.5 138.5 138.5 138.5 138.5 138.5 138.5 138.5 138.5 138.5 138.5 138.5 138.5 138.5 138.5 138.5 138.5 138.5 138.5 138.5 138.5 138.5 138.5 138.5 138.5 138.5 138.5 138.5 138.5 138.5 138.5 138.5 138.5 138.5 138.5 123.3 123.3 123.3 123.3 123.3 123.3 123.3 123.3 123.3 123.3 123.3 123.3 123.3 123.3 123.3 123.3 123.3 123.3 123.3 123.3 123.3 123.3 123.3 123.3 123.3 123.3 123.3 123.3 123.3 
139.7 139.7 139.7 139.7 139.7 139.7 139.7 139.7 139.7 139.7 139.7 138.5 138.5 138.5 138.5 138.5 138.5 138.5 138.5 138.5 138.5 138.5 138.5 138.5 138.5 138.5 138.5 138.5 138.5 138.5 138.5 138.5 138.5 138.5 138.5 138.5 138.5 138.5 138.5 138.5 138.5 138.5 138.5 138.5 138.5 138.5 138.5 138.5 138.5 138.5 138.5 138.5 138.5 138.5 138.5 138.5 138.5 138.5 138.5 138.5 138.5 138.5 138.5 138.5 138.5 138.5 138.5 138.5 138.5 138.5 138.5 123.3 123.3 123.3 123.3 123.3 123.3 123.3 123.3 123.3 123.3 123.3 123.3 123.3 123.3 123.3 123.3 123.3 123.3 123.3 123.3 123.3 123.3 123.3 123.3 123.3 123.3 123.3 123.3 123.3 
139.7 139.7 139.7 139.7 139.7 139.7 139.7 139.7 139.7 139.7 139.7 138.5 138.5 138.5 138.5 138.5 138.5 138.5 138.5 138.5 138.5 138.5 138.5 138.5 138.5 138.5 138.5 138.5 138.5 138.5 138.5 138.5 138.5 138.5 138.5 138.5 138.5 138.5 138.5 138.5 138.5 138.5 138.5 138.5 138.5 138.5 138.5 138.5 138.5 138.5 138.5 138.5 138.5 138.5 138.5 138.5 138.5 138.5 138.5 138.5 138.5 138.5 138.5 138.5 138.5 138.5 138.5 138.5 138.5 138.5 138.5 123.3 123.3 123.3 123.3 123.3 123.3 123.3 123.3 123.3 123.3 123.3 123.3 123.3 123.3 123.3 123.3 123.3 123.3 123.3 123.3 123.3 123.3 123.3 123.3 123.3 123.3 123.3 123.3 123.3 
139.7 139.7 139.7 139.7 139.7 139.7 139.7 139.7 139.7 139.7 139.7 138.5 138.5 138.5 138.5 138.5 138.5 138.5 138.5 138.5 138.5 138.5 138.5 138.5 138.5 138.5 138.5 138.5 138.5 138.5 138.5 138.5 138.5 138.5 138.5 138.5 138.5 138.5 138.5 138.5 138.5 138.5 138.5 138.5 138.5 138.5 138.5 138.5 138.5 138.5 138.5 138.5 138.5 138.5 138.5 138.5 138.5 138.5 138.5 138.5 138.5 138.5 138.5 138.5 138.5 138.5 138.5 138.5 138.5 138.5 138.5 123.3 123.3 123.3 123.3 123.3 123.3 123.3 123.3 123.3 123.3 123.3 123.3 123.3 123.3 123.3 123.3 123.3 123.3 123.3 123.3 123.3 123.3 123.3 123.3 123.3 123.3 123.3 123.3 123.3 
139.7 139.7 139.7 139.7 139.7 139.7 139.7 139.7 139.7 139.7 139.7 138.5 138.5 138.5 138.5 138.5 138.5 138.5 138.5 138.5 138.5 138.5 138.5 138.5 138.5 138.5 138.5 138.5 138.5 138.5 138.5 138.5 138.5 138.5 138.5 138.5 138.5 138.5 138.5 138.5 138.5 138.5 138.5 138.5 138.5 138.5 138.5 138.5 138.5 138.5 138.5 138.5 138.5 138.5 138.5 138.5 138.5 138.5 138.5 138.5 138.5 138.5 138.5 138.5 138.5 138.5 138.5 138.5 138.5 138.5 138.5 123.3 123.3 123.3 123.3 123.3 123.3 123.3 123.3 123.3 123.3 123.3 123.3 123.3 123.3 123.3 123.3 123.3 123.3 123.3 123.3 123.3 123.3 123.3 123.3 123.3 123.3 123.3 123.3 123.3 
139.7 139.7 139.7 139.7 139.7 139.7 139.7 139.7 139.7 139.7 139.7 138.5 138.5 138.5 138.5 138.5 138.5 138.5 138.5 138.5 138.5 138.5 138.5 138.5 138.5 138.5 138.5 138.5 138.5 138.5 138.5 138.5 138.5 138.5 138.5 138.5 138.5 138.5 138.5 138.5 138.5 138.5 138.5 138.5 138.5 138.5 138.5 138.5 138.5 138.5 138.5 138.5 138.5 138.5 138.5 138.5 138.5 138.5 138.5 138.5 138.5 138.5 138.5 138.5 138.5 138.5 138.5 138.5 138.5 138.5 138.5 123.3 123.3 123.3 123.3 123.3 123.3 123.3 123.3 123.3 123.3 123.3 123.3 123.3 123.3 123.3 123.3 123.3 123.3 123.3 123.3 123.3 123.3 123.3 123.3 123.3 123.3 123.3 123.3 123.3 
139.7 139.7 139.7 139.7 139.7 139.7 139.7 139.7 139.7 139.7 139.7 138.5 138.5 138.5 138.5 138.5 138.5 138.5 138.5 138.5 138.5 138.5 138.5 138.5 138.5 138.5 138.5 138.5 138.5 138.5 138.5 138.5 138.5 138.5 138.5 138.5 138.5 138.5 138.5 138.5 138.5 138.5 138.5 138.5 138.5 138.5 138.5 138.5 138.5 138.5 138.5 138.5 138.5 138.5 138.5 138.5 138.5 138.5 138.5 138.5 138.5 138.5 138.5 138.5 138.5 138.5 138.5 138.5 138.5 138.5 138.5 123.3 123.3 123.3 123.3 123.3 123.3 123.3 123.3 123.3 123.3 123.3 123.3 123.3 123.3 123.3 123.3 123.3 123.3 123.3 123.3 123.3 123.3 123.3 123.3 123.3 123.3 123.3 123.3 123.3 
139.7 139.7 139.7 139.7 139.7 139.7 139.7 139.7 139.7 139.7 139.7 138.5 138.5 138.5 138.5 138.5 138.5 138.5 138.5 138.5 138.5 138.5 138.5 138.5 138.5 138.5 138.5 138.5 138.5 138.5 138.5 138.5 138.5 138.5 138.5 138.5 138.5 138.5 138.5 138.5 138.5 138.5 138.5 138.5 138.5 138.5 138.5 138.5 138.5 138.5 138.5 138.5 138.5 138.5 138.5 138.5 138.5 138.5 138.5 138.5 138.5 138.5 138.5 138.5 138.5 138.5 138.5 138.5 138.5 138.5 138.5 123.3 123.3 123.3 123.3 123.3 123.3 123.3 123.3 123.3 123.3 123.3 123.3 123.3 123.3 123.3 123.3 123.3 123.3 123.3 123.3 123.3 123.3 123.3 123.3 123.3 123.3 123.3 123.3 123.3 
139.7 139.7 139.7 139.7 139.7 139.7 139.7 139.7 139.7 139.7 139.7 138.5 138.5 138.5 138.5 138.5 138.5 138.5 138.5 138.5 138.5 138.5 138.5 138.5 138.5 138.5 138.5 138.5 138.5 138.5 138.5 138.5 138.5 138.5 138.5 138.5 138.5 138.5 138.5 138.5 138.5 138.5 138.5 138.5 138.5 138.5 138.5 138.5 138.5 138.5 138.5 138.5 138.5 138.5 138.5 138.5 138.5 138.5 138.5 138.5 138.5 138.5 138.5 138.5 138.5 138.5 138.5 138.5 138.5 138.5 138.5 123.3 123.3 123.3 123.3 123.3 123.3 123.3 123.3 123.3 123.3 123.3 123.3 123.3 123.3 123.3 123.3 123.3 123.3 123.3 123.3 123.3 123.3 123.3 123.3 123.3 123.3 123.3 123.3 123.3 
139.7 139.7 139.7 139.7 139.7 139.7 139.7 139.7 139.7 139.7 139.7 138.5 138.5 138.5 138.5 138.5 138.5 138.5 138.5 138.5 138.5 138.5 138.5 138.5 138.5 138.5 138.5 138.5 138.5 138.5 138.5 138.5 138.5 138.5 138.5 138.5 138.5 138.5 138.5 138.5 138.5 138.5 138.5 138.5 138.5 138.5 138.5 138.5 138.5 138.5 138.5 138.5 138.5 138.5 138.5 138.5 138.5 138.5 138.5 138.5 138.5 138.5 138.5 138.5 138.5 138.5 138.5 138.5 138.5 138.5 138.5 123.3 123.3 123.3 123.3 123.3 123.3 123.3 123.3 123.3 123.3 123.3 123.3 123.3 123.3 123.3 123.3 123.3 123.3 123.3 123.3 123.3 123.3 123.3 123.3 123.3 123.3 123.3 123.3 123.3 
139.7 139.7 139.7 139.7 139.7 139.7 139.7 139.7 139.7 139.7 139.7 138.5 138.5 138.5 138.5 138.5 138.5 138.5 138.5 138.5 138.5 138.5 138.5 138.5 138.5 138.5 138.5 138.5 138.5 138.5 138.5 138.5 138.5 138.5 138.5 138.5 138.5 138.5 138.5 138.5 138.5 138.5 138.5 138.5 138.5 138.5 138.5 138.5 138.5 138.5 138.5 138.5 138.5 138.5 138.5 138.5 138.5 138.5 138.5 138.5 138.5 138.5 138.5 138.5 138.5 138.5 138.5 138.5 138.5 138.5 138.5 123.3 123.3 123.3 123.3 123.3 123.3 123.3 123.3 123.3 123.3 123.3 123.3 123.3 123.3 123.3 123.3 123.3 123.3 123.3 123.3 123.3 123.3 123.3 123.3 123.3 123.3 123.3 123.3 123.3 
139.7 139.7 139.7 139.7 139.7 139.7 139.7 139.7 139.7 139.7 139.7 138.5 138.5 138.5 138.5 138.5 138.5 138.5 138.5 138.5 138.5 138.5 138.5 138.5 138.5 138.5 138.5 138.5 138.5 138.5 138.5 138.5 138.5 138.5 138.5 138.5 138.5 138.5 138.5 138.5 138.5 138.5 138.5 138.5 138.5 138.5 138.5 138.5 138.5 138.5 138.5 138.5 138.5 138.5 138.5 138.5 138.5 138.5 138.5 138.5 138.5 138.5 138.5 138.5 138.5 138.5 138.5 138.5 138.5 138.5 138.5 123.3 123.3 123.3 123.3 123.3 123.3 123.3 123.3 123.3 123.3 123.3 123.3 123.3 123.3 123.3 123.3 123.3 123.3 123.3 123.3 123.3 123.3 123.3 123.3 123.3 123.3 123.3 123.3 123.3 
139.7 139.7 139.7 139.7 139.7 139.7 139.7 139.7 139.7 139.7 139.7 138.5 138.5 138.5 138.5 138.5 138.5 138.5 138.5 138.5 138.5 138.5 138.5 138.5 138.5 138.5 138.5 138.5 138.5 138.5 138.5 138.5 138.5 138.5 138.5 138.5 138.5 138.5 138.5 138.5 138.5 138.5 138.5 138.5 138.5 138.5 138.5 138.5 138.5 138.5 138.5 138.5 138.5 138.5 138.5 138.5 138.5 138.5 138.5 138.5 138.5 138.5 138.5 138.5 138.5 138.5 138.5 138.5 138.5 138.5 138.5 123.3 123.3 123.3 123.3 123.3 123.3 123.3 123.3 123.3 123.3 123.3 123.3 123.3 123.3 123.3 123.3 123.3 123.3 123.3 123.3 123.3 123.3 123.3 123.3 123.3 123.3 123.3 123.3 123.3 
139.7 139.7 139.7 139.7 139.7 139.7 139.7 139.7 139.7 139.7 139.7 138.5 138.5 138.5 138.5 138.5 138.5 138.5 138.5 138.5 138.5 138.5 138.5 138.5 138.5 138.5 138.5 138.5 138.5 138.5 138.5 138.5 138.5 138.5 138.5 138.5 138.5 138.5 138.5 138.5 138.5 138.5 138.5 138.5 138.5 138.5 138.5 138.5 138.5 138.5 138.5 138.5 138.5 138.5 138.5 138.5 138.5 138.5 138.5 138.5 138.5 138.5 138.5 138.5 138.5 138.5 138.5 138.5 138.5 138.5 138.5 123.3 123.3 123.3 123.3 123.3 123.3 123.3 123.3 123.3 123.3 123.3 123.3 123.3 123.3 123.3 123.3 123.3 123.3 123.3 123.3 123.3 123.3 123.3 123.3 123.3 123.3 123.3 123.3 123.3 
139.7 139.7 139.7 139.7 139.7 139.7 139.7 139.7 139.7 139.7 139.7 138.5 138.5 138.5 138.5 138.5 138.5 138.5 138.5 138.5 138.5 138.5 138.5 138.5 138.5 138.5 138.5 138.5 138.5 138.5 138.5 138.5 138.5 138.5 138.5 138.5 138.5 138.5 138.5 138.5 138.5 138.5 138.5 138.5 138.5 138.5 138.5 138.5 138.5 138.5 138.5 138.5 138.5 138.5 138.5 138.5 138.5 138.5 138.5 138.5 138.5 138.5 138.5 138.5 138.5 138.5 138.5 138.5 138.5 138.5 138.5 123.3 123.3 123.3 123.3 123.3 123.3 123.3 123.3 123.3 123.3 123.3 123.3 123.3 123.3 123.3 123.3 123.3 123.3 123.3 123.3 123.3 123.3 123.3 123.3 123.3 123.3 123.3 123.3 123.3 
139.7 139.7 139.7 139.7 139.7 139.7 139.7 139.7 139.7 139.7 139.7 138.5 138.5 138.5 138.5 138.5 138.5 138.5 138.5 138.5 138.5 138.5 138.5 138.5 138.5 138.5 138.5 138.5 138.5 138.5 138.5 138.5 138.5 138.5 138.5 138.5 138.5 138.5 138.5 138.5 138.5 138.5 138.5 138.5 138.5 138.5 138.5 138.5 138.5 138.5 138.5 138.5 138.5 138.5 138.5 138.5 138.5 138.5 138.5 138.5 138.5 138.5 138.5 138.5 138.5 138.5 138.5 138.5 138.5 138.5 138.5 123.3 123.3 123.3 123.3 123.3 123.3 123.3 123.3 123.3 123.3 123.3 123.3 123.3 123.3 123.3 123.3 123.3 123.3 123.3 123.3 123.3 123.3 123.3 123.3 123.3 123.3 123.3 123.3 123.3 
139.7 139.7 139.7 139.7 139.7 139.7 139.7 139.7 139.7 139.7 139.7 138.5 138.5 138.5 138.5 138.5 138.5 138.5 138.5 138.5 138.5 138.5 138.5 138.5 138.5 138.5 138.5 138.5 138.5 138.5 138.5 138.5 138.5 138.5 138.5 138.5 138.5 138.5 138.5 138.5 138.5 138.5 138.5 138.5 138.5 138.5 138.5 138.5 138.5 138.5 138.5 138.5 138.5 138.5 138.5 138.5 138.5 138.5 138.5 138.5 138.5 138.5 138.5 138.5 138.5 138.5 138.5 138.5 138.5 138.5 138.5 123.3 123.3 123.3 123.3 123.3 123.3 123.3 123.3 123.3 123.3 123.3 123.3 123.3 123.3 123.3 123.3 123.3 123.3 123.3 123.3 123.3 123.3 123.3 123.3 123.3 123.3 123.3 123.3 123.3 
139.7 139.7 139.7 139.7 139.7 139.7 139.7 139.7 139.7 139.7 139.7 138.5 138.5 138.5 138.5 138.5 138.5 138.5 138.5 138.5 138.5 138.5 138.5 138.5 138.5 138.5 138.5 138.5 138.5 138.5 138.5 138.5 138.5 138.5 138.5 138.5 138.5 138.5 138.5 138.5 138.5 138.5 138.5 138.5 138.5 138.5 138.5 138.5 138.5 138.5 138.5 138.5 138.5 138.5 138.5 138.5 138.5 138.5 138.5 138.5 138.5 138.5 138.5 138.5 138.5 138.5 138.5 138.5 138.5 138.5 138.5 123.3 123.3 123.3 123.3 123.3 123.3 123.3 123.3 123.3 123.3 123.3 123.3 123.3 123.3 123.3 123.3 123.3 123.3 123.3 123.3 123.3 123.3 123.3 123.3 123.3 123.3 123.3 123.3 123.3 
139.7 139.7 139.7 139.7 139.7 139.7 139.7 139.7 139.7 139.7 139.7 138.5 138.5 138.5 138.5 138.5 138.5 138.5 138.5 138.5 138.5 138.5 138.5 138.5 138.5 138.5 138.5 138.5 138.5 138.5 138.5 138.5 138.5 138.5 138.5 138.5 138.5 138.5 138.5 138.5 138.5 138.5 138.5 138.5 138.5 138.5 138.5 138.5 138.5 138.5 138.5 138.5 138.5 138.5 138.5 138.5 138.5 138.5 138.5 138.5 138.5 138.5 138.5 138.5 138.5 138.5 138.5 138.5 138.5 138.5 138.5 123.3 123.3 123.3 123.3 123.3 123.3 123.3 123.3 123.3 123.3 123.3 123.3 123.3 123.3 123.3 123.3 123.3 123.3 123.3 123.3 123.3 123.3 123.3 123.3 123.3 123.3 123.3 123.3 123.3 
139.7 139.7 139.7 139.7 139.7 139.7 139.7 139.7 139.7 139.7 139.7 138.5 138.5 138.5 138.5 138.5 138.5 138.5 138.5 138.5 138.5 138.5 138.5 138.5 138.5 138.5 138.5 138.5 138.5 138.5 138.5 138.5 138.5 138.5 138.5 138.5 138.5 138.5 138.5 138.5 138.5 138.5 138.5 138.5 138.5 138.5 138.5 138.5 138.5 138.5 138.5 138.5 138.5 138.5 138.5 138.5 138.5 138.5 138.5 138.5 138.5 138.5 138.5 138.5 138.5 138.5 138.5 138.5 138.5 138.5 138.5 123.3 123.3 123.3 123.3 123.3 123.3 123.3 123.3 123.3 123.3 123.3 123.3 123.3 123.3 123.3 123.3 123.3 123.3 123.3 123.3 123.3 123.3 123.3 123.3 123.3 123.3 123.3 123.3 123.3 
139.7 139.7 139.7 139.7 139.7 139.7 139.7 139.7 139.7 139.7 139.7 138.5 138.5 138.5 138.5 138.5 138.5 138.5 138.5 138.5 138.5 138.5 138.5 138.5 138.5 138.5 138.5 138.5 138.5 138.5 138.5 138.5 138.5 138.5 138.5 138.5 138.5 138.5 138.5 138.5 138.5 138.5 138.5 138.5 138.5 138.5 138.5 138.5 138.5 138.5 138.5 138.5 138.5 138.5 138.5 138.5 138.5 138.5 138.5 138.5 138.5 138.5 138.5 138.5 138.5 138.5 138.5 138.5 138.5 138.5 138.5 123.3 123.3 123.3 123.3 123.3 123.3 123.3 123.3 123.3 123.3 123.3 123.3 123.3 123.3 123.3 123.3 123.3 123.3 123.3 123.3 123.3 123.3 123.3 123.3 123.3 123.3 123.3 123.3 123.3 
139.7 139.7 139.7 139.7 139.7 139.7 139.7 139.7 139.7 139.7 139.7 138.5 138.5 138.5 138.5 138.5 138.5 138.5 138.5 138.5 138.5 138.5 138.5 138.5 138.5 138.5 138.5 138.5 138.5 138.5 138.5 138.5 138.5 138.5 138.5 138.5 138.5 138.5 138.5 138.5 138.5 138.5 138.5 138.5 138.5 138.5 138.5 138.5 138.5 138.5 138.5 138.5 138.5 138.5 138.5 138.5 138.5 138.5 138.5 138.5 138.5 138.5 138.5 138.5 138.5 138.5 138.5 138.5 138.5 138.5 138.5 123.3 123.3 123.3 123.3 123.3 123.3 123.3 123.3 123.3 123.3 123.3 123.3 123.3 123.3 123.3 123.3 123.3 123.3 123.3 123.3 123.3 123.3 123.3 123.3 123.3 123.3 123.3 123.3 123.3 
139.7 139.7 139.7 139.7 139.7 139.7 139.7 139.7 139.7 139.7 139.7 138.5 138.5 138.5 138.5 138.5 138.5 138.5 138.5 138.5 138.5 138.5 138.5 138.5 138.5 138.5 138.5 138.5 138.5 138.5 138.5 138.5 138.5 138.5 138.5 138.5 138.5 138.5 138.5 138.5 138.5 138.5 138.5 138.5 138.5 138.5 138.5 138.5 138.5 138.5 138.5 138.5 138.5 138.5 138.5 138.5 138.5 138.5 138.5 138.5 138.5 138.5 138.5 138.5 138.5 138.5 138.5 138.5 138.5 138.5 138.5 123.3 123.3 123.3 123.3 123.3 123.3 123.3 123.3 123.3 123.3 123.3 123.3 123.3 123.3 123.3 123.3 123.3 123.3 123.3 123.3 123.3 123.3 123.3 123.3 123.3 123.3 123.3 123.3 123.3 
139.7 139.7 139.7 139.7 139.7 139.7 139.7 139.7 139.7 139.7 139.7 138.5 138.5 138.5 138.5 138.5 138.5 138.5 138.5 138.5 138.5 138.5 138.5 138.5 138.5 138.5 138.5 138.5 138.5 138.5 138.5 138.5 138.5 138.5 138.5 138.5 138.5 138.5 138.5 138.5 138.5 138.5 138.5 138.5 138.5 138.5 138.5 138.5 138.5 138.5 138.5 138.5 138.5 138.5 138.5 138.5 138.5 138.5 138.5 138.5 138.5 138.5 138.5 138.5 138.5 138.5 138.5 138.5 138.5 138.5 138.5 123.3 123.3 123.3 123.3 123.3 123.3 123.3 123.3 123.3 123.3 123.3 123.3 123.3 123.3 123.3 123.3 123.3 123.3 123.3 123.3 123.3 123.3 123.3 123.3 123.3 123.3 123.3 123.3 123.3 
139.7 139.7 139.7 139.7 139.7 139.7 139.7 139.7 139.7 139.7 139.7 138.5 138.5 138.5 138.5 138.5 138.5 138.5 138.5 138.5 138.5 138.5 138.5 138.5 138.5 138.5 138.5 138.5 138.5 138.5 138.5 138.5 138.5 138.5 138.5 138.5 138.5 138.5 138.5 138.5 138.5 138.5 138.5 138.5 138.5 138.5 138.5 138.5 138.5 138.5 138.5 138.5 138.5 138.5 138.5 138.5 138.5 138.5 138.5 138.5 138.5 138.5 138.5 138.5 138.5 138.5 138.5 138.5 138.5 138.5 138.5 123.3 123.3 123.3 123.3 123.3 123.3 123.3 123.3 123.3 123.3 123.3 123.3 123.3 123.3 123.3 123.3 123.3 123.3 123.3 123.3 123.3 123.3 123.3 123.3 123.3 123.3 123.3 123.3 123.3 
139.7 139.7 139.7 139.7 139.7 139.7 139.7 139.7 139.7 139.7 139.7 138.5 138.5 138.5 138.5 138.5 138.5 138.5 138.5 138.5 138.5 138.5 138.5 138.5 138.5 138.5 138.5 138.5 138.5 138.5 138.5 138.5 138.5 138.5 138.5 138.5 138.5 138.5 138.5 138.5 138.5 138.5 138.5 138.5 138.5 138.5 138.5 138.5 138.5 138.5 138.5 138.5 138.5 138.5 138.5 138.5 138.5 138.5 138.5 138.5 138.5 138.5 138.5 138.5 138.5 138.5 138.5 138.5 138.5 138.5 138.5 123.3 123.3 123.3 123.3 123.3 123.3 123.3 123.3 123.3 123.3 123.3 123.3 123.3 123.3 123.3 123.3 123.3 123.3 123.3 123.3 123.3 123.3 123.3 123.3 123.3 123.3 123.3 123.3 123.3 
139.7 139.7 139.7 139.7 139.7 139.7 139.7 139.7 139.7 139.7 139.7 138.5 138.5 138.5 138.5 138.5 138.5 138.5 138.5 138.5 138.5 138.5 138.5 138.5 138.5 138.5 138.5 138.5 138.5 138.5 138.5 138.5 138.5 138.5 138.5 138.5 138.5 138.5 138.5 138.5 138.5 138.5 138.5 138.5 138.5 138.5 138.5 138.5 138.5 138.5 138.5 138.5 138.5 138.5 138.5 138.5 138.5 138.5 138.5 138.5 138.5 138.5 138.5 138.5 138.5 138.5 138.5 138.5 138.5 138.5 138.5 123.3 123.3 123.3 123.3 123.3 123.3 123.3 123.3 123.3 123.3 123.3 123.3 123.3 123.3 123.3 123.3 123.3 123.3 123.3 123.3 123.3 123.3 123.3 123.3 123.3 123.3 123.3 123.3 123.3 
