ncols         100
nrows         100
xllcorner     -59982.863281
yllcorner     1851083.022172
cellsize      1000
NODATA_value  -9999
151.3 151.3 151.3 151.3 151.3 151.3 151.3 151.3 151.3 151.3 151.3 135.2 135.2 135.2 135.2 135.2 135.2 135.2 135.2 135.2 135.2 135.2 135.2 135.2 135.2 135.2 135.2 135.2 135.2 135.2 135.2 135.2 135.2 135.2 135.2 135.2 135.2 135.2 135.2 135.2 135.2 135.2 135.2 135.2 135.2 135.2 135.2 135.2 135.2 135.2 135.2 135.2 135.2 135.2 135.2 135.2 135.2 135.2 135.2 135.2 135.2 135.2 135.2 135.2 135.2 135.2 135.2 135.2 135.2 135.2 135.2 123.2 123.2 123.2 123.2 123.2 123.2 123.2 123.2 123.2 123.2 123.2 123.2 123.2 123.2 123.2 123.2 123.2 123.2 123.2 123.2 123.2 123.2 123.2 123.2 123.2 123.2 123.2 123.2 123.2 
151.3 151.3 151.3 151.3 151.3 151.3 151.3 151.3 151.3 151.3 151.3 135.2 135.2 135.2 135.2 135.2 135.2 135.2 135.2 135.2 135.2 135.2 135.2 135.2 135.2 135.2 135.2 135.2 135.2 135.2 135.2 135.2 135.2 135.2 135.2 135.2 135.2 135.2 135.2 135.2 135.2 135.2 135.2 135.2 135.2 135.2 135.2 135.2 135.2 135.2 135.2 135.2 135.2 135.2 135.2 135.2 135.2 135.2 135.2 135.2 135.2 135.2 135.2 135.2 135.2 135.2 135.2 135.2 135.2 135.2 135.2 123.2 123.2 123.2 123.2 123.2 123.2 123.2 123.2 123.2 123.2 123.2 123.2 123.2 123.2 123.2 123.2 123.2 123.2 123.2 123.2 123.2 123.2 123.2 123.2 123.2 123.2 123.2 123.2 123.2 
151.3 151.3 151.3 151.3 151.3 151.3 151.3 151.3 151.3 151.3 151.3 135.2 135.2 135.2 135.2 135.2 135.2 135.2 135.2 135.2 135.2 135.2 135.2 135.2 135.2 135.2 135.2 135.2 135.2 135.2 135.2 135.2 135.2 135.2 135.2 135.2 135.2 135.2 135.2 135.2 135.2 135.2 135.2 135.2 135.2 135.2 135.2 135.2 135.2 135.2 135.2 135.2 135.2 135.2 135.2 135.2 135.2 135.2 135.2 135.2 135.2 135.2 135.2 135.2 135.2 135.2 135.2 135.2 135.2 135.2 135.2 123.2 123.2 123.2 123.2 123.2 123.2 123.2 123.2 123.2 123.2 123.2 123.2 123.2 123.2 123.2 123.2 123.2 123.2 123.2 123.2 123.2 123.2 123.2 123.2 123.2 123.2 123.2 123.2 123.2 
151.3 151.3 151.3 151.3 151.3 151.3 151.3 151.3 151.3 151.3 151.3 135.2 135.2 135.2 135.2 135.2 135.2 135.2 135.2 135.2 135.2 135.2 135.2 135.2 135.2 135.2 135.2 135.2 135.2 135.2 135.2 135.2 135.2 135.2 135.2 135.2 135.2 135.2 135.2 135.2 135.2 135.2 135.2 135.2 135.2 135.2 135.2 135.2 135.2 135.2 135.2 135.2 135.2 135.2 135.2 135.2 135.2 135.2 135.2 135.2 135.2 135.2 135.2 135.2 135.2 135.2 135.2 135.2 135.2 135.2 135.2 123.2 123.2 123.2 123.2 123.2 123.2 123.2 123.2 123.2 123.2 123.2 123.2 123.2 123.2 123.2 123.2 123.2 123.2 123.2 123.2 123.2 123.2 123.2 123.2 123.2 123.2 123.2 123.2 123.2 
151.3 151.3 151.3 151.3 151.3 151.3 151.3 151.3 151.3 151.3 151.3 135.2 135.2 135.2 135.2 135.2 135.2 135.2 135.2 135.2 135.2 135.2 135.2 135.2 135.2 135.2 135.2 135.2 135.2 135.2 135.2 135.2 135.2 135.2 135.2 135.2 135.2 135.2 135.2 135.2 135.2 135.2 135.2 135.2 135.2 135.2 135.2 135.2 135.2 135.2 135.2 135.2 135.2 135.2 135.2 135.2 135.2 135.2 135.2 135.2 135.2 135.2 135.2 135.2 135.2 135.2 135.2 135.2 135.2 135.2 135.2 123.2 123.2 123.2 123.2 123.2 123.2 123.2 123.2 123.2 123.2 123.2 123.2 123.2 123.2 123.2 123.2 123.2 123.2 123.2 123.2 123.2 123.2 123.2 123.2 123.2 123.2 123.2 123.2 123.2 
151.3 151.3 151.3 151.3 151.3 151.3 151.3 151.3 151.3 151.3 151.3 135.2 135.2 135.2 135.2 135.2 135.2 135.2 135.2 135.2 135.2 135.2 135.2 135.2 135.2 135.2 135.2 135.2 135.2 135.2 135.2 135.2 135.2 135.2 135.2 135.2 135.2 135.2 135.2 135.2 135.2 135.2 135.2 135.2 135.2 135.2 135.2 135.2 135.2 135.2 135.2 135.2 135.2 135.2 135.2 135.2 135.2 135.2 135.2 135.2 135.2 135.2 135.2 135.2 135.2 135.2 135.2 135.2 135.2 135.2 135.2 123.2 123.2 123.2 123.2 123.2 123.2 123.2 123.2 123.2 123.2 123.2 123.2 123.2 123.2 123.2 123.2 123.2 123.2 123.2 123.2 123.2 123.2 123.2 123.2 123.2 123.2 123.2 123.2 123.2 
151.3 151.3 151.3 151.3 151.3 151.3 151.3 151.3 151.3 151.3 151.3 135.2 135.2 135.2 135.2 135.2 135.2 135.2 135.2 135.2 135.2 135.2 135.2 135.2 135.2 135.2 135.2 135.2 135.2 135.2 135.2 135.2 135.2 135.2 135.2 135.2 135.2 135.2 135.2 135.2 135.2 135.2 135.2 135.2 135.2 135.2 135.2 135.2 135.2 135.2 135.2 135.2 135.2 135.2 135.2 135.2 135.2 135.2 135.2 135.2 135.2 135.2 135.2 135.2 135.2 135.2 135.2 135.2 135.2 135.2 135.2 123.2 123.2 123.2 123.2 123.2 123.2 123.2 123.2 123.2 123.2 123.2 123.2 123.2 123.2 123.2 123.2 123.2 123.2 123.2 123.2 123.2 123.2 123.2 123.2 123.2 123.2 123.2 123.2 123.2 
151.3 151.3 151.3 151.3 151.3 151.3 151.3 151.3 151.3 151.3 151.3 135.2 135.2 135.2 135.2 135.2 135.2 135.2 135.2 135.2 135.2 135.2 135.2 135.2 135.2 135.2 135.2 135.2 135.2 135.2 135.2 135.2 135.2 135.2 135.2 135.2 135.2 135.2 135.2 135.2 135.2 135.2 135.2 135.2 135.2 135.2 135.2 135.2 135.2 135.2 135.2 135.2 135.2 135.2 135.2 135.2 135.2 135.2 135.2 135.2 135.2 135.2 135.2 135.2 135.2 135.2 135.2 135.2 135.2 135.2 135.2 123.2 123.2 123.2 123.2 123.2 123.2 123.2 123.2 123.2 123.2 123.2 123.2 123.2 123.2 123.2 123.2 123.2 123.2 123.2 123.2 123.2 123.2 123.2 123.2 123.2 123.2 123.2 123.2 123.2 
151.3 151.3 151.3 151.3 151.3 151.3 151.3 151.3 151.3 151.3 151.3 135.2 135.2 135.2 135.2 135.2 135.2 135.2 135.2 135.2 135.2 135.2 135.2 135.2 135.2 135.2 135.2 135.2 135.2 135.2 135.2 135.2 135.2 135.2 135.2 135.2 135.2 135.2 135.2 135.2 135.2 135.2 135.2 135.2 135.2 135.2 135.2 135.2 135.2 135.2 135.2 135.2 135.2 135.2 135.2 135.2 135.2 135.2 135.2 135.2 135.2 135.2 135.2 135.2 135.2 135.2 135.2 135.2 135.2 135.2 135.2 123.2 123.2 123.2 123.2 123.2 123.2 123.2 123.2 123.2 123.2 123.2 123.2 123.2 123.2 123.2 123.2 123.2 123.2 123.2 123.2 123.2 123.2 123.2 123.2 123.2 123.2 123.2 123.2 123.2 
159.4 159.4 159.4 159.4 159.4 159.4 159.4 159.4 159.4 159.4 159.4 158.3 158.3 158.3 158.3 158.3 158.3 158.3 158.3 158.3 158.3 158.3 158.3 158.3 158.3 158.3 158.3 158.3 158.3 158.3 158.3 158.3 158.3 158.3 158.3 158.3 158.3 158.3 158.3 158.3 158.3 158.3 158.3 158.3 158.3 158.3 158.3 158.3 158.3 158.3 158.3 158.3 158.3 158.3 158.3 158.3 158.3 158.3 158.3 158.3 158.3 158.3 158.3 158.3 158.3 158.3 158.3 158.3 158.3 158.3 158.3 136.9 136.9 136.9 136.9 136.9 136.9 136.9 136.9 136.9 136.9 136.9 136.9 136.9 136.9 136.9 136.9 136.9 136.9 136.9 136.9 136.9 136.9 136.9 136.9 136.9 136.9 136.9 136.9 136.9 
159.4 159.4 159.4 159.4 159.4 159.4 159.4 159.4 159.4 159.4 159.4 158.3 158.3 158.3 158.3 158.3 158.3 158.3 158.3 158.3 158.3 158.3 158.3 158.3 158.3 158.3 158.3 158.3 158.3 158.3 158.3 158.3 158.3 158.3 158.3 158.3 158.3 158.3 158.3 158.3 158.3 158.3 158.3 158.3 158.3 158.3 158.3 158.3 158.3 158.3 158.3 158.3 158.3 158.3 158.3 158.3 158.3 158.3 158.3 158.3 158.3 158.3 158.3 158.3 158.3 158.3 158.3 158.3 158.3 158.3 158.3 136.9 136.9 136.9 136.9 136.9 136.9 136.9 136.9 136.9 136.9 136.9 136.9 136.9 136.9 136.9 136.9 136.9 136.9 136.9 136.9 136.9 136.9 136.9 136.9 136.9 136.9 136.9 136.9 136.9 
159.4 159.4 159.4 159.4 159.4 159.4 159.4 159.4 159.4 159.4 159.4 158.3 158.3 158.3 158.3 158.3 158.3 158.3 158.3 158.3 158.3 158.3 158.3 158.3 158.3 158.3 158.3 158.3 158.3 158.3 158.3 158.3 158.3 158.3 158.3 158.3 158.3 158.3 158.3 158.3 158.3 158.3 158.3 158.3 158.3 158.3 158.3 158.3 158.3 158.3 158.3 158.3 158.3 158.3 158.3 158.3 158.3 158.3 158.3 158.3 158.3 158.3 158.3 158.3 158.3 158.3 158.3 158.3 158.3 158.3 158.3 136.9 136.9 136.9 136.9 136.9 136.9 136.9 136.9 136.9 136.9 136.9 136.9 136.9 136.9 136.9 136.9 136.9 136.9 136.9 136.9 136.9 136.9 136.9 136.9 136.9 136.9 136.9 136.9 136.9 
159.4 159.4 159.4 159.4 159.4 159.4 159.4 159.4 159.4 159.4 159.4 158.3 158.3 158.3 158.3 158.3 158.3 158.3 158.3 158.3 158.3 158.3 158.3 158.3 158.3 158.3 158.3 158.3 158.3 158.3 158.3 158.3 158.3 158.3 158.3 158.3 158.3 158.3 158.3 158.3 158.3 158.3 158.3 158.3 158.3 158.3 158.3 158.3 158.3 158.3 158.3 158.3 158.3 158.3 158.3 158.3 158.3 158.3 158.3 158.3 158.3 158.3 158.3 158.3 158.3 158.3 158.3 158.3 158.3 158.3 158.3 136.9 136.9 136.9 136.9 136.9 136.9 136.9 136.9 136.9 136.9 136.9 136.9 136.9 136.9 136.9 136.9 136.9 136.9 136.9 136.9 136.9 136.9 136.9 136.9 136.9 136.9 136.9 136.9 136.9 
159.4 159.4 159.4 159.4 159.4 159.4 159.4 159.4 159.4 159.4 159.4 158.3 158.3 158.3 158.3 158.3 158.3 158.3 158.3 158.3 158.3 158.3 158.3 158.3 158.3 158.3 158.3 158.3 158.3 158.3 158.3 158.3 158.3 158.3 158.3 158.3 158.3 158.3 158.3 158.3 158.3 158.3 158.3 158.3 158.3 158.3 158.3 158.3 158.3 158.3 158.3 158.3 158.3 158.3 158.3 158.3 158.3 158.3 158.3 158.3 158.3 158.3 158.3 158.3 158.3 158.3 158.3 158.3 158.3 158.3 158.3 136.9 136.9 136.9 136.9 136.9 136.9 136.9 136.9 136.9 136.9 136.9 136.9 136.9 136.9 136.9 136.9 136.9 136.9 136.9 136.9 136.9 136.9 136.9 136.9 136.9 136.9 136.9 136.9 136.9 
159.4 159.4 159.4 159.4 159.4 159.4 159.4 159.4 159.4 159.4 159.4 158.3 158.3 158.3 158.3 158.3 158.3 158.3 158.3 158.3 158.3 158.3 158.3 158.3 158.3 158.3 158.3 158.3 158.3 158.3 158.3 158.3 158.3 158.3 158.3 158.3 158.3 158.3 158.3 158.3 158.3 158.3 158.3 158.3 158.3 158.3 158.3 158.3 158.3 158.3 158.3 158.3 158.3 158.3 158.3 158.3 158.3 158.3 158.3 158.3 158.3 158.3 158.3 158.3 158.3 158.3 158.3 158.3 158.3 158.3 158.3 136.9 136.9 136.9 136.9 136.9 136.9 136.9 136.9 136.9 136.9 136.9 136.9 136.9 136.9 136.9 136.9 136.9 136.9 136.9 136.9 136.9 136.9 136.9 136.9 136.9 136.9 136.9 136.9 136.9 
159.4 159.4 159.4 159.4 159.4 159.4 159.4 159.4 159.4 159.4 159.4 158.3 158.3 158.3 158.3 158.3 158.3 158.3 158.3 158.3 158.3 158.3 158.3 158.3 158.3 158.3 158.3 158.3 158.3 158.3 158.3 158.3 158.3 158.3 158.3 158.3 158.3 158.3 158.3 158.3 158.3 158.3 158.3 158.3 158.3 158.3 158.3 158.3 158.3 158.3 158.3 158.3 158.3 158.3 158.3 158.3 158.3 158.3 158.3 158.3 158.3 158.3 158.3 158.3 158.3 158.3 158.3 158.3 158.3 158.3 158.3 136.9 136.9 136.9 136.9 136.9 136.9 136.9 136.9 136.9 136.9 136.9 136.9 136.9 136.9 136.9 136.9 136.9 136.9 136.9 136.9 136.9 136.9 136.9 136.9 136.9 136.9 136.9 136.9 136.9 
159.4 159.4 159.4 159.4 159.4 159.4 159.4 159.4 159.4 159.4 159.4 158.3 158.3 158.3 158.3 158.3 158.3 158.3 158.3 158.3 158.3 158.3 158.3 158.3 158.3 158.3 158.3 158.3 158.3 158.3 158.3 158.3 158.3 158.3 158.3 158.3 158.3 158.3 158.3 158.3 158.3 158.3 158.3 158.3 158.3 158.3 158.3 158.3 158.3 158.3 158.3 158.3 158.3 158.3 158.3 158.3 158.3 158.3 158.3 158.3 158.3 158.3 158.3 158.3 158.3 158.3 158.3 158.3 158.3 158.3 158.3 136.9 136.9 136.9 136.9 136.9 136.9 136.9 136.9 136.9 136.9 136.9 136.9 136.9 136.9 136.9 136.9 136.9 136.9 136.9 136.9 136.9 136.9 136.9 136.9 136.9 136.9 136.9 136.9 136.9 
159.4 159.4 159.4 159.4 159.4 159.4 159.4 159.4 159.4 159.4 159.4 158.3 158.3 158.3 158.3 158.3 158.3 158.3 158.3 158.3 158.3 158.3 158.3 158.3 158.3 158.3 158.3 158.3 158.3 158.3 158.3 158.3 158.3 158.3 158.3 158.3 158.3 158.3 158.3 158.3 158.3 158.3 158.3 158.3 158.3 158.3 158.3 158.3 158.3 158.3 158.3 158.3 158.3 158.3 158.3 158.3 158.3 158.3 158.3 158.3 158.3 158.3 158.3 158.3 158.3 158.3 158.3 158.3 158.3 158.3 158.3 136.9 136.9 136.9 136.9 136.9 136.9 136.9 136.9 136.9 136.9 136.9 136.9 136.9 136.9 136.9 136.9 136.9 136.9 136.9 136.9 136.9 136.9 136.9 136.9 136.9 136.9 136.9 136.9 136.9 
159.4 159.4 159.4 159.4 159.4 159.4 159.4 159.4 159.4 159.4 159.4 158.3 158.3 158.3 158.3 158.3 158.3 158.3 158.3 158.3 158.3 158.3 158.3 158.3 158.3 158.3 158.3 158.3 158.3 158.3 158.3 158.3 158.3 158.3 158.3 158.3 158.3 158.3 158.3 158.3 158.3 158.3 158.3 158.3 158.3 158.3 158.3 158.3 158.3 158.3 158.3 158.3 158.3 158.3 158.3 158.3 158.3 158.3 158.3 158.3 158.3 158.3 158.3 158.3 158.3 158.3 158.3 158.3 158.3 158.3 158.3 136.9 136.9 136.9 136.9 136.9 136.9 136.9 136.9 136.9 136.9 136.9 136.9 136.9 136.9 136.9 136.9 136.9 136.9 136.9 136.9 136.9 136.9 136.9 136.9 136.9 136.9 136.9 136.9 136.9 
159.4 159.4 159.4 159.4 159.4 159.4 159.4 159.4 159.4 159.4 159.4 158.3 158.3 158.3 158.3 158.3 158.3 158.3 158.3 158.3 158.3 158.3 158.3 158.3 158.3 158.3 158.3 158.3 158.3 158.3 158.3 158.3 158.3 158.3 158.3 158.3 158.3 158.3 158.3 158.3 158.3 158.3 158.3 158.3 158.3 158.3 158.3 158.3 158.3 158.3 158.3 158.3 158.3 158.3 158.3 158.3 158.3 158.3 158.3 158.3 158.3 158.3 158.3 158.3 158.3 158.3 158.3 158.3 158.3 158.3 158.3 136.9 136.9 136.9 136.9 136.9 136.9 136.9 136.9 136.9 136.9 136.9 136.9 136.9 136.9 136.9 136.9 136.9 136.9 136.9 136.9 136.9 136.9 136.9 136.9 136.9 136.9 136.9 136.9 136.9 
159.4 159.4 159.4 159.4 159.4 159.4 159.4 159.4 159.4 159.4 159.4 158.3 158.3 158.3 158.3 158.3 158.3 158.3 158.3 158.3 158.3 158.3 158.3 158.3 158.3 158.3 158.3 158.3 158.3 158.3 158.3 158.3 158.3 158.3 158.3 158.3 158.3 158.3 158.3 158.3 158.3 158.3 158.3 158.3 158.3 158.3 158.3 158.3 158.3 158.3 158.3 158.3 158.3 158.3 158.3 158.3 158.3 158.3 158.3 158.3 158.3 158.3 158.3 158.3 158.3 158.3 158.3 158.3 158.3 158.3 158.3 136.9 136.9 136.9 136.9 136.9 136.9 136.9 136.9 136.9 136.9 136.9 136.9 136.9 136.9 136.9 136.9 136.9 136.9 136.9 136.9 136.9 136.9 136.9 136.9 136.9 136.9 136.9 136.9 136.9 
159.4 159.4 159.4 159.4 159.4 159.4 159.4 159.4 159.4 159.4 159.4 158.3 158.3 158.3 158.3 158.3 158.3 158.3 158.3 158.3 158.3 158.3 158.3 158.3 158.3 158.3 158.3 158.3 158.3 158.3 158.3 158.3 158.3 158.3 158.3 158.3 158.3 158.3 158.3 158.3 158.3 158.3 158.3 158.3 158.3 158.3 158.3 158.3 158.3 158.3 158.3 158.3 158.3 158.3 158.3 158.3 158.3 158.3 158.3 158.3 158.3 158.3 158.3 158.3 158.3 158.3 158.3 158.3 158.3 158.3 158.3 136.9 136.9 136.9 136.9 136.9 136.9 136.9 136.9 136.9 136.9 136.9 136.9 136.9 136.9 136.9 136.9 136.9 136.9 136.9 136.9 136.9 136.9 136.9 136.9 136.9 136.9 136.9 136.9 136.9 
159.4 159.4 159.4 159.4 159.4 159.4 159.4 159.4 159.4 159.4 159.4 158.3 158.3 158.3 158.3 158.3 158.3 158.3 158.3 158.3 158.3 158.3 158.3 158.3 158.3 158.3 158.3 158.3 158.3 158.3 158.3 158.3 158.3 158.3 158.3 158.3 158.3 158.3 158.3 158.3 158.3 158.3 158.3 158.3 158.3 158.3 158.3 158.3 158.3 158.3 158.3 158.3 158.3 158.3 158.3 158.3 158.3 158.3 158.3 158.3 158.3 158.3 158.3 158.3 158.3 158.3 158.3 158.3 158.3 158.3 158.3 136.9 136.9 136.9 136.9 136.9 136.9 136.9 136.9 136.9 136.9 136.9 136.9 136.9 136.9 136.9 136.9 136.9 136.9 136.9 136.9 136.9 136.9 136.9 136.9 136.9 136.9 136.9 136.9 136.9 
159.4 159.4 159.4 159.4 159.4 159.4 159.4 159.4 159.4 159.4 159.4 158.3 158.3 158.3 158.3 158.3 158.3 158.3 158.3 158.3 158.3 158.3 158.3 158.3 158.3 158.3 158.3 158.3 158.3 158.3 158.3 158.3 158.3 158.3 158.3 158.3 158.3 158.3 158.3 158.3 158.3 158.3 158.3 158.3 158.3 158.3 158.3 158.3 158.3 158.3 158.3 158.3 158.3 158.3 158.3 158.3 158.3 158.3 158.3 158.3 158.3 158.3 158.3 158.3 158.3 158.3 158.3 158.3 158.3 158.3 158.3 136.9 136.9 136.9 136.9 136.9 136.9 136.9 136.9 136.9 136.9 136.9 136.9 136.9 136.9 136.9 136.9 136.9 136.9 136.9 136.9 136.9 136.9 136.9 136.9 136.9 136.9 136.9 136.9 136.9 
159.4 159.4 159.4 159.4 159.4 159.4 159.4 159.4 159.4 159.4 159.4 158.3 158.3 158.3 158.3 158.3 158.3 158.3 158.3 158.3 158.3 158.3 158.3 158.3 158.3 158.3 158.3 158.3 158.3 158.3 158.3 158.3 158.3 158.3 158.3 158.3 158.3 158.3 158.3 158.3 158.3 158.3 158.3 158.3 158.3 158.3 158.3 158.3 158.3 158.3 158.3 158.3 158.3 158.3 158.3 158.3 158.3 158.3 158.3 158.3 158.3 158.3 158.3 158.3 158.3 158.3 158.3 158.3 158.3 158.3 158.3 136.9 136.9 136.9 136.9 136.9 136.9 136.9 136.9 136.9 136.9 136.9 136.9 136.9 136.9 136.9 136.9 136.9 136.9 136.9 136.9 136.9 136.9 136.9 136.9 136.9 136.9 136.9 136.9 136.9 
159.4 159.4 159.4 159.4 159.4 159.4 159.4 159.4 159.4 159.4 159.4 158.3 158.3 158.3 158.3 158.3 158.3 158.3 158.3 158.3 158.3 158.3 158.3 158.3 158.3 158.3 158.3 158.3 158.3 158.3 158.3 158.3 158.3 158.3 158.3 158.3 158.3 158.3 158.3 158.3 158.3 158.3 158.3 158.3 158.3 158.3 158.3 158.3 158.3 158.3 158.3 158.3 158.3 158.3 158.3 158.3 158.3 158.3 158.3 158.3 158.3 158.3 158.3 158.3 158.3 158.3 158.3 158.3 158.3 158.3 158.3 136.9 136.9 136.9 136.9 136.9 136.9 136.9 136.9 136.9 136.9 136.9 136.9 136.9 136.9 136.9 136.9 136.9 136.9 136.9 136.9 136.9 136.9 136.9 136.9 136.9 136.9 136.9 136.9 136.9 
159.4 159.4 159.4 159.4 159.4 159.4 159.4 159.4 159.4 159.4 159.4 158.3 158.3 158.3 158.3 158.3 158.3 158.3 158.3 158.3 158.3 158.3 158.3 158.3 158.3 158.3 158.3 158.3 158.3 158.3 158.3 158.3 158.3 158.3 158.3 158.3 158.3 158.3 158.3 158.3 158.3 158.3 158.3 158.3 158.3 158.3 158.3 158.3 158.3 158.3 158.3 158.3 158.3 158.3 158.3 158.3 158.3 158.3 158.3 158.3 158.3 158.3 158.3 158.3 158.3 158.3 158.3 158.3 158.3 158.3 158.3 136.9 136.9 136.9 136.9 136.9 136.9 136.9 136.9 136.9 136.9 136.9 136.9 136.9 136.9 136.9 136.9 136.9 136.9 136.9 136.9 136.9 136.9 136.9 136.9 136.9 136.9 136.9 136.9 136.9 
159.4 159.4 159.4 159.4 159.4 159.4 159.4 159.4 159.4 159.4 159.4 158.3 158.3 158.3 158.3 158.3 158.3 158.3 158.3 158.3 158.3 158.3 158.3 158.3 158.3 158.3 158.3 158.3 158.3 158.3 158.3 158.3 158.3 158.3 158.3 158.3 158.3 158.3 158.3 158.3 158.3 158.3 158.3 158.3 158.3 158.3 158.3 158.3 158.3 158.3 158.3 158.3 158.3 158.3 158.3 158.3 158.3 158.3 158.3 158.3 158.3 158.3 158.3 158.3 158.3 158.3 158.3 158.3 158.3 158.3 158.3 136.9 136.9 136.9 136.9 136.9 136.9 136.9 136.9 136.9 136.9 136.9 136.9 136.9 136.9 136.9 136.9 136.9 136.9 136.9 136.9 136.9 136.9 136.9 136.9 136.9 136.9 136.9 136.9 136.9 
159.4 159.4 159.4 159.4 159.4 159.4 159.4 159.4 159.4 159.4 159.4 158.3 158.3 158.3 158.3 158.3 158.3 158.3 158.3 158.3 158.3 158.3 158.3 158.3 158.3 158.3 158.3 158.3 158.3 158.3 158.3 158.3 158.3 158.3 158.3 158.3 158.3 158.3 158.3 158.3 158.3 158.3 158.3 158.3 158.3 158.3 158.3 158.3 158.3 158.3 158.3 158.3 158.3 158.3 158.3 158.3 158.3 158.3 158.3 158.3 158.3 158.3 158.3 158.3 158.3 158.3 158.3 158.3 158.3 158.3 158.3 136.9 136.9 136.9 136.9 136.9 136.9 136.9 136.9 136.9 136.9 136.9 136.9 136.9 136.9 136.9 136.9 136.9 136.9 136.9 136.9 136.9 136.9 136.9 136.9 136.9 136.9 136.9 136.9 136.9 
159.4 159.4 159.4 159.4 159.4 159.4 159.4 159.4 159.4 159.4 159.4 158.3 158.3 158.3 158.3 158.3 158.3 158.3 158.3 158.3 158.3 158.3 158.3 158.3 158.3 158.3 158.3 158.3 158.3 158.3 158.3 158.3 158.3 158.3 158.3 158.3 158.3 158.3 158.3 158.3 158.3 158.3 158.3 158.3 158.3 158.3 158.3 158.3 158.3 158.3 158.3 158.3 158.3 158.3 158.3 158.3 158.3 158.3 158.3 158.3 158.3 158.3 158.3 158.3 158.3 158.3 158.3 158.3 158.3 158.3 158.3 136.9 136.9 136.9 136.9 136.9 136.9 136.9 136.9 136.9 136.9 136.9 136.9 136.9 136.9 136.9 136.9 136.9 136.9 136.9 136.9 136.9 136.9 136.9 136.9 136.9 136.9 136.9 136.9 136.9 
159.4 159.4 159.4 159.4 159.4 159.4 159.4 159.4 159.4 159.4 159.4 158.3 158.3 158.3 158.3 158.3 158.3 158.3 158.3 158.3 158.3 158.3 158.3 158.3 158.3 158.3 158.3 158.3 158.3 158.3 158.3 158.3 158.3 158.3 158.3 158.3 158.3 158.3 158.3 158.3 158.3 158.3 158.3 158.3 158.3 158.3 158.3 158.3 158.3 158.3 158.3 158.3 158.3 158.3 158.3 158.3 158.3 158.3 158.3 158.3 158.3 158.3 158.3 158.3 158.3 158.3 158.3 158.3 158.3 158.3 158.3 136.9 136.9 136.9 136.9 136.9 136.9 136.9 136.9 136.9 136.9 136.9 136.9 136.9 136.9 136.9 136.9 136.9 136.9 136.9 136.9 136.9 136.9 136.9 136.9 136.9 136.9 136.9 136.9 136.9 
159.4 159.4 159.4 159.4 159.4 159.4 159.4 159.4 159.4 159.4 159.4 158.3 158.3 158.3 158.3 158.3 158.3 158.3 158.3 158.3 158.3 158.3 158.3 158.3 158.3 158.3 158.3 158.3 158.3 158.3 158.3 158.3 158.3 158.3 158.3 158.3 158.3 158.3 158.3 158.3 158.3 158.3 158.3 158.3 158.3 158.3 158.3 158.3 158.3 158.3 158.3 158.3 158.3 158.3 158.3 158.3 158.3 158.3 158.3 158.3 158.3 158.3 158.3 158.3 158.3 158.3 158.3 158.3 158.3 158.3 158.3 136.9 136.9 136.9 136.9 136.9 136.9 136.9 136.9 136.9 136.9 136.9 136.9 136.9 136.9 136.9 136.9 136.9 136.9 136.9 136.9 136.9 136.9 136.9 136.9 136.9 136.9 136.9 136.9 136.9 
159.4 159.4 159.4 159.4 159.4 159.4 159.4 159.4 159.4 159.4 159.4 158.3 158.3 158.3 158.3 158.3 158.3 158.3 158.3 158.3 158.3 158.3 158.3 158.3 158.3 158.3 158.3 158.3 158.3 158.3 158.3 158.3 158.3 158.3 158.3 158.3 158.3 158.3 158.3 158.3 158.3 158.3 158.3 158.3 158.3 158.3 158.3 158.3 158.3 158.3 158.3 158.3 158.3 158.3 158.3 158.3 158.3 158.3 158.3 158.3 158.3 158.3 158.3 158.3 158.3 158.3 158.3 158.3 158.3 158.3 158.3 136.9 136.9 136.9 136.9 136.9 136.9 136.9 136.9 136.9 136.9 136.9 136.9 136.9 136.9 136.9 136.9 136.9 136.9 136.9 136.9 136.9 136.9 136.9 136.9 136.9 136.9 136.9 136.9 136.9 
159.4 159.4 159.4 159.4 159.4 159.4 159.4 159.4 159.4 159.4 159.4 158.3 158.3 158.3 158.3 158.3 158.3 158.3 158.3 158.3 158.3 158.3 158.3 158.3 158.3 158.3 158.3 158.3 158.3 158.3 158.3 158.3 158.3 158.3 158.3 158.3 158.3 158.3 158.3 158.3 158.3 158.3 158.3 158.3 158.3 158.3 158.3 158.3 158.3 158.3 158.3 158.3 158.3 158.3 158.3 158.3 158.3 158.3 158.3 158.3 158.3 158.3 158.3 158.3 158.3 158.3 158.3 158.3 158.3 158.3 158.3 136.9 136.9 136.9 136.9 136.9 136.9 136.9 136.9 136.9 136.9 136.9 136.9 136.9 136.9 136.9 136.9 136.9 136.9 136.9 136.9 136.9 136.9 136.9 136.9 136.9 136.9 136.9 136.9 136.9 
159.4 159.4 159.4 159.4 159.4 159.4 159.4 159.4 159.4 159.4 159.4 158.3 158.3 158.3 158.3 158.3 158.3 158.3 158.3 158.3 158.3 158.3 158.3 158.3 158.3 158.3 158.3 158.3 158.3 158.3 158.3 158.3 158.3 158.3 158.3 158.3 158.3 158.3 158.3 158.3 158.3 158.3 158.3 158.3 158.3 158.3 158.3 158.3 158.3 158.3 158.3 158.3 158.3 158.3 158.3 158.3 158.3 158.3 158.3 158.3 158.3 158.3 158.3 158.3 158.3 158.3 158.3 158.3 158.3 158.3 158.3 136.9 136.9 136.9 136.9 136.9 136.9 136.9 136.9 136.9 136.9 136.9 136.9 136.9 136.9 136.9 136.9 136.9 136.9 136.9 136.9 136.9 136.9 136.9 136.9 136.9 136.9 136.9 136.9 136.9 
159.4 159.4 159.4 159.4 159.4 159.4 159.4 159.4 159.4 159.4 159.4 158.3 158.3 158.3 158.3 158.3 158.3 158.3 158.3 158.3 158.3 158.3 158.3 158.3 158.3 158.3 158.3 158.3 158.3 158.3 158.3 158.3 158.3 158.3 158.3 158.3 158.3 158.3 158.3 158.3 158.3 158.3 158.3 158.3 158.3 158.3 158.3 158.3 158.3 158.3 158.3 158.3 158.3 158.3 158.3 158.3 158.3 158.3 158.3 158.3 158.3 158.3 158.3 158.3 158.3 158.3 158.3 158.3 158.3 158.3 158.3 136.9 136.9 136.9 136.9 136.9 136.9 136.9 136.9 136.9 136.9 136.9 136.9 136.9 136.9 136.9 136.9 136.9 136.9 136.9 136.9 136.9 136.9 136.9 136.9 136.9 136.9 136.9 136.9 136.9 
159.4 159.4 159.4 159.4 159.4 159.4 159.4 159.4 159.4 159.4 159.4 158.3 158.3 158.3 158.3 158.3 158.3 158.3 158.3 158.3 158.3 158.3 158.3 158.3 158.3 158.3 158.3 158.3 158.3 158.3 158.3 158.3 158.3 158.3 158.3 158.3 158.3 158.3 158.3 158.3 158.3 158.3 158.3 158.3 158.3 158.3 158.3 158.3 158.3 158.3 158.3 158.3 158.3 158.3 158.3 158.3 158.3 158.3 158.3 158.3 158.3 158.3 158.3 158.3 158.3 158.3 158.3 158.3 158.3 158.3 158.3 136.9 136.9 136.9 136.9 136.9 136.9 136.9 136.9 136.9 136.9 136.9 136.9 136.9 136.9 136.9 136.9 136.9 136.9 136.9 136.9 136.9 136.9 136.9 136.9 136.9 136.9 136.9 136.9 136.9 
159.4 159.4 159.4 159.4 159.4 159.4 159.4 159.4 159.4 159.4 159.4 158.3 158.3 158.3 158.3 158.3 158.3 158.3 158.3 158.3 158.3 158.3 158.3 158.3 158.3 158.3 158.3 158.3 158.3 158.3 158.3 158.3 158.3 158.3 158.3 158.3 158.3 158.3 158.3 158.3 158.3 158.3 158.3 158.3 158.3 158.3 158.3 158.3 158.3 158.3 158.3 158.3 158.3 158.3 158.3 158.3 158.3 158.3 158.3 158.3 158.3 158.3 158.3 158.3 158.3 158.3 158.3 158.3 158.3 158.3 158.3 136.9 136.9 136.9 136.9 136.9 136.9 136.9 136.9 136.9 136.9 136.9 136.9 136.9 136.9 136.9 136.9 136.9 136.9 136.9 136.9 136.9 136.9 136.9 136.9 136.9 136.9 136.9 136.9 136.9 
159.4 159.4 159.4 159.4 159.4 159.4 159.4 159.4 159.4 159.4 159.4 158.3 158.3 158.3 158.3 158.3 158.3 158.3 158.3 158.3 158.3 158.3 158.3 158.3 158.3 158.3 158.3 158.3 158.3 158.3 158.3 158.3 158.3 158.3 158.3 158.3 158.3 158.3 158.3 158.3 158.3 158.3 158.3 158.3 158.3 158.3 158.3 158.3 158.3 158.3 158.3 158.3 158.3 158.3 158.3 158.3 158.3 158.3 158.3 158.3 158.3 158.3 158.3 158.3 158.3 158.3 158.3 158.3 158.3 158.3 158.3 136.9 136.9 136.9 136.9 136.9 136.9 136.9 136.9 136.9 136.9 136.9 136.9 136.9 136.9 136.9 136.9 136.9 136.9 136.9 136.9 136.9 136.9 136.9 136.9 136.9 136.9 136.9 136.9 136.9 
159.4 159.4 159.4 159.4 159.4 159.4 159.4 159.4 159.4 159.4 159.4 158.3 158.3 158.3 158.3 158.3 158.3 158.3 158.3 158.3 158.3 158.3 158.3 158.3 158.3 158.3 158.3 158.3 158.3 158.3 158.3 158.3 158.3 158.3 158.3 158.3 158.3 158.3 158.3 158.3 158.3 158.3 158.3 158.3 158.3 158.3 158.3 158.3 158.3 158.3 158.3 158.3 158.3 158.3 158.3 158.3 158.3 158.3 158.3 158.3 158.3 158.3 158.3 158.3 158.3 158.3 158.3 158.3 158.3 158.3 158.3 136.9 136.9 136.9 136.9 136.9 136.9 136.9 136.9 136.9 136.9 136.9 136.9 136.9 136.9 136.9 136.9 136.9 136.9 136.9 136.9 136.9 136.9 136.9 136.9 136.9 136.9 136.9 136.9 136.9 
159.4 159.4 159.4 159.4 159.4 159.4 159.4 159.4 159.4 159.4 159.4 158.3 158.3 158.3 158.3 158.3 158.3 158.3 158.3 158.3 158.3 158.3 158.3 158.3 158.3 158.3 158.3 158.3 158.3 158.3 158.3 158.3 158.3 158.3 158.3 158.3 158.3 158.3 158.3 158.3 158.3 158.3 158.3 158.3 158.3 158.3 158.3 158.3 158.3 158.3 158.3 158.3 158.3 158.3 158.3 158.3 158.3 158.3 158.3 158.3 158.3 158.3 158.3 158.3 158.3 158.3 158.3 158.3 158.3 158.3 158.3 136.9 136.9 136.9 136.9 136.9 136.9 136.9 136.9 136.9 136.9 136.9 136.9 136.9 136.9 136.9 136.9 136.9 136.9 136.9 136.9 136.9 136.9 136.9 136.9 136.9 136.9 136.9 136.9 136.9 
159.4 159.4 159.4 159.4 159.4 159.4 159.4 159.4 159.4 159.4 159.4 158.3 158.3 158.3 158.3 158.3 158.3 158.3 158.3 158.3 158.3 158.3 158.3 158.3 158.3 158.3 158.3 158.3 158.3 158.3 158.3 158.3 158.3 158.3 158.3 158.3 158.3 158.3 158.3 158.3 158.3 158.3 158.3 158.3 158.3 158.3 158.3 158.3 158.3 158.3 158.3 158.3 158.3 158.3 158.3 158.3 158.3 158.3 158.3 158.3 158.3 158.3 158.3 158.3 158.3 158.3 158.3 158.3 158.3 158.3 158.3 136.9 136.9 136.9 136.9 136.9 136.9 136.9 136.9 136.9 136.9 136.9 136.9 136.9 136.9 136.9 136.9 136.9 136.9 136.9 136.9 136.9 136.9 136.9 136.9 136.9 136.9 136.9 136.9 136.9 
159.4 159.4 159.4 159.4 159.4 159.4 159.4 159.4 159.4 159.4 159.4 158.3 158.3 158.3 158.3 158.3 158.3 158.3 158.3 158.3 158.3 158.3 158.3 158.3 158.3 158.3 158.3 158.3 158.3 158.3 158.3 158.3 158.3 158.3 158.3 158.3 158.3 158.3 158.3 158.3 158.3 158.3 158.3 158.3 158.3 158.3 158.3 158.3 158.3 158.3 158.3 158.3 158.3 158.3 158.3 158.3 158.3 158.3 158.3 158.3 158.3 158.3 158.3 158.3 158.3 158.3 158.3 158.3 158.3 158.3 158.3 136.9 136.9 136.9 136.9 136.9 136.9 136.9 136.9 136.9 136.9 136.9 136.9 136.9 136.9 136.9 136.9 136.9 136.9 136.9 136.9 136.9 136.9 136.9 136.9 136.9 136.9 136.9 136.9 136.9 
159.4 159.4 159.4 159.4 159.4 159.4 159.4 159.4 159.4 159.4 159.4 158.3 158.3 158.3 158.3 158.3 158.3 158.3 158.3 158.3 158.3 158.3 158.3 158.3 158.3 158.3 158.3 158.3 158.3 158.3 158.3 158.3 158.3 158.3 158.3 158.3 158.3 158.3 158.3 158.3 158.3 158.3 158.3 158.3 158.3 158.3 158.3 158.3 158.3 158.3 158.3 158.3 158.3 158.3 158.3 158.3 158.3 158.3 158.3 158.3 158.3 158.3 158.3 158.3 158.3 158.3 158.3 158.3 158.3 158.3 158.3 136.9 136.9 136.9 136.9 136.9 136.9 136.9 136.9 136.9 136.9 136.9 136.9 136.9 136.9 136.9 136.9 136.9 136.9 136.9 136.9 136.9 136.9 136.9 136.9 136.9 136.9 136.9 136.9 136.9 
159.4 159.4 159.4 159.4 159.4 159.4 159.4 159.4 159.4 159.4 159.4 158.3 158.3 158.3 158.3 158.3 158.3 158.3 158.3 158.3 158.3 158.3 158.3 158.3 158.3 158.3 158.3 158.3 158.3 158.3 158.3 158.3 158.3 158.3 158.3 158.3 158.3 158.3 158.3 158.3 158.3 158.3 158.3 158.3 158.3 158.3 158.3 158.3 158.3 158.3 158.3 158.3 158.3 158.3 158.3 158.3 158.3 158.3 158.3 158.3 158.3 158.3 158.3 158.3 158.3 158.3 158.3 158.3 158.3 158.3 158.3 136.9 136.9 136.9 136.9 136.9 136.9 136.9 136.9 136.9 136.9 136.9 136.9 136.9 136.9 136.9 136.9 136.9 136.9 136.9 136.9 136.9 136.9 136.9 136.9 136.9 136.9 136.9 136.9 136.9 
159.4 159.4 159.4 159.4 159.4 159.4 159.4 159.4 159.4 159.4 159.4 158.3 158.3 158.3 158.3 158.3 158.3 158.3 158.3 158.3 158.3 158.3 158.3 158.3 158.3 158.3 158.3 158.3 158.3 158.3 158.3 158.3 158.3 158.3 158.3 158.3 158.3 158.3 158.3 158.3 158.3 158.3 158.3 158.3 158.3 158.3 158.3 158.3 158.3 158.3 158.3 158.3 158.3 158.3 158.3 158.3 158.3 158.3 158.3 158.3 158.3 158.3 158.3 158.3 158.3 158.3 158.3 158.3 158.3 158.3 158.3 136.9 136.9 136.9 136.9 136.9 136.9 136.9 136.9 136.9 136.9 136.9 136.9 136.9 136.9 136.9 136.9 136.9 136.9 136.9 136.9 136.9 136.9 136.9 136.9 136.9 136.9 136.9 136.9 136.9 
159.4 159.4 159.4 159.4 159.4 159.4 159.4 159.4 159.4 159.4 159.4 158.3 158.3 158.3 158.3 158.3 158.3 158.3 158.3 158.3 158.3 158.3 158.3 158.3 158.3 158.3 158.3 158.3 158.3 158.3 158.3 158.3 158.3 158.3 158.3 158.3 158.3 158.3 158.3 158.3 158.3 158.3 158.3 158.3 158.3 158.3 158.3 158.3 158.3 158.3 158.3 158.3 158.3 158.3 158.3 158.3 158.3 158.3 158.3 158.3 158.3 158.3 158.3 158.3 158.3 158.3 158.3 158.3 158.3 158.3 158.3 136.9 136.9 136.9 136.9 136.9 136.9 136.9 136.9 136.9 136.9 136.9 136.9 136.9 136.9 136.9 136.9 136.9 136.9 136.9 136.9 136.9 136.9 136.9 136.9 136.9 136.9 136.9 136.9 136.9 
159.4 159.4 159.4 159.4 159.4 159.4 159.4 159.4 159.4 159.4 159.4 158.3 158.3 158.3 158.3 158.3 158.3 158.3 158.3 158.3 158.3 158.3 158.3 158.3 158.3 158.3 158.3 158.3 158.3 158.3 158.3 158.3 158.3 158.3 158.3 158.3 158.3 158.3 158.3 158.3 158.3 158.3 158.3 158.3 158.3 158.3 158.3 158.3 158.3 158.3 158.3 158.3 158.3 158.3 158.3 158.3 158.3 158.3 158.3 158.3 158.3 158.3 158.3 158.3 158.3 158.3 158.3 158.3 158.3 158.3 158.3 136.9 136.9 136.9 136.9 136.9 136.9 136.9 136.9 136.9 136.9 136.9 136.9 136.9 136.9 136.9 136.9 136.9 136.9 136.9 136.9 136.9 136.9 136.9 136.9 136.9 136.9 136.9 136.9 136.9 
159.4 159.4 159.4 159.4 159.4 159.4 159.4 159.4 159.4 159.4 159.4 158.3 158.3 158.3 158.3 158.3 158.3 158.3 158.3 158.3 158.3 158.3 158.3 158.3 158.3 158.3 158.3 158.3 158.3 158.3 158.3 158.3 158.3 158.3 158.3 158.3 158.3 158.3 158.3 158.3 158.3 158.3 158.3 158.3 158.3 158.3 158.3 158.3 158.3 158.3 158.3 158.3 158.3 158.3 158.3 158.3 158.3 158.3 158.3 158.3 158.3 158.3 158.3 158.3 158.3 158.3 158.3 158.3 158.3 158.3 158.3 136.9 136.9 136.9 136.9 136.9 136.9 136.9 136.9 136.9 136.9 136.9 136.9 136.9 136.9 136.9 136.9 136.9 136.9 136.9 136.9 136.9 136.9 136.9 136.9 136.9 136.9 136.9 136.9 136.9 
159.4 159.4 159.4 159.4 159.4 159.4 159.4 159.4 159.4 159.4 159.4 158.3 158.3 158.3 158.3 158.3 158.3 158.3 158.3 158.3 158.3 158.3 158.3 158.3 158.3 158.3 158.3 158.3 158.3 158.3 158.3 158.3 158.3 158.3 158.3 158.3 158.3 158.3 158.3 158.3 158.3 158.3 158.3 158.3 158.3 158.3 158.3 158.3 158.3 158.3 158.3 158.3 158.3 158.3 158.3 158.3 158.3 158.3 158.3 158.3 158.3 158.3 158.3 158.3 158.3 158.3 158.3 158.3 158.3 158.3 158.3 136.9 136.9 136.9 136.9 136.9 136.9 136.9 136.9 136.9 136.9 136.9 136.9 136.9 136.9 136.9 136.9 136.9 136.9 136.9 136.9 136.9 136.9 136.9 136.9 136.9 136.9 136.9 136.9 136.9 
159.4 159.4 159.4 159.4 159.4 159.4 159.4 159.4 159.4 159.4 159.4 158.3 158.3 158.3 158.3 158.3 158.3 158.3 158.3 158.3 158.3 158.3 158.3 158.3 158.3 158.3 158.3 158.3 158.3 158.3 158.3 158.3 158.3 158.3 158.3 158.3 158.3 158.3 158.3 158.3 158.3 158.3 158.3 158.3 158.3 158.3 158.3 158.3 158.3 158.3 158.3 158.3 158.3 158.3 158.3 158.3 158.3 158.3 158.3 158.3 158.3 158.3 158.3 158.3 158.3 158.3 158.3 158.3 158.3 158.3 158.3 136.9 136.9 136.9 136.9 136.9 136.9 136.9 136.9 136.9 136.9 136.9 136.9 136.9 136.9 136.9 136.9 136.9 136.9 136.9 136.9 136.9 136.9 136.9 136.9 136.9 136.9 136.9 136.9 136.9 
159.4 159.4 159.4 159.4 159.4 159.4 159.4 159.4 159.4 159.4 159.4 158.3 158.3 158.3 158.3 158.3 158.3 158.3 158.3 158.3 158.3 158.3 158.3 158.3 158.3 158.3 158.3 158.3 158.3 158.3 158.3 158.3 158.3 158.3 158.3 158.3 158.3 158.3 158.3 158.3 158.3 158.3 158.3 158.3 158.3 158.3 158.3 158.3 158.3 158.3 158.3 158.3 158.3 158.3 158.3 158.3 158.3 158.3 158.3 158.3 158.3 158.3 158.3 158.3 158.3 158.3 158.3 158.3 158.3 158.3 158.3 136.9 136.9 136.9 136.9 136.9 136.9 136.9 136.9 136.9 136.9 136.9 136.9 136.9 136.9 136.9 136.9 136.9 136.9 136.9 136.9 136.9 136.9 136.9 136.9 136.9 136.9 136.9 136.9 136.9 
159.4 159.4 159.4 159.4 159.4 159.4 159.4 159.4 159.4 159.4 159.4 158.3 158.3 158.3 158.3 158.3 158.3 158.3 158.3 158.3 158.3 158.3 158.3 158.3 158.3 158.3 158.3 158.3 158.3 158.3 158.3 158.3 158.3 158.3 158.3 158.3 158.3 158.3 158.3 158.3 158.3 158.3 158.3 158.3 158.3 158.3 158.3 158.3 158.3 158.3 158.3 158.3 158.3 158.3 158.3 158.3 158.3 158.3 158.3 158.3 158.3 158.3 158.3 158.3 158.3 158.3 158.3 158.3 158.3 158.3 158.3 136.9 136.9 136.9 136.9 136.9 136.9 136.9 136.9 136.9 136.9 136.9 136.9 136.9 136.9 136.9 136.9 136.9 136.9 136.9 136.9 136.9 136.9 136.9 136.9 136.9 136.9 136.9 136.9 136.9 
159.4 159.4 159.4 159.4 159.4 159.4 159.4 159.4 159.4 159.4 159.4 158.3 158.3 158.3 158.3 158.3 158.3 158.3 158.3 158.3 158.3 158.3 158.3 158.3 158.3 158.3 158.3 158.3 158.3 158.3 158.3 158.3 158.3 158.3 158.3 158.3 158.3 158.3 158.3 158.3 158.3 158.3 158.3 158.3 158.3 158.3 158.3 158.3 158.3 158.3 158.3 158.3 158.3 158.3 158.3 158.3 158.3 158.3 158.3 158.3 158.3 158.3 158.3 158.3 158.3 158.3 158.3 158.3 158.3 158.3 158.3 136.9 136.9 136.9 136.9 136.9 136.9 136.9 136.9 136.9 136.9 136.9 136.9 136.9 136.9 136.9 136.9 136.9 136.9 136.9 136.9 136.9 136.9 136.9 136.9 136.9 136.9 136.9 136.9 136.9 
159.4 159.4 159.4 159.4 159.4 159.4 159.4 159.4 159.4 159.4 159.4 158.3 158.3 158.3 158.3 158.3 158.3 158.3 158.3 158.3 158.3 158.3 158.3 158.3 158.3 158.3 158.3 158.3 158.3 158.3 158.3 158.3 158.3 158.3 158.3 158.3 158.3 158.3 158.3 158.3 158.3 158.3 158.3 158.3 158.3 158.3 158.3 158.3 158.3 158.3 158.3 158.3 158.3 158.3 158.3 158.3 158.3 158.3 158.3 158.3 158.3 158.3 158.3 158.3 158.3 158.3 158.3 158.3 158.3 158.3 158.3 136.9 136.9 136.9 136.9 136.9 136.9 136.9 136.9 136.9 136.9 136.9 136.9 136.9 136.9 136.9 136.9 136.9 136.9 136.9 136.9 136.9 136.9 136.9 136.9 136.9 136.9 136.9 136.9 136.9 
159.4 159.4 159.4 159.4 159.4 159.4 159.4 159.4 159.4 159.4 159.4 158.3 158.3 158.3 158.3 158.3 158.3 158.3 158.3 158.3 158.3 158.3 158.3 158.3 158.3 158.3 158.3 158.3 158.3 158.3 158.3 158.3 158.3 158.3 158.3 158.3 158.3 158.3 158.3 158.3 158.3 158.3 158.3 158.3 158.3 158.3 158.3 158.3 158.3 158.3 158.3 158.3 158.3 158.3 158.3 158.3 158.3 158.3 158.3 158.3 158.3 158.3 158.3 158.3 158.3 158.3 158.3 158.3 158.3 158.3 158.3 136.9 136.9 136.9 136.9 136.9 136.9 136.9 136.9 136.9 136.9 136.9 136.9 136.9 136.9 136.9 136.9 136.9 136.9 136.9 136.9 136.9 136.9 136.9 136.9 136.9 136.9 136.9 136.9 136.9 
159.4 159.4 159.4 159.4 159.4 159.4 159.4 159.4 159.4 159.4 159.4 158.3 158.3 158.3 158.3 158.3 158.3 158.3 158.3 158.3 158.3 158.3 158.3 158.3 158.3 158.3 158.3 158.3 158.3 158.3 158.3 158.3 158.3 158.3 158.3 158.3 158.3 158.3 158.3 158.3 158.3 158.3 158.3 158.3 158.3 158.3 158.3 158.3 158.3 158.3 158.3 158.3 158.3 158.3 158.3 158.3 158.3 158.3 158.3 158.3 158.3 158.3 158.3 158.3 158.3 158.3 158.3 158.3 158.3 158.3 158.3 136.9 136.9 136.9 136.9 136.9 136.9 136.9 136.9 136.9 136.9 136.9 136.9 136.9 136.9 136.9 136.9 136.9 136.9 136.9 136.9 136.9 136.9 136.9 136.9 136.9 136.9 136.9 136.9 136.9 
159.4 159.4 159.4 159.4 159.4 159.4 159.4 159.4 159.4 159.4 159.4 158.3 158.3 158.3 158.3 158.3 158.3 158.3 158.3 158.3 158.3 158.3 158.3 158.3 158.3 158.3 158.3 158.3 158.3 158.3 158.3 158.3 158.3 158.3 158.3 158.3 158.3 158.3 158.3 158.3 158.3 158.3 158.3 158.3 158.3 158.3 158.3 158.3 158.3 158.3 158.3 158.3 158.3 158.3 158.3 158.3 158.3 158.3 158.3 158.3 158.3 158.3 158.3 158.3 158.3 158.3 158.3 158.3 158.3 158.3 158.3 136.9 136.9 136.9 136.9 136.9 136.9 136.9 136.9 136.9 136.9 136.9 136.9 136.9 136.9 136.9 136.9 136.9 136.9 136.9 136.9 136.9 136.9 136.9 136.9 136.9 136.9 136.9 136.9 136.9 
159.4 159.4 159.4 159.4 159.4 159.4 159.4 159.4 159.4 159.4 159.4 158.3 158.3 158.3 158.3 158.3 158.3 158.3 158.3 158.3 158.3 158.3 158.3 158.3 158.3 158.3 158.3 158.3 158.3 158.3 158.3 158.3 158.3 158.3 158.3 158.3 158.3 158.3 158.3 158.3 158.3 158.3 158.3 158.3 158.3 158.3 158.3 158.3 158.3 158.3 158.3 158.3 158.3 158.3 158.3 158.3 158.3 158.3 158.3 158.3 158.3 158.3 158.3 158.3 158.3 158.3 158.3 158.3 158.3 158.3 158.3 136.9 136.9 136.9 136.9 136.9 136.9 136.9 136.9 136.9 136.9 136.9 136.9 136.9 136.9 136.9 136.9 136.9 136.9 136.9 136.9 136.9 136.9 136.9 136.9 136.9 136.9 136.9 136.9 136.9 
159.4 159.4 159.4 159.4 159.4 159.4 159.4 159.4 159.4 159.4 159.4 158.3 158.3 158.3 158.3 158.3 158.3 158.3 158.3 158.3 158.3 158.3 158.3 158.3 158.3 158.3 158.3 158.3 158.3 158.3 158.3 158.3 158.3 158.3 158.3 158.3 158.3 158.3 158.3 158.3 158.3 158.3 158.3 158.3 158.3 158.3 158.3 158.3 158.3 158.3 158.3 158.3 158.3 158.3 158.3 158.3 158.3 158.3 158.3 158.3 158.3 158.3 158.3 158.3 158.3 158.3 158.3 158.3 158.3 158.3 158.3 136.9 136.9 136.9 136.9 136.9 136.9 136.9 136.9 136.9 136.9 136.9 136.9 136.9 136.9 136.9 136.9 136.9 136.9 136.9 136.9 136.9 136.9 136.9 136.9 136.9 136.9 136.9 136.9 136.9 
159.4 159.4 159.4 159.4 159.4 159.4 159.4 159.4 159.4 159.4 159.4 158.3 158.3 158.3 158.3 158.3 158.3 158.3 158.3 158.3 158.3 158.3 158.3 158.3 158.3 158.3 158.3 158.3 158.3 158.3 158.3 158.3 158.3 158.3 158.3 158.3 158.3 158.3 158.3 158.3 158.3 158.3 158.3 158.3 158.3 158.3 158.3 158.3 158.3 158.3 158.3 158.3 158.3 158.3 158.3 158.3 158.3 158.3 158.3 158.3 158.3 158.3 158.3 158.3 158.3 158.3 158.3 158.3 158.3 158.3 158.3 136.9 136.9 136.9 136.9 136.9 136.9 136.9 136.9 136.9 136.9 136.9 136.9 136.9 136.9 136.9 136.9 136.9 136.9 136.9 136.9 136.9 136.9 136.9 136.9 136.9 136.9 136.9 136.9 136.9 
159.4 159.4 159.4 159.4 159.4 159.4 159.4 159.4 159.4 159.4 159.4 158.3 158.3 158.3 158.3 158.3 158.3 158.3 158.3 158.3 158.3 158.3 158.3 158.3 158.3 158.3 158.3 158.3 158.3 158.3 158.3 158.3 158.3 158.3 158.3 158.3 158.3 158.3 158.3 158.3 158.3 158.3 158.3 158.3 158.3 158.3 158.3 158.3 158.3 158.3 158.3 158.3 158.3 158.3 158.3 158.3 158.3 158.3 158.3 158.3 158.3 158.3 158.3 158.3 158.3 158.3 158.3 158.3 158.3 158.3 158.3 136.9 136.9 136.9 136.9 136.9 136.9 136.9 136.9 136.9 136.9 136.9 136.9 136.9 136.9 136.9 136.9 136.9 136.9 136.9 136.9 136.9 136.9 136.9 136.9 136.9 136.9 136.9 136.9 136.9 
159.4 159.4 159.4 159.4 159.4 159.4 159.4 159.4 159.4 159.4 159.4 158.3 158.3 158.3 158.3 158.3 158.3 158.3 158.3 158.3 158.3 158.3 158.3 158.3 158.3 158.3 158.3 158.3 158.3 158.3 158.3 158.3 158.3 158.3 158.3 158.3 158.3 158.3 158.3 158.3 158.3 158.3 158.3 158.3 158.3 158.3 158.3 158.3 158.3 158.3 158.3 158.3 158.3 158.3 158.3 158.3 158.3 158.3 158.3 158.3 158.3 158.3 158.3 158.3 158.3 158.3 158.3 158.3 158.3 158.3 158.3 136.9 136.9 136.9 136.9 136.9 136.9 136.9 136.9 136.9 136.9 136.9 136.9 136.9 136.9 136.9 136.9 136.9 136.9 136.9 136.9 136.9 136.9 136.9 136.9 136.9 136.9 136.9 136.9 136.9 
159.4 159.4 159.4 159.4 159.4 159.4 159.4 159.4 159.4 159.4 159.4 158.3 158.3 158.3 158.3 158.3 158.3 158.3 158.3 158.3 158.3 158.3 158.3 158.3 158.3 158.3 158.3 158.3 158.3 158.3 158.3 158.3 158.3 158.3 158.3 158.3 158.3 158.3 158.3 158.3 158.3 158.3 158.3 158.3 158.3 158.3 158.3 158.3 158.3 158.3 158.3 158.3 158.3 158.3 158.3 158.3 158.3 158.3 158.3 158.3 158.3 158.3 158.3 158.3 158.3 158.3 158.3 158.3 158.3 158.3 158.3 136.9 136.9 136.9 136.9 136.9 136.9 136.9 136.9 136.9 136.9 136.9 136.9 136.9 136.9 136.9 136.9 136.9 136.9 136.9 136.9 136.9 136.9 136.9 136.9 136.9 136.9 136.9 136.9 136.9 
159.4 159.4 159.4 159.4 159.4 159.4 159.4 159.4 159.4 159.4 159.4 158.3 158.3 158.3 158.3 158.3 158.3 158.3 158.3 158.3 158.3 158.3 158.3 158.3 158.3 158.3 158.3 158.3 158.3 158.3 158.3 158.3 158.3 158.3 158.3 158.3 158.3 158.3 158.3 158.3 158.3 158.3 158.3 158.3 158.3 158.3 158.3 158.3 158.3 158.3 158.3 158.3 158.3 158.3 158.3 158.3 158.3 158.3 158.3 158.3 158.3 158.3 158.3 158.3 158.3 158.3 158.3 158.3 158.3 158.3 158.3 136.9 136.9 136.9 136.9 136.9 136.9 136.9 136.9 136.9 136.9 136.9 136.9 136.9 136.9 136.9 136.9 136.9 136.9 136.9 136.9 136.9 136.9 136.9 136.9 136.9 136.9 136.9 136.9 136.9 
159.4 159.4 159.4 159.4 159.4 159.4 159.4 159.4 159.4 159.4 159.4 158.3 158.3 158.3 158.3 158.3 158.3 158.3 158.3 158.3 158.3 158.3 158.3 158.3 158.3 158.3 158.3 158.3 158.3 158.3 158.3 158.3 158.3 158.3 158.3 158.3 158.3 158.3 158.3 158.3 158.3 158.3 158.3 158.3 158.3 158.3 158.3 158.3 158.3 158.3 158.3 158.3 158.3 158.3 158.3 158.3 158.3 158.3 158.3 158.3 158.3 158.3 158.3 158.3 158.3 158.3 158.3 158.3 158.3 158.3 158.3 136.9 136.9 136.9 136.9 136.9 136.9 136.9 136.9 136.9 136.9 136.9 136.9 136.9 136.9 136.9 136.9 136.9 136.9 136.9 136.9 136.9 136.9 136.9 136.9 136.9 136.9 136.9 136.9 136.9 
159.4 159.4 159.4 159.4 159.4 159.4 159.4 159.4 159.4 159.4 159.4 158.3 158.3 158.3 158.3 158.3 158.3 158.3 158.3 158.3 158.3 158.3 158.3 158.3 158.3 158.3 158.3 158.3 158.3 158.3 158.3 158.3 158.3 158.3 158.3 158.3 158.3 158.3 158.3 158.3 158.3 158.3 158.3 158.3 158.3 158.3 158.3 158.3 158.3 158.3 158.3 158.3 158.3 158.3 158.3 158.3 158.3 158.3 158.3 158.3 158.3 158.3 158.3 158.3 158.3 158.3 158.3 158.3 158.3 158.3 158.3 136.9 136.9 136.9 136.9 136.9 136.9 136.9 136.9 136.9 136.9 136.9 136.9 136.9 136.9 136.9 136.9 136.9 136.9 136.9 136.9 136.9 136.9 136.9 136.9 136.9 136.9 136.9 136.9 136.9 
159.4 159.4 159.4 159.4 159.4 159.4 159.4 159.4 159.4 159.4 159.4 158.3 158.3 158.3 158.3 158.3 158.3 158.3 158.3 158.3 158.3 158.3 158.3 158.3 158.3 158.3 158.3 158.3 158.3 158.3 158.3 158.3 158.3 158.3 158.3 158.3 158.3 158.3 158.3 158.3 158.3 158.3 158.3 158.3 158.3 158.3 158.3 158.3 158.3 158.3 158.3 158.3 158.3 158.3 158.3 158.3 158.3 158.3 158.3 158.3 158.3 158.3 158.3 158.3 158.3 158.3 158.3 158.3 158.3 158.3 158.3 136.9 136.9 136.9 136.9 136.9 136.9 136.9 136.9 136.9 136.9 136.9 136.9 136.9 136.9 136.9 136.9 136.9 136.9 136.9 136.9 136.9 136.9 136.9 136.9 136.9 136.9 136.9 136.9 136.9 
159.4 159.4 159.4 159.4 159.4 159.4 159.4 159.4 159.4 159.4 159.4 158.3 158.3 158.3 158.3 158.3 158.3 158.3 158.3 158.3 158.3 158.3 158.3 158.3 158.3 158.3 158.3 158.3 158.3 158.3 158.3 158.3 158.3 158.3 158.3 158.3 158.3 158.3 158.3 158.3 158.3 158.3 158.3 158.3 158.3 158.3 158.3 158.3 158.3 158.3 158.3 158.3 158.3 158.3 158.3 158.3 158.3 158.3 158.3 158.3 158.3 158.3 158.3 158.3 158.3 158.3 158.3 158.3 158.3 158.3 158.3 136.9 136.9 136.9 136.9 136.9 136.9 136.9 136.9 136.9 136.9 136.9 136.9 136.9 136.9 136.9 136.9 136.9 136.9 136.9 136.9 136.9 136.9 136.9 136.9 136.9 136.9 136.9 136.9 136.9 
212.5 212.5 212.5 212.5 212.5 212.5 212.5 212.5 212.5 212.5 212.5 214.1 214.1 214.1 214.1 214.1 214.1 214.1 214.1 214.1 214.1 214.1 214.1 214.1 214.1 214.1 214.1 214.1 214.1 214.1 214.1 214.1 214.1 214.1 214.1 214.1 214.1 214.1 214.1 214.1 214.1 214.1 214.1 214.1 214.1 214.1 214.1 214.1 214.1 214.1 214.1 214.1 214.1 214.1 214.1 214.1 214.1 214.1 214.1 214.1 214.1 214.1 214.1 214.1 214.1 214.1 214.1 214.1 214.1 214.1 214.1 191.6 191.6 191.6 191.6 191.6 191.6 191.6 191.6 191.6 191.6 191.6 191.6 191.6 191.6 191.6 191.6 191.6 191.6 191.6 191.6 191.6 191.6 191.6 191.6 191.6 191.6 191.6 191.6 191.6 
212.5 212.5 212.5 212.5 212.5 212.5 212.5 212.5 212.5 212.5 212.5 214.1 214.1 214.1 214.1 214.1 214.1 214.1 214.1 214.1 214.1 214.1 214.1 214.1 214.1 214.1 214.1 214.1 214.1 214.1 214.1 214.1 214.1 214.1 214.1 214.1 214.1 214.1 214.1 214.1 214.1 214.1 214.1 214.1 214.1 214.1 214.1 214.1 214.1 214.1 214.1 214.1 214.1 214.1 214.1 214.1 214.1 214.1 214.1 214.1 214.1 214.1 214.1 214.1 214.1 214.1 214.1 214.1 214.1 214.1 214.1 191.6 191.6 191.6 191.6 191.6 191.6 191.6 191.6 191.6 191.6 191.6 191.6 191.6 191.6 191.6 191.6 191.6 191.6 191.6 191.6 191.6 191.6 191.6 191.6 191.6 191.6 191.6 191.6 191.6 
212.5 212.5 212.5 212.5 212.5 212.5 212.5 212.5 212.5 212.5 212.5 214.1 214.1 214.1 214.1 214.1 214.1 214.1 214.1 214.1 214.1 214.1 214.1 214.1 214.1 214.1 214.1 214.1 214.1 214.1 214.1 214.1 214.1 214.1 214.1 214.1 214.1 214.1 214.1 214.1 214.1 214.1 214.1 214.1 214.1 214.1 214.1 214.1 214.1 214.1 214.1 214.1 214.1 214.1 214.1 214.1 214.1 214.1 214.1 214.1 214.1 214.1 214.1 214.1 214.1 214.1 214.1 214.1 214.1 214.1 214.1 191.6 191.6 191.6 191.6 191.6 191.6 191.6 191.6 191.6 191.6 191.6 191.6 191.6 191.6 191.6 191.6 191.6 191.6 191.6 191.6 191.6 191.6 191.6 191.6 191.6 191.6 191.6 191.6 191.6 
212.5 212.5 212.5 212.5 212.5 212.5 212.5 212.5 212.5 212.5 212.5 214.1 214.1 214.1 214.1 214.1 214.1 214.1 214.1 214.1 214.1 214.1 214.1 214.1 214.1 214.1 214.1 214.1 214.1 214.1 214.1 214.1 214.1 214.1 214.1 214.1 214.1 214.1 214.1 214.1 214.1 214.1 214.1 214.1 214.1 214.1 214.1 214.1 214.1 214.1 214.1 214.1 214.1 214.1 214.1 214.1 214.1 214.1 214.1 214.1 214.1 214.1 214.1 214.1 214.1 214.1 214.1 214.1 214.1 214.1 214.1 191.6 191.6 191.6 191.6 191.6 191.6 191.6 191.6 191.6 191.6 191.6 191.6 191.6 191.6 191.6 191.6 191.6 191.6 191.6 191.6 191.6 191.6 191.6 191.6 191.6 191.6 191.6 191.6 191.6 
212.5 212.5 212.5 212.5 212.5 212.5 212.5 212.5 212.5 212.5 212.5 214.1 214.1 214.1 214.1 214.1 214.1 214.1 214.1 214.1 214.1 214.1 214.1 214.1 214.1 214.1 214.1 214.1 214.1 214.1 214.1 214.1 214.1 214.1 214.1 214.1 214.1 214.1 214.1 214.1 214.1 214.1 214.1 214.1 214.1 214.1 214.1 214.1 214.1 214.1 214.1 214.1 214.1 214.1 214.1 214.1 214.1 214.1 214.1 214.1 214.1 214.1 214.1 214.1 214.1 214.1 214.1 214.1 214.1 214.1 214.1 191.6 191.6 191.6 191.6 191.6 191.6 191.6 191.6 191.6 191.6 191.6 191.6 191.6 191.6 191.6 191.6 191.6 191.6 191.6 191.6 191.6 191.6 191.6 191.6 191.6 191.6 191.6 191.6 191.6 
212.5 212.5 212.5 212.5 212.5 212.5 212.5 212.5 212.5 212.5 212.5 214.1 214.1 214.1 214.1 214.1 214.1 214.1 214.1 214.1 214.1 214.1 214.1 214.1 214.1 214.1 214.1 214.1 214.1 214.1 214.1 214.1 214.1 214.1 214.1 214.1 214.1 214.1 214.1 214.1 214.1 214.1 214.1 214.1 214.1 214.1 214.1 214.1 214.1 214.1 214.1 214.1 214.1 214.1 214.1 214.1 214.1 214.1 214.1 214.1 214.1 214.1 214.1 214.1 214.1 214.1 214.1 214.1 214.1 214.1 214.1 191.6 191.6 191.6 191.6 191.6 191.6 191.6 191.6 191.6 191.6 191.6 191.6 191.6 191.6 191.6 191.6 191.6 191.6 191.6 191.6 191.6 191.6 191.6 191.6 191.6 191.6 191.6 191.6 191.6 
212.5 212.5 212.5 212.5 212.5 212.5 212.5 212.5 212.5 212.5 212.5 214.1 214.1 214.1 214.1 214.1 214.1 214.1 214.1 214.1 214.1 214.1 214.1 214.1 214.1 214.1 214.1 214.1 214.1 214.1 214.1 214.1 214.1 214.1 214.1 214.1 214.1 214.1 214.1 214.1 214.1 214.1 214.1 214.1 214.1 214.1 214.1 214.1 214.1 214.1 214.1 214.1 214.1 214.1 214.1 214.1 214.1 214.1 214.1 214.1 214.1 214.1 214.1 214.1 214.1 214.1 214.1 214.1 214.1 214.1 214.1 191.6 191.6 191.6 191.6 191.6 191.6 191.6 191.6 191.6 191.6 191.6 191.6 191.6 191.6 191.6 191.6 191.6 191.6 191.6 191.6 191.6 191.6 191.6 191.6 191.6 191.6 191.6 191.6 191.6 
212.5 212.5 212.5 212.5 212.5 212.5 212.5 212.5 212.5 212.5 212.5 214.1 214.1 214.1 214.1 214.1 214.1 214.1 214.1 214.1 214.1 214.1 214.1 214.1 214.1 214.1 214.1 214.1 214.1 214.1 214.1 214.1 214.1 214.1 214.1 214.1 214.1 214.1 214.1 214.1 214.1 214.1 214.1 214.1 214.1 214.1 214.1 214.1 214.1 214.1 214.1 214.1 214.1 214.1 214.1 214.1 214.1 214.1 214.1 214.1 214.1 214.1 214.1 214.1 214.1 214.1 214.1 214.1 214.1 214.1 214.1 191.6 191.6 191.6 191.6 191.6 191.6 191.6 191.6 191.6 191.6 191.6 191.6 191.6 191.6 191.6 191.6 191.6 191.6 191.6 191.6 191.6 191.6 191.6 191.6 191.6 191.6 191.6 191.6 191.6 
212.5 212.5 212.5 212.5 212.5 212.5 212.5 212.5 212.5 212.5 212.5 214.1 214.1 214.1 214.1 214.1 214.1 214.1 214.1 214.1 214.1 214.1 214.1 214.1 214.1 214.1 214.1 214.1 214.1 214.1 214.1 214.1 214.1 214.1 214.1 214.1 214.1 214.1 214.1 214.1 214.1 214.1 214.1 214.1 214.1 214.1 214.1 214.1 214.1 214.1 214.1 214.1 214.1 214.1 214.1 214.1 214.1 214.1 214.1 214.1 214.1 214.1 214.1 214.1 214.1 214.1 214.1 214.1 214.1 214.1 214.1 191.6 191.6 191.6 191.6 191.6 191.6 191.6 191.6 191.6 191.6 191.6 191.6 191.6 191.6 191.6 191.6 191.6 191.6 191.6 191.6 191.6 191.6 191.6 191.6 191.6 191.6 191.6 191.6 191.6 
212.5 212.5 212.5 212.5 212.5 212.5 212.5 212.5 212.5 212.5 212.5 214.1 214.1 214.1 214.1 214.1 214.1 214.1 214.1 214.1 214.1 214.1 214.1 214.1 214.1 214.1 214.1 214.1 214.1 214.1 214.1 214.1 214.1 214.1 214.1 214.1 214.1 214.1 214.1 214.1 214.1 214.1 214.1 214.1 214.1 214.1 214.1 214.1 214.1 214.1 214.1 214.1 214.1 214.1 214.1 214.1 214.1 214.1 214.1 214.1 214.1 214.1 214.1 214.1 214.1 214.1 214.1 214.1 214.1 214.1 214.1 191.6 191.6 191.6 191.6 191.6 191.6 191.6 191.6 191.6 191.6 191.6 191.6 191.6 191.6 191.6 191.6 191.6 191.6 191.6 191.6 191.6 191.6 191.6 191.6 191.6 191.6 191.6 191.6 191.6 
212.5 212.5 212.5 212.5 212.5 212.5 212.5 212.5 212.5 212.5 212.5 214.1 214.1 214.1 214.1 214.1 214.1 214.1 214.1 214.1 214.1 214.1 214.1 214.1 214.1 214.1 214.1 214.1 214.1 214.1 214.1 214.1 214.1 214.1 214.1 214.1 214.1 214.1 214.1 214.1 214.1 214.1 214.1 214.1 214.1 214.1 214.1 214.1 214.1 214.1 214.1 214.1 214.1 214.1 214.1 214.1 214.1 214.1 214.1 214.1 214.1 214.1 214.1 214.1 214.1 214.1 214.1 214.1 214.1 214.1 214.1 191.6 191.6 191.6 191.6 191.6 191.6 191.6 191.6 191.6 191.6 191.6 191.6 191.6 191.6 191.6 191.6 191.6 191.6 191.6 191.6 191.6 191.6 191.6 191.6 191.6 191.6 191.6 191.6 191.6 
212.5 212.5 212.5 212.5 212.5 212.5 212.5 212.5 212.5 212.5 212.5 214.1 214.1 214.1 214.1 214.1 214.1 214.1 214.1 214.1 214.1 214.1 214.1 214.1 214.1 214.1 214.1 214.1 214.1 214.1 214.1 214.1 214.1 214.1 214.1 214.1 214.1 214.1 214.1 214.1 214.1 214.1 214.1 214.1 214.1 214.1 214.1 214.1 214.1 214.1 214.1 214.1 214.1 214.1 214.1 214.1 214.1 214.1 214.1 214.1 214.1 214.1 214.1 214.1 214.1 214.1 214.1 214.1 214.1 214.1 214.1 191.6 191.6 191.6 191.6 191.6 191.6 191.6 191.6 191.6 191.6 191.6 191.6 191.6 191.6 191.6 191.6 191.6 191.6 191.6 191.6 191.6 191.6 191.6 191.6 191.6 191.6 191.6 191.6 191.6 
212.5 212.5 212.5 212.5 212.5 212.5 212.5 212.5 212.5 212.5 212.5 214.1 214.1 214.1 214.1 214.1 214.1 214.1 214.1 214.1 214.1 214.1 214.1 214.1 214.1 214.1 214.1 214.1 214.1 214.1 214.1 214.1 214.1 214.1 214.1 214.1 214.1 214.1 214.1 214.1 214.1 214.1 214.1 214.1 214.1 214.1 214.1 214.1 214.1 214.1 214.1 214.1 214.1 214.1 214.1 214.1 214.1 214.1 214.1 214.1 214.1 214.1 214.1 214.1 214.1 214.1 214.1 214.1 214.1 214.1 214.1 191.6 191.6 191.6 191.6 191.6 191.6 191.6 191.6 191.6 191.6 191.6 191.6 191.6 191.6 191.6 191.6 191.6 191.6 191.6 191.6 191.6 191.6 191.6 191.6 191.6 191.6 191.6 191.6 191.6 
212.5 212.5 212.5 212.5 212.5 212.5 212.5 212.5 212.5 212.5 212.5 214.1 214.1 214.1 214.1 214.1 214.1 214.1 214.1 214.1 214.1 214.1 214.1 214.1 214.1 214.1 214.1 214.1 214.1 214.1 214.1 214.1 214.1 214.1 214.1 214.1 214.1 214.1 214.1 214.1 214.1 214.1 214.1 214.1 214.1 214.1 214.1 214.1 214.1 214.1 214.1 214.1 214.1 214.1 214.1 214.1 214.1 214.1 214.1 214.1 214.1 214.1 214.1 214.1 214.1 214.1 214.1 214.1 214.1 214.1 214.1 191.6 191.6 191.6 191.6 191.6 191.6 191.6 191.6 191.6 191.6 191.6 191.6 191.6 191.6 191.6 191.6 191.6 191.6 191.6 191.6 191.6 191.6 191.6 191.6 191.6 191.6 191.6 191.6 191.6 
212.5 212.5 212.5 212.5 212.5 212.5 212.5 212.5 212.5 212.5 212.5 214.1 214.1 214.1 214.1 214.1 214.1 214.1 214.1 214.1 214.1 214.1 214.1 214.1 214.1 214.1 214.1 214.1 214.1 214.1 214.1 214.1 214.1 214.1 214.1 214.1 214.1 214.1 214.1 214.1 214.1 214.1 214.1 214.1 214.1 214.1 214.1 214.1 214.1 214.1 214.1 214.1 214.1 214.1 214.1 214.1 214.1 214.1 214.1 214.1 214.1 214.1 214.1 214.1 214.1 214.1 214.1 214.1 214.1 214.1 214.1 191.6 191.6 191.6 191.6 191.6 191.6 191.6 191.6 191.6 191.6 191.6 191.6 191.6 191.6 191.6 191.6 191.6 191.6 191.6 191.6 191.6 191.6 191.6 191.6 191.6 191.6 191.6 191.6 191.6 
212.5 212.5 212.5 212.5 212.5 212.5 212.5 212.5 212.5 212.5 212.5 214.1 214.1 214.1 214.1 214.1 214.1 214.1 214.1 214.1 214.1 214.1 214.1 214.1 214.1 214.1 214.1 214.1 214.1 214.1 214.1 214.1 214.1 214.1 214.1 214.1 214.1 214.1 214.1 214.1 214.1 214.1 214.1 214.1 214.1 214.1 214.1 214.1 214.1 214.1 214.1 214.1 214.1 214.1 214.1 214.1 214.1 214.1 214.1 214.1 214.1 214.1 214.1 214.1 214.1 214.1 214.1 214.1 214.1 214.1 214.1 191.6 191.6 191.6 191.6 191.6 191.6 191.6 191.6 191.6 191.6 191.6 191.6 191.6 191.6 191.6 191.6 191.6 191.6 191.6 191.6 191.6 191.6 191.6 191.6 191.6 191.6 191.6 191.6 191.6 
212.5 212.5 212.5 212.5 212.5 212.5 212.5 212.5 212.5 212.5 212.5 214.1 214.1 214.1 214.1 214.1 214.1 214.1 214.1 214.1 214.1 214.1 214.1 214.1 214.1 214.1 214.1 214.1 214.1 214.1 214.1 214.1 214.1 214.1 214.1 214.1 214.1 214.1 214.1 214.1 214.1 214.1 214.1 214.1 214.1 214.1 214.1 214.1 214.1 214.1 214.1 214.1 214.1 214.1 214.1 214.1 214.1 214.1 214.1 214.1 214.1 214.1 214.1 214.1 214.1 214.1 214.1 214.1 214.1 214.1 214.1 191.6 191.6 191.6 191.6 191.6 191.6 191.6 191.6 191.6 191.6 191.6 191.6 191.6 191.6 191.6 191.6 191.6 191.6 191.6 191.6 191.6 191.6 191.6 191.6 191.6 191.6 191.6 191.6 191.6 
212.5 212.5 212.5 212.5 212.5 212.5 212.5 212.5 212.5 212.5 212.5 214.1 214.1 214.1 214.1 214.1 214.1 214.1 214.1 214.1 214.1 214.1 214.1 214.1 214.1 214.1 214.1 214.1 214.1 214.1 214.1 214.1 214.1 214.1 214.1 214.1 214.1 214.1 214.1 214.1 214.1 214.1 214.1 214.1 214.1 214.1 214.1 214.1 214.1 214.1 214.1 214.1 214.1 214.1 214.1 214.1 214.1 214.1 214.1 214.1 214.1 214.1 214.1 214.1 214.1 214.1 214.1 214.1 214.1 214.1 214.1 191.6 191.6 191.6 191.6 191.6 191.6 191.6 191.6 191.6 191.6 191.6 191.6 191.6 191.6 191.6 191.6 191.6 191.6 191.6 191.6 191.6 191.6 191.6 191.6 191.6 191.6 191.6 191.6 191.6 
212.5 212.5 212.5 212.5 212.5 212.5 212.5 212.5 212.5 212.5 212.5 214.1 214.1 214.1 214.1 214.1 214.1 214.1 214.1 214.1 214.1 214.1 214.1 214.1 214.1 214.1 214.1 214.1 214.1 214.1 214.1 214.1 214.1 214.1 214.1 214.1 214.1 214.1 214.1 214.1 214.1 214.1 214.1 214.1 214.1 214.1 214.1 214.1 214.1 214.1 214.1 214.1 214.1 214.1 214.1 214.1 214.1 214.1 214.1 214.1 214.1 214.1 214.1 214.1 214.1 214.1 214.1 214.1 214.1 214.1 214.1 191.6 191.6 191.6 191.6 191.6 191.6 191.6 191.6 191.6 191.6 191.6 191.6 191.6 191.6 191.6 191.6 191.6 191.6 191.6 191.6 191.6 191.6 191.6 191.6 191.6 191.6 191.6 191.6 191.6 
212.5 212.5 212.5 212.5 212.5 212.5 212.5 212.5 212.5 212.5 212.5 214.1 214.1 214.1 214.1 214.1 214.1 214.1 214.1 214.1 214.1 214.1 214.1 214.1 214.1 214.1 214.1 214.1 214.1 214.1 214.1 214.1 214.1 214.1 214.1 214.1 214.1 214.1 214.1 214.1 214.1 214.1 214.1 214.1 214.1 214.1 214.1 214.1 214.1 214.1 214.1 214.1 214.1 214.1 214.1 214.1 214.1 214.1 214.1 214.1 214.1 214.1 214.1 214.1 214.1 214.1 214.1 214.1 214.1 214.1 214.1 191.6 191.6 191.6 191.6 191.6 191.6 191.6 191.6 191.6 191.6 191.6 191.6 191.6 191.6 191.6 191.6 191.6 191.6 191.6 191.6 191.6 191.6 191.6 191.6 191.6 191.6 191.6 191.6 191.6 
212.5 212.5 212.5 212.5 212.5 212.5 212.5 212.5 212.5 212.5 212.5 214.1 214.1 214.1 214.1 214.1 214.1 214.1 214.1 214.1 214.1 214.1 214.1 214.1 214.1 214.1 214.1 214.1 214.1 214.1 214.1 214.1 214.1 214.1 214.1 214.1 214.1 214.1 214.1 214.1 214.1 214.1 214.1 214.1 214.1 214.1 214.1 214.1 214.1 214.1 214.1 214.1 214.1 214.1 214.1 214.1 214.1 214.1 214.1 214.1 214.1 214.1 214.1 214.1 214.1 214.1 214.1 214.1 214.1 214.1 214.1 191.6 191.6 191.6 191.6 191.6 191.6 191.6 191.6 191.6 191.6 191.6 191.6 191.6 191.6 191.6 191.6 191.6 191.6 191.6 191.6 191.6 191.6 191.6 191.6 191.6 191.6 191.6 191.6 191.6 
212.5 212.5 212.5 212.5 212.5 212.5 212.5 212.5 212.5 212.5 212.5 214.1 214.1 214.1 214.1 214.1 214.1 214.1 214.1 214.1 214.1 214.1 214.1 214.1 214.1 214.1 214.1 214.1 214.1 214.1 214.1 214.1 214.1 214.1 214.1 214.1 214.1 214.1 214.1 214.1 214.1 214.1 214.1 214.1 214.1 214.1 214.1 214.1 214.1 214.1 214.1 214.1 214.1 214.1 214.1 214.1 214.1 214.1 214.1 214.1 214.1 214.1 214.1 214.1 214.1 214.1 214.1 214.1 214.1 214.1 214.1 191.6 191.6 191.6 191.6 191.6 191.6 191.6 191.6 191.6 191.6 191.6 191.6 191.6 191.6 191.6 191.6 191.6 191.6 191.6 191.6 191.6 191.6 191.6 191.6 191.6 191.6 191.6 191.6 191.6 
212.5 212.5 212.5 212.5 212.5 212.5 212.5 212.5 212.5 212.5 212.5 214.1 214.1 214.1 214.1 214.1 214.1 214.1 214.1 214.1 214.1 214.1 214.1 214.1 214.1 214.1 214.1 214.1 214.1 214.1 214.1 214.1 214.1 214.1 214.1 214.1 214.1 214.1 214.1 214.1 214.1 214.1 214.1 214.1 214.1 214.1 214.1 214.1 214.1 214.1 214.1 214.1 214.1 214.1 214.1 214.1 214.1 214.1 214.1 214.1 214.1 214.1 214.1 214.1 214.1 214.1 214.1 214.1 214.1 214.1 214.1 191.6 191.6 191.6 191.6 191.6 191.6 191.6 191.6 191.6 191.6 191.6 191.6 191.6 191.6 191.6 191.6 191.6 191.6 191.6 191.6 191.6 191.6 191.6 191.6 191.6 191.6 191.6 191.6 191.6 
212.5 212.5 212.5 212.5 212.5 212.5 212.5 212.5 212.5 212.5 212.5 214.1 214.1 214.1 214.1 214.1 214.1 214.1 214.1 214.1 214.1 214.1 214.1 214.1 214.1 214.1 214.1 214.1 214.1 214.1 214.1 214.1 214.1 214.1 214.1 214.1 214.1 214.1 214.1 214.1 214.1 214.1 214.1 214.1 214.1 214.1 214.1 214.1 214.1 214.1 214.1 214.1 214.1 214.1 214.1 214.1 214.1 214.1 214.1 214.1 214.1 214.1 214.1 214.1 214.1 214.1 214.1 214.1 214.1 214.1 214.1 191.6 191.6 191.6 191.6 191.6 191.6 191.6 191.6 191.6 191.6 191.6 191.6 191.6 191.6 191.6 191.6 191.6 191.6 191.6 191.6 191.6 191.6 191.6 191.6 191.6 191.6 191.6 191.6 191.6 
212.5 212.5 212.5 212.5 212.5 212.5 212.5 212.5 212.5 212.5 212.5 214.1 214.1 214.1 214.1 214.1 214.1 214.1 214.1 214.1 214.1 214.1 214.1 214.1 214.1 214.1 214.1 214.1 214.1 214.1 214.1 214.1 214.1 214.1 214.1 214.1 214.1 214.1 214.1 214.1 214.1 214.1 214.1 214.1 214.1 214.1 214.1 214.1 214.1 214.1 214.1 214.1 214.1 214.1 214.1 214.1 214.1 214.1 214.1 214.1 214.1 214.1 214.1 214.1 214.1 214.1 214.1 214.1 214.1 214.1 214.1 191.6 191.6 191.6 191.6 191.6 191.6 191.6 191.6 191.6 191.6 191.6 191.6 191.6 191.6 191.6 191.6 191.6 191.6 191.6 191.6 191.6 191.6 191.6 191.6 191.6 191.6 191.6 191.6 191.6 
212.5 212.5 212.5 212.5 212.5 212.5 212.5 212.5 212.5 212.5 212.5 214.1 214.1 214.1 214.1 214.1 214.1 214.1 214.1 214.1 214.1 214.1 214.1 214.1 214.1 214.1 214.1 214.1 214.1 214.1 214.1 214.1 214.1 214.1 214.1 214.1 214.1 214.1 214.1 214.1 214.1 214.1 214.1 214.1 214.1 214.1 214.1 214.1 214.1 214.1 214.1 214.1 214.1 214.1 214.1 214.1 214.1 214.1 214.1 214.1 214.1 214.1 214.1 214.1 214.1 214.1 214.1 214.1 214.1 214.1 214.1 191.6 191.6 191.6 191.6 191.6 191.6 191.6 191.6 191.6 191.6 191.6 191.6 191.6 191.6 191.6 191.6 191.6 191.6 191.6 191.6 191.6 191.6 191.6 191.6 191.6 191.6 191.6 191.6 191.6 
212.5 212.5 212.5 212.5 212.5 212.5 212.5 212.5 212.5 212.5 212.5 214.1 214.1 214.1 214.1 214.1 214.1 214.1 214.1 214.1 214.1 214.1 214.1 214.1 214.1 214.1 214.1 214.1 214.1 214.1 214.1 214.1 214.1 214.1 214.1 214.1 214.1 214.1 214.1 214.1 214.1 214.1 214.1 214.1 214.1 214.1 214.1 214.1 214.1 214.1 214.1 214.1 214.1 214.1 214.1 214.1 214.1 214.1 214.1 214.1 214.1 214.1 214.1 214.1 214.1 214.1 214.1 214.1 214.1 214.1 214.1 191.6 191.6 191.6 191.6 191.6 191.6 191.6 191.6 191.6 191.6 191.6 191.6 191.6 191.6 191.6 191.6 191.6 191.6 191.6 191.6 191.6 191.6 191.6 191.6 191.6 191.6 191.6 191.6 191.6 
212.5 212.5 212.5 212.5 212.5 212.5 212.5 212.5 212.5 212.5 212.5 214.1 214.1 214.1 214.1 214.1 214.1 214.1 214.1 214.1 214.1 214.1 214.1 214.1 214.1 214.1 214.1 214.1 214.1 214.1 214.1 214.1 214.1 214.1 214.1 214.1 214.1 214.1 214.1 214.1 214.1 214.1 214.1 214.1 214.1 214.1 214.1 214.1 214.1 214.1 214.1 214.1 214.1 214.1 214.1 214.1 214.1 214.1 214.1 214.1 214.1 214.1 214.1 214.1 214.1 214.1 214.1 214.1 214.1 214.1 214.1 191.6 191.6 191.6 191.6 191.6 191.6 191.6 191.6 191.6 191.6 191.6 191.6 191.6 191.6 191.6 191.6 191.6 191.6 191.6 191.6 191.6 191.6 191.6 191.6 191.6 191.6 191.6 191.6 191.6 
212.5 212.5 212.5 212.5 212.5 212.5 212.5 212.5 212.5 212.5 212.5 214.1 214.1 214.1 214.1 214.1 214.1 214.1 214.1 214.1 214.1 214.1 214.1 214.1 214.1 214.1 214.1 214.1 214.1 214.1 214.1 214.1 214.1 214.1 214.1 214.1 214.1 214.1 214.1 214.1 214.1 214.1 214.1 214.1 214.1 214.1 214.1 214.1 214.1 214.1 214.1 214.1 214.1 214.1 214.1 214.1 214.1 214.1 214.1 214.1 214.1 214.1 214.1 214.1 214.1 214.1 214.1 214.1 214.1 214.1 214.1 191.6 191.6 191.6 191.6 191.6 191.6 191.6 191.6 191.6 191.6 191.6 191.6 191.6 191.6 191.6 191.6 191.6 191.6 191.6 191.6 191.6 191.6 191.6 191.6 191.6 191.6 191.6 191.6 191.6 
212.5 212.5 212.5 212.5 212.5 212.5 212.5 212.5 212.5 212.5 212.5 214.1 214.1 214.1 214.1 214.1 214.1 214.1 214.1 214.1 214.1 214.1 214.1 214.1 214.1 214.1 214.1 214.1 214.1 214.1 214.1 214.1 214.1 214.1 214.1 214.1 214.1 214.1 214.1 214.1 214.1 214.1 214.1 214.1 214.1 214.1 214.1 214.1 214.1 214.1 214.1 214.1 214.1 214.1 214.1 214.1 214.1 214.1 214.1 214.1 214.1 214.1 214.1 214.1 214.1 214.1 214.1 214.1 214.1 214.1 214.1 191.6 191.6 191.6 191.6 191.6 191.6 191.6 191.6 191.6 191.6 191.6 191.6 191.6 191.6 191.6 191.6 191.6 191.6 191.6 191.6 191.6 191.6 191.6 191.6 191.6 191.6 191.6 191.6 191.6 
212.5 212.5 212.5 212.5 212.5 212.5 212.5 212.5 212.5 212.5 212.5 214.1 214.1 214.1 214.1 214.1 214.1 214.1 214.1 214.1 214.1 214.1 214.1 214.1 214.1 214.1 214.1 214.1 214.1 214.1 214.1 214.1 214.1 214.1 214.1 214.1 214.1 214.1 214.1 214.1 214.1 214.1 214.1 214.1 214.1 214.1 214.1 214.1 214.1 214.1 214.1 214.1 214.1 214.1 214.1 214.1 214.1 214.1 214.1 214.1 214.1 214.1 214.1 214.1 214.1 214.1 214.1 214.1 214.1 214.1 214.1 191.6 191.6 191.6 191.6 191.6 191.6 191.6 191.6 191.6 191.6 191.6 191.6 191.6 191.6 191.6 191.6 191.6 191.6 191.6 191.6 191.6 191.6 191.6 191.6 191.6 191.6 191.6 191.6 191.6 
