ncols         100
nrows         100
xllcorner     -59982.863281
yllcorner     1851083.022172
cellsize      1000
NODATA_value  -9999
81.6 81.6 81.6 81.6 81.6 81.6 81.6 81.6 81.6 81.6 81.6 67.6 67.6 67.6 67.6 67.6 67.6 67.6 67.6 67.6 67.6 67.6 67.6 67.6 67.6 67.6 67.6 67.6 67.6 67.6 67.6 67.6 67.6 67.6 67.6 67.6 67.6 67.6 67.6 67.6 67.6 67.6 67.6 67.6 67.6 67.6 67.6 67.6 67.6 67.6 67.6 67.6 67.6 67.6 67.6 67.6 67.6 67.6 67.6 67.6 67.6 67.6 67.6 67.6 67.6 67.6 67.6 67.6 67.6 67.6 67.6 59.9 59.9 59.9 59.9 59.9 59.9 59.9 59.9 59.9 59.9 59.9 59.9 59.9 59.9 59.9 59.9 59.9 59.9 59.9 59.9 59.9 59.9 59.9 59.9 59.9 59.9 59.9 59.9 59.9 
81.6 81.6 81.6 81.6 81.6 81.6 81.6 81.6 81.6 81.6 81.6 67.6 67.6 67.6 67.6 67.6 67.6 67.6 67.6 67.6 67.6 67.6 67.6 67.6 67.6 67.6 67.6 67.6 67.6 67.6 67.6 67.6 67.6 67.6 67.6 67.6 67.6 67.6 67.6 67.6 67.6 67.6 67.6 67.6 67.6 67.6 67.6 67.6 67.6 67.6 67.6 67.6 67.6 67.6 67.6 67.6 67.6 67.6 67.6 67.6 67.6 67.6 67.6 67.6 67.6 67.6 67.6 67.6 67.6 67.6 67.6 59.9 59.9 59.9 59.9 59.9 59.9 59.9 59.9 59.9 59.9 59.9 59.9 59.9 59.9 59.9 59.9 59.9 59.9 59.9 59.9 59.9 59.9 59.9 59.9 59.9 59.9 59.9 59.9 59.9 
81.6 81.6 81.6 81.6 81.6 81.6 81.6 81.6 81.6 81.6 81.6 67.6 67.6 67.6 67.6 67.6 67.6 67.6 67.6 67.6 67.6 67.6 67.6 67.6 67.6 67.6 67.6 67.6 67.6 67.6 67.6 67.6 67.6 67.6 67.6 67.6 67.6 67.6 67.6 67.6 67.6 67.6 67.6 67.6 67.6 67.6 67.6 67.6 67.6 67.6 67.6 67.6 67.6 67.6 67.6 67.6 67.6 67.6 67.6 67.6 67.6 67.6 67.6 67.6 67.6 67.6 67.6 67.6 67.6 67.6 67.6 59.9 59.9 59.9 59.9 59.9 59.9 59.9 59.9 59.9 59.9 59.9 59.9 59.9 59.9 59.9 59.9 59.9 59.9 59.9 59.9 59.9 59.9 59.9 59.9 59.9 59.9 59.9 59.9 59.9 
81.6 81.6 81.6 81.6 81.6 81.6 81.6 81.6 81.6 81.6 81.6 67.6 67.6 67.6 67.6 67.6 67.6 67.6 67.6 67.6 67.6 67.6 67.6 67.6 67.6 67.6 67.6 67.6 67.6 67.6 67.6 67.6 67.6 67.6 67.6 67.6 67.6 67.6 67.6 67.6 67.6 67.6 67.6 67.6 67.6 67.6 67.6 67.6 67.6 67.6 67.6 67.6 67.6 67.6 67.6 67.6 67.6 67.6 67.6 67.6 67.6 67.6 67.6 67.6 67.6 67.6 67.6 67.6 67.6 67.6 67.6 59.9 59.9 59.9 59.9 59.9 59.9 59.9 59.9 59.9 59.9 59.9 59.9 59.9 59.9 59.9 59.9 59.9 59.9 59.9 59.9 59.9 59.9 59.9 59.9 59.9 59.9 59.9 59.9 59.9 
81.6 81.6 81.6 81.6 81.6 81.6 81.6 81.6 81.6 81.6 81.6 67.6 67.6 67.6 67.6 67.6 67.6 67.6 67.6 67.6 67.6 67.6 67.6 67.6 67.6 67.6 67.6 67.6 67.6 67.6 67.6 67.6 67.6 67.6 67.6 67.6 67.6 67.6 67.6 67.6 67.6 67.6 67.6 67.6 67.6 67.6 67.6 67.6 67.6 67.6 67.6 67.6 67.6 67.6 67.6 67.6 67.6 67.6 67.6 67.6 67.6 67.6 67.6 67.6 67.6 67.6 67.6 67.6 67.6 67.6 67.6 59.9 59.9 59.9 59.9 59.9 59.9 59.9 59.9 59.9 59.9 59.9 59.9 59.9 59.9 59.9 59.9 59.9 59.9 59.9 59.9 59.9 59.9 59.9 59.9 59.9 59.9 59.9 59.9 59.9 
81.6 81.6 81.6 81.6 81.6 81.6 81.6 81.6 81.6 81.6 81.6 67.6 67.6 67.6 67.6 67.6 67.6 67.6 67.6 67.6 67.6 67.6 67.6 67.6 67.6 67.6 67.6 67.6 67.6 67.6 67.6 67.6 67.6 67.6 67.6 67.6 67.6 67.6 67.6 67.6 67.6 67.6 67.6 67.6 67.6 67.6 67.6 67.6 67.6 67.6 67.6 67.6 67.6 67.6 67.6 67.6 67.6 67.6 67.6 67.6 67.6 67.6 67.6 67.6 67.6 67.6 67.6 67.6 67.6 67.6 67.6 59.9 59.9 59.9 59.9 59.9 59.9 59.9 59.9 59.9 59.9 59.9 59.9 59.9 59.9 59.9 59.9 59.9 59.9 59.9 59.9 59.9 59.9 59.9 59.9 59.9 59.9 59.9 59.9 59.9 
81.6 81.6 81.6 81.6 81.6 81.6 81.6 81.6 81.6 81.6 81.6 67.6 67.6 67.6 67.6 67.6 67.6 67.6 67.6 67.6 67.6 67.6 67.6 67.6 67.6 67.6 67.6 67.6 67.6 67.6 67.6 67.6 67.6 67.6 67.6 67.6 67.6 67.6 67.6 67.6 67.6 67.6 67.6 67.6 67.6 67.6 67.6 67.6 67.6 67.6 67.6 67.6 67.6 67.6 67.6 67.6 67.6 67.6 67.6 67.6 67.6 67.6 67.6 67.6 67.6 67.6 67.6 67.6 67.6 67.6 67.6 59.9 59.9 59.9 59.9 59.9 59.9 59.9 59.9 59.9 59.9 59.9 59.9 59.9 59.9 59.9 59.9 59.9 59.9 59.9 59.9 59.9 59.9 59.9 59.9 59.9 59.9 59.9 59.9 59.9 
81.6 81.6 81.6 81.6 81.6 81.6 81.6 81.6 81.6 81.6 81.6 67.6 67.6 67.6 67.6 67.6 67.6 67.6 67.6 67.6 67.6 67.6 67.6 67.6 67.6 67.6 67.6 67.6 67.6 67.6 67.6 67.6 67.6 67.6 67.6 67.6 67.6 67.6 67.6 67.6 67.6 67.6 67.6 67.6 67.6 67.6 67.6 67.6 67.6 67.6 67.6 67.6 67.6 67.6 67.6 67.6 67.6 67.6 67.6 67.6 67.6 67.6 67.6 67.6 67.6 67.6 67.6 67.6 67.6 67.6 67.6 59.9 59.9 59.9 59.9 59.9 59.9 59.9 59.9 59.9 59.9 59.9 59.9 59.9 59.9 59.9 59.9 59.9 59.9 59.9 59.9 59.9 59.9 59.9 59.9 59.9 59.9 59.9 59.9 59.9 
81.6 81.6 81.6 81.6 81.6 81.6 81.6 81.6 81.6 81.6 81.6 67.6 67.6 67.6 67.6 67.6 67.6 67.6 67.6 67.6 67.6 67.6 67.6 67.6 67.6 67.6 67.6 67.6 67.6 67.6 67.6 67.6 67.6 67.6 67.6 67.6 67.6 67.6 67.6 67.6 67.6 67.6 67.6 67.6 67.6 67.6 67.6 67.6 67.6 67.6 67.6 67.6 67.6 67.6 67.6 67.6 67.6 67.6 67.6 67.6 67.6 67.6 67.6 67.6 67.6 67.6 67.6 67.6 67.6 67.6 67.6 59.9 59.9 59.9 59.9 59.9 59.9 59.9 59.9 59.9 59.9 59.9 59.9 59.9 59.9 59.9 59.9 59.9 59.9 59.9 59.9 59.9 59.9 59.9 59.9 59.9 59.9 59.9 59.9 59.9 
85.6 85.6 85.6 85.6 85.6 85.6 85.6 85.6 85.6 85.6 85.6 80.3 80.3 80.3 80.3 80.3 80.3 80.3 80.3 80.3 80.3 80.3 80.3 80.3 80.3 80.3 80.3 80.3 80.3 80.3 80.3 80.3 80.3 80.3 80.3 80.3 80.3 80.3 80.3 80.3 80.3 80.3 80.3 80.3 80.3 80.3 80.3 80.3 80.3 80.3 80.3 80.3 80.3 80.3 80.3 80.3 80.3 80.3 80.3 80.3 80.3 80.3 80.3 80.3 80.3 80.3 80.3 80.3 80.3 80.3 80.3 70.9 70.9 70.9 70.9 70.9 70.9 70.9 70.9 70.9 70.9 70.9 70.9 70.9 70.9 70.9 70.9 70.9 70.9 70.9 70.9 70.9 70.9 70.9 70.9 70.9 70.9 70.9 70.9 70.9 
85.6 85.6 85.6 85.6 85.6 85.6 85.6 85.6 85.6 85.6 85.6 80.3 80.3 80.3 80.3 80.3 80.3 80.3 80.3 80.3 80.3 80.3 80.3 80.3 80.3 80.3 80.3 80.3 80.3 80.3 80.3 80.3 80.3 80.3 80.3 80.3 80.3 80.3 80.3 80.3 80.3 80.3 80.3 80.3 80.3 80.3 80.3 80.3 80.3 80.3 80.3 80.3 80.3 80.3 80.3 80.3 80.3 80.3 80.3 80.3 80.3 80.3 80.3 80.3 80.3 80.3 80.3 80.3 80.3 80.3 80.3 70.9 70.9 70.9 70.9 70.9 70.9 70.9 70.9 70.9 70.9 70.9 70.9 70.9 70.9 70.9 70.9 70.9 70.9 70.9 70.9 70.9 70.9 70.9 70.9 70.9 70.9 70.9 70.9 70.9 
85.6 85.6 85.6 85.6 85.6 85.6 85.6 85.6 85.6 85.6 85.6 80.3 80.3 80.3 80.3 80.3 80.3 80.3 80.3 80.3 80.3 80.3 80.3 80.3 80.3 80.3 80.3 80.3 80.3 80.3 80.3 80.3 80.3 80.3 80.3 80.3 80.3 80.3 80.3 80.3 80.3 80.3 80.3 80.3 80.3 80.3 80.3 80.3 80.3 80.3 80.3 80.3 80.3 80.3 80.3 80.3 80.3 80.3 80.3 80.3 80.3 80.3 80.3 80.3 80.3 80.3 80.3 80.3 80.3 80.3 80.3 70.9 70.9 70.9 70.9 70.9 70.9 70.9 70.9 70.9 70.9 70.9 70.9 70.9 70.9 70.9 70.9 70.9 70.9 70.9 70.9 70.9 70.9 70.9 70.9 70.9 70.9 70.9 70.9 70.9 
85.6 85.6 85.6 85.6 85.6 85.6 85.6 85.6 85.6 85.6 85.6 80.3 80.3 80.3 80.3 80.3 80.3 80.3 80.3 80.3 80.3 80.3 80.3 80.3 80.3 80.3 80.3 80.3 80.3 80.3 80.3 80.3 80.3 80.3 80.3 80.3 80.3 80.3 80.3 80.3 80.3 80.3 80.3 80.3 80.3 80.3 80.3 80.3 80.3 80.3 80.3 80.3 80.3 80.3 80.3 80.3 80.3 80.3 80.3 80.3 80.3 80.3 80.3 80.3 80.3 80.3 80.3 80.3 80.3 80.3 80.3 70.9 70.9 70.9 70.9 70.9 70.9 70.9 70.9 70.9 70.9 70.9 70.9 70.9 70.9 70.9 70.9 70.9 70.9 70.9 70.9 70.9 70.9 70.9 70.9 70.9 70.9 70.9 70.9 70.9 
85.6 85.6 85.6 85.6 85.6 85.6 85.6 85.6 85.6 85.6 85.6 80.3 80.3 80.3 80.3 80.3 80.3 80.3 80.3 80.3 80.3 80.3 80.3 80.3 80.3 80.3 80.3 80.3 80.3 80.3 80.3 80.3 80.3 80.3 80.3 80.3 80.3 80.3 80.3 80.3 80.3 80.3 80.3 80.3 80.3 80.3 80.3 80.3 80.3 80.3 80.3 80.3 80.3 80.3 80.3 80.3 80.3 80.3 80.3 80.3 80.3 80.3 80.3 80.3 80.3 80.3 80.3 80.3 80.3 80.3 80.3 70.9 70.9 70.9 70.9 70.9 70.9 70.9 70.9 70.9 70.9 70.9 70.9 70.9 70.9 70.9 70.9 70.9 70.9 70.9 70.9 70.9 70.9 70.9 70.9 70.9 70.9 70.9 70.9 70.9 
85.6 85.6 85.6 85.6 85.6 85.6 85.6 85.6 85.6 85.6 85.6 80.3 80.3 80.3 80.3 80.3 80.3 80.3 80.3 80.3 80.3 80.3 80.3 80.3 80.3 80.3 80.3 80.3 80.3 80.3 80.3 80.3 80.3 80.3 80.3 80.3 80.3 80.3 80.3 80.3 80.3 80.3 80.3 80.3 80.3 80.3 80.3 80.3 80.3 80.3 80.3 80.3 80.3 80.3 80.3 80.3 80.3 80.3 80.3 80.3 80.3 80.3 80.3 80.3 80.3 80.3 80.3 80.3 80.3 80.3 80.3 70.9 70.9 70.9 70.9 70.9 70.9 70.9 70.9 70.9 70.9 70.9 70.9 70.9 70.9 70.9 70.9 70.9 70.9 70.9 70.9 70.9 70.9 70.9 70.9 70.9 70.9 70.9 70.9 70.9 
85.6 85.6 85.6 85.6 85.6 85.6 85.6 85.6 85.6 85.6 85.6 80.3 80.3 80.3 80.3 80.3 80.3 80.3 80.3 80.3 80.3 80.3 80.3 80.3 80.3 80.3 80.3 80.3 80.3 80.3 80.3 80.3 80.3 80.3 80.3 80.3 80.3 80.3 80.3 80.3 80.3 80.3 80.3 80.3 80.3 80.3 80.3 80.3 80.3 80.3 80.3 80.3 80.3 80.3 80.3 80.3 80.3 80.3 80.3 80.3 80.3 80.3 80.3 80.3 80.3 80.3 80.3 80.3 80.3 80.3 80.3 70.9 70.9 70.9 70.9 70.9 70.9 70.9 70.9 70.9 70.9 70.9 70.9 70.9 70.9 70.9 70.9 70.9 70.9 70.9 70.9 70.9 70.9 70.9 70.9 70.9 70.9 70.9 70.9 70.9 
85.6 85.6 85.6 85.6 85.6 85.6 85.6 85.6 85.6 85.6 85.6 80.3 80.3 80.3 80.3 80.3 80.3 80.3 80.3 80.3 80.3 80.3 80.3 80.3 80.3 80.3 80.3 80.3 80.3 80.3 80.3 80.3 80.3 80.3 80.3 80.3 80.3 80.3 80.3 80.3 80.3 80.3 80.3 80.3 80.3 80.3 80.3 80.3 80.3 80.3 80.3 80.3 80.3 80.3 80.3 80.3 80.3 80.3 80.3 80.3 80.3 80.3 80.3 80.3 80.3 80.3 80.3 80.3 80.3 80.3 80.3 70.9 70.9 70.9 70.9 70.9 70.9 70.9 70.9 70.9 70.9 70.9 70.9 70.9 70.9 70.9 70.9 70.9 70.9 70.9 70.9 70.9 70.9 70.9 70.9 70.9 70.9 70.9 70.9 70.9 
85.6 85.6 85.6 85.6 85.6 85.6 85.6 85.6 85.6 85.6 85.6 80.3 80.3 80.3 80.3 80.3 80.3 80.3 80.3 80.3 80.3 80.3 80.3 80.3 80.3 80.3 80.3 80.3 80.3 80.3 80.3 80.3 80.3 80.3 80.3 80.3 80.3 80.3 80.3 80.3 80.3 80.3 80.3 80.3 80.3 80.3 80.3 80.3 80.3 80.3 80.3 80.3 80.3 80.3 80.3 80.3 80.3 80.3 80.3 80.3 80.3 80.3 80.3 80.3 80.3 80.3 80.3 80.3 80.3 80.3 80.3 70.9 70.9 70.9 70.9 70.9 70.9 70.9 70.9 70.9 70.9 70.9 70.9 70.9 70.9 70.9 70.9 70.9 70.9 70.9 70.9 70.9 70.9 70.9 70.9 70.9 70.9 70.9 70.9 70.9 
85.6 85.6 85.6 85.6 85.6 85.6 85.6 85.6 85.6 85.6 85.6 80.3 80.3 80.3 80.3 80.3 80.3 80.3 80.3 80.3 80.3 80.3 80.3 80.3 80.3 80.3 80.3 80.3 80.3 80.3 80.3 80.3 80.3 80.3 80.3 80.3 80.3 80.3 80.3 80.3 80.3 80.3 80.3 80.3 80.3 80.3 80.3 80.3 80.3 80.3 80.3 80.3 80.3 80.3 80.3 80.3 80.3 80.3 80.3 80.3 80.3 80.3 80.3 80.3 80.3 80.3 80.3 80.3 80.3 80.3 80.3 70.9 70.9 70.9 70.9 70.9 70.9 70.9 70.9 70.9 70.9 70.9 70.9 70.9 70.9 70.9 70.9 70.9 70.9 70.9 70.9 70.9 70.9 70.9 70.9 70.9 70.9 70.9 70.9 70.9 
85.6 85.6 85.6 85.6 85.6 85.6 85.6 85.6 85.6 85.6 85.6 80.3 80.3 80.3 80.3 80.3 80.3 80.3 80.3 80.3 80.3 80.3 80.3 80.3 80.3 80.3 80.3 80.3 80.3 80.3 80.3 80.3 80.3 80.3 80.3 80.3 80.3 80.3 80.3 80.3 80.3 80.3 80.3 80.3 80.3 80.3 80.3 80.3 80.3 80.3 80.3 80.3 80.3 80.3 80.3 80.3 80.3 80.3 80.3 80.3 80.3 80.3 80.3 80.3 80.3 80.3 80.3 80.3 80.3 80.3 80.3 70.9 70.9 70.9 70.9 70.9 70.9 70.9 70.9 70.9 70.9 70.9 70.9 70.9 70.9 70.9 70.9 70.9 70.9 70.9 70.9 70.9 70.9 70.9 70.9 70.9 70.9 70.9 70.9 70.9 
85.6 85.6 85.6 85.6 85.6 85.6 85.6 85.6 85.6 85.6 85.6 80.3 80.3 80.3 80.3 80.3 80.3 80.3 80.3 80.3 80.3 80.3 80.3 80.3 80.3 80.3 80.3 80.3 80.3 80.3 80.3 80.3 80.3 80.3 80.3 80.3 80.3 80.3 80.3 80.3 80.3 80.3 80.3 80.3 80.3 80.3 80.3 80.3 80.3 80.3 80.3 80.3 80.3 80.3 80.3 80.3 80.3 80.3 80.3 80.3 80.3 80.3 80.3 80.3 80.3 80.3 80.3 80.3 80.3 80.3 80.3 70.9 70.9 70.9 70.9 70.9 70.9 70.9 70.9 70.9 70.9 70.9 70.9 70.9 70.9 70.9 70.9 70.9 70.9 70.9 70.9 70.9 70.9 70.9 70.9 70.9 70.9 70.9 70.9 70.9 
85.6 85.6 85.6 85.6 85.6 85.6 85.6 85.6 85.6 85.6 85.6 80.3 80.3 80.3 80.3 80.3 80.3 80.3 80.3 80.3 80.3 80.3 80.3 80.3 80.3 80.3 80.3 80.3 80.3 80.3 80.3 80.3 80.3 80.3 80.3 80.3 80.3 80.3 80.3 80.3 80.3 80.3 80.3 80.3 80.3 80.3 80.3 80.3 80.3 80.3 80.3 80.3 80.3 80.3 80.3 80.3 80.3 80.3 80.3 80.3 80.3 80.3 80.3 80.3 80.3 80.3 80.3 80.3 80.3 80.3 80.3 70.9 70.9 70.9 70.9 70.9 70.9 70.9 70.9 70.9 70.9 70.9 70.9 70.9 70.9 70.9 70.9 70.9 70.9 70.9 70.9 70.9 70.9 70.9 70.9 70.9 70.9 70.9 70.9 70.9 
85.6 85.6 85.6 85.6 85.6 85.6 85.6 85.6 85.6 85.6 85.6 80.3 80.3 80.3 80.3 80.3 80.3 80.3 80.3 80.3 80.3 80.3 80.3 80.3 80.3 80.3 80.3 80.3 80.3 80.3 80.3 80.3 80.3 80.3 80.3 80.3 80.3 80.3 80.3 80.3 80.3 80.3 80.3 80.3 80.3 80.3 80.3 80.3 80.3 80.3 80.3 80.3 80.3 80.3 80.3 80.3 80.3 80.3 80.3 80.3 80.3 80.3 80.3 80.3 80.3 80.3 80.3 80.3 80.3 80.3 80.3 70.9 70.9 70.9 70.9 70.9 70.9 70.9 70.9 70.9 70.9 70.9 70.9 70.9 70.9 70.9 70.9 70.9 70.9 70.9 70.9 70.9 70.9 70.9 70.9 70.9 70.9 70.9 70.9 70.9 
85.6 85.6 85.6 85.6 85.6 85.6 85.6 85.6 85.6 85.6 85.6 80.3 80.3 80.3 80.3 80.3 80.3 80.3 80.3 80.3 80.3 80.3 80.3 80.3 80.3 80.3 80.3 80.3 80.3 80.3 80.3 80.3 80.3 80.3 80.3 80.3 80.3 80.3 80.3 80.3 80.3 80.3 80.3 80.3 80.3 80.3 80.3 80.3 80.3 80.3 80.3 80.3 80.3 80.3 80.3 80.3 80.3 80.3 80.3 80.3 80.3 80.3 80.3 80.3 80.3 80.3 80.3 80.3 80.3 80.3 80.3 70.9 70.9 70.9 70.9 70.9 70.9 70.9 70.9 70.9 70.9 70.9 70.9 70.9 70.9 70.9 70.9 70.9 70.9 70.9 70.9 70.9 70.9 70.9 70.9 70.9 70.9 70.9 70.9 70.9 
85.6 85.6 85.6 85.6 85.6 85.6 85.6 85.6 85.6 85.6 85.6 80.3 80.3 80.3 80.3 80.3 80.3 80.3 80.3 80.3 80.3 80.3 80.3 80.3 80.3 80.3 80.3 80.3 80.3 80.3 80.3 80.3 80.3 80.3 80.3 80.3 80.3 80.3 80.3 80.3 80.3 80.3 80.3 80.3 80.3 80.3 80.3 80.3 80.3 80.3 80.3 80.3 80.3 80.3 80.3 80.3 80.3 80.3 80.3 80.3 80.3 80.3 80.3 80.3 80.3 80.3 80.3 80.3 80.3 80.3 80.3 70.9 70.9 70.9 70.9 70.9 70.9 70.9 70.9 70.9 70.9 70.9 70.9 70.9 70.9 70.9 70.9 70.9 70.9 70.9 70.9 70.9 70.9 70.9 70.9 70.9 70.9 70.9 70.9 70.9 
85.6 85.6 85.6 85.6 85.6 85.6 85.6 85.6 85.6 85.6 85.6 80.3 80.3 80.3 80.3 80.3 80.3 80.3 80.3 80.3 80.3 80.3 80.3 80.3 80.3 80.3 80.3 80.3 80.3 80.3 80.3 80.3 80.3 80.3 80.3 80.3 80.3 80.3 80.3 80.3 80.3 80.3 80.3 80.3 80.3 80.3 80.3 80.3 80.3 80.3 80.3 80.3 80.3 80.3 80.3 80.3 80.3 80.3 80.3 80.3 80.3 80.3 80.3 80.3 80.3 80.3 80.3 80.3 80.3 80.3 80.3 70.9 70.9 70.9 70.9 70.9 70.9 70.9 70.9 70.9 70.9 70.9 70.9 70.9 70.9 70.9 70.9 70.9 70.9 70.9 70.9 70.9 70.9 70.9 70.9 70.9 70.9 70.9 70.9 70.9 
85.6 85.6 85.6 85.6 85.6 85.6 85.6 85.6 85.6 85.6 85.6 80.3 80.3 80.3 80.3 80.3 80.3 80.3 80.3 80.3 80.3 80.3 80.3 80.3 80.3 80.3 80.3 80.3 80.3 80.3 80.3 80.3 80.3 80.3 80.3 80.3 80.3 80.3 80.3 80.3 80.3 80.3 80.3 80.3 80.3 80.3 80.3 80.3 80.3 80.3 80.3 80.3 80.3 80.3 80.3 80.3 80.3 80.3 80.3 80.3 80.3 80.3 80.3 80.3 80.3 80.3 80.3 80.3 80.3 80.3 80.3 70.9 70.9 70.9 70.9 70.9 70.9 70.9 70.9 70.9 70.9 70.9 70.9 70.9 70.9 70.9 70.9 70.9 70.9 70.9 70.9 70.9 70.9 70.9 70.9 70.9 70.9 70.9 70.9 70.9 
85.6 85.6 85.6 85.6 85.6 85.6 85.6 85.6 85.6 85.6 85.6 80.3 80.3 80.3 80.3 80.3 80.3 80.3 80.3 80.3 80.3 80.3 80.3 80.3 80.3 80.3 80.3 80.3 80.3 80.3 80.3 80.3 80.3 80.3 80.3 80.3 80.3 80.3 80.3 80.3 80.3 80.3 80.3 80.3 80.3 80.3 80.3 80.3 80.3 80.3 80.3 80.3 80.3 80.3 80.3 80.3 80.3 80.3 80.3 80.3 80.3 80.3 80.3 80.3 80.3 80.3 80.3 80.3 80.3 80.3 80.3 70.9 70.9 70.9 70.9 70.9 70.9 70.9 70.9 70.9 70.9 70.9 70.9 70.9 70.9 70.9 70.9 70.9 70.9 70.9 70.9 70.9 70.9 70.9 70.9 70.9 70.9 70.9 70.9 70.9 
85.6 85.6 85.6 85.6 85.6 85.6 85.6 85.6 85.6 85.6 85.6 80.3 80.3 80.3 80.3 80.3 80.3 80.3 80.3 80.3 80.3 80.3 80.3 80.3 80.3 80.3 80.3 80.3 80.3 80.3 80.3 80.3 80.3 80.3 80.3 80.3 80.3 80.3 80.3 80.3 80.3 80.3 80.3 80.3 80.3 80.3 80.3 80.3 80.3 80.3 80.3 80.3 80.3 80.3 80.3 80.3 80.3 80.3 80.3 80.3 80.3 80.3 80.3 80.3 80.3 80.3 80.3 80.3 80.3 80.3 80.3 70.9 70.9 70.9 70.9 70.9 70.9 70.9 70.9 70.9 70.9 70.9 70.9 70.9 70.9 70.9 70.9 70.9 70.9 70.9 70.9 70.9 70.9 70.9 70.9 70.9 70.9 70.9 70.9 70.9 
85.6 85.6 85.6 85.6 85.6 85.6 85.6 85.6 85.6 85.6 85.6 80.3 80.3 80.3 80.3 80.3 80.3 80.3 80.3 80.3 80.3 80.3 80.3 80.3 80.3 80.3 80.3 80.3 80.3 80.3 80.3 80.3 80.3 80.3 80.3 80.3 80.3 80.3 80.3 80.3 80.3 80.3 80.3 80.3 80.3 80.3 80.3 80.3 80.3 80.3 80.3 80.3 80.3 80.3 80.3 80.3 80.3 80.3 80.3 80.3 80.3 80.3 80.3 80.3 80.3 80.3 80.3 80.3 80.3 80.3 80.3 70.9 70.9 70.9 70.9 70.9 70.9 70.9 70.9 70.9 70.9 70.9 70.9 70.9 70.9 70.9 70.9 70.9 70.9 70.9 70.9 70.9 70.9 70.9 70.9 70.9 70.9 70.9 70.9 70.9 
85.6 85.6 85.6 85.6 85.6 85.6 85.6 85.6 85.6 85.6 85.6 80.3 80.3 80.3 80.3 80.3 80.3 80.3 80.3 80.3 80.3 80.3 80.3 80.3 80.3 80.3 80.3 80.3 80.3 80.3 80.3 80.3 80.3 80.3 80.3 80.3 80.3 80.3 80.3 80.3 80.3 80.3 80.3 80.3 80.3 80.3 80.3 80.3 80.3 80.3 80.3 80.3 80.3 80.3 80.3 80.3 80.3 80.3 80.3 80.3 80.3 80.3 80.3 80.3 80.3 80.3 80.3 80.3 80.3 80.3 80.3 70.9 70.9 70.9 70.9 70.9 70.9 70.9 70.9 70.9 70.9 70.9 70.9 70.9 70.9 70.9 70.9 70.9 70.9 70.9 70.9 70.9 70.9 70.9 70.9 70.9 70.9 70.9 70.9 70.9 
85.6 85.6 85.6 85.6 85.6 85.6 85.6 85.6 85.6 85.6 85.6 80.3 80.3 80.3 80.3 80.3 80.3 80.3 80.3 80.3 80.3 80.3 80.3 80.3 80.3 80.3 80.3 80.3 80.3 80.3 80.3 80.3 80.3 80.3 80.3 80.3 80.3 80.3 80.3 80.3 80.3 80.3 80.3 80.3 80.3 80.3 80.3 80.3 80.3 80.3 80.3 80.3 80.3 80.3 80.3 80.3 80.3 80.3 80.3 80.3 80.3 80.3 80.3 80.3 80.3 80.3 80.3 80.3 80.3 80.3 80.3 70.9 70.9 70.9 70.9 70.9 70.9 70.9 70.9 70.9 70.9 70.9 70.9 70.9 70.9 70.9 70.9 70.9 70.9 70.9 70.9 70.9 70.9 70.9 70.9 70.9 70.9 70.9 70.9 70.9 
85.6 85.6 85.6 85.6 85.6 85.6 85.6 85.6 85.6 85.6 85.6 80.3 80.3 80.3 80.3 80.3 80.3 80.3 80.3 80.3 80.3 80.3 80.3 80.3 80.3 80.3 80.3 80.3 80.3 80.3 80.3 80.3 80.3 80.3 80.3 80.3 80.3 80.3 80.3 80.3 80.3 80.3 80.3 80.3 80.3 80.3 80.3 80.3 80.3 80.3 80.3 80.3 80.3 80.3 80.3 80.3 80.3 80.3 80.3 80.3 80.3 80.3 80.3 80.3 80.3 80.3 80.3 80.3 80.3 80.3 80.3 70.9 70.9 70.9 70.9 70.9 70.9 70.9 70.9 70.9 70.9 70.9 70.9 70.9 70.9 70.9 70.9 70.9 70.9 70.9 70.9 70.9 70.9 70.9 70.9 70.9 70.9 70.9 70.9 70.9 
85.6 85.6 85.6 85.6 85.6 85.6 85.6 85.6 85.6 85.6 85.6 80.3 80.3 80.3 80.3 80.3 80.3 80.3 80.3 80.3 80.3 80.3 80.3 80.3 80.3 80.3 80.3 80.3 80.3 80.3 80.3 80.3 80.3 80.3 80.3 80.3 80.3 80.3 80.3 80.3 80.3 80.3 80.3 80.3 80.3 80.3 80.3 80.3 80.3 80.3 80.3 80.3 80.3 80.3 80.3 80.3 80.3 80.3 80.3 80.3 80.3 80.3 80.3 80.3 80.3 80.3 80.3 80.3 80.3 80.3 80.3 70.9 70.9 70.9 70.9 70.9 70.9 70.9 70.9 70.9 70.9 70.9 70.9 70.9 70.9 70.9 70.9 70.9 70.9 70.9 70.9 70.9 70.9 70.9 70.9 70.9 70.9 70.9 70.9 70.9 
85.6 85.6 85.6 85.6 85.6 85.6 85.6 85.6 85.6 85.6 85.6 80.3 80.3 80.3 80.3 80.3 80.3 80.3 80.3 80.3 80.3 80.3 80.3 80.3 80.3 80.3 80.3 80.3 80.3 80.3 80.3 80.3 80.3 80.3 80.3 80.3 80.3 80.3 80.3 80.3 80.3 80.3 80.3 80.3 80.3 80.3 80.3 80.3 80.3 80.3 80.3 80.3 80.3 80.3 80.3 80.3 80.3 80.3 80.3 80.3 80.3 80.3 80.3 80.3 80.3 80.3 80.3 80.3 80.3 80.3 80.3 70.9 70.9 70.9 70.9 70.9 70.9 70.9 70.9 70.9 70.9 70.9 70.9 70.9 70.9 70.9 70.9 70.9 70.9 70.9 70.9 70.9 70.9 70.9 70.9 70.9 70.9 70.9 70.9 70.9 
85.6 85.6 85.6 85.6 85.6 85.6 85.6 85.6 85.6 85.6 85.6 80.3 80.3 80.3 80.3 80.3 80.3 80.3 80.3 80.3 80.3 80.3 80.3 80.3 80.3 80.3 80.3 80.3 80.3 80.3 80.3 80.3 80.3 80.3 80.3 80.3 80.3 80.3 80.3 80.3 80.3 80.3 80.3 80.3 80.3 80.3 80.3 80.3 80.3 80.3 80.3 80.3 80.3 80.3 80.3 80.3 80.3 80.3 80.3 80.3 80.3 80.3 80.3 80.3 80.3 80.3 80.3 80.3 80.3 80.3 80.3 70.9 70.9 70.9 70.9 70.9 70.9 70.9 70.9 70.9 70.9 70.9 70.9 70.9 70.9 70.9 70.9 70.9 70.9 70.9 70.9 70.9 70.9 70.9 70.9 70.9 70.9 70.9 70.9 70.9 
85.6 85.6 85.6 85.6 85.6 85.6 85.6 85.6 85.6 85.6 85.6 80.3 80.3 80.3 80.3 80.3 80.3 80.3 80.3 80.3 80.3 80.3 80.3 80.3 80.3 80.3 80.3 80.3 80.3 80.3 80.3 80.3 80.3 80.3 80.3 80.3 80.3 80.3 80.3 80.3 80.3 80.3 80.3 80.3 80.3 80.3 80.3 80.3 80.3 80.3 80.3 80.3 80.3 80.3 80.3 80.3 80.3 80.3 80.3 80.3 80.3 80.3 80.3 80.3 80.3 80.3 80.3 80.3 80.3 80.3 80.3 70.9 70.9 70.9 70.9 70.9 70.9 70.9 70.9 70.9 70.9 70.9 70.9 70.9 70.9 70.9 70.9 70.9 70.9 70.9 70.9 70.9 70.9 70.9 70.9 70.9 70.9 70.9 70.9 70.9 
85.6 85.6 85.6 85.6 85.6 85.6 85.6 85.6 85.6 85.6 85.6 80.3 80.3 80.3 80.3 80.3 80.3 80.3 80.3 80.3 80.3 80.3 80.3 80.3 80.3 80.3 80.3 80.3 80.3 80.3 80.3 80.3 80.3 80.3 80.3 80.3 80.3 80.3 80.3 80.3 80.3 80.3 80.3 80.3 80.3 80.3 80.3 80.3 80.3 80.3 80.3 80.3 80.3 80.3 80.3 80.3 80.3 80.3 80.3 80.3 80.3 80.3 80.3 80.3 80.3 80.3 80.3 80.3 80.3 80.3 80.3 70.9 70.9 70.9 70.9 70.9 70.9 70.9 70.9 70.9 70.9 70.9 70.9 70.9 70.9 70.9 70.9 70.9 70.9 70.9 70.9 70.9 70.9 70.9 70.9 70.9 70.9 70.9 70.9 70.9 
85.6 85.6 85.6 85.6 85.6 85.6 85.6 85.6 85.6 85.6 85.6 80.3 80.3 80.3 80.3 80.3 80.3 80.3 80.3 80.3 80.3 80.3 80.3 80.3 80.3 80.3 80.3 80.3 80.3 80.3 80.3 80.3 80.3 80.3 80.3 80.3 80.3 80.3 80.3 80.3 80.3 80.3 80.3 80.3 80.3 80.3 80.3 80.3 80.3 80.3 80.3 80.3 80.3 80.3 80.3 80.3 80.3 80.3 80.3 80.3 80.3 80.3 80.3 80.3 80.3 80.3 80.3 80.3 80.3 80.3 80.3 70.9 70.9 70.9 70.9 70.9 70.9 70.9 70.9 70.9 70.9 70.9 70.9 70.9 70.9 70.9 70.9 70.9 70.9 70.9 70.9 70.9 70.9 70.9 70.9 70.9 70.9 70.9 70.9 70.9 
85.6 85.6 85.6 85.6 85.6 85.6 85.6 85.6 85.6 85.6 85.6 80.3 80.3 80.3 80.3 80.3 80.3 80.3 80.3 80.3 80.3 80.3 80.3 80.3 80.3 80.3 80.3 80.3 80.3 80.3 80.3 80.3 80.3 80.3 80.3 80.3 80.3 80.3 80.3 80.3 80.3 80.3 80.3 80.3 80.3 80.3 80.3 80.3 80.3 80.3 80.3 80.3 80.3 80.3 80.3 80.3 80.3 80.3 80.3 80.3 80.3 80.3 80.3 80.3 80.3 80.3 80.3 80.3 80.3 80.3 80.3 70.9 70.9 70.9 70.9 70.9 70.9 70.9 70.9 70.9 70.9 70.9 70.9 70.9 70.9 70.9 70.9 70.9 70.9 70.9 70.9 70.9 70.9 70.9 70.9 70.9 70.9 70.9 70.9 70.9 
85.6 85.6 85.6 85.6 85.6 85.6 85.6 85.6 85.6 85.6 85.6 80.3 80.3 80.3 80.3 80.3 80.3 80.3 80.3 80.3 80.3 80.3 80.3 80.3 80.3 80.3 80.3 80.3 80.3 80.3 80.3 80.3 80.3 80.3 80.3 80.3 80.3 80.3 80.3 80.3 80.3 80.3 80.3 80.3 80.3 80.3 80.3 80.3 80.3 80.3 80.3 80.3 80.3 80.3 80.3 80.3 80.3 80.3 80.3 80.3 80.3 80.3 80.3 80.3 80.3 80.3 80.3 80.3 80.3 80.3 80.3 70.9 70.9 70.9 70.9 70.9 70.9 70.9 70.9 70.9 70.9 70.9 70.9 70.9 70.9 70.9 70.9 70.9 70.9 70.9 70.9 70.9 70.9 70.9 70.9 70.9 70.9 70.9 70.9 70.9 
85.6 85.6 85.6 85.6 85.6 85.6 85.6 85.6 85.6 85.6 85.6 80.3 80.3 80.3 80.3 80.3 80.3 80.3 80.3 80.3 80.3 80.3 80.3 80.3 80.3 80.3 80.3 80.3 80.3 80.3 80.3 80.3 80.3 80.3 80.3 80.3 80.3 80.3 80.3 80.3 80.3 80.3 80.3 80.3 80.3 80.3 80.3 80.3 80.3 80.3 80.3 80.3 80.3 80.3 80.3 80.3 80.3 80.3 80.3 80.3 80.3 80.3 80.3 80.3 80.3 80.3 80.3 80.3 80.3 80.3 80.3 70.9 70.9 70.9 70.9 70.9 70.9 70.9 70.9 70.9 70.9 70.9 70.9 70.9 70.9 70.9 70.9 70.9 70.9 70.9 70.9 70.9 70.9 70.9 70.9 70.9 70.9 70.9 70.9 70.9 
85.6 85.6 85.6 85.6 85.6 85.6 85.6 85.6 85.6 85.6 85.6 80.3 80.3 80.3 80.3 80.3 80.3 80.3 80.3 80.3 80.3 80.3 80.3 80.3 80.3 80.3 80.3 80.3 80.3 80.3 80.3 80.3 80.3 80.3 80.3 80.3 80.3 80.3 80.3 80.3 80.3 80.3 80.3 80.3 80.3 80.3 80.3 80.3 80.3 80.3 80.3 80.3 80.3 80.3 80.3 80.3 80.3 80.3 80.3 80.3 80.3 80.3 80.3 80.3 80.3 80.3 80.3 80.3 80.3 80.3 80.3 70.9 70.9 70.9 70.9 70.9 70.9 70.9 70.9 70.9 70.9 70.9 70.9 70.9 70.9 70.9 70.9 70.9 70.9 70.9 70.9 70.9 70.9 70.9 70.9 70.9 70.9 70.9 70.9 70.9 
85.6 85.6 85.6 85.6 85.6 85.6 85.6 85.6 85.6 85.6 85.6 80.3 80.3 80.3 80.3 80.3 80.3 80.3 80.3 80.3 80.3 80.3 80.3 80.3 80.3 80.3 80.3 80.3 80.3 80.3 80.3 80.3 80.3 80.3 80.3 80.3 80.3 80.3 80.3 80.3 80.3 80.3 80.3 80.3 80.3 80.3 80.3 80.3 80.3 80.3 80.3 80.3 80.3 80.3 80.3 80.3 80.3 80.3 80.3 80.3 80.3 80.3 80.3 80.3 80.3 80.3 80.3 80.3 80.3 80.3 80.3 70.9 70.9 70.9 70.9 70.9 70.9 70.9 70.9 70.9 70.9 70.9 70.9 70.9 70.9 70.9 70.9 70.9 70.9 70.9 70.9 70.9 70.9 70.9 70.9 70.9 70.9 70.9 70.9 70.9 
85.6 85.6 85.6 85.6 85.6 85.6 85.6 85.6 85.6 85.6 85.6 80.3 80.3 80.3 80.3 80.3 80.3 80.3 80.3 80.3 80.3 80.3 80.3 80.3 80.3 80.3 80.3 80.3 80.3 80.3 80.3 80.3 80.3 80.3 80.3 80.3 80.3 80.3 80.3 80.3 80.3 80.3 80.3 80.3 80.3 80.3 80.3 80.3 80.3 80.3 80.3 80.3 80.3 80.3 80.3 80.3 80.3 80.3 80.3 80.3 80.3 80.3 80.3 80.3 80.3 80.3 80.3 80.3 80.3 80.3 80.3 70.9 70.9 70.9 70.9 70.9 70.9 70.9 70.9 70.9 70.9 70.9 70.9 70.9 70.9 70.9 70.9 70.9 70.9 70.9 70.9 70.9 70.9 70.9 70.9 70.9 70.9 70.9 70.9 70.9 
85.6 85.6 85.6 85.6 85.6 85.6 85.6 85.6 85.6 85.6 85.6 80.3 80.3 80.3 80.3 80.3 80.3 80.3 80.3 80.3 80.3 80.3 80.3 80.3 80.3 80.3 80.3 80.3 80.3 80.3 80.3 80.3 80.3 80.3 80.3 80.3 80.3 80.3 80.3 80.3 80.3 80.3 80.3 80.3 80.3 80.3 80.3 80.3 80.3 80.3 80.3 80.3 80.3 80.3 80.3 80.3 80.3 80.3 80.3 80.3 80.3 80.3 80.3 80.3 80.3 80.3 80.3 80.3 80.3 80.3 80.3 70.9 70.9 70.9 70.9 70.9 70.9 70.9 70.9 70.9 70.9 70.9 70.9 70.9 70.9 70.9 70.9 70.9 70.9 70.9 70.9 70.9 70.9 70.9 70.9 70.9 70.9 70.9 70.9 70.9 
85.6 85.6 85.6 85.6 85.6 85.6 85.6 85.6 85.6 85.6 85.6 80.3 80.3 80.3 80.3 80.3 80.3 80.3 80.3 80.3 80.3 80.3 80.3 80.3 80.3 80.3 80.3 80.3 80.3 80.3 80.3 80.3 80.3 80.3 80.3 80.3 80.3 80.3 80.3 80.3 80.3 80.3 80.3 80.3 80.3 80.3 80.3 80.3 80.3 80.3 80.3 80.3 80.3 80.3 80.3 80.3 80.3 80.3 80.3 80.3 80.3 80.3 80.3 80.3 80.3 80.3 80.3 80.3 80.3 80.3 80.3 70.9 70.9 70.9 70.9 70.9 70.9 70.9 70.9 70.9 70.9 70.9 70.9 70.9 70.9 70.9 70.9 70.9 70.9 70.9 70.9 70.9 70.9 70.9 70.9 70.9 70.9 70.9 70.9 70.9 
85.6 85.6 85.6 85.6 85.6 85.6 85.6 85.6 85.6 85.6 85.6 80.3 80.3 80.3 80.3 80.3 80.3 80.3 80.3 80.3 80.3 80.3 80.3 80.3 80.3 80.3 80.3 80.3 80.3 80.3 80.3 80.3 80.3 80.3 80.3 80.3 80.3 80.3 80.3 80.3 80.3 80.3 80.3 80.3 80.3 80.3 80.3 80.3 80.3 80.3 80.3 80.3 80.3 80.3 80.3 80.3 80.3 80.3 80.3 80.3 80.3 80.3 80.3 80.3 80.3 80.3 80.3 80.3 80.3 80.3 80.3 70.9 70.9 70.9 70.9 70.9 70.9 70.9 70.9 70.9 70.9 70.9 70.9 70.9 70.9 70.9 70.9 70.9 70.9 70.9 70.9 70.9 70.9 70.9 70.9 70.9 70.9 70.9 70.9 70.9 
85.6 85.6 85.6 85.6 85.6 85.6 85.6 85.6 85.6 85.6 85.6 80.3 80.3 80.3 80.3 80.3 80.3 80.3 80.3 80.3 80.3 80.3 80.3 80.3 80.3 80.3 80.3 80.3 80.3 80.3 80.3 80.3 80.3 80.3 80.3 80.3 80.3 80.3 80.3 80.3 80.3 80.3 80.3 80.3 80.3 80.3 80.3 80.3 80.3 80.3 80.3 80.3 80.3 80.3 80.3 80.3 80.3 80.3 80.3 80.3 80.3 80.3 80.3 80.3 80.3 80.3 80.3 80.3 80.3 80.3 80.3 70.9 70.9 70.9 70.9 70.9 70.9 70.9 70.9 70.9 70.9 70.9 70.9 70.9 70.9 70.9 70.9 70.9 70.9 70.9 70.9 70.9 70.9 70.9 70.9 70.9 70.9 70.9 70.9 70.9 
85.6 85.6 85.6 85.6 85.6 85.6 85.6 85.6 85.6 85.6 85.6 80.3 80.3 80.3 80.3 80.3 80.3 80.3 80.3 80.3 80.3 80.3 80.3 80.3 80.3 80.3 80.3 80.3 80.3 80.3 80.3 80.3 80.3 80.3 80.3 80.3 80.3 80.3 80.3 80.3 80.3 80.3 80.3 80.3 80.3 80.3 80.3 80.3 80.3 80.3 80.3 80.3 80.3 80.3 80.3 80.3 80.3 80.3 80.3 80.3 80.3 80.3 80.3 80.3 80.3 80.3 80.3 80.3 80.3 80.3 80.3 70.9 70.9 70.9 70.9 70.9 70.9 70.9 70.9 70.9 70.9 70.9 70.9 70.9 70.9 70.9 70.9 70.9 70.9 70.9 70.9 70.9 70.9 70.9 70.9 70.9 70.9 70.9 70.9 70.9 
85.6 85.6 85.6 85.6 85.6 85.6 85.6 85.6 85.6 85.6 85.6 80.3 80.3 80.3 80.3 80.3 80.3 80.3 80.3 80.3 80.3 80.3 80.3 80.3 80.3 80.3 80.3 80.3 80.3 80.3 80.3 80.3 80.3 80.3 80.3 80.3 80.3 80.3 80.3 80.3 80.3 80.3 80.3 80.3 80.3 80.3 80.3 80.3 80.3 80.3 80.3 80.3 80.3 80.3 80.3 80.3 80.3 80.3 80.3 80.3 80.3 80.3 80.3 80.3 80.3 80.3 80.3 80.3 80.3 80.3 80.3 70.9 70.9 70.9 70.9 70.9 70.9 70.9 70.9 70.9 70.9 70.9 70.9 70.9 70.9 70.9 70.9 70.9 70.9 70.9 70.9 70.9 70.9 70.9 70.9 70.9 70.9 70.9 70.9 70.9 
85.6 85.6 85.6 85.6 85.6 85.6 85.6 85.6 85.6 85.6 85.6 80.3 80.3 80.3 80.3 80.3 80.3 80.3 80.3 80.3 80.3 80.3 80.3 80.3 80.3 80.3 80.3 80.3 80.3 80.3 80.3 80.3 80.3 80.3 80.3 80.3 80.3 80.3 80.3 80.3 80.3 80.3 80.3 80.3 80.3 80.3 80.3 80.3 80.3 80.3 80.3 80.3 80.3 80.3 80.3 80.3 80.3 80.3 80.3 80.3 80.3 80.3 80.3 80.3 80.3 80.3 80.3 80.3 80.3 80.3 80.3 70.9 70.9 70.9 70.9 70.9 70.9 70.9 70.9 70.9 70.9 70.9 70.9 70.9 70.9 70.9 70.9 70.9 70.9 70.9 70.9 70.9 70.9 70.9 70.9 70.9 70.9 70.9 70.9 70.9 
85.6 85.6 85.6 85.6 85.6 85.6 85.6 85.6 85.6 85.6 85.6 80.3 80.3 80.3 80.3 80.3 80.3 80.3 80.3 80.3 80.3 80.3 80.3 80.3 80.3 80.3 80.3 80.3 80.3 80.3 80.3 80.3 80.3 80.3 80.3 80.3 80.3 80.3 80.3 80.3 80.3 80.3 80.3 80.3 80.3 80.3 80.3 80.3 80.3 80.3 80.3 80.3 80.3 80.3 80.3 80.3 80.3 80.3 80.3 80.3 80.3 80.3 80.3 80.3 80.3 80.3 80.3 80.3 80.3 80.3 80.3 70.9 70.9 70.9 70.9 70.9 70.9 70.9 70.9 70.9 70.9 70.9 70.9 70.9 70.9 70.9 70.9 70.9 70.9 70.9 70.9 70.9 70.9 70.9 70.9 70.9 70.9 70.9 70.9 70.9 
85.6 85.6 85.6 85.6 85.6 85.6 85.6 85.6 85.6 85.6 85.6 80.3 80.3 80.3 80.3 80.3 80.3 80.3 80.3 80.3 80.3 80.3 80.3 80.3 80.3 80.3 80.3 80.3 80.3 80.3 80.3 80.3 80.3 80.3 80.3 80.3 80.3 80.3 80.3 80.3 80.3 80.3 80.3 80.3 80.3 80.3 80.3 80.3 80.3 80.3 80.3 80.3 80.3 80.3 80.3 80.3 80.3 80.3 80.3 80.3 80.3 80.3 80.3 80.3 80.3 80.3 80.3 80.3 80.3 80.3 80.3 70.9 70.9 70.9 70.9 70.9 70.9 70.9 70.9 70.9 70.9 70.9 70.9 70.9 70.9 70.9 70.9 70.9 70.9 70.9 70.9 70.9 70.9 70.9 70.9 70.9 70.9 70.9 70.9 70.9 
85.6 85.6 85.6 85.6 85.6 85.6 85.6 85.6 85.6 85.6 85.6 80.3 80.3 80.3 80.3 80.3 80.3 80.3 80.3 80.3 80.3 80.3 80.3 80.3 80.3 80.3 80.3 80.3 80.3 80.3 80.3 80.3 80.3 80.3 80.3 80.3 80.3 80.3 80.3 80.3 80.3 80.3 80.3 80.3 80.3 80.3 80.3 80.3 80.3 80.3 80.3 80.3 80.3 80.3 80.3 80.3 80.3 80.3 80.3 80.3 80.3 80.3 80.3 80.3 80.3 80.3 80.3 80.3 80.3 80.3 80.3 70.9 70.9 70.9 70.9 70.9 70.9 70.9 70.9 70.9 70.9 70.9 70.9 70.9 70.9 70.9 70.9 70.9 70.9 70.9 70.9 70.9 70.9 70.9 70.9 70.9 70.9 70.9 70.9 70.9 
85.6 85.6 85.6 85.6 85.6 85.6 85.6 85.6 85.6 85.6 85.6 80.3 80.3 80.3 80.3 80.3 80.3 80.3 80.3 80.3 80.3 80.3 80.3 80.3 80.3 80.3 80.3 80.3 80.3 80.3 80.3 80.3 80.3 80.3 80.3 80.3 80.3 80.3 80.3 80.3 80.3 80.3 80.3 80.3 80.3 80.3 80.3 80.3 80.3 80.3 80.3 80.3 80.3 80.3 80.3 80.3 80.3 80.3 80.3 80.3 80.3 80.3 80.3 80.3 80.3 80.3 80.3 80.3 80.3 80.3 80.3 70.9 70.9 70.9 70.9 70.9 70.9 70.9 70.9 70.9 70.9 70.9 70.9 70.9 70.9 70.9 70.9 70.9 70.9 70.9 70.9 70.9 70.9 70.9 70.9 70.9 70.9 70.9 70.9 70.9 
85.6 85.6 85.6 85.6 85.6 85.6 85.6 85.6 85.6 85.6 85.6 80.3 80.3 80.3 80.3 80.3 80.3 80.3 80.3 80.3 80.3 80.3 80.3 80.3 80.3 80.3 80.3 80.3 80.3 80.3 80.3 80.3 80.3 80.3 80.3 80.3 80.3 80.3 80.3 80.3 80.3 80.3 80.3 80.3 80.3 80.3 80.3 80.3 80.3 80.3 80.3 80.3 80.3 80.3 80.3 80.3 80.3 80.3 80.3 80.3 80.3 80.3 80.3 80.3 80.3 80.3 80.3 80.3 80.3 80.3 80.3 70.9 70.9 70.9 70.9 70.9 70.9 70.9 70.9 70.9 70.9 70.9 70.9 70.9 70.9 70.9 70.9 70.9 70.9 70.9 70.9 70.9 70.9 70.9 70.9 70.9 70.9 70.9 70.9 70.9 
85.6 85.6 85.6 85.6 85.6 85.6 85.6 85.6 85.6 85.6 85.6 80.3 80.3 80.3 80.3 80.3 80.3 80.3 80.3 80.3 80.3 80.3 80.3 80.3 80.3 80.3 80.3 80.3 80.3 80.3 80.3 80.3 80.3 80.3 80.3 80.3 80.3 80.3 80.3 80.3 80.3 80.3 80.3 80.3 80.3 80.3 80.3 80.3 80.3 80.3 80.3 80.3 80.3 80.3 80.3 80.3 80.3 80.3 80.3 80.3 80.3 80.3 80.3 80.3 80.3 80.3 80.3 80.3 80.3 80.3 80.3 70.9 70.9 70.9 70.9 70.9 70.9 70.9 70.9 70.9 70.9 70.9 70.9 70.9 70.9 70.9 70.9 70.9 70.9 70.9 70.9 70.9 70.9 70.9 70.9 70.9 70.9 70.9 70.9 70.9 
85.6 85.6 85.6 85.6 85.6 85.6 85.6 85.6 85.6 85.6 85.6 80.3 80.3 80.3 80.3 80.3 80.3 80.3 80.3 80.3 80.3 80.3 80.3 80.3 80.3 80.3 80.3 80.3 80.3 80.3 80.3 80.3 80.3 80.3 80.3 80.3 80.3 80.3 80.3 80.3 80.3 80.3 80.3 80.3 80.3 80.3 80.3 80.3 80.3 80.3 80.3 80.3 80.3 80.3 80.3 80.3 80.3 80.3 80.3 80.3 80.3 80.3 80.3 80.3 80.3 80.3 80.3 80.3 80.3 80.3 80.3 70.9 70.9 70.9 70.9 70.9 70.9 70.9 70.9 70.9 70.9 70.9 70.9 70.9 70.9 70.9 70.9 70.9 70.9 70.9 70.9 70.9 70.9 70.9 70.9 70.9 70.9 70.9 70.9 70.9 
85.6 85.6 85.6 85.6 85.6 85.6 85.6 85.6 85.6 85.6 85.6 80.3 80.3 80.3 80.3 80.3 80.3 80.3 80.3 80.3 80.3 80.3 80.3 80.3 80.3 80.3 80.3 80.3 80.3 80.3 80.3 80.3 80.3 80.3 80.3 80.3 80.3 80.3 80.3 80.3 80.3 80.3 80.3 80.3 80.3 80.3 80.3 80.3 80.3 80.3 80.3 80.3 80.3 80.3 80.3 80.3 80.3 80.3 80.3 80.3 80.3 80.3 80.3 80.3 80.3 80.3 80.3 80.3 80.3 80.3 80.3 70.9 70.9 70.9 70.9 70.9 70.9 70.9 70.9 70.9 70.9 70.9 70.9 70.9 70.9 70.9 70.9 70.9 70.9 70.9 70.9 70.9 70.9 70.9 70.9 70.9 70.9 70.9 70.9 70.9 
85.6 85.6 85.6 85.6 85.6 85.6 85.6 85.6 85.6 85.6 85.6 80.3 80.3 80.3 80.3 80.3 80.3 80.3 80.3 80.3 80.3 80.3 80.3 80.3 80.3 80.3 80.3 80.3 80.3 80.3 80.3 80.3 80.3 80.3 80.3 80.3 80.3 80.3 80.3 80.3 80.3 80.3 80.3 80.3 80.3 80.3 80.3 80.3 80.3 80.3 80.3 80.3 80.3 80.3 80.3 80.3 80.3 80.3 80.3 80.3 80.3 80.3 80.3 80.3 80.3 80.3 80.3 80.3 80.3 80.3 80.3 70.9 70.9 70.9 70.9 70.9 70.9 70.9 70.9 70.9 70.9 70.9 70.9 70.9 70.9 70.9 70.9 70.9 70.9 70.9 70.9 70.9 70.9 70.9 70.9 70.9 70.9 70.9 70.9 70.9 
85.6 85.6 85.6 85.6 85.6 85.6 85.6 85.6 85.6 85.6 85.6 80.3 80.3 80.3 80.3 80.3 80.3 80.3 80.3 80.3 80.3 80.3 80.3 80.3 80.3 80.3 80.3 80.3 80.3 80.3 80.3 80.3 80.3 80.3 80.3 80.3 80.3 80.3 80.3 80.3 80.3 80.3 80.3 80.3 80.3 80.3 80.3 80.3 80.3 80.3 80.3 80.3 80.3 80.3 80.3 80.3 80.3 80.3 80.3 80.3 80.3 80.3 80.3 80.3 80.3 80.3 80.3 80.3 80.3 80.3 80.3 70.9 70.9 70.9 70.9 70.9 70.9 70.9 70.9 70.9 70.9 70.9 70.9 70.9 70.9 70.9 70.9 70.9 70.9 70.9 70.9 70.9 70.9 70.9 70.9 70.9 70.9 70.9 70.9 70.9 
85.6 85.6 85.6 85.6 85.6 85.6 85.6 85.6 85.6 85.6 85.6 80.3 80.3 80.3 80.3 80.3 80.3 80.3 80.3 80.3 80.3 80.3 80.3 80.3 80.3 80.3 80.3 80.3 80.3 80.3 80.3 80.3 80.3 80.3 80.3 80.3 80.3 80.3 80.3 80.3 80.3 80.3 80.3 80.3 80.3 80.3 80.3 80.3 80.3 80.3 80.3 80.3 80.3 80.3 80.3 80.3 80.3 80.3 80.3 80.3 80.3 80.3 80.3 80.3 80.3 80.3 80.3 80.3 80.3 80.3 80.3 70.9 70.9 70.9 70.9 70.9 70.9 70.9 70.9 70.9 70.9 70.9 70.9 70.9 70.9 70.9 70.9 70.9 70.9 70.9 70.9 70.9 70.9 70.9 70.9 70.9 70.9 70.9 70.9 70.9 
85.6 85.6 85.6 85.6 85.6 85.6 85.6 85.6 85.6 85.6 85.6 80.3 80.3 80.3 80.3 80.3 80.3 80.3 80.3 80.3 80.3 80.3 80.3 80.3 80.3 80.3 80.3 80.3 80.3 80.3 80.3 80.3 80.3 80.3 80.3 80.3 80.3 80.3 80.3 80.3 80.3 80.3 80.3 80.3 80.3 80.3 80.3 80.3 80.3 80.3 80.3 80.3 80.3 80.3 80.3 80.3 80.3 80.3 80.3 80.3 80.3 80.3 80.3 80.3 80.3 80.3 80.3 80.3 80.3 80.3 80.3 70.9 70.9 70.9 70.9 70.9 70.9 70.9 70.9 70.9 70.9 70.9 70.9 70.9 70.9 70.9 70.9 70.9 70.9 70.9 70.9 70.9 70.9 70.9 70.9 70.9 70.9 70.9 70.9 70.9 
85.6 85.6 85.6 85.6 85.6 85.6 85.6 85.6 85.6 85.6 85.6 80.3 80.3 80.3 80.3 80.3 80.3 80.3 80.3 80.3 80.3 80.3 80.3 80.3 80.3 80.3 80.3 80.3 80.3 80.3 80.3 80.3 80.3 80.3 80.3 80.3 80.3 80.3 80.3 80.3 80.3 80.3 80.3 80.3 80.3 80.3 80.3 80.3 80.3 80.3 80.3 80.3 80.3 80.3 80.3 80.3 80.3 80.3 80.3 80.3 80.3 80.3 80.3 80.3 80.3 80.3 80.3 80.3 80.3 80.3 80.3 70.9 70.9 70.9 70.9 70.9 70.9 70.9 70.9 70.9 70.9 70.9 70.9 70.9 70.9 70.9 70.9 70.9 70.9 70.9 70.9 70.9 70.9 70.9 70.9 70.9 70.9 70.9 70.9 70.9 
85.6 85.6 85.6 85.6 85.6 85.6 85.6 85.6 85.6 85.6 85.6 80.3 80.3 80.3 80.3 80.3 80.3 80.3 80.3 80.3 80.3 80.3 80.3 80.3 80.3 80.3 80.3 80.3 80.3 80.3 80.3 80.3 80.3 80.3 80.3 80.3 80.3 80.3 80.3 80.3 80.3 80.3 80.3 80.3 80.3 80.3 80.3 80.3 80.3 80.3 80.3 80.3 80.3 80.3 80.3 80.3 80.3 80.3 80.3 80.3 80.3 80.3 80.3 80.3 80.3 80.3 80.3 80.3 80.3 80.3 80.3 70.9 70.9 70.9 70.9 70.9 70.9 70.9 70.9 70.9 70.9 70.9 70.9 70.9 70.9 70.9 70.9 70.9 70.9 70.9 70.9 70.9 70.9 70.9 70.9 70.9 70.9 70.9 70.9 70.9 
85.6 85.6 85.6 85.6 85.6 85.6 85.6 85.6 85.6 85.6 85.6 80.3 80.3 80.3 80.3 80.3 80.3 80.3 80.3 80.3 80.3 80.3 80.3 80.3 80.3 80.3 80.3 80.3 80.3 80.3 80.3 80.3 80.3 80.3 80.3 80.3 80.3 80.3 80.3 80.3 80.3 80.3 80.3 80.3 80.3 80.3 80.3 80.3 80.3 80.3 80.3 80.3 80.3 80.3 80.3 80.3 80.3 80.3 80.3 80.3 80.3 80.3 80.3 80.3 80.3 80.3 80.3 80.3 80.3 80.3 80.3 70.9 70.9 70.9 70.9 70.9 70.9 70.9 70.9 70.9 70.9 70.9 70.9 70.9 70.9 70.9 70.9 70.9 70.9 70.9 70.9 70.9 70.9 70.9 70.9 70.9 70.9 70.9 70.9 70.9 
85.6 85.6 85.6 85.6 85.6 85.6 85.6 85.6 85.6 85.6 85.6 80.3 80.3 80.3 80.3 80.3 80.3 80.3 80.3 80.3 80.3 80.3 80.3 80.3 80.3 80.3 80.3 80.3 80.3 80.3 80.3 80.3 80.3 80.3 80.3 80.3 80.3 80.3 80.3 80.3 80.3 80.3 80.3 80.3 80.3 80.3 80.3 80.3 80.3 80.3 80.3 80.3 80.3 80.3 80.3 80.3 80.3 80.3 80.3 80.3 80.3 80.3 80.3 80.3 80.3 80.3 80.3 80.3 80.3 80.3 80.3 70.9 70.9 70.9 70.9 70.9 70.9 70.9 70.9 70.9 70.9 70.9 70.9 70.9 70.9 70.9 70.9 70.9 70.9 70.9 70.9 70.9 70.9 70.9 70.9 70.9 70.9 70.9 70.9 70.9 
85.6 85.6 85.6 85.6 85.6 85.6 85.6 85.6 85.6 85.6 85.6 80.3 80.3 80.3 80.3 80.3 80.3 80.3 80.3 80.3 80.3 80.3 80.3 80.3 80.3 80.3 80.3 80.3 80.3 80.3 80.3 80.3 80.3 80.3 80.3 80.3 80.3 80.3 80.3 80.3 80.3 80.3 80.3 80.3 80.3 80.3 80.3 80.3 80.3 80.3 80.3 80.3 80.3 80.3 80.3 80.3 80.3 80.3 80.3 80.3 80.3 80.3 80.3 80.3 80.3 80.3 80.3 80.3 80.3 80.3 80.3 70.9 70.9 70.9 70.9 70.9 70.9 70.9 70.9 70.9 70.9 70.9 70.9 70.9 70.9 70.9 70.9 70.9 70.9 70.9 70.9 70.9 70.9 70.9 70.9 70.9 70.9 70.9 70.9 70.9 
115.6 115.6 115.6 115.6 115.6 115.6 115.6 115.6 115.6 115.6 115.6 112.7 112.7 112.7 112.7 112.7 112.7 112.7 112.7 112.7 112.7 112.7 112.7 112.7 112.7 112.7 112.7 112.7 112.7 112.7 112.7 112.7 112.7 112.7 112.7 112.7 112.7 112.7 112.7 112.7 112.7 112.7 112.7 112.7 112.7 112.7 112.7 112.7 112.7 112.7 112.7 112.7 112.7 112.7 112.7 112.7 112.7 112.7 112.7 112.7 112.7 112.7 112.7 112.7 112.7 112.7 112.7 112.7 112.7 112.7 112.7 97.9 97.9 97.9 97.9 97.9 97.9 97.9 97.9 97.9 97.9 97.9 97.9 97.9 97.9 97.9 97.9 97.9 97.9 97.9 97.9 97.9 97.9 97.9 97.9 97.9 97.9 97.9 97.9 97.9 
115.6 115.6 115.6 115.6 115.6 115.6 115.6 115.6 115.6 115.6 115.6 112.7 112.7 112.7 112.7 112.7 112.7 112.7 112.7 112.7 112.7 112.7 112.7 112.7 112.7 112.7 112.7 112.7 112.7 112.7 112.7 112.7 112.7 112.7 112.7 112.7 112.7 112.7 112.7 112.7 112.7 112.7 112.7 112.7 112.7 112.7 112.7 112.7 112.7 112.7 112.7 112.7 112.7 112.7 112.7 112.7 112.7 112.7 112.7 112.7 112.7 112.7 112.7 112.7 112.7 112.7 112.7 112.7 112.7 112.7 112.7 97.9 97.9 97.9 97.9 97.9 97.9 97.9 97.9 97.9 97.9 97.9 97.9 97.9 97.9 97.9 97.9 97.9 97.9 97.9 97.9 97.9 97.9 97.9 97.9 97.9 97.9 97.9 97.9 97.9 
115.6 115.6 115.6 115.6 115.6 115.6 115.6 115.6 115.6 115.6 115.6 112.7 112.7 112.7 112.7 112.7 112.7 112.7 112.7 112.7 112.7 112.7 112.7 112.7 112.7 112.7 112.7 112.7 112.7 112.7 112.7 112.7 112.7 112.7 112.7 112.7 112.7 112.7 112.7 112.7 112.7 112.7 112.7 112.7 112.7 112.7 112.7 112.7 112.7 112.7 112.7 112.7 112.7 112.7 112.7 112.7 112.7 112.7 112.7 112.7 112.7 112.7 112.7 112.7 112.7 112.7 112.7 112.7 112.7 112.7 112.7 97.9 97.9 97.9 97.9 97.9 97.9 97.9 97.9 97.9 97.9 97.9 97.9 97.9 97.9 97.9 97.9 97.9 97.9 97.9 97.9 97.9 97.9 97.9 97.9 97.9 97.9 97.9 97.9 97.9 
115.6 115.6 115.6 115.6 115.6 115.6 115.6 115.6 115.6 115.6 115.6 112.7 112.7 112.7 112.7 112.7 112.7 112.7 112.7 112.7 112.7 112.7 112.7 112.7 112.7 112.7 112.7 112.7 112.7 112.7 112.7 112.7 112.7 112.7 112.7 112.7 112.7 112.7 112.7 112.7 112.7 112.7 112.7 112.7 112.7 112.7 112.7 112.7 112.7 112.7 112.7 112.7 112.7 112.7 112.7 112.7 112.7 112.7 112.7 112.7 112.7 112.7 112.7 112.7 112.7 112.7 112.7 112.7 112.7 112.7 112.7 97.9 97.9 97.9 97.9 97.9 97.9 97.9 97.9 97.9 97.9 97.9 97.9 97.9 97.9 97.9 97.9 97.9 97.9 97.9 97.9 97.9 97.9 97.9 97.9 97.9 97.9 97.9 97.9 97.9 
115.6 115.6 115.6 115.6 115.6 115.6 115.6 115.6 115.6 115.6 115.6 112.7 112.7 112.7 112.7 112.7 112.7 112.7 112.7 112.7 112.7 112.7 112.7 112.7 112.7 112.7 112.7 112.7 112.7 112.7 112.7 112.7 112.7 112.7 112.7 112.7 112.7 112.7 112.7 112.7 112.7 112.7 112.7 112.7 112.7 112.7 112.7 112.7 112.7 112.7 112.7 112.7 112.7 112.7 112.7 112.7 112.7 112.7 112.7 112.7 112.7 112.7 112.7 112.7 112.7 112.7 112.7 112.7 112.7 112.7 112.7 97.9 97.9 97.9 97.9 97.9 97.9 97.9 97.9 97.9 97.9 97.9 97.9 97.9 97.9 97.9 97.9 97.9 97.9 97.9 97.9 97.9 97.9 97.9 97.9 97.9 97.9 97.9 97.9 97.9 
115.6 115.6 115.6 115.6 115.6 115.6 115.6 115.6 115.6 115.6 115.6 112.7 112.7 112.7 112.7 112.7 112.7 112.7 112.7 112.7 112.7 112.7 112.7 112.7 112.7 112.7 112.7 112.7 112.7 112.7 112.7 112.7 112.7 112.7 112.7 112.7 112.7 112.7 112.7 112.7 112.7 112.7 112.7 112.7 112.7 112.7 112.7 112.7 112.7 112.7 112.7 112.7 112.7 112.7 112.7 112.7 112.7 112.7 112.7 112.7 112.7 112.7 112.7 112.7 112.7 112.7 112.7 112.7 112.7 112.7 112.7 97.9 97.9 97.9 97.9 97.9 97.9 97.9 97.9 97.9 97.9 97.9 97.9 97.9 97.9 97.9 97.9 97.9 97.9 97.9 97.9 97.9 97.9 97.9 97.9 97.9 97.9 97.9 97.9 97.9 
115.6 115.6 115.6 115.6 115.6 115.6 115.6 115.6 115.6 115.6 115.6 112.7 112.7 112.7 112.7 112.7 112.7 112.7 112.7 112.7 112.7 112.7 112.7 112.7 112.7 112.7 112.7 112.7 112.7 112.7 112.7 112.7 112.7 112.7 112.7 112.7 112.7 112.7 112.7 112.7 112.7 112.7 112.7 112.7 112.7 112.7 112.7 112.7 112.7 112.7 112.7 112.7 112.7 112.7 112.7 112.7 112.7 112.7 112.7 112.7 112.7 112.7 112.7 112.7 112.7 112.7 112.7 112.7 112.7 112.7 112.7 97.9 97.9 97.9 97.9 97.9 97.9 97.9 97.9 97.9 97.9 97.9 97.9 97.9 97.9 97.9 97.9 97.9 97.9 97.9 97.9 97.9 97.9 97.9 97.9 97.9 97.9 97.9 97.9 97.9 
115.6 115.6 115.6 115.6 115.6 115.6 115.6 115.6 115.6 115.6 115.6 112.7 112.7 112.7 112.7 112.7 112.7 112.7 112.7 112.7 112.7 112.7 112.7 112.7 112.7 112.7 112.7 112.7 112.7 112.7 112.7 112.7 112.7 112.7 112.7 112.7 112.7 112.7 112.7 112.7 112.7 112.7 112.7 112.7 112.7 112.7 112.7 112.7 112.7 112.7 112.7 112.7 112.7 112.7 112.7 112.7 112.7 112.7 112.7 112.7 112.7 112.7 112.7 112.7 112.7 112.7 112.7 112.7 112.7 112.7 112.7 97.9 97.9 97.9 97.9 97.9 97.9 97.9 97.9 97.9 97.9 97.9 97.9 97.9 97.9 97.9 97.9 97.9 97.9 97.9 97.9 97.9 97.9 97.9 97.9 97.9 97.9 97.9 97.9 97.9 
115.6 115.6 115.6 115.6 115.6 115.6 115.6 115.6 115.6 115.6 115.6 112.7 112.7 112.7 112.7 112.7 112.7 112.7 112.7 112.7 112.7 112.7 112.7 112.7 112.7 112.7 112.7 112.7 112.7 112.7 112.7 112.7 112.7 112.7 112.7 112.7 112.7 112.7 112.7 112.7 112.7 112.7 112.7 112.7 112.7 112.7 112.7 112.7 112.7 112.7 112.7 112.7 112.7 112.7 112.7 112.7 112.7 112.7 112.7 112.7 112.7 112.7 112.7 112.7 112.7 112.7 112.7 112.7 112.7 112.7 112.7 97.9 97.9 97.9 97.9 97.9 97.9 97.9 97.9 97.9 97.9 97.9 97.9 97.9 97.9 97.9 97.9 97.9 97.9 97.9 97.9 97.9 97.9 97.9 97.9 97.9 97.9 97.9 97.9 97.9 
115.6 115.6 115.6 115.6 115.6 115.6 115.6 115.6 115.6 115.6 115.6 112.7 112.7 112.7 112.7 112.7 112.7 112.7 112.7 112.7 112.7 112.7 112.7 112.7 112.7 112.7 112.7 112.7 112.7 112.7 112.7 112.7 112.7 112.7 112.7 112.7 112.7 112.7 112.7 112.7 112.7 112.7 112.7 112.7 112.7 112.7 112.7 112.7 112.7 112.7 112.7 112.7 112.7 112.7 112.7 112.7 112.7 112.7 112.7 112.7 112.7 112.7 112.7 112.7 112.7 112.7 112.7 112.7 112.7 112.7 112.7 97.9 97.9 97.9 97.9 97.9 97.9 97.9 97.9 97.9 97.9 97.9 97.9 97.9 97.9 97.9 97.9 97.9 97.9 97.9 97.9 97.9 97.9 97.9 97.9 97.9 97.9 97.9 97.9 97.9 
115.6 115.6 115.6 115.6 115.6 115.6 115.6 115.6 115.6 115.6 115.6 112.7 112.7 112.7 112.7 112.7 112.7 112.7 112.7 112.7 112.7 112.7 112.7 112.7 112.7 112.7 112.7 112.7 112.7 112.7 112.7 112.7 112.7 112.7 112.7 112.7 112.7 112.7 112.7 112.7 112.7 112.7 112.7 112.7 112.7 112.7 112.7 112.7 112.7 112.7 112.7 112.7 112.7 112.7 112.7 112.7 112.7 112.7 112.7 112.7 112.7 112.7 112.7 112.7 112.7 112.7 112.7 112.7 112.7 112.7 112.7 97.9 97.9 97.9 97.9 97.9 97.9 97.9 97.9 97.9 97.9 97.9 97.9 97.9 97.9 97.9 97.9 97.9 97.9 97.9 97.9 97.9 97.9 97.9 97.9 97.9 97.9 97.9 97.9 97.9 
115.6 115.6 115.6 115.6 115.6 115.6 115.6 115.6 115.6 115.6 115.6 112.7 112.7 112.7 112.7 112.7 112.7 112.7 112.7 112.7 112.7 112.7 112.7 112.7 112.7 112.7 112.7 112.7 112.7 112.7 112.7 112.7 112.7 112.7 112.7 112.7 112.7 112.7 112.7 112.7 112.7 112.7 112.7 112.7 112.7 112.7 112.7 112.7 112.7 112.7 112.7 112.7 112.7 112.7 112.7 112.7 112.7 112.7 112.7 112.7 112.7 112.7 112.7 112.7 112.7 112.7 112.7 112.7 112.7 112.7 112.7 97.9 97.9 97.9 97.9 97.9 97.9 97.9 97.9 97.9 97.9 97.9 97.9 97.9 97.9 97.9 97.9 97.9 97.9 97.9 97.9 97.9 97.9 97.9 97.9 97.9 97.9 97.9 97.9 97.9 
115.6 115.6 115.6 115.6 115.6 115.6 115.6 115.6 115.6 115.6 115.6 112.7 112.7 112.7 112.7 112.7 112.7 112.7 112.7 112.7 112.7 112.7 112.7 112.7 112.7 112.7 112.7 112.7 112.7 112.7 112.7 112.7 112.7 112.7 112.7 112.7 112.7 112.7 112.7 112.7 112.7 112.7 112.7 112.7 112.7 112.7 112.7 112.7 112.7 112.7 112.7 112.7 112.7 112.7 112.7 112.7 112.7 112.7 112.7 112.7 112.7 112.7 112.7 112.7 112.7 112.7 112.7 112.7 112.7 112.7 112.7 97.9 97.9 97.9 97.9 97.9 97.9 97.9 97.9 97.9 97.9 97.9 97.9 97.9 97.9 97.9 97.9 97.9 97.9 97.9 97.9 97.9 97.9 97.9 97.9 97.9 97.9 97.9 97.9 97.9 
115.6 115.6 115.6 115.6 115.6 115.6 115.6 115.6 115.6 115.6 115.6 112.7 112.7 112.7 112.7 112.7 112.7 112.7 112.7 112.7 112.7 112.7 112.7 112.7 112.7 112.7 112.7 112.7 112.7 112.7 112.7 112.7 112.7 112.7 112.7 112.7 112.7 112.7 112.7 112.7 112.7 112.7 112.7 112.7 112.7 112.7 112.7 112.7 112.7 112.7 112.7 112.7 112.7 112.7 112.7 112.7 112.7 112.7 112.7 112.7 112.7 112.7 112.7 112.7 112.7 112.7 112.7 112.7 112.7 112.7 112.7 97.9 97.9 97.9 97.9 97.9 97.9 97.9 97.9 97.9 97.9 97.9 97.9 97.9 97.9 97.9 97.9 97.9 97.9 97.9 97.9 97.9 97.9 97.9 97.9 97.9 97.9 97.9 97.9 97.9 
115.6 115.6 115.6 115.6 115.6 115.6 115.6 115.6 115.6 115.6 115.6 112.7 112.7 112.7 112.7 112.7 112.7 112.7 112.7 112.7 112.7 112.7 112.7 112.7 112.7 112.7 112.7 112.7 112.7 112.7 112.7 112.7 112.7 112.7 112.7 112.7 112.7 112.7 112.7 112.7 112.7 112.7 112.7 112.7 112.7 112.7 112.7 112.7 112.7 112.7 112.7 112.7 112.7 112.7 112.7 112.7 112.7 112.7 112.7 112.7 112.7 112.7 112.7 112.7 112.7 112.7 112.7 112.7 112.7 112.7 112.7 97.9 97.9 97.9 97.9 97.9 97.9 97.9 97.9 97.9 97.9 97.9 97.9 97.9 97.9 97.9 97.9 97.9 97.9 97.9 97.9 97.9 97.9 97.9 97.9 97.9 97.9 97.9 97.9 97.9 
115.6 115.6 115.6 115.6 115.6 115.6 115.6 115.6 115.6 115.6 115.6 112.7 112.7 112.7 112.7 112.7 112.7 112.7 112.7 112.7 112.7 112.7 112.7 112.7 112.7 112.7 112.7 112.7 112.7 112.7 112.7 112.7 112.7 112.7 112.7 112.7 112.7 112.7 112.7 112.7 112.7 112.7 112.7 112.7 112.7 112.7 112.7 112.7 112.7 112.7 112.7 112.7 112.7 112.7 112.7 112.7 112.7 112.7 112.7 112.7 112.7 112.7 112.7 112.7 112.7 112.7 112.7 112.7 112.7 112.7 112.7 97.9 97.9 97.9 97.9 97.9 97.9 97.9 97.9 97.9 97.9 97.9 97.9 97.9 97.9 97.9 97.9 97.9 97.9 97.9 97.9 97.9 97.9 97.9 97.9 97.9 97.9 97.9 97.9 97.9 
115.6 115.6 115.6 115.6 115.6 115.6 115.6 115.6 115.6 115.6 115.6 112.7 112.7 112.7 112.7 112.7 112.7 112.7 112.7 112.7 112.7 112.7 112.7 112.7 112.7 112.7 112.7 112.7 112.7 112.7 112.7 112.7 112.7 112.7 112.7 112.7 112.7 112.7 112.7 112.7 112.7 112.7 112.7 112.7 112.7 112.7 112.7 112.7 112.7 112.7 112.7 112.7 112.7 112.7 112.7 112.7 112.7 112.7 112.7 112.7 112.7 112.7 112.7 112.7 112.7 112.7 112.7 112.7 112.7 112.7 112.7 97.9 97.9 97.9 97.9 97.9 97.9 97.9 97.9 97.9 97.9 97.9 97.9 97.9 97.9 97.9 97.9 97.9 97.9 97.9 97.9 97.9 97.9 97.9 97.9 97.9 97.9 97.9 97.9 97.9 
115.6 115.6 115.6 115.6 115.6 115.6 115.6 115.6 115.6 115.6 115.6 112.7 112.7 112.7 112.7 112.7 112.7 112.7 112.7 112.7 112.7 112.7 112.7 112.7 112.7 112.7 112.7 112.7 112.7 112.7 112.7 112.7 112.7 112.7 112.7 112.7 112.7 112.7 112.7 112.7 112.7 112.7 112.7 112.7 112.7 112.7 112.7 112.7 112.7 112.7 112.7 112.7 112.7 112.7 112.7 112.7 112.7 112.7 112.7 112.7 112.7 112.7 112.7 112.7 112.7 112.7 112.7 112.7 112.7 112.7 112.7 97.9 97.9 97.9 97.9 97.9 97.9 97.9 97.9 97.9 97.9 97.9 97.9 97.9 97.9 97.9 97.9 97.9 97.9 97.9 97.9 97.9 97.9 97.9 97.9 97.9 97.9 97.9 97.9 97.9 
115.6 115.6 115.6 115.6 115.6 115.6 115.6 115.6 115.6 115.6 115.6 112.7 112.7 112.7 112.7 112.7 112.7 112.7 112.7 112.7 112.7 112.7 112.7 112.7 112.7 112.7 112.7 112.7 112.7 112.7 112.7 112.7 112.7 112.7 112.7 112.7 112.7 112.7 112.7 112.7 112.7 112.7 112.7 112.7 112.7 112.7 112.7 112.7 112.7 112.7 112.7 112.7 112.7 112.7 112.7 112.7 112.7 112.7 112.7 112.7 112.7 112.7 112.7 112.7 112.7 112.7 112.7 112.7 112.7 112.7 112.7 97.9 97.9 97.9 97.9 97.9 97.9 97.9 97.9 97.9 97.9 97.9 97.9 97.9 97.9 97.9 97.9 97.9 97.9 97.9 97.9 97.9 97.9 97.9 97.9 97.9 97.9 97.9 97.9 97.9 
115.6 115.6 115.6 115.6 115.6 115.6 115.6 115.6 115.6 115.6 115.6 112.7 112.7 112.7 112.7 112.7 112.7 112.7 112.7 112.7 112.7 112.7 112.7 112.7 112.7 112.7 112.7 112.7 112.7 112.7 112.7 112.7 112.7 112.7 112.7 112.7 112.7 112.7 112.7 112.7 112.7 112.7 112.7 112.7 112.7 112.7 112.7 112.7 112.7 112.7 112.7 112.7 112.7 112.7 112.7 112.7 112.7 112.7 112.7 112.7 112.7 112.7 112.7 112.7 112.7 112.7 112.7 112.7 112.7 112.7 112.7 97.9 97.9 97.9 97.9 97.9 97.9 97.9 97.9 97.9 97.9 97.9 97.9 97.9 97.9 97.9 97.9 97.9 97.9 97.9 97.9 97.9 97.9 97.9 97.9 97.9 97.9 97.9 97.9 97.9 
115.6 115.6 115.6 115.6 115.6 115.6 115.6 115.6 115.6 115.6 115.6 112.7 112.7 112.7 112.7 112.7 112.7 112.7 112.7 112.7 112.7 112.7 112.7 112.7 112.7 112.7 112.7 112.7 112.7 112.7 112.7 112.7 112.7 112.7 112.7 112.7 112.7 112.7 112.7 112.7 112.7 112.7 112.7 112.7 112.7 112.7 112.7 112.7 112.7 112.7 112.7 112.7 112.7 112.7 112.7 112.7 112.7 112.7 112.7 112.7 112.7 112.7 112.7 112.7 112.7 112.7 112.7 112.7 112.7 112.7 112.7 97.9 97.9 97.9 97.9 97.9 97.9 97.9 97.9 97.9 97.9 97.9 97.9 97.9 97.9 97.9 97.9 97.9 97.9 97.9 97.9 97.9 97.9 97.9 97.9 97.9 97.9 97.9 97.9 97.9 
115.6 115.6 115.6 115.6 115.6 115.6 115.6 115.6 115.6 115.6 115.6 112.7 112.7 112.7 112.7 112.7 112.7 112.7 112.7 112.7 112.7 112.7 112.7 112.7 112.7 112.7 112.7 112.7 112.7 112.7 112.7 112.7 112.7 112.7 112.7 112.7 112.7 112.7 112.7 112.7 112.7 112.7 112.7 112.7 112.7 112.7 112.7 112.7 112.7 112.7 112.7 112.7 112.7 112.7 112.7 112.7 112.7 112.7 112.7 112.7 112.7 112.7 112.7 112.7 112.7 112.7 112.7 112.7 112.7 112.7 112.7 97.9 97.9 97.9 97.9 97.9 97.9 97.9 97.9 97.9 97.9 97.9 97.9 97.9 97.9 97.9 97.9 97.9 97.9 97.9 97.9 97.9 97.9 97.9 97.9 97.9 97.9 97.9 97.9 97.9 
115.6 115.6 115.6 115.6 115.6 115.6 115.6 115.6 115.6 115.6 115.6 112.7 112.7 112.7 112.7 112.7 112.7 112.7 112.7 112.7 112.7 112.7 112.7 112.7 112.7 112.7 112.7 112.7 112.7 112.7 112.7 112.7 112.7 112.7 112.7 112.7 112.7 112.7 112.7 112.7 112.7 112.7 112.7 112.7 112.7 112.7 112.7 112.7 112.7 112.7 112.7 112.7 112.7 112.7 112.7 112.7 112.7 112.7 112.7 112.7 112.7 112.7 112.7 112.7 112.7 112.7 112.7 112.7 112.7 112.7 112.7 97.9 97.9 97.9 97.9 97.9 97.9 97.9 97.9 97.9 97.9 97.9 97.9 97.9 97.9 97.9 97.9 97.9 97.9 97.9 97.9 97.9 97.9 97.9 97.9 97.9 97.9 97.9 97.9 97.9 
115.6 115.6 115.6 115.6 115.6 115.6 115.6 115.6 115.6 115.6 115.6 112.7 112.7 112.7 112.7 112.7 112.7 112.7 112.7 112.7 112.7 112.7 112.7 112.7 112.7 112.7 112.7 112.7 112.7 112.7 112.7 112.7 112.7 112.7 112.7 112.7 112.7 112.7 112.7 112.7 112.7 112.7 112.7 112.7 112.7 112.7 112.7 112.7 112.7 112.7 112.7 112.7 112.7 112.7 112.7 112.7 112.7 112.7 112.7 112.7 112.7 112.7 112.7 112.7 112.7 112.7 112.7 112.7 112.7 112.7 112.7 97.9 97.9 97.9 97.9 97.9 97.9 97.9 97.9 97.9 97.9 97.9 97.9 97.9 97.9 97.9 97.9 97.9 97.9 97.9 97.9 97.9 97.9 97.9 97.9 97.9 97.9 97.9 97.9 97.9 
115.6 115.6 115.6 115.6 115.6 115.6 115.6 115.6 115.6 115.6 115.6 112.7 112.7 112.7 112.7 112.7 112.7 112.7 112.7 112.7 112.7 112.7 112.7 112.7 112.7 112.7 112.7 112.7 112.7 112.7 112.7 112.7 112.7 112.7 112.7 112.7 112.7 112.7 112.7 112.7 112.7 112.7 112.7 112.7 112.7 112.7 112.7 112.7 112.7 112.7 112.7 112.7 112.7 112.7 112.7 112.7 112.7 112.7 112.7 112.7 112.7 112.7 112.7 112.7 112.7 112.7 112.7 112.7 112.7 112.7 112.7 97.9 97.9 97.9 97.9 97.9 97.9 97.9 97.9 97.9 97.9 97.9 97.9 97.9 97.9 97.9 97.9 97.9 97.9 97.9 97.9 97.9 97.9 97.9 97.9 97.9 97.9 97.9 97.9 97.9 
115.6 115.6 115.6 115.6 115.6 115.6 115.6 115.6 115.6 115.6 115.6 112.7 112.7 112.7 112.7 112.7 112.7 112.7 112.7 112.7 112.7 112.7 112.7 112.7 112.7 112.7 112.7 112.7 112.7 112.7 112.7 112.7 112.7 112.7 112.7 112.7 112.7 112.7 112.7 112.7 112.7 112.7 112.7 112.7 112.7 112.7 112.7 112.7 112.7 112.7 112.7 112.7 112.7 112.7 112.7 112.7 112.7 112.7 112.7 112.7 112.7 112.7 112.7 112.7 112.7 112.7 112.7 112.7 112.7 112.7 112.7 97.9 97.9 97.9 97.9 97.9 97.9 97.9 97.9 97.9 97.9 97.9 97.9 97.9 97.9 97.9 97.9 97.9 97.9 97.9 97.9 97.9 97.9 97.9 97.9 97.9 97.9 97.9 97.9 97.9 
115.6 115.6 115.6 115.6 115.6 115.6 115.6 115.6 115.6 115.6 115.6 112.7 112.7 112.7 112.7 112.7 112.7 112.7 112.7 112.7 112.7 112.7 112.7 112.7 112.7 112.7 112.7 112.7 112.7 112.7 112.7 112.7 112.7 112.7 112.7 112.7 112.7 112.7 112.7 112.7 112.7 112.7 112.7 112.7 112.7 112.7 112.7 112.7 112.7 112.7 112.7 112.7 112.7 112.7 112.7 112.7 112.7 112.7 112.7 112.7 112.7 112.7 112.7 112.7 112.7 112.7 112.7 112.7 112.7 112.7 112.7 97.9 97.9 97.9 97.9 97.9 97.9 97.9 97.9 97.9 97.9 97.9 97.9 97.9 97.9 97.9 97.9 97.9 97.9 97.9 97.9 97.9 97.9 97.9 97.9 97.9 97.9 97.9 97.9 97.9 
115.6 115.6 115.6 115.6 115.6 115.6 115.6 115.6 115.6 115.6 115.6 112.7 112.7 112.7 112.7 112.7 112.7 112.7 112.7 112.7 112.7 112.7 112.7 112.7 112.7 112.7 112.7 112.7 112.7 112.7 112.7 112.7 112.7 112.7 112.7 112.7 112.7 112.7 112.7 112.7 112.7 112.7 112.7 112.7 112.7 112.7 112.7 112.7 112.7 112.7 112.7 112.7 112.7 112.7 112.7 112.7 112.7 112.7 112.7 112.7 112.7 112.7 112.7 112.7 112.7 112.7 112.7 112.7 112.7 112.7 112.7 97.9 97.9 97.9 97.9 97.9 97.9 97.9 97.9 97.9 97.9 97.9 97.9 97.9 97.9 97.9 97.9 97.9 97.9 97.9 97.9 97.9 97.9 97.9 97.9 97.9 97.9 97.9 97.9 97.9 
115.6 115.6 115.6 115.6 115.6 115.6 115.6 115.6 115.6 115.6 115.6 112.7 112.7 112.7 112.7 112.7 112.7 112.7 112.7 112.7 112.7 112.7 112.7 112.7 112.7 112.7 112.7 112.7 112.7 112.7 112.7 112.7 112.7 112.7 112.7 112.7 112.7 112.7 112.7 112.7 112.7 112.7 112.7 112.7 112.7 112.7 112.7 112.7 112.7 112.7 112.7 112.7 112.7 112.7 112.7 112.7 112.7 112.7 112.7 112.7 112.7 112.7 112.7 112.7 112.7 112.7 112.7 112.7 112.7 112.7 112.7 97.9 97.9 97.9 97.9 97.9 97.9 97.9 97.9 97.9 97.9 97.9 97.9 97.9 97.9 97.9 97.9 97.9 97.9 97.9 97.9 97.9 97.9 97.9 97.9 97.9 97.9 97.9 97.9 97.9 
115.6 115.6 115.6 115.6 115.6 115.6 115.6 115.6 115.6 115.6 115.6 112.7 112.7 112.7 112.7 112.7 112.7 112.7 112.7 112.7 112.7 112.7 112.7 112.7 112.7 112.7 112.7 112.7 112.7 112.7 112.7 112.7 112.7 112.7 112.7 112.7 112.7 112.7 112.7 112.7 112.7 112.7 112.7 112.7 112.7 112.7 112.7 112.7 112.7 112.7 112.7 112.7 112.7 112.7 112.7 112.7 112.7 112.7 112.7 112.7 112.7 112.7 112.7 112.7 112.7 112.7 112.7 112.7 112.7 112.7 112.7 97.9 97.9 97.9 97.9 97.9 97.9 97.9 97.9 97.9 97.9 97.9 97.9 97.9 97.9 97.9 97.9 97.9 97.9 97.9 97.9 97.9 97.9 97.9 97.9 97.9 97.9 97.9 97.9 97.9 
115.6 115.6 115.6 115.6 115.6 115.6 115.6 115.6 115.6 115.6 115.6 112.7 112.7 112.7 112.7 112.7 112.7 112.7 112.7 112.7 112.7 112.7 112.7 112.7 112.7 112.7 112.7 112.7 112.7 112.7 112.7 112.7 112.7 112.7 112.7 112.7 112.7 112.7 112.7 112.7 112.7 112.7 112.7 112.7 112.7 112.7 112.7 112.7 112.7 112.7 112.7 112.7 112.7 112.7 112.7 112.7 112.7 112.7 112.7 112.7 112.7 112.7 112.7 112.7 112.7 112.7 112.7 112.7 112.7 112.7 112.7 97.9 97.9 97.9 97.9 97.9 97.9 97.9 97.9 97.9 97.9 97.9 97.9 97.9 97.9 97.9 97.9 97.9 97.9 97.9 97.9 97.9 97.9 97.9 97.9 97.9 97.9 97.9 97.9 97.9 
