ncols         100
nrows         100
xllcorner     -59982.863281
yllcorner     1851083.022172
cellsize      1000
NODATA_value  -9999
2.32 2.32 2.32 2.32 2.32 2.32 2.32 2.32 2.32 2.32 2.32 1.74 1.74 1.74 1.74 1.74 1.74 1.74 1.74 1.74 1.74 1.74 1.74 1.74 1.74 1.74 1.74 1.74 1.74 1.74 1.74 1.74 1.74 1.74 1.74 1.74 1.74 1.74 1.74 1.74 1.74 1.74 1.74 1.74 1.74 1.74 1.74 1.74 1.74 1.74 1.74 1.74 1.74 1.74 1.74 1.74 1.74 1.74 1.74 1.74 1.74 1.74 1.74 1.74 1.74 1.74 1.74 1.74 1.74 1.74 1.74 1.98 1.98 1.98 1.98 1.98 1.98 1.98 1.98 1.98 1.98 1.98 1.98 1.98 1.98 1.98 1.98 1.98 1.98 1.98 1.98 1.98 1.98 1.98 1.98 1.98 1.98 1.98 1.98 1.98 
2.32 2.32 2.32 2.32 2.32 2.32 2.32 2.32 2.32 2.32 2.32 1.74 1.74 1.74 1.74 1.74 1.74 1.74 1.74 1.74 1.74 1.74 1.74 1.74 1.74 1.74 1.74 1.74 1.74 1.74 1.74 1.74 1.74 1.74 1.74 1.74 1.74 1.74 1.74 1.74 1.74 1.74 1.74 1.74 1.74 1.74 1.74 1.74 1.74 1.74 1.74 1.74 1.74 1.74 1.74 1.74 1.74 1.74 1.74 1.74 1.74 1.74 1.74 1.74 1.74 1.74 1.74 1.74 1.74 1.74 1.74 1.98 1.98 1.98 1.98 1.98 1.98 1.98 1.98 1.98 1.98 1.98 1.98 1.98 1.98 1.98 1.98 1.98 1.98 1.98 1.98 1.98 1.98 1.98 1.98 1.98 1.98 1.98 1.98 1.98 
2.32 2.32 2.32 2.32 2.32 2.32 2.32 2.32 2.32 2.32 2.32 1.74 1.74 1.74 1.74 1.74 1.74 1.74 1.74 1.74 1.74 1.74 1.74 1.74 1.74 1.74 1.74 1.74 1.74 1.74 1.74 1.74 1.74 1.74 1.74 1.74 1.74 1.74 1.74 1.74 1.74 1.74 1.74 1.74 1.74 1.74 1.74 1.74 1.74 1.74 1.74 1.74 1.74 1.74 1.74 1.74 1.74 1.74 1.74 1.74 1.74 1.74 1.74 1.74 1.74 1.74 1.74 1.74 1.74 1.74 1.74 1.98 1.98 1.98 1.98 1.98 1.98 1.98 1.98 1.98 1.98 1.98 1.98 1.98 1.98 1.98 1.98 1.98 1.98 1.98 1.98 1.98 1.98 1.98 1.98 1.98 1.98 1.98 1.98 1.98 
2.32 2.32 2.32 2.32 2.32 2.32 2.32 2.32 2.32 2.32 2.32 1.74 1.74 1.74 1.74 1.74 1.74 1.74 1.74 1.74 1.74 1.74 1.74 1.74 1.74 1.74 1.74 1.74 1.74 1.74 1.74 1.74 1.74 1.74 1.74 1.74 1.74 1.74 1.74 1.74 1.74 1.74 1.74 1.74 1.74 1.74 1.74 1.74 1.74 1.74 1.74 1.74 1.74 1.74 1.74 1.74 1.74 1.74 1.74 1.74 1.74 1.74 1.74 1.74 1.74 1.74 1.74 1.74 1.74 1.74 1.74 1.98 1.98 1.98 1.98 1.98 1.98 1.98 1.98 1.98 1.98 1.98 1.98 1.98 1.98 1.98 1.98 1.98 1.98 1.98 1.98 1.98 1.98 1.98 1.98 1.98 1.98 1.98 1.98 1.98 
2.32 2.32 2.32 2.32 2.32 2.32 2.32 2.32 2.32 2.32 2.32 1.74 1.74 1.74 1.74 1.74 1.74 1.74 1.74 1.74 1.74 1.74 1.74 1.74 1.74 1.74 1.74 1.74 1.74 1.74 1.74 1.74 1.74 1.74 1.74 1.74 1.74 1.74 1.74 1.74 1.74 1.74 1.74 1.74 1.74 1.74 1.74 1.74 1.74 1.74 1.74 1.74 1.74 1.74 1.74 1.74 1.74 1.74 1.74 1.74 1.74 1.74 1.74 1.74 1.74 1.74 1.74 1.74 1.74 1.74 1.74 1.98 1.98 1.98 1.98 1.98 1.98 1.98 1.98 1.98 1.98 1.98 1.98 1.98 1.98 1.98 1.98 1.98 1.98 1.98 1.98 1.98 1.98 1.98 1.98 1.98 1.98 1.98 1.98 1.98 
2.32 2.32 2.32 2.32 2.32 2.32 2.32 2.32 2.32 2.32 2.32 1.74 1.74 1.74 1.74 1.74 1.74 1.74 1.74 1.74 1.74 1.74 1.74 1.74 1.74 1.74 1.74 1.74 1.74 1.74 1.74 1.74 1.74 1.74 1.74 1.74 1.74 1.74 1.74 1.74 1.74 1.74 1.74 1.74 1.74 1.74 1.74 1.74 1.74 1.74 1.74 1.74 1.74 1.74 1.74 1.74 1.74 1.74 1.74 1.74 1.74 1.74 1.74 1.74 1.74 1.74 1.74 1.74 1.74 1.74 1.74 1.98 1.98 1.98 1.98 1.98 1.98 1.98 1.98 1.98 1.98 1.98 1.98 1.98 1.98 1.98 1.98 1.98 1.98 1.98 1.98 1.98 1.98 1.98 1.98 1.98 1.98 1.98 1.98 1.98 
2.32 2.32 2.32 2.32 2.32 2.32 2.32 2.32 2.32 2.32 2.32 1.74 1.74 1.74 1.74 1.74 1.74 1.74 1.74 1.74 1.74 1.74 1.74 1.74 1.74 1.74 1.74 1.74 1.74 1.74 1.74 1.74 1.74 1.74 1.74 1.74 1.74 1.74 1.74 1.74 1.74 1.74 1.74 1.74 1.74 1.74 1.74 1.74 1.74 1.74 1.74 1.74 1.74 1.74 1.74 1.74 1.74 1.74 1.74 1.74 1.74 1.74 1.74 1.74 1.74 1.74 1.74 1.74 1.74 1.74 1.74 1.98 1.98 1.98 1.98 1.98 1.98 1.98 1.98 1.98 1.98 1.98 1.98 1.98 1.98 1.98 1.98 1.98 1.98 1.98 1.98 1.98 1.98 1.98 1.98 1.98 1.98 1.98 1.98 1.98 
2.32 2.32 2.32 2.32 2.32 2.32 2.32 2.32 2.32 2.32 2.32 1.74 1.74 1.74 1.74 1.74 1.74 1.74 1.74 1.74 1.74 1.74 1.74 1.74 1.74 1.74 1.74 1.74 1.74 1.74 1.74 1.74 1.74 1.74 1.74 1.74 1.74 1.74 1.74 1.74 1.74 1.74 1.74 1.74 1.74 1.74 1.74 1.74 1.74 1.74 1.74 1.74 1.74 1.74 1.74 1.74 1.74 1.74 1.74 1.74 1.74 1.74 1.74 1.74 1.74 1.74 1.74 1.74 1.74 1.74 1.74 1.98 1.98 1.98 1.98 1.98 1.98 1.98 1.98 1.98 1.98 1.98 1.98 1.98 1.98 1.98 1.98 1.98 1.98 1.98 1.98 1.98 1.98 1.98 1.98 1.98 1.98 1.98 1.98 1.98 
2.32 2.32 2.32 2.32 2.32 2.32 2.32 2.32 2.32 2.32 2.32 1.74 1.74 1.74 1.74 1.74 1.74 1.74 1.74 1.74 1.74 1.74 1.74 1.74 1.74 1.74 1.74 1.74 1.74 1.74 1.74 1.74 1.74 1.74 1.74 1.74 1.74 1.74 1.74 1.74 1.74 1.74 1.74 1.74 1.74 1.74 1.74 1.74 1.74 1.74 1.74 1.74 1.74 1.74 1.74 1.74 1.74 1.74 1.74 1.74 1.74 1.74 1.74 1.74 1.74 1.74 1.74 1.74 1.74 1.74 1.74 1.98 1.98 1.98 1.98 1.98 1.98 1.98 1.98 1.98 1.98 1.98 1.98 1.98 1.98 1.98 1.98 1.98 1.98 1.98 1.98 1.98 1.98 1.98 1.98 1.98 1.98 1.98 1.98 1.98 
2.58 2.58 2.58 2.58 2.58 2.58 2.58 2.58 2.58 2.58 2.58 2.96 2.96 2.96 2.96 2.96 2.96 2.96 2.96 2.96 2.96 2.96 2.96 2.96 2.96 2.96 2.96 2.96 2.96 2.96 2.96 2.96 2.96 2.96 2.96 2.96 2.96 2.96 2.96 2.96 2.96 2.96 2.96 2.96 2.96 2.96 2.96 2.96 2.96 2.96 2.96 2.96 2.96 2.96 2.96 2.96 2.96 2.96 2.96 2.96 2.96 2.96 2.96 2.96 2.96 2.96 2.96 2.96 2.96 2.96 2.96 3.6 3.6 3.6 3.6 3.6 3.6 3.6 3.6 3.6 3.6 3.6 3.6 3.6 3.6 3.6 3.6 3.6 3.6 3.6 3.6 3.6 3.6 3.6 3.6 3.6 3.6 3.6 3.6 3.6 
2.58 2.58 2.58 2.58 2.58 2.58 2.58 2.58 2.58 2.58 2.58 2.96 2.96 2.96 2.96 2.96 2.96 2.96 2.96 2.96 2.96 2.96 2.96 2.96 2.96 2.96 2.96 2.96 2.96 2.96 2.96 2.96 2.96 2.96 2.96 2.96 2.96 2.96 2.96 2.96 2.96 2.96 2.96 2.96 2.96 2.96 2.96 2.96 2.96 2.96 2.96 2.96 2.96 2.96 2.96 2.96 2.96 2.96 2.96 2.96 2.96 2.96 2.96 2.96 2.96 2.96 2.96 2.96 2.96 2.96 2.96 3.6 3.6 3.6 3.6 3.6 3.6 3.6 3.6 3.6 3.6 3.6 3.6 3.6 3.6 3.6 3.6 3.6 3.6 3.6 3.6 3.6 3.6 3.6 3.6 3.6 3.6 3.6 3.6 3.6 
2.58 2.58 2.58 2.58 2.58 2.58 2.58 2.58 2.58 2.58 2.58 2.96 2.96 2.96 2.96 2.96 2.96 2.96 2.96 2.96 2.96 2.96 2.96 2.96 2.96 2.96 2.96 2.96 2.96 2.96 2.96 2.96 2.96 2.96 2.96 2.96 2.96 2.96 2.96 2.96 2.96 2.96 2.96 2.96 2.96 2.96 2.96 2.96 2.96 2.96 2.96 2.96 2.96 2.96 2.96 2.96 2.96 2.96 2.96 2.96 2.96 2.96 2.96 2.96 2.96 2.96 2.96 2.96 2.96 2.96 2.96 3.6 3.6 3.6 3.6 3.6 3.6 3.6 3.6 3.6 3.6 3.6 3.6 3.6 3.6 3.6 3.6 3.6 3.6 3.6 3.6 3.6 3.6 3.6 3.6 3.6 3.6 3.6 3.6 3.6 
2.58 2.58 2.58 2.58 2.58 2.58 2.58 2.58 2.58 2.58 2.58 2.96 2.96 2.96 2.96 2.96 2.96 2.96 2.96 2.96 2.96 2.96 2.96 2.96 2.96 2.96 2.96 2.96 2.96 2.96 2.96 2.96 2.96 2.96 2.96 2.96 2.96 2.96 2.96 2.96 2.96 2.96 2.96 2.96 2.96 2.96 2.96 2.96 2.96 2.96 2.96 2.96 2.96 2.96 2.96 2.96 2.96 2.96 2.96 2.96 2.96 2.96 2.96 2.96 2.96 2.96 2.96 2.96 2.96 2.96 2.96 3.6 3.6 3.6 3.6 3.6 3.6 3.6 3.6 3.6 3.6 3.6 3.6 3.6 3.6 3.6 3.6 3.6 3.6 3.6 3.6 3.6 3.6 3.6 3.6 3.6 3.6 3.6 3.6 3.6 
2.58 2.58 2.58 2.58 2.58 2.58 2.58 2.58 2.58 2.58 2.58 2.96 2.96 2.96 2.96 2.96 2.96 2.96 2.96 2.96 2.96 2.96 2.96 2.96 2.96 2.96 2.96 2.96 2.96 2.96 2.96 2.96 2.96 2.96 2.96 2.96 2.96 2.96 2.96 2.96 2.96 2.96 2.96 2.96 2.96 2.96 2.96 2.96 2.96 2.96 2.96 2.96 2.96 2.96 2.96 2.96 2.96 2.96 2.96 2.96 2.96 2.96 2.96 2.96 2.96 2.96 2.96 2.96 2.96 2.96 2.96 3.6 3.6 3.6 3.6 3.6 3.6 3.6 3.6 3.6 3.6 3.6 3.6 3.6 3.6 3.6 3.6 3.6 3.6 3.6 3.6 3.6 3.6 3.6 3.6 3.6 3.6 3.6 3.6 3.6 
2.58 2.58 2.58 2.58 2.58 2.58 2.58 2.58 2.58 2.58 2.58 2.96 2.96 2.96 2.96 2.96 2.96 2.96 2.96 2.96 2.96 2.96 2.96 2.96 2.96 2.96 2.96 2.96 2.96 2.96 2.96 2.96 2.96 2.96 2.96 2.96 2.96 2.96 2.96 2.96 2.96 2.96 2.96 2.96 2.96 2.96 2.96 2.96 2.96 2.96 2.96 2.96 2.96 2.96 2.96 2.96 2.96 2.96 2.96 2.96 2.96 2.96 2.96 2.96 2.96 2.96 2.96 2.96 2.96 2.96 2.96 3.6 3.6 3.6 3.6 3.6 3.6 3.6 3.6 3.6 3.6 3.6 3.6 3.6 3.6 3.6 3.6 3.6 3.6 3.6 3.6 3.6 3.6 3.6 3.6 3.6 3.6 3.6 3.6 3.6 
2.58 2.58 2.58 2.58 2.58 2.58 2.58 2.58 2.58 2.58 2.58 2.96 2.96 2.96 2.96 2.96 2.96 2.96 2.96 2.96 2.96 2.96 2.96 2.96 2.96 2.96 2.96 2.96 2.96 2.96 2.96 2.96 2.96 2.96 2.96 2.96 2.96 2.96 2.96 2.96 2.96 2.96 2.96 2.96 2.96 2.96 2.96 2.96 2.96 2.96 2.96 2.96 2.96 2.96 2.96 2.96 2.96 2.96 2.96 2.96 2.96 2.96 2.96 2.96 2.96 2.96 2.96 2.96 2.96 2.96 2.96 3.6 3.6 3.6 3.6 3.6 3.6 3.6 3.6 3.6 3.6 3.6 3.6 3.6 3.6 3.6 3.6 3.6 3.6 3.6 3.6 3.6 3.6 3.6 3.6 3.6 3.6 3.6 3.6 3.6 
2.58 2.58 2.58 2.58 2.58 2.58 2.58 2.58 2.58 2.58 2.58 2.96 2.96 2.96 2.96 2.96 2.96 2.96 2.96 2.96 2.96 2.96 2.96 2.96 2.96 2.96 2.96 2.96 2.96 2.96 2.96 2.96 2.96 2.96 2.96 2.96 2.96 2.96 2.96 2.96 2.96 2.96 2.96 2.96 2.96 2.96 2.96 2.96 2.96 2.96 2.96 2.96 2.96 2.96 2.96 2.96 2.96 2.96 2.96 2.96 2.96 2.96 2.96 2.96 2.96 2.96 2.96 2.96 2.96 2.96 2.96 3.6 3.6 3.6 3.6 3.6 3.6 3.6 3.6 3.6 3.6 3.6 3.6 3.6 3.6 3.6 3.6 3.6 3.6 3.6 3.6 3.6 3.6 3.6 3.6 3.6 3.6 3.6 3.6 3.6 
2.58 2.58 2.58 2.58 2.58 2.58 2.58 2.58 2.58 2.58 2.58 2.96 2.96 2.96 2.96 2.96 2.96 2.96 2.96 2.96 2.96 2.96 2.96 2.96 2.96 2.96 2.96 2.96 2.96 2.96 2.96 2.96 2.96 2.96 2.96 2.96 2.96 2.96 2.96 2.96 2.96 2.96 2.96 2.96 2.96 2.96 2.96 2.96 2.96 2.96 2.96 2.96 2.96 2.96 2.96 2.96 2.96 2.96 2.96 2.96 2.96 2.96 2.96 2.96 2.96 2.96 2.96 2.96 2.96 2.96 2.96 3.6 3.6 3.6 3.6 3.6 3.6 3.6 3.6 3.6 3.6 3.6 3.6 3.6 3.6 3.6 3.6 3.6 3.6 3.6 3.6 3.6 3.6 3.6 3.6 3.6 3.6 3.6 3.6 3.6 
2.58 2.58 2.58 2.58 2.58 2.58 2.58 2.58 2.58 2.58 2.58 2.96 2.96 2.96 2.96 2.96 2.96 2.96 2.96 2.96 2.96 2.96 2.96 2.96 2.96 2.96 2.96 2.96 2.96 2.96 2.96 2.96 2.96 2.96 2.96 2.96 2.96 2.96 2.96 2.96 2.96 2.96 2.96 2.96 2.96 2.96 2.96 2.96 2.96 2.96 2.96 2.96 2.96 2.96 2.96 2.96 2.96 2.96 2.96 2.96 2.96 2.96 2.96 2.96 2.96 2.96 2.96 2.96 2.96 2.96 2.96 3.6 3.6 3.6 3.6 3.6 3.6 3.6 3.6 3.6 3.6 3.6 3.6 3.6 3.6 3.6 3.6 3.6 3.6 3.6 3.6 3.6 3.6 3.6 3.6 3.6 3.6 3.6 3.6 3.6 
2.58 2.58 2.58 2.58 2.58 2.58 2.58 2.58 2.58 2.58 2.58 2.96 2.96 2.96 2.96 2.96 2.96 2.96 2.96 2.96 2.96 2.96 2.96 2.96 2.96 2.96 2.96 2.96 2.96 2.96 2.96 2.96 2.96 2.96 2.96 2.96 2.96 2.96 2.96 2.96 2.96 2.96 2.96 2.96 2.96 2.96 2.96 2.96 2.96 2.96 2.96 2.96 2.96 2.96 2.96 2.96 2.96 2.96 2.96 2.96 2.96 2.96 2.96 2.96 2.96 2.96 2.96 2.96 2.96 2.96 2.96 3.6 3.6 3.6 3.6 3.6 3.6 3.6 3.6 3.6 3.6 3.6 3.6 3.6 3.6 3.6 3.6 3.6 3.6 3.6 3.6 3.6 3.6 3.6 3.6 3.6 3.6 3.6 3.6 3.6 
2.58 2.58 2.58 2.58 2.58 2.58 2.58 2.58 2.58 2.58 2.58 2.96 2.96 2.96 2.96 2.96 2.96 2.96 2.96 2.96 2.96 2.96 2.96 2.96 2.96 2.96 2.96 2.96 2.96 2.96 2.96 2.96 2.96 2.96 2.96 2.96 2.96 2.96 2.96 2.96 2.96 2.96 2.96 2.96 2.96 2.96 2.96 2.96 2.96 2.96 2.96 2.96 2.96 2.96 2.96 2.96 2.96 2.96 2.96 2.96 2.96 2.96 2.96 2.96 2.96 2.96 2.96 2.96 2.96 2.96 2.96 3.6 3.6 3.6 3.6 3.6 3.6 3.6 3.6 3.6 3.6 3.6 3.6 3.6 3.6 3.6 3.6 3.6 3.6 3.6 3.6 3.6 3.6 3.6 3.6 3.6 3.6 3.6 3.6 3.6 
2.58 2.58 2.58 2.58 2.58 2.58 2.58 2.58 2.58 2.58 2.58 2.96 2.96 2.96 2.96 2.96 2.96 2.96 2.96 2.96 2.96 2.96 2.96 2.96 2.96 2.96 2.96 2.96 2.96 2.96 2.96 2.96 2.96 2.96 2.96 2.96 2.96 2.96 2.96 2.96 2.96 2.96 2.96 2.96 2.96 2.96 2.96 2.96 2.96 2.96 2.96 2.96 2.96 2.96 2.96 2.96 2.96 2.96 2.96 2.96 2.96 2.96 2.96 2.96 2.96 2.96 2.96 2.96 2.96 2.96 2.96 3.6 3.6 3.6 3.6 3.6 3.6 3.6 3.6 3.6 3.6 3.6 3.6 3.6 3.6 3.6 3.6 3.6 3.6 3.6 3.6 3.6 3.6 3.6 3.6 3.6 3.6 3.6 3.6 3.6 
2.58 2.58 2.58 2.58 2.58 2.58 2.58 2.58 2.58 2.58 2.58 2.96 2.96 2.96 2.96 2.96 2.96 2.96 2.96 2.96 2.96 2.96 2.96 2.96 2.96 2.96 2.96 2.96 2.96 2.96 2.96 2.96 2.96 2.96 2.96 2.96 2.96 2.96 2.96 2.96 2.96 2.96 2.96 2.96 2.96 2.96 2.96 2.96 2.96 2.96 2.96 2.96 2.96 2.96 2.96 2.96 2.96 2.96 2.96 2.96 2.96 2.96 2.96 2.96 2.96 2.96 2.96 2.96 2.96 2.96 2.96 3.6 3.6 3.6 3.6 3.6 3.6 3.6 3.6 3.6 3.6 3.6 3.6 3.6 3.6 3.6 3.6 3.6 3.6 3.6 3.6 3.6 3.6 3.6 3.6 3.6 3.6 3.6 3.6 3.6 
2.58 2.58 2.58 2.58 2.58 2.58 2.58 2.58 2.58 2.58 2.58 2.96 2.96 2.96 2.96 2.96 2.96 2.96 2.96 2.96 2.96 2.96 2.96 2.96 2.96 2.96 2.96 2.96 2.96 2.96 2.96 2.96 2.96 2.96 2.96 2.96 2.96 2.96 2.96 2.96 2.96 2.96 2.96 2.96 2.96 2.96 2.96 2.96 2.96 2.96 2.96 2.96 2.96 2.96 2.96 2.96 2.96 2.96 2.96 2.96 2.96 2.96 2.96 2.96 2.96 2.96 2.96 2.96 2.96 2.96 2.96 3.6 3.6 3.6 3.6 3.6 3.6 3.6 3.6 3.6 3.6 3.6 3.6 3.6 3.6 3.6 3.6 3.6 3.6 3.6 3.6 3.6 3.6 3.6 3.6 3.6 3.6 3.6 3.6 3.6 
2.58 2.58 2.58 2.58 2.58 2.58 2.58 2.58 2.58 2.58 2.58 2.96 2.96 2.96 2.96 2.96 2.96 2.96 2.96 2.96 2.96 2.96 2.96 2.96 2.96 2.96 2.96 2.96 2.96 2.96 2.96 2.96 2.96 2.96 2.96 2.96 2.96 2.96 2.96 2.96 2.96 2.96 2.96 2.96 2.96 2.96 2.96 2.96 2.96 2.96 2.96 2.96 2.96 2.96 2.96 2.96 2.96 2.96 2.96 2.96 2.96 2.96 2.96 2.96 2.96 2.96 2.96 2.96 2.96 2.96 2.96 3.6 3.6 3.6 3.6 3.6 3.6 3.6 3.6 3.6 3.6 3.6 3.6 3.6 3.6 3.6 3.6 3.6 3.6 3.6 3.6 3.6 3.6 3.6 3.6 3.6 3.6 3.6 3.6 3.6 
2.58 2.58 2.58 2.58 2.58 2.58 2.58 2.58 2.58 2.58 2.58 2.96 2.96 2.96 2.96 2.96 2.96 2.96 2.96 2.96 2.96 2.96 2.96 2.96 2.96 2.96 2.96 2.96 2.96 2.96 2.96 2.96 2.96 2.96 2.96 2.96 2.96 2.96 2.96 2.96 2.96 2.96 2.96 2.96 2.96 2.96 2.96 2.96 2.96 2.96 2.96 2.96 2.96 2.96 2.96 2.96 2.96 2.96 2.96 2.96 2.96 2.96 2.96 2.96 2.96 2.96 2.96 2.96 2.96 2.96 2.96 3.6 3.6 3.6 3.6 3.6 3.6 3.6 3.6 3.6 3.6 3.6 3.6 3.6 3.6 3.6 3.6 3.6 3.6 3.6 3.6 3.6 3.6 3.6 3.6 3.6 3.6 3.6 3.6 3.6 
2.58 2.58 2.58 2.58 2.58 2.58 2.58 2.58 2.58 2.58 2.58 2.96 2.96 2.96 2.96 2.96 2.96 2.96 2.96 2.96 2.96 2.96 2.96 2.96 2.96 2.96 2.96 2.96 2.96 2.96 2.96 2.96 2.96 2.96 2.96 2.96 2.96 2.96 2.96 2.96 2.96 2.96 2.96 2.96 2.96 2.96 2.96 2.96 2.96 2.96 2.96 2.96 2.96 2.96 2.96 2.96 2.96 2.96 2.96 2.96 2.96 2.96 2.96 2.96 2.96 2.96 2.96 2.96 2.96 2.96 2.96 3.6 3.6 3.6 3.6 3.6 3.6 3.6 3.6 3.6 3.6 3.6 3.6 3.6 3.6 3.6 3.6 3.6 3.6 3.6 3.6 3.6 3.6 3.6 3.6 3.6 3.6 3.6 3.6 3.6 
2.58 2.58 2.58 2.58 2.58 2.58 2.58 2.58 2.58 2.58 2.58 2.96 2.96 2.96 2.96 2.96 2.96 2.96 2.96 2.96 2.96 2.96 2.96 2.96 2.96 2.96 2.96 2.96 2.96 2.96 2.96 2.96 2.96 2.96 2.96 2.96 2.96 2.96 2.96 2.96 2.96 2.96 2.96 2.96 2.96 2.96 2.96 2.96 2.96 2.96 2.96 2.96 2.96 2.96 2.96 2.96 2.96 2.96 2.96 2.96 2.96 2.96 2.96 2.96 2.96 2.96 2.96 2.96 2.96 2.96 2.96 3.6 3.6 3.6 3.6 3.6 3.6 3.6 3.6 3.6 3.6 3.6 3.6 3.6 3.6 3.6 3.6 3.6 3.6 3.6 3.6 3.6 3.6 3.6 3.6 3.6 3.6 3.6 3.6 3.6 
2.58 2.58 2.58 2.58 2.58 2.58 2.58 2.58 2.58 2.58 2.58 2.96 2.96 2.96 2.96 2.96 2.96 2.96 2.96 2.96 2.96 2.96 2.96 2.96 2.96 2.96 2.96 2.96 2.96 2.96 2.96 2.96 2.96 2.96 2.96 2.96 2.96 2.96 2.96 2.96 2.96 2.96 2.96 2.96 2.96 2.96 2.96 2.96 2.96 2.96 2.96 2.96 2.96 2.96 2.96 2.96 2.96 2.96 2.96 2.96 2.96 2.96 2.96 2.96 2.96 2.96 2.96 2.96 2.96 2.96 2.96 3.6 3.6 3.6 3.6 3.6 3.6 3.6 3.6 3.6 3.6 3.6 3.6 3.6 3.6 3.6 3.6 3.6 3.6 3.6 3.6 3.6 3.6 3.6 3.6 3.6 3.6 3.6 3.6 3.6 
2.58 2.58 2.58 2.58 2.58 2.58 2.58 2.58 2.58 2.58 2.58 2.96 2.96 2.96 2.96 2.96 2.96 2.96 2.96 2.96 2.96 2.96 2.96 2.96 2.96 2.96 2.96 2.96 2.96 2.96 2.96 2.96 2.96 2.96 2.96 2.96 2.96 2.96 2.96 2.96 2.96 2.96 2.96 2.96 2.96 2.96 2.96 2.96 2.96 2.96 2.96 2.96 2.96 2.96 2.96 2.96 2.96 2.96 2.96 2.96 2.96 2.96 2.96 2.96 2.96 2.96 2.96 2.96 2.96 2.96 2.96 3.6 3.6 3.6 3.6 3.6 3.6 3.6 3.6 3.6 3.6 3.6 3.6 3.6 3.6 3.6 3.6 3.6 3.6 3.6 3.6 3.6 3.6 3.6 3.6 3.6 3.6 3.6 3.6 3.6 
2.58 2.58 2.58 2.58 2.58 2.58 2.58 2.58 2.58 2.58 2.58 2.96 2.96 2.96 2.96 2.96 2.96 2.96 2.96 2.96 2.96 2.96 2.96 2.96 2.96 2.96 2.96 2.96 2.96 2.96 2.96 2.96 2.96 2.96 2.96 2.96 2.96 2.96 2.96 2.96 2.96 2.96 2.96 2.96 2.96 2.96 2.96 2.96 2.96 2.96 2.96 2.96 2.96 2.96 2.96 2.96 2.96 2.96 2.96 2.96 2.96 2.96 2.96 2.96 2.96 2.96 2.96 2.96 2.96 2.96 2.96 3.6 3.6 3.6 3.6 3.6 3.6 3.6 3.6 3.6 3.6 3.6 3.6 3.6 3.6 3.6 3.6 3.6 3.6 3.6 3.6 3.6 3.6 3.6 3.6 3.6 3.6 3.6 3.6 3.6 
2.58 2.58 2.58 2.58 2.58 2.58 2.58 2.58 2.58 2.58 2.58 2.96 2.96 2.96 2.96 2.96 2.96 2.96 2.96 2.96 2.96 2.96 2.96 2.96 2.96 2.96 2.96 2.96 2.96 2.96 2.96 2.96 2.96 2.96 2.96 2.96 2.96 2.96 2.96 2.96 2.96 2.96 2.96 2.96 2.96 2.96 2.96 2.96 2.96 2.96 2.96 2.96 2.96 2.96 2.96 2.96 2.96 2.96 2.96 2.96 2.96 2.96 2.96 2.96 2.96 2.96 2.96 2.96 2.96 2.96 2.96 3.6 3.6 3.6 3.6 3.6 3.6 3.6 3.6 3.6 3.6 3.6 3.6 3.6 3.6 3.6 3.6 3.6 3.6 3.6 3.6 3.6 3.6 3.6 3.6 3.6 3.6 3.6 3.6 3.6 
2.58 2.58 2.58 2.58 2.58 2.58 2.58 2.58 2.58 2.58 2.58 2.96 2.96 2.96 2.96 2.96 2.96 2.96 2.96 2.96 2.96 2.96 2.96 2.96 2.96 2.96 2.96 2.96 2.96 2.96 2.96 2.96 2.96 2.96 2.96 2.96 2.96 2.96 2.96 2.96 2.96 2.96 2.96 2.96 2.96 2.96 2.96 2.96 2.96 2.96 2.96 2.96 2.96 2.96 2.96 2.96 2.96 2.96 2.96 2.96 2.96 2.96 2.96 2.96 2.96 2.96 2.96 2.96 2.96 2.96 2.96 3.6 3.6 3.6 3.6 3.6 3.6 3.6 3.6 3.6 3.6 3.6 3.6 3.6 3.6 3.6 3.6 3.6 3.6 3.6 3.6 3.6 3.6 3.6 3.6 3.6 3.6 3.6 3.6 3.6 
2.58 2.58 2.58 2.58 2.58 2.58 2.58 2.58 2.58 2.58 2.58 2.96 2.96 2.96 2.96 2.96 2.96 2.96 2.96 2.96 2.96 2.96 2.96 2.96 2.96 2.96 2.96 2.96 2.96 2.96 2.96 2.96 2.96 2.96 2.96 2.96 2.96 2.96 2.96 2.96 2.96 2.96 2.96 2.96 2.96 2.96 2.96 2.96 2.96 2.96 2.96 2.96 2.96 2.96 2.96 2.96 2.96 2.96 2.96 2.96 2.96 2.96 2.96 2.96 2.96 2.96 2.96 2.96 2.96 2.96 2.96 3.6 3.6 3.6 3.6 3.6 3.6 3.6 3.6 3.6 3.6 3.6 3.6 3.6 3.6 3.6 3.6 3.6 3.6 3.6 3.6 3.6 3.6 3.6 3.6 3.6 3.6 3.6 3.6 3.6 
2.58 2.58 2.58 2.58 2.58 2.58 2.58 2.58 2.58 2.58 2.58 2.96 2.96 2.96 2.96 2.96 2.96 2.96 2.96 2.96 2.96 2.96 2.96 2.96 2.96 2.96 2.96 2.96 2.96 2.96 2.96 2.96 2.96 2.96 2.96 2.96 2.96 2.96 2.96 2.96 2.96 2.96 2.96 2.96 2.96 2.96 2.96 2.96 2.96 2.96 2.96 2.96 2.96 2.96 2.96 2.96 2.96 2.96 2.96 2.96 2.96 2.96 2.96 2.96 2.96 2.96 2.96 2.96 2.96 2.96 2.96 3.6 3.6 3.6 3.6 3.6 3.6 3.6 3.6 3.6 3.6 3.6 3.6 3.6 3.6 3.6 3.6 3.6 3.6 3.6 3.6 3.6 3.6 3.6 3.6 3.6 3.6 3.6 3.6 3.6 
2.58 2.58 2.58 2.58 2.58 2.58 2.58 2.58 2.58 2.58 2.58 2.96 2.96 2.96 2.96 2.96 2.96 2.96 2.96 2.96 2.96 2.96 2.96 2.96 2.96 2.96 2.96 2.96 2.96 2.96 2.96 2.96 2.96 2.96 2.96 2.96 2.96 2.96 2.96 2.96 2.96 2.96 2.96 2.96 2.96 2.96 2.96 2.96 2.96 2.96 2.96 2.96 2.96 2.96 2.96 2.96 2.96 2.96 2.96 2.96 2.96 2.96 2.96 2.96 2.96 2.96 2.96 2.96 2.96 2.96 2.96 3.6 3.6 3.6 3.6 3.6 3.6 3.6 3.6 3.6 3.6 3.6 3.6 3.6 3.6 3.6 3.6 3.6 3.6 3.6 3.6 3.6 3.6 3.6 3.6 3.6 3.6 3.6 3.6 3.6 
2.58 2.58 2.58 2.58 2.58 2.58 2.58 2.58 2.58 2.58 2.58 2.96 2.96 2.96 2.96 2.96 2.96 2.96 2.96 2.96 2.96 2.96 2.96 2.96 2.96 2.96 2.96 2.96 2.96 2.96 2.96 2.96 2.96 2.96 2.96 2.96 2.96 2.96 2.96 2.96 2.96 2.96 2.96 2.96 2.96 2.96 2.96 2.96 2.96 2.96 2.96 2.96 2.96 2.96 2.96 2.96 2.96 2.96 2.96 2.96 2.96 2.96 2.96 2.96 2.96 2.96 2.96 2.96 2.96 2.96 2.96 3.6 3.6 3.6 3.6 3.6 3.6 3.6 3.6 3.6 3.6 3.6 3.6 3.6 3.6 3.6 3.6 3.6 3.6 3.6 3.6 3.6 3.6 3.6 3.6 3.6 3.6 3.6 3.6 3.6 
2.58 2.58 2.58 2.58 2.58 2.58 2.58 2.58 2.58 2.58 2.58 2.96 2.96 2.96 2.96 2.96 2.96 2.96 2.96 2.96 2.96 2.96 2.96 2.96 2.96 2.96 2.96 2.96 2.96 2.96 2.96 2.96 2.96 2.96 2.96 2.96 2.96 2.96 2.96 2.96 2.96 2.96 2.96 2.96 2.96 2.96 2.96 2.96 2.96 2.96 2.96 2.96 2.96 2.96 2.96 2.96 2.96 2.96 2.96 2.96 2.96 2.96 2.96 2.96 2.96 2.96 2.96 2.96 2.96 2.96 2.96 3.6 3.6 3.6 3.6 3.6 3.6 3.6 3.6 3.6 3.6 3.6 3.6 3.6 3.6 3.6 3.6 3.6 3.6 3.6 3.6 3.6 3.6 3.6 3.6 3.6 3.6 3.6 3.6 3.6 
2.58 2.58 2.58 2.58 2.58 2.58 2.58 2.58 2.58 2.58 2.58 2.96 2.96 2.96 2.96 2.96 2.96 2.96 2.96 2.96 2.96 2.96 2.96 2.96 2.96 2.96 2.96 2.96 2.96 2.96 2.96 2.96 2.96 2.96 2.96 2.96 2.96 2.96 2.96 2.96 2.96 2.96 2.96 2.96 2.96 2.96 2.96 2.96 2.96 2.96 2.96 2.96 2.96 2.96 2.96 2.96 2.96 2.96 2.96 2.96 2.96 2.96 2.96 2.96 2.96 2.96 2.96 2.96 2.96 2.96 2.96 3.6 3.6 3.6 3.6 3.6 3.6 3.6 3.6 3.6 3.6 3.6 3.6 3.6 3.6 3.6 3.6 3.6 3.6 3.6 3.6 3.6 3.6 3.6 3.6 3.6 3.6 3.6 3.6 3.6 
2.58 2.58 2.58 2.58 2.58 2.58 2.58 2.58 2.58 2.58 2.58 2.96 2.96 2.96 2.96 2.96 2.96 2.96 2.96 2.96 2.96 2.96 2.96 2.96 2.96 2.96 2.96 2.96 2.96 2.96 2.96 2.96 2.96 2.96 2.96 2.96 2.96 2.96 2.96 2.96 2.96 2.96 2.96 2.96 2.96 2.96 2.96 2.96 2.96 2.96 2.96 2.96 2.96 2.96 2.96 2.96 2.96 2.96 2.96 2.96 2.96 2.96 2.96 2.96 2.96 2.96 2.96 2.96 2.96 2.96 2.96 3.6 3.6 3.6 3.6 3.6 3.6 3.6 3.6 3.6 3.6 3.6 3.6 3.6 3.6 3.6 3.6 3.6 3.6 3.6 3.6 3.6 3.6 3.6 3.6 3.6 3.6 3.6 3.6 3.6 
2.58 2.58 2.58 2.58 2.58 2.58 2.58 2.58 2.58 2.58 2.58 2.96 2.96 2.96 2.96 2.96 2.96 2.96 2.96 2.96 2.96 2.96 2.96 2.96 2.96 2.96 2.96 2.96 2.96 2.96 2.96 2.96 2.96 2.96 2.96 2.96 2.96 2.96 2.96 2.96 2.96 2.96 2.96 2.96 2.96 2.96 2.96 2.96 2.96 2.96 2.96 2.96 2.96 2.96 2.96 2.96 2.96 2.96 2.96 2.96 2.96 2.96 2.96 2.96 2.96 2.96 2.96 2.96 2.96 2.96 2.96 3.6 3.6 3.6 3.6 3.6 3.6 3.6 3.6 3.6 3.6 3.6 3.6 3.6 3.6 3.6 3.6 3.6 3.6 3.6 3.6 3.6 3.6 3.6 3.6 3.6 3.6 3.6 3.6 3.6 
2.58 2.58 2.58 2.58 2.58 2.58 2.58 2.58 2.58 2.58 2.58 2.96 2.96 2.96 2.96 2.96 2.96 2.96 2.96 2.96 2.96 2.96 2.96 2.96 2.96 2.96 2.96 2.96 2.96 2.96 2.96 2.96 2.96 2.96 2.96 2.96 2.96 2.96 2.96 2.96 2.96 2.96 2.96 2.96 2.96 2.96 2.96 2.96 2.96 2.96 2.96 2.96 2.96 2.96 2.96 2.96 2.96 2.96 2.96 2.96 2.96 2.96 2.96 2.96 2.96 2.96 2.96 2.96 2.96 2.96 2.96 3.6 3.6 3.6 3.6 3.6 3.6 3.6 3.6 3.6 3.6 3.6 3.6 3.6 3.6 3.6 3.6 3.6 3.6 3.6 3.6 3.6 3.6 3.6 3.6 3.6 3.6 3.6 3.6 3.6 
2.58 2.58 2.58 2.58 2.58 2.58 2.58 2.58 2.58 2.58 2.58 2.96 2.96 2.96 2.96 2.96 2.96 2.96 2.96 2.96 2.96 2.96 2.96 2.96 2.96 2.96 2.96 2.96 2.96 2.96 2.96 2.96 2.96 2.96 2.96 2.96 2.96 2.96 2.96 2.96 2.96 2.96 2.96 2.96 2.96 2.96 2.96 2.96 2.96 2.96 2.96 2.96 2.96 2.96 2.96 2.96 2.96 2.96 2.96 2.96 2.96 2.96 2.96 2.96 2.96 2.96 2.96 2.96 2.96 2.96 2.96 3.6 3.6 3.6 3.6 3.6 3.6 3.6 3.6 3.6 3.6 3.6 3.6 3.6 3.6 3.6 3.6 3.6 3.6 3.6 3.6 3.6 3.6 3.6 3.6 3.6 3.6 3.6 3.6 3.6 
2.58 2.58 2.58 2.58 2.58 2.58 2.58 2.58 2.58 2.58 2.58 2.96 2.96 2.96 2.96 2.96 2.96 2.96 2.96 2.96 2.96 2.96 2.96 2.96 2.96 2.96 2.96 2.96 2.96 2.96 2.96 2.96 2.96 2.96 2.96 2.96 2.96 2.96 2.96 2.96 2.96 2.96 2.96 2.96 2.96 2.96 2.96 2.96 2.96 2.96 2.96 2.96 2.96 2.96 2.96 2.96 2.96 2.96 2.96 2.96 2.96 2.96 2.96 2.96 2.96 2.96 2.96 2.96 2.96 2.96 2.96 3.6 3.6 3.6 3.6 3.6 3.6 3.6 3.6 3.6 3.6 3.6 3.6 3.6 3.6 3.6 3.6 3.6 3.6 3.6 3.6 3.6 3.6 3.6 3.6 3.6 3.6 3.6 3.6 3.6 
2.58 2.58 2.58 2.58 2.58 2.58 2.58 2.58 2.58 2.58 2.58 2.96 2.96 2.96 2.96 2.96 2.96 2.96 2.96 2.96 2.96 2.96 2.96 2.96 2.96 2.96 2.96 2.96 2.96 2.96 2.96 2.96 2.96 2.96 2.96 2.96 2.96 2.96 2.96 2.96 2.96 2.96 2.96 2.96 2.96 2.96 2.96 2.96 2.96 2.96 2.96 2.96 2.96 2.96 2.96 2.96 2.96 2.96 2.96 2.96 2.96 2.96 2.96 2.96 2.96 2.96 2.96 2.96 2.96 2.96 2.96 3.6 3.6 3.6 3.6 3.6 3.6 3.6 3.6 3.6 3.6 3.6 3.6 3.6 3.6 3.6 3.6 3.6 3.6 3.6 3.6 3.6 3.6 3.6 3.6 3.6 3.6 3.6 3.6 3.6 
2.58 2.58 2.58 2.58 2.58 2.58 2.58 2.58 2.58 2.58 2.58 2.96 2.96 2.96 2.96 2.96 2.96 2.96 2.96 2.96 2.96 2.96 2.96 2.96 2.96 2.96 2.96 2.96 2.96 2.96 2.96 2.96 2.96 2.96 2.96 2.96 2.96 2.96 2.96 2.96 2.96 2.96 2.96 2.96 2.96 2.96 2.96 2.96 2.96 2.96 2.96 2.96 2.96 2.96 2.96 2.96 2.96 2.96 2.96 2.96 2.96 2.96 2.96 2.96 2.96 2.96 2.96 2.96 2.96 2.96 2.96 3.6 3.6 3.6 3.6 3.6 3.6 3.6 3.6 3.6 3.6 3.6 3.6 3.6 3.6 3.6 3.6 3.6 3.6 3.6 3.6 3.6 3.6 3.6 3.6 3.6 3.6 3.6 3.6 3.6 
2.58 2.58 2.58 2.58 2.58 2.58 2.58 2.58 2.58 2.58 2.58 2.96 2.96 2.96 2.96 2.96 2.96 2.96 2.96 2.96 2.96 2.96 2.96 2.96 2.96 2.96 2.96 2.96 2.96 2.96 2.96 2.96 2.96 2.96 2.96 2.96 2.96 2.96 2.96 2.96 2.96 2.96 2.96 2.96 2.96 2.96 2.96 2.96 2.96 2.96 2.96 2.96 2.96 2.96 2.96 2.96 2.96 2.96 2.96 2.96 2.96 2.96 2.96 2.96 2.96 2.96 2.96 2.96 2.96 2.96 2.96 3.6 3.6 3.6 3.6 3.6 3.6 3.6 3.6 3.6 3.6 3.6 3.6 3.6 3.6 3.6 3.6 3.6 3.6 3.6 3.6 3.6 3.6 3.6 3.6 3.6 3.6 3.6 3.6 3.6 
2.58 2.58 2.58 2.58 2.58 2.58 2.58 2.58 2.58 2.58 2.58 2.96 2.96 2.96 2.96 2.96 2.96 2.96 2.96 2.96 2.96 2.96 2.96 2.96 2.96 2.96 2.96 2.96 2.96 2.96 2.96 2.96 2.96 2.96 2.96 2.96 2.96 2.96 2.96 2.96 2.96 2.96 2.96 2.96 2.96 2.96 2.96 2.96 2.96 2.96 2.96 2.96 2.96 2.96 2.96 2.96 2.96 2.96 2.96 2.96 2.96 2.96 2.96 2.96 2.96 2.96 2.96 2.96 2.96 2.96 2.96 3.6 3.6 3.6 3.6 3.6 3.6 3.6 3.6 3.6 3.6 3.6 3.6 3.6 3.6 3.6 3.6 3.6 3.6 3.6 3.6 3.6 3.6 3.6 3.6 3.6 3.6 3.6 3.6 3.6 
2.58 2.58 2.58 2.58 2.58 2.58 2.58 2.58 2.58 2.58 2.58 2.96 2.96 2.96 2.96 2.96 2.96 2.96 2.96 2.96 2.96 2.96 2.96 2.96 2.96 2.96 2.96 2.96 2.96 2.96 2.96 2.96 2.96 2.96 2.96 2.96 2.96 2.96 2.96 2.96 2.96 2.96 2.96 2.96 2.96 2.96 2.96 2.96 2.96 2.96 2.96 2.96 2.96 2.96 2.96 2.96 2.96 2.96 2.96 2.96 2.96 2.96 2.96 2.96 2.96 2.96 2.96 2.96 2.96 2.96 2.96 3.6 3.6 3.6 3.6 3.6 3.6 3.6 3.6 3.6 3.6 3.6 3.6 3.6 3.6 3.6 3.6 3.6 3.6 3.6 3.6 3.6 3.6 3.6 3.6 3.6 3.6 3.6 3.6 3.6 
2.58 2.58 2.58 2.58 2.58 2.58 2.58 2.58 2.58 2.58 2.58 2.96 2.96 2.96 2.96 2.96 2.96 2.96 2.96 2.96 2.96 2.96 2.96 2.96 2.96 2.96 2.96 2.96 2.96 2.96 2.96 2.96 2.96 2.96 2.96 2.96 2.96 2.96 2.96 2.96 2.96 2.96 2.96 2.96 2.96 2.96 2.96 2.96 2.96 2.96 2.96 2.96 2.96 2.96 2.96 2.96 2.96 2.96 2.96 2.96 2.96 2.96 2.96 2.96 2.96 2.96 2.96 2.96 2.96 2.96 2.96 3.6 3.6 3.6 3.6 3.6 3.6 3.6 3.6 3.6 3.6 3.6 3.6 3.6 3.6 3.6 3.6 3.6 3.6 3.6 3.6 3.6 3.6 3.6 3.6 3.6 3.6 3.6 3.6 3.6 
2.58 2.58 2.58 2.58 2.58 2.58 2.58 2.58 2.58 2.58 2.58 2.96 2.96 2.96 2.96 2.96 2.96 2.96 2.96 2.96 2.96 2.96 2.96 2.96 2.96 2.96 2.96 2.96 2.96 2.96 2.96 2.96 2.96 2.96 2.96 2.96 2.96 2.96 2.96 2.96 2.96 2.96 2.96 2.96 2.96 2.96 2.96 2.96 2.96 2.96 2.96 2.96 2.96 2.96 2.96 2.96 2.96 2.96 2.96 2.96 2.96 2.96 2.96 2.96 2.96 2.96 2.96 2.96 2.96 2.96 2.96 3.6 3.6 3.6 3.6 3.6 3.6 3.6 3.6 3.6 3.6 3.6 3.6 3.6 3.6 3.6 3.6 3.6 3.6 3.6 3.6 3.6 3.6 3.6 3.6 3.6 3.6 3.6 3.6 3.6 
2.58 2.58 2.58 2.58 2.58 2.58 2.58 2.58 2.58 2.58 2.58 2.96 2.96 2.96 2.96 2.96 2.96 2.96 2.96 2.96 2.96 2.96 2.96 2.96 2.96 2.96 2.96 2.96 2.96 2.96 2.96 2.96 2.96 2.96 2.96 2.96 2.96 2.96 2.96 2.96 2.96 2.96 2.96 2.96 2.96 2.96 2.96 2.96 2.96 2.96 2.96 2.96 2.96 2.96 2.96 2.96 2.96 2.96 2.96 2.96 2.96 2.96 2.96 2.96 2.96 2.96 2.96 2.96 2.96 2.96 2.96 3.6 3.6 3.6 3.6 3.6 3.6 3.6 3.6 3.6 3.6 3.6 3.6 3.6 3.6 3.6 3.6 3.6 3.6 3.6 3.6 3.6 3.6 3.6 3.6 3.6 3.6 3.6 3.6 3.6 
2.58 2.58 2.58 2.58 2.58 2.58 2.58 2.58 2.58 2.58 2.58 2.96 2.96 2.96 2.96 2.96 2.96 2.96 2.96 2.96 2.96 2.96 2.96 2.96 2.96 2.96 2.96 2.96 2.96 2.96 2.96 2.96 2.96 2.96 2.96 2.96 2.96 2.96 2.96 2.96 2.96 2.96 2.96 2.96 2.96 2.96 2.96 2.96 2.96 2.96 2.96 2.96 2.96 2.96 2.96 2.96 2.96 2.96 2.96 2.96 2.96 2.96 2.96 2.96 2.96 2.96 2.96 2.96 2.96 2.96 2.96 3.6 3.6 3.6 3.6 3.6 3.6 3.6 3.6 3.6 3.6 3.6 3.6 3.6 3.6 3.6 3.6 3.6 3.6 3.6 3.6 3.6 3.6 3.6 3.6 3.6 3.6 3.6 3.6 3.6 
2.58 2.58 2.58 2.58 2.58 2.58 2.58 2.58 2.58 2.58 2.58 2.96 2.96 2.96 2.96 2.96 2.96 2.96 2.96 2.96 2.96 2.96 2.96 2.96 2.96 2.96 2.96 2.96 2.96 2.96 2.96 2.96 2.96 2.96 2.96 2.96 2.96 2.96 2.96 2.96 2.96 2.96 2.96 2.96 2.96 2.96 2.96 2.96 2.96 2.96 2.96 2.96 2.96 2.96 2.96 2.96 2.96 2.96 2.96 2.96 2.96 2.96 2.96 2.96 2.96 2.96 2.96 2.96 2.96 2.96 2.96 3.6 3.6 3.6 3.6 3.6 3.6 3.6 3.6 3.6 3.6 3.6 3.6 3.6 3.6 3.6 3.6 3.6 3.6 3.6 3.6 3.6 3.6 3.6 3.6 3.6 3.6 3.6 3.6 3.6 
2.58 2.58 2.58 2.58 2.58 2.58 2.58 2.58 2.58 2.58 2.58 2.96 2.96 2.96 2.96 2.96 2.96 2.96 2.96 2.96 2.96 2.96 2.96 2.96 2.96 2.96 2.96 2.96 2.96 2.96 2.96 2.96 2.96 2.96 2.96 2.96 2.96 2.96 2.96 2.96 2.96 2.96 2.96 2.96 2.96 2.96 2.96 2.96 2.96 2.96 2.96 2.96 2.96 2.96 2.96 2.96 2.96 2.96 2.96 2.96 2.96 2.96 2.96 2.96 2.96 2.96 2.96 2.96 2.96 2.96 2.96 3.6 3.6 3.6 3.6 3.6 3.6 3.6 3.6 3.6 3.6 3.6 3.6 3.6 3.6 3.6 3.6 3.6 3.6 3.6 3.6 3.6 3.6 3.6 3.6 3.6 3.6 3.6 3.6 3.6 
2.58 2.58 2.58 2.58 2.58 2.58 2.58 2.58 2.58 2.58 2.58 2.96 2.96 2.96 2.96 2.96 2.96 2.96 2.96 2.96 2.96 2.96 2.96 2.96 2.96 2.96 2.96 2.96 2.96 2.96 2.96 2.96 2.96 2.96 2.96 2.96 2.96 2.96 2.96 2.96 2.96 2.96 2.96 2.96 2.96 2.96 2.96 2.96 2.96 2.96 2.96 2.96 2.96 2.96 2.96 2.96 2.96 2.96 2.96 2.96 2.96 2.96 2.96 2.96 2.96 2.96 2.96 2.96 2.96 2.96 2.96 3.6 3.6 3.6 3.6 3.6 3.6 3.6 3.6 3.6 3.6 3.6 3.6 3.6 3.6 3.6 3.6 3.6 3.6 3.6 3.6 3.6 3.6 3.6 3.6 3.6 3.6 3.6 3.6 3.6 
2.58 2.58 2.58 2.58 2.58 2.58 2.58 2.58 2.58 2.58 2.58 2.96 2.96 2.96 2.96 2.96 2.96 2.96 2.96 2.96 2.96 2.96 2.96 2.96 2.96 2.96 2.96 2.96 2.96 2.96 2.96 2.96 2.96 2.96 2.96 2.96 2.96 2.96 2.96 2.96 2.96 2.96 2.96 2.96 2.96 2.96 2.96 2.96 2.96 2.96 2.96 2.96 2.96 2.96 2.96 2.96 2.96 2.96 2.96 2.96 2.96 2.96 2.96 2.96 2.96 2.96 2.96 2.96 2.96 2.96 2.96 3.6 3.6 3.6 3.6 3.6 3.6 3.6 3.6 3.6 3.6 3.6 3.6 3.6 3.6 3.6 3.6 3.6 3.6 3.6 3.6 3.6 3.6 3.6 3.6 3.6 3.6 3.6 3.6 3.6 
2.58 2.58 2.58 2.58 2.58 2.58 2.58 2.58 2.58 2.58 2.58 2.96 2.96 2.96 2.96 2.96 2.96 2.96 2.96 2.96 2.96 2.96 2.96 2.96 2.96 2.96 2.96 2.96 2.96 2.96 2.96 2.96 2.96 2.96 2.96 2.96 2.96 2.96 2.96 2.96 2.96 2.96 2.96 2.96 2.96 2.96 2.96 2.96 2.96 2.96 2.96 2.96 2.96 2.96 2.96 2.96 2.96 2.96 2.96 2.96 2.96 2.96 2.96 2.96 2.96 2.96 2.96 2.96 2.96 2.96 2.96 3.6 3.6 3.6 3.6 3.6 3.6 3.6 3.6 3.6 3.6 3.6 3.6 3.6 3.6 3.6 3.6 3.6 3.6 3.6 3.6 3.6 3.6 3.6 3.6 3.6 3.6 3.6 3.6 3.6 
2.58 2.58 2.58 2.58 2.58 2.58 2.58 2.58 2.58 2.58 2.58 2.96 2.96 2.96 2.96 2.96 2.96 2.96 2.96 2.96 2.96 2.96 2.96 2.96 2.96 2.96 2.96 2.96 2.96 2.96 2.96 2.96 2.96 2.96 2.96 2.96 2.96 2.96 2.96 2.96 2.96 2.96 2.96 2.96 2.96 2.96 2.96 2.96 2.96 2.96 2.96 2.96 2.96 2.96 2.96 2.96 2.96 2.96 2.96 2.96 2.96 2.96 2.96 2.96 2.96 2.96 2.96 2.96 2.96 2.96 2.96 3.6 3.6 3.6 3.6 3.6 3.6 3.6 3.6 3.6 3.6 3.6 3.6 3.6 3.6 3.6 3.6 3.6 3.6 3.6 3.6 3.6 3.6 3.6 3.6 3.6 3.6 3.6 3.6 3.6 
2.58 2.58 2.58 2.58 2.58 2.58 2.58 2.58 2.58 2.58 2.58 2.96 2.96 2.96 2.96 2.96 2.96 2.96 2.96 2.96 2.96 2.96 2.96 2.96 2.96 2.96 2.96 2.96 2.96 2.96 2.96 2.96 2.96 2.96 2.96 2.96 2.96 2.96 2.96 2.96 2.96 2.96 2.96 2.96 2.96 2.96 2.96 2.96 2.96 2.96 2.96 2.96 2.96 2.96 2.96 2.96 2.96 2.96 2.96 2.96 2.96 2.96 2.96 2.96 2.96 2.96 2.96 2.96 2.96 2.96 2.96 3.6 3.6 3.6 3.6 3.6 3.6 3.6 3.6 3.6 3.6 3.6 3.6 3.6 3.6 3.6 3.6 3.6 3.6 3.6 3.6 3.6 3.6 3.6 3.6 3.6 3.6 3.6 3.6 3.6 
2.58 2.58 2.58 2.58 2.58 2.58 2.58 2.58 2.58 2.58 2.58 2.96 2.96 2.96 2.96 2.96 2.96 2.96 2.96 2.96 2.96 2.96 2.96 2.96 2.96 2.96 2.96 2.96 2.96 2.96 2.96 2.96 2.96 2.96 2.96 2.96 2.96 2.96 2.96 2.96 2.96 2.96 2.96 2.96 2.96 2.96 2.96 2.96 2.96 2.96 2.96 2.96 2.96 2.96 2.96 2.96 2.96 2.96 2.96 2.96 2.96 2.96 2.96 2.96 2.96 2.96 2.96 2.96 2.96 2.96 2.96 3.6 3.6 3.6 3.6 3.6 3.6 3.6 3.6 3.6 3.6 3.6 3.6 3.6 3.6 3.6 3.6 3.6 3.6 3.6 3.6 3.6 3.6 3.6 3.6 3.6 3.6 3.6 3.6 3.6 
2.58 2.58 2.58 2.58 2.58 2.58 2.58 2.58 2.58 2.58 2.58 2.96 2.96 2.96 2.96 2.96 2.96 2.96 2.96 2.96 2.96 2.96 2.96 2.96 2.96 2.96 2.96 2.96 2.96 2.96 2.96 2.96 2.96 2.96 2.96 2.96 2.96 2.96 2.96 2.96 2.96 2.96 2.96 2.96 2.96 2.96 2.96 2.96 2.96 2.96 2.96 2.96 2.96 2.96 2.96 2.96 2.96 2.96 2.96 2.96 2.96 2.96 2.96 2.96 2.96 2.96 2.96 2.96 2.96 2.96 2.96 3.6 3.6 3.6 3.6 3.6 3.6 3.6 3.6 3.6 3.6 3.6 3.6 3.6 3.6 3.6 3.6 3.6 3.6 3.6 3.6 3.6 3.6 3.6 3.6 3.6 3.6 3.6 3.6 3.6 
2.58 2.58 2.58 2.58 2.58 2.58 2.58 2.58 2.58 2.58 2.58 2.96 2.96 2.96 2.96 2.96 2.96 2.96 2.96 2.96 2.96 2.96 2.96 2.96 2.96 2.96 2.96 2.96 2.96 2.96 2.96 2.96 2.96 2.96 2.96 2.96 2.96 2.96 2.96 2.96 2.96 2.96 2.96 2.96 2.96 2.96 2.96 2.96 2.96 2.96 2.96 2.96 2.96 2.96 2.96 2.96 2.96 2.96 2.96 2.96 2.96 2.96 2.96 2.96 2.96 2.96 2.96 2.96 2.96 2.96 2.96 3.6 3.6 3.6 3.6 3.6 3.6 3.6 3.6 3.6 3.6 3.6 3.6 3.6 3.6 3.6 3.6 3.6 3.6 3.6 3.6 3.6 3.6 3.6 3.6 3.6 3.6 3.6 3.6 3.6 
2.58 2.58 2.58 2.58 2.58 2.58 2.58 2.58 2.58 2.58 2.58 2.96 2.96 2.96 2.96 2.96 2.96 2.96 2.96 2.96 2.96 2.96 2.96 2.96 2.96 2.96 2.96 2.96 2.96 2.96 2.96 2.96 2.96 2.96 2.96 2.96 2.96 2.96 2.96 2.96 2.96 2.96 2.96 2.96 2.96 2.96 2.96 2.96 2.96 2.96 2.96 2.96 2.96 2.96 2.96 2.96 2.96 2.96 2.96 2.96 2.96 2.96 2.96 2.96 2.96 2.96 2.96 2.96 2.96 2.96 2.96 3.6 3.6 3.6 3.6 3.6 3.6 3.6 3.6 3.6 3.6 3.6 3.6 3.6 3.6 3.6 3.6 3.6 3.6 3.6 3.6 3.6 3.6 3.6 3.6 3.6 3.6 3.6 3.6 3.6 
2.58 2.58 2.58 2.58 2.58 2.58 2.58 2.58 2.58 2.58 2.58 2.96 2.96 2.96 2.96 2.96 2.96 2.96 2.96 2.96 2.96 2.96 2.96 2.96 2.96 2.96 2.96 2.96 2.96 2.96 2.96 2.96 2.96 2.96 2.96 2.96 2.96 2.96 2.96 2.96 2.96 2.96 2.96 2.96 2.96 2.96 2.96 2.96 2.96 2.96 2.96 2.96 2.96 2.96 2.96 2.96 2.96 2.96 2.96 2.96 2.96 2.96 2.96 2.96 2.96 2.96 2.96 2.96 2.96 2.96 2.96 3.6 3.6 3.6 3.6 3.6 3.6 3.6 3.6 3.6 3.6 3.6 3.6 3.6 3.6 3.6 3.6 3.6 3.6 3.6 3.6 3.6 3.6 3.6 3.6 3.6 3.6 3.6 3.6 3.6 
2.58 2.58 2.58 2.58 2.58 2.58 2.58 2.58 2.58 2.58 2.58 2.96 2.96 2.96 2.96 2.96 2.96 2.96 2.96 2.96 2.96 2.96 2.96 2.96 2.96 2.96 2.96 2.96 2.96 2.96 2.96 2.96 2.96 2.96 2.96 2.96 2.96 2.96 2.96 2.96 2.96 2.96 2.96 2.96 2.96 2.96 2.96 2.96 2.96 2.96 2.96 2.96 2.96 2.96 2.96 2.96 2.96 2.96 2.96 2.96 2.96 2.96 2.96 2.96 2.96 2.96 2.96 2.96 2.96 2.96 2.96 3.6 3.6 3.6 3.6 3.6 3.6 3.6 3.6 3.6 3.6 3.6 3.6 3.6 3.6 3.6 3.6 3.6 3.6 3.6 3.6 3.6 3.6 3.6 3.6 3.6 3.6 3.6 3.6 3.6 
2.58 2.58 2.58 2.58 2.58 2.58 2.58 2.58 2.58 2.58 2.58 2.96 2.96 2.96 2.96 2.96 2.96 2.96 2.96 2.96 2.96 2.96 2.96 2.96 2.96 2.96 2.96 2.96 2.96 2.96 2.96 2.96 2.96 2.96 2.96 2.96 2.96 2.96 2.96 2.96 2.96 2.96 2.96 2.96 2.96 2.96 2.96 2.96 2.96 2.96 2.96 2.96 2.96 2.96 2.96 2.96 2.96 2.96 2.96 2.96 2.96 2.96 2.96 2.96 2.96 2.96 2.96 2.96 2.96 2.96 2.96 3.6 3.6 3.6 3.6 3.6 3.6 3.6 3.6 3.6 3.6 3.6 3.6 3.6 3.6 3.6 3.6 3.6 3.6 3.6 3.6 3.6 3.6 3.6 3.6 3.6 3.6 3.6 3.6 3.6 
2.58 2.58 2.58 2.58 2.58 2.58 2.58 2.58 2.58 2.58 2.58 2.96 2.96 2.96 2.96 2.96 2.96 2.96 2.96 2.96 2.96 2.96 2.96 2.96 2.96 2.96 2.96 2.96 2.96 2.96 2.96 2.96 2.96 2.96 2.96 2.96 2.96 2.96 2.96 2.96 2.96 2.96 2.96 2.96 2.96 2.96 2.96 2.96 2.96 2.96 2.96 2.96 2.96 2.96 2.96 2.96 2.96 2.96 2.96 2.96 2.96 2.96 2.96 2.96 2.96 2.96 2.96 2.96 2.96 2.96 2.96 3.6 3.6 3.6 3.6 3.6 3.6 3.6 3.6 3.6 3.6 3.6 3.6 3.6 3.6 3.6 3.6 3.6 3.6 3.6 3.6 3.6 3.6 3.6 3.6 3.6 3.6 3.6 3.6 3.6 
2.58 2.58 2.58 2.58 2.58 2.58 2.58 2.58 2.58 2.58 2.58 2.96 2.96 2.96 2.96 2.96 2.96 2.96 2.96 2.96 2.96 2.96 2.96 2.96 2.96 2.96 2.96 2.96 2.96 2.96 2.96 2.96 2.96 2.96 2.96 2.96 2.96 2.96 2.96 2.96 2.96 2.96 2.96 2.96 2.96 2.96 2.96 2.96 2.96 2.96 2.96 2.96 2.96 2.96 2.96 2.96 2.96 2.96 2.96 2.96 2.96 2.96 2.96 2.96 2.96 2.96 2.96 2.96 2.96 2.96 2.96 3.6 3.6 3.6 3.6 3.6 3.6 3.6 3.6 3.6 3.6 3.6 3.6 3.6 3.6 3.6 3.6 3.6 3.6 3.6 3.6 3.6 3.6 3.6 3.6 3.6 3.6 3.6 3.6 3.6 
5.9 5.9 5.9 5.9 5.9 5.9 5.9 5.9 5.9 5.9 5.9 6.18 6.18 6.18 6.18 6.18 6.18 6.18 6.18 6.18 6.18 6.18 6.18 6.18 6.18 6.18 6.18 6.18 6.18 6.18 6.18 6.18 6.18 6.18 6.18 6.18 6.18 6.18 6.18 6.18 6.18 6.18 6.18 6.18 6.18 6.18 6.18 6.18 6.18 6.18 6.18 6.18 6.18 6.18 6.18 6.18 6.18 6.18 6.18 6.18 6.18 6.18 6.18 6.18 6.18 6.18 6.18 6.18 6.18 6.18 6.18 6.24 6.24 6.24 6.24 6.24 6.24 6.24 6.24 6.24 6.24 6.24 6.24 6.24 6.24 6.24 6.24 6.24 6.24 6.24 6.24 6.24 6.24 6.24 6.24 6.24 6.24 6.24 6.24 6.24 
5.9 5.9 5.9 5.9 5.9 5.9 5.9 5.9 5.9 5.9 5.9 6.18 6.18 6.18 6.18 6.18 6.18 6.18 6.18 6.18 6.18 6.18 6.18 6.18 6.18 6.18 6.18 6.18 6.18 6.18 6.18 6.18 6.18 6.18 6.18 6.18 6.18 6.18 6.18 6.18 6.18 6.18 6.18 6.18 6.18 6.18 6.18 6.18 6.18 6.18 6.18 6.18 6.18 6.18 6.18 6.18 6.18 6.18 6.18 6.18 6.18 6.18 6.18 6.18 6.18 6.18 6.18 6.18 6.18 6.18 6.18 6.24 6.24 6.24 6.24 6.24 6.24 6.24 6.24 6.24 6.24 6.24 6.24 6.24 6.24 6.24 6.24 6.24 6.24 6.24 6.24 6.24 6.24 6.24 6.24 6.24 6.24 6.24 6.24 6.24 
5.9 5.9 5.9 5.9 5.9 5.9 5.9 5.9 5.9 5.9 5.9 6.18 6.18 6.18 6.18 6.18 6.18 6.18 6.18 6.18 6.18 6.18 6.18 6.18 6.18 6.18 6.18 6.18 6.18 6.18 6.18 6.18 6.18 6.18 6.18 6.18 6.18 6.18 6.18 6.18 6.18 6.18 6.18 6.18 6.18 6.18 6.18 6.18 6.18 6.18 6.18 6.18 6.18 6.18 6.18 6.18 6.18 6.18 6.18 6.18 6.18 6.18 6.18 6.18 6.18 6.18 6.18 6.18 6.18 6.18 6.18 6.24 6.24 6.24 6.24 6.24 6.24 6.24 6.24 6.24 6.24 6.24 6.24 6.24 6.24 6.24 6.24 6.24 6.24 6.24 6.24 6.24 6.24 6.24 6.24 6.24 6.24 6.24 6.24 6.24 
5.9 5.9 5.9 5.9 5.9 5.9 5.9 5.9 5.9 5.9 5.9 6.18 6.18 6.18 6.18 6.18 6.18 6.18 6.18 6.18 6.18 6.18 6.18 6.18 6.18 6.18 6.18 6.18 6.18 6.18 6.18 6.18 6.18 6.18 6.18 6.18 6.18 6.18 6.18 6.18 6.18 6.18 6.18 6.18 6.18 6.18 6.18 6.18 6.18 6.18 6.18 6.18 6.18 6.18 6.18 6.18 6.18 6.18 6.18 6.18 6.18 6.18 6.18 6.18 6.18 6.18 6.18 6.18 6.18 6.18 6.18 6.24 6.24 6.24 6.24 6.24 6.24 6.24 6.24 6.24 6.24 6.24 6.24 6.24 6.24 6.24 6.24 6.24 6.24 6.24 6.24 6.24 6.24 6.24 6.24 6.24 6.24 6.24 6.24 6.24 
5.9 5.9 5.9 5.9 5.9 5.9 5.9 5.9 5.9 5.9 5.9 6.18 6.18 6.18 6.18 6.18 6.18 6.18 6.18 6.18 6.18 6.18 6.18 6.18 6.18 6.18 6.18 6.18 6.18 6.18 6.18 6.18 6.18 6.18 6.18 6.18 6.18 6.18 6.18 6.18 6.18 6.18 6.18 6.18 6.18 6.18 6.18 6.18 6.18 6.18 6.18 6.18 6.18 6.18 6.18 6.18 6.18 6.18 6.18 6.18 6.18 6.18 6.18 6.18 6.18 6.18 6.18 6.18 6.18 6.18 6.18 6.24 6.24 6.24 6.24 6.24 6.24 6.24 6.24 6.24 6.24 6.24 6.24 6.24 6.24 6.24 6.24 6.24 6.24 6.24 6.24 6.24 6.24 6.24 6.24 6.24 6.24 6.24 6.24 6.24 
5.9 5.9 5.9 5.9 5.9 5.9 5.9 5.9 5.9 5.9 5.9 6.18 6.18 6.18 6.18 6.18 6.18 6.18 6.18 6.18 6.18 6.18 6.18 6.18 6.18 6.18 6.18 6.18 6.18 6.18 6.18 6.18 6.18 6.18 6.18 6.18 6.18 6.18 6.18 6.18 6.18 6.18 6.18 6.18 6.18 6.18 6.18 6.18 6.18 6.18 6.18 6.18 6.18 6.18 6.18 6.18 6.18 6.18 6.18 6.18 6.18 6.18 6.18 6.18 6.18 6.18 6.18 6.18 6.18 6.18 6.18 6.24 6.24 6.24 6.24 6.24 6.24 6.24 6.24 6.24 6.24 6.24 6.24 6.24 6.24 6.24 6.24 6.24 6.24 6.24 6.24 6.24 6.24 6.24 6.24 6.24 6.24 6.24 6.24 6.24 
5.9 5.9 5.9 5.9 5.9 5.9 5.9 5.9 5.9 5.9 5.9 6.18 6.18 6.18 6.18 6.18 6.18 6.18 6.18 6.18 6.18 6.18 6.18 6.18 6.18 6.18 6.18 6.18 6.18 6.18 6.18 6.18 6.18 6.18 6.18 6.18 6.18 6.18 6.18 6.18 6.18 6.18 6.18 6.18 6.18 6.18 6.18 6.18 6.18 6.18 6.18 6.18 6.18 6.18 6.18 6.18 6.18 6.18 6.18 6.18 6.18 6.18 6.18 6.18 6.18 6.18 6.18 6.18 6.18 6.18 6.18 6.24 6.24 6.24 6.24 6.24 6.24 6.24 6.24 6.24 6.24 6.24 6.24 6.24 6.24 6.24 6.24 6.24 6.24 6.24 6.24 6.24 6.24 6.24 6.24 6.24 6.24 6.24 6.24 6.24 
5.9 5.9 5.9 5.9 5.9 5.9 5.9 5.9 5.9 5.9 5.9 6.18 6.18 6.18 6.18 6.18 6.18 6.18 6.18 6.18 6.18 6.18 6.18 6.18 6.18 6.18 6.18 6.18 6.18 6.18 6.18 6.18 6.18 6.18 6.18 6.18 6.18 6.18 6.18 6.18 6.18 6.18 6.18 6.18 6.18 6.18 6.18 6.18 6.18 6.18 6.18 6.18 6.18 6.18 6.18 6.18 6.18 6.18 6.18 6.18 6.18 6.18 6.18 6.18 6.18 6.18 6.18 6.18 6.18 6.18 6.18 6.24 6.24 6.24 6.24 6.24 6.24 6.24 6.24 6.24 6.24 6.24 6.24 6.24 6.24 6.24 6.24 6.24 6.24 6.24 6.24 6.24 6.24 6.24 6.24 6.24 6.24 6.24 6.24 6.24 
5.9 5.9 5.9 5.9 5.9 5.9 5.9 5.9 5.9 5.9 5.9 6.18 6.18 6.18 6.18 6.18 6.18 6.18 6.18 6.18 6.18 6.18 6.18 6.18 6.18 6.18 6.18 6.18 6.18 6.18 6.18 6.18 6.18 6.18 6.18 6.18 6.18 6.18 6.18 6.18 6.18 6.18 6.18 6.18 6.18 6.18 6.18 6.18 6.18 6.18 6.18 6.18 6.18 6.18 6.18 6.18 6.18 6.18 6.18 6.18 6.18 6.18 6.18 6.18 6.18 6.18 6.18 6.18 6.18 6.18 6.18 6.24 6.24 6.24 6.24 6.24 6.24 6.24 6.24 6.24 6.24 6.24 6.24 6.24 6.24 6.24 6.24 6.24 6.24 6.24 6.24 6.24 6.24 6.24 6.24 6.24 6.24 6.24 6.24 6.24 
5.9 5.9 5.9 5.9 5.9 5.9 5.9 5.9 5.9 5.9 5.9 6.18 6.18 6.18 6.18 6.18 6.18 6.18 6.18 6.18 6.18 6.18 6.18 6.18 6.18 6.18 6.18 6.18 6.18 6.18 6.18 6.18 6.18 6.18 6.18 6.18 6.18 6.18 6.18 6.18 6.18 6.18 6.18 6.18 6.18 6.18 6.18 6.18 6.18 6.18 6.18 6.18 6.18 6.18 6.18 6.18 6.18 6.18 6.18 6.18 6.18 6.18 6.18 6.18 6.18 6.18 6.18 6.18 6.18 6.18 6.18 6.24 6.24 6.24 6.24 6.24 6.24 6.24 6.24 6.24 6.24 6.24 6.24 6.24 6.24 6.24 6.24 6.24 6.24 6.24 6.24 6.24 6.24 6.24 6.24 6.24 6.24 6.24 6.24 6.24 
5.9 5.9 5.9 5.9 5.9 5.9 5.9 5.9 5.9 5.9 5.9 6.18 6.18 6.18 6.18 6.18 6.18 6.18 6.18 6.18 6.18 6.18 6.18 6.18 6.18 6.18 6.18 6.18 6.18 6.18 6.18 6.18 6.18 6.18 6.18 6.18 6.18 6.18 6.18 6.18 6.18 6.18 6.18 6.18 6.18 6.18 6.18 6.18 6.18 6.18 6.18 6.18 6.18 6.18 6.18 6.18 6.18 6.18 6.18 6.18 6.18 6.18 6.18 6.18 6.18 6.18 6.18 6.18 6.18 6.18 6.18 6.24 6.24 6.24 6.24 6.24 6.24 6.24 6.24 6.24 6.24 6.24 6.24 6.24 6.24 6.24 6.24 6.24 6.24 6.24 6.24 6.24 6.24 6.24 6.24 6.24 6.24 6.24 6.24 6.24 
5.9 5.9 5.9 5.9 5.9 5.9 5.9 5.9 5.9 5.9 5.9 6.18 6.18 6.18 6.18 6.18 6.18 6.18 6.18 6.18 6.18 6.18 6.18 6.18 6.18 6.18 6.18 6.18 6.18 6.18 6.18 6.18 6.18 6.18 6.18 6.18 6.18 6.18 6.18 6.18 6.18 6.18 6.18 6.18 6.18 6.18 6.18 6.18 6.18 6.18 6.18 6.18 6.18 6.18 6.18 6.18 6.18 6.18 6.18 6.18 6.18 6.18 6.18 6.18 6.18 6.18 6.18 6.18 6.18 6.18 6.18 6.24 6.24 6.24 6.24 6.24 6.24 6.24 6.24 6.24 6.24 6.24 6.24 6.24 6.24 6.24 6.24 6.24 6.24 6.24 6.24 6.24 6.24 6.24 6.24 6.24 6.24 6.24 6.24 6.24 
5.9 5.9 5.9 5.9 5.9 5.9 5.9 5.9 5.9 5.9 5.9 6.18 6.18 6.18 6.18 6.18 6.18 6.18 6.18 6.18 6.18 6.18 6.18 6.18 6.18 6.18 6.18 6.18 6.18 6.18 6.18 6.18 6.18 6.18 6.18 6.18 6.18 6.18 6.18 6.18 6.18 6.18 6.18 6.18 6.18 6.18 6.18 6.18 6.18 6.18 6.18 6.18 6.18 6.18 6.18 6.18 6.18 6.18 6.18 6.18 6.18 6.18 6.18 6.18 6.18 6.18 6.18 6.18 6.18 6.18 6.18 6.24 6.24 6.24 6.24 6.24 6.24 6.24 6.24 6.24 6.24 6.24 6.24 6.24 6.24 6.24 6.24 6.24 6.24 6.24 6.24 6.24 6.24 6.24 6.24 6.24 6.24 6.24 6.24 6.24 
5.9 5.9 5.9 5.9 5.9 5.9 5.9 5.9 5.9 5.9 5.9 6.18 6.18 6.18 6.18 6.18 6.18 6.18 6.18 6.18 6.18 6.18 6.18 6.18 6.18 6.18 6.18 6.18 6.18 6.18 6.18 6.18 6.18 6.18 6.18 6.18 6.18 6.18 6.18 6.18 6.18 6.18 6.18 6.18 6.18 6.18 6.18 6.18 6.18 6.18 6.18 6.18 6.18 6.18 6.18 6.18 6.18 6.18 6.18 6.18 6.18 6.18 6.18 6.18 6.18 6.18 6.18 6.18 6.18 6.18 6.18 6.24 6.24 6.24 6.24 6.24 6.24 6.24 6.24 6.24 6.24 6.24 6.24 6.24 6.24 6.24 6.24 6.24 6.24 6.24 6.24 6.24 6.24 6.24 6.24 6.24 6.24 6.24 6.24 6.24 
5.9 5.9 5.9 5.9 5.9 5.9 5.9 5.9 5.9 5.9 5.9 6.18 6.18 6.18 6.18 6.18 6.18 6.18 6.18 6.18 6.18 6.18 6.18 6.18 6.18 6.18 6.18 6.18 6.18 6.18 6.18 6.18 6.18 6.18 6.18 6.18 6.18 6.18 6.18 6.18 6.18 6.18 6.18 6.18 6.18 6.18 6.18 6.18 6.18 6.18 6.18 6.18 6.18 6.18 6.18 6.18 6.18 6.18 6.18 6.18 6.18 6.18 6.18 6.18 6.18 6.18 6.18 6.18 6.18 6.18 6.18 6.24 6.24 6.24 6.24 6.24 6.24 6.24 6.24 6.24 6.24 6.24 6.24 6.24 6.24 6.24 6.24 6.24 6.24 6.24 6.24 6.24 6.24 6.24 6.24 6.24 6.24 6.24 6.24 6.24 
5.9 5.9 5.9 5.9 5.9 5.9 5.9 5.9 5.9 5.9 5.9 6.18 6.18 6.18 6.18 6.18 6.18 6.18 6.18 6.18 6.18 6.18 6.18 6.18 6.18 6.18 6.18 6.18 6.18 6.18 6.18 6.18 6.18 6.18 6.18 6.18 6.18 6.18 6.18 6.18 6.18 6.18 6.18 6.18 6.18 6.18 6.18 6.18 6.18 6.18 6.18 6.18 6.18 6.18 6.18 6.18 6.18 6.18 6.18 6.18 6.18 6.18 6.18 6.18 6.18 6.18 6.18 6.18 6.18 6.18 6.18 6.24 6.24 6.24 6.24 6.24 6.24 6.24 6.24 6.24 6.24 6.24 6.24 6.24 6.24 6.24 6.24 6.24 6.24 6.24 6.24 6.24 6.24 6.24 6.24 6.24 6.24 6.24 6.24 6.24 
5.9 5.9 5.9 5.9 5.9 5.9 5.9 5.9 5.9 5.9 5.9 6.18 6.18 6.18 6.18 6.18 6.18 6.18 6.18 6.18 6.18 6.18 6.18 6.18 6.18 6.18 6.18 6.18 6.18 6.18 6.18 6.18 6.18 6.18 6.18 6.18 6.18 6.18 6.18 6.18 6.18 6.18 6.18 6.18 6.18 6.18 6.18 6.18 6.18 6.18 6.18 6.18 6.18 6.18 6.18 6.18 6.18 6.18 6.18 6.18 6.18 6.18 6.18 6.18 6.18 6.18 6.18 6.18 6.18 6.18 6.18 6.24 6.24 6.24 6.24 6.24 6.24 6.24 6.24 6.24 6.24 6.24 6.24 6.24 6.24 6.24 6.24 6.24 6.24 6.24 6.24 6.24 6.24 6.24 6.24 6.24 6.24 6.24 6.24 6.24 
5.9 5.9 5.9 5.9 5.9 5.9 5.9 5.9 5.9 5.9 5.9 6.18 6.18 6.18 6.18 6.18 6.18 6.18 6.18 6.18 6.18 6.18 6.18 6.18 6.18 6.18 6.18 6.18 6.18 6.18 6.18 6.18 6.18 6.18 6.18 6.18 6.18 6.18 6.18 6.18 6.18 6.18 6.18 6.18 6.18 6.18 6.18 6.18 6.18 6.18 6.18 6.18 6.18 6.18 6.18 6.18 6.18 6.18 6.18 6.18 6.18 6.18 6.18 6.18 6.18 6.18 6.18 6.18 6.18 6.18 6.18 6.24 6.24 6.24 6.24 6.24 6.24 6.24 6.24 6.24 6.24 6.24 6.24 6.24 6.24 6.24 6.24 6.24 6.24 6.24 6.24 6.24 6.24 6.24 6.24 6.24 6.24 6.24 6.24 6.24 
5.9 5.9 5.9 5.9 5.9 5.9 5.9 5.9 5.9 5.9 5.9 6.18 6.18 6.18 6.18 6.18 6.18 6.18 6.18 6.18 6.18 6.18 6.18 6.18 6.18 6.18 6.18 6.18 6.18 6.18 6.18 6.18 6.18 6.18 6.18 6.18 6.18 6.18 6.18 6.18 6.18 6.18 6.18 6.18 6.18 6.18 6.18 6.18 6.18 6.18 6.18 6.18 6.18 6.18 6.18 6.18 6.18 6.18 6.18 6.18 6.18 6.18 6.18 6.18 6.18 6.18 6.18 6.18 6.18 6.18 6.18 6.24 6.24 6.24 6.24 6.24 6.24 6.24 6.24 6.24 6.24 6.24 6.24 6.24 6.24 6.24 6.24 6.24 6.24 6.24 6.24 6.24 6.24 6.24 6.24 6.24 6.24 6.24 6.24 6.24 
5.9 5.9 5.9 5.9 5.9 5.9 5.9 5.9 5.9 5.9 5.9 6.18 6.18 6.18 6.18 6.18 6.18 6.18 6.18 6.18 6.18 6.18 6.18 6.18 6.18 6.18 6.18 6.18 6.18 6.18 6.18 6.18 6.18 6.18 6.18 6.18 6.18 6.18 6.18 6.18 6.18 6.18 6.18 6.18 6.18 6.18 6.18 6.18 6.18 6.18 6.18 6.18 6.18 6.18 6.18 6.18 6.18 6.18 6.18 6.18 6.18 6.18 6.18 6.18 6.18 6.18 6.18 6.18 6.18 6.18 6.18 6.24 6.24 6.24 6.24 6.24 6.24 6.24 6.24 6.24 6.24 6.24 6.24 6.24 6.24 6.24 6.24 6.24 6.24 6.24 6.24 6.24 6.24 6.24 6.24 6.24 6.24 6.24 6.24 6.24 
5.9 5.9 5.9 5.9 5.9 5.9 5.9 5.9 5.9 5.9 5.9 6.18 6.18 6.18 6.18 6.18 6.18 6.18 6.18 6.18 6.18 6.18 6.18 6.18 6.18 6.18 6.18 6.18 6.18 6.18 6.18 6.18 6.18 6.18 6.18 6.18 6.18 6.18 6.18 6.18 6.18 6.18 6.18 6.18 6.18 6.18 6.18 6.18 6.18 6.18 6.18 6.18 6.18 6.18 6.18 6.18 6.18 6.18 6.18 6.18 6.18 6.18 6.18 6.18 6.18 6.18 6.18 6.18 6.18 6.18 6.18 6.24 6.24 6.24 6.24 6.24 6.24 6.24 6.24 6.24 6.24 6.24 6.24 6.24 6.24 6.24 6.24 6.24 6.24 6.24 6.24 6.24 6.24 6.24 6.24 6.24 6.24 6.24 6.24 6.24 
5.9 5.9 5.9 5.9 5.9 5.9 5.9 5.9 5.9 5.9 5.9 6.18 6.18 6.18 6.18 6.18 6.18 6.18 6.18 6.18 6.18 6.18 6.18 6.18 6.18 6.18 6.18 6.18 6.18 6.18 6.18 6.18 6.18 6.18 6.18 6.18 6.18 6.18 6.18 6.18 6.18 6.18 6.18 6.18 6.18 6.18 6.18 6.18 6.18 6.18 6.18 6.18 6.18 6.18 6.18 6.18 6.18 6.18 6.18 6.18 6.18 6.18 6.18 6.18 6.18 6.18 6.18 6.18 6.18 6.18 6.18 6.24 6.24 6.24 6.24 6.24 6.24 6.24 6.24 6.24 6.24 6.24 6.24 6.24 6.24 6.24 6.24 6.24 6.24 6.24 6.24 6.24 6.24 6.24 6.24 6.24 6.24 6.24 6.24 6.24 
5.9 5.9 5.9 5.9 5.9 5.9 5.9 5.9 5.9 5.9 5.9 6.18 6.18 6.18 6.18 6.18 6.18 6.18 6.18 6.18 6.18 6.18 6.18 6.18 6.18 6.18 6.18 6.18 6.18 6.18 6.18 6.18 6.18 6.18 6.18 6.18 6.18 6.18 6.18 6.18 6.18 6.18 6.18 6.18 6.18 6.18 6.18 6.18 6.18 6.18 6.18 6.18 6.18 6.18 6.18 6.18 6.18 6.18 6.18 6.18 6.18 6.18 6.18 6.18 6.18 6.18 6.18 6.18 6.18 6.18 6.18 6.24 6.24 6.24 6.24 6.24 6.24 6.24 6.24 6.24 6.24 6.24 6.24 6.24 6.24 6.24 6.24 6.24 6.24 6.24 6.24 6.24 6.24 6.24 6.24 6.24 6.24 6.24 6.24 6.24 
5.9 5.9 5.9 5.9 5.9 5.9 5.9 5.9 5.9 5.9 5.9 6.18 6.18 6.18 6.18 6.18 6.18 6.18 6.18 6.18 6.18 6.18 6.18 6.18 6.18 6.18 6.18 6.18 6.18 6.18 6.18 6.18 6.18 6.18 6.18 6.18 6.18 6.18 6.18 6.18 6.18 6.18 6.18 6.18 6.18 6.18 6.18 6.18 6.18 6.18 6.18 6.18 6.18 6.18 6.18 6.18 6.18 6.18 6.18 6.18 6.18 6.18 6.18 6.18 6.18 6.18 6.18 6.18 6.18 6.18 6.18 6.24 6.24 6.24 6.24 6.24 6.24 6.24 6.24 6.24 6.24 6.24 6.24 6.24 6.24 6.24 6.24 6.24 6.24 6.24 6.24 6.24 6.24 6.24 6.24 6.24 6.24 6.24 6.24 6.24 
5.9 5.9 5.9 5.9 5.9 5.9 5.9 5.9 5.9 5.9 5.9 6.18 6.18 6.18 6.18 6.18 6.18 6.18 6.18 6.18 6.18 6.18 6.18 6.18 6.18 6.18 6.18 6.18 6.18 6.18 6.18 6.18 6.18 6.18 6.18 6.18 6.18 6.18 6.18 6.18 6.18 6.18 6.18 6.18 6.18 6.18 6.18 6.18 6.18 6.18 6.18 6.18 6.18 6.18 6.18 6.18 6.18 6.18 6.18 6.18 6.18 6.18 6.18 6.18 6.18 6.18 6.18 6.18 6.18 6.18 6.18 6.24 6.24 6.24 6.24 6.24 6.24 6.24 6.24 6.24 6.24 6.24 6.24 6.24 6.24 6.24 6.24 6.24 6.24 6.24 6.24 6.24 6.24 6.24 6.24 6.24 6.24 6.24 6.24 6.24 
5.9 5.9 5.9 5.9 5.9 5.9 5.9 5.9 5.9 5.9 5.9 6.18 6.18 6.18 6.18 6.18 6.18 6.18 6.18 6.18 6.18 6.18 6.18 6.18 6.18 6.18 6.18 6.18 6.18 6.18 6.18 6.18 6.18 6.18 6.18 6.18 6.18 6.18 6.18 6.18 6.18 6.18 6.18 6.18 6.18 6.18 6.18 6.18 6.18 6.18 6.18 6.18 6.18 6.18 6.18 6.18 6.18 6.18 6.18 6.18 6.18 6.18 6.18 6.18 6.18 6.18 6.18 6.18 6.18 6.18 6.18 6.24 6.24 6.24 6.24 6.24 6.24 6.24 6.24 6.24 6.24 6.24 6.24 6.24 6.24 6.24 6.24 6.24 6.24 6.24 6.24 6.24 6.24 6.24 6.24 6.24 6.24 6.24 6.24 6.24 
5.9 5.9 5.9 5.9 5.9 5.9 5.9 5.9 5.9 5.9 5.9 6.18 6.18 6.18 6.18 6.18 6.18 6.18 6.18 6.18 6.18 6.18 6.18 6.18 6.18 6.18 6.18 6.18 6.18 6.18 6.18 6.18 6.18 6.18 6.18 6.18 6.18 6.18 6.18 6.18 6.18 6.18 6.18 6.18 6.18 6.18 6.18 6.18 6.18 6.18 6.18 6.18 6.18 6.18 6.18 6.18 6.18 6.18 6.18 6.18 6.18 6.18 6.18 6.18 6.18 6.18 6.18 6.18 6.18 6.18 6.18 6.24 6.24 6.24 6.24 6.24 6.24 6.24 6.24 6.24 6.24 6.24 6.24 6.24 6.24 6.24 6.24 6.24 6.24 6.24 6.24 6.24 6.24 6.24 6.24 6.24 6.24 6.24 6.24 6.24 
5.9 5.9 5.9 5.9 5.9 5.9 5.9 5.9 5.9 5.9 5.9 6.18 6.18 6.18 6.18 6.18 6.18 6.18 6.18 6.18 6.18 6.18 6.18 6.18 6.18 6.18 6.18 6.18 6.18 6.18 6.18 6.18 6.18 6.18 6.18 6.18 6.18 6.18 6.18 6.18 6.18 6.18 6.18 6.18 6.18 6.18 6.18 6.18 6.18 6.18 6.18 6.18 6.18 6.18 6.18 6.18 6.18 6.18 6.18 6.18 6.18 6.18 6.18 6.18 6.18 6.18 6.18 6.18 6.18 6.18 6.18 6.24 6.24 6.24 6.24 6.24 6.24 6.24 6.24 6.24 6.24 6.24 6.24 6.24 6.24 6.24 6.24 6.24 6.24 6.24 6.24 6.24 6.24 6.24 6.24 6.24 6.24 6.24 6.24 6.24 
5.9 5.9 5.9 5.9 5.9 5.9 5.9 5.9 5.9 5.9 5.9 6.18 6.18 6.18 6.18 6.18 6.18 6.18 6.18 6.18 6.18 6.18 6.18 6.18 6.18 6.18 6.18 6.18 6.18 6.18 6.18 6.18 6.18 6.18 6.18 6.18 6.18 6.18 6.18 6.18 6.18 6.18 6.18 6.18 6.18 6.18 6.18 6.18 6.18 6.18 6.18 6.18 6.18 6.18 6.18 6.18 6.18 6.18 6.18 6.18 6.18 6.18 6.18 6.18 6.18 6.18 6.18 6.18 6.18 6.18 6.18 6.24 6.24 6.24 6.24 6.24 6.24 6.24 6.24 6.24 6.24 6.24 6.24 6.24 6.24 6.24 6.24 6.24 6.24 6.24 6.24 6.24 6.24 6.24 6.24 6.24 6.24 6.24 6.24 6.24 
5.9 5.9 5.9 5.9 5.9 5.9 5.9 5.9 5.9 5.9 5.9 6.18 6.18 6.18 6.18 6.18 6.18 6.18 6.18 6.18 6.18 6.18 6.18 6.18 6.18 6.18 6.18 6.18 6.18 6.18 6.18 6.18 6.18 6.18 6.18 6.18 6.18 6.18 6.18 6.18 6.18 6.18 6.18 6.18 6.18 6.18 6.18 6.18 6.18 6.18 6.18 6.18 6.18 6.18 6.18 6.18 6.18 6.18 6.18 6.18 6.18 6.18 6.18 6.18 6.18 6.18 6.18 6.18 6.18 6.18 6.18 6.24 6.24 6.24 6.24 6.24 6.24 6.24 6.24 6.24 6.24 6.24 6.24 6.24 6.24 6.24 6.24 6.24 6.24 6.24 6.24 6.24 6.24 6.24 6.24 6.24 6.24 6.24 6.24 6.24 
5.9 5.9 5.9 5.9 5.9 5.9 5.9 5.9 5.9 5.9 5.9 6.18 6.18 6.18 6.18 6.18 6.18 6.18 6.18 6.18 6.18 6.18 6.18 6.18 6.18 6.18 6.18 6.18 6.18 6.18 6.18 6.18 6.18 6.18 6.18 6.18 6.18 6.18 6.18 6.18 6.18 6.18 6.18 6.18 6.18 6.18 6.18 6.18 6.18 6.18 6.18 6.18 6.18 6.18 6.18 6.18 6.18 6.18 6.18 6.18 6.18 6.18 6.18 6.18 6.18 6.18 6.18 6.18 6.18 6.18 6.18 6.24 6.24 6.24 6.24 6.24 6.24 6.24 6.24 6.24 6.24 6.24 6.24 6.24 6.24 6.24 6.24 6.24 6.24 6.24 6.24 6.24 6.24 6.24 6.24 6.24 6.24 6.24 6.24 6.24 
