ncols         100
nrows         100
xllcorner     -59982.863281
yllcorner     1851083.022172
cellsize      1000
NODATA_value  -9999
155.1 155.1 155.1 155.1 155.1 155.1 155.1 155.1 155.1 155.1 155.1 138.1 138.1 138.1 138.1 138.1 138.1 138.1 138.1 138.1 138.1 138.1 138.1 138.1 138.1 138.1 138.1 138.1 138.1 138.1 138.1 138.1 138.1 138.1 138.1 138.1 138.1 138.1 138.1 138.1 138.1 138.1 138.1 138.1 138.1 138.1 138.1 138.1 138.1 138.1 138.1 138.1 138.1 138.1 138.1 138.1 138.1 138.1 138.1 138.1 138.1 138.1 138.1 138.1 138.1 138.1 138.1 138.1 138.1 138.1 138.1 128.1 128.1 128.1 128.1 128.1 128.1 128.1 128.1 128.1 128.1 128.1 128.1 128.1 128.1 128.1 128.1 128.1 128.1 128.1 128.1 128.1 128.1 128.1 128.1 128.1 128.1 128.1 128.1 128.1 
155.1 155.1 155.1 155.1 155.1 155.1 155.1 155.1 155.1 155.1 155.1 138.1 138.1 138.1 138.1 138.1 138.1 138.1 138.1 138.1 138.1 138.1 138.1 138.1 138.1 138.1 138.1 138.1 138.1 138.1 138.1 138.1 138.1 138.1 138.1 138.1 138.1 138.1 138.1 138.1 138.1 138.1 138.1 138.1 138.1 138.1 138.1 138.1 138.1 138.1 138.1 138.1 138.1 138.1 138.1 138.1 138.1 138.1 138.1 138.1 138.1 138.1 138.1 138.1 138.1 138.1 138.1 138.1 138.1 138.1 138.1 128.1 128.1 128.1 128.1 128.1 128.1 128.1 128.1 128.1 128.1 128.1 128.1 128.1 128.1 128.1 128.1 128.1 128.1 128.1 128.1 128.1 128.1 128.1 128.1 128.1 128.1 128.1 128.1 128.1 
155.1 155.1 155.1 155.1 155.1 155.1 155.1 155.1 155.1 155.1 155.1 138.1 138.1 138.1 138.1 138.1 138.1 138.1 138.1 138.1 138.1 138.1 138.1 138.1 138.1 138.1 138.1 138.1 138.1 138.1 138.1 138.1 138.1 138.1 138.1 138.1 138.1 138.1 138.1 138.1 138.1 138.1 138.1 138.1 138.1 138.1 138.1 138.1 138.1 138.1 138.1 138.1 138.1 138.1 138.1 138.1 138.1 138.1 138.1 138.1 138.1 138.1 138.1 138.1 138.1 138.1 138.1 138.1 138.1 138.1 138.1 128.1 128.1 128.1 128.1 128.1 128.1 128.1 128.1 128.1 128.1 128.1 128.1 128.1 128.1 128.1 128.1 128.1 128.1 128.1 128.1 128.1 128.1 128.1 128.1 128.1 128.1 128.1 128.1 128.1 
155.1 155.1 155.1 155.1 155.1 155.1 155.1 155.1 155.1 155.1 155.1 138.1 138.1 138.1 138.1 138.1 138.1 138.1 138.1 138.1 138.1 138.1 138.1 138.1 138.1 138.1 138.1 138.1 138.1 138.1 138.1 138.1 138.1 138.1 138.1 138.1 138.1 138.1 138.1 138.1 138.1 138.1 138.1 138.1 138.1 138.1 138.1 138.1 138.1 138.1 138.1 138.1 138.1 138.1 138.1 138.1 138.1 138.1 138.1 138.1 138.1 138.1 138.1 138.1 138.1 138.1 138.1 138.1 138.1 138.1 138.1 128.1 128.1 128.1 128.1 128.1 128.1 128.1 128.1 128.1 128.1 128.1 128.1 128.1 128.1 128.1 128.1 128.1 128.1 128.1 128.1 128.1 128.1 128.1 128.1 128.1 128.1 128.1 128.1 128.1 
155.1 155.1 155.1 155.1 155.1 155.1 155.1 155.1 155.1 155.1 155.1 138.1 138.1 138.1 138.1 138.1 138.1 138.1 138.1 138.1 138.1 138.1 138.1 138.1 138.1 138.1 138.1 138.1 138.1 138.1 138.1 138.1 138.1 138.1 138.1 138.1 138.1 138.1 138.1 138.1 138.1 138.1 138.1 138.1 138.1 138.1 138.1 138.1 138.1 138.1 138.1 138.1 138.1 138.1 138.1 138.1 138.1 138.1 138.1 138.1 138.1 138.1 138.1 138.1 138.1 138.1 138.1 138.1 138.1 138.1 138.1 128.1 128.1 128.1 128.1 128.1 128.1 128.1 128.1 128.1 128.1 128.1 128.1 128.1 128.1 128.1 128.1 128.1 128.1 128.1 128.1 128.1 128.1 128.1 128.1 128.1 128.1 128.1 128.1 128.1 
155.1 155.1 155.1 155.1 155.1 155.1 155.1 155.1 155.1 155.1 155.1 138.1 138.1 138.1 138.1 138.1 138.1 138.1 138.1 138.1 138.1 138.1 138.1 138.1 138.1 138.1 138.1 138.1 138.1 138.1 138.1 138.1 138.1 138.1 138.1 138.1 138.1 138.1 138.1 138.1 138.1 138.1 138.1 138.1 138.1 138.1 138.1 138.1 138.1 138.1 138.1 138.1 138.1 138.1 138.1 138.1 138.1 138.1 138.1 138.1 138.1 138.1 138.1 138.1 138.1 138.1 138.1 138.1 138.1 138.1 138.1 128.1 128.1 128.1 128.1 128.1 128.1 128.1 128.1 128.1 128.1 128.1 128.1 128.1 128.1 128.1 128.1 128.1 128.1 128.1 128.1 128.1 128.1 128.1 128.1 128.1 128.1 128.1 128.1 128.1 
155.1 155.1 155.1 155.1 155.1 155.1 155.1 155.1 155.1 155.1 155.1 138.1 138.1 138.1 138.1 138.1 138.1 138.1 138.1 138.1 138.1 138.1 138.1 138.1 138.1 138.1 138.1 138.1 138.1 138.1 138.1 138.1 138.1 138.1 138.1 138.1 138.1 138.1 138.1 138.1 138.1 138.1 138.1 138.1 138.1 138.1 138.1 138.1 138.1 138.1 138.1 138.1 138.1 138.1 138.1 138.1 138.1 138.1 138.1 138.1 138.1 138.1 138.1 138.1 138.1 138.1 138.1 138.1 138.1 138.1 138.1 128.1 128.1 128.1 128.1 128.1 128.1 128.1 128.1 128.1 128.1 128.1 128.1 128.1 128.1 128.1 128.1 128.1 128.1 128.1 128.1 128.1 128.1 128.1 128.1 128.1 128.1 128.1 128.1 128.1 
155.1 155.1 155.1 155.1 155.1 155.1 155.1 155.1 155.1 155.1 155.1 138.1 138.1 138.1 138.1 138.1 138.1 138.1 138.1 138.1 138.1 138.1 138.1 138.1 138.1 138.1 138.1 138.1 138.1 138.1 138.1 138.1 138.1 138.1 138.1 138.1 138.1 138.1 138.1 138.1 138.1 138.1 138.1 138.1 138.1 138.1 138.1 138.1 138.1 138.1 138.1 138.1 138.1 138.1 138.1 138.1 138.1 138.1 138.1 138.1 138.1 138.1 138.1 138.1 138.1 138.1 138.1 138.1 138.1 138.1 138.1 128.1 128.1 128.1 128.1 128.1 128.1 128.1 128.1 128.1 128.1 128.1 128.1 128.1 128.1 128.1 128.1 128.1 128.1 128.1 128.1 128.1 128.1 128.1 128.1 128.1 128.1 128.1 128.1 128.1 
155.1 155.1 155.1 155.1 155.1 155.1 155.1 155.1 155.1 155.1 155.1 138.1 138.1 138.1 138.1 138.1 138.1 138.1 138.1 138.1 138.1 138.1 138.1 138.1 138.1 138.1 138.1 138.1 138.1 138.1 138.1 138.1 138.1 138.1 138.1 138.1 138.1 138.1 138.1 138.1 138.1 138.1 138.1 138.1 138.1 138.1 138.1 138.1 138.1 138.1 138.1 138.1 138.1 138.1 138.1 138.1 138.1 138.1 138.1 138.1 138.1 138.1 138.1 138.1 138.1 138.1 138.1 138.1 138.1 138.1 138.1 128.1 128.1 128.1 128.1 128.1 128.1 128.1 128.1 128.1 128.1 128.1 128.1 128.1 128.1 128.1 128.1 128.1 128.1 128.1 128.1 128.1 128.1 128.1 128.1 128.1 128.1 128.1 128.1 128.1 
162.1 162.1 162.1 162.1 162.1 162.1 162.1 162.1 162.1 162.1 162.1 153.5 153.5 153.5 153.5 153.5 153.5 153.5 153.5 153.5 153.5 153.5 153.5 153.5 153.5 153.5 153.5 153.5 153.5 153.5 153.5 153.5 153.5 153.5 153.5 153.5 153.5 153.5 153.5 153.5 153.5 153.5 153.5 153.5 153.5 153.5 153.5 153.5 153.5 153.5 153.5 153.5 153.5 153.5 153.5 153.5 153.5 153.5 153.5 153.5 153.5 153.5 153.5 153.5 153.5 153.5 153.5 153.5 153.5 153.5 153.5 141.9 141.9 141.9 141.9 141.9 141.9 141.9 141.9 141.9 141.9 141.9 141.9 141.9 141.9 141.9 141.9 141.9 141.9 141.9 141.9 141.9 141.9 141.9 141.9 141.9 141.9 141.9 141.9 141.9 
162.1 162.1 162.1 162.1 162.1 162.1 162.1 162.1 162.1 162.1 162.1 153.5 153.5 153.5 153.5 153.5 153.5 153.5 153.5 153.5 153.5 153.5 153.5 153.5 153.5 153.5 153.5 153.5 153.5 153.5 153.5 153.5 153.5 153.5 153.5 153.5 153.5 153.5 153.5 153.5 153.5 153.5 153.5 153.5 153.5 153.5 153.5 153.5 153.5 153.5 153.5 153.5 153.5 153.5 153.5 153.5 153.5 153.5 153.5 153.5 153.5 153.5 153.5 153.5 153.5 153.5 153.5 153.5 153.5 153.5 153.5 141.9 141.9 141.9 141.9 141.9 141.9 141.9 141.9 141.9 141.9 141.9 141.9 141.9 141.9 141.9 141.9 141.9 141.9 141.9 141.9 141.9 141.9 141.9 141.9 141.9 141.9 141.9 141.9 141.9 
162.1 162.1 162.1 162.1 162.1 162.1 162.1 162.1 162.1 162.1 162.1 153.5 153.5 153.5 153.5 153.5 153.5 153.5 153.5 153.5 153.5 153.5 153.5 153.5 153.5 153.5 153.5 153.5 153.5 153.5 153.5 153.5 153.5 153.5 153.5 153.5 153.5 153.5 153.5 153.5 153.5 153.5 153.5 153.5 153.5 153.5 153.5 153.5 153.5 153.5 153.5 153.5 153.5 153.5 153.5 153.5 153.5 153.5 153.5 153.5 153.5 153.5 153.5 153.5 153.5 153.5 153.5 153.5 153.5 153.5 153.5 141.9 141.9 141.9 141.9 141.9 141.9 141.9 141.9 141.9 141.9 141.9 141.9 141.9 141.9 141.9 141.9 141.9 141.9 141.9 141.9 141.9 141.9 141.9 141.9 141.9 141.9 141.9 141.9 141.9 
162.1 162.1 162.1 162.1 162.1 162.1 162.1 162.1 162.1 162.1 162.1 153.5 153.5 153.5 153.5 153.5 153.5 153.5 153.5 153.5 153.5 153.5 153.5 153.5 153.5 153.5 153.5 153.5 153.5 153.5 153.5 153.5 153.5 153.5 153.5 153.5 153.5 153.5 153.5 153.5 153.5 153.5 153.5 153.5 153.5 153.5 153.5 153.5 153.5 153.5 153.5 153.5 153.5 153.5 153.5 153.5 153.5 153.5 153.5 153.5 153.5 153.5 153.5 153.5 153.5 153.5 153.5 153.5 153.5 153.5 153.5 141.9 141.9 141.9 141.9 141.9 141.9 141.9 141.9 141.9 141.9 141.9 141.9 141.9 141.9 141.9 141.9 141.9 141.9 141.9 141.9 141.9 141.9 141.9 141.9 141.9 141.9 141.9 141.9 141.9 
162.1 162.1 162.1 162.1 162.1 162.1 162.1 162.1 162.1 162.1 162.1 153.5 153.5 153.5 153.5 153.5 153.5 153.5 153.5 153.5 153.5 153.5 153.5 153.5 153.5 153.5 153.5 153.5 153.5 153.5 153.5 153.5 153.5 153.5 153.5 153.5 153.5 153.5 153.5 153.5 153.5 153.5 153.5 153.5 153.5 153.5 153.5 153.5 153.5 153.5 153.5 153.5 153.5 153.5 153.5 153.5 153.5 153.5 153.5 153.5 153.5 153.5 153.5 153.5 153.5 153.5 153.5 153.5 153.5 153.5 153.5 141.9 141.9 141.9 141.9 141.9 141.9 141.9 141.9 141.9 141.9 141.9 141.9 141.9 141.9 141.9 141.9 141.9 141.9 141.9 141.9 141.9 141.9 141.9 141.9 141.9 141.9 141.9 141.9 141.9 
162.1 162.1 162.1 162.1 162.1 162.1 162.1 162.1 162.1 162.1 162.1 153.5 153.5 153.5 153.5 153.5 153.5 153.5 153.5 153.5 153.5 153.5 153.5 153.5 153.5 153.5 153.5 153.5 153.5 153.5 153.5 153.5 153.5 153.5 153.5 153.5 153.5 153.5 153.5 153.5 153.5 153.5 153.5 153.5 153.5 153.5 153.5 153.5 153.5 153.5 153.5 153.5 153.5 153.5 153.5 153.5 153.5 153.5 153.5 153.5 153.5 153.5 153.5 153.5 153.5 153.5 153.5 153.5 153.5 153.5 153.5 141.9 141.9 141.9 141.9 141.9 141.9 141.9 141.9 141.9 141.9 141.9 141.9 141.9 141.9 141.9 141.9 141.9 141.9 141.9 141.9 141.9 141.9 141.9 141.9 141.9 141.9 141.9 141.9 141.9 
162.1 162.1 162.1 162.1 162.1 162.1 162.1 162.1 162.1 162.1 162.1 153.5 153.5 153.5 153.5 153.5 153.5 153.5 153.5 153.5 153.5 153.5 153.5 153.5 153.5 153.5 153.5 153.5 153.5 153.5 153.5 153.5 153.5 153.5 153.5 153.5 153.5 153.5 153.5 153.5 153.5 153.5 153.5 153.5 153.5 153.5 153.5 153.5 153.5 153.5 153.5 153.5 153.5 153.5 153.5 153.5 153.5 153.5 153.5 153.5 153.5 153.5 153.5 153.5 153.5 153.5 153.5 153.5 153.5 153.5 153.5 141.9 141.9 141.9 141.9 141.9 141.9 141.9 141.9 141.9 141.9 141.9 141.9 141.9 141.9 141.9 141.9 141.9 141.9 141.9 141.9 141.9 141.9 141.9 141.9 141.9 141.9 141.9 141.9 141.9 
162.1 162.1 162.1 162.1 162.1 162.1 162.1 162.1 162.1 162.1 162.1 153.5 153.5 153.5 153.5 153.5 153.5 153.5 153.5 153.5 153.5 153.5 153.5 153.5 153.5 153.5 153.5 153.5 153.5 153.5 153.5 153.5 153.5 153.5 153.5 153.5 153.5 153.5 153.5 153.5 153.5 153.5 153.5 153.5 153.5 153.5 153.5 153.5 153.5 153.5 153.5 153.5 153.5 153.5 153.5 153.5 153.5 153.5 153.5 153.5 153.5 153.5 153.5 153.5 153.5 153.5 153.5 153.5 153.5 153.5 153.5 141.9 141.9 141.9 141.9 141.9 141.9 141.9 141.9 141.9 141.9 141.9 141.9 141.9 141.9 141.9 141.9 141.9 141.9 141.9 141.9 141.9 141.9 141.9 141.9 141.9 141.9 141.9 141.9 141.9 
162.1 162.1 162.1 162.1 162.1 162.1 162.1 162.1 162.1 162.1 162.1 153.5 153.5 153.5 153.5 153.5 153.5 153.5 153.5 153.5 153.5 153.5 153.5 153.5 153.5 153.5 153.5 153.5 153.5 153.5 153.5 153.5 153.5 153.5 153.5 153.5 153.5 153.5 153.5 153.5 153.5 153.5 153.5 153.5 153.5 153.5 153.5 153.5 153.5 153.5 153.5 153.5 153.5 153.5 153.5 153.5 153.5 153.5 153.5 153.5 153.5 153.5 153.5 153.5 153.5 153.5 153.5 153.5 153.5 153.5 153.5 141.9 141.9 141.9 141.9 141.9 141.9 141.9 141.9 141.9 141.9 141.9 141.9 141.9 141.9 141.9 141.9 141.9 141.9 141.9 141.9 141.9 141.9 141.9 141.9 141.9 141.9 141.9 141.9 141.9 
162.1 162.1 162.1 162.1 162.1 162.1 162.1 162.1 162.1 162.1 162.1 153.5 153.5 153.5 153.5 153.5 153.5 153.5 153.5 153.5 153.5 153.5 153.5 153.5 153.5 153.5 153.5 153.5 153.5 153.5 153.5 153.5 153.5 153.5 153.5 153.5 153.5 153.5 153.5 153.5 153.5 153.5 153.5 153.5 153.5 153.5 153.5 153.5 153.5 153.5 153.5 153.5 153.5 153.5 153.5 153.5 153.5 153.5 153.5 153.5 153.5 153.5 153.5 153.5 153.5 153.5 153.5 153.5 153.5 153.5 153.5 141.9 141.9 141.9 141.9 141.9 141.9 141.9 141.9 141.9 141.9 141.9 141.9 141.9 141.9 141.9 141.9 141.9 141.9 141.9 141.9 141.9 141.9 141.9 141.9 141.9 141.9 141.9 141.9 141.9 
162.1 162.1 162.1 162.1 162.1 162.1 162.1 162.1 162.1 162.1 162.1 153.5 153.5 153.5 153.5 153.5 153.5 153.5 153.5 153.5 153.5 153.5 153.5 153.5 153.5 153.5 153.5 153.5 153.5 153.5 153.5 153.5 153.5 153.5 153.5 153.5 153.5 153.5 153.5 153.5 153.5 153.5 153.5 153.5 153.5 153.5 153.5 153.5 153.5 153.5 153.5 153.5 153.5 153.5 153.5 153.5 153.5 153.5 153.5 153.5 153.5 153.5 153.5 153.5 153.5 153.5 153.5 153.5 153.5 153.5 153.5 141.9 141.9 141.9 141.9 141.9 141.9 141.9 141.9 141.9 141.9 141.9 141.9 141.9 141.9 141.9 141.9 141.9 141.9 141.9 141.9 141.9 141.9 141.9 141.9 141.9 141.9 141.9 141.9 141.9 
162.1 162.1 162.1 162.1 162.1 162.1 162.1 162.1 162.1 162.1 162.1 153.5 153.5 153.5 153.5 153.5 153.5 153.5 153.5 153.5 153.5 153.5 153.5 153.5 153.5 153.5 153.5 153.5 153.5 153.5 153.5 153.5 153.5 153.5 153.5 153.5 153.5 153.5 153.5 153.5 153.5 153.5 153.5 153.5 153.5 153.5 153.5 153.5 153.5 153.5 153.5 153.5 153.5 153.5 153.5 153.5 153.5 153.5 153.5 153.5 153.5 153.5 153.5 153.5 153.5 153.5 153.5 153.5 153.5 153.5 153.5 141.9 141.9 141.9 141.9 141.9 141.9 141.9 141.9 141.9 141.9 141.9 141.9 141.9 141.9 141.9 141.9 141.9 141.9 141.9 141.9 141.9 141.9 141.9 141.9 141.9 141.9 141.9 141.9 141.9 
162.1 162.1 162.1 162.1 162.1 162.1 162.1 162.1 162.1 162.1 162.1 153.5 153.5 153.5 153.5 153.5 153.5 153.5 153.5 153.5 153.5 153.5 153.5 153.5 153.5 153.5 153.5 153.5 153.5 153.5 153.5 153.5 153.5 153.5 153.5 153.5 153.5 153.5 153.5 153.5 153.5 153.5 153.5 153.5 153.5 153.5 153.5 153.5 153.5 153.5 153.5 153.5 153.5 153.5 153.5 153.5 153.5 153.5 153.5 153.5 153.5 153.5 153.5 153.5 153.5 153.5 153.5 153.5 153.5 153.5 153.5 141.9 141.9 141.9 141.9 141.9 141.9 141.9 141.9 141.9 141.9 141.9 141.9 141.9 141.9 141.9 141.9 141.9 141.9 141.9 141.9 141.9 141.9 141.9 141.9 141.9 141.9 141.9 141.9 141.9 
162.1 162.1 162.1 162.1 162.1 162.1 162.1 162.1 162.1 162.1 162.1 153.5 153.5 153.5 153.5 153.5 153.5 153.5 153.5 153.5 153.5 153.5 153.5 153.5 153.5 153.5 153.5 153.5 153.5 153.5 153.5 153.5 153.5 153.5 153.5 153.5 153.5 153.5 153.5 153.5 153.5 153.5 153.5 153.5 153.5 153.5 153.5 153.5 153.5 153.5 153.5 153.5 153.5 153.5 153.5 153.5 153.5 153.5 153.5 153.5 153.5 153.5 153.5 153.5 153.5 153.5 153.5 153.5 153.5 153.5 153.5 141.9 141.9 141.9 141.9 141.9 141.9 141.9 141.9 141.9 141.9 141.9 141.9 141.9 141.9 141.9 141.9 141.9 141.9 141.9 141.9 141.9 141.9 141.9 141.9 141.9 141.9 141.9 141.9 141.9 
162.1 162.1 162.1 162.1 162.1 162.1 162.1 162.1 162.1 162.1 162.1 153.5 153.5 153.5 153.5 153.5 153.5 153.5 153.5 153.5 153.5 153.5 153.5 153.5 153.5 153.5 153.5 153.5 153.5 153.5 153.5 153.5 153.5 153.5 153.5 153.5 153.5 153.5 153.5 153.5 153.5 153.5 153.5 153.5 153.5 153.5 153.5 153.5 153.5 153.5 153.5 153.5 153.5 153.5 153.5 153.5 153.5 153.5 153.5 153.5 153.5 153.5 153.5 153.5 153.5 153.5 153.5 153.5 153.5 153.5 153.5 141.9 141.9 141.9 141.9 141.9 141.9 141.9 141.9 141.9 141.9 141.9 141.9 141.9 141.9 141.9 141.9 141.9 141.9 141.9 141.9 141.9 141.9 141.9 141.9 141.9 141.9 141.9 141.9 141.9 
162.1 162.1 162.1 162.1 162.1 162.1 162.1 162.1 162.1 162.1 162.1 153.5 153.5 153.5 153.5 153.5 153.5 153.5 153.5 153.5 153.5 153.5 153.5 153.5 153.5 153.5 153.5 153.5 153.5 153.5 153.5 153.5 153.5 153.5 153.5 153.5 153.5 153.5 153.5 153.5 153.5 153.5 153.5 153.5 153.5 153.5 153.5 153.5 153.5 153.5 153.5 153.5 153.5 153.5 153.5 153.5 153.5 153.5 153.5 153.5 153.5 153.5 153.5 153.5 153.5 153.5 153.5 153.5 153.5 153.5 153.5 141.9 141.9 141.9 141.9 141.9 141.9 141.9 141.9 141.9 141.9 141.9 141.9 141.9 141.9 141.9 141.9 141.9 141.9 141.9 141.9 141.9 141.9 141.9 141.9 141.9 141.9 141.9 141.9 141.9 
162.1 162.1 162.1 162.1 162.1 162.1 162.1 162.1 162.1 162.1 162.1 153.5 153.5 153.5 153.5 153.5 153.5 153.5 153.5 153.5 153.5 153.5 153.5 153.5 153.5 153.5 153.5 153.5 153.5 153.5 153.5 153.5 153.5 153.5 153.5 153.5 153.5 153.5 153.5 153.5 153.5 153.5 153.5 153.5 153.5 153.5 153.5 153.5 153.5 153.5 153.5 153.5 153.5 153.5 153.5 153.5 153.5 153.5 153.5 153.5 153.5 153.5 153.5 153.5 153.5 153.5 153.5 153.5 153.5 153.5 153.5 141.9 141.9 141.9 141.9 141.9 141.9 141.9 141.9 141.9 141.9 141.9 141.9 141.9 141.9 141.9 141.9 141.9 141.9 141.9 141.9 141.9 141.9 141.9 141.9 141.9 141.9 141.9 141.9 141.9 
162.1 162.1 162.1 162.1 162.1 162.1 162.1 162.1 162.1 162.1 162.1 153.5 153.5 153.5 153.5 153.5 153.5 153.5 153.5 153.5 153.5 153.5 153.5 153.5 153.5 153.5 153.5 153.5 153.5 153.5 153.5 153.5 153.5 153.5 153.5 153.5 153.5 153.5 153.5 153.5 153.5 153.5 153.5 153.5 153.5 153.5 153.5 153.5 153.5 153.5 153.5 153.5 153.5 153.5 153.5 153.5 153.5 153.5 153.5 153.5 153.5 153.5 153.5 153.5 153.5 153.5 153.5 153.5 153.5 153.5 153.5 141.9 141.9 141.9 141.9 141.9 141.9 141.9 141.9 141.9 141.9 141.9 141.9 141.9 141.9 141.9 141.9 141.9 141.9 141.9 141.9 141.9 141.9 141.9 141.9 141.9 141.9 141.9 141.9 141.9 
162.1 162.1 162.1 162.1 162.1 162.1 162.1 162.1 162.1 162.1 162.1 153.5 153.5 153.5 153.5 153.5 153.5 153.5 153.5 153.5 153.5 153.5 153.5 153.5 153.5 153.5 153.5 153.5 153.5 153.5 153.5 153.5 153.5 153.5 153.5 153.5 153.5 153.5 153.5 153.5 153.5 153.5 153.5 153.5 153.5 153.5 153.5 153.5 153.5 153.5 153.5 153.5 153.5 153.5 153.5 153.5 153.5 153.5 153.5 153.5 153.5 153.5 153.5 153.5 153.5 153.5 153.5 153.5 153.5 153.5 153.5 141.9 141.9 141.9 141.9 141.9 141.9 141.9 141.9 141.9 141.9 141.9 141.9 141.9 141.9 141.9 141.9 141.9 141.9 141.9 141.9 141.9 141.9 141.9 141.9 141.9 141.9 141.9 141.9 141.9 
162.1 162.1 162.1 162.1 162.1 162.1 162.1 162.1 162.1 162.1 162.1 153.5 153.5 153.5 153.5 153.5 153.5 153.5 153.5 153.5 153.5 153.5 153.5 153.5 153.5 153.5 153.5 153.5 153.5 153.5 153.5 153.5 153.5 153.5 153.5 153.5 153.5 153.5 153.5 153.5 153.5 153.5 153.5 153.5 153.5 153.5 153.5 153.5 153.5 153.5 153.5 153.5 153.5 153.5 153.5 153.5 153.5 153.5 153.5 153.5 153.5 153.5 153.5 153.5 153.5 153.5 153.5 153.5 153.5 153.5 153.5 141.9 141.9 141.9 141.9 141.9 141.9 141.9 141.9 141.9 141.9 141.9 141.9 141.9 141.9 141.9 141.9 141.9 141.9 141.9 141.9 141.9 141.9 141.9 141.9 141.9 141.9 141.9 141.9 141.9 
162.1 162.1 162.1 162.1 162.1 162.1 162.1 162.1 162.1 162.1 162.1 153.5 153.5 153.5 153.5 153.5 153.5 153.5 153.5 153.5 153.5 153.5 153.5 153.5 153.5 153.5 153.5 153.5 153.5 153.5 153.5 153.5 153.5 153.5 153.5 153.5 153.5 153.5 153.5 153.5 153.5 153.5 153.5 153.5 153.5 153.5 153.5 153.5 153.5 153.5 153.5 153.5 153.5 153.5 153.5 153.5 153.5 153.5 153.5 153.5 153.5 153.5 153.5 153.5 153.5 153.5 153.5 153.5 153.5 153.5 153.5 141.9 141.9 141.9 141.9 141.9 141.9 141.9 141.9 141.9 141.9 141.9 141.9 141.9 141.9 141.9 141.9 141.9 141.9 141.9 141.9 141.9 141.9 141.9 141.9 141.9 141.9 141.9 141.9 141.9 
162.1 162.1 162.1 162.1 162.1 162.1 162.1 162.1 162.1 162.1 162.1 153.5 153.5 153.5 153.5 153.5 153.5 153.5 153.5 153.5 153.5 153.5 153.5 153.5 153.5 153.5 153.5 153.5 153.5 153.5 153.5 153.5 153.5 153.5 153.5 153.5 153.5 153.5 153.5 153.5 153.5 153.5 153.5 153.5 153.5 153.5 153.5 153.5 153.5 153.5 153.5 153.5 153.5 153.5 153.5 153.5 153.5 153.5 153.5 153.5 153.5 153.5 153.5 153.5 153.5 153.5 153.5 153.5 153.5 153.5 153.5 141.9 141.9 141.9 141.9 141.9 141.9 141.9 141.9 141.9 141.9 141.9 141.9 141.9 141.9 141.9 141.9 141.9 141.9 141.9 141.9 141.9 141.9 141.9 141.9 141.9 141.9 141.9 141.9 141.9 
162.1 162.1 162.1 162.1 162.1 162.1 162.1 162.1 162.1 162.1 162.1 153.5 153.5 153.5 153.5 153.5 153.5 153.5 153.5 153.5 153.5 153.5 153.5 153.5 153.5 153.5 153.5 153.5 153.5 153.5 153.5 153.5 153.5 153.5 153.5 153.5 153.5 153.5 153.5 153.5 153.5 153.5 153.5 153.5 153.5 153.5 153.5 153.5 153.5 153.5 153.5 153.5 153.5 153.5 153.5 153.5 153.5 153.5 153.5 153.5 153.5 153.5 153.5 153.5 153.5 153.5 153.5 153.5 153.5 153.5 153.5 141.9 141.9 141.9 141.9 141.9 141.9 141.9 141.9 141.9 141.9 141.9 141.9 141.9 141.9 141.9 141.9 141.9 141.9 141.9 141.9 141.9 141.9 141.9 141.9 141.9 141.9 141.9 141.9 141.9 
162.1 162.1 162.1 162.1 162.1 162.1 162.1 162.1 162.1 162.1 162.1 153.5 153.5 153.5 153.5 153.5 153.5 153.5 153.5 153.5 153.5 153.5 153.5 153.5 153.5 153.5 153.5 153.5 153.5 153.5 153.5 153.5 153.5 153.5 153.5 153.5 153.5 153.5 153.5 153.5 153.5 153.5 153.5 153.5 153.5 153.5 153.5 153.5 153.5 153.5 153.5 153.5 153.5 153.5 153.5 153.5 153.5 153.5 153.5 153.5 153.5 153.5 153.5 153.5 153.5 153.5 153.5 153.5 153.5 153.5 153.5 141.9 141.9 141.9 141.9 141.9 141.9 141.9 141.9 141.9 141.9 141.9 141.9 141.9 141.9 141.9 141.9 141.9 141.9 141.9 141.9 141.9 141.9 141.9 141.9 141.9 141.9 141.9 141.9 141.9 
162.1 162.1 162.1 162.1 162.1 162.1 162.1 162.1 162.1 162.1 162.1 153.5 153.5 153.5 153.5 153.5 153.5 153.5 153.5 153.5 153.5 153.5 153.5 153.5 153.5 153.5 153.5 153.5 153.5 153.5 153.5 153.5 153.5 153.5 153.5 153.5 153.5 153.5 153.5 153.5 153.5 153.5 153.5 153.5 153.5 153.5 153.5 153.5 153.5 153.5 153.5 153.5 153.5 153.5 153.5 153.5 153.5 153.5 153.5 153.5 153.5 153.5 153.5 153.5 153.5 153.5 153.5 153.5 153.5 153.5 153.5 141.9 141.9 141.9 141.9 141.9 141.9 141.9 141.9 141.9 141.9 141.9 141.9 141.9 141.9 141.9 141.9 141.9 141.9 141.9 141.9 141.9 141.9 141.9 141.9 141.9 141.9 141.9 141.9 141.9 
162.1 162.1 162.1 162.1 162.1 162.1 162.1 162.1 162.1 162.1 162.1 153.5 153.5 153.5 153.5 153.5 153.5 153.5 153.5 153.5 153.5 153.5 153.5 153.5 153.5 153.5 153.5 153.5 153.5 153.5 153.5 153.5 153.5 153.5 153.5 153.5 153.5 153.5 153.5 153.5 153.5 153.5 153.5 153.5 153.5 153.5 153.5 153.5 153.5 153.5 153.5 153.5 153.5 153.5 153.5 153.5 153.5 153.5 153.5 153.5 153.5 153.5 153.5 153.5 153.5 153.5 153.5 153.5 153.5 153.5 153.5 141.9 141.9 141.9 141.9 141.9 141.9 141.9 141.9 141.9 141.9 141.9 141.9 141.9 141.9 141.9 141.9 141.9 141.9 141.9 141.9 141.9 141.9 141.9 141.9 141.9 141.9 141.9 141.9 141.9 
162.1 162.1 162.1 162.1 162.1 162.1 162.1 162.1 162.1 162.1 162.1 153.5 153.5 153.5 153.5 153.5 153.5 153.5 153.5 153.5 153.5 153.5 153.5 153.5 153.5 153.5 153.5 153.5 153.5 153.5 153.5 153.5 153.5 153.5 153.5 153.5 153.5 153.5 153.5 153.5 153.5 153.5 153.5 153.5 153.5 153.5 153.5 153.5 153.5 153.5 153.5 153.5 153.5 153.5 153.5 153.5 153.5 153.5 153.5 153.5 153.5 153.5 153.5 153.5 153.5 153.5 153.5 153.5 153.5 153.5 153.5 141.9 141.9 141.9 141.9 141.9 141.9 141.9 141.9 141.9 141.9 141.9 141.9 141.9 141.9 141.9 141.9 141.9 141.9 141.9 141.9 141.9 141.9 141.9 141.9 141.9 141.9 141.9 141.9 141.9 
162.1 162.1 162.1 162.1 162.1 162.1 162.1 162.1 162.1 162.1 162.1 153.5 153.5 153.5 153.5 153.5 153.5 153.5 153.5 153.5 153.5 153.5 153.5 153.5 153.5 153.5 153.5 153.5 153.5 153.5 153.5 153.5 153.5 153.5 153.5 153.5 153.5 153.5 153.5 153.5 153.5 153.5 153.5 153.5 153.5 153.5 153.5 153.5 153.5 153.5 153.5 153.5 153.5 153.5 153.5 153.5 153.5 153.5 153.5 153.5 153.5 153.5 153.5 153.5 153.5 153.5 153.5 153.5 153.5 153.5 153.5 141.9 141.9 141.9 141.9 141.9 141.9 141.9 141.9 141.9 141.9 141.9 141.9 141.9 141.9 141.9 141.9 141.9 141.9 141.9 141.9 141.9 141.9 141.9 141.9 141.9 141.9 141.9 141.9 141.9 
162.1 162.1 162.1 162.1 162.1 162.1 162.1 162.1 162.1 162.1 162.1 153.5 153.5 153.5 153.5 153.5 153.5 153.5 153.5 153.5 153.5 153.5 153.5 153.5 153.5 153.5 153.5 153.5 153.5 153.5 153.5 153.5 153.5 153.5 153.5 153.5 153.5 153.5 153.5 153.5 153.5 153.5 153.5 153.5 153.5 153.5 153.5 153.5 153.5 153.5 153.5 153.5 153.5 153.5 153.5 153.5 153.5 153.5 153.5 153.5 153.5 153.5 153.5 153.5 153.5 153.5 153.5 153.5 153.5 153.5 153.5 141.9 141.9 141.9 141.9 141.9 141.9 141.9 141.9 141.9 141.9 141.9 141.9 141.9 141.9 141.9 141.9 141.9 141.9 141.9 141.9 141.9 141.9 141.9 141.9 141.9 141.9 141.9 141.9 141.9 
162.1 162.1 162.1 162.1 162.1 162.1 162.1 162.1 162.1 162.1 162.1 153.5 153.5 153.5 153.5 153.5 153.5 153.5 153.5 153.5 153.5 153.5 153.5 153.5 153.5 153.5 153.5 153.5 153.5 153.5 153.5 153.5 153.5 153.5 153.5 153.5 153.5 153.5 153.5 153.5 153.5 153.5 153.5 153.5 153.5 153.5 153.5 153.5 153.5 153.5 153.5 153.5 153.5 153.5 153.5 153.5 153.5 153.5 153.5 153.5 153.5 153.5 153.5 153.5 153.5 153.5 153.5 153.5 153.5 153.5 153.5 141.9 141.9 141.9 141.9 141.9 141.9 141.9 141.9 141.9 141.9 141.9 141.9 141.9 141.9 141.9 141.9 141.9 141.9 141.9 141.9 141.9 141.9 141.9 141.9 141.9 141.9 141.9 141.9 141.9 
162.1 162.1 162.1 162.1 162.1 162.1 162.1 162.1 162.1 162.1 162.1 153.5 153.5 153.5 153.5 153.5 153.5 153.5 153.5 153.5 153.5 153.5 153.5 153.5 153.5 153.5 153.5 153.5 153.5 153.5 153.5 153.5 153.5 153.5 153.5 153.5 153.5 153.5 153.5 153.5 153.5 153.5 153.5 153.5 153.5 153.5 153.5 153.5 153.5 153.5 153.5 153.5 153.5 153.5 153.5 153.5 153.5 153.5 153.5 153.5 153.5 153.5 153.5 153.5 153.5 153.5 153.5 153.5 153.5 153.5 153.5 141.9 141.9 141.9 141.9 141.9 141.9 141.9 141.9 141.9 141.9 141.9 141.9 141.9 141.9 141.9 141.9 141.9 141.9 141.9 141.9 141.9 141.9 141.9 141.9 141.9 141.9 141.9 141.9 141.9 
162.1 162.1 162.1 162.1 162.1 162.1 162.1 162.1 162.1 162.1 162.1 153.5 153.5 153.5 153.5 153.5 153.5 153.5 153.5 153.5 153.5 153.5 153.5 153.5 153.5 153.5 153.5 153.5 153.5 153.5 153.5 153.5 153.5 153.5 153.5 153.5 153.5 153.5 153.5 153.5 153.5 153.5 153.5 153.5 153.5 153.5 153.5 153.5 153.5 153.5 153.5 153.5 153.5 153.5 153.5 153.5 153.5 153.5 153.5 153.5 153.5 153.5 153.5 153.5 153.5 153.5 153.5 153.5 153.5 153.5 153.5 141.9 141.9 141.9 141.9 141.9 141.9 141.9 141.9 141.9 141.9 141.9 141.9 141.9 141.9 141.9 141.9 141.9 141.9 141.9 141.9 141.9 141.9 141.9 141.9 141.9 141.9 141.9 141.9 141.9 
162.1 162.1 162.1 162.1 162.1 162.1 162.1 162.1 162.1 162.1 162.1 153.5 153.5 153.5 153.5 153.5 153.5 153.5 153.5 153.5 153.5 153.5 153.5 153.5 153.5 153.5 153.5 153.5 153.5 153.5 153.5 153.5 153.5 153.5 153.5 153.5 153.5 153.5 153.5 153.5 153.5 153.5 153.5 153.5 153.5 153.5 153.5 153.5 153.5 153.5 153.5 153.5 153.5 153.5 153.5 153.5 153.5 153.5 153.5 153.5 153.5 153.5 153.5 153.5 153.5 153.5 153.5 153.5 153.5 153.5 153.5 141.9 141.9 141.9 141.9 141.9 141.9 141.9 141.9 141.9 141.9 141.9 141.9 141.9 141.9 141.9 141.9 141.9 141.9 141.9 141.9 141.9 141.9 141.9 141.9 141.9 141.9 141.9 141.9 141.9 
162.1 162.1 162.1 162.1 162.1 162.1 162.1 162.1 162.1 162.1 162.1 153.5 153.5 153.5 153.5 153.5 153.5 153.5 153.5 153.5 153.5 153.5 153.5 153.5 153.5 153.5 153.5 153.5 153.5 153.5 153.5 153.5 153.5 153.5 153.5 153.5 153.5 153.5 153.5 153.5 153.5 153.5 153.5 153.5 153.5 153.5 153.5 153.5 153.5 153.5 153.5 153.5 153.5 153.5 153.5 153.5 153.5 153.5 153.5 153.5 153.5 153.5 153.5 153.5 153.5 153.5 153.5 153.5 153.5 153.5 153.5 141.9 141.9 141.9 141.9 141.9 141.9 141.9 141.9 141.9 141.9 141.9 141.9 141.9 141.9 141.9 141.9 141.9 141.9 141.9 141.9 141.9 141.9 141.9 141.9 141.9 141.9 141.9 141.9 141.9 
162.1 162.1 162.1 162.1 162.1 162.1 162.1 162.1 162.1 162.1 162.1 153.5 153.5 153.5 153.5 153.5 153.5 153.5 153.5 153.5 153.5 153.5 153.5 153.5 153.5 153.5 153.5 153.5 153.5 153.5 153.5 153.5 153.5 153.5 153.5 153.5 153.5 153.5 153.5 153.5 153.5 153.5 153.5 153.5 153.5 153.5 153.5 153.5 153.5 153.5 153.5 153.5 153.5 153.5 153.5 153.5 153.5 153.5 153.5 153.5 153.5 153.5 153.5 153.5 153.5 153.5 153.5 153.5 153.5 153.5 153.5 141.9 141.9 141.9 141.9 141.9 141.9 141.9 141.9 141.9 141.9 141.9 141.9 141.9 141.9 141.9 141.9 141.9 141.9 141.9 141.9 141.9 141.9 141.9 141.9 141.9 141.9 141.9 141.9 141.9 
162.1 162.1 162.1 162.1 162.1 162.1 162.1 162.1 162.1 162.1 162.1 153.5 153.5 153.5 153.5 153.5 153.5 153.5 153.5 153.5 153.5 153.5 153.5 153.5 153.5 153.5 153.5 153.5 153.5 153.5 153.5 153.5 153.5 153.5 153.5 153.5 153.5 153.5 153.5 153.5 153.5 153.5 153.5 153.5 153.5 153.5 153.5 153.5 153.5 153.5 153.5 153.5 153.5 153.5 153.5 153.5 153.5 153.5 153.5 153.5 153.5 153.5 153.5 153.5 153.5 153.5 153.5 153.5 153.5 153.5 153.5 141.9 141.9 141.9 141.9 141.9 141.9 141.9 141.9 141.9 141.9 141.9 141.9 141.9 141.9 141.9 141.9 141.9 141.9 141.9 141.9 141.9 141.9 141.9 141.9 141.9 141.9 141.9 141.9 141.9 
162.1 162.1 162.1 162.1 162.1 162.1 162.1 162.1 162.1 162.1 162.1 153.5 153.5 153.5 153.5 153.5 153.5 153.5 153.5 153.5 153.5 153.5 153.5 153.5 153.5 153.5 153.5 153.5 153.5 153.5 153.5 153.5 153.5 153.5 153.5 153.5 153.5 153.5 153.5 153.5 153.5 153.5 153.5 153.5 153.5 153.5 153.5 153.5 153.5 153.5 153.5 153.5 153.5 153.5 153.5 153.5 153.5 153.5 153.5 153.5 153.5 153.5 153.5 153.5 153.5 153.5 153.5 153.5 153.5 153.5 153.5 141.9 141.9 141.9 141.9 141.9 141.9 141.9 141.9 141.9 141.9 141.9 141.9 141.9 141.9 141.9 141.9 141.9 141.9 141.9 141.9 141.9 141.9 141.9 141.9 141.9 141.9 141.9 141.9 141.9 
162.1 162.1 162.1 162.1 162.1 162.1 162.1 162.1 162.1 162.1 162.1 153.5 153.5 153.5 153.5 153.5 153.5 153.5 153.5 153.5 153.5 153.5 153.5 153.5 153.5 153.5 153.5 153.5 153.5 153.5 153.5 153.5 153.5 153.5 153.5 153.5 153.5 153.5 153.5 153.5 153.5 153.5 153.5 153.5 153.5 153.5 153.5 153.5 153.5 153.5 153.5 153.5 153.5 153.5 153.5 153.5 153.5 153.5 153.5 153.5 153.5 153.5 153.5 153.5 153.5 153.5 153.5 153.5 153.5 153.5 153.5 141.9 141.9 141.9 141.9 141.9 141.9 141.9 141.9 141.9 141.9 141.9 141.9 141.9 141.9 141.9 141.9 141.9 141.9 141.9 141.9 141.9 141.9 141.9 141.9 141.9 141.9 141.9 141.9 141.9 
162.1 162.1 162.1 162.1 162.1 162.1 162.1 162.1 162.1 162.1 162.1 153.5 153.5 153.5 153.5 153.5 153.5 153.5 153.5 153.5 153.5 153.5 153.5 153.5 153.5 153.5 153.5 153.5 153.5 153.5 153.5 153.5 153.5 153.5 153.5 153.5 153.5 153.5 153.5 153.5 153.5 153.5 153.5 153.5 153.5 153.5 153.5 153.5 153.5 153.5 153.5 153.5 153.5 153.5 153.5 153.5 153.5 153.5 153.5 153.5 153.5 153.5 153.5 153.5 153.5 153.5 153.5 153.5 153.5 153.5 153.5 141.9 141.9 141.9 141.9 141.9 141.9 141.9 141.9 141.9 141.9 141.9 141.9 141.9 141.9 141.9 141.9 141.9 141.9 141.9 141.9 141.9 141.9 141.9 141.9 141.9 141.9 141.9 141.9 141.9 
162.1 162.1 162.1 162.1 162.1 162.1 162.1 162.1 162.1 162.1 162.1 153.5 153.5 153.5 153.5 153.5 153.5 153.5 153.5 153.5 153.5 153.5 153.5 153.5 153.5 153.5 153.5 153.5 153.5 153.5 153.5 153.5 153.5 153.5 153.5 153.5 153.5 153.5 153.5 153.5 153.5 153.5 153.5 153.5 153.5 153.5 153.5 153.5 153.5 153.5 153.5 153.5 153.5 153.5 153.5 153.5 153.5 153.5 153.5 153.5 153.5 153.5 153.5 153.5 153.5 153.5 153.5 153.5 153.5 153.5 153.5 141.9 141.9 141.9 141.9 141.9 141.9 141.9 141.9 141.9 141.9 141.9 141.9 141.9 141.9 141.9 141.9 141.9 141.9 141.9 141.9 141.9 141.9 141.9 141.9 141.9 141.9 141.9 141.9 141.9 
162.1 162.1 162.1 162.1 162.1 162.1 162.1 162.1 162.1 162.1 162.1 153.5 153.5 153.5 153.5 153.5 153.5 153.5 153.5 153.5 153.5 153.5 153.5 153.5 153.5 153.5 153.5 153.5 153.5 153.5 153.5 153.5 153.5 153.5 153.5 153.5 153.5 153.5 153.5 153.5 153.5 153.5 153.5 153.5 153.5 153.5 153.5 153.5 153.5 153.5 153.5 153.5 153.5 153.5 153.5 153.5 153.5 153.5 153.5 153.5 153.5 153.5 153.5 153.5 153.5 153.5 153.5 153.5 153.5 153.5 153.5 141.9 141.9 141.9 141.9 141.9 141.9 141.9 141.9 141.9 141.9 141.9 141.9 141.9 141.9 141.9 141.9 141.9 141.9 141.9 141.9 141.9 141.9 141.9 141.9 141.9 141.9 141.9 141.9 141.9 
162.1 162.1 162.1 162.1 162.1 162.1 162.1 162.1 162.1 162.1 162.1 153.5 153.5 153.5 153.5 153.5 153.5 153.5 153.5 153.5 153.5 153.5 153.5 153.5 153.5 153.5 153.5 153.5 153.5 153.5 153.5 153.5 153.5 153.5 153.5 153.5 153.5 153.5 153.5 153.5 153.5 153.5 153.5 153.5 153.5 153.5 153.5 153.5 153.5 153.5 153.5 153.5 153.5 153.5 153.5 153.5 153.5 153.5 153.5 153.5 153.5 153.5 153.5 153.5 153.5 153.5 153.5 153.5 153.5 153.5 153.5 141.9 141.9 141.9 141.9 141.9 141.9 141.9 141.9 141.9 141.9 141.9 141.9 141.9 141.9 141.9 141.9 141.9 141.9 141.9 141.9 141.9 141.9 141.9 141.9 141.9 141.9 141.9 141.9 141.9 
162.1 162.1 162.1 162.1 162.1 162.1 162.1 162.1 162.1 162.1 162.1 153.5 153.5 153.5 153.5 153.5 153.5 153.5 153.5 153.5 153.5 153.5 153.5 153.5 153.5 153.5 153.5 153.5 153.5 153.5 153.5 153.5 153.5 153.5 153.5 153.5 153.5 153.5 153.5 153.5 153.5 153.5 153.5 153.5 153.5 153.5 153.5 153.5 153.5 153.5 153.5 153.5 153.5 153.5 153.5 153.5 153.5 153.5 153.5 153.5 153.5 153.5 153.5 153.5 153.5 153.5 153.5 153.5 153.5 153.5 153.5 141.9 141.9 141.9 141.9 141.9 141.9 141.9 141.9 141.9 141.9 141.9 141.9 141.9 141.9 141.9 141.9 141.9 141.9 141.9 141.9 141.9 141.9 141.9 141.9 141.9 141.9 141.9 141.9 141.9 
162.1 162.1 162.1 162.1 162.1 162.1 162.1 162.1 162.1 162.1 162.1 153.5 153.5 153.5 153.5 153.5 153.5 153.5 153.5 153.5 153.5 153.5 153.5 153.5 153.5 153.5 153.5 153.5 153.5 153.5 153.5 153.5 153.5 153.5 153.5 153.5 153.5 153.5 153.5 153.5 153.5 153.5 153.5 153.5 153.5 153.5 153.5 153.5 153.5 153.5 153.5 153.5 153.5 153.5 153.5 153.5 153.5 153.5 153.5 153.5 153.5 153.5 153.5 153.5 153.5 153.5 153.5 153.5 153.5 153.5 153.5 141.9 141.9 141.9 141.9 141.9 141.9 141.9 141.9 141.9 141.9 141.9 141.9 141.9 141.9 141.9 141.9 141.9 141.9 141.9 141.9 141.9 141.9 141.9 141.9 141.9 141.9 141.9 141.9 141.9 
162.1 162.1 162.1 162.1 162.1 162.1 162.1 162.1 162.1 162.1 162.1 153.5 153.5 153.5 153.5 153.5 153.5 153.5 153.5 153.5 153.5 153.5 153.5 153.5 153.5 153.5 153.5 153.5 153.5 153.5 153.5 153.5 153.5 153.5 153.5 153.5 153.5 153.5 153.5 153.5 153.5 153.5 153.5 153.5 153.5 153.5 153.5 153.5 153.5 153.5 153.5 153.5 153.5 153.5 153.5 153.5 153.5 153.5 153.5 153.5 153.5 153.5 153.5 153.5 153.5 153.5 153.5 153.5 153.5 153.5 153.5 141.9 141.9 141.9 141.9 141.9 141.9 141.9 141.9 141.9 141.9 141.9 141.9 141.9 141.9 141.9 141.9 141.9 141.9 141.9 141.9 141.9 141.9 141.9 141.9 141.9 141.9 141.9 141.9 141.9 
162.1 162.1 162.1 162.1 162.1 162.1 162.1 162.1 162.1 162.1 162.1 153.5 153.5 153.5 153.5 153.5 153.5 153.5 153.5 153.5 153.5 153.5 153.5 153.5 153.5 153.5 153.5 153.5 153.5 153.5 153.5 153.5 153.5 153.5 153.5 153.5 153.5 153.5 153.5 153.5 153.5 153.5 153.5 153.5 153.5 153.5 153.5 153.5 153.5 153.5 153.5 153.5 153.5 153.5 153.5 153.5 153.5 153.5 153.5 153.5 153.5 153.5 153.5 153.5 153.5 153.5 153.5 153.5 153.5 153.5 153.5 141.9 141.9 141.9 141.9 141.9 141.9 141.9 141.9 141.9 141.9 141.9 141.9 141.9 141.9 141.9 141.9 141.9 141.9 141.9 141.9 141.9 141.9 141.9 141.9 141.9 141.9 141.9 141.9 141.9 
162.1 162.1 162.1 162.1 162.1 162.1 162.1 162.1 162.1 162.1 162.1 153.5 153.5 153.5 153.5 153.5 153.5 153.5 153.5 153.5 153.5 153.5 153.5 153.5 153.5 153.5 153.5 153.5 153.5 153.5 153.5 153.5 153.5 153.5 153.5 153.5 153.5 153.5 153.5 153.5 153.5 153.5 153.5 153.5 153.5 153.5 153.5 153.5 153.5 153.5 153.5 153.5 153.5 153.5 153.5 153.5 153.5 153.5 153.5 153.5 153.5 153.5 153.5 153.5 153.5 153.5 153.5 153.5 153.5 153.5 153.5 141.9 141.9 141.9 141.9 141.9 141.9 141.9 141.9 141.9 141.9 141.9 141.9 141.9 141.9 141.9 141.9 141.9 141.9 141.9 141.9 141.9 141.9 141.9 141.9 141.9 141.9 141.9 141.9 141.9 
162.1 162.1 162.1 162.1 162.1 162.1 162.1 162.1 162.1 162.1 162.1 153.5 153.5 153.5 153.5 153.5 153.5 153.5 153.5 153.5 153.5 153.5 153.5 153.5 153.5 153.5 153.5 153.5 153.5 153.5 153.5 153.5 153.5 153.5 153.5 153.5 153.5 153.5 153.5 153.5 153.5 153.5 153.5 153.5 153.5 153.5 153.5 153.5 153.5 153.5 153.5 153.5 153.5 153.5 153.5 153.5 153.5 153.5 153.5 153.5 153.5 153.5 153.5 153.5 153.5 153.5 153.5 153.5 153.5 153.5 153.5 141.9 141.9 141.9 141.9 141.9 141.9 141.9 141.9 141.9 141.9 141.9 141.9 141.9 141.9 141.9 141.9 141.9 141.9 141.9 141.9 141.9 141.9 141.9 141.9 141.9 141.9 141.9 141.9 141.9 
162.1 162.1 162.1 162.1 162.1 162.1 162.1 162.1 162.1 162.1 162.1 153.5 153.5 153.5 153.5 153.5 153.5 153.5 153.5 153.5 153.5 153.5 153.5 153.5 153.5 153.5 153.5 153.5 153.5 153.5 153.5 153.5 153.5 153.5 153.5 153.5 153.5 153.5 153.5 153.5 153.5 153.5 153.5 153.5 153.5 153.5 153.5 153.5 153.5 153.5 153.5 153.5 153.5 153.5 153.5 153.5 153.5 153.5 153.5 153.5 153.5 153.5 153.5 153.5 153.5 153.5 153.5 153.5 153.5 153.5 153.5 141.9 141.9 141.9 141.9 141.9 141.9 141.9 141.9 141.9 141.9 141.9 141.9 141.9 141.9 141.9 141.9 141.9 141.9 141.9 141.9 141.9 141.9 141.9 141.9 141.9 141.9 141.9 141.9 141.9 
162.1 162.1 162.1 162.1 162.1 162.1 162.1 162.1 162.1 162.1 162.1 153.5 153.5 153.5 153.5 153.5 153.5 153.5 153.5 153.5 153.5 153.5 153.5 153.5 153.5 153.5 153.5 153.5 153.5 153.5 153.5 153.5 153.5 153.5 153.5 153.5 153.5 153.5 153.5 153.5 153.5 153.5 153.5 153.5 153.5 153.5 153.5 153.5 153.5 153.5 153.5 153.5 153.5 153.5 153.5 153.5 153.5 153.5 153.5 153.5 153.5 153.5 153.5 153.5 153.5 153.5 153.5 153.5 153.5 153.5 153.5 141.9 141.9 141.9 141.9 141.9 141.9 141.9 141.9 141.9 141.9 141.9 141.9 141.9 141.9 141.9 141.9 141.9 141.9 141.9 141.9 141.9 141.9 141.9 141.9 141.9 141.9 141.9 141.9 141.9 
162.1 162.1 162.1 162.1 162.1 162.1 162.1 162.1 162.1 162.1 162.1 153.5 153.5 153.5 153.5 153.5 153.5 153.5 153.5 153.5 153.5 153.5 153.5 153.5 153.5 153.5 153.5 153.5 153.5 153.5 153.5 153.5 153.5 153.5 153.5 153.5 153.5 153.5 153.5 153.5 153.5 153.5 153.5 153.5 153.5 153.5 153.5 153.5 153.5 153.5 153.5 153.5 153.5 153.5 153.5 153.5 153.5 153.5 153.5 153.5 153.5 153.5 153.5 153.5 153.5 153.5 153.5 153.5 153.5 153.5 153.5 141.9 141.9 141.9 141.9 141.9 141.9 141.9 141.9 141.9 141.9 141.9 141.9 141.9 141.9 141.9 141.9 141.9 141.9 141.9 141.9 141.9 141.9 141.9 141.9 141.9 141.9 141.9 141.9 141.9 
162.1 162.1 162.1 162.1 162.1 162.1 162.1 162.1 162.1 162.1 162.1 153.5 153.5 153.5 153.5 153.5 153.5 153.5 153.5 153.5 153.5 153.5 153.5 153.5 153.5 153.5 153.5 153.5 153.5 153.5 153.5 153.5 153.5 153.5 153.5 153.5 153.5 153.5 153.5 153.5 153.5 153.5 153.5 153.5 153.5 153.5 153.5 153.5 153.5 153.5 153.5 153.5 153.5 153.5 153.5 153.5 153.5 153.5 153.5 153.5 153.5 153.5 153.5 153.5 153.5 153.5 153.5 153.5 153.5 153.5 153.5 141.9 141.9 141.9 141.9 141.9 141.9 141.9 141.9 141.9 141.9 141.9 141.9 141.9 141.9 141.9 141.9 141.9 141.9 141.9 141.9 141.9 141.9 141.9 141.9 141.9 141.9 141.9 141.9 141.9 
162.1 162.1 162.1 162.1 162.1 162.1 162.1 162.1 162.1 162.1 162.1 153.5 153.5 153.5 153.5 153.5 153.5 153.5 153.5 153.5 153.5 153.5 153.5 153.5 153.5 153.5 153.5 153.5 153.5 153.5 153.5 153.5 153.5 153.5 153.5 153.5 153.5 153.5 153.5 153.5 153.5 153.5 153.5 153.5 153.5 153.5 153.5 153.5 153.5 153.5 153.5 153.5 153.5 153.5 153.5 153.5 153.5 153.5 153.5 153.5 153.5 153.5 153.5 153.5 153.5 153.5 153.5 153.5 153.5 153.5 153.5 141.9 141.9 141.9 141.9 141.9 141.9 141.9 141.9 141.9 141.9 141.9 141.9 141.9 141.9 141.9 141.9 141.9 141.9 141.9 141.9 141.9 141.9 141.9 141.9 141.9 141.9 141.9 141.9 141.9 
162.1 162.1 162.1 162.1 162.1 162.1 162.1 162.1 162.1 162.1 162.1 153.5 153.5 153.5 153.5 153.5 153.5 153.5 153.5 153.5 153.5 153.5 153.5 153.5 153.5 153.5 153.5 153.5 153.5 153.5 153.5 153.5 153.5 153.5 153.5 153.5 153.5 153.5 153.5 153.5 153.5 153.5 153.5 153.5 153.5 153.5 153.5 153.5 153.5 153.5 153.5 153.5 153.5 153.5 153.5 153.5 153.5 153.5 153.5 153.5 153.5 153.5 153.5 153.5 153.5 153.5 153.5 153.5 153.5 153.5 153.5 141.9 141.9 141.9 141.9 141.9 141.9 141.9 141.9 141.9 141.9 141.9 141.9 141.9 141.9 141.9 141.9 141.9 141.9 141.9 141.9 141.9 141.9 141.9 141.9 141.9 141.9 141.9 141.9 141.9 
162.1 162.1 162.1 162.1 162.1 162.1 162.1 162.1 162.1 162.1 162.1 153.5 153.5 153.5 153.5 153.5 153.5 153.5 153.5 153.5 153.5 153.5 153.5 153.5 153.5 153.5 153.5 153.5 153.5 153.5 153.5 153.5 153.5 153.5 153.5 153.5 153.5 153.5 153.5 153.5 153.5 153.5 153.5 153.5 153.5 153.5 153.5 153.5 153.5 153.5 153.5 153.5 153.5 153.5 153.5 153.5 153.5 153.5 153.5 153.5 153.5 153.5 153.5 153.5 153.5 153.5 153.5 153.5 153.5 153.5 153.5 141.9 141.9 141.9 141.9 141.9 141.9 141.9 141.9 141.9 141.9 141.9 141.9 141.9 141.9 141.9 141.9 141.9 141.9 141.9 141.9 141.9 141.9 141.9 141.9 141.9 141.9 141.9 141.9 141.9 
162.1 162.1 162.1 162.1 162.1 162.1 162.1 162.1 162.1 162.1 162.1 153.5 153.5 153.5 153.5 153.5 153.5 153.5 153.5 153.5 153.5 153.5 153.5 153.5 153.5 153.5 153.5 153.5 153.5 153.5 153.5 153.5 153.5 153.5 153.5 153.5 153.5 153.5 153.5 153.5 153.5 153.5 153.5 153.5 153.5 153.5 153.5 153.5 153.5 153.5 153.5 153.5 153.5 153.5 153.5 153.5 153.5 153.5 153.5 153.5 153.5 153.5 153.5 153.5 153.5 153.5 153.5 153.5 153.5 153.5 153.5 141.9 141.9 141.9 141.9 141.9 141.9 141.9 141.9 141.9 141.9 141.9 141.9 141.9 141.9 141.9 141.9 141.9 141.9 141.9 141.9 141.9 141.9 141.9 141.9 141.9 141.9 141.9 141.9 141.9 
162.1 162.1 162.1 162.1 162.1 162.1 162.1 162.1 162.1 162.1 162.1 153.5 153.5 153.5 153.5 153.5 153.5 153.5 153.5 153.5 153.5 153.5 153.5 153.5 153.5 153.5 153.5 153.5 153.5 153.5 153.5 153.5 153.5 153.5 153.5 153.5 153.5 153.5 153.5 153.5 153.5 153.5 153.5 153.5 153.5 153.5 153.5 153.5 153.5 153.5 153.5 153.5 153.5 153.5 153.5 153.5 153.5 153.5 153.5 153.5 153.5 153.5 153.5 153.5 153.5 153.5 153.5 153.5 153.5 153.5 153.5 141.9 141.9 141.9 141.9 141.9 141.9 141.9 141.9 141.9 141.9 141.9 141.9 141.9 141.9 141.9 141.9 141.9 141.9 141.9 141.9 141.9 141.9 141.9 141.9 141.9 141.9 141.9 141.9 141.9 
162.1 162.1 162.1 162.1 162.1 162.1 162.1 162.1 162.1 162.1 162.1 153.5 153.5 153.5 153.5 153.5 153.5 153.5 153.5 153.5 153.5 153.5 153.5 153.5 153.5 153.5 153.5 153.5 153.5 153.5 153.5 153.5 153.5 153.5 153.5 153.5 153.5 153.5 153.5 153.5 153.5 153.5 153.5 153.5 153.5 153.5 153.5 153.5 153.5 153.5 153.5 153.5 153.5 153.5 153.5 153.5 153.5 153.5 153.5 153.5 153.5 153.5 153.5 153.5 153.5 153.5 153.5 153.5 153.5 153.5 153.5 141.9 141.9 141.9 141.9 141.9 141.9 141.9 141.9 141.9 141.9 141.9 141.9 141.9 141.9 141.9 141.9 141.9 141.9 141.9 141.9 141.9 141.9 141.9 141.9 141.9 141.9 141.9 141.9 141.9 
162.1 162.1 162.1 162.1 162.1 162.1 162.1 162.1 162.1 162.1 162.1 153.5 153.5 153.5 153.5 153.5 153.5 153.5 153.5 153.5 153.5 153.5 153.5 153.5 153.5 153.5 153.5 153.5 153.5 153.5 153.5 153.5 153.5 153.5 153.5 153.5 153.5 153.5 153.5 153.5 153.5 153.5 153.5 153.5 153.5 153.5 153.5 153.5 153.5 153.5 153.5 153.5 153.5 153.5 153.5 153.5 153.5 153.5 153.5 153.5 153.5 153.5 153.5 153.5 153.5 153.5 153.5 153.5 153.5 153.5 153.5 141.9 141.9 141.9 141.9 141.9 141.9 141.9 141.9 141.9 141.9 141.9 141.9 141.9 141.9 141.9 141.9 141.9 141.9 141.9 141.9 141.9 141.9 141.9 141.9 141.9 141.9 141.9 141.9 141.9 
162.1 162.1 162.1 162.1 162.1 162.1 162.1 162.1 162.1 162.1 162.1 153.5 153.5 153.5 153.5 153.5 153.5 153.5 153.5 153.5 153.5 153.5 153.5 153.5 153.5 153.5 153.5 153.5 153.5 153.5 153.5 153.5 153.5 153.5 153.5 153.5 153.5 153.5 153.5 153.5 153.5 153.5 153.5 153.5 153.5 153.5 153.5 153.5 153.5 153.5 153.5 153.5 153.5 153.5 153.5 153.5 153.5 153.5 153.5 153.5 153.5 153.5 153.5 153.5 153.5 153.5 153.5 153.5 153.5 153.5 153.5 141.9 141.9 141.9 141.9 141.9 141.9 141.9 141.9 141.9 141.9 141.9 141.9 141.9 141.9 141.9 141.9 141.9 141.9 141.9 141.9 141.9 141.9 141.9 141.9 141.9 141.9 141.9 141.9 141.9 
195.1 195.1 195.1 195.1 195.1 195.1 195.1 195.1 195.1 195.1 195.1 184.8 184.8 184.8 184.8 184.8 184.8 184.8 184.8 184.8 184.8 184.8 184.8 184.8 184.8 184.8 184.8 184.8 184.8 184.8 184.8 184.8 184.8 184.8 184.8 184.8 184.8 184.8 184.8 184.8 184.8 184.8 184.8 184.8 184.8 184.8 184.8 184.8 184.8 184.8 184.8 184.8 184.8 184.8 184.8 184.8 184.8 184.8 184.8 184.8 184.8 184.8 184.8 184.8 184.8 184.8 184.8 184.8 184.8 184.8 184.8 166.7 166.7 166.7 166.7 166.7 166.7 166.7 166.7 166.7 166.7 166.7 166.7 166.7 166.7 166.7 166.7 166.7 166.7 166.7 166.7 166.7 166.7 166.7 166.7 166.7 166.7 166.7 166.7 166.7 
195.1 195.1 195.1 195.1 195.1 195.1 195.1 195.1 195.1 195.1 195.1 184.8 184.8 184.8 184.8 184.8 184.8 184.8 184.8 184.8 184.8 184.8 184.8 184.8 184.8 184.8 184.8 184.8 184.8 184.8 184.8 184.8 184.8 184.8 184.8 184.8 184.8 184.8 184.8 184.8 184.8 184.8 184.8 184.8 184.8 184.8 184.8 184.8 184.8 184.8 184.8 184.8 184.8 184.8 184.8 184.8 184.8 184.8 184.8 184.8 184.8 184.8 184.8 184.8 184.8 184.8 184.8 184.8 184.8 184.8 184.8 166.7 166.7 166.7 166.7 166.7 166.7 166.7 166.7 166.7 166.7 166.7 166.7 166.7 166.7 166.7 166.7 166.7 166.7 166.7 166.7 166.7 166.7 166.7 166.7 166.7 166.7 166.7 166.7 166.7 
195.1 195.1 195.1 195.1 195.1 195.1 195.1 195.1 195.1 195.1 195.1 184.8 184.8 184.8 184.8 184.8 184.8 184.8 184.8 184.8 184.8 184.8 184.8 184.8 184.8 184.8 184.8 184.8 184.8 184.8 184.8 184.8 184.8 184.8 184.8 184.8 184.8 184.8 184.8 184.8 184.8 184.8 184.8 184.8 184.8 184.8 184.8 184.8 184.8 184.8 184.8 184.8 184.8 184.8 184.8 184.8 184.8 184.8 184.8 184.8 184.8 184.8 184.8 184.8 184.8 184.8 184.8 184.8 184.8 184.8 184.8 166.7 166.7 166.7 166.7 166.7 166.7 166.7 166.7 166.7 166.7 166.7 166.7 166.7 166.7 166.7 166.7 166.7 166.7 166.7 166.7 166.7 166.7 166.7 166.7 166.7 166.7 166.7 166.7 166.7 
195.1 195.1 195.1 195.1 195.1 195.1 195.1 195.1 195.1 195.1 195.1 184.8 184.8 184.8 184.8 184.8 184.8 184.8 184.8 184.8 184.8 184.8 184.8 184.8 184.8 184.8 184.8 184.8 184.8 184.8 184.8 184.8 184.8 184.8 184.8 184.8 184.8 184.8 184.8 184.8 184.8 184.8 184.8 184.8 184.8 184.8 184.8 184.8 184.8 184.8 184.8 184.8 184.8 184.8 184.8 184.8 184.8 184.8 184.8 184.8 184.8 184.8 184.8 184.8 184.8 184.8 184.8 184.8 184.8 184.8 184.8 166.7 166.7 166.7 166.7 166.7 166.7 166.7 166.7 166.7 166.7 166.7 166.7 166.7 166.7 166.7 166.7 166.7 166.7 166.7 166.7 166.7 166.7 166.7 166.7 166.7 166.7 166.7 166.7 166.7 
195.1 195.1 195.1 195.1 195.1 195.1 195.1 195.1 195.1 195.1 195.1 184.8 184.8 184.8 184.8 184.8 184.8 184.8 184.8 184.8 184.8 184.8 184.8 184.8 184.8 184.8 184.8 184.8 184.8 184.8 184.8 184.8 184.8 184.8 184.8 184.8 184.8 184.8 184.8 184.8 184.8 184.8 184.8 184.8 184.8 184.8 184.8 184.8 184.8 184.8 184.8 184.8 184.8 184.8 184.8 184.8 184.8 184.8 184.8 184.8 184.8 184.8 184.8 184.8 184.8 184.8 184.8 184.8 184.8 184.8 184.8 166.7 166.7 166.7 166.7 166.7 166.7 166.7 166.7 166.7 166.7 166.7 166.7 166.7 166.7 166.7 166.7 166.7 166.7 166.7 166.7 166.7 166.7 166.7 166.7 166.7 166.7 166.7 166.7 166.7 
195.1 195.1 195.1 195.1 195.1 195.1 195.1 195.1 195.1 195.1 195.1 184.8 184.8 184.8 184.8 184.8 184.8 184.8 184.8 184.8 184.8 184.8 184.8 184.8 184.8 184.8 184.8 184.8 184.8 184.8 184.8 184.8 184.8 184.8 184.8 184.8 184.8 184.8 184.8 184.8 184.8 184.8 184.8 184.8 184.8 184.8 184.8 184.8 184.8 184.8 184.8 184.8 184.8 184.8 184.8 184.8 184.8 184.8 184.8 184.8 184.8 184.8 184.8 184.8 184.8 184.8 184.8 184.8 184.8 184.8 184.8 166.7 166.7 166.7 166.7 166.7 166.7 166.7 166.7 166.7 166.7 166.7 166.7 166.7 166.7 166.7 166.7 166.7 166.7 166.7 166.7 166.7 166.7 166.7 166.7 166.7 166.7 166.7 166.7 166.7 
195.1 195.1 195.1 195.1 195.1 195.1 195.1 195.1 195.1 195.1 195.1 184.8 184.8 184.8 184.8 184.8 184.8 184.8 184.8 184.8 184.8 184.8 184.8 184.8 184.8 184.8 184.8 184.8 184.8 184.8 184.8 184.8 184.8 184.8 184.8 184.8 184.8 184.8 184.8 184.8 184.8 184.8 184.8 184.8 184.8 184.8 184.8 184.8 184.8 184.8 184.8 184.8 184.8 184.8 184.8 184.8 184.8 184.8 184.8 184.8 184.8 184.8 184.8 184.8 184.8 184.8 184.8 184.8 184.8 184.8 184.8 166.7 166.7 166.7 166.7 166.7 166.7 166.7 166.7 166.7 166.7 166.7 166.7 166.7 166.7 166.7 166.7 166.7 166.7 166.7 166.7 166.7 166.7 166.7 166.7 166.7 166.7 166.7 166.7 166.7 
195.1 195.1 195.1 195.1 195.1 195.1 195.1 195.1 195.1 195.1 195.1 184.8 184.8 184.8 184.8 184.8 184.8 184.8 184.8 184.8 184.8 184.8 184.8 184.8 184.8 184.8 184.8 184.8 184.8 184.8 184.8 184.8 184.8 184.8 184.8 184.8 184.8 184.8 184.8 184.8 184.8 184.8 184.8 184.8 184.8 184.8 184.8 184.8 184.8 184.8 184.8 184.8 184.8 184.8 184.8 184.8 184.8 184.8 184.8 184.8 184.8 184.8 184.8 184.8 184.8 184.8 184.8 184.8 184.8 184.8 184.8 166.7 166.7 166.7 166.7 166.7 166.7 166.7 166.7 166.7 166.7 166.7 166.7 166.7 166.7 166.7 166.7 166.7 166.7 166.7 166.7 166.7 166.7 166.7 166.7 166.7 166.7 166.7 166.7 166.7 
195.1 195.1 195.1 195.1 195.1 195.1 195.1 195.1 195.1 195.1 195.1 184.8 184.8 184.8 184.8 184.8 184.8 184.8 184.8 184.8 184.8 184.8 184.8 184.8 184.8 184.8 184.8 184.8 184.8 184.8 184.8 184.8 184.8 184.8 184.8 184.8 184.8 184.8 184.8 184.8 184.8 184.8 184.8 184.8 184.8 184.8 184.8 184.8 184.8 184.8 184.8 184.8 184.8 184.8 184.8 184.8 184.8 184.8 184.8 184.8 184.8 184.8 184.8 184.8 184.8 184.8 184.8 184.8 184.8 184.8 184.8 166.7 166.7 166.7 166.7 166.7 166.7 166.7 166.7 166.7 166.7 166.7 166.7 166.7 166.7 166.7 166.7 166.7 166.7 166.7 166.7 166.7 166.7 166.7 166.7 166.7 166.7 166.7 166.7 166.7 
195.1 195.1 195.1 195.1 195.1 195.1 195.1 195.1 195.1 195.1 195.1 184.8 184.8 184.8 184.8 184.8 184.8 184.8 184.8 184.8 184.8 184.8 184.8 184.8 184.8 184.8 184.8 184.8 184.8 184.8 184.8 184.8 184.8 184.8 184.8 184.8 184.8 184.8 184.8 184.8 184.8 184.8 184.8 184.8 184.8 184.8 184.8 184.8 184.8 184.8 184.8 184.8 184.8 184.8 184.8 184.8 184.8 184.8 184.8 184.8 184.8 184.8 184.8 184.8 184.8 184.8 184.8 184.8 184.8 184.8 184.8 166.7 166.7 166.7 166.7 166.7 166.7 166.7 166.7 166.7 166.7 166.7 166.7 166.7 166.7 166.7 166.7 166.7 166.7 166.7 166.7 166.7 166.7 166.7 166.7 166.7 166.7 166.7 166.7 166.7 
195.1 195.1 195.1 195.1 195.1 195.1 195.1 195.1 195.1 195.1 195.1 184.8 184.8 184.8 184.8 184.8 184.8 184.8 184.8 184.8 184.8 184.8 184.8 184.8 184.8 184.8 184.8 184.8 184.8 184.8 184.8 184.8 184.8 184.8 184.8 184.8 184.8 184.8 184.8 184.8 184.8 184.8 184.8 184.8 184.8 184.8 184.8 184.8 184.8 184.8 184.8 184.8 184.8 184.8 184.8 184.8 184.8 184.8 184.8 184.8 184.8 184.8 184.8 184.8 184.8 184.8 184.8 184.8 184.8 184.8 184.8 166.7 166.7 166.7 166.7 166.7 166.7 166.7 166.7 166.7 166.7 166.7 166.7 166.7 166.7 166.7 166.7 166.7 166.7 166.7 166.7 166.7 166.7 166.7 166.7 166.7 166.7 166.7 166.7 166.7 
195.1 195.1 195.1 195.1 195.1 195.1 195.1 195.1 195.1 195.1 195.1 184.8 184.8 184.8 184.8 184.8 184.8 184.8 184.8 184.8 184.8 184.8 184.8 184.8 184.8 184.8 184.8 184.8 184.8 184.8 184.8 184.8 184.8 184.8 184.8 184.8 184.8 184.8 184.8 184.8 184.8 184.8 184.8 184.8 184.8 184.8 184.8 184.8 184.8 184.8 184.8 184.8 184.8 184.8 184.8 184.8 184.8 184.8 184.8 184.8 184.8 184.8 184.8 184.8 184.8 184.8 184.8 184.8 184.8 184.8 184.8 166.7 166.7 166.7 166.7 166.7 166.7 166.7 166.7 166.7 166.7 166.7 166.7 166.7 166.7 166.7 166.7 166.7 166.7 166.7 166.7 166.7 166.7 166.7 166.7 166.7 166.7 166.7 166.7 166.7 
195.1 195.1 195.1 195.1 195.1 195.1 195.1 195.1 195.1 195.1 195.1 184.8 184.8 184.8 184.8 184.8 184.8 184.8 184.8 184.8 184.8 184.8 184.8 184.8 184.8 184.8 184.8 184.8 184.8 184.8 184.8 184.8 184.8 184.8 184.8 184.8 184.8 184.8 184.8 184.8 184.8 184.8 184.8 184.8 184.8 184.8 184.8 184.8 184.8 184.8 184.8 184.8 184.8 184.8 184.8 184.8 184.8 184.8 184.8 184.8 184.8 184.8 184.8 184.8 184.8 184.8 184.8 184.8 184.8 184.8 184.8 166.7 166.7 166.7 166.7 166.7 166.7 166.7 166.7 166.7 166.7 166.7 166.7 166.7 166.7 166.7 166.7 166.7 166.7 166.7 166.7 166.7 166.7 166.7 166.7 166.7 166.7 166.7 166.7 166.7 
195.1 195.1 195.1 195.1 195.1 195.1 195.1 195.1 195.1 195.1 195.1 184.8 184.8 184.8 184.8 184.8 184.8 184.8 184.8 184.8 184.8 184.8 184.8 184.8 184.8 184.8 184.8 184.8 184.8 184.8 184.8 184.8 184.8 184.8 184.8 184.8 184.8 184.8 184.8 184.8 184.8 184.8 184.8 184.8 184.8 184.8 184.8 184.8 184.8 184.8 184.8 184.8 184.8 184.8 184.8 184.8 184.8 184.8 184.8 184.8 184.8 184.8 184.8 184.8 184.8 184.8 184.8 184.8 184.8 184.8 184.8 166.7 166.7 166.7 166.7 166.7 166.7 166.7 166.7 166.7 166.7 166.7 166.7 166.7 166.7 166.7 166.7 166.7 166.7 166.7 166.7 166.7 166.7 166.7 166.7 166.7 166.7 166.7 166.7 166.7 
195.1 195.1 195.1 195.1 195.1 195.1 195.1 195.1 195.1 195.1 195.1 184.8 184.8 184.8 184.8 184.8 184.8 184.8 184.8 184.8 184.8 184.8 184.8 184.8 184.8 184.8 184.8 184.8 184.8 184.8 184.8 184.8 184.8 184.8 184.8 184.8 184.8 184.8 184.8 184.8 184.8 184.8 184.8 184.8 184.8 184.8 184.8 184.8 184.8 184.8 184.8 184.8 184.8 184.8 184.8 184.8 184.8 184.8 184.8 184.8 184.8 184.8 184.8 184.8 184.8 184.8 184.8 184.8 184.8 184.8 184.8 166.7 166.7 166.7 166.7 166.7 166.7 166.7 166.7 166.7 166.7 166.7 166.7 166.7 166.7 166.7 166.7 166.7 166.7 166.7 166.7 166.7 166.7 166.7 166.7 166.7 166.7 166.7 166.7 166.7 
195.1 195.1 195.1 195.1 195.1 195.1 195.1 195.1 195.1 195.1 195.1 184.8 184.8 184.8 184.8 184.8 184.8 184.8 184.8 184.8 184.8 184.8 184.8 184.8 184.8 184.8 184.8 184.8 184.8 184.8 184.8 184.8 184.8 184.8 184.8 184.8 184.8 184.8 184.8 184.8 184.8 184.8 184.8 184.8 184.8 184.8 184.8 184.8 184.8 184.8 184.8 184.8 184.8 184.8 184.8 184.8 184.8 184.8 184.8 184.8 184.8 184.8 184.8 184.8 184.8 184.8 184.8 184.8 184.8 184.8 184.8 166.7 166.7 166.7 166.7 166.7 166.7 166.7 166.7 166.7 166.7 166.7 166.7 166.7 166.7 166.7 166.7 166.7 166.7 166.7 166.7 166.7 166.7 166.7 166.7 166.7 166.7 166.7 166.7 166.7 
195.1 195.1 195.1 195.1 195.1 195.1 195.1 195.1 195.1 195.1 195.1 184.8 184.8 184.8 184.8 184.8 184.8 184.8 184.8 184.8 184.8 184.8 184.8 184.8 184.8 184.8 184.8 184.8 184.8 184.8 184.8 184.8 184.8 184.8 184.8 184.8 184.8 184.8 184.8 184.8 184.8 184.8 184.8 184.8 184.8 184.8 184.8 184.8 184.8 184.8 184.8 184.8 184.8 184.8 184.8 184.8 184.8 184.8 184.8 184.8 184.8 184.8 184.8 184.8 184.8 184.8 184.8 184.8 184.8 184.8 184.8 166.7 166.7 166.7 166.7 166.7 166.7 166.7 166.7 166.7 166.7 166.7 166.7 166.7 166.7 166.7 166.7 166.7 166.7 166.7 166.7 166.7 166.7 166.7 166.7 166.7 166.7 166.7 166.7 166.7 
195.1 195.1 195.1 195.1 195.1 195.1 195.1 195.1 195.1 195.1 195.1 184.8 184.8 184.8 184.8 184.8 184.8 184.8 184.8 184.8 184.8 184.8 184.8 184.8 184.8 184.8 184.8 184.8 184.8 184.8 184.8 184.8 184.8 184.8 184.8 184.8 184.8 184.8 184.8 184.8 184.8 184.8 184.8 184.8 184.8 184.8 184.8 184.8 184.8 184.8 184.8 184.8 184.8 184.8 184.8 184.8 184.8 184.8 184.8 184.8 184.8 184.8 184.8 184.8 184.8 184.8 184.8 184.8 184.8 184.8 184.8 166.7 166.7 166.7 166.7 166.7 166.7 166.7 166.7 166.7 166.7 166.7 166.7 166.7 166.7 166.7 166.7 166.7 166.7 166.7 166.7 166.7 166.7 166.7 166.7 166.7 166.7 166.7 166.7 166.7 
195.1 195.1 195.1 195.1 195.1 195.1 195.1 195.1 195.1 195.1 195.1 184.8 184.8 184.8 184.8 184.8 184.8 184.8 184.8 184.8 184.8 184.8 184.8 184.8 184.8 184.8 184.8 184.8 184.8 184.8 184.8 184.8 184.8 184.8 184.8 184.8 184.8 184.8 184.8 184.8 184.8 184.8 184.8 184.8 184.8 184.8 184.8 184.8 184.8 184.8 184.8 184.8 184.8 184.8 184.8 184.8 184.8 184.8 184.8 184.8 184.8 184.8 184.8 184.8 184.8 184.8 184.8 184.8 184.8 184.8 184.8 166.7 166.7 166.7 166.7 166.7 166.7 166.7 166.7 166.7 166.7 166.7 166.7 166.7 166.7 166.7 166.7 166.7 166.7 166.7 166.7 166.7 166.7 166.7 166.7 166.7 166.7 166.7 166.7 166.7 
195.1 195.1 195.1 195.1 195.1 195.1 195.1 195.1 195.1 195.1 195.1 184.8 184.8 184.8 184.8 184.8 184.8 184.8 184.8 184.8 184.8 184.8 184.8 184.8 184.8 184.8 184.8 184.8 184.8 184.8 184.8 184.8 184.8 184.8 184.8 184.8 184.8 184.8 184.8 184.8 184.8 184.8 184.8 184.8 184.8 184.8 184.8 184.8 184.8 184.8 184.8 184.8 184.8 184.8 184.8 184.8 184.8 184.8 184.8 184.8 184.8 184.8 184.8 184.8 184.8 184.8 184.8 184.8 184.8 184.8 184.8 166.7 166.7 166.7 166.7 166.7 166.7 166.7 166.7 166.7 166.7 166.7 166.7 166.7 166.7 166.7 166.7 166.7 166.7 166.7 166.7 166.7 166.7 166.7 166.7 166.7 166.7 166.7 166.7 166.7 
195.1 195.1 195.1 195.1 195.1 195.1 195.1 195.1 195.1 195.1 195.1 184.8 184.8 184.8 184.8 184.8 184.8 184.8 184.8 184.8 184.8 184.8 184.8 184.8 184.8 184.8 184.8 184.8 184.8 184.8 184.8 184.8 184.8 184.8 184.8 184.8 184.8 184.8 184.8 184.8 184.8 184.8 184.8 184.8 184.8 184.8 184.8 184.8 184.8 184.8 184.8 184.8 184.8 184.8 184.8 184.8 184.8 184.8 184.8 184.8 184.8 184.8 184.8 184.8 184.8 184.8 184.8 184.8 184.8 184.8 184.8 166.7 166.7 166.7 166.7 166.7 166.7 166.7 166.7 166.7 166.7 166.7 166.7 166.7 166.7 166.7 166.7 166.7 166.7 166.7 166.7 166.7 166.7 166.7 166.7 166.7 166.7 166.7 166.7 166.7 
195.1 195.1 195.1 195.1 195.1 195.1 195.1 195.1 195.1 195.1 195.1 184.8 184.8 184.8 184.8 184.8 184.8 184.8 184.8 184.8 184.8 184.8 184.8 184.8 184.8 184.8 184.8 184.8 184.8 184.8 184.8 184.8 184.8 184.8 184.8 184.8 184.8 184.8 184.8 184.8 184.8 184.8 184.8 184.8 184.8 184.8 184.8 184.8 184.8 184.8 184.8 184.8 184.8 184.8 184.8 184.8 184.8 184.8 184.8 184.8 184.8 184.8 184.8 184.8 184.8 184.8 184.8 184.8 184.8 184.8 184.8 166.7 166.7 166.7 166.7 166.7 166.7 166.7 166.7 166.7 166.7 166.7 166.7 166.7 166.7 166.7 166.7 166.7 166.7 166.7 166.7 166.7 166.7 166.7 166.7 166.7 166.7 166.7 166.7 166.7 
195.1 195.1 195.1 195.1 195.1 195.1 195.1 195.1 195.1 195.1 195.1 184.8 184.8 184.8 184.8 184.8 184.8 184.8 184.8 184.8 184.8 184.8 184.8 184.8 184.8 184.8 184.8 184.8 184.8 184.8 184.8 184.8 184.8 184.8 184.8 184.8 184.8 184.8 184.8 184.8 184.8 184.8 184.8 184.8 184.8 184.8 184.8 184.8 184.8 184.8 184.8 184.8 184.8 184.8 184.8 184.8 184.8 184.8 184.8 184.8 184.8 184.8 184.8 184.8 184.8 184.8 184.8 184.8 184.8 184.8 184.8 166.7 166.7 166.7 166.7 166.7 166.7 166.7 166.7 166.7 166.7 166.7 166.7 166.7 166.7 166.7 166.7 166.7 166.7 166.7 166.7 166.7 166.7 166.7 166.7 166.7 166.7 166.7 166.7 166.7 
195.1 195.1 195.1 195.1 195.1 195.1 195.1 195.1 195.1 195.1 195.1 184.8 184.8 184.8 184.8 184.8 184.8 184.8 184.8 184.8 184.8 184.8 184.8 184.8 184.8 184.8 184.8 184.8 184.8 184.8 184.8 184.8 184.8 184.8 184.8 184.8 184.8 184.8 184.8 184.8 184.8 184.8 184.8 184.8 184.8 184.8 184.8 184.8 184.8 184.8 184.8 184.8 184.8 184.8 184.8 184.8 184.8 184.8 184.8 184.8 184.8 184.8 184.8 184.8 184.8 184.8 184.8 184.8 184.8 184.8 184.8 166.7 166.7 166.7 166.7 166.7 166.7 166.7 166.7 166.7 166.7 166.7 166.7 166.7 166.7 166.7 166.7 166.7 166.7 166.7 166.7 166.7 166.7 166.7 166.7 166.7 166.7 166.7 166.7 166.7 
195.1 195.1 195.1 195.1 195.1 195.1 195.1 195.1 195.1 195.1 195.1 184.8 184.8 184.8 184.8 184.8 184.8 184.8 184.8 184.8 184.8 184.8 184.8 184.8 184.8 184.8 184.8 184.8 184.8 184.8 184.8 184.8 184.8 184.8 184.8 184.8 184.8 184.8 184.8 184.8 184.8 184.8 184.8 184.8 184.8 184.8 184.8 184.8 184.8 184.8 184.8 184.8 184.8 184.8 184.8 184.8 184.8 184.8 184.8 184.8 184.8 184.8 184.8 184.8 184.8 184.8 184.8 184.8 184.8 184.8 184.8 166.7 166.7 166.7 166.7 166.7 166.7 166.7 166.7 166.7 166.7 166.7 166.7 166.7 166.7 166.7 166.7 166.7 166.7 166.7 166.7 166.7 166.7 166.7 166.7 166.7 166.7 166.7 166.7 166.7 
195.1 195.1 195.1 195.1 195.1 195.1 195.1 195.1 195.1 195.1 195.1 184.8 184.8 184.8 184.8 184.8 184.8 184.8 184.8 184.8 184.8 184.8 184.8 184.8 184.8 184.8 184.8 184.8 184.8 184.8 184.8 184.8 184.8 184.8 184.8 184.8 184.8 184.8 184.8 184.8 184.8 184.8 184.8 184.8 184.8 184.8 184.8 184.8 184.8 184.8 184.8 184.8 184.8 184.8 184.8 184.8 184.8 184.8 184.8 184.8 184.8 184.8 184.8 184.8 184.8 184.8 184.8 184.8 184.8 184.8 184.8 166.7 166.7 166.7 166.7 166.7 166.7 166.7 166.7 166.7 166.7 166.7 166.7 166.7 166.7 166.7 166.7 166.7 166.7 166.7 166.7 166.7 166.7 166.7 166.7 166.7 166.7 166.7 166.7 166.7 
195.1 195.1 195.1 195.1 195.1 195.1 195.1 195.1 195.1 195.1 195.1 184.8 184.8 184.8 184.8 184.8 184.8 184.8 184.8 184.8 184.8 184.8 184.8 184.8 184.8 184.8 184.8 184.8 184.8 184.8 184.8 184.8 184.8 184.8 184.8 184.8 184.8 184.8 184.8 184.8 184.8 184.8 184.8 184.8 184.8 184.8 184.8 184.8 184.8 184.8 184.8 184.8 184.8 184.8 184.8 184.8 184.8 184.8 184.8 184.8 184.8 184.8 184.8 184.8 184.8 184.8 184.8 184.8 184.8 184.8 184.8 166.7 166.7 166.7 166.7 166.7 166.7 166.7 166.7 166.7 166.7 166.7 166.7 166.7 166.7 166.7 166.7 166.7 166.7 166.7 166.7 166.7 166.7 166.7 166.7 166.7 166.7 166.7 166.7 166.7 
195.1 195.1 195.1 195.1 195.1 195.1 195.1 195.1 195.1 195.1 195.1 184.8 184.8 184.8 184.8 184.8 184.8 184.8 184.8 184.8 184.8 184.8 184.8 184.8 184.8 184.8 184.8 184.8 184.8 184.8 184.8 184.8 184.8 184.8 184.8 184.8 184.8 184.8 184.8 184.8 184.8 184.8 184.8 184.8 184.8 184.8 184.8 184.8 184.8 184.8 184.8 184.8 184.8 184.8 184.8 184.8 184.8 184.8 184.8 184.8 184.8 184.8 184.8 184.8 184.8 184.8 184.8 184.8 184.8 184.8 184.8 166.7 166.7 166.7 166.7 166.7 166.7 166.7 166.7 166.7 166.7 166.7 166.7 166.7 166.7 166.7 166.7 166.7 166.7 166.7 166.7 166.7 166.7 166.7 166.7 166.7 166.7 166.7 166.7 166.7 
195.1 195.1 195.1 195.1 195.1 195.1 195.1 195.1 195.1 195.1 195.1 184.8 184.8 184.8 184.8 184.8 184.8 184.8 184.8 184.8 184.8 184.8 184.8 184.8 184.8 184.8 184.8 184.8 184.8 184.8 184.8 184.8 184.8 184.8 184.8 184.8 184.8 184.8 184.8 184.8 184.8 184.8 184.8 184.8 184.8 184.8 184.8 184.8 184.8 184.8 184.8 184.8 184.8 184.8 184.8 184.8 184.8 184.8 184.8 184.8 184.8 184.8 184.8 184.8 184.8 184.8 184.8 184.8 184.8 184.8 184.8 166.7 166.7 166.7 166.7 166.7 166.7 166.7 166.7 166.7 166.7 166.7 166.7 166.7 166.7 166.7 166.7 166.7 166.7 166.7 166.7 166.7 166.7 166.7 166.7 166.7 166.7 166.7 166.7 166.7 
195.1 195.1 195.1 195.1 195.1 195.1 195.1 195.1 195.1 195.1 195.1 184.8 184.8 184.8 184.8 184.8 184.8 184.8 184.8 184.8 184.8 184.8 184.8 184.8 184.8 184.8 184.8 184.8 184.8 184.8 184.8 184.8 184.8 184.8 184.8 184.8 184.8 184.8 184.8 184.8 184.8 184.8 184.8 184.8 184.8 184.8 184.8 184.8 184.8 184.8 184.8 184.8 184.8 184.8 184.8 184.8 184.8 184.8 184.8 184.8 184.8 184.8 184.8 184.8 184.8 184.8 184.8 184.8 184.8 184.8 184.8 166.7 166.7 166.7 166.7 166.7 166.7 166.7 166.7 166.7 166.7 166.7 166.7 166.7 166.7 166.7 166.7 166.7 166.7 166.7 166.7 166.7 166.7 166.7 166.7 166.7 166.7 166.7 166.7 166.7 
195.1 195.1 195.1 195.1 195.1 195.1 195.1 195.1 195.1 195.1 195.1 184.8 184.8 184.8 184.8 184.8 184.8 184.8 184.8 184.8 184.8 184.8 184.8 184.8 184.8 184.8 184.8 184.8 184.8 184.8 184.8 184.8 184.8 184.8 184.8 184.8 184.8 184.8 184.8 184.8 184.8 184.8 184.8 184.8 184.8 184.8 184.8 184.8 184.8 184.8 184.8 184.8 184.8 184.8 184.8 184.8 184.8 184.8 184.8 184.8 184.8 184.8 184.8 184.8 184.8 184.8 184.8 184.8 184.8 184.8 184.8 166.7 166.7 166.7 166.7 166.7 166.7 166.7 166.7 166.7 166.7 166.7 166.7 166.7 166.7 166.7 166.7 166.7 166.7 166.7 166.7 166.7 166.7 166.7 166.7 166.7 166.7 166.7 166.7 166.7 
