ncols         100
nrows         100
xllcorner     -59982.863281
yllcorner     1851083.022172
cellsize      1000
NODATA_value  -9999
105.4 105.4 105.4 105.4 105.4 105.4 105.4 105.4 105.4 105.4 105.4 108.1 108.1 108.1 108.1 108.1 108.1 108.1 108.1 108.1 108.1 108.1 108.1 108.1 108.1 108.1 108.1 108.1 108.1 108.1 108.1 108.1 108.1 108.1 108.1 108.1 108.1 108.1 108.1 108.1 108.1 108.1 108.1 108.1 108.1 108.1 108.1 108.1 108.1 108.1 108.1 108.1 108.1 108.1 108.1 108.1 108.1 108.1 108.1 108.1 108.1 108.1 108.1 108.1 108.1 108.1 108.1 108.1 108.1 108.1 108.1 100.7 100.7 100.7 100.7 100.7 100.7 100.7 100.7 100.7 100.7 100.7 100.7 100.7 100.7 100.7 100.7 100.7 100.7 100.7 100.7 100.7 100.7 100.7 100.7 100.7 100.7 100.7 100.7 100.7 
105.4 105.4 105.4 105.4 105.4 105.4 105.4 105.4 105.4 105.4 105.4 108.1 108.1 108.1 108.1 108.1 108.1 108.1 108.1 108.1 108.1 108.1 108.1 108.1 108.1 108.1 108.1 108.1 108.1 108.1 108.1 108.1 108.1 108.1 108.1 108.1 108.1 108.1 108.1 108.1 108.1 108.1 108.1 108.1 108.1 108.1 108.1 108.1 108.1 108.1 108.1 108.1 108.1 108.1 108.1 108.1 108.1 108.1 108.1 108.1 108.1 108.1 108.1 108.1 108.1 108.1 108.1 108.1 108.1 108.1 108.1 100.7 100.7 100.7 100.7 100.7 100.7 100.7 100.7 100.7 100.7 100.7 100.7 100.7 100.7 100.7 100.7 100.7 100.7 100.7 100.7 100.7 100.7 100.7 100.7 100.7 100.7 100.7 100.7 100.7 
105.4 105.4 105.4 105.4 105.4 105.4 105.4 105.4 105.4 105.4 105.4 108.1 108.1 108.1 108.1 108.1 108.1 108.1 108.1 108.1 108.1 108.1 108.1 108.1 108.1 108.1 108.1 108.1 108.1 108.1 108.1 108.1 108.1 108.1 108.1 108.1 108.1 108.1 108.1 108.1 108.1 108.1 108.1 108.1 108.1 108.1 108.1 108.1 108.1 108.1 108.1 108.1 108.1 108.1 108.1 108.1 108.1 108.1 108.1 108.1 108.1 108.1 108.1 108.1 108.1 108.1 108.1 108.1 108.1 108.1 108.1 100.7 100.7 100.7 100.7 100.7 100.7 100.7 100.7 100.7 100.7 100.7 100.7 100.7 100.7 100.7 100.7 100.7 100.7 100.7 100.7 100.7 100.7 100.7 100.7 100.7 100.7 100.7 100.7 100.7 
105.4 105.4 105.4 105.4 105.4 105.4 105.4 105.4 105.4 105.4 105.4 108.1 108.1 108.1 108.1 108.1 108.1 108.1 108.1 108.1 108.1 108.1 108.1 108.1 108.1 108.1 108.1 108.1 108.1 108.1 108.1 108.1 108.1 108.1 108.1 108.1 108.1 108.1 108.1 108.1 108.1 108.1 108.1 108.1 108.1 108.1 108.1 108.1 108.1 108.1 108.1 108.1 108.1 108.1 108.1 108.1 108.1 108.1 108.1 108.1 108.1 108.1 108.1 108.1 108.1 108.1 108.1 108.1 108.1 108.1 108.1 100.7 100.7 100.7 100.7 100.7 100.7 100.7 100.7 100.7 100.7 100.7 100.7 100.7 100.7 100.7 100.7 100.7 100.7 100.7 100.7 100.7 100.7 100.7 100.7 100.7 100.7 100.7 100.7 100.7 
105.4 105.4 105.4 105.4 105.4 105.4 105.4 105.4 105.4 105.4 105.4 108.1 108.1 108.1 108.1 108.1 108.1 108.1 108.1 108.1 108.1 108.1 108.1 108.1 108.1 108.1 108.1 108.1 108.1 108.1 108.1 108.1 108.1 108.1 108.1 108.1 108.1 108.1 108.1 108.1 108.1 108.1 108.1 108.1 108.1 108.1 108.1 108.1 108.1 108.1 108.1 108.1 108.1 108.1 108.1 108.1 108.1 108.1 108.1 108.1 108.1 108.1 108.1 108.1 108.1 108.1 108.1 108.1 108.1 108.1 108.1 100.7 100.7 100.7 100.7 100.7 100.7 100.7 100.7 100.7 100.7 100.7 100.7 100.7 100.7 100.7 100.7 100.7 100.7 100.7 100.7 100.7 100.7 100.7 100.7 100.7 100.7 100.7 100.7 100.7 
105.4 105.4 105.4 105.4 105.4 105.4 105.4 105.4 105.4 105.4 105.4 108.1 108.1 108.1 108.1 108.1 108.1 108.1 108.1 108.1 108.1 108.1 108.1 108.1 108.1 108.1 108.1 108.1 108.1 108.1 108.1 108.1 108.1 108.1 108.1 108.1 108.1 108.1 108.1 108.1 108.1 108.1 108.1 108.1 108.1 108.1 108.1 108.1 108.1 108.1 108.1 108.1 108.1 108.1 108.1 108.1 108.1 108.1 108.1 108.1 108.1 108.1 108.1 108.1 108.1 108.1 108.1 108.1 108.1 108.1 108.1 100.7 100.7 100.7 100.7 100.7 100.7 100.7 100.7 100.7 100.7 100.7 100.7 100.7 100.7 100.7 100.7 100.7 100.7 100.7 100.7 100.7 100.7 100.7 100.7 100.7 100.7 100.7 100.7 100.7 
105.4 105.4 105.4 105.4 105.4 105.4 105.4 105.4 105.4 105.4 105.4 108.1 108.1 108.1 108.1 108.1 108.1 108.1 108.1 108.1 108.1 108.1 108.1 108.1 108.1 108.1 108.1 108.1 108.1 108.1 108.1 108.1 108.1 108.1 108.1 108.1 108.1 108.1 108.1 108.1 108.1 108.1 108.1 108.1 108.1 108.1 108.1 108.1 108.1 108.1 108.1 108.1 108.1 108.1 108.1 108.1 108.1 108.1 108.1 108.1 108.1 108.1 108.1 108.1 108.1 108.1 108.1 108.1 108.1 108.1 108.1 100.7 100.7 100.7 100.7 100.7 100.7 100.7 100.7 100.7 100.7 100.7 100.7 100.7 100.7 100.7 100.7 100.7 100.7 100.7 100.7 100.7 100.7 100.7 100.7 100.7 100.7 100.7 100.7 100.7 
105.4 105.4 105.4 105.4 105.4 105.4 105.4 105.4 105.4 105.4 105.4 108.1 108.1 108.1 108.1 108.1 108.1 108.1 108.1 108.1 108.1 108.1 108.1 108.1 108.1 108.1 108.1 108.1 108.1 108.1 108.1 108.1 108.1 108.1 108.1 108.1 108.1 108.1 108.1 108.1 108.1 108.1 108.1 108.1 108.1 108.1 108.1 108.1 108.1 108.1 108.1 108.1 108.1 108.1 108.1 108.1 108.1 108.1 108.1 108.1 108.1 108.1 108.1 108.1 108.1 108.1 108.1 108.1 108.1 108.1 108.1 100.7 100.7 100.7 100.7 100.7 100.7 100.7 100.7 100.7 100.7 100.7 100.7 100.7 100.7 100.7 100.7 100.7 100.7 100.7 100.7 100.7 100.7 100.7 100.7 100.7 100.7 100.7 100.7 100.7 
105.4 105.4 105.4 105.4 105.4 105.4 105.4 105.4 105.4 105.4 105.4 108.1 108.1 108.1 108.1 108.1 108.1 108.1 108.1 108.1 108.1 108.1 108.1 108.1 108.1 108.1 108.1 108.1 108.1 108.1 108.1 108.1 108.1 108.1 108.1 108.1 108.1 108.1 108.1 108.1 108.1 108.1 108.1 108.1 108.1 108.1 108.1 108.1 108.1 108.1 108.1 108.1 108.1 108.1 108.1 108.1 108.1 108.1 108.1 108.1 108.1 108.1 108.1 108.1 108.1 108.1 108.1 108.1 108.1 108.1 108.1 100.7 100.7 100.7 100.7 100.7 100.7 100.7 100.7 100.7 100.7 100.7 100.7 100.7 100.7 100.7 100.7 100.7 100.7 100.7 100.7 100.7 100.7 100.7 100.7 100.7 100.7 100.7 100.7 100.7 
117.2 117.2 117.2 117.2 117.2 117.2 117.2 117.2 117.2 117.2 117.2 125.4 125.4 125.4 125.4 125.4 125.4 125.4 125.4 125.4 125.4 125.4 125.4 125.4 125.4 125.4 125.4 125.4 125.4 125.4 125.4 125.4 125.4 125.4 125.4 125.4 125.4 125.4 125.4 125.4 125.4 125.4 125.4 125.4 125.4 125.4 125.4 125.4 125.4 125.4 125.4 125.4 125.4 125.4 125.4 125.4 125.4 125.4 125.4 125.4 125.4 125.4 125.4 125.4 125.4 125.4 125.4 125.4 125.4 125.4 125.4 117 117 117 117 117 117 117 117 117 117 117 117 117 117 117 117 117 117 117 117 117 117 117 117 117 117 117 117 117 
117.2 117.2 117.2 117.2 117.2 117.2 117.2 117.2 117.2 117.2 117.2 125.4 125.4 125.4 125.4 125.4 125.4 125.4 125.4 125.4 125.4 125.4 125.4 125.4 125.4 125.4 125.4 125.4 125.4 125.4 125.4 125.4 125.4 125.4 125.4 125.4 125.4 125.4 125.4 125.4 125.4 125.4 125.4 125.4 125.4 125.4 125.4 125.4 125.4 125.4 125.4 125.4 125.4 125.4 125.4 125.4 125.4 125.4 125.4 125.4 125.4 125.4 125.4 125.4 125.4 125.4 125.4 125.4 125.4 125.4 125.4 117 117 117 117 117 117 117 117 117 117 117 117 117 117 117 117 117 117 117 117 117 117 117 117 117 117 117 117 117 
117.2 117.2 117.2 117.2 117.2 117.2 117.2 117.2 117.2 117.2 117.2 125.4 125.4 125.4 125.4 125.4 125.4 125.4 125.4 125.4 125.4 125.4 125.4 125.4 125.4 125.4 125.4 125.4 125.4 125.4 125.4 125.4 125.4 125.4 125.4 125.4 125.4 125.4 125.4 125.4 125.4 125.4 125.4 125.4 125.4 125.4 125.4 125.4 125.4 125.4 125.4 125.4 125.4 125.4 125.4 125.4 125.4 125.4 125.4 125.4 125.4 125.4 125.4 125.4 125.4 125.4 125.4 125.4 125.4 125.4 125.4 117 117 117 117 117 117 117 117 117 117 117 117 117 117 117 117 117 117 117 117 117 117 117 117 117 117 117 117 117 
117.2 117.2 117.2 117.2 117.2 117.2 117.2 117.2 117.2 117.2 117.2 125.4 125.4 125.4 125.4 125.4 125.4 125.4 125.4 125.4 125.4 125.4 125.4 125.4 125.4 125.4 125.4 125.4 125.4 125.4 125.4 125.4 125.4 125.4 125.4 125.4 125.4 125.4 125.4 125.4 125.4 125.4 125.4 125.4 125.4 125.4 125.4 125.4 125.4 125.4 125.4 125.4 125.4 125.4 125.4 125.4 125.4 125.4 125.4 125.4 125.4 125.4 125.4 125.4 125.4 125.4 125.4 125.4 125.4 125.4 125.4 117 117 117 117 117 117 117 117 117 117 117 117 117 117 117 117 117 117 117 117 117 117 117 117 117 117 117 117 117 
117.2 117.2 117.2 117.2 117.2 117.2 117.2 117.2 117.2 117.2 117.2 125.4 125.4 125.4 125.4 125.4 125.4 125.4 125.4 125.4 125.4 125.4 125.4 125.4 125.4 125.4 125.4 125.4 125.4 125.4 125.4 125.4 125.4 125.4 125.4 125.4 125.4 125.4 125.4 125.4 125.4 125.4 125.4 125.4 125.4 125.4 125.4 125.4 125.4 125.4 125.4 125.4 125.4 125.4 125.4 125.4 125.4 125.4 125.4 125.4 125.4 125.4 125.4 125.4 125.4 125.4 125.4 125.4 125.4 125.4 125.4 117 117 117 117 117 117 117 117 117 117 117 117 117 117 117 117 117 117 117 117 117 117 117 117 117 117 117 117 117 
117.2 117.2 117.2 117.2 117.2 117.2 117.2 117.2 117.2 117.2 117.2 125.4 125.4 125.4 125.4 125.4 125.4 125.4 125.4 125.4 125.4 125.4 125.4 125.4 125.4 125.4 125.4 125.4 125.4 125.4 125.4 125.4 125.4 125.4 125.4 125.4 125.4 125.4 125.4 125.4 125.4 125.4 125.4 125.4 125.4 125.4 125.4 125.4 125.4 125.4 125.4 125.4 125.4 125.4 125.4 125.4 125.4 125.4 125.4 125.4 125.4 125.4 125.4 125.4 125.4 125.4 125.4 125.4 125.4 125.4 125.4 117 117 117 117 117 117 117 117 117 117 117 117 117 117 117 117 117 117 117 117 117 117 117 117 117 117 117 117 117 
117.2 117.2 117.2 117.2 117.2 117.2 117.2 117.2 117.2 117.2 117.2 125.4 125.4 125.4 125.4 125.4 125.4 125.4 125.4 125.4 125.4 125.4 125.4 125.4 125.4 125.4 125.4 125.4 125.4 125.4 125.4 125.4 125.4 125.4 125.4 125.4 125.4 125.4 125.4 125.4 125.4 125.4 125.4 125.4 125.4 125.4 125.4 125.4 125.4 125.4 125.4 125.4 125.4 125.4 125.4 125.4 125.4 125.4 125.4 125.4 125.4 125.4 125.4 125.4 125.4 125.4 125.4 125.4 125.4 125.4 125.4 117 117 117 117 117 117 117 117 117 117 117 117 117 117 117 117 117 117 117 117 117 117 117 117 117 117 117 117 117 
117.2 117.2 117.2 117.2 117.2 117.2 117.2 117.2 117.2 117.2 117.2 125.4 125.4 125.4 125.4 125.4 125.4 125.4 125.4 125.4 125.4 125.4 125.4 125.4 125.4 125.4 125.4 125.4 125.4 125.4 125.4 125.4 125.4 125.4 125.4 125.4 125.4 125.4 125.4 125.4 125.4 125.4 125.4 125.4 125.4 125.4 125.4 125.4 125.4 125.4 125.4 125.4 125.4 125.4 125.4 125.4 125.4 125.4 125.4 125.4 125.4 125.4 125.4 125.4 125.4 125.4 125.4 125.4 125.4 125.4 125.4 117 117 117 117 117 117 117 117 117 117 117 117 117 117 117 117 117 117 117 117 117 117 117 117 117 117 117 117 117 
117.2 117.2 117.2 117.2 117.2 117.2 117.2 117.2 117.2 117.2 117.2 125.4 125.4 125.4 125.4 125.4 125.4 125.4 125.4 125.4 125.4 125.4 125.4 125.4 125.4 125.4 125.4 125.4 125.4 125.4 125.4 125.4 125.4 125.4 125.4 125.4 125.4 125.4 125.4 125.4 125.4 125.4 125.4 125.4 125.4 125.4 125.4 125.4 125.4 125.4 125.4 125.4 125.4 125.4 125.4 125.4 125.4 125.4 125.4 125.4 125.4 125.4 125.4 125.4 125.4 125.4 125.4 125.4 125.4 125.4 125.4 117 117 117 117 117 117 117 117 117 117 117 117 117 117 117 117 117 117 117 117 117 117 117 117 117 117 117 117 117 
117.2 117.2 117.2 117.2 117.2 117.2 117.2 117.2 117.2 117.2 117.2 125.4 125.4 125.4 125.4 125.4 125.4 125.4 125.4 125.4 125.4 125.4 125.4 125.4 125.4 125.4 125.4 125.4 125.4 125.4 125.4 125.4 125.4 125.4 125.4 125.4 125.4 125.4 125.4 125.4 125.4 125.4 125.4 125.4 125.4 125.4 125.4 125.4 125.4 125.4 125.4 125.4 125.4 125.4 125.4 125.4 125.4 125.4 125.4 125.4 125.4 125.4 125.4 125.4 125.4 125.4 125.4 125.4 125.4 125.4 125.4 117 117 117 117 117 117 117 117 117 117 117 117 117 117 117 117 117 117 117 117 117 117 117 117 117 117 117 117 117 
117.2 117.2 117.2 117.2 117.2 117.2 117.2 117.2 117.2 117.2 117.2 125.4 125.4 125.4 125.4 125.4 125.4 125.4 125.4 125.4 125.4 125.4 125.4 125.4 125.4 125.4 125.4 125.4 125.4 125.4 125.4 125.4 125.4 125.4 125.4 125.4 125.4 125.4 125.4 125.4 125.4 125.4 125.4 125.4 125.4 125.4 125.4 125.4 125.4 125.4 125.4 125.4 125.4 125.4 125.4 125.4 125.4 125.4 125.4 125.4 125.4 125.4 125.4 125.4 125.4 125.4 125.4 125.4 125.4 125.4 125.4 117 117 117 117 117 117 117 117 117 117 117 117 117 117 117 117 117 117 117 117 117 117 117 117 117 117 117 117 117 
117.2 117.2 117.2 117.2 117.2 117.2 117.2 117.2 117.2 117.2 117.2 125.4 125.4 125.4 125.4 125.4 125.4 125.4 125.4 125.4 125.4 125.4 125.4 125.4 125.4 125.4 125.4 125.4 125.4 125.4 125.4 125.4 125.4 125.4 125.4 125.4 125.4 125.4 125.4 125.4 125.4 125.4 125.4 125.4 125.4 125.4 125.4 125.4 125.4 125.4 125.4 125.4 125.4 125.4 125.4 125.4 125.4 125.4 125.4 125.4 125.4 125.4 125.4 125.4 125.4 125.4 125.4 125.4 125.4 125.4 125.4 117 117 117 117 117 117 117 117 117 117 117 117 117 117 117 117 117 117 117 117 117 117 117 117 117 117 117 117 117 
117.2 117.2 117.2 117.2 117.2 117.2 117.2 117.2 117.2 117.2 117.2 125.4 125.4 125.4 125.4 125.4 125.4 125.4 125.4 125.4 125.4 125.4 125.4 125.4 125.4 125.4 125.4 125.4 125.4 125.4 125.4 125.4 125.4 125.4 125.4 125.4 125.4 125.4 125.4 125.4 125.4 125.4 125.4 125.4 125.4 125.4 125.4 125.4 125.4 125.4 125.4 125.4 125.4 125.4 125.4 125.4 125.4 125.4 125.4 125.4 125.4 125.4 125.4 125.4 125.4 125.4 125.4 125.4 125.4 125.4 125.4 117 117 117 117 117 117 117 117 117 117 117 117 117 117 117 117 117 117 117 117 117 117 117 117 117 117 117 117 117 
117.2 117.2 117.2 117.2 117.2 117.2 117.2 117.2 117.2 117.2 117.2 125.4 125.4 125.4 125.4 125.4 125.4 125.4 125.4 125.4 125.4 125.4 125.4 125.4 125.4 125.4 125.4 125.4 125.4 125.4 125.4 125.4 125.4 125.4 125.4 125.4 125.4 125.4 125.4 125.4 125.4 125.4 125.4 125.4 125.4 125.4 125.4 125.4 125.4 125.4 125.4 125.4 125.4 125.4 125.4 125.4 125.4 125.4 125.4 125.4 125.4 125.4 125.4 125.4 125.4 125.4 125.4 125.4 125.4 125.4 125.4 117 117 117 117 117 117 117 117 117 117 117 117 117 117 117 117 117 117 117 117 117 117 117 117 117 117 117 117 117 
117.2 117.2 117.2 117.2 117.2 117.2 117.2 117.2 117.2 117.2 117.2 125.4 125.4 125.4 125.4 125.4 125.4 125.4 125.4 125.4 125.4 125.4 125.4 125.4 125.4 125.4 125.4 125.4 125.4 125.4 125.4 125.4 125.4 125.4 125.4 125.4 125.4 125.4 125.4 125.4 125.4 125.4 125.4 125.4 125.4 125.4 125.4 125.4 125.4 125.4 125.4 125.4 125.4 125.4 125.4 125.4 125.4 125.4 125.4 125.4 125.4 125.4 125.4 125.4 125.4 125.4 125.4 125.4 125.4 125.4 125.4 117 117 117 117 117 117 117 117 117 117 117 117 117 117 117 117 117 117 117 117 117 117 117 117 117 117 117 117 117 
117.2 117.2 117.2 117.2 117.2 117.2 117.2 117.2 117.2 117.2 117.2 125.4 125.4 125.4 125.4 125.4 125.4 125.4 125.4 125.4 125.4 125.4 125.4 125.4 125.4 125.4 125.4 125.4 125.4 125.4 125.4 125.4 125.4 125.4 125.4 125.4 125.4 125.4 125.4 125.4 125.4 125.4 125.4 125.4 125.4 125.4 125.4 125.4 125.4 125.4 125.4 125.4 125.4 125.4 125.4 125.4 125.4 125.4 125.4 125.4 125.4 125.4 125.4 125.4 125.4 125.4 125.4 125.4 125.4 125.4 125.4 117 117 117 117 117 117 117 117 117 117 117 117 117 117 117 117 117 117 117 117 117 117 117 117 117 117 117 117 117 
117.2 117.2 117.2 117.2 117.2 117.2 117.2 117.2 117.2 117.2 117.2 125.4 125.4 125.4 125.4 125.4 125.4 125.4 125.4 125.4 125.4 125.4 125.4 125.4 125.4 125.4 125.4 125.4 125.4 125.4 125.4 125.4 125.4 125.4 125.4 125.4 125.4 125.4 125.4 125.4 125.4 125.4 125.4 125.4 125.4 125.4 125.4 125.4 125.4 125.4 125.4 125.4 125.4 125.4 125.4 125.4 125.4 125.4 125.4 125.4 125.4 125.4 125.4 125.4 125.4 125.4 125.4 125.4 125.4 125.4 125.4 117 117 117 117 117 117 117 117 117 117 117 117 117 117 117 117 117 117 117 117 117 117 117 117 117 117 117 117 117 
117.2 117.2 117.2 117.2 117.2 117.2 117.2 117.2 117.2 117.2 117.2 125.4 125.4 125.4 125.4 125.4 125.4 125.4 125.4 125.4 125.4 125.4 125.4 125.4 125.4 125.4 125.4 125.4 125.4 125.4 125.4 125.4 125.4 125.4 125.4 125.4 125.4 125.4 125.4 125.4 125.4 125.4 125.4 125.4 125.4 125.4 125.4 125.4 125.4 125.4 125.4 125.4 125.4 125.4 125.4 125.4 125.4 125.4 125.4 125.4 125.4 125.4 125.4 125.4 125.4 125.4 125.4 125.4 125.4 125.4 125.4 117 117 117 117 117 117 117 117 117 117 117 117 117 117 117 117 117 117 117 117 117 117 117 117 117 117 117 117 117 
117.2 117.2 117.2 117.2 117.2 117.2 117.2 117.2 117.2 117.2 117.2 125.4 125.4 125.4 125.4 125.4 125.4 125.4 125.4 125.4 125.4 125.4 125.4 125.4 125.4 125.4 125.4 125.4 125.4 125.4 125.4 125.4 125.4 125.4 125.4 125.4 125.4 125.4 125.4 125.4 125.4 125.4 125.4 125.4 125.4 125.4 125.4 125.4 125.4 125.4 125.4 125.4 125.4 125.4 125.4 125.4 125.4 125.4 125.4 125.4 125.4 125.4 125.4 125.4 125.4 125.4 125.4 125.4 125.4 125.4 125.4 117 117 117 117 117 117 117 117 117 117 117 117 117 117 117 117 117 117 117 117 117 117 117 117 117 117 117 117 117 
117.2 117.2 117.2 117.2 117.2 117.2 117.2 117.2 117.2 117.2 117.2 125.4 125.4 125.4 125.4 125.4 125.4 125.4 125.4 125.4 125.4 125.4 125.4 125.4 125.4 125.4 125.4 125.4 125.4 125.4 125.4 125.4 125.4 125.4 125.4 125.4 125.4 125.4 125.4 125.4 125.4 125.4 125.4 125.4 125.4 125.4 125.4 125.4 125.4 125.4 125.4 125.4 125.4 125.4 125.4 125.4 125.4 125.4 125.4 125.4 125.4 125.4 125.4 125.4 125.4 125.4 125.4 125.4 125.4 125.4 125.4 117 117 117 117 117 117 117 117 117 117 117 117 117 117 117 117 117 117 117 117 117 117 117 117 117 117 117 117 117 
117.2 117.2 117.2 117.2 117.2 117.2 117.2 117.2 117.2 117.2 117.2 125.4 125.4 125.4 125.4 125.4 125.4 125.4 125.4 125.4 125.4 125.4 125.4 125.4 125.4 125.4 125.4 125.4 125.4 125.4 125.4 125.4 125.4 125.4 125.4 125.4 125.4 125.4 125.4 125.4 125.4 125.4 125.4 125.4 125.4 125.4 125.4 125.4 125.4 125.4 125.4 125.4 125.4 125.4 125.4 125.4 125.4 125.4 125.4 125.4 125.4 125.4 125.4 125.4 125.4 125.4 125.4 125.4 125.4 125.4 125.4 117 117 117 117 117 117 117 117 117 117 117 117 117 117 117 117 117 117 117 117 117 117 117 117 117 117 117 117 117 
117.2 117.2 117.2 117.2 117.2 117.2 117.2 117.2 117.2 117.2 117.2 125.4 125.4 125.4 125.4 125.4 125.4 125.4 125.4 125.4 125.4 125.4 125.4 125.4 125.4 125.4 125.4 125.4 125.4 125.4 125.4 125.4 125.4 125.4 125.4 125.4 125.4 125.4 125.4 125.4 125.4 125.4 125.4 125.4 125.4 125.4 125.4 125.4 125.4 125.4 125.4 125.4 125.4 125.4 125.4 125.4 125.4 125.4 125.4 125.4 125.4 125.4 125.4 125.4 125.4 125.4 125.4 125.4 125.4 125.4 125.4 117 117 117 117 117 117 117 117 117 117 117 117 117 117 117 117 117 117 117 117 117 117 117 117 117 117 117 117 117 
117.2 117.2 117.2 117.2 117.2 117.2 117.2 117.2 117.2 117.2 117.2 125.4 125.4 125.4 125.4 125.4 125.4 125.4 125.4 125.4 125.4 125.4 125.4 125.4 125.4 125.4 125.4 125.4 125.4 125.4 125.4 125.4 125.4 125.4 125.4 125.4 125.4 125.4 125.4 125.4 125.4 125.4 125.4 125.4 125.4 125.4 125.4 125.4 125.4 125.4 125.4 125.4 125.4 125.4 125.4 125.4 125.4 125.4 125.4 125.4 125.4 125.4 125.4 125.4 125.4 125.4 125.4 125.4 125.4 125.4 125.4 117 117 117 117 117 117 117 117 117 117 117 117 117 117 117 117 117 117 117 117 117 117 117 117 117 117 117 117 117 
117.2 117.2 117.2 117.2 117.2 117.2 117.2 117.2 117.2 117.2 117.2 125.4 125.4 125.4 125.4 125.4 125.4 125.4 125.4 125.4 125.4 125.4 125.4 125.4 125.4 125.4 125.4 125.4 125.4 125.4 125.4 125.4 125.4 125.4 125.4 125.4 125.4 125.4 125.4 125.4 125.4 125.4 125.4 125.4 125.4 125.4 125.4 125.4 125.4 125.4 125.4 125.4 125.4 125.4 125.4 125.4 125.4 125.4 125.4 125.4 125.4 125.4 125.4 125.4 125.4 125.4 125.4 125.4 125.4 125.4 125.4 117 117 117 117 117 117 117 117 117 117 117 117 117 117 117 117 117 117 117 117 117 117 117 117 117 117 117 117 117 
117.2 117.2 117.2 117.2 117.2 117.2 117.2 117.2 117.2 117.2 117.2 125.4 125.4 125.4 125.4 125.4 125.4 125.4 125.4 125.4 125.4 125.4 125.4 125.4 125.4 125.4 125.4 125.4 125.4 125.4 125.4 125.4 125.4 125.4 125.4 125.4 125.4 125.4 125.4 125.4 125.4 125.4 125.4 125.4 125.4 125.4 125.4 125.4 125.4 125.4 125.4 125.4 125.4 125.4 125.4 125.4 125.4 125.4 125.4 125.4 125.4 125.4 125.4 125.4 125.4 125.4 125.4 125.4 125.4 125.4 125.4 117 117 117 117 117 117 117 117 117 117 117 117 117 117 117 117 117 117 117 117 117 117 117 117 117 117 117 117 117 
117.2 117.2 117.2 117.2 117.2 117.2 117.2 117.2 117.2 117.2 117.2 125.4 125.4 125.4 125.4 125.4 125.4 125.4 125.4 125.4 125.4 125.4 125.4 125.4 125.4 125.4 125.4 125.4 125.4 125.4 125.4 125.4 125.4 125.4 125.4 125.4 125.4 125.4 125.4 125.4 125.4 125.4 125.4 125.4 125.4 125.4 125.4 125.4 125.4 125.4 125.4 125.4 125.4 125.4 125.4 125.4 125.4 125.4 125.4 125.4 125.4 125.4 125.4 125.4 125.4 125.4 125.4 125.4 125.4 125.4 125.4 117 117 117 117 117 117 117 117 117 117 117 117 117 117 117 117 117 117 117 117 117 117 117 117 117 117 117 117 117 
117.2 117.2 117.2 117.2 117.2 117.2 117.2 117.2 117.2 117.2 117.2 125.4 125.4 125.4 125.4 125.4 125.4 125.4 125.4 125.4 125.4 125.4 125.4 125.4 125.4 125.4 125.4 125.4 125.4 125.4 125.4 125.4 125.4 125.4 125.4 125.4 125.4 125.4 125.4 125.4 125.4 125.4 125.4 125.4 125.4 125.4 125.4 125.4 125.4 125.4 125.4 125.4 125.4 125.4 125.4 125.4 125.4 125.4 125.4 125.4 125.4 125.4 125.4 125.4 125.4 125.4 125.4 125.4 125.4 125.4 125.4 117 117 117 117 117 117 117 117 117 117 117 117 117 117 117 117 117 117 117 117 117 117 117 117 117 117 117 117 117 
117.2 117.2 117.2 117.2 117.2 117.2 117.2 117.2 117.2 117.2 117.2 125.4 125.4 125.4 125.4 125.4 125.4 125.4 125.4 125.4 125.4 125.4 125.4 125.4 125.4 125.4 125.4 125.4 125.4 125.4 125.4 125.4 125.4 125.4 125.4 125.4 125.4 125.4 125.4 125.4 125.4 125.4 125.4 125.4 125.4 125.4 125.4 125.4 125.4 125.4 125.4 125.4 125.4 125.4 125.4 125.4 125.4 125.4 125.4 125.4 125.4 125.4 125.4 125.4 125.4 125.4 125.4 125.4 125.4 125.4 125.4 117 117 117 117 117 117 117 117 117 117 117 117 117 117 117 117 117 117 117 117 117 117 117 117 117 117 117 117 117 
117.2 117.2 117.2 117.2 117.2 117.2 117.2 117.2 117.2 117.2 117.2 125.4 125.4 125.4 125.4 125.4 125.4 125.4 125.4 125.4 125.4 125.4 125.4 125.4 125.4 125.4 125.4 125.4 125.4 125.4 125.4 125.4 125.4 125.4 125.4 125.4 125.4 125.4 125.4 125.4 125.4 125.4 125.4 125.4 125.4 125.4 125.4 125.4 125.4 125.4 125.4 125.4 125.4 125.4 125.4 125.4 125.4 125.4 125.4 125.4 125.4 125.4 125.4 125.4 125.4 125.4 125.4 125.4 125.4 125.4 125.4 117 117 117 117 117 117 117 117 117 117 117 117 117 117 117 117 117 117 117 117 117 117 117 117 117 117 117 117 117 
117.2 117.2 117.2 117.2 117.2 117.2 117.2 117.2 117.2 117.2 117.2 125.4 125.4 125.4 125.4 125.4 125.4 125.4 125.4 125.4 125.4 125.4 125.4 125.4 125.4 125.4 125.4 125.4 125.4 125.4 125.4 125.4 125.4 125.4 125.4 125.4 125.4 125.4 125.4 125.4 125.4 125.4 125.4 125.4 125.4 125.4 125.4 125.4 125.4 125.4 125.4 125.4 125.4 125.4 125.4 125.4 125.4 125.4 125.4 125.4 125.4 125.4 125.4 125.4 125.4 125.4 125.4 125.4 125.4 125.4 125.4 117 117 117 117 117 117 117 117 117 117 117 117 117 117 117 117 117 117 117 117 117 117 117 117 117 117 117 117 117 
117.2 117.2 117.2 117.2 117.2 117.2 117.2 117.2 117.2 117.2 117.2 125.4 125.4 125.4 125.4 125.4 125.4 125.4 125.4 125.4 125.4 125.4 125.4 125.4 125.4 125.4 125.4 125.4 125.4 125.4 125.4 125.4 125.4 125.4 125.4 125.4 125.4 125.4 125.4 125.4 125.4 125.4 125.4 125.4 125.4 125.4 125.4 125.4 125.4 125.4 125.4 125.4 125.4 125.4 125.4 125.4 125.4 125.4 125.4 125.4 125.4 125.4 125.4 125.4 125.4 125.4 125.4 125.4 125.4 125.4 125.4 117 117 117 117 117 117 117 117 117 117 117 117 117 117 117 117 117 117 117 117 117 117 117 117 117 117 117 117 117 
117.2 117.2 117.2 117.2 117.2 117.2 117.2 117.2 117.2 117.2 117.2 125.4 125.4 125.4 125.4 125.4 125.4 125.4 125.4 125.4 125.4 125.4 125.4 125.4 125.4 125.4 125.4 125.4 125.4 125.4 125.4 125.4 125.4 125.4 125.4 125.4 125.4 125.4 125.4 125.4 125.4 125.4 125.4 125.4 125.4 125.4 125.4 125.4 125.4 125.4 125.4 125.4 125.4 125.4 125.4 125.4 125.4 125.4 125.4 125.4 125.4 125.4 125.4 125.4 125.4 125.4 125.4 125.4 125.4 125.4 125.4 117 117 117 117 117 117 117 117 117 117 117 117 117 117 117 117 117 117 117 117 117 117 117 117 117 117 117 117 117 
117.2 117.2 117.2 117.2 117.2 117.2 117.2 117.2 117.2 117.2 117.2 125.4 125.4 125.4 125.4 125.4 125.4 125.4 125.4 125.4 125.4 125.4 125.4 125.4 125.4 125.4 125.4 125.4 125.4 125.4 125.4 125.4 125.4 125.4 125.4 125.4 125.4 125.4 125.4 125.4 125.4 125.4 125.4 125.4 125.4 125.4 125.4 125.4 125.4 125.4 125.4 125.4 125.4 125.4 125.4 125.4 125.4 125.4 125.4 125.4 125.4 125.4 125.4 125.4 125.4 125.4 125.4 125.4 125.4 125.4 125.4 117 117 117 117 117 117 117 117 117 117 117 117 117 117 117 117 117 117 117 117 117 117 117 117 117 117 117 117 117 
117.2 117.2 117.2 117.2 117.2 117.2 117.2 117.2 117.2 117.2 117.2 125.4 125.4 125.4 125.4 125.4 125.4 125.4 125.4 125.4 125.4 125.4 125.4 125.4 125.4 125.4 125.4 125.4 125.4 125.4 125.4 125.4 125.4 125.4 125.4 125.4 125.4 125.4 125.4 125.4 125.4 125.4 125.4 125.4 125.4 125.4 125.4 125.4 125.4 125.4 125.4 125.4 125.4 125.4 125.4 125.4 125.4 125.4 125.4 125.4 125.4 125.4 125.4 125.4 125.4 125.4 125.4 125.4 125.4 125.4 125.4 117 117 117 117 117 117 117 117 117 117 117 117 117 117 117 117 117 117 117 117 117 117 117 117 117 117 117 117 117 
117.2 117.2 117.2 117.2 117.2 117.2 117.2 117.2 117.2 117.2 117.2 125.4 125.4 125.4 125.4 125.4 125.4 125.4 125.4 125.4 125.4 125.4 125.4 125.4 125.4 125.4 125.4 125.4 125.4 125.4 125.4 125.4 125.4 125.4 125.4 125.4 125.4 125.4 125.4 125.4 125.4 125.4 125.4 125.4 125.4 125.4 125.4 125.4 125.4 125.4 125.4 125.4 125.4 125.4 125.4 125.4 125.4 125.4 125.4 125.4 125.4 125.4 125.4 125.4 125.4 125.4 125.4 125.4 125.4 125.4 125.4 117 117 117 117 117 117 117 117 117 117 117 117 117 117 117 117 117 117 117 117 117 117 117 117 117 117 117 117 117 
117.2 117.2 117.2 117.2 117.2 117.2 117.2 117.2 117.2 117.2 117.2 125.4 125.4 125.4 125.4 125.4 125.4 125.4 125.4 125.4 125.4 125.4 125.4 125.4 125.4 125.4 125.4 125.4 125.4 125.4 125.4 125.4 125.4 125.4 125.4 125.4 125.4 125.4 125.4 125.4 125.4 125.4 125.4 125.4 125.4 125.4 125.4 125.4 125.4 125.4 125.4 125.4 125.4 125.4 125.4 125.4 125.4 125.4 125.4 125.4 125.4 125.4 125.4 125.4 125.4 125.4 125.4 125.4 125.4 125.4 125.4 117 117 117 117 117 117 117 117 117 117 117 117 117 117 117 117 117 117 117 117 117 117 117 117 117 117 117 117 117 
117.2 117.2 117.2 117.2 117.2 117.2 117.2 117.2 117.2 117.2 117.2 125.4 125.4 125.4 125.4 125.4 125.4 125.4 125.4 125.4 125.4 125.4 125.4 125.4 125.4 125.4 125.4 125.4 125.4 125.4 125.4 125.4 125.4 125.4 125.4 125.4 125.4 125.4 125.4 125.4 125.4 125.4 125.4 125.4 125.4 125.4 125.4 125.4 125.4 125.4 125.4 125.4 125.4 125.4 125.4 125.4 125.4 125.4 125.4 125.4 125.4 125.4 125.4 125.4 125.4 125.4 125.4 125.4 125.4 125.4 125.4 117 117 117 117 117 117 117 117 117 117 117 117 117 117 117 117 117 117 117 117 117 117 117 117 117 117 117 117 117 
117.2 117.2 117.2 117.2 117.2 117.2 117.2 117.2 117.2 117.2 117.2 125.4 125.4 125.4 125.4 125.4 125.4 125.4 125.4 125.4 125.4 125.4 125.4 125.4 125.4 125.4 125.4 125.4 125.4 125.4 125.4 125.4 125.4 125.4 125.4 125.4 125.4 125.4 125.4 125.4 125.4 125.4 125.4 125.4 125.4 125.4 125.4 125.4 125.4 125.4 125.4 125.4 125.4 125.4 125.4 125.4 125.4 125.4 125.4 125.4 125.4 125.4 125.4 125.4 125.4 125.4 125.4 125.4 125.4 125.4 125.4 117 117 117 117 117 117 117 117 117 117 117 117 117 117 117 117 117 117 117 117 117 117 117 117 117 117 117 117 117 
117.2 117.2 117.2 117.2 117.2 117.2 117.2 117.2 117.2 117.2 117.2 125.4 125.4 125.4 125.4 125.4 125.4 125.4 125.4 125.4 125.4 125.4 125.4 125.4 125.4 125.4 125.4 125.4 125.4 125.4 125.4 125.4 125.4 125.4 125.4 125.4 125.4 125.4 125.4 125.4 125.4 125.4 125.4 125.4 125.4 125.4 125.4 125.4 125.4 125.4 125.4 125.4 125.4 125.4 125.4 125.4 125.4 125.4 125.4 125.4 125.4 125.4 125.4 125.4 125.4 125.4 125.4 125.4 125.4 125.4 125.4 117 117 117 117 117 117 117 117 117 117 117 117 117 117 117 117 117 117 117 117 117 117 117 117 117 117 117 117 117 
117.2 117.2 117.2 117.2 117.2 117.2 117.2 117.2 117.2 117.2 117.2 125.4 125.4 125.4 125.4 125.4 125.4 125.4 125.4 125.4 125.4 125.4 125.4 125.4 125.4 125.4 125.4 125.4 125.4 125.4 125.4 125.4 125.4 125.4 125.4 125.4 125.4 125.4 125.4 125.4 125.4 125.4 125.4 125.4 125.4 125.4 125.4 125.4 125.4 125.4 125.4 125.4 125.4 125.4 125.4 125.4 125.4 125.4 125.4 125.4 125.4 125.4 125.4 125.4 125.4 125.4 125.4 125.4 125.4 125.4 125.4 117 117 117 117 117 117 117 117 117 117 117 117 117 117 117 117 117 117 117 117 117 117 117 117 117 117 117 117 117 
117.2 117.2 117.2 117.2 117.2 117.2 117.2 117.2 117.2 117.2 117.2 125.4 125.4 125.4 125.4 125.4 125.4 125.4 125.4 125.4 125.4 125.4 125.4 125.4 125.4 125.4 125.4 125.4 125.4 125.4 125.4 125.4 125.4 125.4 125.4 125.4 125.4 125.4 125.4 125.4 125.4 125.4 125.4 125.4 125.4 125.4 125.4 125.4 125.4 125.4 125.4 125.4 125.4 125.4 125.4 125.4 125.4 125.4 125.4 125.4 125.4 125.4 125.4 125.4 125.4 125.4 125.4 125.4 125.4 125.4 125.4 117 117 117 117 117 117 117 117 117 117 117 117 117 117 117 117 117 117 117 117 117 117 117 117 117 117 117 117 117 
117.2 117.2 117.2 117.2 117.2 117.2 117.2 117.2 117.2 117.2 117.2 125.4 125.4 125.4 125.4 125.4 125.4 125.4 125.4 125.4 125.4 125.4 125.4 125.4 125.4 125.4 125.4 125.4 125.4 125.4 125.4 125.4 125.4 125.4 125.4 125.4 125.4 125.4 125.4 125.4 125.4 125.4 125.4 125.4 125.4 125.4 125.4 125.4 125.4 125.4 125.4 125.4 125.4 125.4 125.4 125.4 125.4 125.4 125.4 125.4 125.4 125.4 125.4 125.4 125.4 125.4 125.4 125.4 125.4 125.4 125.4 117 117 117 117 117 117 117 117 117 117 117 117 117 117 117 117 117 117 117 117 117 117 117 117 117 117 117 117 117 
117.2 117.2 117.2 117.2 117.2 117.2 117.2 117.2 117.2 117.2 117.2 125.4 125.4 125.4 125.4 125.4 125.4 125.4 125.4 125.4 125.4 125.4 125.4 125.4 125.4 125.4 125.4 125.4 125.4 125.4 125.4 125.4 125.4 125.4 125.4 125.4 125.4 125.4 125.4 125.4 125.4 125.4 125.4 125.4 125.4 125.4 125.4 125.4 125.4 125.4 125.4 125.4 125.4 125.4 125.4 125.4 125.4 125.4 125.4 125.4 125.4 125.4 125.4 125.4 125.4 125.4 125.4 125.4 125.4 125.4 125.4 117 117 117 117 117 117 117 117 117 117 117 117 117 117 117 117 117 117 117 117 117 117 117 117 117 117 117 117 117 
117.2 117.2 117.2 117.2 117.2 117.2 117.2 117.2 117.2 117.2 117.2 125.4 125.4 125.4 125.4 125.4 125.4 125.4 125.4 125.4 125.4 125.4 125.4 125.4 125.4 125.4 125.4 125.4 125.4 125.4 125.4 125.4 125.4 125.4 125.4 125.4 125.4 125.4 125.4 125.4 125.4 125.4 125.4 125.4 125.4 125.4 125.4 125.4 125.4 125.4 125.4 125.4 125.4 125.4 125.4 125.4 125.4 125.4 125.4 125.4 125.4 125.4 125.4 125.4 125.4 125.4 125.4 125.4 125.4 125.4 125.4 117 117 117 117 117 117 117 117 117 117 117 117 117 117 117 117 117 117 117 117 117 117 117 117 117 117 117 117 117 
117.2 117.2 117.2 117.2 117.2 117.2 117.2 117.2 117.2 117.2 117.2 125.4 125.4 125.4 125.4 125.4 125.4 125.4 125.4 125.4 125.4 125.4 125.4 125.4 125.4 125.4 125.4 125.4 125.4 125.4 125.4 125.4 125.4 125.4 125.4 125.4 125.4 125.4 125.4 125.4 125.4 125.4 125.4 125.4 125.4 125.4 125.4 125.4 125.4 125.4 125.4 125.4 125.4 125.4 125.4 125.4 125.4 125.4 125.4 125.4 125.4 125.4 125.4 125.4 125.4 125.4 125.4 125.4 125.4 125.4 125.4 117 117 117 117 117 117 117 117 117 117 117 117 117 117 117 117 117 117 117 117 117 117 117 117 117 117 117 117 117 
117.2 117.2 117.2 117.2 117.2 117.2 117.2 117.2 117.2 117.2 117.2 125.4 125.4 125.4 125.4 125.4 125.4 125.4 125.4 125.4 125.4 125.4 125.4 125.4 125.4 125.4 125.4 125.4 125.4 125.4 125.4 125.4 125.4 125.4 125.4 125.4 125.4 125.4 125.4 125.4 125.4 125.4 125.4 125.4 125.4 125.4 125.4 125.4 125.4 125.4 125.4 125.4 125.4 125.4 125.4 125.4 125.4 125.4 125.4 125.4 125.4 125.4 125.4 125.4 125.4 125.4 125.4 125.4 125.4 125.4 125.4 117 117 117 117 117 117 117 117 117 117 117 117 117 117 117 117 117 117 117 117 117 117 117 117 117 117 117 117 117 
117.2 117.2 117.2 117.2 117.2 117.2 117.2 117.2 117.2 117.2 117.2 125.4 125.4 125.4 125.4 125.4 125.4 125.4 125.4 125.4 125.4 125.4 125.4 125.4 125.4 125.4 125.4 125.4 125.4 125.4 125.4 125.4 125.4 125.4 125.4 125.4 125.4 125.4 125.4 125.4 125.4 125.4 125.4 125.4 125.4 125.4 125.4 125.4 125.4 125.4 125.4 125.4 125.4 125.4 125.4 125.4 125.4 125.4 125.4 125.4 125.4 125.4 125.4 125.4 125.4 125.4 125.4 125.4 125.4 125.4 125.4 117 117 117 117 117 117 117 117 117 117 117 117 117 117 117 117 117 117 117 117 117 117 117 117 117 117 117 117 117 
117.2 117.2 117.2 117.2 117.2 117.2 117.2 117.2 117.2 117.2 117.2 125.4 125.4 125.4 125.4 125.4 125.4 125.4 125.4 125.4 125.4 125.4 125.4 125.4 125.4 125.4 125.4 125.4 125.4 125.4 125.4 125.4 125.4 125.4 125.4 125.4 125.4 125.4 125.4 125.4 125.4 125.4 125.4 125.4 125.4 125.4 125.4 125.4 125.4 125.4 125.4 125.4 125.4 125.4 125.4 125.4 125.4 125.4 125.4 125.4 125.4 125.4 125.4 125.4 125.4 125.4 125.4 125.4 125.4 125.4 125.4 117 117 117 117 117 117 117 117 117 117 117 117 117 117 117 117 117 117 117 117 117 117 117 117 117 117 117 117 117 
117.2 117.2 117.2 117.2 117.2 117.2 117.2 117.2 117.2 117.2 117.2 125.4 125.4 125.4 125.4 125.4 125.4 125.4 125.4 125.4 125.4 125.4 125.4 125.4 125.4 125.4 125.4 125.4 125.4 125.4 125.4 125.4 125.4 125.4 125.4 125.4 125.4 125.4 125.4 125.4 125.4 125.4 125.4 125.4 125.4 125.4 125.4 125.4 125.4 125.4 125.4 125.4 125.4 125.4 125.4 125.4 125.4 125.4 125.4 125.4 125.4 125.4 125.4 125.4 125.4 125.4 125.4 125.4 125.4 125.4 125.4 117 117 117 117 117 117 117 117 117 117 117 117 117 117 117 117 117 117 117 117 117 117 117 117 117 117 117 117 117 
117.2 117.2 117.2 117.2 117.2 117.2 117.2 117.2 117.2 117.2 117.2 125.4 125.4 125.4 125.4 125.4 125.4 125.4 125.4 125.4 125.4 125.4 125.4 125.4 125.4 125.4 125.4 125.4 125.4 125.4 125.4 125.4 125.4 125.4 125.4 125.4 125.4 125.4 125.4 125.4 125.4 125.4 125.4 125.4 125.4 125.4 125.4 125.4 125.4 125.4 125.4 125.4 125.4 125.4 125.4 125.4 125.4 125.4 125.4 125.4 125.4 125.4 125.4 125.4 125.4 125.4 125.4 125.4 125.4 125.4 125.4 117 117 117 117 117 117 117 117 117 117 117 117 117 117 117 117 117 117 117 117 117 117 117 117 117 117 117 117 117 
117.2 117.2 117.2 117.2 117.2 117.2 117.2 117.2 117.2 117.2 117.2 125.4 125.4 125.4 125.4 125.4 125.4 125.4 125.4 125.4 125.4 125.4 125.4 125.4 125.4 125.4 125.4 125.4 125.4 125.4 125.4 125.4 125.4 125.4 125.4 125.4 125.4 125.4 125.4 125.4 125.4 125.4 125.4 125.4 125.4 125.4 125.4 125.4 125.4 125.4 125.4 125.4 125.4 125.4 125.4 125.4 125.4 125.4 125.4 125.4 125.4 125.4 125.4 125.4 125.4 125.4 125.4 125.4 125.4 125.4 125.4 117 117 117 117 117 117 117 117 117 117 117 117 117 117 117 117 117 117 117 117 117 117 117 117 117 117 117 117 117 
117.2 117.2 117.2 117.2 117.2 117.2 117.2 117.2 117.2 117.2 117.2 125.4 125.4 125.4 125.4 125.4 125.4 125.4 125.4 125.4 125.4 125.4 125.4 125.4 125.4 125.4 125.4 125.4 125.4 125.4 125.4 125.4 125.4 125.4 125.4 125.4 125.4 125.4 125.4 125.4 125.4 125.4 125.4 125.4 125.4 125.4 125.4 125.4 125.4 125.4 125.4 125.4 125.4 125.4 125.4 125.4 125.4 125.4 125.4 125.4 125.4 125.4 125.4 125.4 125.4 125.4 125.4 125.4 125.4 125.4 125.4 117 117 117 117 117 117 117 117 117 117 117 117 117 117 117 117 117 117 117 117 117 117 117 117 117 117 117 117 117 
117.2 117.2 117.2 117.2 117.2 117.2 117.2 117.2 117.2 117.2 117.2 125.4 125.4 125.4 125.4 125.4 125.4 125.4 125.4 125.4 125.4 125.4 125.4 125.4 125.4 125.4 125.4 125.4 125.4 125.4 125.4 125.4 125.4 125.4 125.4 125.4 125.4 125.4 125.4 125.4 125.4 125.4 125.4 125.4 125.4 125.4 125.4 125.4 125.4 125.4 125.4 125.4 125.4 125.4 125.4 125.4 125.4 125.4 125.4 125.4 125.4 125.4 125.4 125.4 125.4 125.4 125.4 125.4 125.4 125.4 125.4 117 117 117 117 117 117 117 117 117 117 117 117 117 117 117 117 117 117 117 117 117 117 117 117 117 117 117 117 117 
117.2 117.2 117.2 117.2 117.2 117.2 117.2 117.2 117.2 117.2 117.2 125.4 125.4 125.4 125.4 125.4 125.4 125.4 125.4 125.4 125.4 125.4 125.4 125.4 125.4 125.4 125.4 125.4 125.4 125.4 125.4 125.4 125.4 125.4 125.4 125.4 125.4 125.4 125.4 125.4 125.4 125.4 125.4 125.4 125.4 125.4 125.4 125.4 125.4 125.4 125.4 125.4 125.4 125.4 125.4 125.4 125.4 125.4 125.4 125.4 125.4 125.4 125.4 125.4 125.4 125.4 125.4 125.4 125.4 125.4 125.4 117 117 117 117 117 117 117 117 117 117 117 117 117 117 117 117 117 117 117 117 117 117 117 117 117 117 117 117 117 
117.2 117.2 117.2 117.2 117.2 117.2 117.2 117.2 117.2 117.2 117.2 125.4 125.4 125.4 125.4 125.4 125.4 125.4 125.4 125.4 125.4 125.4 125.4 125.4 125.4 125.4 125.4 125.4 125.4 125.4 125.4 125.4 125.4 125.4 125.4 125.4 125.4 125.4 125.4 125.4 125.4 125.4 125.4 125.4 125.4 125.4 125.4 125.4 125.4 125.4 125.4 125.4 125.4 125.4 125.4 125.4 125.4 125.4 125.4 125.4 125.4 125.4 125.4 125.4 125.4 125.4 125.4 125.4 125.4 125.4 125.4 117 117 117 117 117 117 117 117 117 117 117 117 117 117 117 117 117 117 117 117 117 117 117 117 117 117 117 117 117 
117.2 117.2 117.2 117.2 117.2 117.2 117.2 117.2 117.2 117.2 117.2 125.4 125.4 125.4 125.4 125.4 125.4 125.4 125.4 125.4 125.4 125.4 125.4 125.4 125.4 125.4 125.4 125.4 125.4 125.4 125.4 125.4 125.4 125.4 125.4 125.4 125.4 125.4 125.4 125.4 125.4 125.4 125.4 125.4 125.4 125.4 125.4 125.4 125.4 125.4 125.4 125.4 125.4 125.4 125.4 125.4 125.4 125.4 125.4 125.4 125.4 125.4 125.4 125.4 125.4 125.4 125.4 125.4 125.4 125.4 125.4 117 117 117 117 117 117 117 117 117 117 117 117 117 117 117 117 117 117 117 117 117 117 117 117 117 117 117 117 117 
117.2 117.2 117.2 117.2 117.2 117.2 117.2 117.2 117.2 117.2 117.2 125.4 125.4 125.4 125.4 125.4 125.4 125.4 125.4 125.4 125.4 125.4 125.4 125.4 125.4 125.4 125.4 125.4 125.4 125.4 125.4 125.4 125.4 125.4 125.4 125.4 125.4 125.4 125.4 125.4 125.4 125.4 125.4 125.4 125.4 125.4 125.4 125.4 125.4 125.4 125.4 125.4 125.4 125.4 125.4 125.4 125.4 125.4 125.4 125.4 125.4 125.4 125.4 125.4 125.4 125.4 125.4 125.4 125.4 125.4 125.4 117 117 117 117 117 117 117 117 117 117 117 117 117 117 117 117 117 117 117 117 117 117 117 117 117 117 117 117 117 
117.2 117.2 117.2 117.2 117.2 117.2 117.2 117.2 117.2 117.2 117.2 125.4 125.4 125.4 125.4 125.4 125.4 125.4 125.4 125.4 125.4 125.4 125.4 125.4 125.4 125.4 125.4 125.4 125.4 125.4 125.4 125.4 125.4 125.4 125.4 125.4 125.4 125.4 125.4 125.4 125.4 125.4 125.4 125.4 125.4 125.4 125.4 125.4 125.4 125.4 125.4 125.4 125.4 125.4 125.4 125.4 125.4 125.4 125.4 125.4 125.4 125.4 125.4 125.4 125.4 125.4 125.4 125.4 125.4 125.4 125.4 117 117 117 117 117 117 117 117 117 117 117 117 117 117 117 117 117 117 117 117 117 117 117 117 117 117 117 117 117 
117.2 117.2 117.2 117.2 117.2 117.2 117.2 117.2 117.2 117.2 117.2 125.4 125.4 125.4 125.4 125.4 125.4 125.4 125.4 125.4 125.4 125.4 125.4 125.4 125.4 125.4 125.4 125.4 125.4 125.4 125.4 125.4 125.4 125.4 125.4 125.4 125.4 125.4 125.4 125.4 125.4 125.4 125.4 125.4 125.4 125.4 125.4 125.4 125.4 125.4 125.4 125.4 125.4 125.4 125.4 125.4 125.4 125.4 125.4 125.4 125.4 125.4 125.4 125.4 125.4 125.4 125.4 125.4 125.4 125.4 125.4 117 117 117 117 117 117 117 117 117 117 117 117 117 117 117 117 117 117 117 117 117 117 117 117 117 117 117 117 117 
117.2 117.2 117.2 117.2 117.2 117.2 117.2 117.2 117.2 117.2 117.2 125.4 125.4 125.4 125.4 125.4 125.4 125.4 125.4 125.4 125.4 125.4 125.4 125.4 125.4 125.4 125.4 125.4 125.4 125.4 125.4 125.4 125.4 125.4 125.4 125.4 125.4 125.4 125.4 125.4 125.4 125.4 125.4 125.4 125.4 125.4 125.4 125.4 125.4 125.4 125.4 125.4 125.4 125.4 125.4 125.4 125.4 125.4 125.4 125.4 125.4 125.4 125.4 125.4 125.4 125.4 125.4 125.4 125.4 125.4 125.4 117 117 117 117 117 117 117 117 117 117 117 117 117 117 117 117 117 117 117 117 117 117 117 117 117 117 117 117 117 
148.9 148.9 148.9 148.9 148.9 148.9 148.9 148.9 148.9 148.9 148.9 159 159 159 159 159 159 159 159 159 159 159 159 159 159 159 159 159 159 159 159 159 159 159 159 159 159 159 159 159 159 159 159 159 159 159 159 159 159 159 159 159 159 159 159 159 159 159 159 159 159 159 159 159 159 159 159 159 159 159 159 148.2 148.2 148.2 148.2 148.2 148.2 148.2 148.2 148.2 148.2 148.2 148.2 148.2 148.2 148.2 148.2 148.2 148.2 148.2 148.2 148.2 148.2 148.2 148.2 148.2 148.2 148.2 148.2 148.2 
148.9 148.9 148.9 148.9 148.9 148.9 148.9 148.9 148.9 148.9 148.9 159 159 159 159 159 159 159 159 159 159 159 159 159 159 159 159 159 159 159 159 159 159 159 159 159 159 159 159 159 159 159 159 159 159 159 159 159 159 159 159 159 159 159 159 159 159 159 159 159 159 159 159 159 159 159 159 159 159 159 159 148.2 148.2 148.2 148.2 148.2 148.2 148.2 148.2 148.2 148.2 148.2 148.2 148.2 148.2 148.2 148.2 148.2 148.2 148.2 148.2 148.2 148.2 148.2 148.2 148.2 148.2 148.2 148.2 148.2 
148.9 148.9 148.9 148.9 148.9 148.9 148.9 148.9 148.9 148.9 148.9 159 159 159 159 159 159 159 159 159 159 159 159 159 159 159 159 159 159 159 159 159 159 159 159 159 159 159 159 159 159 159 159 159 159 159 159 159 159 159 159 159 159 159 159 159 159 159 159 159 159 159 159 159 159 159 159 159 159 159 159 148.2 148.2 148.2 148.2 148.2 148.2 148.2 148.2 148.2 148.2 148.2 148.2 148.2 148.2 148.2 148.2 148.2 148.2 148.2 148.2 148.2 148.2 148.2 148.2 148.2 148.2 148.2 148.2 148.2 
148.9 148.9 148.9 148.9 148.9 148.9 148.9 148.9 148.9 148.9 148.9 159 159 159 159 159 159 159 159 159 159 159 159 159 159 159 159 159 159 159 159 159 159 159 159 159 159 159 159 159 159 159 159 159 159 159 159 159 159 159 159 159 159 159 159 159 159 159 159 159 159 159 159 159 159 159 159 159 159 159 159 148.2 148.2 148.2 148.2 148.2 148.2 148.2 148.2 148.2 148.2 148.2 148.2 148.2 148.2 148.2 148.2 148.2 148.2 148.2 148.2 148.2 148.2 148.2 148.2 148.2 148.2 148.2 148.2 148.2 
148.9 148.9 148.9 148.9 148.9 148.9 148.9 148.9 148.9 148.9 148.9 159 159 159 159 159 159 159 159 159 159 159 159 159 159 159 159 159 159 159 159 159 159 159 159 159 159 159 159 159 159 159 159 159 159 159 159 159 159 159 159 159 159 159 159 159 159 159 159 159 159 159 159 159 159 159 159 159 159 159 159 148.2 148.2 148.2 148.2 148.2 148.2 148.2 148.2 148.2 148.2 148.2 148.2 148.2 148.2 148.2 148.2 148.2 148.2 148.2 148.2 148.2 148.2 148.2 148.2 148.2 148.2 148.2 148.2 148.2 
148.9 148.9 148.9 148.9 148.9 148.9 148.9 148.9 148.9 148.9 148.9 159 159 159 159 159 159 159 159 159 159 159 159 159 159 159 159 159 159 159 159 159 159 159 159 159 159 159 159 159 159 159 159 159 159 159 159 159 159 159 159 159 159 159 159 159 159 159 159 159 159 159 159 159 159 159 159 159 159 159 159 148.2 148.2 148.2 148.2 148.2 148.2 148.2 148.2 148.2 148.2 148.2 148.2 148.2 148.2 148.2 148.2 148.2 148.2 148.2 148.2 148.2 148.2 148.2 148.2 148.2 148.2 148.2 148.2 148.2 
148.9 148.9 148.9 148.9 148.9 148.9 148.9 148.9 148.9 148.9 148.9 159 159 159 159 159 159 159 159 159 159 159 159 159 159 159 159 159 159 159 159 159 159 159 159 159 159 159 159 159 159 159 159 159 159 159 159 159 159 159 159 159 159 159 159 159 159 159 159 159 159 159 159 159 159 159 159 159 159 159 159 148.2 148.2 148.2 148.2 148.2 148.2 148.2 148.2 148.2 148.2 148.2 148.2 148.2 148.2 148.2 148.2 148.2 148.2 148.2 148.2 148.2 148.2 148.2 148.2 148.2 148.2 148.2 148.2 148.2 
148.9 148.9 148.9 148.9 148.9 148.9 148.9 148.9 148.9 148.9 148.9 159 159 159 159 159 159 159 159 159 159 159 159 159 159 159 159 159 159 159 159 159 159 159 159 159 159 159 159 159 159 159 159 159 159 159 159 159 159 159 159 159 159 159 159 159 159 159 159 159 159 159 159 159 159 159 159 159 159 159 159 148.2 148.2 148.2 148.2 148.2 148.2 148.2 148.2 148.2 148.2 148.2 148.2 148.2 148.2 148.2 148.2 148.2 148.2 148.2 148.2 148.2 148.2 148.2 148.2 148.2 148.2 148.2 148.2 148.2 
148.9 148.9 148.9 148.9 148.9 148.9 148.9 148.9 148.9 148.9 148.9 159 159 159 159 159 159 159 159 159 159 159 159 159 159 159 159 159 159 159 159 159 159 159 159 159 159 159 159 159 159 159 159 159 159 159 159 159 159 159 159 159 159 159 159 159 159 159 159 159 159 159 159 159 159 159 159 159 159 159 159 148.2 148.2 148.2 148.2 148.2 148.2 148.2 148.2 148.2 148.2 148.2 148.2 148.2 148.2 148.2 148.2 148.2 148.2 148.2 148.2 148.2 148.2 148.2 148.2 148.2 148.2 148.2 148.2 148.2 
148.9 148.9 148.9 148.9 148.9 148.9 148.9 148.9 148.9 148.9 148.9 159 159 159 159 159 159 159 159 159 159 159 159 159 159 159 159 159 159 159 159 159 159 159 159 159 159 159 159 159 159 159 159 159 159 159 159 159 159 159 159 159 159 159 159 159 159 159 159 159 159 159 159 159 159 159 159 159 159 159 159 148.2 148.2 148.2 148.2 148.2 148.2 148.2 148.2 148.2 148.2 148.2 148.2 148.2 148.2 148.2 148.2 148.2 148.2 148.2 148.2 148.2 148.2 148.2 148.2 148.2 148.2 148.2 148.2 148.2 
148.9 148.9 148.9 148.9 148.9 148.9 148.9 148.9 148.9 148.9 148.9 159 159 159 159 159 159 159 159 159 159 159 159 159 159 159 159 159 159 159 159 159 159 159 159 159 159 159 159 159 159 159 159 159 159 159 159 159 159 159 159 159 159 159 159 159 159 159 159 159 159 159 159 159 159 159 159 159 159 159 159 148.2 148.2 148.2 148.2 148.2 148.2 148.2 148.2 148.2 148.2 148.2 148.2 148.2 148.2 148.2 148.2 148.2 148.2 148.2 148.2 148.2 148.2 148.2 148.2 148.2 148.2 148.2 148.2 148.2 
148.9 148.9 148.9 148.9 148.9 148.9 148.9 148.9 148.9 148.9 148.9 159 159 159 159 159 159 159 159 159 159 159 159 159 159 159 159 159 159 159 159 159 159 159 159 159 159 159 159 159 159 159 159 159 159 159 159 159 159 159 159 159 159 159 159 159 159 159 159 159 159 159 159 159 159 159 159 159 159 159 159 148.2 148.2 148.2 148.2 148.2 148.2 148.2 148.2 148.2 148.2 148.2 148.2 148.2 148.2 148.2 148.2 148.2 148.2 148.2 148.2 148.2 148.2 148.2 148.2 148.2 148.2 148.2 148.2 148.2 
148.9 148.9 148.9 148.9 148.9 148.9 148.9 148.9 148.9 148.9 148.9 159 159 159 159 159 159 159 159 159 159 159 159 159 159 159 159 159 159 159 159 159 159 159 159 159 159 159 159 159 159 159 159 159 159 159 159 159 159 159 159 159 159 159 159 159 159 159 159 159 159 159 159 159 159 159 159 159 159 159 159 148.2 148.2 148.2 148.2 148.2 148.2 148.2 148.2 148.2 148.2 148.2 148.2 148.2 148.2 148.2 148.2 148.2 148.2 148.2 148.2 148.2 148.2 148.2 148.2 148.2 148.2 148.2 148.2 148.2 
148.9 148.9 148.9 148.9 148.9 148.9 148.9 148.9 148.9 148.9 148.9 159 159 159 159 159 159 159 159 159 159 159 159 159 159 159 159 159 159 159 159 159 159 159 159 159 159 159 159 159 159 159 159 159 159 159 159 159 159 159 159 159 159 159 159 159 159 159 159 159 159 159 159 159 159 159 159 159 159 159 159 148.2 148.2 148.2 148.2 148.2 148.2 148.2 148.2 148.2 148.2 148.2 148.2 148.2 148.2 148.2 148.2 148.2 148.2 148.2 148.2 148.2 148.2 148.2 148.2 148.2 148.2 148.2 148.2 148.2 
148.9 148.9 148.9 148.9 148.9 148.9 148.9 148.9 148.9 148.9 148.9 159 159 159 159 159 159 159 159 159 159 159 159 159 159 159 159 159 159 159 159 159 159 159 159 159 159 159 159 159 159 159 159 159 159 159 159 159 159 159 159 159 159 159 159 159 159 159 159 159 159 159 159 159 159 159 159 159 159 159 159 148.2 148.2 148.2 148.2 148.2 148.2 148.2 148.2 148.2 148.2 148.2 148.2 148.2 148.2 148.2 148.2 148.2 148.2 148.2 148.2 148.2 148.2 148.2 148.2 148.2 148.2 148.2 148.2 148.2 
148.9 148.9 148.9 148.9 148.9 148.9 148.9 148.9 148.9 148.9 148.9 159 159 159 159 159 159 159 159 159 159 159 159 159 159 159 159 159 159 159 159 159 159 159 159 159 159 159 159 159 159 159 159 159 159 159 159 159 159 159 159 159 159 159 159 159 159 159 159 159 159 159 159 159 159 159 159 159 159 159 159 148.2 148.2 148.2 148.2 148.2 148.2 148.2 148.2 148.2 148.2 148.2 148.2 148.2 148.2 148.2 148.2 148.2 148.2 148.2 148.2 148.2 148.2 148.2 148.2 148.2 148.2 148.2 148.2 148.2 
148.9 148.9 148.9 148.9 148.9 148.9 148.9 148.9 148.9 148.9 148.9 159 159 159 159 159 159 159 159 159 159 159 159 159 159 159 159 159 159 159 159 159 159 159 159 159 159 159 159 159 159 159 159 159 159 159 159 159 159 159 159 159 159 159 159 159 159 159 159 159 159 159 159 159 159 159 159 159 159 159 159 148.2 148.2 148.2 148.2 148.2 148.2 148.2 148.2 148.2 148.2 148.2 148.2 148.2 148.2 148.2 148.2 148.2 148.2 148.2 148.2 148.2 148.2 148.2 148.2 148.2 148.2 148.2 148.2 148.2 
148.9 148.9 148.9 148.9 148.9 148.9 148.9 148.9 148.9 148.9 148.9 159 159 159 159 159 159 159 159 159 159 159 159 159 159 159 159 159 159 159 159 159 159 159 159 159 159 159 159 159 159 159 159 159 159 159 159 159 159 159 159 159 159 159 159 159 159 159 159 159 159 159 159 159 159 159 159 159 159 159 159 148.2 148.2 148.2 148.2 148.2 148.2 148.2 148.2 148.2 148.2 148.2 148.2 148.2 148.2 148.2 148.2 148.2 148.2 148.2 148.2 148.2 148.2 148.2 148.2 148.2 148.2 148.2 148.2 148.2 
148.9 148.9 148.9 148.9 148.9 148.9 148.9 148.9 148.9 148.9 148.9 159 159 159 159 159 159 159 159 159 159 159 159 159 159 159 159 159 159 159 159 159 159 159 159 159 159 159 159 159 159 159 159 159 159 159 159 159 159 159 159 159 159 159 159 159 159 159 159 159 159 159 159 159 159 159 159 159 159 159 159 148.2 148.2 148.2 148.2 148.2 148.2 148.2 148.2 148.2 148.2 148.2 148.2 148.2 148.2 148.2 148.2 148.2 148.2 148.2 148.2 148.2 148.2 148.2 148.2 148.2 148.2 148.2 148.2 148.2 
148.9 148.9 148.9 148.9 148.9 148.9 148.9 148.9 148.9 148.9 148.9 159 159 159 159 159 159 159 159 159 159 159 159 159 159 159 159 159 159 159 159 159 159 159 159 159 159 159 159 159 159 159 159 159 159 159 159 159 159 159 159 159 159 159 159 159 159 159 159 159 159 159 159 159 159 159 159 159 159 159 159 148.2 148.2 148.2 148.2 148.2 148.2 148.2 148.2 148.2 148.2 148.2 148.2 148.2 148.2 148.2 148.2 148.2 148.2 148.2 148.2 148.2 148.2 148.2 148.2 148.2 148.2 148.2 148.2 148.2 
148.9 148.9 148.9 148.9 148.9 148.9 148.9 148.9 148.9 148.9 148.9 159 159 159 159 159 159 159 159 159 159 159 159 159 159 159 159 159 159 159 159 159 159 159 159 159 159 159 159 159 159 159 159 159 159 159 159 159 159 159 159 159 159 159 159 159 159 159 159 159 159 159 159 159 159 159 159 159 159 159 159 148.2 148.2 148.2 148.2 148.2 148.2 148.2 148.2 148.2 148.2 148.2 148.2 148.2 148.2 148.2 148.2 148.2 148.2 148.2 148.2 148.2 148.2 148.2 148.2 148.2 148.2 148.2 148.2 148.2 
148.9 148.9 148.9 148.9 148.9 148.9 148.9 148.9 148.9 148.9 148.9 159 159 159 159 159 159 159 159 159 159 159 159 159 159 159 159 159 159 159 159 159 159 159 159 159 159 159 159 159 159 159 159 159 159 159 159 159 159 159 159 159 159 159 159 159 159 159 159 159 159 159 159 159 159 159 159 159 159 159 159 148.2 148.2 148.2 148.2 148.2 148.2 148.2 148.2 148.2 148.2 148.2 148.2 148.2 148.2 148.2 148.2 148.2 148.2 148.2 148.2 148.2 148.2 148.2 148.2 148.2 148.2 148.2 148.2 148.2 
148.9 148.9 148.9 148.9 148.9 148.9 148.9 148.9 148.9 148.9 148.9 159 159 159 159 159 159 159 159 159 159 159 159 159 159 159 159 159 159 159 159 159 159 159 159 159 159 159 159 159 159 159 159 159 159 159 159 159 159 159 159 159 159 159 159 159 159 159 159 159 159 159 159 159 159 159 159 159 159 159 159 148.2 148.2 148.2 148.2 148.2 148.2 148.2 148.2 148.2 148.2 148.2 148.2 148.2 148.2 148.2 148.2 148.2 148.2 148.2 148.2 148.2 148.2 148.2 148.2 148.2 148.2 148.2 148.2 148.2 
148.9 148.9 148.9 148.9 148.9 148.9 148.9 148.9 148.9 148.9 148.9 159 159 159 159 159 159 159 159 159 159 159 159 159 159 159 159 159 159 159 159 159 159 159 159 159 159 159 159 159 159 159 159 159 159 159 159 159 159 159 159 159 159 159 159 159 159 159 159 159 159 159 159 159 159 159 159 159 159 159 159 148.2 148.2 148.2 148.2 148.2 148.2 148.2 148.2 148.2 148.2 148.2 148.2 148.2 148.2 148.2 148.2 148.2 148.2 148.2 148.2 148.2 148.2 148.2 148.2 148.2 148.2 148.2 148.2 148.2 
148.9 148.9 148.9 148.9 148.9 148.9 148.9 148.9 148.9 148.9 148.9 159 159 159 159 159 159 159 159 159 159 159 159 159 159 159 159 159 159 159 159 159 159 159 159 159 159 159 159 159 159 159 159 159 159 159 159 159 159 159 159 159 159 159 159 159 159 159 159 159 159 159 159 159 159 159 159 159 159 159 159 148.2 148.2 148.2 148.2 148.2 148.2 148.2 148.2 148.2 148.2 148.2 148.2 148.2 148.2 148.2 148.2 148.2 148.2 148.2 148.2 148.2 148.2 148.2 148.2 148.2 148.2 148.2 148.2 148.2 
148.9 148.9 148.9 148.9 148.9 148.9 148.9 148.9 148.9 148.9 148.9 159 159 159 159 159 159 159 159 159 159 159 159 159 159 159 159 159 159 159 159 159 159 159 159 159 159 159 159 159 159 159 159 159 159 159 159 159 159 159 159 159 159 159 159 159 159 159 159 159 159 159 159 159 159 159 159 159 159 159 159 148.2 148.2 148.2 148.2 148.2 148.2 148.2 148.2 148.2 148.2 148.2 148.2 148.2 148.2 148.2 148.2 148.2 148.2 148.2 148.2 148.2 148.2 148.2 148.2 148.2 148.2 148.2 148.2 148.2 
148.9 148.9 148.9 148.9 148.9 148.9 148.9 148.9 148.9 148.9 148.9 159 159 159 159 159 159 159 159 159 159 159 159 159 159 159 159 159 159 159 159 159 159 159 159 159 159 159 159 159 159 159 159 159 159 159 159 159 159 159 159 159 159 159 159 159 159 159 159 159 159 159 159 159 159 159 159 159 159 159 159 148.2 148.2 148.2 148.2 148.2 148.2 148.2 148.2 148.2 148.2 148.2 148.2 148.2 148.2 148.2 148.2 148.2 148.2 148.2 148.2 148.2 148.2 148.2 148.2 148.2 148.2 148.2 148.2 148.2 
148.9 148.9 148.9 148.9 148.9 148.9 148.9 148.9 148.9 148.9 148.9 159 159 159 159 159 159 159 159 159 159 159 159 159 159 159 159 159 159 159 159 159 159 159 159 159 159 159 159 159 159 159 159 159 159 159 159 159 159 159 159 159 159 159 159 159 159 159 159 159 159 159 159 159 159 159 159 159 159 159 159 148.2 148.2 148.2 148.2 148.2 148.2 148.2 148.2 148.2 148.2 148.2 148.2 148.2 148.2 148.2 148.2 148.2 148.2 148.2 148.2 148.2 148.2 148.2 148.2 148.2 148.2 148.2 148.2 148.2 
148.9 148.9 148.9 148.9 148.9 148.9 148.9 148.9 148.9 148.9 148.9 159 159 159 159 159 159 159 159 159 159 159 159 159 159 159 159 159 159 159 159 159 159 159 159 159 159 159 159 159 159 159 159 159 159 159 159 159 159 159 159 159 159 159 159 159 159 159 159 159 159 159 159 159 159 159 159 159 159 159 159 148.2 148.2 148.2 148.2 148.2 148.2 148.2 148.2 148.2 148.2 148.2 148.2 148.2 148.2 148.2 148.2 148.2 148.2 148.2 148.2 148.2 148.2 148.2 148.2 148.2 148.2 148.2 148.2 148.2 
148.9 148.9 148.9 148.9 148.9 148.9 148.9 148.9 148.9 148.9 148.9 159 159 159 159 159 159 159 159 159 159 159 159 159 159 159 159 159 159 159 159 159 159 159 159 159 159 159 159 159 159 159 159 159 159 159 159 159 159 159 159 159 159 159 159 159 159 159 159 159 159 159 159 159 159 159 159 159 159 159 159 148.2 148.2 148.2 148.2 148.2 148.2 148.2 148.2 148.2 148.2 148.2 148.2 148.2 148.2 148.2 148.2 148.2 148.2 148.2 148.2 148.2 148.2 148.2 148.2 148.2 148.2 148.2 148.2 148.2 
148.9 148.9 148.9 148.9 148.9 148.9 148.9 148.9 148.9 148.9 148.9 159 159 159 159 159 159 159 159 159 159 159 159 159 159 159 159 159 159 159 159 159 159 159 159 159 159 159 159 159 159 159 159 159 159 159 159 159 159 159 159 159 159 159 159 159 159 159 159 159 159 159 159 159 159 159 159 159 159 159 159 148.2 148.2 148.2 148.2 148.2 148.2 148.2 148.2 148.2 148.2 148.2 148.2 148.2 148.2 148.2 148.2 148.2 148.2 148.2 148.2 148.2 148.2 148.2 148.2 148.2 148.2 148.2 148.2 148.2 
