ncols         100
nrows         100
xllcorner     -59982.863281
yllcorner     1851083.022172
cellsize      1000
NODATA_value  -9999
2.38 2.38 2.38 2.38 2.38 2.38 2.38 2.38 2.38 2.38 2.38 1.7 1.7 1.7 1.7 1.7 1.7 1.7 1.7 1.7 1.7 1.7 1.7 1.7 1.7 1.7 1.7 1.7 1.7 1.7 1.7 1.7 1.7 1.7 1.7 1.7 1.7 1.7 1.7 1.7 1.7 1.7 1.7 1.7 1.7 1.7 1.7 1.7 1.7 1.7 1.7 1.7 1.7 1.7 1.7 1.7 1.7 1.7 1.7 1.7 1.7 1.7 1.7 1.7 1.7 1.7 1.7 1.7 1.7 1.7 1.7 1.84 1.84 1.84 1.84 1.84 1.84 1.84 1.84 1.84 1.84 1.84 1.84 1.84 1.84 1.84 1.84 1.84 1.84 1.84 1.84 1.84 1.84 1.84 1.84 1.84 1.84 1.84 1.84 1.84 
2.38 2.38 2.38 2.38 2.38 2.38 2.38 2.38 2.38 2.38 2.38 1.7 1.7 1.7 1.7 1.7 1.7 1.7 1.7 1.7 1.7 1.7 1.7 1.7 1.7 1.7 1.7 1.7 1.7 1.7 1.7 1.7 1.7 1.7 1.7 1.7 1.7 1.7 1.7 1.7 1.7 1.7 1.7 1.7 1.7 1.7 1.7 1.7 1.7 1.7 1.7 1.7 1.7 1.7 1.7 1.7 1.7 1.7 1.7 1.7 1.7 1.7 1.7 1.7 1.7 1.7 1.7 1.7 1.7 1.7 1.7 1.84 1.84 1.84 1.84 1.84 1.84 1.84 1.84 1.84 1.84 1.84 1.84 1.84 1.84 1.84 1.84 1.84 1.84 1.84 1.84 1.84 1.84 1.84 1.84 1.84 1.84 1.84 1.84 1.84 
2.38 2.38 2.38 2.38 2.38 2.38 2.38 2.38 2.38 2.38 2.38 1.7 1.7 1.7 1.7 1.7 1.7 1.7 1.7 1.7 1.7 1.7 1.7 1.7 1.7 1.7 1.7 1.7 1.7 1.7 1.7 1.7 1.7 1.7 1.7 1.7 1.7 1.7 1.7 1.7 1.7 1.7 1.7 1.7 1.7 1.7 1.7 1.7 1.7 1.7 1.7 1.7 1.7 1.7 1.7 1.7 1.7 1.7 1.7 1.7 1.7 1.7 1.7 1.7 1.7 1.7 1.7 1.7 1.7 1.7 1.7 1.84 1.84 1.84 1.84 1.84 1.84 1.84 1.84 1.84 1.84 1.84 1.84 1.84 1.84 1.84 1.84 1.84 1.84 1.84 1.84 1.84 1.84 1.84 1.84 1.84 1.84 1.84 1.84 1.84 
2.38 2.38 2.38 2.38 2.38 2.38 2.38 2.38 2.38 2.38 2.38 1.7 1.7 1.7 1.7 1.7 1.7 1.7 1.7 1.7 1.7 1.7 1.7 1.7 1.7 1.7 1.7 1.7 1.7 1.7 1.7 1.7 1.7 1.7 1.7 1.7 1.7 1.7 1.7 1.7 1.7 1.7 1.7 1.7 1.7 1.7 1.7 1.7 1.7 1.7 1.7 1.7 1.7 1.7 1.7 1.7 1.7 1.7 1.7 1.7 1.7 1.7 1.7 1.7 1.7 1.7 1.7 1.7 1.7 1.7 1.7 1.84 1.84 1.84 1.84 1.84 1.84 1.84 1.84 1.84 1.84 1.84 1.84 1.84 1.84 1.84 1.84 1.84 1.84 1.84 1.84 1.84 1.84 1.84 1.84 1.84 1.84 1.84 1.84 1.84 
2.38 2.38 2.38 2.38 2.38 2.38 2.38 2.38 2.38 2.38 2.38 1.7 1.7 1.7 1.7 1.7 1.7 1.7 1.7 1.7 1.7 1.7 1.7 1.7 1.7 1.7 1.7 1.7 1.7 1.7 1.7 1.7 1.7 1.7 1.7 1.7 1.7 1.7 1.7 1.7 1.7 1.7 1.7 1.7 1.7 1.7 1.7 1.7 1.7 1.7 1.7 1.7 1.7 1.7 1.7 1.7 1.7 1.7 1.7 1.7 1.7 1.7 1.7 1.7 1.7 1.7 1.7 1.7 1.7 1.7 1.7 1.84 1.84 1.84 1.84 1.84 1.84 1.84 1.84 1.84 1.84 1.84 1.84 1.84 1.84 1.84 1.84 1.84 1.84 1.84 1.84 1.84 1.84 1.84 1.84 1.84 1.84 1.84 1.84 1.84 
2.38 2.38 2.38 2.38 2.38 2.38 2.38 2.38 2.38 2.38 2.38 1.7 1.7 1.7 1.7 1.7 1.7 1.7 1.7 1.7 1.7 1.7 1.7 1.7 1.7 1.7 1.7 1.7 1.7 1.7 1.7 1.7 1.7 1.7 1.7 1.7 1.7 1.7 1.7 1.7 1.7 1.7 1.7 1.7 1.7 1.7 1.7 1.7 1.7 1.7 1.7 1.7 1.7 1.7 1.7 1.7 1.7 1.7 1.7 1.7 1.7 1.7 1.7 1.7 1.7 1.7 1.7 1.7 1.7 1.7 1.7 1.84 1.84 1.84 1.84 1.84 1.84 1.84 1.84 1.84 1.84 1.84 1.84 1.84 1.84 1.84 1.84 1.84 1.84 1.84 1.84 1.84 1.84 1.84 1.84 1.84 1.84 1.84 1.84 1.84 
2.38 2.38 2.38 2.38 2.38 2.38 2.38 2.38 2.38 2.38 2.38 1.7 1.7 1.7 1.7 1.7 1.7 1.7 1.7 1.7 1.7 1.7 1.7 1.7 1.7 1.7 1.7 1.7 1.7 1.7 1.7 1.7 1.7 1.7 1.7 1.7 1.7 1.7 1.7 1.7 1.7 1.7 1.7 1.7 1.7 1.7 1.7 1.7 1.7 1.7 1.7 1.7 1.7 1.7 1.7 1.7 1.7 1.7 1.7 1.7 1.7 1.7 1.7 1.7 1.7 1.7 1.7 1.7 1.7 1.7 1.7 1.84 1.84 1.84 1.84 1.84 1.84 1.84 1.84 1.84 1.84 1.84 1.84 1.84 1.84 1.84 1.84 1.84 1.84 1.84 1.84 1.84 1.84 1.84 1.84 1.84 1.84 1.84 1.84 1.84 
2.38 2.38 2.38 2.38 2.38 2.38 2.38 2.38 2.38 2.38 2.38 1.7 1.7 1.7 1.7 1.7 1.7 1.7 1.7 1.7 1.7 1.7 1.7 1.7 1.7 1.7 1.7 1.7 1.7 1.7 1.7 1.7 1.7 1.7 1.7 1.7 1.7 1.7 1.7 1.7 1.7 1.7 1.7 1.7 1.7 1.7 1.7 1.7 1.7 1.7 1.7 1.7 1.7 1.7 1.7 1.7 1.7 1.7 1.7 1.7 1.7 1.7 1.7 1.7 1.7 1.7 1.7 1.7 1.7 1.7 1.7 1.84 1.84 1.84 1.84 1.84 1.84 1.84 1.84 1.84 1.84 1.84 1.84 1.84 1.84 1.84 1.84 1.84 1.84 1.84 1.84 1.84 1.84 1.84 1.84 1.84 1.84 1.84 1.84 1.84 
2.38 2.38 2.38 2.38 2.38 2.38 2.38 2.38 2.38 2.38 2.38 1.7 1.7 1.7 1.7 1.7 1.7 1.7 1.7 1.7 1.7 1.7 1.7 1.7 1.7 1.7 1.7 1.7 1.7 1.7 1.7 1.7 1.7 1.7 1.7 1.7 1.7 1.7 1.7 1.7 1.7 1.7 1.7 1.7 1.7 1.7 1.7 1.7 1.7 1.7 1.7 1.7 1.7 1.7 1.7 1.7 1.7 1.7 1.7 1.7 1.7 1.7 1.7 1.7 1.7 1.7 1.7 1.7 1.7 1.7 1.7 1.84 1.84 1.84 1.84 1.84 1.84 1.84 1.84 1.84 1.84 1.84 1.84 1.84 1.84 1.84 1.84 1.84 1.84 1.84 1.84 1.84 1.84 1.84 1.84 1.84 1.84 1.84 1.84 1.84 
2.62 2.62 2.62 2.62 2.62 2.62 2.62 2.62 2.62 2.62 2.62 2.88 2.88 2.88 2.88 2.88 2.88 2.88 2.88 2.88 2.88 2.88 2.88 2.88 2.88 2.88 2.88 2.88 2.88 2.88 2.88 2.88 2.88 2.88 2.88 2.88 2.88 2.88 2.88 2.88 2.88 2.88 2.88 2.88 2.88 2.88 2.88 2.88 2.88 2.88 2.88 2.88 2.88 2.88 2.88 2.88 2.88 2.88 2.88 2.88 2.88 2.88 2.88 2.88 2.88 2.88 2.88 2.88 2.88 2.88 2.88 3.42 3.42 3.42 3.42 3.42 3.42 3.42 3.42 3.42 3.42 3.42 3.42 3.42 3.42 3.42 3.42 3.42 3.42 3.42 3.42 3.42 3.42 3.42 3.42 3.42 3.42 3.42 3.42 3.42 
2.62 2.62 2.62 2.62 2.62 2.62 2.62 2.62 2.62 2.62 2.62 2.88 2.88 2.88 2.88 2.88 2.88 2.88 2.88 2.88 2.88 2.88 2.88 2.88 2.88 2.88 2.88 2.88 2.88 2.88 2.88 2.88 2.88 2.88 2.88 2.88 2.88 2.88 2.88 2.88 2.88 2.88 2.88 2.88 2.88 2.88 2.88 2.88 2.88 2.88 2.88 2.88 2.88 2.88 2.88 2.88 2.88 2.88 2.88 2.88 2.88 2.88 2.88 2.88 2.88 2.88 2.88 2.88 2.88 2.88 2.88 3.42 3.42 3.42 3.42 3.42 3.42 3.42 3.42 3.42 3.42 3.42 3.42 3.42 3.42 3.42 3.42 3.42 3.42 3.42 3.42 3.42 3.42 3.42 3.42 3.42 3.42 3.42 3.42 3.42 
2.62 2.62 2.62 2.62 2.62 2.62 2.62 2.62 2.62 2.62 2.62 2.88 2.88 2.88 2.88 2.88 2.88 2.88 2.88 2.88 2.88 2.88 2.88 2.88 2.88 2.88 2.88 2.88 2.88 2.88 2.88 2.88 2.88 2.88 2.88 2.88 2.88 2.88 2.88 2.88 2.88 2.88 2.88 2.88 2.88 2.88 2.88 2.88 2.88 2.88 2.88 2.88 2.88 2.88 2.88 2.88 2.88 2.88 2.88 2.88 2.88 2.88 2.88 2.88 2.88 2.88 2.88 2.88 2.88 2.88 2.88 3.42 3.42 3.42 3.42 3.42 3.42 3.42 3.42 3.42 3.42 3.42 3.42 3.42 3.42 3.42 3.42 3.42 3.42 3.42 3.42 3.42 3.42 3.42 3.42 3.42 3.42 3.42 3.42 3.42 
2.62 2.62 2.62 2.62 2.62 2.62 2.62 2.62 2.62 2.62 2.62 2.88 2.88 2.88 2.88 2.88 2.88 2.88 2.88 2.88 2.88 2.88 2.88 2.88 2.88 2.88 2.88 2.88 2.88 2.88 2.88 2.88 2.88 2.88 2.88 2.88 2.88 2.88 2.88 2.88 2.88 2.88 2.88 2.88 2.88 2.88 2.88 2.88 2.88 2.88 2.88 2.88 2.88 2.88 2.88 2.88 2.88 2.88 2.88 2.88 2.88 2.88 2.88 2.88 2.88 2.88 2.88 2.88 2.88 2.88 2.88 3.42 3.42 3.42 3.42 3.42 3.42 3.42 3.42 3.42 3.42 3.42 3.42 3.42 3.42 3.42 3.42 3.42 3.42 3.42 3.42 3.42 3.42 3.42 3.42 3.42 3.42 3.42 3.42 3.42 
2.62 2.62 2.62 2.62 2.62 2.62 2.62 2.62 2.62 2.62 2.62 2.88 2.88 2.88 2.88 2.88 2.88 2.88 2.88 2.88 2.88 2.88 2.88 2.88 2.88 2.88 2.88 2.88 2.88 2.88 2.88 2.88 2.88 2.88 2.88 2.88 2.88 2.88 2.88 2.88 2.88 2.88 2.88 2.88 2.88 2.88 2.88 2.88 2.88 2.88 2.88 2.88 2.88 2.88 2.88 2.88 2.88 2.88 2.88 2.88 2.88 2.88 2.88 2.88 2.88 2.88 2.88 2.88 2.88 2.88 2.88 3.42 3.42 3.42 3.42 3.42 3.42 3.42 3.42 3.42 3.42 3.42 3.42 3.42 3.42 3.42 3.42 3.42 3.42 3.42 3.42 3.42 3.42 3.42 3.42 3.42 3.42 3.42 3.42 3.42 
2.62 2.62 2.62 2.62 2.62 2.62 2.62 2.62 2.62 2.62 2.62 2.88 2.88 2.88 2.88 2.88 2.88 2.88 2.88 2.88 2.88 2.88 2.88 2.88 2.88 2.88 2.88 2.88 2.88 2.88 2.88 2.88 2.88 2.88 2.88 2.88 2.88 2.88 2.88 2.88 2.88 2.88 2.88 2.88 2.88 2.88 2.88 2.88 2.88 2.88 2.88 2.88 2.88 2.88 2.88 2.88 2.88 2.88 2.88 2.88 2.88 2.88 2.88 2.88 2.88 2.88 2.88 2.88 2.88 2.88 2.88 3.42 3.42 3.42 3.42 3.42 3.42 3.42 3.42 3.42 3.42 3.42 3.42 3.42 3.42 3.42 3.42 3.42 3.42 3.42 3.42 3.42 3.42 3.42 3.42 3.42 3.42 3.42 3.42 3.42 
2.62 2.62 2.62 2.62 2.62 2.62 2.62 2.62 2.62 2.62 2.62 2.88 2.88 2.88 2.88 2.88 2.88 2.88 2.88 2.88 2.88 2.88 2.88 2.88 2.88 2.88 2.88 2.88 2.88 2.88 2.88 2.88 2.88 2.88 2.88 2.88 2.88 2.88 2.88 2.88 2.88 2.88 2.88 2.88 2.88 2.88 2.88 2.88 2.88 2.88 2.88 2.88 2.88 2.88 2.88 2.88 2.88 2.88 2.88 2.88 2.88 2.88 2.88 2.88 2.88 2.88 2.88 2.88 2.88 2.88 2.88 3.42 3.42 3.42 3.42 3.42 3.42 3.42 3.42 3.42 3.42 3.42 3.42 3.42 3.42 3.42 3.42 3.42 3.42 3.42 3.42 3.42 3.42 3.42 3.42 3.42 3.42 3.42 3.42 3.42 
2.62 2.62 2.62 2.62 2.62 2.62 2.62 2.62 2.62 2.62 2.62 2.88 2.88 2.88 2.88 2.88 2.88 2.88 2.88 2.88 2.88 2.88 2.88 2.88 2.88 2.88 2.88 2.88 2.88 2.88 2.88 2.88 2.88 2.88 2.88 2.88 2.88 2.88 2.88 2.88 2.88 2.88 2.88 2.88 2.88 2.88 2.88 2.88 2.88 2.88 2.88 2.88 2.88 2.88 2.88 2.88 2.88 2.88 2.88 2.88 2.88 2.88 2.88 2.88 2.88 2.88 2.88 2.88 2.88 2.88 2.88 3.42 3.42 3.42 3.42 3.42 3.42 3.42 3.42 3.42 3.42 3.42 3.42 3.42 3.42 3.42 3.42 3.42 3.42 3.42 3.42 3.42 3.42 3.42 3.42 3.42 3.42 3.42 3.42 3.42 
2.62 2.62 2.62 2.62 2.62 2.62 2.62 2.62 2.62 2.62 2.62 2.88 2.88 2.88 2.88 2.88 2.88 2.88 2.88 2.88 2.88 2.88 2.88 2.88 2.88 2.88 2.88 2.88 2.88 2.88 2.88 2.88 2.88 2.88 2.88 2.88 2.88 2.88 2.88 2.88 2.88 2.88 2.88 2.88 2.88 2.88 2.88 2.88 2.88 2.88 2.88 2.88 2.88 2.88 2.88 2.88 2.88 2.88 2.88 2.88 2.88 2.88 2.88 2.88 2.88 2.88 2.88 2.88 2.88 2.88 2.88 3.42 3.42 3.42 3.42 3.42 3.42 3.42 3.42 3.42 3.42 3.42 3.42 3.42 3.42 3.42 3.42 3.42 3.42 3.42 3.42 3.42 3.42 3.42 3.42 3.42 3.42 3.42 3.42 3.42 
2.62 2.62 2.62 2.62 2.62 2.62 2.62 2.62 2.62 2.62 2.62 2.88 2.88 2.88 2.88 2.88 2.88 2.88 2.88 2.88 2.88 2.88 2.88 2.88 2.88 2.88 2.88 2.88 2.88 2.88 2.88 2.88 2.88 2.88 2.88 2.88 2.88 2.88 2.88 2.88 2.88 2.88 2.88 2.88 2.88 2.88 2.88 2.88 2.88 2.88 2.88 2.88 2.88 2.88 2.88 2.88 2.88 2.88 2.88 2.88 2.88 2.88 2.88 2.88 2.88 2.88 2.88 2.88 2.88 2.88 2.88 3.42 3.42 3.42 3.42 3.42 3.42 3.42 3.42 3.42 3.42 3.42 3.42 3.42 3.42 3.42 3.42 3.42 3.42 3.42 3.42 3.42 3.42 3.42 3.42 3.42 3.42 3.42 3.42 3.42 
2.62 2.62 2.62 2.62 2.62 2.62 2.62 2.62 2.62 2.62 2.62 2.88 2.88 2.88 2.88 2.88 2.88 2.88 2.88 2.88 2.88 2.88 2.88 2.88 2.88 2.88 2.88 2.88 2.88 2.88 2.88 2.88 2.88 2.88 2.88 2.88 2.88 2.88 2.88 2.88 2.88 2.88 2.88 2.88 2.88 2.88 2.88 2.88 2.88 2.88 2.88 2.88 2.88 2.88 2.88 2.88 2.88 2.88 2.88 2.88 2.88 2.88 2.88 2.88 2.88 2.88 2.88 2.88 2.88 2.88 2.88 3.42 3.42 3.42 3.42 3.42 3.42 3.42 3.42 3.42 3.42 3.42 3.42 3.42 3.42 3.42 3.42 3.42 3.42 3.42 3.42 3.42 3.42 3.42 3.42 3.42 3.42 3.42 3.42 3.42 
2.62 2.62 2.62 2.62 2.62 2.62 2.62 2.62 2.62 2.62 2.62 2.88 2.88 2.88 2.88 2.88 2.88 2.88 2.88 2.88 2.88 2.88 2.88 2.88 2.88 2.88 2.88 2.88 2.88 2.88 2.88 2.88 2.88 2.88 2.88 2.88 2.88 2.88 2.88 2.88 2.88 2.88 2.88 2.88 2.88 2.88 2.88 2.88 2.88 2.88 2.88 2.88 2.88 2.88 2.88 2.88 2.88 2.88 2.88 2.88 2.88 2.88 2.88 2.88 2.88 2.88 2.88 2.88 2.88 2.88 2.88 3.42 3.42 3.42 3.42 3.42 3.42 3.42 3.42 3.42 3.42 3.42 3.42 3.42 3.42 3.42 3.42 3.42 3.42 3.42 3.42 3.42 3.42 3.42 3.42 3.42 3.42 3.42 3.42 3.42 
2.62 2.62 2.62 2.62 2.62 2.62 2.62 2.62 2.62 2.62 2.62 2.88 2.88 2.88 2.88 2.88 2.88 2.88 2.88 2.88 2.88 2.88 2.88 2.88 2.88 2.88 2.88 2.88 2.88 2.88 2.88 2.88 2.88 2.88 2.88 2.88 2.88 2.88 2.88 2.88 2.88 2.88 2.88 2.88 2.88 2.88 2.88 2.88 2.88 2.88 2.88 2.88 2.88 2.88 2.88 2.88 2.88 2.88 2.88 2.88 2.88 2.88 2.88 2.88 2.88 2.88 2.88 2.88 2.88 2.88 2.88 3.42 3.42 3.42 3.42 3.42 3.42 3.42 3.42 3.42 3.42 3.42 3.42 3.42 3.42 3.42 3.42 3.42 3.42 3.42 3.42 3.42 3.42 3.42 3.42 3.42 3.42 3.42 3.42 3.42 
2.62 2.62 2.62 2.62 2.62 2.62 2.62 2.62 2.62 2.62 2.62 2.88 2.88 2.88 2.88 2.88 2.88 2.88 2.88 2.88 2.88 2.88 2.88 2.88 2.88 2.88 2.88 2.88 2.88 2.88 2.88 2.88 2.88 2.88 2.88 2.88 2.88 2.88 2.88 2.88 2.88 2.88 2.88 2.88 2.88 2.88 2.88 2.88 2.88 2.88 2.88 2.88 2.88 2.88 2.88 2.88 2.88 2.88 2.88 2.88 2.88 2.88 2.88 2.88 2.88 2.88 2.88 2.88 2.88 2.88 2.88 3.42 3.42 3.42 3.42 3.42 3.42 3.42 3.42 3.42 3.42 3.42 3.42 3.42 3.42 3.42 3.42 3.42 3.42 3.42 3.42 3.42 3.42 3.42 3.42 3.42 3.42 3.42 3.42 3.42 
2.62 2.62 2.62 2.62 2.62 2.62 2.62 2.62 2.62 2.62 2.62 2.88 2.88 2.88 2.88 2.88 2.88 2.88 2.88 2.88 2.88 2.88 2.88 2.88 2.88 2.88 2.88 2.88 2.88 2.88 2.88 2.88 2.88 2.88 2.88 2.88 2.88 2.88 2.88 2.88 2.88 2.88 2.88 2.88 2.88 2.88 2.88 2.88 2.88 2.88 2.88 2.88 2.88 2.88 2.88 2.88 2.88 2.88 2.88 2.88 2.88 2.88 2.88 2.88 2.88 2.88 2.88 2.88 2.88 2.88 2.88 3.42 3.42 3.42 3.42 3.42 3.42 3.42 3.42 3.42 3.42 3.42 3.42 3.42 3.42 3.42 3.42 3.42 3.42 3.42 3.42 3.42 3.42 3.42 3.42 3.42 3.42 3.42 3.42 3.42 
2.62 2.62 2.62 2.62 2.62 2.62 2.62 2.62 2.62 2.62 2.62 2.88 2.88 2.88 2.88 2.88 2.88 2.88 2.88 2.88 2.88 2.88 2.88 2.88 2.88 2.88 2.88 2.88 2.88 2.88 2.88 2.88 2.88 2.88 2.88 2.88 2.88 2.88 2.88 2.88 2.88 2.88 2.88 2.88 2.88 2.88 2.88 2.88 2.88 2.88 2.88 2.88 2.88 2.88 2.88 2.88 2.88 2.88 2.88 2.88 2.88 2.88 2.88 2.88 2.88 2.88 2.88 2.88 2.88 2.88 2.88 3.42 3.42 3.42 3.42 3.42 3.42 3.42 3.42 3.42 3.42 3.42 3.42 3.42 3.42 3.42 3.42 3.42 3.42 3.42 3.42 3.42 3.42 3.42 3.42 3.42 3.42 3.42 3.42 3.42 
2.62 2.62 2.62 2.62 2.62 2.62 2.62 2.62 2.62 2.62 2.62 2.88 2.88 2.88 2.88 2.88 2.88 2.88 2.88 2.88 2.88 2.88 2.88 2.88 2.88 2.88 2.88 2.88 2.88 2.88 2.88 2.88 2.88 2.88 2.88 2.88 2.88 2.88 2.88 2.88 2.88 2.88 2.88 2.88 2.88 2.88 2.88 2.88 2.88 2.88 2.88 2.88 2.88 2.88 2.88 2.88 2.88 2.88 2.88 2.88 2.88 2.88 2.88 2.88 2.88 2.88 2.88 2.88 2.88 2.88 2.88 3.42 3.42 3.42 3.42 3.42 3.42 3.42 3.42 3.42 3.42 3.42 3.42 3.42 3.42 3.42 3.42 3.42 3.42 3.42 3.42 3.42 3.42 3.42 3.42 3.42 3.42 3.42 3.42 3.42 
2.62 2.62 2.62 2.62 2.62 2.62 2.62 2.62 2.62 2.62 2.62 2.88 2.88 2.88 2.88 2.88 2.88 2.88 2.88 2.88 2.88 2.88 2.88 2.88 2.88 2.88 2.88 2.88 2.88 2.88 2.88 2.88 2.88 2.88 2.88 2.88 2.88 2.88 2.88 2.88 2.88 2.88 2.88 2.88 2.88 2.88 2.88 2.88 2.88 2.88 2.88 2.88 2.88 2.88 2.88 2.88 2.88 2.88 2.88 2.88 2.88 2.88 2.88 2.88 2.88 2.88 2.88 2.88 2.88 2.88 2.88 3.42 3.42 3.42 3.42 3.42 3.42 3.42 3.42 3.42 3.42 3.42 3.42 3.42 3.42 3.42 3.42 3.42 3.42 3.42 3.42 3.42 3.42 3.42 3.42 3.42 3.42 3.42 3.42 3.42 
2.62 2.62 2.62 2.62 2.62 2.62 2.62 2.62 2.62 2.62 2.62 2.88 2.88 2.88 2.88 2.88 2.88 2.88 2.88 2.88 2.88 2.88 2.88 2.88 2.88 2.88 2.88 2.88 2.88 2.88 2.88 2.88 2.88 2.88 2.88 2.88 2.88 2.88 2.88 2.88 2.88 2.88 2.88 2.88 2.88 2.88 2.88 2.88 2.88 2.88 2.88 2.88 2.88 2.88 2.88 2.88 2.88 2.88 2.88 2.88 2.88 2.88 2.88 2.88 2.88 2.88 2.88 2.88 2.88 2.88 2.88 3.42 3.42 3.42 3.42 3.42 3.42 3.42 3.42 3.42 3.42 3.42 3.42 3.42 3.42 3.42 3.42 3.42 3.42 3.42 3.42 3.42 3.42 3.42 3.42 3.42 3.42 3.42 3.42 3.42 
2.62 2.62 2.62 2.62 2.62 2.62 2.62 2.62 2.62 2.62 2.62 2.88 2.88 2.88 2.88 2.88 2.88 2.88 2.88 2.88 2.88 2.88 2.88 2.88 2.88 2.88 2.88 2.88 2.88 2.88 2.88 2.88 2.88 2.88 2.88 2.88 2.88 2.88 2.88 2.88 2.88 2.88 2.88 2.88 2.88 2.88 2.88 2.88 2.88 2.88 2.88 2.88 2.88 2.88 2.88 2.88 2.88 2.88 2.88 2.88 2.88 2.88 2.88 2.88 2.88 2.88 2.88 2.88 2.88 2.88 2.88 3.42 3.42 3.42 3.42 3.42 3.42 3.42 3.42 3.42 3.42 3.42 3.42 3.42 3.42 3.42 3.42 3.42 3.42 3.42 3.42 3.42 3.42 3.42 3.42 3.42 3.42 3.42 3.42 3.42 
2.62 2.62 2.62 2.62 2.62 2.62 2.62 2.62 2.62 2.62 2.62 2.88 2.88 2.88 2.88 2.88 2.88 2.88 2.88 2.88 2.88 2.88 2.88 2.88 2.88 2.88 2.88 2.88 2.88 2.88 2.88 2.88 2.88 2.88 2.88 2.88 2.88 2.88 2.88 2.88 2.88 2.88 2.88 2.88 2.88 2.88 2.88 2.88 2.88 2.88 2.88 2.88 2.88 2.88 2.88 2.88 2.88 2.88 2.88 2.88 2.88 2.88 2.88 2.88 2.88 2.88 2.88 2.88 2.88 2.88 2.88 3.42 3.42 3.42 3.42 3.42 3.42 3.42 3.42 3.42 3.42 3.42 3.42 3.42 3.42 3.42 3.42 3.42 3.42 3.42 3.42 3.42 3.42 3.42 3.42 3.42 3.42 3.42 3.42 3.42 
2.62 2.62 2.62 2.62 2.62 2.62 2.62 2.62 2.62 2.62 2.62 2.88 2.88 2.88 2.88 2.88 2.88 2.88 2.88 2.88 2.88 2.88 2.88 2.88 2.88 2.88 2.88 2.88 2.88 2.88 2.88 2.88 2.88 2.88 2.88 2.88 2.88 2.88 2.88 2.88 2.88 2.88 2.88 2.88 2.88 2.88 2.88 2.88 2.88 2.88 2.88 2.88 2.88 2.88 2.88 2.88 2.88 2.88 2.88 2.88 2.88 2.88 2.88 2.88 2.88 2.88 2.88 2.88 2.88 2.88 2.88 3.42 3.42 3.42 3.42 3.42 3.42 3.42 3.42 3.42 3.42 3.42 3.42 3.42 3.42 3.42 3.42 3.42 3.42 3.42 3.42 3.42 3.42 3.42 3.42 3.42 3.42 3.42 3.42 3.42 
2.62 2.62 2.62 2.62 2.62 2.62 2.62 2.62 2.62 2.62 2.62 2.88 2.88 2.88 2.88 2.88 2.88 2.88 2.88 2.88 2.88 2.88 2.88 2.88 2.88 2.88 2.88 2.88 2.88 2.88 2.88 2.88 2.88 2.88 2.88 2.88 2.88 2.88 2.88 2.88 2.88 2.88 2.88 2.88 2.88 2.88 2.88 2.88 2.88 2.88 2.88 2.88 2.88 2.88 2.88 2.88 2.88 2.88 2.88 2.88 2.88 2.88 2.88 2.88 2.88 2.88 2.88 2.88 2.88 2.88 2.88 3.42 3.42 3.42 3.42 3.42 3.42 3.42 3.42 3.42 3.42 3.42 3.42 3.42 3.42 3.42 3.42 3.42 3.42 3.42 3.42 3.42 3.42 3.42 3.42 3.42 3.42 3.42 3.42 3.42 
2.62 2.62 2.62 2.62 2.62 2.62 2.62 2.62 2.62 2.62 2.62 2.88 2.88 2.88 2.88 2.88 2.88 2.88 2.88 2.88 2.88 2.88 2.88 2.88 2.88 2.88 2.88 2.88 2.88 2.88 2.88 2.88 2.88 2.88 2.88 2.88 2.88 2.88 2.88 2.88 2.88 2.88 2.88 2.88 2.88 2.88 2.88 2.88 2.88 2.88 2.88 2.88 2.88 2.88 2.88 2.88 2.88 2.88 2.88 2.88 2.88 2.88 2.88 2.88 2.88 2.88 2.88 2.88 2.88 2.88 2.88 3.42 3.42 3.42 3.42 3.42 3.42 3.42 3.42 3.42 3.42 3.42 3.42 3.42 3.42 3.42 3.42 3.42 3.42 3.42 3.42 3.42 3.42 3.42 3.42 3.42 3.42 3.42 3.42 3.42 
2.62 2.62 2.62 2.62 2.62 2.62 2.62 2.62 2.62 2.62 2.62 2.88 2.88 2.88 2.88 2.88 2.88 2.88 2.88 2.88 2.88 2.88 2.88 2.88 2.88 2.88 2.88 2.88 2.88 2.88 2.88 2.88 2.88 2.88 2.88 2.88 2.88 2.88 2.88 2.88 2.88 2.88 2.88 2.88 2.88 2.88 2.88 2.88 2.88 2.88 2.88 2.88 2.88 2.88 2.88 2.88 2.88 2.88 2.88 2.88 2.88 2.88 2.88 2.88 2.88 2.88 2.88 2.88 2.88 2.88 2.88 3.42 3.42 3.42 3.42 3.42 3.42 3.42 3.42 3.42 3.42 3.42 3.42 3.42 3.42 3.42 3.42 3.42 3.42 3.42 3.42 3.42 3.42 3.42 3.42 3.42 3.42 3.42 3.42 3.42 
2.62 2.62 2.62 2.62 2.62 2.62 2.62 2.62 2.62 2.62 2.62 2.88 2.88 2.88 2.88 2.88 2.88 2.88 2.88 2.88 2.88 2.88 2.88 2.88 2.88 2.88 2.88 2.88 2.88 2.88 2.88 2.88 2.88 2.88 2.88 2.88 2.88 2.88 2.88 2.88 2.88 2.88 2.88 2.88 2.88 2.88 2.88 2.88 2.88 2.88 2.88 2.88 2.88 2.88 2.88 2.88 2.88 2.88 2.88 2.88 2.88 2.88 2.88 2.88 2.88 2.88 2.88 2.88 2.88 2.88 2.88 3.42 3.42 3.42 3.42 3.42 3.42 3.42 3.42 3.42 3.42 3.42 3.42 3.42 3.42 3.42 3.42 3.42 3.42 3.42 3.42 3.42 3.42 3.42 3.42 3.42 3.42 3.42 3.42 3.42 
2.62 2.62 2.62 2.62 2.62 2.62 2.62 2.62 2.62 2.62 2.62 2.88 2.88 2.88 2.88 2.88 2.88 2.88 2.88 2.88 2.88 2.88 2.88 2.88 2.88 2.88 2.88 2.88 2.88 2.88 2.88 2.88 2.88 2.88 2.88 2.88 2.88 2.88 2.88 2.88 2.88 2.88 2.88 2.88 2.88 2.88 2.88 2.88 2.88 2.88 2.88 2.88 2.88 2.88 2.88 2.88 2.88 2.88 2.88 2.88 2.88 2.88 2.88 2.88 2.88 2.88 2.88 2.88 2.88 2.88 2.88 3.42 3.42 3.42 3.42 3.42 3.42 3.42 3.42 3.42 3.42 3.42 3.42 3.42 3.42 3.42 3.42 3.42 3.42 3.42 3.42 3.42 3.42 3.42 3.42 3.42 3.42 3.42 3.42 3.42 
2.62 2.62 2.62 2.62 2.62 2.62 2.62 2.62 2.62 2.62 2.62 2.88 2.88 2.88 2.88 2.88 2.88 2.88 2.88 2.88 2.88 2.88 2.88 2.88 2.88 2.88 2.88 2.88 2.88 2.88 2.88 2.88 2.88 2.88 2.88 2.88 2.88 2.88 2.88 2.88 2.88 2.88 2.88 2.88 2.88 2.88 2.88 2.88 2.88 2.88 2.88 2.88 2.88 2.88 2.88 2.88 2.88 2.88 2.88 2.88 2.88 2.88 2.88 2.88 2.88 2.88 2.88 2.88 2.88 2.88 2.88 3.42 3.42 3.42 3.42 3.42 3.42 3.42 3.42 3.42 3.42 3.42 3.42 3.42 3.42 3.42 3.42 3.42 3.42 3.42 3.42 3.42 3.42 3.42 3.42 3.42 3.42 3.42 3.42 3.42 
2.62 2.62 2.62 2.62 2.62 2.62 2.62 2.62 2.62 2.62 2.62 2.88 2.88 2.88 2.88 2.88 2.88 2.88 2.88 2.88 2.88 2.88 2.88 2.88 2.88 2.88 2.88 2.88 2.88 2.88 2.88 2.88 2.88 2.88 2.88 2.88 2.88 2.88 2.88 2.88 2.88 2.88 2.88 2.88 2.88 2.88 2.88 2.88 2.88 2.88 2.88 2.88 2.88 2.88 2.88 2.88 2.88 2.88 2.88 2.88 2.88 2.88 2.88 2.88 2.88 2.88 2.88 2.88 2.88 2.88 2.88 3.42 3.42 3.42 3.42 3.42 3.42 3.42 3.42 3.42 3.42 3.42 3.42 3.42 3.42 3.42 3.42 3.42 3.42 3.42 3.42 3.42 3.42 3.42 3.42 3.42 3.42 3.42 3.42 3.42 
2.62 2.62 2.62 2.62 2.62 2.62 2.62 2.62 2.62 2.62 2.62 2.88 2.88 2.88 2.88 2.88 2.88 2.88 2.88 2.88 2.88 2.88 2.88 2.88 2.88 2.88 2.88 2.88 2.88 2.88 2.88 2.88 2.88 2.88 2.88 2.88 2.88 2.88 2.88 2.88 2.88 2.88 2.88 2.88 2.88 2.88 2.88 2.88 2.88 2.88 2.88 2.88 2.88 2.88 2.88 2.88 2.88 2.88 2.88 2.88 2.88 2.88 2.88 2.88 2.88 2.88 2.88 2.88 2.88 2.88 2.88 3.42 3.42 3.42 3.42 3.42 3.42 3.42 3.42 3.42 3.42 3.42 3.42 3.42 3.42 3.42 3.42 3.42 3.42 3.42 3.42 3.42 3.42 3.42 3.42 3.42 3.42 3.42 3.42 3.42 
2.62 2.62 2.62 2.62 2.62 2.62 2.62 2.62 2.62 2.62 2.62 2.88 2.88 2.88 2.88 2.88 2.88 2.88 2.88 2.88 2.88 2.88 2.88 2.88 2.88 2.88 2.88 2.88 2.88 2.88 2.88 2.88 2.88 2.88 2.88 2.88 2.88 2.88 2.88 2.88 2.88 2.88 2.88 2.88 2.88 2.88 2.88 2.88 2.88 2.88 2.88 2.88 2.88 2.88 2.88 2.88 2.88 2.88 2.88 2.88 2.88 2.88 2.88 2.88 2.88 2.88 2.88 2.88 2.88 2.88 2.88 3.42 3.42 3.42 3.42 3.42 3.42 3.42 3.42 3.42 3.42 3.42 3.42 3.42 3.42 3.42 3.42 3.42 3.42 3.42 3.42 3.42 3.42 3.42 3.42 3.42 3.42 3.42 3.42 3.42 
2.62 2.62 2.62 2.62 2.62 2.62 2.62 2.62 2.62 2.62 2.62 2.88 2.88 2.88 2.88 2.88 2.88 2.88 2.88 2.88 2.88 2.88 2.88 2.88 2.88 2.88 2.88 2.88 2.88 2.88 2.88 2.88 2.88 2.88 2.88 2.88 2.88 2.88 2.88 2.88 2.88 2.88 2.88 2.88 2.88 2.88 2.88 2.88 2.88 2.88 2.88 2.88 2.88 2.88 2.88 2.88 2.88 2.88 2.88 2.88 2.88 2.88 2.88 2.88 2.88 2.88 2.88 2.88 2.88 2.88 2.88 3.42 3.42 3.42 3.42 3.42 3.42 3.42 3.42 3.42 3.42 3.42 3.42 3.42 3.42 3.42 3.42 3.42 3.42 3.42 3.42 3.42 3.42 3.42 3.42 3.42 3.42 3.42 3.42 3.42 
2.62 2.62 2.62 2.62 2.62 2.62 2.62 2.62 2.62 2.62 2.62 2.88 2.88 2.88 2.88 2.88 2.88 2.88 2.88 2.88 2.88 2.88 2.88 2.88 2.88 2.88 2.88 2.88 2.88 2.88 2.88 2.88 2.88 2.88 2.88 2.88 2.88 2.88 2.88 2.88 2.88 2.88 2.88 2.88 2.88 2.88 2.88 2.88 2.88 2.88 2.88 2.88 2.88 2.88 2.88 2.88 2.88 2.88 2.88 2.88 2.88 2.88 2.88 2.88 2.88 2.88 2.88 2.88 2.88 2.88 2.88 3.42 3.42 3.42 3.42 3.42 3.42 3.42 3.42 3.42 3.42 3.42 3.42 3.42 3.42 3.42 3.42 3.42 3.42 3.42 3.42 3.42 3.42 3.42 3.42 3.42 3.42 3.42 3.42 3.42 
2.62 2.62 2.62 2.62 2.62 2.62 2.62 2.62 2.62 2.62 2.62 2.88 2.88 2.88 2.88 2.88 2.88 2.88 2.88 2.88 2.88 2.88 2.88 2.88 2.88 2.88 2.88 2.88 2.88 2.88 2.88 2.88 2.88 2.88 2.88 2.88 2.88 2.88 2.88 2.88 2.88 2.88 2.88 2.88 2.88 2.88 2.88 2.88 2.88 2.88 2.88 2.88 2.88 2.88 2.88 2.88 2.88 2.88 2.88 2.88 2.88 2.88 2.88 2.88 2.88 2.88 2.88 2.88 2.88 2.88 2.88 3.42 3.42 3.42 3.42 3.42 3.42 3.42 3.42 3.42 3.42 3.42 3.42 3.42 3.42 3.42 3.42 3.42 3.42 3.42 3.42 3.42 3.42 3.42 3.42 3.42 3.42 3.42 3.42 3.42 
2.62 2.62 2.62 2.62 2.62 2.62 2.62 2.62 2.62 2.62 2.62 2.88 2.88 2.88 2.88 2.88 2.88 2.88 2.88 2.88 2.88 2.88 2.88 2.88 2.88 2.88 2.88 2.88 2.88 2.88 2.88 2.88 2.88 2.88 2.88 2.88 2.88 2.88 2.88 2.88 2.88 2.88 2.88 2.88 2.88 2.88 2.88 2.88 2.88 2.88 2.88 2.88 2.88 2.88 2.88 2.88 2.88 2.88 2.88 2.88 2.88 2.88 2.88 2.88 2.88 2.88 2.88 2.88 2.88 2.88 2.88 3.42 3.42 3.42 3.42 3.42 3.42 3.42 3.42 3.42 3.42 3.42 3.42 3.42 3.42 3.42 3.42 3.42 3.42 3.42 3.42 3.42 3.42 3.42 3.42 3.42 3.42 3.42 3.42 3.42 
2.62 2.62 2.62 2.62 2.62 2.62 2.62 2.62 2.62 2.62 2.62 2.88 2.88 2.88 2.88 2.88 2.88 2.88 2.88 2.88 2.88 2.88 2.88 2.88 2.88 2.88 2.88 2.88 2.88 2.88 2.88 2.88 2.88 2.88 2.88 2.88 2.88 2.88 2.88 2.88 2.88 2.88 2.88 2.88 2.88 2.88 2.88 2.88 2.88 2.88 2.88 2.88 2.88 2.88 2.88 2.88 2.88 2.88 2.88 2.88 2.88 2.88 2.88 2.88 2.88 2.88 2.88 2.88 2.88 2.88 2.88 3.42 3.42 3.42 3.42 3.42 3.42 3.42 3.42 3.42 3.42 3.42 3.42 3.42 3.42 3.42 3.42 3.42 3.42 3.42 3.42 3.42 3.42 3.42 3.42 3.42 3.42 3.42 3.42 3.42 
2.62 2.62 2.62 2.62 2.62 2.62 2.62 2.62 2.62 2.62 2.62 2.88 2.88 2.88 2.88 2.88 2.88 2.88 2.88 2.88 2.88 2.88 2.88 2.88 2.88 2.88 2.88 2.88 2.88 2.88 2.88 2.88 2.88 2.88 2.88 2.88 2.88 2.88 2.88 2.88 2.88 2.88 2.88 2.88 2.88 2.88 2.88 2.88 2.88 2.88 2.88 2.88 2.88 2.88 2.88 2.88 2.88 2.88 2.88 2.88 2.88 2.88 2.88 2.88 2.88 2.88 2.88 2.88 2.88 2.88 2.88 3.42 3.42 3.42 3.42 3.42 3.42 3.42 3.42 3.42 3.42 3.42 3.42 3.42 3.42 3.42 3.42 3.42 3.42 3.42 3.42 3.42 3.42 3.42 3.42 3.42 3.42 3.42 3.42 3.42 
2.62 2.62 2.62 2.62 2.62 2.62 2.62 2.62 2.62 2.62 2.62 2.88 2.88 2.88 2.88 2.88 2.88 2.88 2.88 2.88 2.88 2.88 2.88 2.88 2.88 2.88 2.88 2.88 2.88 2.88 2.88 2.88 2.88 2.88 2.88 2.88 2.88 2.88 2.88 2.88 2.88 2.88 2.88 2.88 2.88 2.88 2.88 2.88 2.88 2.88 2.88 2.88 2.88 2.88 2.88 2.88 2.88 2.88 2.88 2.88 2.88 2.88 2.88 2.88 2.88 2.88 2.88 2.88 2.88 2.88 2.88 3.42 3.42 3.42 3.42 3.42 3.42 3.42 3.42 3.42 3.42 3.42 3.42 3.42 3.42 3.42 3.42 3.42 3.42 3.42 3.42 3.42 3.42 3.42 3.42 3.42 3.42 3.42 3.42 3.42 
2.62 2.62 2.62 2.62 2.62 2.62 2.62 2.62 2.62 2.62 2.62 2.88 2.88 2.88 2.88 2.88 2.88 2.88 2.88 2.88 2.88 2.88 2.88 2.88 2.88 2.88 2.88 2.88 2.88 2.88 2.88 2.88 2.88 2.88 2.88 2.88 2.88 2.88 2.88 2.88 2.88 2.88 2.88 2.88 2.88 2.88 2.88 2.88 2.88 2.88 2.88 2.88 2.88 2.88 2.88 2.88 2.88 2.88 2.88 2.88 2.88 2.88 2.88 2.88 2.88 2.88 2.88 2.88 2.88 2.88 2.88 3.42 3.42 3.42 3.42 3.42 3.42 3.42 3.42 3.42 3.42 3.42 3.42 3.42 3.42 3.42 3.42 3.42 3.42 3.42 3.42 3.42 3.42 3.42 3.42 3.42 3.42 3.42 3.42 3.42 
2.62 2.62 2.62 2.62 2.62 2.62 2.62 2.62 2.62 2.62 2.62 2.88 2.88 2.88 2.88 2.88 2.88 2.88 2.88 2.88 2.88 2.88 2.88 2.88 2.88 2.88 2.88 2.88 2.88 2.88 2.88 2.88 2.88 2.88 2.88 2.88 2.88 2.88 2.88 2.88 2.88 2.88 2.88 2.88 2.88 2.88 2.88 2.88 2.88 2.88 2.88 2.88 2.88 2.88 2.88 2.88 2.88 2.88 2.88 2.88 2.88 2.88 2.88 2.88 2.88 2.88 2.88 2.88 2.88 2.88 2.88 3.42 3.42 3.42 3.42 3.42 3.42 3.42 3.42 3.42 3.42 3.42 3.42 3.42 3.42 3.42 3.42 3.42 3.42 3.42 3.42 3.42 3.42 3.42 3.42 3.42 3.42 3.42 3.42 3.42 
2.62 2.62 2.62 2.62 2.62 2.62 2.62 2.62 2.62 2.62 2.62 2.88 2.88 2.88 2.88 2.88 2.88 2.88 2.88 2.88 2.88 2.88 2.88 2.88 2.88 2.88 2.88 2.88 2.88 2.88 2.88 2.88 2.88 2.88 2.88 2.88 2.88 2.88 2.88 2.88 2.88 2.88 2.88 2.88 2.88 2.88 2.88 2.88 2.88 2.88 2.88 2.88 2.88 2.88 2.88 2.88 2.88 2.88 2.88 2.88 2.88 2.88 2.88 2.88 2.88 2.88 2.88 2.88 2.88 2.88 2.88 3.42 3.42 3.42 3.42 3.42 3.42 3.42 3.42 3.42 3.42 3.42 3.42 3.42 3.42 3.42 3.42 3.42 3.42 3.42 3.42 3.42 3.42 3.42 3.42 3.42 3.42 3.42 3.42 3.42 
2.62 2.62 2.62 2.62 2.62 2.62 2.62 2.62 2.62 2.62 2.62 2.88 2.88 2.88 2.88 2.88 2.88 2.88 2.88 2.88 2.88 2.88 2.88 2.88 2.88 2.88 2.88 2.88 2.88 2.88 2.88 2.88 2.88 2.88 2.88 2.88 2.88 2.88 2.88 2.88 2.88 2.88 2.88 2.88 2.88 2.88 2.88 2.88 2.88 2.88 2.88 2.88 2.88 2.88 2.88 2.88 2.88 2.88 2.88 2.88 2.88 2.88 2.88 2.88 2.88 2.88 2.88 2.88 2.88 2.88 2.88 3.42 3.42 3.42 3.42 3.42 3.42 3.42 3.42 3.42 3.42 3.42 3.42 3.42 3.42 3.42 3.42 3.42 3.42 3.42 3.42 3.42 3.42 3.42 3.42 3.42 3.42 3.42 3.42 3.42 
2.62 2.62 2.62 2.62 2.62 2.62 2.62 2.62 2.62 2.62 2.62 2.88 2.88 2.88 2.88 2.88 2.88 2.88 2.88 2.88 2.88 2.88 2.88 2.88 2.88 2.88 2.88 2.88 2.88 2.88 2.88 2.88 2.88 2.88 2.88 2.88 2.88 2.88 2.88 2.88 2.88 2.88 2.88 2.88 2.88 2.88 2.88 2.88 2.88 2.88 2.88 2.88 2.88 2.88 2.88 2.88 2.88 2.88 2.88 2.88 2.88 2.88 2.88 2.88 2.88 2.88 2.88 2.88 2.88 2.88 2.88 3.42 3.42 3.42 3.42 3.42 3.42 3.42 3.42 3.42 3.42 3.42 3.42 3.42 3.42 3.42 3.42 3.42 3.42 3.42 3.42 3.42 3.42 3.42 3.42 3.42 3.42 3.42 3.42 3.42 
2.62 2.62 2.62 2.62 2.62 2.62 2.62 2.62 2.62 2.62 2.62 2.88 2.88 2.88 2.88 2.88 2.88 2.88 2.88 2.88 2.88 2.88 2.88 2.88 2.88 2.88 2.88 2.88 2.88 2.88 2.88 2.88 2.88 2.88 2.88 2.88 2.88 2.88 2.88 2.88 2.88 2.88 2.88 2.88 2.88 2.88 2.88 2.88 2.88 2.88 2.88 2.88 2.88 2.88 2.88 2.88 2.88 2.88 2.88 2.88 2.88 2.88 2.88 2.88 2.88 2.88 2.88 2.88 2.88 2.88 2.88 3.42 3.42 3.42 3.42 3.42 3.42 3.42 3.42 3.42 3.42 3.42 3.42 3.42 3.42 3.42 3.42 3.42 3.42 3.42 3.42 3.42 3.42 3.42 3.42 3.42 3.42 3.42 3.42 3.42 
2.62 2.62 2.62 2.62 2.62 2.62 2.62 2.62 2.62 2.62 2.62 2.88 2.88 2.88 2.88 2.88 2.88 2.88 2.88 2.88 2.88 2.88 2.88 2.88 2.88 2.88 2.88 2.88 2.88 2.88 2.88 2.88 2.88 2.88 2.88 2.88 2.88 2.88 2.88 2.88 2.88 2.88 2.88 2.88 2.88 2.88 2.88 2.88 2.88 2.88 2.88 2.88 2.88 2.88 2.88 2.88 2.88 2.88 2.88 2.88 2.88 2.88 2.88 2.88 2.88 2.88 2.88 2.88 2.88 2.88 2.88 3.42 3.42 3.42 3.42 3.42 3.42 3.42 3.42 3.42 3.42 3.42 3.42 3.42 3.42 3.42 3.42 3.42 3.42 3.42 3.42 3.42 3.42 3.42 3.42 3.42 3.42 3.42 3.42 3.42 
2.62 2.62 2.62 2.62 2.62 2.62 2.62 2.62 2.62 2.62 2.62 2.88 2.88 2.88 2.88 2.88 2.88 2.88 2.88 2.88 2.88 2.88 2.88 2.88 2.88 2.88 2.88 2.88 2.88 2.88 2.88 2.88 2.88 2.88 2.88 2.88 2.88 2.88 2.88 2.88 2.88 2.88 2.88 2.88 2.88 2.88 2.88 2.88 2.88 2.88 2.88 2.88 2.88 2.88 2.88 2.88 2.88 2.88 2.88 2.88 2.88 2.88 2.88 2.88 2.88 2.88 2.88 2.88 2.88 2.88 2.88 3.42 3.42 3.42 3.42 3.42 3.42 3.42 3.42 3.42 3.42 3.42 3.42 3.42 3.42 3.42 3.42 3.42 3.42 3.42 3.42 3.42 3.42 3.42 3.42 3.42 3.42 3.42 3.42 3.42 
2.62 2.62 2.62 2.62 2.62 2.62 2.62 2.62 2.62 2.62 2.62 2.88 2.88 2.88 2.88 2.88 2.88 2.88 2.88 2.88 2.88 2.88 2.88 2.88 2.88 2.88 2.88 2.88 2.88 2.88 2.88 2.88 2.88 2.88 2.88 2.88 2.88 2.88 2.88 2.88 2.88 2.88 2.88 2.88 2.88 2.88 2.88 2.88 2.88 2.88 2.88 2.88 2.88 2.88 2.88 2.88 2.88 2.88 2.88 2.88 2.88 2.88 2.88 2.88 2.88 2.88 2.88 2.88 2.88 2.88 2.88 3.42 3.42 3.42 3.42 3.42 3.42 3.42 3.42 3.42 3.42 3.42 3.42 3.42 3.42 3.42 3.42 3.42 3.42 3.42 3.42 3.42 3.42 3.42 3.42 3.42 3.42 3.42 3.42 3.42 
2.62 2.62 2.62 2.62 2.62 2.62 2.62 2.62 2.62 2.62 2.62 2.88 2.88 2.88 2.88 2.88 2.88 2.88 2.88 2.88 2.88 2.88 2.88 2.88 2.88 2.88 2.88 2.88 2.88 2.88 2.88 2.88 2.88 2.88 2.88 2.88 2.88 2.88 2.88 2.88 2.88 2.88 2.88 2.88 2.88 2.88 2.88 2.88 2.88 2.88 2.88 2.88 2.88 2.88 2.88 2.88 2.88 2.88 2.88 2.88 2.88 2.88 2.88 2.88 2.88 2.88 2.88 2.88 2.88 2.88 2.88 3.42 3.42 3.42 3.42 3.42 3.42 3.42 3.42 3.42 3.42 3.42 3.42 3.42 3.42 3.42 3.42 3.42 3.42 3.42 3.42 3.42 3.42 3.42 3.42 3.42 3.42 3.42 3.42 3.42 
2.62 2.62 2.62 2.62 2.62 2.62 2.62 2.62 2.62 2.62 2.62 2.88 2.88 2.88 2.88 2.88 2.88 2.88 2.88 2.88 2.88 2.88 2.88 2.88 2.88 2.88 2.88 2.88 2.88 2.88 2.88 2.88 2.88 2.88 2.88 2.88 2.88 2.88 2.88 2.88 2.88 2.88 2.88 2.88 2.88 2.88 2.88 2.88 2.88 2.88 2.88 2.88 2.88 2.88 2.88 2.88 2.88 2.88 2.88 2.88 2.88 2.88 2.88 2.88 2.88 2.88 2.88 2.88 2.88 2.88 2.88 3.42 3.42 3.42 3.42 3.42 3.42 3.42 3.42 3.42 3.42 3.42 3.42 3.42 3.42 3.42 3.42 3.42 3.42 3.42 3.42 3.42 3.42 3.42 3.42 3.42 3.42 3.42 3.42 3.42 
2.62 2.62 2.62 2.62 2.62 2.62 2.62 2.62 2.62 2.62 2.62 2.88 2.88 2.88 2.88 2.88 2.88 2.88 2.88 2.88 2.88 2.88 2.88 2.88 2.88 2.88 2.88 2.88 2.88 2.88 2.88 2.88 2.88 2.88 2.88 2.88 2.88 2.88 2.88 2.88 2.88 2.88 2.88 2.88 2.88 2.88 2.88 2.88 2.88 2.88 2.88 2.88 2.88 2.88 2.88 2.88 2.88 2.88 2.88 2.88 2.88 2.88 2.88 2.88 2.88 2.88 2.88 2.88 2.88 2.88 2.88 3.42 3.42 3.42 3.42 3.42 3.42 3.42 3.42 3.42 3.42 3.42 3.42 3.42 3.42 3.42 3.42 3.42 3.42 3.42 3.42 3.42 3.42 3.42 3.42 3.42 3.42 3.42 3.42 3.42 
2.62 2.62 2.62 2.62 2.62 2.62 2.62 2.62 2.62 2.62 2.62 2.88 2.88 2.88 2.88 2.88 2.88 2.88 2.88 2.88 2.88 2.88 2.88 2.88 2.88 2.88 2.88 2.88 2.88 2.88 2.88 2.88 2.88 2.88 2.88 2.88 2.88 2.88 2.88 2.88 2.88 2.88 2.88 2.88 2.88 2.88 2.88 2.88 2.88 2.88 2.88 2.88 2.88 2.88 2.88 2.88 2.88 2.88 2.88 2.88 2.88 2.88 2.88 2.88 2.88 2.88 2.88 2.88 2.88 2.88 2.88 3.42 3.42 3.42 3.42 3.42 3.42 3.42 3.42 3.42 3.42 3.42 3.42 3.42 3.42 3.42 3.42 3.42 3.42 3.42 3.42 3.42 3.42 3.42 3.42 3.42 3.42 3.42 3.42 3.42 
2.62 2.62 2.62 2.62 2.62 2.62 2.62 2.62 2.62 2.62 2.62 2.88 2.88 2.88 2.88 2.88 2.88 2.88 2.88 2.88 2.88 2.88 2.88 2.88 2.88 2.88 2.88 2.88 2.88 2.88 2.88 2.88 2.88 2.88 2.88 2.88 2.88 2.88 2.88 2.88 2.88 2.88 2.88 2.88 2.88 2.88 2.88 2.88 2.88 2.88 2.88 2.88 2.88 2.88 2.88 2.88 2.88 2.88 2.88 2.88 2.88 2.88 2.88 2.88 2.88 2.88 2.88 2.88 2.88 2.88 2.88 3.42 3.42 3.42 3.42 3.42 3.42 3.42 3.42 3.42 3.42 3.42 3.42 3.42 3.42 3.42 3.42 3.42 3.42 3.42 3.42 3.42 3.42 3.42 3.42 3.42 3.42 3.42 3.42 3.42 
2.62 2.62 2.62 2.62 2.62 2.62 2.62 2.62 2.62 2.62 2.62 2.88 2.88 2.88 2.88 2.88 2.88 2.88 2.88 2.88 2.88 2.88 2.88 2.88 2.88 2.88 2.88 2.88 2.88 2.88 2.88 2.88 2.88 2.88 2.88 2.88 2.88 2.88 2.88 2.88 2.88 2.88 2.88 2.88 2.88 2.88 2.88 2.88 2.88 2.88 2.88 2.88 2.88 2.88 2.88 2.88 2.88 2.88 2.88 2.88 2.88 2.88 2.88 2.88 2.88 2.88 2.88 2.88 2.88 2.88 2.88 3.42 3.42 3.42 3.42 3.42 3.42 3.42 3.42 3.42 3.42 3.42 3.42 3.42 3.42 3.42 3.42 3.42 3.42 3.42 3.42 3.42 3.42 3.42 3.42 3.42 3.42 3.42 3.42 3.42 
2.62 2.62 2.62 2.62 2.62 2.62 2.62 2.62 2.62 2.62 2.62 2.88 2.88 2.88 2.88 2.88 2.88 2.88 2.88 2.88 2.88 2.88 2.88 2.88 2.88 2.88 2.88 2.88 2.88 2.88 2.88 2.88 2.88 2.88 2.88 2.88 2.88 2.88 2.88 2.88 2.88 2.88 2.88 2.88 2.88 2.88 2.88 2.88 2.88 2.88 2.88 2.88 2.88 2.88 2.88 2.88 2.88 2.88 2.88 2.88 2.88 2.88 2.88 2.88 2.88 2.88 2.88 2.88 2.88 2.88 2.88 3.42 3.42 3.42 3.42 3.42 3.42 3.42 3.42 3.42 3.42 3.42 3.42 3.42 3.42 3.42 3.42 3.42 3.42 3.42 3.42 3.42 3.42 3.42 3.42 3.42 3.42 3.42 3.42 3.42 
2.62 2.62 2.62 2.62 2.62 2.62 2.62 2.62 2.62 2.62 2.62 2.88 2.88 2.88 2.88 2.88 2.88 2.88 2.88 2.88 2.88 2.88 2.88 2.88 2.88 2.88 2.88 2.88 2.88 2.88 2.88 2.88 2.88 2.88 2.88 2.88 2.88 2.88 2.88 2.88 2.88 2.88 2.88 2.88 2.88 2.88 2.88 2.88 2.88 2.88 2.88 2.88 2.88 2.88 2.88 2.88 2.88 2.88 2.88 2.88 2.88 2.88 2.88 2.88 2.88 2.88 2.88 2.88 2.88 2.88 2.88 3.42 3.42 3.42 3.42 3.42 3.42 3.42 3.42 3.42 3.42 3.42 3.42 3.42 3.42 3.42 3.42 3.42 3.42 3.42 3.42 3.42 3.42 3.42 3.42 3.42 3.42 3.42 3.42 3.42 
2.62 2.62 2.62 2.62 2.62 2.62 2.62 2.62 2.62 2.62 2.62 2.88 2.88 2.88 2.88 2.88 2.88 2.88 2.88 2.88 2.88 2.88 2.88 2.88 2.88 2.88 2.88 2.88 2.88 2.88 2.88 2.88 2.88 2.88 2.88 2.88 2.88 2.88 2.88 2.88 2.88 2.88 2.88 2.88 2.88 2.88 2.88 2.88 2.88 2.88 2.88 2.88 2.88 2.88 2.88 2.88 2.88 2.88 2.88 2.88 2.88 2.88 2.88 2.88 2.88 2.88 2.88 2.88 2.88 2.88 2.88 3.42 3.42 3.42 3.42 3.42 3.42 3.42 3.42 3.42 3.42 3.42 3.42 3.42 3.42 3.42 3.42 3.42 3.42 3.42 3.42 3.42 3.42 3.42 3.42 3.42 3.42 3.42 3.42 3.42 
2.62 2.62 2.62 2.62 2.62 2.62 2.62 2.62 2.62 2.62 2.62 2.88 2.88 2.88 2.88 2.88 2.88 2.88 2.88 2.88 2.88 2.88 2.88 2.88 2.88 2.88 2.88 2.88 2.88 2.88 2.88 2.88 2.88 2.88 2.88 2.88 2.88 2.88 2.88 2.88 2.88 2.88 2.88 2.88 2.88 2.88 2.88 2.88 2.88 2.88 2.88 2.88 2.88 2.88 2.88 2.88 2.88 2.88 2.88 2.88 2.88 2.88 2.88 2.88 2.88 2.88 2.88 2.88 2.88 2.88 2.88 3.42 3.42 3.42 3.42 3.42 3.42 3.42 3.42 3.42 3.42 3.42 3.42 3.42 3.42 3.42 3.42 3.42 3.42 3.42 3.42 3.42 3.42 3.42 3.42 3.42 3.42 3.42 3.42 3.42 
2.62 2.62 2.62 2.62 2.62 2.62 2.62 2.62 2.62 2.62 2.62 2.88 2.88 2.88 2.88 2.88 2.88 2.88 2.88 2.88 2.88 2.88 2.88 2.88 2.88 2.88 2.88 2.88 2.88 2.88 2.88 2.88 2.88 2.88 2.88 2.88 2.88 2.88 2.88 2.88 2.88 2.88 2.88 2.88 2.88 2.88 2.88 2.88 2.88 2.88 2.88 2.88 2.88 2.88 2.88 2.88 2.88 2.88 2.88 2.88 2.88 2.88 2.88 2.88 2.88 2.88 2.88 2.88 2.88 2.88 2.88 3.42 3.42 3.42 3.42 3.42 3.42 3.42 3.42 3.42 3.42 3.42 3.42 3.42 3.42 3.42 3.42 3.42 3.42 3.42 3.42 3.42 3.42 3.42 3.42 3.42 3.42 3.42 3.42 3.42 
2.62 2.62 2.62 2.62 2.62 2.62 2.62 2.62 2.62 2.62 2.62 2.88 2.88 2.88 2.88 2.88 2.88 2.88 2.88 2.88 2.88 2.88 2.88 2.88 2.88 2.88 2.88 2.88 2.88 2.88 2.88 2.88 2.88 2.88 2.88 2.88 2.88 2.88 2.88 2.88 2.88 2.88 2.88 2.88 2.88 2.88 2.88 2.88 2.88 2.88 2.88 2.88 2.88 2.88 2.88 2.88 2.88 2.88 2.88 2.88 2.88 2.88 2.88 2.88 2.88 2.88 2.88 2.88 2.88 2.88 2.88 3.42 3.42 3.42 3.42 3.42 3.42 3.42 3.42 3.42 3.42 3.42 3.42 3.42 3.42 3.42 3.42 3.42 3.42 3.42 3.42 3.42 3.42 3.42 3.42 3.42 3.42 3.42 3.42 3.42 
2.62 2.62 2.62 2.62 2.62 2.62 2.62 2.62 2.62 2.62 2.62 2.88 2.88 2.88 2.88 2.88 2.88 2.88 2.88 2.88 2.88 2.88 2.88 2.88 2.88 2.88 2.88 2.88 2.88 2.88 2.88 2.88 2.88 2.88 2.88 2.88 2.88 2.88 2.88 2.88 2.88 2.88 2.88 2.88 2.88 2.88 2.88 2.88 2.88 2.88 2.88 2.88 2.88 2.88 2.88 2.88 2.88 2.88 2.88 2.88 2.88 2.88 2.88 2.88 2.88 2.88 2.88 2.88 2.88 2.88 2.88 3.42 3.42 3.42 3.42 3.42 3.42 3.42 3.42 3.42 3.42 3.42 3.42 3.42 3.42 3.42 3.42 3.42 3.42 3.42 3.42 3.42 3.42 3.42 3.42 3.42 3.42 3.42 3.42 3.42 
5.92 5.92 5.92 5.92 5.92 5.92 5.92 5.92 5.92 5.92 5.92 6.1 6.1 6.1 6.1 6.1 6.1 6.1 6.1 6.1 6.1 6.1 6.1 6.1 6.1 6.1 6.1 6.1 6.1 6.1 6.1 6.1 6.1 6.1 6.1 6.1 6.1 6.1 6.1 6.1 6.1 6.1 6.1 6.1 6.1 6.1 6.1 6.1 6.1 6.1 6.1 6.1 6.1 6.1 6.1 6.1 6.1 6.1 6.1 6.1 6.1 6.1 6.1 6.1 6.1 6.1 6.1 6.1 6.1 6.1 6.1 6.06 6.06 6.06 6.06 6.06 6.06 6.06 6.06 6.06 6.06 6.06 6.06 6.06 6.06 6.06 6.06 6.06 6.06 6.06 6.06 6.06 6.06 6.06 6.06 6.06 6.06 6.06 6.06 6.06 
5.92 5.92 5.92 5.92 5.92 5.92 5.92 5.92 5.92 5.92 5.92 6.1 6.1 6.1 6.1 6.1 6.1 6.1 6.1 6.1 6.1 6.1 6.1 6.1 6.1 6.1 6.1 6.1 6.1 6.1 6.1 6.1 6.1 6.1 6.1 6.1 6.1 6.1 6.1 6.1 6.1 6.1 6.1 6.1 6.1 6.1 6.1 6.1 6.1 6.1 6.1 6.1 6.1 6.1 6.1 6.1 6.1 6.1 6.1 6.1 6.1 6.1 6.1 6.1 6.1 6.1 6.1 6.1 6.1 6.1 6.1 6.06 6.06 6.06 6.06 6.06 6.06 6.06 6.06 6.06 6.06 6.06 6.06 6.06 6.06 6.06 6.06 6.06 6.06 6.06 6.06 6.06 6.06 6.06 6.06 6.06 6.06 6.06 6.06 6.06 
5.92 5.92 5.92 5.92 5.92 5.92 5.92 5.92 5.92 5.92 5.92 6.1 6.1 6.1 6.1 6.1 6.1 6.1 6.1 6.1 6.1 6.1 6.1 6.1 6.1 6.1 6.1 6.1 6.1 6.1 6.1 6.1 6.1 6.1 6.1 6.1 6.1 6.1 6.1 6.1 6.1 6.1 6.1 6.1 6.1 6.1 6.1 6.1 6.1 6.1 6.1 6.1 6.1 6.1 6.1 6.1 6.1 6.1 6.1 6.1 6.1 6.1 6.1 6.1 6.1 6.1 6.1 6.1 6.1 6.1 6.1 6.06 6.06 6.06 6.06 6.06 6.06 6.06 6.06 6.06 6.06 6.06 6.06 6.06 6.06 6.06 6.06 6.06 6.06 6.06 6.06 6.06 6.06 6.06 6.06 6.06 6.06 6.06 6.06 6.06 
5.92 5.92 5.92 5.92 5.92 5.92 5.92 5.92 5.92 5.92 5.92 6.1 6.1 6.1 6.1 6.1 6.1 6.1 6.1 6.1 6.1 6.1 6.1 6.1 6.1 6.1 6.1 6.1 6.1 6.1 6.1 6.1 6.1 6.1 6.1 6.1 6.1 6.1 6.1 6.1 6.1 6.1 6.1 6.1 6.1 6.1 6.1 6.1 6.1 6.1 6.1 6.1 6.1 6.1 6.1 6.1 6.1 6.1 6.1 6.1 6.1 6.1 6.1 6.1 6.1 6.1 6.1 6.1 6.1 6.1 6.1 6.06 6.06 6.06 6.06 6.06 6.06 6.06 6.06 6.06 6.06 6.06 6.06 6.06 6.06 6.06 6.06 6.06 6.06 6.06 6.06 6.06 6.06 6.06 6.06 6.06 6.06 6.06 6.06 6.06 
5.92 5.92 5.92 5.92 5.92 5.92 5.92 5.92 5.92 5.92 5.92 6.1 6.1 6.1 6.1 6.1 6.1 6.1 6.1 6.1 6.1 6.1 6.1 6.1 6.1 6.1 6.1 6.1 6.1 6.1 6.1 6.1 6.1 6.1 6.1 6.1 6.1 6.1 6.1 6.1 6.1 6.1 6.1 6.1 6.1 6.1 6.1 6.1 6.1 6.1 6.1 6.1 6.1 6.1 6.1 6.1 6.1 6.1 6.1 6.1 6.1 6.1 6.1 6.1 6.1 6.1 6.1 6.1 6.1 6.1 6.1 6.06 6.06 6.06 6.06 6.06 6.06 6.06 6.06 6.06 6.06 6.06 6.06 6.06 6.06 6.06 6.06 6.06 6.06 6.06 6.06 6.06 6.06 6.06 6.06 6.06 6.06 6.06 6.06 6.06 
5.92 5.92 5.92 5.92 5.92 5.92 5.92 5.92 5.92 5.92 5.92 6.1 6.1 6.1 6.1 6.1 6.1 6.1 6.1 6.1 6.1 6.1 6.1 6.1 6.1 6.1 6.1 6.1 6.1 6.1 6.1 6.1 6.1 6.1 6.1 6.1 6.1 6.1 6.1 6.1 6.1 6.1 6.1 6.1 6.1 6.1 6.1 6.1 6.1 6.1 6.1 6.1 6.1 6.1 6.1 6.1 6.1 6.1 6.1 6.1 6.1 6.1 6.1 6.1 6.1 6.1 6.1 6.1 6.1 6.1 6.1 6.06 6.06 6.06 6.06 6.06 6.06 6.06 6.06 6.06 6.06 6.06 6.06 6.06 6.06 6.06 6.06 6.06 6.06 6.06 6.06 6.06 6.06 6.06 6.06 6.06 6.06 6.06 6.06 6.06 
5.92 5.92 5.92 5.92 5.92 5.92 5.92 5.92 5.92 5.92 5.92 6.1 6.1 6.1 6.1 6.1 6.1 6.1 6.1 6.1 6.1 6.1 6.1 6.1 6.1 6.1 6.1 6.1 6.1 6.1 6.1 6.1 6.1 6.1 6.1 6.1 6.1 6.1 6.1 6.1 6.1 6.1 6.1 6.1 6.1 6.1 6.1 6.1 6.1 6.1 6.1 6.1 6.1 6.1 6.1 6.1 6.1 6.1 6.1 6.1 6.1 6.1 6.1 6.1 6.1 6.1 6.1 6.1 6.1 6.1 6.1 6.06 6.06 6.06 6.06 6.06 6.06 6.06 6.06 6.06 6.06 6.06 6.06 6.06 6.06 6.06 6.06 6.06 6.06 6.06 6.06 6.06 6.06 6.06 6.06 6.06 6.06 6.06 6.06 6.06 
5.92 5.92 5.92 5.92 5.92 5.92 5.92 5.92 5.92 5.92 5.92 6.1 6.1 6.1 6.1 6.1 6.1 6.1 6.1 6.1 6.1 6.1 6.1 6.1 6.1 6.1 6.1 6.1 6.1 6.1 6.1 6.1 6.1 6.1 6.1 6.1 6.1 6.1 6.1 6.1 6.1 6.1 6.1 6.1 6.1 6.1 6.1 6.1 6.1 6.1 6.1 6.1 6.1 6.1 6.1 6.1 6.1 6.1 6.1 6.1 6.1 6.1 6.1 6.1 6.1 6.1 6.1 6.1 6.1 6.1 6.1 6.06 6.06 6.06 6.06 6.06 6.06 6.06 6.06 6.06 6.06 6.06 6.06 6.06 6.06 6.06 6.06 6.06 6.06 6.06 6.06 6.06 6.06 6.06 6.06 6.06 6.06 6.06 6.06 6.06 
5.92 5.92 5.92 5.92 5.92 5.92 5.92 5.92 5.92 5.92 5.92 6.1 6.1 6.1 6.1 6.1 6.1 6.1 6.1 6.1 6.1 6.1 6.1 6.1 6.1 6.1 6.1 6.1 6.1 6.1 6.1 6.1 6.1 6.1 6.1 6.1 6.1 6.1 6.1 6.1 6.1 6.1 6.1 6.1 6.1 6.1 6.1 6.1 6.1 6.1 6.1 6.1 6.1 6.1 6.1 6.1 6.1 6.1 6.1 6.1 6.1 6.1 6.1 6.1 6.1 6.1 6.1 6.1 6.1 6.1 6.1 6.06 6.06 6.06 6.06 6.06 6.06 6.06 6.06 6.06 6.06 6.06 6.06 6.06 6.06 6.06 6.06 6.06 6.06 6.06 6.06 6.06 6.06 6.06 6.06 6.06 6.06 6.06 6.06 6.06 
5.92 5.92 5.92 5.92 5.92 5.92 5.92 5.92 5.92 5.92 5.92 6.1 6.1 6.1 6.1 6.1 6.1 6.1 6.1 6.1 6.1 6.1 6.1 6.1 6.1 6.1 6.1 6.1 6.1 6.1 6.1 6.1 6.1 6.1 6.1 6.1 6.1 6.1 6.1 6.1 6.1 6.1 6.1 6.1 6.1 6.1 6.1 6.1 6.1 6.1 6.1 6.1 6.1 6.1 6.1 6.1 6.1 6.1 6.1 6.1 6.1 6.1 6.1 6.1 6.1 6.1 6.1 6.1 6.1 6.1 6.1 6.06 6.06 6.06 6.06 6.06 6.06 6.06 6.06 6.06 6.06 6.06 6.06 6.06 6.06 6.06 6.06 6.06 6.06 6.06 6.06 6.06 6.06 6.06 6.06 6.06 6.06 6.06 6.06 6.06 
5.92 5.92 5.92 5.92 5.92 5.92 5.92 5.92 5.92 5.92 5.92 6.1 6.1 6.1 6.1 6.1 6.1 6.1 6.1 6.1 6.1 6.1 6.1 6.1 6.1 6.1 6.1 6.1 6.1 6.1 6.1 6.1 6.1 6.1 6.1 6.1 6.1 6.1 6.1 6.1 6.1 6.1 6.1 6.1 6.1 6.1 6.1 6.1 6.1 6.1 6.1 6.1 6.1 6.1 6.1 6.1 6.1 6.1 6.1 6.1 6.1 6.1 6.1 6.1 6.1 6.1 6.1 6.1 6.1 6.1 6.1 6.06 6.06 6.06 6.06 6.06 6.06 6.06 6.06 6.06 6.06 6.06 6.06 6.06 6.06 6.06 6.06 6.06 6.06 6.06 6.06 6.06 6.06 6.06 6.06 6.06 6.06 6.06 6.06 6.06 
5.92 5.92 5.92 5.92 5.92 5.92 5.92 5.92 5.92 5.92 5.92 6.1 6.1 6.1 6.1 6.1 6.1 6.1 6.1 6.1 6.1 6.1 6.1 6.1 6.1 6.1 6.1 6.1 6.1 6.1 6.1 6.1 6.1 6.1 6.1 6.1 6.1 6.1 6.1 6.1 6.1 6.1 6.1 6.1 6.1 6.1 6.1 6.1 6.1 6.1 6.1 6.1 6.1 6.1 6.1 6.1 6.1 6.1 6.1 6.1 6.1 6.1 6.1 6.1 6.1 6.1 6.1 6.1 6.1 6.1 6.1 6.06 6.06 6.06 6.06 6.06 6.06 6.06 6.06 6.06 6.06 6.06 6.06 6.06 6.06 6.06 6.06 6.06 6.06 6.06 6.06 6.06 6.06 6.06 6.06 6.06 6.06 6.06 6.06 6.06 
5.92 5.92 5.92 5.92 5.92 5.92 5.92 5.92 5.92 5.92 5.92 6.1 6.1 6.1 6.1 6.1 6.1 6.1 6.1 6.1 6.1 6.1 6.1 6.1 6.1 6.1 6.1 6.1 6.1 6.1 6.1 6.1 6.1 6.1 6.1 6.1 6.1 6.1 6.1 6.1 6.1 6.1 6.1 6.1 6.1 6.1 6.1 6.1 6.1 6.1 6.1 6.1 6.1 6.1 6.1 6.1 6.1 6.1 6.1 6.1 6.1 6.1 6.1 6.1 6.1 6.1 6.1 6.1 6.1 6.1 6.1 6.06 6.06 6.06 6.06 6.06 6.06 6.06 6.06 6.06 6.06 6.06 6.06 6.06 6.06 6.06 6.06 6.06 6.06 6.06 6.06 6.06 6.06 6.06 6.06 6.06 6.06 6.06 6.06 6.06 
5.92 5.92 5.92 5.92 5.92 5.92 5.92 5.92 5.92 5.92 5.92 6.1 6.1 6.1 6.1 6.1 6.1 6.1 6.1 6.1 6.1 6.1 6.1 6.1 6.1 6.1 6.1 6.1 6.1 6.1 6.1 6.1 6.1 6.1 6.1 6.1 6.1 6.1 6.1 6.1 6.1 6.1 6.1 6.1 6.1 6.1 6.1 6.1 6.1 6.1 6.1 6.1 6.1 6.1 6.1 6.1 6.1 6.1 6.1 6.1 6.1 6.1 6.1 6.1 6.1 6.1 6.1 6.1 6.1 6.1 6.1 6.06 6.06 6.06 6.06 6.06 6.06 6.06 6.06 6.06 6.06 6.06 6.06 6.06 6.06 6.06 6.06 6.06 6.06 6.06 6.06 6.06 6.06 6.06 6.06 6.06 6.06 6.06 6.06 6.06 
5.92 5.92 5.92 5.92 5.92 5.92 5.92 5.92 5.92 5.92 5.92 6.1 6.1 6.1 6.1 6.1 6.1 6.1 6.1 6.1 6.1 6.1 6.1 6.1 6.1 6.1 6.1 6.1 6.1 6.1 6.1 6.1 6.1 6.1 6.1 6.1 6.1 6.1 6.1 6.1 6.1 6.1 6.1 6.1 6.1 6.1 6.1 6.1 6.1 6.1 6.1 6.1 6.1 6.1 6.1 6.1 6.1 6.1 6.1 6.1 6.1 6.1 6.1 6.1 6.1 6.1 6.1 6.1 6.1 6.1 6.1 6.06 6.06 6.06 6.06 6.06 6.06 6.06 6.06 6.06 6.06 6.06 6.06 6.06 6.06 6.06 6.06 6.06 6.06 6.06 6.06 6.06 6.06 6.06 6.06 6.06 6.06 6.06 6.06 6.06 
5.92 5.92 5.92 5.92 5.92 5.92 5.92 5.92 5.92 5.92 5.92 6.1 6.1 6.1 6.1 6.1 6.1 6.1 6.1 6.1 6.1 6.1 6.1 6.1 6.1 6.1 6.1 6.1 6.1 6.1 6.1 6.1 6.1 6.1 6.1 6.1 6.1 6.1 6.1 6.1 6.1 6.1 6.1 6.1 6.1 6.1 6.1 6.1 6.1 6.1 6.1 6.1 6.1 6.1 6.1 6.1 6.1 6.1 6.1 6.1 6.1 6.1 6.1 6.1 6.1 6.1 6.1 6.1 6.1 6.1 6.1 6.06 6.06 6.06 6.06 6.06 6.06 6.06 6.06 6.06 6.06 6.06 6.06 6.06 6.06 6.06 6.06 6.06 6.06 6.06 6.06 6.06 6.06 6.06 6.06 6.06 6.06 6.06 6.06 6.06 
5.92 5.92 5.92 5.92 5.92 5.92 5.92 5.92 5.92 5.92 5.92 6.1 6.1 6.1 6.1 6.1 6.1 6.1 6.1 6.1 6.1 6.1 6.1 6.1 6.1 6.1 6.1 6.1 6.1 6.1 6.1 6.1 6.1 6.1 6.1 6.1 6.1 6.1 6.1 6.1 6.1 6.1 6.1 6.1 6.1 6.1 6.1 6.1 6.1 6.1 6.1 6.1 6.1 6.1 6.1 6.1 6.1 6.1 6.1 6.1 6.1 6.1 6.1 6.1 6.1 6.1 6.1 6.1 6.1 6.1 6.1 6.06 6.06 6.06 6.06 6.06 6.06 6.06 6.06 6.06 6.06 6.06 6.06 6.06 6.06 6.06 6.06 6.06 6.06 6.06 6.06 6.06 6.06 6.06 6.06 6.06 6.06 6.06 6.06 6.06 
5.92 5.92 5.92 5.92 5.92 5.92 5.92 5.92 5.92 5.92 5.92 6.1 6.1 6.1 6.1 6.1 6.1 6.1 6.1 6.1 6.1 6.1 6.1 6.1 6.1 6.1 6.1 6.1 6.1 6.1 6.1 6.1 6.1 6.1 6.1 6.1 6.1 6.1 6.1 6.1 6.1 6.1 6.1 6.1 6.1 6.1 6.1 6.1 6.1 6.1 6.1 6.1 6.1 6.1 6.1 6.1 6.1 6.1 6.1 6.1 6.1 6.1 6.1 6.1 6.1 6.1 6.1 6.1 6.1 6.1 6.1 6.06 6.06 6.06 6.06 6.06 6.06 6.06 6.06 6.06 6.06 6.06 6.06 6.06 6.06 6.06 6.06 6.06 6.06 6.06 6.06 6.06 6.06 6.06 6.06 6.06 6.06 6.06 6.06 6.06 
5.92 5.92 5.92 5.92 5.92 5.92 5.92 5.92 5.92 5.92 5.92 6.1 6.1 6.1 6.1 6.1 6.1 6.1 6.1 6.1 6.1 6.1 6.1 6.1 6.1 6.1 6.1 6.1 6.1 6.1 6.1 6.1 6.1 6.1 6.1 6.1 6.1 6.1 6.1 6.1 6.1 6.1 6.1 6.1 6.1 6.1 6.1 6.1 6.1 6.1 6.1 6.1 6.1 6.1 6.1 6.1 6.1 6.1 6.1 6.1 6.1 6.1 6.1 6.1 6.1 6.1 6.1 6.1 6.1 6.1 6.1 6.06 6.06 6.06 6.06 6.06 6.06 6.06 6.06 6.06 6.06 6.06 6.06 6.06 6.06 6.06 6.06 6.06 6.06 6.06 6.06 6.06 6.06 6.06 6.06 6.06 6.06 6.06 6.06 6.06 
5.92 5.92 5.92 5.92 5.92 5.92 5.92 5.92 5.92 5.92 5.92 6.1 6.1 6.1 6.1 6.1 6.1 6.1 6.1 6.1 6.1 6.1 6.1 6.1 6.1 6.1 6.1 6.1 6.1 6.1 6.1 6.1 6.1 6.1 6.1 6.1 6.1 6.1 6.1 6.1 6.1 6.1 6.1 6.1 6.1 6.1 6.1 6.1 6.1 6.1 6.1 6.1 6.1 6.1 6.1 6.1 6.1 6.1 6.1 6.1 6.1 6.1 6.1 6.1 6.1 6.1 6.1 6.1 6.1 6.1 6.1 6.06 6.06 6.06 6.06 6.06 6.06 6.06 6.06 6.06 6.06 6.06 6.06 6.06 6.06 6.06 6.06 6.06 6.06 6.06 6.06 6.06 6.06 6.06 6.06 6.06 6.06 6.06 6.06 6.06 
5.92 5.92 5.92 5.92 5.92 5.92 5.92 5.92 5.92 5.92 5.92 6.1 6.1 6.1 6.1 6.1 6.1 6.1 6.1 6.1 6.1 6.1 6.1 6.1 6.1 6.1 6.1 6.1 6.1 6.1 6.1 6.1 6.1 6.1 6.1 6.1 6.1 6.1 6.1 6.1 6.1 6.1 6.1 6.1 6.1 6.1 6.1 6.1 6.1 6.1 6.1 6.1 6.1 6.1 6.1 6.1 6.1 6.1 6.1 6.1 6.1 6.1 6.1 6.1 6.1 6.1 6.1 6.1 6.1 6.1 6.1 6.06 6.06 6.06 6.06 6.06 6.06 6.06 6.06 6.06 6.06 6.06 6.06 6.06 6.06 6.06 6.06 6.06 6.06 6.06 6.06 6.06 6.06 6.06 6.06 6.06 6.06 6.06 6.06 6.06 
5.92 5.92 5.92 5.92 5.92 5.92 5.92 5.92 5.92 5.92 5.92 6.1 6.1 6.1 6.1 6.1 6.1 6.1 6.1 6.1 6.1 6.1 6.1 6.1 6.1 6.1 6.1 6.1 6.1 6.1 6.1 6.1 6.1 6.1 6.1 6.1 6.1 6.1 6.1 6.1 6.1 6.1 6.1 6.1 6.1 6.1 6.1 6.1 6.1 6.1 6.1 6.1 6.1 6.1 6.1 6.1 6.1 6.1 6.1 6.1 6.1 6.1 6.1 6.1 6.1 6.1 6.1 6.1 6.1 6.1 6.1 6.06 6.06 6.06 6.06 6.06 6.06 6.06 6.06 6.06 6.06 6.06 6.06 6.06 6.06 6.06 6.06 6.06 6.06 6.06 6.06 6.06 6.06 6.06 6.06 6.06 6.06 6.06 6.06 6.06 
5.92 5.92 5.92 5.92 5.92 5.92 5.92 5.92 5.92 5.92 5.92 6.1 6.1 6.1 6.1 6.1 6.1 6.1 6.1 6.1 6.1 6.1 6.1 6.1 6.1 6.1 6.1 6.1 6.1 6.1 6.1 6.1 6.1 6.1 6.1 6.1 6.1 6.1 6.1 6.1 6.1 6.1 6.1 6.1 6.1 6.1 6.1 6.1 6.1 6.1 6.1 6.1 6.1 6.1 6.1 6.1 6.1 6.1 6.1 6.1 6.1 6.1 6.1 6.1 6.1 6.1 6.1 6.1 6.1 6.1 6.1 6.06 6.06 6.06 6.06 6.06 6.06 6.06 6.06 6.06 6.06 6.06 6.06 6.06 6.06 6.06 6.06 6.06 6.06 6.06 6.06 6.06 6.06 6.06 6.06 6.06 6.06 6.06 6.06 6.06 
5.92 5.92 5.92 5.92 5.92 5.92 5.92 5.92 5.92 5.92 5.92 6.1 6.1 6.1 6.1 6.1 6.1 6.1 6.1 6.1 6.1 6.1 6.1 6.1 6.1 6.1 6.1 6.1 6.1 6.1 6.1 6.1 6.1 6.1 6.1 6.1 6.1 6.1 6.1 6.1 6.1 6.1 6.1 6.1 6.1 6.1 6.1 6.1 6.1 6.1 6.1 6.1 6.1 6.1 6.1 6.1 6.1 6.1 6.1 6.1 6.1 6.1 6.1 6.1 6.1 6.1 6.1 6.1 6.1 6.1 6.1 6.06 6.06 6.06 6.06 6.06 6.06 6.06 6.06 6.06 6.06 6.06 6.06 6.06 6.06 6.06 6.06 6.06 6.06 6.06 6.06 6.06 6.06 6.06 6.06 6.06 6.06 6.06 6.06 6.06 
5.92 5.92 5.92 5.92 5.92 5.92 5.92 5.92 5.92 5.92 5.92 6.1 6.1 6.1 6.1 6.1 6.1 6.1 6.1 6.1 6.1 6.1 6.1 6.1 6.1 6.1 6.1 6.1 6.1 6.1 6.1 6.1 6.1 6.1 6.1 6.1 6.1 6.1 6.1 6.1 6.1 6.1 6.1 6.1 6.1 6.1 6.1 6.1 6.1 6.1 6.1 6.1 6.1 6.1 6.1 6.1 6.1 6.1 6.1 6.1 6.1 6.1 6.1 6.1 6.1 6.1 6.1 6.1 6.1 6.1 6.1 6.06 6.06 6.06 6.06 6.06 6.06 6.06 6.06 6.06 6.06 6.06 6.06 6.06 6.06 6.06 6.06 6.06 6.06 6.06 6.06 6.06 6.06 6.06 6.06 6.06 6.06 6.06 6.06 6.06 
5.92 5.92 5.92 5.92 5.92 5.92 5.92 5.92 5.92 5.92 5.92 6.1 6.1 6.1 6.1 6.1 6.1 6.1 6.1 6.1 6.1 6.1 6.1 6.1 6.1 6.1 6.1 6.1 6.1 6.1 6.1 6.1 6.1 6.1 6.1 6.1 6.1 6.1 6.1 6.1 6.1 6.1 6.1 6.1 6.1 6.1 6.1 6.1 6.1 6.1 6.1 6.1 6.1 6.1 6.1 6.1 6.1 6.1 6.1 6.1 6.1 6.1 6.1 6.1 6.1 6.1 6.1 6.1 6.1 6.1 6.1 6.06 6.06 6.06 6.06 6.06 6.06 6.06 6.06 6.06 6.06 6.06 6.06 6.06 6.06 6.06 6.06 6.06 6.06 6.06 6.06 6.06 6.06 6.06 6.06 6.06 6.06 6.06 6.06 6.06 
5.92 5.92 5.92 5.92 5.92 5.92 5.92 5.92 5.92 5.92 5.92 6.1 6.1 6.1 6.1 6.1 6.1 6.1 6.1 6.1 6.1 6.1 6.1 6.1 6.1 6.1 6.1 6.1 6.1 6.1 6.1 6.1 6.1 6.1 6.1 6.1 6.1 6.1 6.1 6.1 6.1 6.1 6.1 6.1 6.1 6.1 6.1 6.1 6.1 6.1 6.1 6.1 6.1 6.1 6.1 6.1 6.1 6.1 6.1 6.1 6.1 6.1 6.1 6.1 6.1 6.1 6.1 6.1 6.1 6.1 6.1 6.06 6.06 6.06 6.06 6.06 6.06 6.06 6.06 6.06 6.06 6.06 6.06 6.06 6.06 6.06 6.06 6.06 6.06 6.06 6.06 6.06 6.06 6.06 6.06 6.06 6.06 6.06 6.06 6.06 
5.92 5.92 5.92 5.92 5.92 5.92 5.92 5.92 5.92 5.92 5.92 6.1 6.1 6.1 6.1 6.1 6.1 6.1 6.1 6.1 6.1 6.1 6.1 6.1 6.1 6.1 6.1 6.1 6.1 6.1 6.1 6.1 6.1 6.1 6.1 6.1 6.1 6.1 6.1 6.1 6.1 6.1 6.1 6.1 6.1 6.1 6.1 6.1 6.1 6.1 6.1 6.1 6.1 6.1 6.1 6.1 6.1 6.1 6.1 6.1 6.1 6.1 6.1 6.1 6.1 6.1 6.1 6.1 6.1 6.1 6.1 6.06 6.06 6.06 6.06 6.06 6.06 6.06 6.06 6.06 6.06 6.06 6.06 6.06 6.06 6.06 6.06 6.06 6.06 6.06 6.06 6.06 6.06 6.06 6.06 6.06 6.06 6.06 6.06 6.06 
5.92 5.92 5.92 5.92 5.92 5.92 5.92 5.92 5.92 5.92 5.92 6.1 6.1 6.1 6.1 6.1 6.1 6.1 6.1 6.1 6.1 6.1 6.1 6.1 6.1 6.1 6.1 6.1 6.1 6.1 6.1 6.1 6.1 6.1 6.1 6.1 6.1 6.1 6.1 6.1 6.1 6.1 6.1 6.1 6.1 6.1 6.1 6.1 6.1 6.1 6.1 6.1 6.1 6.1 6.1 6.1 6.1 6.1 6.1 6.1 6.1 6.1 6.1 6.1 6.1 6.1 6.1 6.1 6.1 6.1 6.1 6.06 6.06 6.06 6.06 6.06 6.06 6.06 6.06 6.06 6.06 6.06 6.06 6.06 6.06 6.06 6.06 6.06 6.06 6.06 6.06 6.06 6.06 6.06 6.06 6.06 6.06 6.06 6.06 6.06 
5.92 5.92 5.92 5.92 5.92 5.92 5.92 5.92 5.92 5.92 5.92 6.1 6.1 6.1 6.1 6.1 6.1 6.1 6.1 6.1 6.1 6.1 6.1 6.1 6.1 6.1 6.1 6.1 6.1 6.1 6.1 6.1 6.1 6.1 6.1 6.1 6.1 6.1 6.1 6.1 6.1 6.1 6.1 6.1 6.1 6.1 6.1 6.1 6.1 6.1 6.1 6.1 6.1 6.1 6.1 6.1 6.1 6.1 6.1 6.1 6.1 6.1 6.1 6.1 6.1 6.1 6.1 6.1 6.1 6.1 6.1 6.06 6.06 6.06 6.06 6.06 6.06 6.06 6.06 6.06 6.06 6.06 6.06 6.06 6.06 6.06 6.06 6.06 6.06 6.06 6.06 6.06 6.06 6.06 6.06 6.06 6.06 6.06 6.06 6.06 
5.92 5.92 5.92 5.92 5.92 5.92 5.92 5.92 5.92 5.92 5.92 6.1 6.1 6.1 6.1 6.1 6.1 6.1 6.1 6.1 6.1 6.1 6.1 6.1 6.1 6.1 6.1 6.1 6.1 6.1 6.1 6.1 6.1 6.1 6.1 6.1 6.1 6.1 6.1 6.1 6.1 6.1 6.1 6.1 6.1 6.1 6.1 6.1 6.1 6.1 6.1 6.1 6.1 6.1 6.1 6.1 6.1 6.1 6.1 6.1 6.1 6.1 6.1 6.1 6.1 6.1 6.1 6.1 6.1 6.1 6.1 6.06 6.06 6.06 6.06 6.06 6.06 6.06 6.06 6.06 6.06 6.06 6.06 6.06 6.06 6.06 6.06 6.06 6.06 6.06 6.06 6.06 6.06 6.06 6.06 6.06 6.06 6.06 6.06 6.06 
