ncols         100
nrows         100
xllcorner     -59982.863281
yllcorner     1851083.022172
cellsize      1000
NODATA_value  -9999
104.9 104.9 104.9 104.9 104.9 104.9 104.9 104.9 104.9 104.9 104.9 102.8 102.8 102.8 102.8 102.8 102.8 102.8 102.8 102.8 102.8 102.8 102.8 102.8 102.8 102.8 102.8 102.8 102.8 102.8 102.8 102.8 102.8 102.8 102.8 102.8 102.8 102.8 102.8 102.8 102.8 102.8 102.8 102.8 102.8 102.8 102.8 102.8 102.8 102.8 102.8 102.8 102.8 102.8 102.8 102.8 102.8 102.8 102.8 102.8 102.8 102.8 102.8 102.8 102.8 102.8 102.8 102.8 102.8 102.8 102.8 95.6 95.6 95.6 95.6 95.6 95.6 95.6 95.6 95.6 95.6 95.6 95.6 95.6 95.6 95.6 95.6 95.6 95.6 95.6 95.6 95.6 95.6 95.6 95.6 95.6 95.6 95.6 95.6 95.6 
104.9 104.9 104.9 104.9 104.9 104.9 104.9 104.9 104.9 104.9 104.9 102.8 102.8 102.8 102.8 102.8 102.8 102.8 102.8 102.8 102.8 102.8 102.8 102.8 102.8 102.8 102.8 102.8 102.8 102.8 102.8 102.8 102.8 102.8 102.8 102.8 102.8 102.8 102.8 102.8 102.8 102.8 102.8 102.8 102.8 102.8 102.8 102.8 102.8 102.8 102.8 102.8 102.8 102.8 102.8 102.8 102.8 102.8 102.8 102.8 102.8 102.8 102.8 102.8 102.8 102.8 102.8 102.8 102.8 102.8 102.8 95.6 95.6 95.6 95.6 95.6 95.6 95.6 95.6 95.6 95.6 95.6 95.6 95.6 95.6 95.6 95.6 95.6 95.6 95.6 95.6 95.6 95.6 95.6 95.6 95.6 95.6 95.6 95.6 95.6 
104.9 104.9 104.9 104.9 104.9 104.9 104.9 104.9 104.9 104.9 104.9 102.8 102.8 102.8 102.8 102.8 102.8 102.8 102.8 102.8 102.8 102.8 102.8 102.8 102.8 102.8 102.8 102.8 102.8 102.8 102.8 102.8 102.8 102.8 102.8 102.8 102.8 102.8 102.8 102.8 102.8 102.8 102.8 102.8 102.8 102.8 102.8 102.8 102.8 102.8 102.8 102.8 102.8 102.8 102.8 102.8 102.8 102.8 102.8 102.8 102.8 102.8 102.8 102.8 102.8 102.8 102.8 102.8 102.8 102.8 102.8 95.6 95.6 95.6 95.6 95.6 95.6 95.6 95.6 95.6 95.6 95.6 95.6 95.6 95.6 95.6 95.6 95.6 95.6 95.6 95.6 95.6 95.6 95.6 95.6 95.6 95.6 95.6 95.6 95.6 
104.9 104.9 104.9 104.9 104.9 104.9 104.9 104.9 104.9 104.9 104.9 102.8 102.8 102.8 102.8 102.8 102.8 102.8 102.8 102.8 102.8 102.8 102.8 102.8 102.8 102.8 102.8 102.8 102.8 102.8 102.8 102.8 102.8 102.8 102.8 102.8 102.8 102.8 102.8 102.8 102.8 102.8 102.8 102.8 102.8 102.8 102.8 102.8 102.8 102.8 102.8 102.8 102.8 102.8 102.8 102.8 102.8 102.8 102.8 102.8 102.8 102.8 102.8 102.8 102.8 102.8 102.8 102.8 102.8 102.8 102.8 95.6 95.6 95.6 95.6 95.6 95.6 95.6 95.6 95.6 95.6 95.6 95.6 95.6 95.6 95.6 95.6 95.6 95.6 95.6 95.6 95.6 95.6 95.6 95.6 95.6 95.6 95.6 95.6 95.6 
104.9 104.9 104.9 104.9 104.9 104.9 104.9 104.9 104.9 104.9 104.9 102.8 102.8 102.8 102.8 102.8 102.8 102.8 102.8 102.8 102.8 102.8 102.8 102.8 102.8 102.8 102.8 102.8 102.8 102.8 102.8 102.8 102.8 102.8 102.8 102.8 102.8 102.8 102.8 102.8 102.8 102.8 102.8 102.8 102.8 102.8 102.8 102.8 102.8 102.8 102.8 102.8 102.8 102.8 102.8 102.8 102.8 102.8 102.8 102.8 102.8 102.8 102.8 102.8 102.8 102.8 102.8 102.8 102.8 102.8 102.8 95.6 95.6 95.6 95.6 95.6 95.6 95.6 95.6 95.6 95.6 95.6 95.6 95.6 95.6 95.6 95.6 95.6 95.6 95.6 95.6 95.6 95.6 95.6 95.6 95.6 95.6 95.6 95.6 95.6 
104.9 104.9 104.9 104.9 104.9 104.9 104.9 104.9 104.9 104.9 104.9 102.8 102.8 102.8 102.8 102.8 102.8 102.8 102.8 102.8 102.8 102.8 102.8 102.8 102.8 102.8 102.8 102.8 102.8 102.8 102.8 102.8 102.8 102.8 102.8 102.8 102.8 102.8 102.8 102.8 102.8 102.8 102.8 102.8 102.8 102.8 102.8 102.8 102.8 102.8 102.8 102.8 102.8 102.8 102.8 102.8 102.8 102.8 102.8 102.8 102.8 102.8 102.8 102.8 102.8 102.8 102.8 102.8 102.8 102.8 102.8 95.6 95.6 95.6 95.6 95.6 95.6 95.6 95.6 95.6 95.6 95.6 95.6 95.6 95.6 95.6 95.6 95.6 95.6 95.6 95.6 95.6 95.6 95.6 95.6 95.6 95.6 95.6 95.6 95.6 
104.9 104.9 104.9 104.9 104.9 104.9 104.9 104.9 104.9 104.9 104.9 102.8 102.8 102.8 102.8 102.8 102.8 102.8 102.8 102.8 102.8 102.8 102.8 102.8 102.8 102.8 102.8 102.8 102.8 102.8 102.8 102.8 102.8 102.8 102.8 102.8 102.8 102.8 102.8 102.8 102.8 102.8 102.8 102.8 102.8 102.8 102.8 102.8 102.8 102.8 102.8 102.8 102.8 102.8 102.8 102.8 102.8 102.8 102.8 102.8 102.8 102.8 102.8 102.8 102.8 102.8 102.8 102.8 102.8 102.8 102.8 95.6 95.6 95.6 95.6 95.6 95.6 95.6 95.6 95.6 95.6 95.6 95.6 95.6 95.6 95.6 95.6 95.6 95.6 95.6 95.6 95.6 95.6 95.6 95.6 95.6 95.6 95.6 95.6 95.6 
104.9 104.9 104.9 104.9 104.9 104.9 104.9 104.9 104.9 104.9 104.9 102.8 102.8 102.8 102.8 102.8 102.8 102.8 102.8 102.8 102.8 102.8 102.8 102.8 102.8 102.8 102.8 102.8 102.8 102.8 102.8 102.8 102.8 102.8 102.8 102.8 102.8 102.8 102.8 102.8 102.8 102.8 102.8 102.8 102.8 102.8 102.8 102.8 102.8 102.8 102.8 102.8 102.8 102.8 102.8 102.8 102.8 102.8 102.8 102.8 102.8 102.8 102.8 102.8 102.8 102.8 102.8 102.8 102.8 102.8 102.8 95.6 95.6 95.6 95.6 95.6 95.6 95.6 95.6 95.6 95.6 95.6 95.6 95.6 95.6 95.6 95.6 95.6 95.6 95.6 95.6 95.6 95.6 95.6 95.6 95.6 95.6 95.6 95.6 95.6 
104.9 104.9 104.9 104.9 104.9 104.9 104.9 104.9 104.9 104.9 104.9 102.8 102.8 102.8 102.8 102.8 102.8 102.8 102.8 102.8 102.8 102.8 102.8 102.8 102.8 102.8 102.8 102.8 102.8 102.8 102.8 102.8 102.8 102.8 102.8 102.8 102.8 102.8 102.8 102.8 102.8 102.8 102.8 102.8 102.8 102.8 102.8 102.8 102.8 102.8 102.8 102.8 102.8 102.8 102.8 102.8 102.8 102.8 102.8 102.8 102.8 102.8 102.8 102.8 102.8 102.8 102.8 102.8 102.8 102.8 102.8 95.6 95.6 95.6 95.6 95.6 95.6 95.6 95.6 95.6 95.6 95.6 95.6 95.6 95.6 95.6 95.6 95.6 95.6 95.6 95.6 95.6 95.6 95.6 95.6 95.6 95.6 95.6 95.6 95.6 
116.1 116.1 116.1 116.1 116.1 116.1 116.1 116.1 116.1 116.1 116.1 118.5 118.5 118.5 118.5 118.5 118.5 118.5 118.5 118.5 118.5 118.5 118.5 118.5 118.5 118.5 118.5 118.5 118.5 118.5 118.5 118.5 118.5 118.5 118.5 118.5 118.5 118.5 118.5 118.5 118.5 118.5 118.5 118.5 118.5 118.5 118.5 118.5 118.5 118.5 118.5 118.5 118.5 118.5 118.5 118.5 118.5 118.5 118.5 118.5 118.5 118.5 118.5 118.5 118.5 118.5 118.5 118.5 118.5 118.5 118.5 109.7 109.7 109.7 109.7 109.7 109.7 109.7 109.7 109.7 109.7 109.7 109.7 109.7 109.7 109.7 109.7 109.7 109.7 109.7 109.7 109.7 109.7 109.7 109.7 109.7 109.7 109.7 109.7 109.7 
116.1 116.1 116.1 116.1 116.1 116.1 116.1 116.1 116.1 116.1 116.1 118.5 118.5 118.5 118.5 118.5 118.5 118.5 118.5 118.5 118.5 118.5 118.5 118.5 118.5 118.5 118.5 118.5 118.5 118.5 118.5 118.5 118.5 118.5 118.5 118.5 118.5 118.5 118.5 118.5 118.5 118.5 118.5 118.5 118.5 118.5 118.5 118.5 118.5 118.5 118.5 118.5 118.5 118.5 118.5 118.5 118.5 118.5 118.5 118.5 118.5 118.5 118.5 118.5 118.5 118.5 118.5 118.5 118.5 118.5 118.5 109.7 109.7 109.7 109.7 109.7 109.7 109.7 109.7 109.7 109.7 109.7 109.7 109.7 109.7 109.7 109.7 109.7 109.7 109.7 109.7 109.7 109.7 109.7 109.7 109.7 109.7 109.7 109.7 109.7 
116.1 116.1 116.1 116.1 116.1 116.1 116.1 116.1 116.1 116.1 116.1 118.5 118.5 118.5 118.5 118.5 118.5 118.5 118.5 118.5 118.5 118.5 118.5 118.5 118.5 118.5 118.5 118.5 118.5 118.5 118.5 118.5 118.5 118.5 118.5 118.5 118.5 118.5 118.5 118.5 118.5 118.5 118.5 118.5 118.5 118.5 118.5 118.5 118.5 118.5 118.5 118.5 118.5 118.5 118.5 118.5 118.5 118.5 118.5 118.5 118.5 118.5 118.5 118.5 118.5 118.5 118.5 118.5 118.5 118.5 118.5 109.7 109.7 109.7 109.7 109.7 109.7 109.7 109.7 109.7 109.7 109.7 109.7 109.7 109.7 109.7 109.7 109.7 109.7 109.7 109.7 109.7 109.7 109.7 109.7 109.7 109.7 109.7 109.7 109.7 
116.1 116.1 116.1 116.1 116.1 116.1 116.1 116.1 116.1 116.1 116.1 118.5 118.5 118.5 118.5 118.5 118.5 118.5 118.5 118.5 118.5 118.5 118.5 118.5 118.5 118.5 118.5 118.5 118.5 118.5 118.5 118.5 118.5 118.5 118.5 118.5 118.5 118.5 118.5 118.5 118.5 118.5 118.5 118.5 118.5 118.5 118.5 118.5 118.5 118.5 118.5 118.5 118.5 118.5 118.5 118.5 118.5 118.5 118.5 118.5 118.5 118.5 118.5 118.5 118.5 118.5 118.5 118.5 118.5 118.5 118.5 109.7 109.7 109.7 109.7 109.7 109.7 109.7 109.7 109.7 109.7 109.7 109.7 109.7 109.7 109.7 109.7 109.7 109.7 109.7 109.7 109.7 109.7 109.7 109.7 109.7 109.7 109.7 109.7 109.7 
116.1 116.1 116.1 116.1 116.1 116.1 116.1 116.1 116.1 116.1 116.1 118.5 118.5 118.5 118.5 118.5 118.5 118.5 118.5 118.5 118.5 118.5 118.5 118.5 118.5 118.5 118.5 118.5 118.5 118.5 118.5 118.5 118.5 118.5 118.5 118.5 118.5 118.5 118.5 118.5 118.5 118.5 118.5 118.5 118.5 118.5 118.5 118.5 118.5 118.5 118.5 118.5 118.5 118.5 118.5 118.5 118.5 118.5 118.5 118.5 118.5 118.5 118.5 118.5 118.5 118.5 118.5 118.5 118.5 118.5 118.5 109.7 109.7 109.7 109.7 109.7 109.7 109.7 109.7 109.7 109.7 109.7 109.7 109.7 109.7 109.7 109.7 109.7 109.7 109.7 109.7 109.7 109.7 109.7 109.7 109.7 109.7 109.7 109.7 109.7 
116.1 116.1 116.1 116.1 116.1 116.1 116.1 116.1 116.1 116.1 116.1 118.5 118.5 118.5 118.5 118.5 118.5 118.5 118.5 118.5 118.5 118.5 118.5 118.5 118.5 118.5 118.5 118.5 118.5 118.5 118.5 118.5 118.5 118.5 118.5 118.5 118.5 118.5 118.5 118.5 118.5 118.5 118.5 118.5 118.5 118.5 118.5 118.5 118.5 118.5 118.5 118.5 118.5 118.5 118.5 118.5 118.5 118.5 118.5 118.5 118.5 118.5 118.5 118.5 118.5 118.5 118.5 118.5 118.5 118.5 118.5 109.7 109.7 109.7 109.7 109.7 109.7 109.7 109.7 109.7 109.7 109.7 109.7 109.7 109.7 109.7 109.7 109.7 109.7 109.7 109.7 109.7 109.7 109.7 109.7 109.7 109.7 109.7 109.7 109.7 
116.1 116.1 116.1 116.1 116.1 116.1 116.1 116.1 116.1 116.1 116.1 118.5 118.5 118.5 118.5 118.5 118.5 118.5 118.5 118.5 118.5 118.5 118.5 118.5 118.5 118.5 118.5 118.5 118.5 118.5 118.5 118.5 118.5 118.5 118.5 118.5 118.5 118.5 118.5 118.5 118.5 118.5 118.5 118.5 118.5 118.5 118.5 118.5 118.5 118.5 118.5 118.5 118.5 118.5 118.5 118.5 118.5 118.5 118.5 118.5 118.5 118.5 118.5 118.5 118.5 118.5 118.5 118.5 118.5 118.5 118.5 109.7 109.7 109.7 109.7 109.7 109.7 109.7 109.7 109.7 109.7 109.7 109.7 109.7 109.7 109.7 109.7 109.7 109.7 109.7 109.7 109.7 109.7 109.7 109.7 109.7 109.7 109.7 109.7 109.7 
116.1 116.1 116.1 116.1 116.1 116.1 116.1 116.1 116.1 116.1 116.1 118.5 118.5 118.5 118.5 118.5 118.5 118.5 118.5 118.5 118.5 118.5 118.5 118.5 118.5 118.5 118.5 118.5 118.5 118.5 118.5 118.5 118.5 118.5 118.5 118.5 118.5 118.5 118.5 118.5 118.5 118.5 118.5 118.5 118.5 118.5 118.5 118.5 118.5 118.5 118.5 118.5 118.5 118.5 118.5 118.5 118.5 118.5 118.5 118.5 118.5 118.5 118.5 118.5 118.5 118.5 118.5 118.5 118.5 118.5 118.5 109.7 109.7 109.7 109.7 109.7 109.7 109.7 109.7 109.7 109.7 109.7 109.7 109.7 109.7 109.7 109.7 109.7 109.7 109.7 109.7 109.7 109.7 109.7 109.7 109.7 109.7 109.7 109.7 109.7 
116.1 116.1 116.1 116.1 116.1 116.1 116.1 116.1 116.1 116.1 116.1 118.5 118.5 118.5 118.5 118.5 118.5 118.5 118.5 118.5 118.5 118.5 118.5 118.5 118.5 118.5 118.5 118.5 118.5 118.5 118.5 118.5 118.5 118.5 118.5 118.5 118.5 118.5 118.5 118.5 118.5 118.5 118.5 118.5 118.5 118.5 118.5 118.5 118.5 118.5 118.5 118.5 118.5 118.5 118.5 118.5 118.5 118.5 118.5 118.5 118.5 118.5 118.5 118.5 118.5 118.5 118.5 118.5 118.5 118.5 118.5 109.7 109.7 109.7 109.7 109.7 109.7 109.7 109.7 109.7 109.7 109.7 109.7 109.7 109.7 109.7 109.7 109.7 109.7 109.7 109.7 109.7 109.7 109.7 109.7 109.7 109.7 109.7 109.7 109.7 
116.1 116.1 116.1 116.1 116.1 116.1 116.1 116.1 116.1 116.1 116.1 118.5 118.5 118.5 118.5 118.5 118.5 118.5 118.5 118.5 118.5 118.5 118.5 118.5 118.5 118.5 118.5 118.5 118.5 118.5 118.5 118.5 118.5 118.5 118.5 118.5 118.5 118.5 118.5 118.5 118.5 118.5 118.5 118.5 118.5 118.5 118.5 118.5 118.5 118.5 118.5 118.5 118.5 118.5 118.5 118.5 118.5 118.5 118.5 118.5 118.5 118.5 118.5 118.5 118.5 118.5 118.5 118.5 118.5 118.5 118.5 109.7 109.7 109.7 109.7 109.7 109.7 109.7 109.7 109.7 109.7 109.7 109.7 109.7 109.7 109.7 109.7 109.7 109.7 109.7 109.7 109.7 109.7 109.7 109.7 109.7 109.7 109.7 109.7 109.7 
116.1 116.1 116.1 116.1 116.1 116.1 116.1 116.1 116.1 116.1 116.1 118.5 118.5 118.5 118.5 118.5 118.5 118.5 118.5 118.5 118.5 118.5 118.5 118.5 118.5 118.5 118.5 118.5 118.5 118.5 118.5 118.5 118.5 118.5 118.5 118.5 118.5 118.5 118.5 118.5 118.5 118.5 118.5 118.5 118.5 118.5 118.5 118.5 118.5 118.5 118.5 118.5 118.5 118.5 118.5 118.5 118.5 118.5 118.5 118.5 118.5 118.5 118.5 118.5 118.5 118.5 118.5 118.5 118.5 118.5 118.5 109.7 109.7 109.7 109.7 109.7 109.7 109.7 109.7 109.7 109.7 109.7 109.7 109.7 109.7 109.7 109.7 109.7 109.7 109.7 109.7 109.7 109.7 109.7 109.7 109.7 109.7 109.7 109.7 109.7 
116.1 116.1 116.1 116.1 116.1 116.1 116.1 116.1 116.1 116.1 116.1 118.5 118.5 118.5 118.5 118.5 118.5 118.5 118.5 118.5 118.5 118.5 118.5 118.5 118.5 118.5 118.5 118.5 118.5 118.5 118.5 118.5 118.5 118.5 118.5 118.5 118.5 118.5 118.5 118.5 118.5 118.5 118.5 118.5 118.5 118.5 118.5 118.5 118.5 118.5 118.5 118.5 118.5 118.5 118.5 118.5 118.5 118.5 118.5 118.5 118.5 118.5 118.5 118.5 118.5 118.5 118.5 118.5 118.5 118.5 118.5 109.7 109.7 109.7 109.7 109.7 109.7 109.7 109.7 109.7 109.7 109.7 109.7 109.7 109.7 109.7 109.7 109.7 109.7 109.7 109.7 109.7 109.7 109.7 109.7 109.7 109.7 109.7 109.7 109.7 
116.1 116.1 116.1 116.1 116.1 116.1 116.1 116.1 116.1 116.1 116.1 118.5 118.5 118.5 118.5 118.5 118.5 118.5 118.5 118.5 118.5 118.5 118.5 118.5 118.5 118.5 118.5 118.5 118.5 118.5 118.5 118.5 118.5 118.5 118.5 118.5 118.5 118.5 118.5 118.5 118.5 118.5 118.5 118.5 118.5 118.5 118.5 118.5 118.5 118.5 118.5 118.5 118.5 118.5 118.5 118.5 118.5 118.5 118.5 118.5 118.5 118.5 118.5 118.5 118.5 118.5 118.5 118.5 118.5 118.5 118.5 109.7 109.7 109.7 109.7 109.7 109.7 109.7 109.7 109.7 109.7 109.7 109.7 109.7 109.7 109.7 109.7 109.7 109.7 109.7 109.7 109.7 109.7 109.7 109.7 109.7 109.7 109.7 109.7 109.7 
116.1 116.1 116.1 116.1 116.1 116.1 116.1 116.1 116.1 116.1 116.1 118.5 118.5 118.5 118.5 118.5 118.5 118.5 118.5 118.5 118.5 118.5 118.5 118.5 118.5 118.5 118.5 118.5 118.5 118.5 118.5 118.5 118.5 118.5 118.5 118.5 118.5 118.5 118.5 118.5 118.5 118.5 118.5 118.5 118.5 118.5 118.5 118.5 118.5 118.5 118.5 118.5 118.5 118.5 118.5 118.5 118.5 118.5 118.5 118.5 118.5 118.5 118.5 118.5 118.5 118.5 118.5 118.5 118.5 118.5 118.5 109.7 109.7 109.7 109.7 109.7 109.7 109.7 109.7 109.7 109.7 109.7 109.7 109.7 109.7 109.7 109.7 109.7 109.7 109.7 109.7 109.7 109.7 109.7 109.7 109.7 109.7 109.7 109.7 109.7 
116.1 116.1 116.1 116.1 116.1 116.1 116.1 116.1 116.1 116.1 116.1 118.5 118.5 118.5 118.5 118.5 118.5 118.5 118.5 118.5 118.5 118.5 118.5 118.5 118.5 118.5 118.5 118.5 118.5 118.5 118.5 118.5 118.5 118.5 118.5 118.5 118.5 118.5 118.5 118.5 118.5 118.5 118.5 118.5 118.5 118.5 118.5 118.5 118.5 118.5 118.5 118.5 118.5 118.5 118.5 118.5 118.5 118.5 118.5 118.5 118.5 118.5 118.5 118.5 118.5 118.5 118.5 118.5 118.5 118.5 118.5 109.7 109.7 109.7 109.7 109.7 109.7 109.7 109.7 109.7 109.7 109.7 109.7 109.7 109.7 109.7 109.7 109.7 109.7 109.7 109.7 109.7 109.7 109.7 109.7 109.7 109.7 109.7 109.7 109.7 
116.1 116.1 116.1 116.1 116.1 116.1 116.1 116.1 116.1 116.1 116.1 118.5 118.5 118.5 118.5 118.5 118.5 118.5 118.5 118.5 118.5 118.5 118.5 118.5 118.5 118.5 118.5 118.5 118.5 118.5 118.5 118.5 118.5 118.5 118.5 118.5 118.5 118.5 118.5 118.5 118.5 118.5 118.5 118.5 118.5 118.5 118.5 118.5 118.5 118.5 118.5 118.5 118.5 118.5 118.5 118.5 118.5 118.5 118.5 118.5 118.5 118.5 118.5 118.5 118.5 118.5 118.5 118.5 118.5 118.5 118.5 109.7 109.7 109.7 109.7 109.7 109.7 109.7 109.7 109.7 109.7 109.7 109.7 109.7 109.7 109.7 109.7 109.7 109.7 109.7 109.7 109.7 109.7 109.7 109.7 109.7 109.7 109.7 109.7 109.7 
116.1 116.1 116.1 116.1 116.1 116.1 116.1 116.1 116.1 116.1 116.1 118.5 118.5 118.5 118.5 118.5 118.5 118.5 118.5 118.5 118.5 118.5 118.5 118.5 118.5 118.5 118.5 118.5 118.5 118.5 118.5 118.5 118.5 118.5 118.5 118.5 118.5 118.5 118.5 118.5 118.5 118.5 118.5 118.5 118.5 118.5 118.5 118.5 118.5 118.5 118.5 118.5 118.5 118.5 118.5 118.5 118.5 118.5 118.5 118.5 118.5 118.5 118.5 118.5 118.5 118.5 118.5 118.5 118.5 118.5 118.5 109.7 109.7 109.7 109.7 109.7 109.7 109.7 109.7 109.7 109.7 109.7 109.7 109.7 109.7 109.7 109.7 109.7 109.7 109.7 109.7 109.7 109.7 109.7 109.7 109.7 109.7 109.7 109.7 109.7 
116.1 116.1 116.1 116.1 116.1 116.1 116.1 116.1 116.1 116.1 116.1 118.5 118.5 118.5 118.5 118.5 118.5 118.5 118.5 118.5 118.5 118.5 118.5 118.5 118.5 118.5 118.5 118.5 118.5 118.5 118.5 118.5 118.5 118.5 118.5 118.5 118.5 118.5 118.5 118.5 118.5 118.5 118.5 118.5 118.5 118.5 118.5 118.5 118.5 118.5 118.5 118.5 118.5 118.5 118.5 118.5 118.5 118.5 118.5 118.5 118.5 118.5 118.5 118.5 118.5 118.5 118.5 118.5 118.5 118.5 118.5 109.7 109.7 109.7 109.7 109.7 109.7 109.7 109.7 109.7 109.7 109.7 109.7 109.7 109.7 109.7 109.7 109.7 109.7 109.7 109.7 109.7 109.7 109.7 109.7 109.7 109.7 109.7 109.7 109.7 
116.1 116.1 116.1 116.1 116.1 116.1 116.1 116.1 116.1 116.1 116.1 118.5 118.5 118.5 118.5 118.5 118.5 118.5 118.5 118.5 118.5 118.5 118.5 118.5 118.5 118.5 118.5 118.5 118.5 118.5 118.5 118.5 118.5 118.5 118.5 118.5 118.5 118.5 118.5 118.5 118.5 118.5 118.5 118.5 118.5 118.5 118.5 118.5 118.5 118.5 118.5 118.5 118.5 118.5 118.5 118.5 118.5 118.5 118.5 118.5 118.5 118.5 118.5 118.5 118.5 118.5 118.5 118.5 118.5 118.5 118.5 109.7 109.7 109.7 109.7 109.7 109.7 109.7 109.7 109.7 109.7 109.7 109.7 109.7 109.7 109.7 109.7 109.7 109.7 109.7 109.7 109.7 109.7 109.7 109.7 109.7 109.7 109.7 109.7 109.7 
116.1 116.1 116.1 116.1 116.1 116.1 116.1 116.1 116.1 116.1 116.1 118.5 118.5 118.5 118.5 118.5 118.5 118.5 118.5 118.5 118.5 118.5 118.5 118.5 118.5 118.5 118.5 118.5 118.5 118.5 118.5 118.5 118.5 118.5 118.5 118.5 118.5 118.5 118.5 118.5 118.5 118.5 118.5 118.5 118.5 118.5 118.5 118.5 118.5 118.5 118.5 118.5 118.5 118.5 118.5 118.5 118.5 118.5 118.5 118.5 118.5 118.5 118.5 118.5 118.5 118.5 118.5 118.5 118.5 118.5 118.5 109.7 109.7 109.7 109.7 109.7 109.7 109.7 109.7 109.7 109.7 109.7 109.7 109.7 109.7 109.7 109.7 109.7 109.7 109.7 109.7 109.7 109.7 109.7 109.7 109.7 109.7 109.7 109.7 109.7 
116.1 116.1 116.1 116.1 116.1 116.1 116.1 116.1 116.1 116.1 116.1 118.5 118.5 118.5 118.5 118.5 118.5 118.5 118.5 118.5 118.5 118.5 118.5 118.5 118.5 118.5 118.5 118.5 118.5 118.5 118.5 118.5 118.5 118.5 118.5 118.5 118.5 118.5 118.5 118.5 118.5 118.5 118.5 118.5 118.5 118.5 118.5 118.5 118.5 118.5 118.5 118.5 118.5 118.5 118.5 118.5 118.5 118.5 118.5 118.5 118.5 118.5 118.5 118.5 118.5 118.5 118.5 118.5 118.5 118.5 118.5 109.7 109.7 109.7 109.7 109.7 109.7 109.7 109.7 109.7 109.7 109.7 109.7 109.7 109.7 109.7 109.7 109.7 109.7 109.7 109.7 109.7 109.7 109.7 109.7 109.7 109.7 109.7 109.7 109.7 
116.1 116.1 116.1 116.1 116.1 116.1 116.1 116.1 116.1 116.1 116.1 118.5 118.5 118.5 118.5 118.5 118.5 118.5 118.5 118.5 118.5 118.5 118.5 118.5 118.5 118.5 118.5 118.5 118.5 118.5 118.5 118.5 118.5 118.5 118.5 118.5 118.5 118.5 118.5 118.5 118.5 118.5 118.5 118.5 118.5 118.5 118.5 118.5 118.5 118.5 118.5 118.5 118.5 118.5 118.5 118.5 118.5 118.5 118.5 118.5 118.5 118.5 118.5 118.5 118.5 118.5 118.5 118.5 118.5 118.5 118.5 109.7 109.7 109.7 109.7 109.7 109.7 109.7 109.7 109.7 109.7 109.7 109.7 109.7 109.7 109.7 109.7 109.7 109.7 109.7 109.7 109.7 109.7 109.7 109.7 109.7 109.7 109.7 109.7 109.7 
116.1 116.1 116.1 116.1 116.1 116.1 116.1 116.1 116.1 116.1 116.1 118.5 118.5 118.5 118.5 118.5 118.5 118.5 118.5 118.5 118.5 118.5 118.5 118.5 118.5 118.5 118.5 118.5 118.5 118.5 118.5 118.5 118.5 118.5 118.5 118.5 118.5 118.5 118.5 118.5 118.5 118.5 118.5 118.5 118.5 118.5 118.5 118.5 118.5 118.5 118.5 118.5 118.5 118.5 118.5 118.5 118.5 118.5 118.5 118.5 118.5 118.5 118.5 118.5 118.5 118.5 118.5 118.5 118.5 118.5 118.5 109.7 109.7 109.7 109.7 109.7 109.7 109.7 109.7 109.7 109.7 109.7 109.7 109.7 109.7 109.7 109.7 109.7 109.7 109.7 109.7 109.7 109.7 109.7 109.7 109.7 109.7 109.7 109.7 109.7 
116.1 116.1 116.1 116.1 116.1 116.1 116.1 116.1 116.1 116.1 116.1 118.5 118.5 118.5 118.5 118.5 118.5 118.5 118.5 118.5 118.5 118.5 118.5 118.5 118.5 118.5 118.5 118.5 118.5 118.5 118.5 118.5 118.5 118.5 118.5 118.5 118.5 118.5 118.5 118.5 118.5 118.5 118.5 118.5 118.5 118.5 118.5 118.5 118.5 118.5 118.5 118.5 118.5 118.5 118.5 118.5 118.5 118.5 118.5 118.5 118.5 118.5 118.5 118.5 118.5 118.5 118.5 118.5 118.5 118.5 118.5 109.7 109.7 109.7 109.7 109.7 109.7 109.7 109.7 109.7 109.7 109.7 109.7 109.7 109.7 109.7 109.7 109.7 109.7 109.7 109.7 109.7 109.7 109.7 109.7 109.7 109.7 109.7 109.7 109.7 
116.1 116.1 116.1 116.1 116.1 116.1 116.1 116.1 116.1 116.1 116.1 118.5 118.5 118.5 118.5 118.5 118.5 118.5 118.5 118.5 118.5 118.5 118.5 118.5 118.5 118.5 118.5 118.5 118.5 118.5 118.5 118.5 118.5 118.5 118.5 118.5 118.5 118.5 118.5 118.5 118.5 118.5 118.5 118.5 118.5 118.5 118.5 118.5 118.5 118.5 118.5 118.5 118.5 118.5 118.5 118.5 118.5 118.5 118.5 118.5 118.5 118.5 118.5 118.5 118.5 118.5 118.5 118.5 118.5 118.5 118.5 109.7 109.7 109.7 109.7 109.7 109.7 109.7 109.7 109.7 109.7 109.7 109.7 109.7 109.7 109.7 109.7 109.7 109.7 109.7 109.7 109.7 109.7 109.7 109.7 109.7 109.7 109.7 109.7 109.7 
116.1 116.1 116.1 116.1 116.1 116.1 116.1 116.1 116.1 116.1 116.1 118.5 118.5 118.5 118.5 118.5 118.5 118.5 118.5 118.5 118.5 118.5 118.5 118.5 118.5 118.5 118.5 118.5 118.5 118.5 118.5 118.5 118.5 118.5 118.5 118.5 118.5 118.5 118.5 118.5 118.5 118.5 118.5 118.5 118.5 118.5 118.5 118.5 118.5 118.5 118.5 118.5 118.5 118.5 118.5 118.5 118.5 118.5 118.5 118.5 118.5 118.5 118.5 118.5 118.5 118.5 118.5 118.5 118.5 118.5 118.5 109.7 109.7 109.7 109.7 109.7 109.7 109.7 109.7 109.7 109.7 109.7 109.7 109.7 109.7 109.7 109.7 109.7 109.7 109.7 109.7 109.7 109.7 109.7 109.7 109.7 109.7 109.7 109.7 109.7 
116.1 116.1 116.1 116.1 116.1 116.1 116.1 116.1 116.1 116.1 116.1 118.5 118.5 118.5 118.5 118.5 118.5 118.5 118.5 118.5 118.5 118.5 118.5 118.5 118.5 118.5 118.5 118.5 118.5 118.5 118.5 118.5 118.5 118.5 118.5 118.5 118.5 118.5 118.5 118.5 118.5 118.5 118.5 118.5 118.5 118.5 118.5 118.5 118.5 118.5 118.5 118.5 118.5 118.5 118.5 118.5 118.5 118.5 118.5 118.5 118.5 118.5 118.5 118.5 118.5 118.5 118.5 118.5 118.5 118.5 118.5 109.7 109.7 109.7 109.7 109.7 109.7 109.7 109.7 109.7 109.7 109.7 109.7 109.7 109.7 109.7 109.7 109.7 109.7 109.7 109.7 109.7 109.7 109.7 109.7 109.7 109.7 109.7 109.7 109.7 
116.1 116.1 116.1 116.1 116.1 116.1 116.1 116.1 116.1 116.1 116.1 118.5 118.5 118.5 118.5 118.5 118.5 118.5 118.5 118.5 118.5 118.5 118.5 118.5 118.5 118.5 118.5 118.5 118.5 118.5 118.5 118.5 118.5 118.5 118.5 118.5 118.5 118.5 118.5 118.5 118.5 118.5 118.5 118.5 118.5 118.5 118.5 118.5 118.5 118.5 118.5 118.5 118.5 118.5 118.5 118.5 118.5 118.5 118.5 118.5 118.5 118.5 118.5 118.5 118.5 118.5 118.5 118.5 118.5 118.5 118.5 109.7 109.7 109.7 109.7 109.7 109.7 109.7 109.7 109.7 109.7 109.7 109.7 109.7 109.7 109.7 109.7 109.7 109.7 109.7 109.7 109.7 109.7 109.7 109.7 109.7 109.7 109.7 109.7 109.7 
116.1 116.1 116.1 116.1 116.1 116.1 116.1 116.1 116.1 116.1 116.1 118.5 118.5 118.5 118.5 118.5 118.5 118.5 118.5 118.5 118.5 118.5 118.5 118.5 118.5 118.5 118.5 118.5 118.5 118.5 118.5 118.5 118.5 118.5 118.5 118.5 118.5 118.5 118.5 118.5 118.5 118.5 118.5 118.5 118.5 118.5 118.5 118.5 118.5 118.5 118.5 118.5 118.5 118.5 118.5 118.5 118.5 118.5 118.5 118.5 118.5 118.5 118.5 118.5 118.5 118.5 118.5 118.5 118.5 118.5 118.5 109.7 109.7 109.7 109.7 109.7 109.7 109.7 109.7 109.7 109.7 109.7 109.7 109.7 109.7 109.7 109.7 109.7 109.7 109.7 109.7 109.7 109.7 109.7 109.7 109.7 109.7 109.7 109.7 109.7 
116.1 116.1 116.1 116.1 116.1 116.1 116.1 116.1 116.1 116.1 116.1 118.5 118.5 118.5 118.5 118.5 118.5 118.5 118.5 118.5 118.5 118.5 118.5 118.5 118.5 118.5 118.5 118.5 118.5 118.5 118.5 118.5 118.5 118.5 118.5 118.5 118.5 118.5 118.5 118.5 118.5 118.5 118.5 118.5 118.5 118.5 118.5 118.5 118.5 118.5 118.5 118.5 118.5 118.5 118.5 118.5 118.5 118.5 118.5 118.5 118.5 118.5 118.5 118.5 118.5 118.5 118.5 118.5 118.5 118.5 118.5 109.7 109.7 109.7 109.7 109.7 109.7 109.7 109.7 109.7 109.7 109.7 109.7 109.7 109.7 109.7 109.7 109.7 109.7 109.7 109.7 109.7 109.7 109.7 109.7 109.7 109.7 109.7 109.7 109.7 
116.1 116.1 116.1 116.1 116.1 116.1 116.1 116.1 116.1 116.1 116.1 118.5 118.5 118.5 118.5 118.5 118.5 118.5 118.5 118.5 118.5 118.5 118.5 118.5 118.5 118.5 118.5 118.5 118.5 118.5 118.5 118.5 118.5 118.5 118.5 118.5 118.5 118.5 118.5 118.5 118.5 118.5 118.5 118.5 118.5 118.5 118.5 118.5 118.5 118.5 118.5 118.5 118.5 118.5 118.5 118.5 118.5 118.5 118.5 118.5 118.5 118.5 118.5 118.5 118.5 118.5 118.5 118.5 118.5 118.5 118.5 109.7 109.7 109.7 109.7 109.7 109.7 109.7 109.7 109.7 109.7 109.7 109.7 109.7 109.7 109.7 109.7 109.7 109.7 109.7 109.7 109.7 109.7 109.7 109.7 109.7 109.7 109.7 109.7 109.7 
116.1 116.1 116.1 116.1 116.1 116.1 116.1 116.1 116.1 116.1 116.1 118.5 118.5 118.5 118.5 118.5 118.5 118.5 118.5 118.5 118.5 118.5 118.5 118.5 118.5 118.5 118.5 118.5 118.5 118.5 118.5 118.5 118.5 118.5 118.5 118.5 118.5 118.5 118.5 118.5 118.5 118.5 118.5 118.5 118.5 118.5 118.5 118.5 118.5 118.5 118.5 118.5 118.5 118.5 118.5 118.5 118.5 118.5 118.5 118.5 118.5 118.5 118.5 118.5 118.5 118.5 118.5 118.5 118.5 118.5 118.5 109.7 109.7 109.7 109.7 109.7 109.7 109.7 109.7 109.7 109.7 109.7 109.7 109.7 109.7 109.7 109.7 109.7 109.7 109.7 109.7 109.7 109.7 109.7 109.7 109.7 109.7 109.7 109.7 109.7 
116.1 116.1 116.1 116.1 116.1 116.1 116.1 116.1 116.1 116.1 116.1 118.5 118.5 118.5 118.5 118.5 118.5 118.5 118.5 118.5 118.5 118.5 118.5 118.5 118.5 118.5 118.5 118.5 118.5 118.5 118.5 118.5 118.5 118.5 118.5 118.5 118.5 118.5 118.5 118.5 118.5 118.5 118.5 118.5 118.5 118.5 118.5 118.5 118.5 118.5 118.5 118.5 118.5 118.5 118.5 118.5 118.5 118.5 118.5 118.5 118.5 118.5 118.5 118.5 118.5 118.5 118.5 118.5 118.5 118.5 118.5 109.7 109.7 109.7 109.7 109.7 109.7 109.7 109.7 109.7 109.7 109.7 109.7 109.7 109.7 109.7 109.7 109.7 109.7 109.7 109.7 109.7 109.7 109.7 109.7 109.7 109.7 109.7 109.7 109.7 
116.1 116.1 116.1 116.1 116.1 116.1 116.1 116.1 116.1 116.1 116.1 118.5 118.5 118.5 118.5 118.5 118.5 118.5 118.5 118.5 118.5 118.5 118.5 118.5 118.5 118.5 118.5 118.5 118.5 118.5 118.5 118.5 118.5 118.5 118.5 118.5 118.5 118.5 118.5 118.5 118.5 118.5 118.5 118.5 118.5 118.5 118.5 118.5 118.5 118.5 118.5 118.5 118.5 118.5 118.5 118.5 118.5 118.5 118.5 118.5 118.5 118.5 118.5 118.5 118.5 118.5 118.5 118.5 118.5 118.5 118.5 109.7 109.7 109.7 109.7 109.7 109.7 109.7 109.7 109.7 109.7 109.7 109.7 109.7 109.7 109.7 109.7 109.7 109.7 109.7 109.7 109.7 109.7 109.7 109.7 109.7 109.7 109.7 109.7 109.7 
116.1 116.1 116.1 116.1 116.1 116.1 116.1 116.1 116.1 116.1 116.1 118.5 118.5 118.5 118.5 118.5 118.5 118.5 118.5 118.5 118.5 118.5 118.5 118.5 118.5 118.5 118.5 118.5 118.5 118.5 118.5 118.5 118.5 118.5 118.5 118.5 118.5 118.5 118.5 118.5 118.5 118.5 118.5 118.5 118.5 118.5 118.5 118.5 118.5 118.5 118.5 118.5 118.5 118.5 118.5 118.5 118.5 118.5 118.5 118.5 118.5 118.5 118.5 118.5 118.5 118.5 118.5 118.5 118.5 118.5 118.5 109.7 109.7 109.7 109.7 109.7 109.7 109.7 109.7 109.7 109.7 109.7 109.7 109.7 109.7 109.7 109.7 109.7 109.7 109.7 109.7 109.7 109.7 109.7 109.7 109.7 109.7 109.7 109.7 109.7 
116.1 116.1 116.1 116.1 116.1 116.1 116.1 116.1 116.1 116.1 116.1 118.5 118.5 118.5 118.5 118.5 118.5 118.5 118.5 118.5 118.5 118.5 118.5 118.5 118.5 118.5 118.5 118.5 118.5 118.5 118.5 118.5 118.5 118.5 118.5 118.5 118.5 118.5 118.5 118.5 118.5 118.5 118.5 118.5 118.5 118.5 118.5 118.5 118.5 118.5 118.5 118.5 118.5 118.5 118.5 118.5 118.5 118.5 118.5 118.5 118.5 118.5 118.5 118.5 118.5 118.5 118.5 118.5 118.5 118.5 118.5 109.7 109.7 109.7 109.7 109.7 109.7 109.7 109.7 109.7 109.7 109.7 109.7 109.7 109.7 109.7 109.7 109.7 109.7 109.7 109.7 109.7 109.7 109.7 109.7 109.7 109.7 109.7 109.7 109.7 
116.1 116.1 116.1 116.1 116.1 116.1 116.1 116.1 116.1 116.1 116.1 118.5 118.5 118.5 118.5 118.5 118.5 118.5 118.5 118.5 118.5 118.5 118.5 118.5 118.5 118.5 118.5 118.5 118.5 118.5 118.5 118.5 118.5 118.5 118.5 118.5 118.5 118.5 118.5 118.5 118.5 118.5 118.5 118.5 118.5 118.5 118.5 118.5 118.5 118.5 118.5 118.5 118.5 118.5 118.5 118.5 118.5 118.5 118.5 118.5 118.5 118.5 118.5 118.5 118.5 118.5 118.5 118.5 118.5 118.5 118.5 109.7 109.7 109.7 109.7 109.7 109.7 109.7 109.7 109.7 109.7 109.7 109.7 109.7 109.7 109.7 109.7 109.7 109.7 109.7 109.7 109.7 109.7 109.7 109.7 109.7 109.7 109.7 109.7 109.7 
116.1 116.1 116.1 116.1 116.1 116.1 116.1 116.1 116.1 116.1 116.1 118.5 118.5 118.5 118.5 118.5 118.5 118.5 118.5 118.5 118.5 118.5 118.5 118.5 118.5 118.5 118.5 118.5 118.5 118.5 118.5 118.5 118.5 118.5 118.5 118.5 118.5 118.5 118.5 118.5 118.5 118.5 118.5 118.5 118.5 118.5 118.5 118.5 118.5 118.5 118.5 118.5 118.5 118.5 118.5 118.5 118.5 118.5 118.5 118.5 118.5 118.5 118.5 118.5 118.5 118.5 118.5 118.5 118.5 118.5 118.5 109.7 109.7 109.7 109.7 109.7 109.7 109.7 109.7 109.7 109.7 109.7 109.7 109.7 109.7 109.7 109.7 109.7 109.7 109.7 109.7 109.7 109.7 109.7 109.7 109.7 109.7 109.7 109.7 109.7 
116.1 116.1 116.1 116.1 116.1 116.1 116.1 116.1 116.1 116.1 116.1 118.5 118.5 118.5 118.5 118.5 118.5 118.5 118.5 118.5 118.5 118.5 118.5 118.5 118.5 118.5 118.5 118.5 118.5 118.5 118.5 118.5 118.5 118.5 118.5 118.5 118.5 118.5 118.5 118.5 118.5 118.5 118.5 118.5 118.5 118.5 118.5 118.5 118.5 118.5 118.5 118.5 118.5 118.5 118.5 118.5 118.5 118.5 118.5 118.5 118.5 118.5 118.5 118.5 118.5 118.5 118.5 118.5 118.5 118.5 118.5 109.7 109.7 109.7 109.7 109.7 109.7 109.7 109.7 109.7 109.7 109.7 109.7 109.7 109.7 109.7 109.7 109.7 109.7 109.7 109.7 109.7 109.7 109.7 109.7 109.7 109.7 109.7 109.7 109.7 
116.1 116.1 116.1 116.1 116.1 116.1 116.1 116.1 116.1 116.1 116.1 118.5 118.5 118.5 118.5 118.5 118.5 118.5 118.5 118.5 118.5 118.5 118.5 118.5 118.5 118.5 118.5 118.5 118.5 118.5 118.5 118.5 118.5 118.5 118.5 118.5 118.5 118.5 118.5 118.5 118.5 118.5 118.5 118.5 118.5 118.5 118.5 118.5 118.5 118.5 118.5 118.5 118.5 118.5 118.5 118.5 118.5 118.5 118.5 118.5 118.5 118.5 118.5 118.5 118.5 118.5 118.5 118.5 118.5 118.5 118.5 109.7 109.7 109.7 109.7 109.7 109.7 109.7 109.7 109.7 109.7 109.7 109.7 109.7 109.7 109.7 109.7 109.7 109.7 109.7 109.7 109.7 109.7 109.7 109.7 109.7 109.7 109.7 109.7 109.7 
116.1 116.1 116.1 116.1 116.1 116.1 116.1 116.1 116.1 116.1 116.1 118.5 118.5 118.5 118.5 118.5 118.5 118.5 118.5 118.5 118.5 118.5 118.5 118.5 118.5 118.5 118.5 118.5 118.5 118.5 118.5 118.5 118.5 118.5 118.5 118.5 118.5 118.5 118.5 118.5 118.5 118.5 118.5 118.5 118.5 118.5 118.5 118.5 118.5 118.5 118.5 118.5 118.5 118.5 118.5 118.5 118.5 118.5 118.5 118.5 118.5 118.5 118.5 118.5 118.5 118.5 118.5 118.5 118.5 118.5 118.5 109.7 109.7 109.7 109.7 109.7 109.7 109.7 109.7 109.7 109.7 109.7 109.7 109.7 109.7 109.7 109.7 109.7 109.7 109.7 109.7 109.7 109.7 109.7 109.7 109.7 109.7 109.7 109.7 109.7 
116.1 116.1 116.1 116.1 116.1 116.1 116.1 116.1 116.1 116.1 116.1 118.5 118.5 118.5 118.5 118.5 118.5 118.5 118.5 118.5 118.5 118.5 118.5 118.5 118.5 118.5 118.5 118.5 118.5 118.5 118.5 118.5 118.5 118.5 118.5 118.5 118.5 118.5 118.5 118.5 118.5 118.5 118.5 118.5 118.5 118.5 118.5 118.5 118.5 118.5 118.5 118.5 118.5 118.5 118.5 118.5 118.5 118.5 118.5 118.5 118.5 118.5 118.5 118.5 118.5 118.5 118.5 118.5 118.5 118.5 118.5 109.7 109.7 109.7 109.7 109.7 109.7 109.7 109.7 109.7 109.7 109.7 109.7 109.7 109.7 109.7 109.7 109.7 109.7 109.7 109.7 109.7 109.7 109.7 109.7 109.7 109.7 109.7 109.7 109.7 
116.1 116.1 116.1 116.1 116.1 116.1 116.1 116.1 116.1 116.1 116.1 118.5 118.5 118.5 118.5 118.5 118.5 118.5 118.5 118.5 118.5 118.5 118.5 118.5 118.5 118.5 118.5 118.5 118.5 118.5 118.5 118.5 118.5 118.5 118.5 118.5 118.5 118.5 118.5 118.5 118.5 118.5 118.5 118.5 118.5 118.5 118.5 118.5 118.5 118.5 118.5 118.5 118.5 118.5 118.5 118.5 118.5 118.5 118.5 118.5 118.5 118.5 118.5 118.5 118.5 118.5 118.5 118.5 118.5 118.5 118.5 109.7 109.7 109.7 109.7 109.7 109.7 109.7 109.7 109.7 109.7 109.7 109.7 109.7 109.7 109.7 109.7 109.7 109.7 109.7 109.7 109.7 109.7 109.7 109.7 109.7 109.7 109.7 109.7 109.7 
116.1 116.1 116.1 116.1 116.1 116.1 116.1 116.1 116.1 116.1 116.1 118.5 118.5 118.5 118.5 118.5 118.5 118.5 118.5 118.5 118.5 118.5 118.5 118.5 118.5 118.5 118.5 118.5 118.5 118.5 118.5 118.5 118.5 118.5 118.5 118.5 118.5 118.5 118.5 118.5 118.5 118.5 118.5 118.5 118.5 118.5 118.5 118.5 118.5 118.5 118.5 118.5 118.5 118.5 118.5 118.5 118.5 118.5 118.5 118.5 118.5 118.5 118.5 118.5 118.5 118.5 118.5 118.5 118.5 118.5 118.5 109.7 109.7 109.7 109.7 109.7 109.7 109.7 109.7 109.7 109.7 109.7 109.7 109.7 109.7 109.7 109.7 109.7 109.7 109.7 109.7 109.7 109.7 109.7 109.7 109.7 109.7 109.7 109.7 109.7 
116.1 116.1 116.1 116.1 116.1 116.1 116.1 116.1 116.1 116.1 116.1 118.5 118.5 118.5 118.5 118.5 118.5 118.5 118.5 118.5 118.5 118.5 118.5 118.5 118.5 118.5 118.5 118.5 118.5 118.5 118.5 118.5 118.5 118.5 118.5 118.5 118.5 118.5 118.5 118.5 118.5 118.5 118.5 118.5 118.5 118.5 118.5 118.5 118.5 118.5 118.5 118.5 118.5 118.5 118.5 118.5 118.5 118.5 118.5 118.5 118.5 118.5 118.5 118.5 118.5 118.5 118.5 118.5 118.5 118.5 118.5 109.7 109.7 109.7 109.7 109.7 109.7 109.7 109.7 109.7 109.7 109.7 109.7 109.7 109.7 109.7 109.7 109.7 109.7 109.7 109.7 109.7 109.7 109.7 109.7 109.7 109.7 109.7 109.7 109.7 
116.1 116.1 116.1 116.1 116.1 116.1 116.1 116.1 116.1 116.1 116.1 118.5 118.5 118.5 118.5 118.5 118.5 118.5 118.5 118.5 118.5 118.5 118.5 118.5 118.5 118.5 118.5 118.5 118.5 118.5 118.5 118.5 118.5 118.5 118.5 118.5 118.5 118.5 118.5 118.5 118.5 118.5 118.5 118.5 118.5 118.5 118.5 118.5 118.5 118.5 118.5 118.5 118.5 118.5 118.5 118.5 118.5 118.5 118.5 118.5 118.5 118.5 118.5 118.5 118.5 118.5 118.5 118.5 118.5 118.5 118.5 109.7 109.7 109.7 109.7 109.7 109.7 109.7 109.7 109.7 109.7 109.7 109.7 109.7 109.7 109.7 109.7 109.7 109.7 109.7 109.7 109.7 109.7 109.7 109.7 109.7 109.7 109.7 109.7 109.7 
116.1 116.1 116.1 116.1 116.1 116.1 116.1 116.1 116.1 116.1 116.1 118.5 118.5 118.5 118.5 118.5 118.5 118.5 118.5 118.5 118.5 118.5 118.5 118.5 118.5 118.5 118.5 118.5 118.5 118.5 118.5 118.5 118.5 118.5 118.5 118.5 118.5 118.5 118.5 118.5 118.5 118.5 118.5 118.5 118.5 118.5 118.5 118.5 118.5 118.5 118.5 118.5 118.5 118.5 118.5 118.5 118.5 118.5 118.5 118.5 118.5 118.5 118.5 118.5 118.5 118.5 118.5 118.5 118.5 118.5 118.5 109.7 109.7 109.7 109.7 109.7 109.7 109.7 109.7 109.7 109.7 109.7 109.7 109.7 109.7 109.7 109.7 109.7 109.7 109.7 109.7 109.7 109.7 109.7 109.7 109.7 109.7 109.7 109.7 109.7 
116.1 116.1 116.1 116.1 116.1 116.1 116.1 116.1 116.1 116.1 116.1 118.5 118.5 118.5 118.5 118.5 118.5 118.5 118.5 118.5 118.5 118.5 118.5 118.5 118.5 118.5 118.5 118.5 118.5 118.5 118.5 118.5 118.5 118.5 118.5 118.5 118.5 118.5 118.5 118.5 118.5 118.5 118.5 118.5 118.5 118.5 118.5 118.5 118.5 118.5 118.5 118.5 118.5 118.5 118.5 118.5 118.5 118.5 118.5 118.5 118.5 118.5 118.5 118.5 118.5 118.5 118.5 118.5 118.5 118.5 118.5 109.7 109.7 109.7 109.7 109.7 109.7 109.7 109.7 109.7 109.7 109.7 109.7 109.7 109.7 109.7 109.7 109.7 109.7 109.7 109.7 109.7 109.7 109.7 109.7 109.7 109.7 109.7 109.7 109.7 
116.1 116.1 116.1 116.1 116.1 116.1 116.1 116.1 116.1 116.1 116.1 118.5 118.5 118.5 118.5 118.5 118.5 118.5 118.5 118.5 118.5 118.5 118.5 118.5 118.5 118.5 118.5 118.5 118.5 118.5 118.5 118.5 118.5 118.5 118.5 118.5 118.5 118.5 118.5 118.5 118.5 118.5 118.5 118.5 118.5 118.5 118.5 118.5 118.5 118.5 118.5 118.5 118.5 118.5 118.5 118.5 118.5 118.5 118.5 118.5 118.5 118.5 118.5 118.5 118.5 118.5 118.5 118.5 118.5 118.5 118.5 109.7 109.7 109.7 109.7 109.7 109.7 109.7 109.7 109.7 109.7 109.7 109.7 109.7 109.7 109.7 109.7 109.7 109.7 109.7 109.7 109.7 109.7 109.7 109.7 109.7 109.7 109.7 109.7 109.7 
116.1 116.1 116.1 116.1 116.1 116.1 116.1 116.1 116.1 116.1 116.1 118.5 118.5 118.5 118.5 118.5 118.5 118.5 118.5 118.5 118.5 118.5 118.5 118.5 118.5 118.5 118.5 118.5 118.5 118.5 118.5 118.5 118.5 118.5 118.5 118.5 118.5 118.5 118.5 118.5 118.5 118.5 118.5 118.5 118.5 118.5 118.5 118.5 118.5 118.5 118.5 118.5 118.5 118.5 118.5 118.5 118.5 118.5 118.5 118.5 118.5 118.5 118.5 118.5 118.5 118.5 118.5 118.5 118.5 118.5 118.5 109.7 109.7 109.7 109.7 109.7 109.7 109.7 109.7 109.7 109.7 109.7 109.7 109.7 109.7 109.7 109.7 109.7 109.7 109.7 109.7 109.7 109.7 109.7 109.7 109.7 109.7 109.7 109.7 109.7 
116.1 116.1 116.1 116.1 116.1 116.1 116.1 116.1 116.1 116.1 116.1 118.5 118.5 118.5 118.5 118.5 118.5 118.5 118.5 118.5 118.5 118.5 118.5 118.5 118.5 118.5 118.5 118.5 118.5 118.5 118.5 118.5 118.5 118.5 118.5 118.5 118.5 118.5 118.5 118.5 118.5 118.5 118.5 118.5 118.5 118.5 118.5 118.5 118.5 118.5 118.5 118.5 118.5 118.5 118.5 118.5 118.5 118.5 118.5 118.5 118.5 118.5 118.5 118.5 118.5 118.5 118.5 118.5 118.5 118.5 118.5 109.7 109.7 109.7 109.7 109.7 109.7 109.7 109.7 109.7 109.7 109.7 109.7 109.7 109.7 109.7 109.7 109.7 109.7 109.7 109.7 109.7 109.7 109.7 109.7 109.7 109.7 109.7 109.7 109.7 
116.1 116.1 116.1 116.1 116.1 116.1 116.1 116.1 116.1 116.1 116.1 118.5 118.5 118.5 118.5 118.5 118.5 118.5 118.5 118.5 118.5 118.5 118.5 118.5 118.5 118.5 118.5 118.5 118.5 118.5 118.5 118.5 118.5 118.5 118.5 118.5 118.5 118.5 118.5 118.5 118.5 118.5 118.5 118.5 118.5 118.5 118.5 118.5 118.5 118.5 118.5 118.5 118.5 118.5 118.5 118.5 118.5 118.5 118.5 118.5 118.5 118.5 118.5 118.5 118.5 118.5 118.5 118.5 118.5 118.5 118.5 109.7 109.7 109.7 109.7 109.7 109.7 109.7 109.7 109.7 109.7 109.7 109.7 109.7 109.7 109.7 109.7 109.7 109.7 109.7 109.7 109.7 109.7 109.7 109.7 109.7 109.7 109.7 109.7 109.7 
116.1 116.1 116.1 116.1 116.1 116.1 116.1 116.1 116.1 116.1 116.1 118.5 118.5 118.5 118.5 118.5 118.5 118.5 118.5 118.5 118.5 118.5 118.5 118.5 118.5 118.5 118.5 118.5 118.5 118.5 118.5 118.5 118.5 118.5 118.5 118.5 118.5 118.5 118.5 118.5 118.5 118.5 118.5 118.5 118.5 118.5 118.5 118.5 118.5 118.5 118.5 118.5 118.5 118.5 118.5 118.5 118.5 118.5 118.5 118.5 118.5 118.5 118.5 118.5 118.5 118.5 118.5 118.5 118.5 118.5 118.5 109.7 109.7 109.7 109.7 109.7 109.7 109.7 109.7 109.7 109.7 109.7 109.7 109.7 109.7 109.7 109.7 109.7 109.7 109.7 109.7 109.7 109.7 109.7 109.7 109.7 109.7 109.7 109.7 109.7 
116.1 116.1 116.1 116.1 116.1 116.1 116.1 116.1 116.1 116.1 116.1 118.5 118.5 118.5 118.5 118.5 118.5 118.5 118.5 118.5 118.5 118.5 118.5 118.5 118.5 118.5 118.5 118.5 118.5 118.5 118.5 118.5 118.5 118.5 118.5 118.5 118.5 118.5 118.5 118.5 118.5 118.5 118.5 118.5 118.5 118.5 118.5 118.5 118.5 118.5 118.5 118.5 118.5 118.5 118.5 118.5 118.5 118.5 118.5 118.5 118.5 118.5 118.5 118.5 118.5 118.5 118.5 118.5 118.5 118.5 118.5 109.7 109.7 109.7 109.7 109.7 109.7 109.7 109.7 109.7 109.7 109.7 109.7 109.7 109.7 109.7 109.7 109.7 109.7 109.7 109.7 109.7 109.7 109.7 109.7 109.7 109.7 109.7 109.7 109.7 
116.1 116.1 116.1 116.1 116.1 116.1 116.1 116.1 116.1 116.1 116.1 118.5 118.5 118.5 118.5 118.5 118.5 118.5 118.5 118.5 118.5 118.5 118.5 118.5 118.5 118.5 118.5 118.5 118.5 118.5 118.5 118.5 118.5 118.5 118.5 118.5 118.5 118.5 118.5 118.5 118.5 118.5 118.5 118.5 118.5 118.5 118.5 118.5 118.5 118.5 118.5 118.5 118.5 118.5 118.5 118.5 118.5 118.5 118.5 118.5 118.5 118.5 118.5 118.5 118.5 118.5 118.5 118.5 118.5 118.5 118.5 109.7 109.7 109.7 109.7 109.7 109.7 109.7 109.7 109.7 109.7 109.7 109.7 109.7 109.7 109.7 109.7 109.7 109.7 109.7 109.7 109.7 109.7 109.7 109.7 109.7 109.7 109.7 109.7 109.7 
116.1 116.1 116.1 116.1 116.1 116.1 116.1 116.1 116.1 116.1 116.1 118.5 118.5 118.5 118.5 118.5 118.5 118.5 118.5 118.5 118.5 118.5 118.5 118.5 118.5 118.5 118.5 118.5 118.5 118.5 118.5 118.5 118.5 118.5 118.5 118.5 118.5 118.5 118.5 118.5 118.5 118.5 118.5 118.5 118.5 118.5 118.5 118.5 118.5 118.5 118.5 118.5 118.5 118.5 118.5 118.5 118.5 118.5 118.5 118.5 118.5 118.5 118.5 118.5 118.5 118.5 118.5 118.5 118.5 118.5 118.5 109.7 109.7 109.7 109.7 109.7 109.7 109.7 109.7 109.7 109.7 109.7 109.7 109.7 109.7 109.7 109.7 109.7 109.7 109.7 109.7 109.7 109.7 109.7 109.7 109.7 109.7 109.7 109.7 109.7 
116.1 116.1 116.1 116.1 116.1 116.1 116.1 116.1 116.1 116.1 116.1 118.5 118.5 118.5 118.5 118.5 118.5 118.5 118.5 118.5 118.5 118.5 118.5 118.5 118.5 118.5 118.5 118.5 118.5 118.5 118.5 118.5 118.5 118.5 118.5 118.5 118.5 118.5 118.5 118.5 118.5 118.5 118.5 118.5 118.5 118.5 118.5 118.5 118.5 118.5 118.5 118.5 118.5 118.5 118.5 118.5 118.5 118.5 118.5 118.5 118.5 118.5 118.5 118.5 118.5 118.5 118.5 118.5 118.5 118.5 118.5 109.7 109.7 109.7 109.7 109.7 109.7 109.7 109.7 109.7 109.7 109.7 109.7 109.7 109.7 109.7 109.7 109.7 109.7 109.7 109.7 109.7 109.7 109.7 109.7 109.7 109.7 109.7 109.7 109.7 
116.1 116.1 116.1 116.1 116.1 116.1 116.1 116.1 116.1 116.1 116.1 118.5 118.5 118.5 118.5 118.5 118.5 118.5 118.5 118.5 118.5 118.5 118.5 118.5 118.5 118.5 118.5 118.5 118.5 118.5 118.5 118.5 118.5 118.5 118.5 118.5 118.5 118.5 118.5 118.5 118.5 118.5 118.5 118.5 118.5 118.5 118.5 118.5 118.5 118.5 118.5 118.5 118.5 118.5 118.5 118.5 118.5 118.5 118.5 118.5 118.5 118.5 118.5 118.5 118.5 118.5 118.5 118.5 118.5 118.5 118.5 109.7 109.7 109.7 109.7 109.7 109.7 109.7 109.7 109.7 109.7 109.7 109.7 109.7 109.7 109.7 109.7 109.7 109.7 109.7 109.7 109.7 109.7 109.7 109.7 109.7 109.7 109.7 109.7 109.7 
116.1 116.1 116.1 116.1 116.1 116.1 116.1 116.1 116.1 116.1 116.1 118.5 118.5 118.5 118.5 118.5 118.5 118.5 118.5 118.5 118.5 118.5 118.5 118.5 118.5 118.5 118.5 118.5 118.5 118.5 118.5 118.5 118.5 118.5 118.5 118.5 118.5 118.5 118.5 118.5 118.5 118.5 118.5 118.5 118.5 118.5 118.5 118.5 118.5 118.5 118.5 118.5 118.5 118.5 118.5 118.5 118.5 118.5 118.5 118.5 118.5 118.5 118.5 118.5 118.5 118.5 118.5 118.5 118.5 118.5 118.5 109.7 109.7 109.7 109.7 109.7 109.7 109.7 109.7 109.7 109.7 109.7 109.7 109.7 109.7 109.7 109.7 109.7 109.7 109.7 109.7 109.7 109.7 109.7 109.7 109.7 109.7 109.7 109.7 109.7 
116.1 116.1 116.1 116.1 116.1 116.1 116.1 116.1 116.1 116.1 116.1 118.5 118.5 118.5 118.5 118.5 118.5 118.5 118.5 118.5 118.5 118.5 118.5 118.5 118.5 118.5 118.5 118.5 118.5 118.5 118.5 118.5 118.5 118.5 118.5 118.5 118.5 118.5 118.5 118.5 118.5 118.5 118.5 118.5 118.5 118.5 118.5 118.5 118.5 118.5 118.5 118.5 118.5 118.5 118.5 118.5 118.5 118.5 118.5 118.5 118.5 118.5 118.5 118.5 118.5 118.5 118.5 118.5 118.5 118.5 118.5 109.7 109.7 109.7 109.7 109.7 109.7 109.7 109.7 109.7 109.7 109.7 109.7 109.7 109.7 109.7 109.7 109.7 109.7 109.7 109.7 109.7 109.7 109.7 109.7 109.7 109.7 109.7 109.7 109.7 
149.6 149.6 149.6 149.6 149.6 149.6 149.6 149.6 149.6 149.6 149.6 150.9 150.9 150.9 150.9 150.9 150.9 150.9 150.9 150.9 150.9 150.9 150.9 150.9 150.9 150.9 150.9 150.9 150.9 150.9 150.9 150.9 150.9 150.9 150.9 150.9 150.9 150.9 150.9 150.9 150.9 150.9 150.9 150.9 150.9 150.9 150.9 150.9 150.9 150.9 150.9 150.9 150.9 150.9 150.9 150.9 150.9 150.9 150.9 150.9 150.9 150.9 150.9 150.9 150.9 150.9 150.9 150.9 150.9 150.9 150.9 138.2 138.2 138.2 138.2 138.2 138.2 138.2 138.2 138.2 138.2 138.2 138.2 138.2 138.2 138.2 138.2 138.2 138.2 138.2 138.2 138.2 138.2 138.2 138.2 138.2 138.2 138.2 138.2 138.2 
149.6 149.6 149.6 149.6 149.6 149.6 149.6 149.6 149.6 149.6 149.6 150.9 150.9 150.9 150.9 150.9 150.9 150.9 150.9 150.9 150.9 150.9 150.9 150.9 150.9 150.9 150.9 150.9 150.9 150.9 150.9 150.9 150.9 150.9 150.9 150.9 150.9 150.9 150.9 150.9 150.9 150.9 150.9 150.9 150.9 150.9 150.9 150.9 150.9 150.9 150.9 150.9 150.9 150.9 150.9 150.9 150.9 150.9 150.9 150.9 150.9 150.9 150.9 150.9 150.9 150.9 150.9 150.9 150.9 150.9 150.9 138.2 138.2 138.2 138.2 138.2 138.2 138.2 138.2 138.2 138.2 138.2 138.2 138.2 138.2 138.2 138.2 138.2 138.2 138.2 138.2 138.2 138.2 138.2 138.2 138.2 138.2 138.2 138.2 138.2 
149.6 149.6 149.6 149.6 149.6 149.6 149.6 149.6 149.6 149.6 149.6 150.9 150.9 150.9 150.9 150.9 150.9 150.9 150.9 150.9 150.9 150.9 150.9 150.9 150.9 150.9 150.9 150.9 150.9 150.9 150.9 150.9 150.9 150.9 150.9 150.9 150.9 150.9 150.9 150.9 150.9 150.9 150.9 150.9 150.9 150.9 150.9 150.9 150.9 150.9 150.9 150.9 150.9 150.9 150.9 150.9 150.9 150.9 150.9 150.9 150.9 150.9 150.9 150.9 150.9 150.9 150.9 150.9 150.9 150.9 150.9 138.2 138.2 138.2 138.2 138.2 138.2 138.2 138.2 138.2 138.2 138.2 138.2 138.2 138.2 138.2 138.2 138.2 138.2 138.2 138.2 138.2 138.2 138.2 138.2 138.2 138.2 138.2 138.2 138.2 
149.6 149.6 149.6 149.6 149.6 149.6 149.6 149.6 149.6 149.6 149.6 150.9 150.9 150.9 150.9 150.9 150.9 150.9 150.9 150.9 150.9 150.9 150.9 150.9 150.9 150.9 150.9 150.9 150.9 150.9 150.9 150.9 150.9 150.9 150.9 150.9 150.9 150.9 150.9 150.9 150.9 150.9 150.9 150.9 150.9 150.9 150.9 150.9 150.9 150.9 150.9 150.9 150.9 150.9 150.9 150.9 150.9 150.9 150.9 150.9 150.9 150.9 150.9 150.9 150.9 150.9 150.9 150.9 150.9 150.9 150.9 138.2 138.2 138.2 138.2 138.2 138.2 138.2 138.2 138.2 138.2 138.2 138.2 138.2 138.2 138.2 138.2 138.2 138.2 138.2 138.2 138.2 138.2 138.2 138.2 138.2 138.2 138.2 138.2 138.2 
149.6 149.6 149.6 149.6 149.6 149.6 149.6 149.6 149.6 149.6 149.6 150.9 150.9 150.9 150.9 150.9 150.9 150.9 150.9 150.9 150.9 150.9 150.9 150.9 150.9 150.9 150.9 150.9 150.9 150.9 150.9 150.9 150.9 150.9 150.9 150.9 150.9 150.9 150.9 150.9 150.9 150.9 150.9 150.9 150.9 150.9 150.9 150.9 150.9 150.9 150.9 150.9 150.9 150.9 150.9 150.9 150.9 150.9 150.9 150.9 150.9 150.9 150.9 150.9 150.9 150.9 150.9 150.9 150.9 150.9 150.9 138.2 138.2 138.2 138.2 138.2 138.2 138.2 138.2 138.2 138.2 138.2 138.2 138.2 138.2 138.2 138.2 138.2 138.2 138.2 138.2 138.2 138.2 138.2 138.2 138.2 138.2 138.2 138.2 138.2 
149.6 149.6 149.6 149.6 149.6 149.6 149.6 149.6 149.6 149.6 149.6 150.9 150.9 150.9 150.9 150.9 150.9 150.9 150.9 150.9 150.9 150.9 150.9 150.9 150.9 150.9 150.9 150.9 150.9 150.9 150.9 150.9 150.9 150.9 150.9 150.9 150.9 150.9 150.9 150.9 150.9 150.9 150.9 150.9 150.9 150.9 150.9 150.9 150.9 150.9 150.9 150.9 150.9 150.9 150.9 150.9 150.9 150.9 150.9 150.9 150.9 150.9 150.9 150.9 150.9 150.9 150.9 150.9 150.9 150.9 150.9 138.2 138.2 138.2 138.2 138.2 138.2 138.2 138.2 138.2 138.2 138.2 138.2 138.2 138.2 138.2 138.2 138.2 138.2 138.2 138.2 138.2 138.2 138.2 138.2 138.2 138.2 138.2 138.2 138.2 
149.6 149.6 149.6 149.6 149.6 149.6 149.6 149.6 149.6 149.6 149.6 150.9 150.9 150.9 150.9 150.9 150.9 150.9 150.9 150.9 150.9 150.9 150.9 150.9 150.9 150.9 150.9 150.9 150.9 150.9 150.9 150.9 150.9 150.9 150.9 150.9 150.9 150.9 150.9 150.9 150.9 150.9 150.9 150.9 150.9 150.9 150.9 150.9 150.9 150.9 150.9 150.9 150.9 150.9 150.9 150.9 150.9 150.9 150.9 150.9 150.9 150.9 150.9 150.9 150.9 150.9 150.9 150.9 150.9 150.9 150.9 138.2 138.2 138.2 138.2 138.2 138.2 138.2 138.2 138.2 138.2 138.2 138.2 138.2 138.2 138.2 138.2 138.2 138.2 138.2 138.2 138.2 138.2 138.2 138.2 138.2 138.2 138.2 138.2 138.2 
149.6 149.6 149.6 149.6 149.6 149.6 149.6 149.6 149.6 149.6 149.6 150.9 150.9 150.9 150.9 150.9 150.9 150.9 150.9 150.9 150.9 150.9 150.9 150.9 150.9 150.9 150.9 150.9 150.9 150.9 150.9 150.9 150.9 150.9 150.9 150.9 150.9 150.9 150.9 150.9 150.9 150.9 150.9 150.9 150.9 150.9 150.9 150.9 150.9 150.9 150.9 150.9 150.9 150.9 150.9 150.9 150.9 150.9 150.9 150.9 150.9 150.9 150.9 150.9 150.9 150.9 150.9 150.9 150.9 150.9 150.9 138.2 138.2 138.2 138.2 138.2 138.2 138.2 138.2 138.2 138.2 138.2 138.2 138.2 138.2 138.2 138.2 138.2 138.2 138.2 138.2 138.2 138.2 138.2 138.2 138.2 138.2 138.2 138.2 138.2 
149.6 149.6 149.6 149.6 149.6 149.6 149.6 149.6 149.6 149.6 149.6 150.9 150.9 150.9 150.9 150.9 150.9 150.9 150.9 150.9 150.9 150.9 150.9 150.9 150.9 150.9 150.9 150.9 150.9 150.9 150.9 150.9 150.9 150.9 150.9 150.9 150.9 150.9 150.9 150.9 150.9 150.9 150.9 150.9 150.9 150.9 150.9 150.9 150.9 150.9 150.9 150.9 150.9 150.9 150.9 150.9 150.9 150.9 150.9 150.9 150.9 150.9 150.9 150.9 150.9 150.9 150.9 150.9 150.9 150.9 150.9 138.2 138.2 138.2 138.2 138.2 138.2 138.2 138.2 138.2 138.2 138.2 138.2 138.2 138.2 138.2 138.2 138.2 138.2 138.2 138.2 138.2 138.2 138.2 138.2 138.2 138.2 138.2 138.2 138.2 
149.6 149.6 149.6 149.6 149.6 149.6 149.6 149.6 149.6 149.6 149.6 150.9 150.9 150.9 150.9 150.9 150.9 150.9 150.9 150.9 150.9 150.9 150.9 150.9 150.9 150.9 150.9 150.9 150.9 150.9 150.9 150.9 150.9 150.9 150.9 150.9 150.9 150.9 150.9 150.9 150.9 150.9 150.9 150.9 150.9 150.9 150.9 150.9 150.9 150.9 150.9 150.9 150.9 150.9 150.9 150.9 150.9 150.9 150.9 150.9 150.9 150.9 150.9 150.9 150.9 150.9 150.9 150.9 150.9 150.9 150.9 138.2 138.2 138.2 138.2 138.2 138.2 138.2 138.2 138.2 138.2 138.2 138.2 138.2 138.2 138.2 138.2 138.2 138.2 138.2 138.2 138.2 138.2 138.2 138.2 138.2 138.2 138.2 138.2 138.2 
149.6 149.6 149.6 149.6 149.6 149.6 149.6 149.6 149.6 149.6 149.6 150.9 150.9 150.9 150.9 150.9 150.9 150.9 150.9 150.9 150.9 150.9 150.9 150.9 150.9 150.9 150.9 150.9 150.9 150.9 150.9 150.9 150.9 150.9 150.9 150.9 150.9 150.9 150.9 150.9 150.9 150.9 150.9 150.9 150.9 150.9 150.9 150.9 150.9 150.9 150.9 150.9 150.9 150.9 150.9 150.9 150.9 150.9 150.9 150.9 150.9 150.9 150.9 150.9 150.9 150.9 150.9 150.9 150.9 150.9 150.9 138.2 138.2 138.2 138.2 138.2 138.2 138.2 138.2 138.2 138.2 138.2 138.2 138.2 138.2 138.2 138.2 138.2 138.2 138.2 138.2 138.2 138.2 138.2 138.2 138.2 138.2 138.2 138.2 138.2 
149.6 149.6 149.6 149.6 149.6 149.6 149.6 149.6 149.6 149.6 149.6 150.9 150.9 150.9 150.9 150.9 150.9 150.9 150.9 150.9 150.9 150.9 150.9 150.9 150.9 150.9 150.9 150.9 150.9 150.9 150.9 150.9 150.9 150.9 150.9 150.9 150.9 150.9 150.9 150.9 150.9 150.9 150.9 150.9 150.9 150.9 150.9 150.9 150.9 150.9 150.9 150.9 150.9 150.9 150.9 150.9 150.9 150.9 150.9 150.9 150.9 150.9 150.9 150.9 150.9 150.9 150.9 150.9 150.9 150.9 150.9 138.2 138.2 138.2 138.2 138.2 138.2 138.2 138.2 138.2 138.2 138.2 138.2 138.2 138.2 138.2 138.2 138.2 138.2 138.2 138.2 138.2 138.2 138.2 138.2 138.2 138.2 138.2 138.2 138.2 
149.6 149.6 149.6 149.6 149.6 149.6 149.6 149.6 149.6 149.6 149.6 150.9 150.9 150.9 150.9 150.9 150.9 150.9 150.9 150.9 150.9 150.9 150.9 150.9 150.9 150.9 150.9 150.9 150.9 150.9 150.9 150.9 150.9 150.9 150.9 150.9 150.9 150.9 150.9 150.9 150.9 150.9 150.9 150.9 150.9 150.9 150.9 150.9 150.9 150.9 150.9 150.9 150.9 150.9 150.9 150.9 150.9 150.9 150.9 150.9 150.9 150.9 150.9 150.9 150.9 150.9 150.9 150.9 150.9 150.9 150.9 138.2 138.2 138.2 138.2 138.2 138.2 138.2 138.2 138.2 138.2 138.2 138.2 138.2 138.2 138.2 138.2 138.2 138.2 138.2 138.2 138.2 138.2 138.2 138.2 138.2 138.2 138.2 138.2 138.2 
149.6 149.6 149.6 149.6 149.6 149.6 149.6 149.6 149.6 149.6 149.6 150.9 150.9 150.9 150.9 150.9 150.9 150.9 150.9 150.9 150.9 150.9 150.9 150.9 150.9 150.9 150.9 150.9 150.9 150.9 150.9 150.9 150.9 150.9 150.9 150.9 150.9 150.9 150.9 150.9 150.9 150.9 150.9 150.9 150.9 150.9 150.9 150.9 150.9 150.9 150.9 150.9 150.9 150.9 150.9 150.9 150.9 150.9 150.9 150.9 150.9 150.9 150.9 150.9 150.9 150.9 150.9 150.9 150.9 150.9 150.9 138.2 138.2 138.2 138.2 138.2 138.2 138.2 138.2 138.2 138.2 138.2 138.2 138.2 138.2 138.2 138.2 138.2 138.2 138.2 138.2 138.2 138.2 138.2 138.2 138.2 138.2 138.2 138.2 138.2 
149.6 149.6 149.6 149.6 149.6 149.6 149.6 149.6 149.6 149.6 149.6 150.9 150.9 150.9 150.9 150.9 150.9 150.9 150.9 150.9 150.9 150.9 150.9 150.9 150.9 150.9 150.9 150.9 150.9 150.9 150.9 150.9 150.9 150.9 150.9 150.9 150.9 150.9 150.9 150.9 150.9 150.9 150.9 150.9 150.9 150.9 150.9 150.9 150.9 150.9 150.9 150.9 150.9 150.9 150.9 150.9 150.9 150.9 150.9 150.9 150.9 150.9 150.9 150.9 150.9 150.9 150.9 150.9 150.9 150.9 150.9 138.2 138.2 138.2 138.2 138.2 138.2 138.2 138.2 138.2 138.2 138.2 138.2 138.2 138.2 138.2 138.2 138.2 138.2 138.2 138.2 138.2 138.2 138.2 138.2 138.2 138.2 138.2 138.2 138.2 
149.6 149.6 149.6 149.6 149.6 149.6 149.6 149.6 149.6 149.6 149.6 150.9 150.9 150.9 150.9 150.9 150.9 150.9 150.9 150.9 150.9 150.9 150.9 150.9 150.9 150.9 150.9 150.9 150.9 150.9 150.9 150.9 150.9 150.9 150.9 150.9 150.9 150.9 150.9 150.9 150.9 150.9 150.9 150.9 150.9 150.9 150.9 150.9 150.9 150.9 150.9 150.9 150.9 150.9 150.9 150.9 150.9 150.9 150.9 150.9 150.9 150.9 150.9 150.9 150.9 150.9 150.9 150.9 150.9 150.9 150.9 138.2 138.2 138.2 138.2 138.2 138.2 138.2 138.2 138.2 138.2 138.2 138.2 138.2 138.2 138.2 138.2 138.2 138.2 138.2 138.2 138.2 138.2 138.2 138.2 138.2 138.2 138.2 138.2 138.2 
149.6 149.6 149.6 149.6 149.6 149.6 149.6 149.6 149.6 149.6 149.6 150.9 150.9 150.9 150.9 150.9 150.9 150.9 150.9 150.9 150.9 150.9 150.9 150.9 150.9 150.9 150.9 150.9 150.9 150.9 150.9 150.9 150.9 150.9 150.9 150.9 150.9 150.9 150.9 150.9 150.9 150.9 150.9 150.9 150.9 150.9 150.9 150.9 150.9 150.9 150.9 150.9 150.9 150.9 150.9 150.9 150.9 150.9 150.9 150.9 150.9 150.9 150.9 150.9 150.9 150.9 150.9 150.9 150.9 150.9 150.9 138.2 138.2 138.2 138.2 138.2 138.2 138.2 138.2 138.2 138.2 138.2 138.2 138.2 138.2 138.2 138.2 138.2 138.2 138.2 138.2 138.2 138.2 138.2 138.2 138.2 138.2 138.2 138.2 138.2 
149.6 149.6 149.6 149.6 149.6 149.6 149.6 149.6 149.6 149.6 149.6 150.9 150.9 150.9 150.9 150.9 150.9 150.9 150.9 150.9 150.9 150.9 150.9 150.9 150.9 150.9 150.9 150.9 150.9 150.9 150.9 150.9 150.9 150.9 150.9 150.9 150.9 150.9 150.9 150.9 150.9 150.9 150.9 150.9 150.9 150.9 150.9 150.9 150.9 150.9 150.9 150.9 150.9 150.9 150.9 150.9 150.9 150.9 150.9 150.9 150.9 150.9 150.9 150.9 150.9 150.9 150.9 150.9 150.9 150.9 150.9 138.2 138.2 138.2 138.2 138.2 138.2 138.2 138.2 138.2 138.2 138.2 138.2 138.2 138.2 138.2 138.2 138.2 138.2 138.2 138.2 138.2 138.2 138.2 138.2 138.2 138.2 138.2 138.2 138.2 
149.6 149.6 149.6 149.6 149.6 149.6 149.6 149.6 149.6 149.6 149.6 150.9 150.9 150.9 150.9 150.9 150.9 150.9 150.9 150.9 150.9 150.9 150.9 150.9 150.9 150.9 150.9 150.9 150.9 150.9 150.9 150.9 150.9 150.9 150.9 150.9 150.9 150.9 150.9 150.9 150.9 150.9 150.9 150.9 150.9 150.9 150.9 150.9 150.9 150.9 150.9 150.9 150.9 150.9 150.9 150.9 150.9 150.9 150.9 150.9 150.9 150.9 150.9 150.9 150.9 150.9 150.9 150.9 150.9 150.9 150.9 138.2 138.2 138.2 138.2 138.2 138.2 138.2 138.2 138.2 138.2 138.2 138.2 138.2 138.2 138.2 138.2 138.2 138.2 138.2 138.2 138.2 138.2 138.2 138.2 138.2 138.2 138.2 138.2 138.2 
149.6 149.6 149.6 149.6 149.6 149.6 149.6 149.6 149.6 149.6 149.6 150.9 150.9 150.9 150.9 150.9 150.9 150.9 150.9 150.9 150.9 150.9 150.9 150.9 150.9 150.9 150.9 150.9 150.9 150.9 150.9 150.9 150.9 150.9 150.9 150.9 150.9 150.9 150.9 150.9 150.9 150.9 150.9 150.9 150.9 150.9 150.9 150.9 150.9 150.9 150.9 150.9 150.9 150.9 150.9 150.9 150.9 150.9 150.9 150.9 150.9 150.9 150.9 150.9 150.9 150.9 150.9 150.9 150.9 150.9 150.9 138.2 138.2 138.2 138.2 138.2 138.2 138.2 138.2 138.2 138.2 138.2 138.2 138.2 138.2 138.2 138.2 138.2 138.2 138.2 138.2 138.2 138.2 138.2 138.2 138.2 138.2 138.2 138.2 138.2 
149.6 149.6 149.6 149.6 149.6 149.6 149.6 149.6 149.6 149.6 149.6 150.9 150.9 150.9 150.9 150.9 150.9 150.9 150.9 150.9 150.9 150.9 150.9 150.9 150.9 150.9 150.9 150.9 150.9 150.9 150.9 150.9 150.9 150.9 150.9 150.9 150.9 150.9 150.9 150.9 150.9 150.9 150.9 150.9 150.9 150.9 150.9 150.9 150.9 150.9 150.9 150.9 150.9 150.9 150.9 150.9 150.9 150.9 150.9 150.9 150.9 150.9 150.9 150.9 150.9 150.9 150.9 150.9 150.9 150.9 150.9 138.2 138.2 138.2 138.2 138.2 138.2 138.2 138.2 138.2 138.2 138.2 138.2 138.2 138.2 138.2 138.2 138.2 138.2 138.2 138.2 138.2 138.2 138.2 138.2 138.2 138.2 138.2 138.2 138.2 
149.6 149.6 149.6 149.6 149.6 149.6 149.6 149.6 149.6 149.6 149.6 150.9 150.9 150.9 150.9 150.9 150.9 150.9 150.9 150.9 150.9 150.9 150.9 150.9 150.9 150.9 150.9 150.9 150.9 150.9 150.9 150.9 150.9 150.9 150.9 150.9 150.9 150.9 150.9 150.9 150.9 150.9 150.9 150.9 150.9 150.9 150.9 150.9 150.9 150.9 150.9 150.9 150.9 150.9 150.9 150.9 150.9 150.9 150.9 150.9 150.9 150.9 150.9 150.9 150.9 150.9 150.9 150.9 150.9 150.9 150.9 138.2 138.2 138.2 138.2 138.2 138.2 138.2 138.2 138.2 138.2 138.2 138.2 138.2 138.2 138.2 138.2 138.2 138.2 138.2 138.2 138.2 138.2 138.2 138.2 138.2 138.2 138.2 138.2 138.2 
149.6 149.6 149.6 149.6 149.6 149.6 149.6 149.6 149.6 149.6 149.6 150.9 150.9 150.9 150.9 150.9 150.9 150.9 150.9 150.9 150.9 150.9 150.9 150.9 150.9 150.9 150.9 150.9 150.9 150.9 150.9 150.9 150.9 150.9 150.9 150.9 150.9 150.9 150.9 150.9 150.9 150.9 150.9 150.9 150.9 150.9 150.9 150.9 150.9 150.9 150.9 150.9 150.9 150.9 150.9 150.9 150.9 150.9 150.9 150.9 150.9 150.9 150.9 150.9 150.9 150.9 150.9 150.9 150.9 150.9 150.9 138.2 138.2 138.2 138.2 138.2 138.2 138.2 138.2 138.2 138.2 138.2 138.2 138.2 138.2 138.2 138.2 138.2 138.2 138.2 138.2 138.2 138.2 138.2 138.2 138.2 138.2 138.2 138.2 138.2 
149.6 149.6 149.6 149.6 149.6 149.6 149.6 149.6 149.6 149.6 149.6 150.9 150.9 150.9 150.9 150.9 150.9 150.9 150.9 150.9 150.9 150.9 150.9 150.9 150.9 150.9 150.9 150.9 150.9 150.9 150.9 150.9 150.9 150.9 150.9 150.9 150.9 150.9 150.9 150.9 150.9 150.9 150.9 150.9 150.9 150.9 150.9 150.9 150.9 150.9 150.9 150.9 150.9 150.9 150.9 150.9 150.9 150.9 150.9 150.9 150.9 150.9 150.9 150.9 150.9 150.9 150.9 150.9 150.9 150.9 150.9 138.2 138.2 138.2 138.2 138.2 138.2 138.2 138.2 138.2 138.2 138.2 138.2 138.2 138.2 138.2 138.2 138.2 138.2 138.2 138.2 138.2 138.2 138.2 138.2 138.2 138.2 138.2 138.2 138.2 
149.6 149.6 149.6 149.6 149.6 149.6 149.6 149.6 149.6 149.6 149.6 150.9 150.9 150.9 150.9 150.9 150.9 150.9 150.9 150.9 150.9 150.9 150.9 150.9 150.9 150.9 150.9 150.9 150.9 150.9 150.9 150.9 150.9 150.9 150.9 150.9 150.9 150.9 150.9 150.9 150.9 150.9 150.9 150.9 150.9 150.9 150.9 150.9 150.9 150.9 150.9 150.9 150.9 150.9 150.9 150.9 150.9 150.9 150.9 150.9 150.9 150.9 150.9 150.9 150.9 150.9 150.9 150.9 150.9 150.9 150.9 138.2 138.2 138.2 138.2 138.2 138.2 138.2 138.2 138.2 138.2 138.2 138.2 138.2 138.2 138.2 138.2 138.2 138.2 138.2 138.2 138.2 138.2 138.2 138.2 138.2 138.2 138.2 138.2 138.2 
149.6 149.6 149.6 149.6 149.6 149.6 149.6 149.6 149.6 149.6 149.6 150.9 150.9 150.9 150.9 150.9 150.9 150.9 150.9 150.9 150.9 150.9 150.9 150.9 150.9 150.9 150.9 150.9 150.9 150.9 150.9 150.9 150.9 150.9 150.9 150.9 150.9 150.9 150.9 150.9 150.9 150.9 150.9 150.9 150.9 150.9 150.9 150.9 150.9 150.9 150.9 150.9 150.9 150.9 150.9 150.9 150.9 150.9 150.9 150.9 150.9 150.9 150.9 150.9 150.9 150.9 150.9 150.9 150.9 150.9 150.9 138.2 138.2 138.2 138.2 138.2 138.2 138.2 138.2 138.2 138.2 138.2 138.2 138.2 138.2 138.2 138.2 138.2 138.2 138.2 138.2 138.2 138.2 138.2 138.2 138.2 138.2 138.2 138.2 138.2 
149.6 149.6 149.6 149.6 149.6 149.6 149.6 149.6 149.6 149.6 149.6 150.9 150.9 150.9 150.9 150.9 150.9 150.9 150.9 150.9 150.9 150.9 150.9 150.9 150.9 150.9 150.9 150.9 150.9 150.9 150.9 150.9 150.9 150.9 150.9 150.9 150.9 150.9 150.9 150.9 150.9 150.9 150.9 150.9 150.9 150.9 150.9 150.9 150.9 150.9 150.9 150.9 150.9 150.9 150.9 150.9 150.9 150.9 150.9 150.9 150.9 150.9 150.9 150.9 150.9 150.9 150.9 150.9 150.9 150.9 150.9 138.2 138.2 138.2 138.2 138.2 138.2 138.2 138.2 138.2 138.2 138.2 138.2 138.2 138.2 138.2 138.2 138.2 138.2 138.2 138.2 138.2 138.2 138.2 138.2 138.2 138.2 138.2 138.2 138.2 
149.6 149.6 149.6 149.6 149.6 149.6 149.6 149.6 149.6 149.6 149.6 150.9 150.9 150.9 150.9 150.9 150.9 150.9 150.9 150.9 150.9 150.9 150.9 150.9 150.9 150.9 150.9 150.9 150.9 150.9 150.9 150.9 150.9 150.9 150.9 150.9 150.9 150.9 150.9 150.9 150.9 150.9 150.9 150.9 150.9 150.9 150.9 150.9 150.9 150.9 150.9 150.9 150.9 150.9 150.9 150.9 150.9 150.9 150.9 150.9 150.9 150.9 150.9 150.9 150.9 150.9 150.9 150.9 150.9 150.9 150.9 138.2 138.2 138.2 138.2 138.2 138.2 138.2 138.2 138.2 138.2 138.2 138.2 138.2 138.2 138.2 138.2 138.2 138.2 138.2 138.2 138.2 138.2 138.2 138.2 138.2 138.2 138.2 138.2 138.2 
149.6 149.6 149.6 149.6 149.6 149.6 149.6 149.6 149.6 149.6 149.6 150.9 150.9 150.9 150.9 150.9 150.9 150.9 150.9 150.9 150.9 150.9 150.9 150.9 150.9 150.9 150.9 150.9 150.9 150.9 150.9 150.9 150.9 150.9 150.9 150.9 150.9 150.9 150.9 150.9 150.9 150.9 150.9 150.9 150.9 150.9 150.9 150.9 150.9 150.9 150.9 150.9 150.9 150.9 150.9 150.9 150.9 150.9 150.9 150.9 150.9 150.9 150.9 150.9 150.9 150.9 150.9 150.9 150.9 150.9 150.9 138.2 138.2 138.2 138.2 138.2 138.2 138.2 138.2 138.2 138.2 138.2 138.2 138.2 138.2 138.2 138.2 138.2 138.2 138.2 138.2 138.2 138.2 138.2 138.2 138.2 138.2 138.2 138.2 138.2 
149.6 149.6 149.6 149.6 149.6 149.6 149.6 149.6 149.6 149.6 149.6 150.9 150.9 150.9 150.9 150.9 150.9 150.9 150.9 150.9 150.9 150.9 150.9 150.9 150.9 150.9 150.9 150.9 150.9 150.9 150.9 150.9 150.9 150.9 150.9 150.9 150.9 150.9 150.9 150.9 150.9 150.9 150.9 150.9 150.9 150.9 150.9 150.9 150.9 150.9 150.9 150.9 150.9 150.9 150.9 150.9 150.9 150.9 150.9 150.9 150.9 150.9 150.9 150.9 150.9 150.9 150.9 150.9 150.9 150.9 150.9 138.2 138.2 138.2 138.2 138.2 138.2 138.2 138.2 138.2 138.2 138.2 138.2 138.2 138.2 138.2 138.2 138.2 138.2 138.2 138.2 138.2 138.2 138.2 138.2 138.2 138.2 138.2 138.2 138.2 
149.6 149.6 149.6 149.6 149.6 149.6 149.6 149.6 149.6 149.6 149.6 150.9 150.9 150.9 150.9 150.9 150.9 150.9 150.9 150.9 150.9 150.9 150.9 150.9 150.9 150.9 150.9 150.9 150.9 150.9 150.9 150.9 150.9 150.9 150.9 150.9 150.9 150.9 150.9 150.9 150.9 150.9 150.9 150.9 150.9 150.9 150.9 150.9 150.9 150.9 150.9 150.9 150.9 150.9 150.9 150.9 150.9 150.9 150.9 150.9 150.9 150.9 150.9 150.9 150.9 150.9 150.9 150.9 150.9 150.9 150.9 138.2 138.2 138.2 138.2 138.2 138.2 138.2 138.2 138.2 138.2 138.2 138.2 138.2 138.2 138.2 138.2 138.2 138.2 138.2 138.2 138.2 138.2 138.2 138.2 138.2 138.2 138.2 138.2 138.2 
