ncols         100
nrows         100
xllcorner     -59982.863281
yllcorner     1851083.022172
cellsize      1000
NODATA_value  -9999
3.88 3.88 3.88 3.88 3.88 3.88 3.88 3.88 3.88 3.88 3.88 3.18 3.18 3.18 3.18 3.18 3.18 3.18 3.18 3.18 3.18 3.18 3.18 3.18 3.18 3.18 3.18 3.18 3.18 3.18 3.18 3.18 3.18 3.18 3.18 3.18 3.18 3.18 3.18 3.18 3.18 3.18 3.18 3.18 3.18 3.18 3.18 3.18 3.18 3.18 3.18 3.18 3.18 3.18 3.18 3.18 3.18 3.18 3.18 3.18 3.18 3.18 3.18 3.18 3.18 3.18 3.18 3.18 3.18 3.18 3.18 3.32 3.32 3.32 3.32 3.32 3.32 3.32 3.32 3.32 3.32 3.32 3.32 3.32 3.32 3.32 3.32 3.32 3.32 3.32 3.32 3.32 3.32 3.32 3.32 3.32 3.32 3.32 3.32 3.32 
3.88 3.88 3.88 3.88 3.88 3.88 3.88 3.88 3.88 3.88 3.88 3.18 3.18 3.18 3.18 3.18 3.18 3.18 3.18 3.18 3.18 3.18 3.18 3.18 3.18 3.18 3.18 3.18 3.18 3.18 3.18 3.18 3.18 3.18 3.18 3.18 3.18 3.18 3.18 3.18 3.18 3.18 3.18 3.18 3.18 3.18 3.18 3.18 3.18 3.18 3.18 3.18 3.18 3.18 3.18 3.18 3.18 3.18 3.18 3.18 3.18 3.18 3.18 3.18 3.18 3.18 3.18 3.18 3.18 3.18 3.18 3.32 3.32 3.32 3.32 3.32 3.32 3.32 3.32 3.32 3.32 3.32 3.32 3.32 3.32 3.32 3.32 3.32 3.32 3.32 3.32 3.32 3.32 3.32 3.32 3.32 3.32 3.32 3.32 3.32 
3.88 3.88 3.88 3.88 3.88 3.88 3.88 3.88 3.88 3.88 3.88 3.18 3.18 3.18 3.18 3.18 3.18 3.18 3.18 3.18 3.18 3.18 3.18 3.18 3.18 3.18 3.18 3.18 3.18 3.18 3.18 3.18 3.18 3.18 3.18 3.18 3.18 3.18 3.18 3.18 3.18 3.18 3.18 3.18 3.18 3.18 3.18 3.18 3.18 3.18 3.18 3.18 3.18 3.18 3.18 3.18 3.18 3.18 3.18 3.18 3.18 3.18 3.18 3.18 3.18 3.18 3.18 3.18 3.18 3.18 3.18 3.32 3.32 3.32 3.32 3.32 3.32 3.32 3.32 3.32 3.32 3.32 3.32 3.32 3.32 3.32 3.32 3.32 3.32 3.32 3.32 3.32 3.32 3.32 3.32 3.32 3.32 3.32 3.32 3.32 
3.88 3.88 3.88 3.88 3.88 3.88 3.88 3.88 3.88 3.88 3.88 3.18 3.18 3.18 3.18 3.18 3.18 3.18 3.18 3.18 3.18 3.18 3.18 3.18 3.18 3.18 3.18 3.18 3.18 3.18 3.18 3.18 3.18 3.18 3.18 3.18 3.18 3.18 3.18 3.18 3.18 3.18 3.18 3.18 3.18 3.18 3.18 3.18 3.18 3.18 3.18 3.18 3.18 3.18 3.18 3.18 3.18 3.18 3.18 3.18 3.18 3.18 3.18 3.18 3.18 3.18 3.18 3.18 3.18 3.18 3.18 3.32 3.32 3.32 3.32 3.32 3.32 3.32 3.32 3.32 3.32 3.32 3.32 3.32 3.32 3.32 3.32 3.32 3.32 3.32 3.32 3.32 3.32 3.32 3.32 3.32 3.32 3.32 3.32 3.32 
3.88 3.88 3.88 3.88 3.88 3.88 3.88 3.88 3.88 3.88 3.88 3.18 3.18 3.18 3.18 3.18 3.18 3.18 3.18 3.18 3.18 3.18 3.18 3.18 3.18 3.18 3.18 3.18 3.18 3.18 3.18 3.18 3.18 3.18 3.18 3.18 3.18 3.18 3.18 3.18 3.18 3.18 3.18 3.18 3.18 3.18 3.18 3.18 3.18 3.18 3.18 3.18 3.18 3.18 3.18 3.18 3.18 3.18 3.18 3.18 3.18 3.18 3.18 3.18 3.18 3.18 3.18 3.18 3.18 3.18 3.18 3.32 3.32 3.32 3.32 3.32 3.32 3.32 3.32 3.32 3.32 3.32 3.32 3.32 3.32 3.32 3.32 3.32 3.32 3.32 3.32 3.32 3.32 3.32 3.32 3.32 3.32 3.32 3.32 3.32 
3.88 3.88 3.88 3.88 3.88 3.88 3.88 3.88 3.88 3.88 3.88 3.18 3.18 3.18 3.18 3.18 3.18 3.18 3.18 3.18 3.18 3.18 3.18 3.18 3.18 3.18 3.18 3.18 3.18 3.18 3.18 3.18 3.18 3.18 3.18 3.18 3.18 3.18 3.18 3.18 3.18 3.18 3.18 3.18 3.18 3.18 3.18 3.18 3.18 3.18 3.18 3.18 3.18 3.18 3.18 3.18 3.18 3.18 3.18 3.18 3.18 3.18 3.18 3.18 3.18 3.18 3.18 3.18 3.18 3.18 3.18 3.32 3.32 3.32 3.32 3.32 3.32 3.32 3.32 3.32 3.32 3.32 3.32 3.32 3.32 3.32 3.32 3.32 3.32 3.32 3.32 3.32 3.32 3.32 3.32 3.32 3.32 3.32 3.32 3.32 
3.88 3.88 3.88 3.88 3.88 3.88 3.88 3.88 3.88 3.88 3.88 3.18 3.18 3.18 3.18 3.18 3.18 3.18 3.18 3.18 3.18 3.18 3.18 3.18 3.18 3.18 3.18 3.18 3.18 3.18 3.18 3.18 3.18 3.18 3.18 3.18 3.18 3.18 3.18 3.18 3.18 3.18 3.18 3.18 3.18 3.18 3.18 3.18 3.18 3.18 3.18 3.18 3.18 3.18 3.18 3.18 3.18 3.18 3.18 3.18 3.18 3.18 3.18 3.18 3.18 3.18 3.18 3.18 3.18 3.18 3.18 3.32 3.32 3.32 3.32 3.32 3.32 3.32 3.32 3.32 3.32 3.32 3.32 3.32 3.32 3.32 3.32 3.32 3.32 3.32 3.32 3.32 3.32 3.32 3.32 3.32 3.32 3.32 3.32 3.32 
3.88 3.88 3.88 3.88 3.88 3.88 3.88 3.88 3.88 3.88 3.88 3.18 3.18 3.18 3.18 3.18 3.18 3.18 3.18 3.18 3.18 3.18 3.18 3.18 3.18 3.18 3.18 3.18 3.18 3.18 3.18 3.18 3.18 3.18 3.18 3.18 3.18 3.18 3.18 3.18 3.18 3.18 3.18 3.18 3.18 3.18 3.18 3.18 3.18 3.18 3.18 3.18 3.18 3.18 3.18 3.18 3.18 3.18 3.18 3.18 3.18 3.18 3.18 3.18 3.18 3.18 3.18 3.18 3.18 3.18 3.18 3.32 3.32 3.32 3.32 3.32 3.32 3.32 3.32 3.32 3.32 3.32 3.32 3.32 3.32 3.32 3.32 3.32 3.32 3.32 3.32 3.32 3.32 3.32 3.32 3.32 3.32 3.32 3.32 3.32 
3.88 3.88 3.88 3.88 3.88 3.88 3.88 3.88 3.88 3.88 3.88 3.18 3.18 3.18 3.18 3.18 3.18 3.18 3.18 3.18 3.18 3.18 3.18 3.18 3.18 3.18 3.18 3.18 3.18 3.18 3.18 3.18 3.18 3.18 3.18 3.18 3.18 3.18 3.18 3.18 3.18 3.18 3.18 3.18 3.18 3.18 3.18 3.18 3.18 3.18 3.18 3.18 3.18 3.18 3.18 3.18 3.18 3.18 3.18 3.18 3.18 3.18 3.18 3.18 3.18 3.18 3.18 3.18 3.18 3.18 3.18 3.32 3.32 3.32 3.32 3.32 3.32 3.32 3.32 3.32 3.32 3.32 3.32 3.32 3.32 3.32 3.32 3.32 3.32 3.32 3.32 3.32 3.32 3.32 3.32 3.32 3.32 3.32 3.32 3.32 
4.14 4.14 4.14 4.14 4.14 4.14 4.14 4.14 4.14 4.14 4.14 4.38 4.38 4.38 4.38 4.38 4.38 4.38 4.38 4.38 4.38 4.38 4.38 4.38 4.38 4.38 4.38 4.38 4.38 4.38 4.38 4.38 4.38 4.38 4.38 4.38 4.38 4.38 4.38 4.38 4.38 4.38 4.38 4.38 4.38 4.38 4.38 4.38 4.38 4.38 4.38 4.38 4.38 4.38 4.38 4.38 4.38 4.38 4.38 4.38 4.38 4.38 4.38 4.38 4.38 4.38 4.38 4.38 4.38 4.38 4.38 4.92 4.92 4.92 4.92 4.92 4.92 4.92 4.92 4.92 4.92 4.92 4.92 4.92 4.92 4.92 4.92 4.92 4.92 4.92 4.92 4.92 4.92 4.92 4.92 4.92 4.92 4.92 4.92 4.92 
4.14 4.14 4.14 4.14 4.14 4.14 4.14 4.14 4.14 4.14 4.14 4.38 4.38 4.38 4.38 4.38 4.38 4.38 4.38 4.38 4.38 4.38 4.38 4.38 4.38 4.38 4.38 4.38 4.38 4.38 4.38 4.38 4.38 4.38 4.38 4.38 4.38 4.38 4.38 4.38 4.38 4.38 4.38 4.38 4.38 4.38 4.38 4.38 4.38 4.38 4.38 4.38 4.38 4.38 4.38 4.38 4.38 4.38 4.38 4.38 4.38 4.38 4.38 4.38 4.38 4.38 4.38 4.38 4.38 4.38 4.38 4.92 4.92 4.92 4.92 4.92 4.92 4.92 4.92 4.92 4.92 4.92 4.92 4.92 4.92 4.92 4.92 4.92 4.92 4.92 4.92 4.92 4.92 4.92 4.92 4.92 4.92 4.92 4.92 4.92 
4.14 4.14 4.14 4.14 4.14 4.14 4.14 4.14 4.14 4.14 4.14 4.38 4.38 4.38 4.38 4.38 4.38 4.38 4.38 4.38 4.38 4.38 4.38 4.38 4.38 4.38 4.38 4.38 4.38 4.38 4.38 4.38 4.38 4.38 4.38 4.38 4.38 4.38 4.38 4.38 4.38 4.38 4.38 4.38 4.38 4.38 4.38 4.38 4.38 4.38 4.38 4.38 4.38 4.38 4.38 4.38 4.38 4.38 4.38 4.38 4.38 4.38 4.38 4.38 4.38 4.38 4.38 4.38 4.38 4.38 4.38 4.92 4.92 4.92 4.92 4.92 4.92 4.92 4.92 4.92 4.92 4.92 4.92 4.92 4.92 4.92 4.92 4.92 4.92 4.92 4.92 4.92 4.92 4.92 4.92 4.92 4.92 4.92 4.92 4.92 
4.14 4.14 4.14 4.14 4.14 4.14 4.14 4.14 4.14 4.14 4.14 4.38 4.38 4.38 4.38 4.38 4.38 4.38 4.38 4.38 4.38 4.38 4.38 4.38 4.38 4.38 4.38 4.38 4.38 4.38 4.38 4.38 4.38 4.38 4.38 4.38 4.38 4.38 4.38 4.38 4.38 4.38 4.38 4.38 4.38 4.38 4.38 4.38 4.38 4.38 4.38 4.38 4.38 4.38 4.38 4.38 4.38 4.38 4.38 4.38 4.38 4.38 4.38 4.38 4.38 4.38 4.38 4.38 4.38 4.38 4.38 4.92 4.92 4.92 4.92 4.92 4.92 4.92 4.92 4.92 4.92 4.92 4.92 4.92 4.92 4.92 4.92 4.92 4.92 4.92 4.92 4.92 4.92 4.92 4.92 4.92 4.92 4.92 4.92 4.92 
4.14 4.14 4.14 4.14 4.14 4.14 4.14 4.14 4.14 4.14 4.14 4.38 4.38 4.38 4.38 4.38 4.38 4.38 4.38 4.38 4.38 4.38 4.38 4.38 4.38 4.38 4.38 4.38 4.38 4.38 4.38 4.38 4.38 4.38 4.38 4.38 4.38 4.38 4.38 4.38 4.38 4.38 4.38 4.38 4.38 4.38 4.38 4.38 4.38 4.38 4.38 4.38 4.38 4.38 4.38 4.38 4.38 4.38 4.38 4.38 4.38 4.38 4.38 4.38 4.38 4.38 4.38 4.38 4.38 4.38 4.38 4.92 4.92 4.92 4.92 4.92 4.92 4.92 4.92 4.92 4.92 4.92 4.92 4.92 4.92 4.92 4.92 4.92 4.92 4.92 4.92 4.92 4.92 4.92 4.92 4.92 4.92 4.92 4.92 4.92 
4.14 4.14 4.14 4.14 4.14 4.14 4.14 4.14 4.14 4.14 4.14 4.38 4.38 4.38 4.38 4.38 4.38 4.38 4.38 4.38 4.38 4.38 4.38 4.38 4.38 4.38 4.38 4.38 4.38 4.38 4.38 4.38 4.38 4.38 4.38 4.38 4.38 4.38 4.38 4.38 4.38 4.38 4.38 4.38 4.38 4.38 4.38 4.38 4.38 4.38 4.38 4.38 4.38 4.38 4.38 4.38 4.38 4.38 4.38 4.38 4.38 4.38 4.38 4.38 4.38 4.38 4.38 4.38 4.38 4.38 4.38 4.92 4.92 4.92 4.92 4.92 4.92 4.92 4.92 4.92 4.92 4.92 4.92 4.92 4.92 4.92 4.92 4.92 4.92 4.92 4.92 4.92 4.92 4.92 4.92 4.92 4.92 4.92 4.92 4.92 
4.14 4.14 4.14 4.14 4.14 4.14 4.14 4.14 4.14 4.14 4.14 4.38 4.38 4.38 4.38 4.38 4.38 4.38 4.38 4.38 4.38 4.38 4.38 4.38 4.38 4.38 4.38 4.38 4.38 4.38 4.38 4.38 4.38 4.38 4.38 4.38 4.38 4.38 4.38 4.38 4.38 4.38 4.38 4.38 4.38 4.38 4.38 4.38 4.38 4.38 4.38 4.38 4.38 4.38 4.38 4.38 4.38 4.38 4.38 4.38 4.38 4.38 4.38 4.38 4.38 4.38 4.38 4.38 4.38 4.38 4.38 4.92 4.92 4.92 4.92 4.92 4.92 4.92 4.92 4.92 4.92 4.92 4.92 4.92 4.92 4.92 4.92 4.92 4.92 4.92 4.92 4.92 4.92 4.92 4.92 4.92 4.92 4.92 4.92 4.92 
4.14 4.14 4.14 4.14 4.14 4.14 4.14 4.14 4.14 4.14 4.14 4.38 4.38 4.38 4.38 4.38 4.38 4.38 4.38 4.38 4.38 4.38 4.38 4.38 4.38 4.38 4.38 4.38 4.38 4.38 4.38 4.38 4.38 4.38 4.38 4.38 4.38 4.38 4.38 4.38 4.38 4.38 4.38 4.38 4.38 4.38 4.38 4.38 4.38 4.38 4.38 4.38 4.38 4.38 4.38 4.38 4.38 4.38 4.38 4.38 4.38 4.38 4.38 4.38 4.38 4.38 4.38 4.38 4.38 4.38 4.38 4.92 4.92 4.92 4.92 4.92 4.92 4.92 4.92 4.92 4.92 4.92 4.92 4.92 4.92 4.92 4.92 4.92 4.92 4.92 4.92 4.92 4.92 4.92 4.92 4.92 4.92 4.92 4.92 4.92 
4.14 4.14 4.14 4.14 4.14 4.14 4.14 4.14 4.14 4.14 4.14 4.38 4.38 4.38 4.38 4.38 4.38 4.38 4.38 4.38 4.38 4.38 4.38 4.38 4.38 4.38 4.38 4.38 4.38 4.38 4.38 4.38 4.38 4.38 4.38 4.38 4.38 4.38 4.38 4.38 4.38 4.38 4.38 4.38 4.38 4.38 4.38 4.38 4.38 4.38 4.38 4.38 4.38 4.38 4.38 4.38 4.38 4.38 4.38 4.38 4.38 4.38 4.38 4.38 4.38 4.38 4.38 4.38 4.38 4.38 4.38 4.92 4.92 4.92 4.92 4.92 4.92 4.92 4.92 4.92 4.92 4.92 4.92 4.92 4.92 4.92 4.92 4.92 4.92 4.92 4.92 4.92 4.92 4.92 4.92 4.92 4.92 4.92 4.92 4.92 
4.14 4.14 4.14 4.14 4.14 4.14 4.14 4.14 4.14 4.14 4.14 4.38 4.38 4.38 4.38 4.38 4.38 4.38 4.38 4.38 4.38 4.38 4.38 4.38 4.38 4.38 4.38 4.38 4.38 4.38 4.38 4.38 4.38 4.38 4.38 4.38 4.38 4.38 4.38 4.38 4.38 4.38 4.38 4.38 4.38 4.38 4.38 4.38 4.38 4.38 4.38 4.38 4.38 4.38 4.38 4.38 4.38 4.38 4.38 4.38 4.38 4.38 4.38 4.38 4.38 4.38 4.38 4.38 4.38 4.38 4.38 4.92 4.92 4.92 4.92 4.92 4.92 4.92 4.92 4.92 4.92 4.92 4.92 4.92 4.92 4.92 4.92 4.92 4.92 4.92 4.92 4.92 4.92 4.92 4.92 4.92 4.92 4.92 4.92 4.92 
4.14 4.14 4.14 4.14 4.14 4.14 4.14 4.14 4.14 4.14 4.14 4.38 4.38 4.38 4.38 4.38 4.38 4.38 4.38 4.38 4.38 4.38 4.38 4.38 4.38 4.38 4.38 4.38 4.38 4.38 4.38 4.38 4.38 4.38 4.38 4.38 4.38 4.38 4.38 4.38 4.38 4.38 4.38 4.38 4.38 4.38 4.38 4.38 4.38 4.38 4.38 4.38 4.38 4.38 4.38 4.38 4.38 4.38 4.38 4.38 4.38 4.38 4.38 4.38 4.38 4.38 4.38 4.38 4.38 4.38 4.38 4.92 4.92 4.92 4.92 4.92 4.92 4.92 4.92 4.92 4.92 4.92 4.92 4.92 4.92 4.92 4.92 4.92 4.92 4.92 4.92 4.92 4.92 4.92 4.92 4.92 4.92 4.92 4.92 4.92 
4.14 4.14 4.14 4.14 4.14 4.14 4.14 4.14 4.14 4.14 4.14 4.38 4.38 4.38 4.38 4.38 4.38 4.38 4.38 4.38 4.38 4.38 4.38 4.38 4.38 4.38 4.38 4.38 4.38 4.38 4.38 4.38 4.38 4.38 4.38 4.38 4.38 4.38 4.38 4.38 4.38 4.38 4.38 4.38 4.38 4.38 4.38 4.38 4.38 4.38 4.38 4.38 4.38 4.38 4.38 4.38 4.38 4.38 4.38 4.38 4.38 4.38 4.38 4.38 4.38 4.38 4.38 4.38 4.38 4.38 4.38 4.92 4.92 4.92 4.92 4.92 4.92 4.92 4.92 4.92 4.92 4.92 4.92 4.92 4.92 4.92 4.92 4.92 4.92 4.92 4.92 4.92 4.92 4.92 4.92 4.92 4.92 4.92 4.92 4.92 
4.14 4.14 4.14 4.14 4.14 4.14 4.14 4.14 4.14 4.14 4.14 4.38 4.38 4.38 4.38 4.38 4.38 4.38 4.38 4.38 4.38 4.38 4.38 4.38 4.38 4.38 4.38 4.38 4.38 4.38 4.38 4.38 4.38 4.38 4.38 4.38 4.38 4.38 4.38 4.38 4.38 4.38 4.38 4.38 4.38 4.38 4.38 4.38 4.38 4.38 4.38 4.38 4.38 4.38 4.38 4.38 4.38 4.38 4.38 4.38 4.38 4.38 4.38 4.38 4.38 4.38 4.38 4.38 4.38 4.38 4.38 4.92 4.92 4.92 4.92 4.92 4.92 4.92 4.92 4.92 4.92 4.92 4.92 4.92 4.92 4.92 4.92 4.92 4.92 4.92 4.92 4.92 4.92 4.92 4.92 4.92 4.92 4.92 4.92 4.92 
4.14 4.14 4.14 4.14 4.14 4.14 4.14 4.14 4.14 4.14 4.14 4.38 4.38 4.38 4.38 4.38 4.38 4.38 4.38 4.38 4.38 4.38 4.38 4.38 4.38 4.38 4.38 4.38 4.38 4.38 4.38 4.38 4.38 4.38 4.38 4.38 4.38 4.38 4.38 4.38 4.38 4.38 4.38 4.38 4.38 4.38 4.38 4.38 4.38 4.38 4.38 4.38 4.38 4.38 4.38 4.38 4.38 4.38 4.38 4.38 4.38 4.38 4.38 4.38 4.38 4.38 4.38 4.38 4.38 4.38 4.38 4.92 4.92 4.92 4.92 4.92 4.92 4.92 4.92 4.92 4.92 4.92 4.92 4.92 4.92 4.92 4.92 4.92 4.92 4.92 4.92 4.92 4.92 4.92 4.92 4.92 4.92 4.92 4.92 4.92 
4.14 4.14 4.14 4.14 4.14 4.14 4.14 4.14 4.14 4.14 4.14 4.38 4.38 4.38 4.38 4.38 4.38 4.38 4.38 4.38 4.38 4.38 4.38 4.38 4.38 4.38 4.38 4.38 4.38 4.38 4.38 4.38 4.38 4.38 4.38 4.38 4.38 4.38 4.38 4.38 4.38 4.38 4.38 4.38 4.38 4.38 4.38 4.38 4.38 4.38 4.38 4.38 4.38 4.38 4.38 4.38 4.38 4.38 4.38 4.38 4.38 4.38 4.38 4.38 4.38 4.38 4.38 4.38 4.38 4.38 4.38 4.92 4.92 4.92 4.92 4.92 4.92 4.92 4.92 4.92 4.92 4.92 4.92 4.92 4.92 4.92 4.92 4.92 4.92 4.92 4.92 4.92 4.92 4.92 4.92 4.92 4.92 4.92 4.92 4.92 
4.14 4.14 4.14 4.14 4.14 4.14 4.14 4.14 4.14 4.14 4.14 4.38 4.38 4.38 4.38 4.38 4.38 4.38 4.38 4.38 4.38 4.38 4.38 4.38 4.38 4.38 4.38 4.38 4.38 4.38 4.38 4.38 4.38 4.38 4.38 4.38 4.38 4.38 4.38 4.38 4.38 4.38 4.38 4.38 4.38 4.38 4.38 4.38 4.38 4.38 4.38 4.38 4.38 4.38 4.38 4.38 4.38 4.38 4.38 4.38 4.38 4.38 4.38 4.38 4.38 4.38 4.38 4.38 4.38 4.38 4.38 4.92 4.92 4.92 4.92 4.92 4.92 4.92 4.92 4.92 4.92 4.92 4.92 4.92 4.92 4.92 4.92 4.92 4.92 4.92 4.92 4.92 4.92 4.92 4.92 4.92 4.92 4.92 4.92 4.92 
4.14 4.14 4.14 4.14 4.14 4.14 4.14 4.14 4.14 4.14 4.14 4.38 4.38 4.38 4.38 4.38 4.38 4.38 4.38 4.38 4.38 4.38 4.38 4.38 4.38 4.38 4.38 4.38 4.38 4.38 4.38 4.38 4.38 4.38 4.38 4.38 4.38 4.38 4.38 4.38 4.38 4.38 4.38 4.38 4.38 4.38 4.38 4.38 4.38 4.38 4.38 4.38 4.38 4.38 4.38 4.38 4.38 4.38 4.38 4.38 4.38 4.38 4.38 4.38 4.38 4.38 4.38 4.38 4.38 4.38 4.38 4.92 4.92 4.92 4.92 4.92 4.92 4.92 4.92 4.92 4.92 4.92 4.92 4.92 4.92 4.92 4.92 4.92 4.92 4.92 4.92 4.92 4.92 4.92 4.92 4.92 4.92 4.92 4.92 4.92 
4.14 4.14 4.14 4.14 4.14 4.14 4.14 4.14 4.14 4.14 4.14 4.38 4.38 4.38 4.38 4.38 4.38 4.38 4.38 4.38 4.38 4.38 4.38 4.38 4.38 4.38 4.38 4.38 4.38 4.38 4.38 4.38 4.38 4.38 4.38 4.38 4.38 4.38 4.38 4.38 4.38 4.38 4.38 4.38 4.38 4.38 4.38 4.38 4.38 4.38 4.38 4.38 4.38 4.38 4.38 4.38 4.38 4.38 4.38 4.38 4.38 4.38 4.38 4.38 4.38 4.38 4.38 4.38 4.38 4.38 4.38 4.92 4.92 4.92 4.92 4.92 4.92 4.92 4.92 4.92 4.92 4.92 4.92 4.92 4.92 4.92 4.92 4.92 4.92 4.92 4.92 4.92 4.92 4.92 4.92 4.92 4.92 4.92 4.92 4.92 
4.14 4.14 4.14 4.14 4.14 4.14 4.14 4.14 4.14 4.14 4.14 4.38 4.38 4.38 4.38 4.38 4.38 4.38 4.38 4.38 4.38 4.38 4.38 4.38 4.38 4.38 4.38 4.38 4.38 4.38 4.38 4.38 4.38 4.38 4.38 4.38 4.38 4.38 4.38 4.38 4.38 4.38 4.38 4.38 4.38 4.38 4.38 4.38 4.38 4.38 4.38 4.38 4.38 4.38 4.38 4.38 4.38 4.38 4.38 4.38 4.38 4.38 4.38 4.38 4.38 4.38 4.38 4.38 4.38 4.38 4.38 4.92 4.92 4.92 4.92 4.92 4.92 4.92 4.92 4.92 4.92 4.92 4.92 4.92 4.92 4.92 4.92 4.92 4.92 4.92 4.92 4.92 4.92 4.92 4.92 4.92 4.92 4.92 4.92 4.92 
4.14 4.14 4.14 4.14 4.14 4.14 4.14 4.14 4.14 4.14 4.14 4.38 4.38 4.38 4.38 4.38 4.38 4.38 4.38 4.38 4.38 4.38 4.38 4.38 4.38 4.38 4.38 4.38 4.38 4.38 4.38 4.38 4.38 4.38 4.38 4.38 4.38 4.38 4.38 4.38 4.38 4.38 4.38 4.38 4.38 4.38 4.38 4.38 4.38 4.38 4.38 4.38 4.38 4.38 4.38 4.38 4.38 4.38 4.38 4.38 4.38 4.38 4.38 4.38 4.38 4.38 4.38 4.38 4.38 4.38 4.38 4.92 4.92 4.92 4.92 4.92 4.92 4.92 4.92 4.92 4.92 4.92 4.92 4.92 4.92 4.92 4.92 4.92 4.92 4.92 4.92 4.92 4.92 4.92 4.92 4.92 4.92 4.92 4.92 4.92 
4.14 4.14 4.14 4.14 4.14 4.14 4.14 4.14 4.14 4.14 4.14 4.38 4.38 4.38 4.38 4.38 4.38 4.38 4.38 4.38 4.38 4.38 4.38 4.38 4.38 4.38 4.38 4.38 4.38 4.38 4.38 4.38 4.38 4.38 4.38 4.38 4.38 4.38 4.38 4.38 4.38 4.38 4.38 4.38 4.38 4.38 4.38 4.38 4.38 4.38 4.38 4.38 4.38 4.38 4.38 4.38 4.38 4.38 4.38 4.38 4.38 4.38 4.38 4.38 4.38 4.38 4.38 4.38 4.38 4.38 4.38 4.92 4.92 4.92 4.92 4.92 4.92 4.92 4.92 4.92 4.92 4.92 4.92 4.92 4.92 4.92 4.92 4.92 4.92 4.92 4.92 4.92 4.92 4.92 4.92 4.92 4.92 4.92 4.92 4.92 
4.14 4.14 4.14 4.14 4.14 4.14 4.14 4.14 4.14 4.14 4.14 4.38 4.38 4.38 4.38 4.38 4.38 4.38 4.38 4.38 4.38 4.38 4.38 4.38 4.38 4.38 4.38 4.38 4.38 4.38 4.38 4.38 4.38 4.38 4.38 4.38 4.38 4.38 4.38 4.38 4.38 4.38 4.38 4.38 4.38 4.38 4.38 4.38 4.38 4.38 4.38 4.38 4.38 4.38 4.38 4.38 4.38 4.38 4.38 4.38 4.38 4.38 4.38 4.38 4.38 4.38 4.38 4.38 4.38 4.38 4.38 4.92 4.92 4.92 4.92 4.92 4.92 4.92 4.92 4.92 4.92 4.92 4.92 4.92 4.92 4.92 4.92 4.92 4.92 4.92 4.92 4.92 4.92 4.92 4.92 4.92 4.92 4.92 4.92 4.92 
4.14 4.14 4.14 4.14 4.14 4.14 4.14 4.14 4.14 4.14 4.14 4.38 4.38 4.38 4.38 4.38 4.38 4.38 4.38 4.38 4.38 4.38 4.38 4.38 4.38 4.38 4.38 4.38 4.38 4.38 4.38 4.38 4.38 4.38 4.38 4.38 4.38 4.38 4.38 4.38 4.38 4.38 4.38 4.38 4.38 4.38 4.38 4.38 4.38 4.38 4.38 4.38 4.38 4.38 4.38 4.38 4.38 4.38 4.38 4.38 4.38 4.38 4.38 4.38 4.38 4.38 4.38 4.38 4.38 4.38 4.38 4.92 4.92 4.92 4.92 4.92 4.92 4.92 4.92 4.92 4.92 4.92 4.92 4.92 4.92 4.92 4.92 4.92 4.92 4.92 4.92 4.92 4.92 4.92 4.92 4.92 4.92 4.92 4.92 4.92 
4.14 4.14 4.14 4.14 4.14 4.14 4.14 4.14 4.14 4.14 4.14 4.38 4.38 4.38 4.38 4.38 4.38 4.38 4.38 4.38 4.38 4.38 4.38 4.38 4.38 4.38 4.38 4.38 4.38 4.38 4.38 4.38 4.38 4.38 4.38 4.38 4.38 4.38 4.38 4.38 4.38 4.38 4.38 4.38 4.38 4.38 4.38 4.38 4.38 4.38 4.38 4.38 4.38 4.38 4.38 4.38 4.38 4.38 4.38 4.38 4.38 4.38 4.38 4.38 4.38 4.38 4.38 4.38 4.38 4.38 4.38 4.92 4.92 4.92 4.92 4.92 4.92 4.92 4.92 4.92 4.92 4.92 4.92 4.92 4.92 4.92 4.92 4.92 4.92 4.92 4.92 4.92 4.92 4.92 4.92 4.92 4.92 4.92 4.92 4.92 
4.14 4.14 4.14 4.14 4.14 4.14 4.14 4.14 4.14 4.14 4.14 4.38 4.38 4.38 4.38 4.38 4.38 4.38 4.38 4.38 4.38 4.38 4.38 4.38 4.38 4.38 4.38 4.38 4.38 4.38 4.38 4.38 4.38 4.38 4.38 4.38 4.38 4.38 4.38 4.38 4.38 4.38 4.38 4.38 4.38 4.38 4.38 4.38 4.38 4.38 4.38 4.38 4.38 4.38 4.38 4.38 4.38 4.38 4.38 4.38 4.38 4.38 4.38 4.38 4.38 4.38 4.38 4.38 4.38 4.38 4.38 4.92 4.92 4.92 4.92 4.92 4.92 4.92 4.92 4.92 4.92 4.92 4.92 4.92 4.92 4.92 4.92 4.92 4.92 4.92 4.92 4.92 4.92 4.92 4.92 4.92 4.92 4.92 4.92 4.92 
4.14 4.14 4.14 4.14 4.14 4.14 4.14 4.14 4.14 4.14 4.14 4.38 4.38 4.38 4.38 4.38 4.38 4.38 4.38 4.38 4.38 4.38 4.38 4.38 4.38 4.38 4.38 4.38 4.38 4.38 4.38 4.38 4.38 4.38 4.38 4.38 4.38 4.38 4.38 4.38 4.38 4.38 4.38 4.38 4.38 4.38 4.38 4.38 4.38 4.38 4.38 4.38 4.38 4.38 4.38 4.38 4.38 4.38 4.38 4.38 4.38 4.38 4.38 4.38 4.38 4.38 4.38 4.38 4.38 4.38 4.38 4.92 4.92 4.92 4.92 4.92 4.92 4.92 4.92 4.92 4.92 4.92 4.92 4.92 4.92 4.92 4.92 4.92 4.92 4.92 4.92 4.92 4.92 4.92 4.92 4.92 4.92 4.92 4.92 4.92 
4.14 4.14 4.14 4.14 4.14 4.14 4.14 4.14 4.14 4.14 4.14 4.38 4.38 4.38 4.38 4.38 4.38 4.38 4.38 4.38 4.38 4.38 4.38 4.38 4.38 4.38 4.38 4.38 4.38 4.38 4.38 4.38 4.38 4.38 4.38 4.38 4.38 4.38 4.38 4.38 4.38 4.38 4.38 4.38 4.38 4.38 4.38 4.38 4.38 4.38 4.38 4.38 4.38 4.38 4.38 4.38 4.38 4.38 4.38 4.38 4.38 4.38 4.38 4.38 4.38 4.38 4.38 4.38 4.38 4.38 4.38 4.92 4.92 4.92 4.92 4.92 4.92 4.92 4.92 4.92 4.92 4.92 4.92 4.92 4.92 4.92 4.92 4.92 4.92 4.92 4.92 4.92 4.92 4.92 4.92 4.92 4.92 4.92 4.92 4.92 
4.14 4.14 4.14 4.14 4.14 4.14 4.14 4.14 4.14 4.14 4.14 4.38 4.38 4.38 4.38 4.38 4.38 4.38 4.38 4.38 4.38 4.38 4.38 4.38 4.38 4.38 4.38 4.38 4.38 4.38 4.38 4.38 4.38 4.38 4.38 4.38 4.38 4.38 4.38 4.38 4.38 4.38 4.38 4.38 4.38 4.38 4.38 4.38 4.38 4.38 4.38 4.38 4.38 4.38 4.38 4.38 4.38 4.38 4.38 4.38 4.38 4.38 4.38 4.38 4.38 4.38 4.38 4.38 4.38 4.38 4.38 4.92 4.92 4.92 4.92 4.92 4.92 4.92 4.92 4.92 4.92 4.92 4.92 4.92 4.92 4.92 4.92 4.92 4.92 4.92 4.92 4.92 4.92 4.92 4.92 4.92 4.92 4.92 4.92 4.92 
4.14 4.14 4.14 4.14 4.14 4.14 4.14 4.14 4.14 4.14 4.14 4.38 4.38 4.38 4.38 4.38 4.38 4.38 4.38 4.38 4.38 4.38 4.38 4.38 4.38 4.38 4.38 4.38 4.38 4.38 4.38 4.38 4.38 4.38 4.38 4.38 4.38 4.38 4.38 4.38 4.38 4.38 4.38 4.38 4.38 4.38 4.38 4.38 4.38 4.38 4.38 4.38 4.38 4.38 4.38 4.38 4.38 4.38 4.38 4.38 4.38 4.38 4.38 4.38 4.38 4.38 4.38 4.38 4.38 4.38 4.38 4.92 4.92 4.92 4.92 4.92 4.92 4.92 4.92 4.92 4.92 4.92 4.92 4.92 4.92 4.92 4.92 4.92 4.92 4.92 4.92 4.92 4.92 4.92 4.92 4.92 4.92 4.92 4.92 4.92 
4.14 4.14 4.14 4.14 4.14 4.14 4.14 4.14 4.14 4.14 4.14 4.38 4.38 4.38 4.38 4.38 4.38 4.38 4.38 4.38 4.38 4.38 4.38 4.38 4.38 4.38 4.38 4.38 4.38 4.38 4.38 4.38 4.38 4.38 4.38 4.38 4.38 4.38 4.38 4.38 4.38 4.38 4.38 4.38 4.38 4.38 4.38 4.38 4.38 4.38 4.38 4.38 4.38 4.38 4.38 4.38 4.38 4.38 4.38 4.38 4.38 4.38 4.38 4.38 4.38 4.38 4.38 4.38 4.38 4.38 4.38 4.92 4.92 4.92 4.92 4.92 4.92 4.92 4.92 4.92 4.92 4.92 4.92 4.92 4.92 4.92 4.92 4.92 4.92 4.92 4.92 4.92 4.92 4.92 4.92 4.92 4.92 4.92 4.92 4.92 
4.14 4.14 4.14 4.14 4.14 4.14 4.14 4.14 4.14 4.14 4.14 4.38 4.38 4.38 4.38 4.38 4.38 4.38 4.38 4.38 4.38 4.38 4.38 4.38 4.38 4.38 4.38 4.38 4.38 4.38 4.38 4.38 4.38 4.38 4.38 4.38 4.38 4.38 4.38 4.38 4.38 4.38 4.38 4.38 4.38 4.38 4.38 4.38 4.38 4.38 4.38 4.38 4.38 4.38 4.38 4.38 4.38 4.38 4.38 4.38 4.38 4.38 4.38 4.38 4.38 4.38 4.38 4.38 4.38 4.38 4.38 4.92 4.92 4.92 4.92 4.92 4.92 4.92 4.92 4.92 4.92 4.92 4.92 4.92 4.92 4.92 4.92 4.92 4.92 4.92 4.92 4.92 4.92 4.92 4.92 4.92 4.92 4.92 4.92 4.92 
4.14 4.14 4.14 4.14 4.14 4.14 4.14 4.14 4.14 4.14 4.14 4.38 4.38 4.38 4.38 4.38 4.38 4.38 4.38 4.38 4.38 4.38 4.38 4.38 4.38 4.38 4.38 4.38 4.38 4.38 4.38 4.38 4.38 4.38 4.38 4.38 4.38 4.38 4.38 4.38 4.38 4.38 4.38 4.38 4.38 4.38 4.38 4.38 4.38 4.38 4.38 4.38 4.38 4.38 4.38 4.38 4.38 4.38 4.38 4.38 4.38 4.38 4.38 4.38 4.38 4.38 4.38 4.38 4.38 4.38 4.38 4.92 4.92 4.92 4.92 4.92 4.92 4.92 4.92 4.92 4.92 4.92 4.92 4.92 4.92 4.92 4.92 4.92 4.92 4.92 4.92 4.92 4.92 4.92 4.92 4.92 4.92 4.92 4.92 4.92 
4.14 4.14 4.14 4.14 4.14 4.14 4.14 4.14 4.14 4.14 4.14 4.38 4.38 4.38 4.38 4.38 4.38 4.38 4.38 4.38 4.38 4.38 4.38 4.38 4.38 4.38 4.38 4.38 4.38 4.38 4.38 4.38 4.38 4.38 4.38 4.38 4.38 4.38 4.38 4.38 4.38 4.38 4.38 4.38 4.38 4.38 4.38 4.38 4.38 4.38 4.38 4.38 4.38 4.38 4.38 4.38 4.38 4.38 4.38 4.38 4.38 4.38 4.38 4.38 4.38 4.38 4.38 4.38 4.38 4.38 4.38 4.92 4.92 4.92 4.92 4.92 4.92 4.92 4.92 4.92 4.92 4.92 4.92 4.92 4.92 4.92 4.92 4.92 4.92 4.92 4.92 4.92 4.92 4.92 4.92 4.92 4.92 4.92 4.92 4.92 
4.14 4.14 4.14 4.14 4.14 4.14 4.14 4.14 4.14 4.14 4.14 4.38 4.38 4.38 4.38 4.38 4.38 4.38 4.38 4.38 4.38 4.38 4.38 4.38 4.38 4.38 4.38 4.38 4.38 4.38 4.38 4.38 4.38 4.38 4.38 4.38 4.38 4.38 4.38 4.38 4.38 4.38 4.38 4.38 4.38 4.38 4.38 4.38 4.38 4.38 4.38 4.38 4.38 4.38 4.38 4.38 4.38 4.38 4.38 4.38 4.38 4.38 4.38 4.38 4.38 4.38 4.38 4.38 4.38 4.38 4.38 4.92 4.92 4.92 4.92 4.92 4.92 4.92 4.92 4.92 4.92 4.92 4.92 4.92 4.92 4.92 4.92 4.92 4.92 4.92 4.92 4.92 4.92 4.92 4.92 4.92 4.92 4.92 4.92 4.92 
4.14 4.14 4.14 4.14 4.14 4.14 4.14 4.14 4.14 4.14 4.14 4.38 4.38 4.38 4.38 4.38 4.38 4.38 4.38 4.38 4.38 4.38 4.38 4.38 4.38 4.38 4.38 4.38 4.38 4.38 4.38 4.38 4.38 4.38 4.38 4.38 4.38 4.38 4.38 4.38 4.38 4.38 4.38 4.38 4.38 4.38 4.38 4.38 4.38 4.38 4.38 4.38 4.38 4.38 4.38 4.38 4.38 4.38 4.38 4.38 4.38 4.38 4.38 4.38 4.38 4.38 4.38 4.38 4.38 4.38 4.38 4.92 4.92 4.92 4.92 4.92 4.92 4.92 4.92 4.92 4.92 4.92 4.92 4.92 4.92 4.92 4.92 4.92 4.92 4.92 4.92 4.92 4.92 4.92 4.92 4.92 4.92 4.92 4.92 4.92 
4.14 4.14 4.14 4.14 4.14 4.14 4.14 4.14 4.14 4.14 4.14 4.38 4.38 4.38 4.38 4.38 4.38 4.38 4.38 4.38 4.38 4.38 4.38 4.38 4.38 4.38 4.38 4.38 4.38 4.38 4.38 4.38 4.38 4.38 4.38 4.38 4.38 4.38 4.38 4.38 4.38 4.38 4.38 4.38 4.38 4.38 4.38 4.38 4.38 4.38 4.38 4.38 4.38 4.38 4.38 4.38 4.38 4.38 4.38 4.38 4.38 4.38 4.38 4.38 4.38 4.38 4.38 4.38 4.38 4.38 4.38 4.92 4.92 4.92 4.92 4.92 4.92 4.92 4.92 4.92 4.92 4.92 4.92 4.92 4.92 4.92 4.92 4.92 4.92 4.92 4.92 4.92 4.92 4.92 4.92 4.92 4.92 4.92 4.92 4.92 
4.14 4.14 4.14 4.14 4.14 4.14 4.14 4.14 4.14 4.14 4.14 4.38 4.38 4.38 4.38 4.38 4.38 4.38 4.38 4.38 4.38 4.38 4.38 4.38 4.38 4.38 4.38 4.38 4.38 4.38 4.38 4.38 4.38 4.38 4.38 4.38 4.38 4.38 4.38 4.38 4.38 4.38 4.38 4.38 4.38 4.38 4.38 4.38 4.38 4.38 4.38 4.38 4.38 4.38 4.38 4.38 4.38 4.38 4.38 4.38 4.38 4.38 4.38 4.38 4.38 4.38 4.38 4.38 4.38 4.38 4.38 4.92 4.92 4.92 4.92 4.92 4.92 4.92 4.92 4.92 4.92 4.92 4.92 4.92 4.92 4.92 4.92 4.92 4.92 4.92 4.92 4.92 4.92 4.92 4.92 4.92 4.92 4.92 4.92 4.92 
4.14 4.14 4.14 4.14 4.14 4.14 4.14 4.14 4.14 4.14 4.14 4.38 4.38 4.38 4.38 4.38 4.38 4.38 4.38 4.38 4.38 4.38 4.38 4.38 4.38 4.38 4.38 4.38 4.38 4.38 4.38 4.38 4.38 4.38 4.38 4.38 4.38 4.38 4.38 4.38 4.38 4.38 4.38 4.38 4.38 4.38 4.38 4.38 4.38 4.38 4.38 4.38 4.38 4.38 4.38 4.38 4.38 4.38 4.38 4.38 4.38 4.38 4.38 4.38 4.38 4.38 4.38 4.38 4.38 4.38 4.38 4.92 4.92 4.92 4.92 4.92 4.92 4.92 4.92 4.92 4.92 4.92 4.92 4.92 4.92 4.92 4.92 4.92 4.92 4.92 4.92 4.92 4.92 4.92 4.92 4.92 4.92 4.92 4.92 4.92 
4.14 4.14 4.14 4.14 4.14 4.14 4.14 4.14 4.14 4.14 4.14 4.38 4.38 4.38 4.38 4.38 4.38 4.38 4.38 4.38 4.38 4.38 4.38 4.38 4.38 4.38 4.38 4.38 4.38 4.38 4.38 4.38 4.38 4.38 4.38 4.38 4.38 4.38 4.38 4.38 4.38 4.38 4.38 4.38 4.38 4.38 4.38 4.38 4.38 4.38 4.38 4.38 4.38 4.38 4.38 4.38 4.38 4.38 4.38 4.38 4.38 4.38 4.38 4.38 4.38 4.38 4.38 4.38 4.38 4.38 4.38 4.92 4.92 4.92 4.92 4.92 4.92 4.92 4.92 4.92 4.92 4.92 4.92 4.92 4.92 4.92 4.92 4.92 4.92 4.92 4.92 4.92 4.92 4.92 4.92 4.92 4.92 4.92 4.92 4.92 
4.14 4.14 4.14 4.14 4.14 4.14 4.14 4.14 4.14 4.14 4.14 4.38 4.38 4.38 4.38 4.38 4.38 4.38 4.38 4.38 4.38 4.38 4.38 4.38 4.38 4.38 4.38 4.38 4.38 4.38 4.38 4.38 4.38 4.38 4.38 4.38 4.38 4.38 4.38 4.38 4.38 4.38 4.38 4.38 4.38 4.38 4.38 4.38 4.38 4.38 4.38 4.38 4.38 4.38 4.38 4.38 4.38 4.38 4.38 4.38 4.38 4.38 4.38 4.38 4.38 4.38 4.38 4.38 4.38 4.38 4.38 4.92 4.92 4.92 4.92 4.92 4.92 4.92 4.92 4.92 4.92 4.92 4.92 4.92 4.92 4.92 4.92 4.92 4.92 4.92 4.92 4.92 4.92 4.92 4.92 4.92 4.92 4.92 4.92 4.92 
4.14 4.14 4.14 4.14 4.14 4.14 4.14 4.14 4.14 4.14 4.14 4.38 4.38 4.38 4.38 4.38 4.38 4.38 4.38 4.38 4.38 4.38 4.38 4.38 4.38 4.38 4.38 4.38 4.38 4.38 4.38 4.38 4.38 4.38 4.38 4.38 4.38 4.38 4.38 4.38 4.38 4.38 4.38 4.38 4.38 4.38 4.38 4.38 4.38 4.38 4.38 4.38 4.38 4.38 4.38 4.38 4.38 4.38 4.38 4.38 4.38 4.38 4.38 4.38 4.38 4.38 4.38 4.38 4.38 4.38 4.38 4.92 4.92 4.92 4.92 4.92 4.92 4.92 4.92 4.92 4.92 4.92 4.92 4.92 4.92 4.92 4.92 4.92 4.92 4.92 4.92 4.92 4.92 4.92 4.92 4.92 4.92 4.92 4.92 4.92 
4.14 4.14 4.14 4.14 4.14 4.14 4.14 4.14 4.14 4.14 4.14 4.38 4.38 4.38 4.38 4.38 4.38 4.38 4.38 4.38 4.38 4.38 4.38 4.38 4.38 4.38 4.38 4.38 4.38 4.38 4.38 4.38 4.38 4.38 4.38 4.38 4.38 4.38 4.38 4.38 4.38 4.38 4.38 4.38 4.38 4.38 4.38 4.38 4.38 4.38 4.38 4.38 4.38 4.38 4.38 4.38 4.38 4.38 4.38 4.38 4.38 4.38 4.38 4.38 4.38 4.38 4.38 4.38 4.38 4.38 4.38 4.92 4.92 4.92 4.92 4.92 4.92 4.92 4.92 4.92 4.92 4.92 4.92 4.92 4.92 4.92 4.92 4.92 4.92 4.92 4.92 4.92 4.92 4.92 4.92 4.92 4.92 4.92 4.92 4.92 
4.14 4.14 4.14 4.14 4.14 4.14 4.14 4.14 4.14 4.14 4.14 4.38 4.38 4.38 4.38 4.38 4.38 4.38 4.38 4.38 4.38 4.38 4.38 4.38 4.38 4.38 4.38 4.38 4.38 4.38 4.38 4.38 4.38 4.38 4.38 4.38 4.38 4.38 4.38 4.38 4.38 4.38 4.38 4.38 4.38 4.38 4.38 4.38 4.38 4.38 4.38 4.38 4.38 4.38 4.38 4.38 4.38 4.38 4.38 4.38 4.38 4.38 4.38 4.38 4.38 4.38 4.38 4.38 4.38 4.38 4.38 4.92 4.92 4.92 4.92 4.92 4.92 4.92 4.92 4.92 4.92 4.92 4.92 4.92 4.92 4.92 4.92 4.92 4.92 4.92 4.92 4.92 4.92 4.92 4.92 4.92 4.92 4.92 4.92 4.92 
4.14 4.14 4.14 4.14 4.14 4.14 4.14 4.14 4.14 4.14 4.14 4.38 4.38 4.38 4.38 4.38 4.38 4.38 4.38 4.38 4.38 4.38 4.38 4.38 4.38 4.38 4.38 4.38 4.38 4.38 4.38 4.38 4.38 4.38 4.38 4.38 4.38 4.38 4.38 4.38 4.38 4.38 4.38 4.38 4.38 4.38 4.38 4.38 4.38 4.38 4.38 4.38 4.38 4.38 4.38 4.38 4.38 4.38 4.38 4.38 4.38 4.38 4.38 4.38 4.38 4.38 4.38 4.38 4.38 4.38 4.38 4.92 4.92 4.92 4.92 4.92 4.92 4.92 4.92 4.92 4.92 4.92 4.92 4.92 4.92 4.92 4.92 4.92 4.92 4.92 4.92 4.92 4.92 4.92 4.92 4.92 4.92 4.92 4.92 4.92 
4.14 4.14 4.14 4.14 4.14 4.14 4.14 4.14 4.14 4.14 4.14 4.38 4.38 4.38 4.38 4.38 4.38 4.38 4.38 4.38 4.38 4.38 4.38 4.38 4.38 4.38 4.38 4.38 4.38 4.38 4.38 4.38 4.38 4.38 4.38 4.38 4.38 4.38 4.38 4.38 4.38 4.38 4.38 4.38 4.38 4.38 4.38 4.38 4.38 4.38 4.38 4.38 4.38 4.38 4.38 4.38 4.38 4.38 4.38 4.38 4.38 4.38 4.38 4.38 4.38 4.38 4.38 4.38 4.38 4.38 4.38 4.92 4.92 4.92 4.92 4.92 4.92 4.92 4.92 4.92 4.92 4.92 4.92 4.92 4.92 4.92 4.92 4.92 4.92 4.92 4.92 4.92 4.92 4.92 4.92 4.92 4.92 4.92 4.92 4.92 
4.14 4.14 4.14 4.14 4.14 4.14 4.14 4.14 4.14 4.14 4.14 4.38 4.38 4.38 4.38 4.38 4.38 4.38 4.38 4.38 4.38 4.38 4.38 4.38 4.38 4.38 4.38 4.38 4.38 4.38 4.38 4.38 4.38 4.38 4.38 4.38 4.38 4.38 4.38 4.38 4.38 4.38 4.38 4.38 4.38 4.38 4.38 4.38 4.38 4.38 4.38 4.38 4.38 4.38 4.38 4.38 4.38 4.38 4.38 4.38 4.38 4.38 4.38 4.38 4.38 4.38 4.38 4.38 4.38 4.38 4.38 4.92 4.92 4.92 4.92 4.92 4.92 4.92 4.92 4.92 4.92 4.92 4.92 4.92 4.92 4.92 4.92 4.92 4.92 4.92 4.92 4.92 4.92 4.92 4.92 4.92 4.92 4.92 4.92 4.92 
4.14 4.14 4.14 4.14 4.14 4.14 4.14 4.14 4.14 4.14 4.14 4.38 4.38 4.38 4.38 4.38 4.38 4.38 4.38 4.38 4.38 4.38 4.38 4.38 4.38 4.38 4.38 4.38 4.38 4.38 4.38 4.38 4.38 4.38 4.38 4.38 4.38 4.38 4.38 4.38 4.38 4.38 4.38 4.38 4.38 4.38 4.38 4.38 4.38 4.38 4.38 4.38 4.38 4.38 4.38 4.38 4.38 4.38 4.38 4.38 4.38 4.38 4.38 4.38 4.38 4.38 4.38 4.38 4.38 4.38 4.38 4.92 4.92 4.92 4.92 4.92 4.92 4.92 4.92 4.92 4.92 4.92 4.92 4.92 4.92 4.92 4.92 4.92 4.92 4.92 4.92 4.92 4.92 4.92 4.92 4.92 4.92 4.92 4.92 4.92 
4.14 4.14 4.14 4.14 4.14 4.14 4.14 4.14 4.14 4.14 4.14 4.38 4.38 4.38 4.38 4.38 4.38 4.38 4.38 4.38 4.38 4.38 4.38 4.38 4.38 4.38 4.38 4.38 4.38 4.38 4.38 4.38 4.38 4.38 4.38 4.38 4.38 4.38 4.38 4.38 4.38 4.38 4.38 4.38 4.38 4.38 4.38 4.38 4.38 4.38 4.38 4.38 4.38 4.38 4.38 4.38 4.38 4.38 4.38 4.38 4.38 4.38 4.38 4.38 4.38 4.38 4.38 4.38 4.38 4.38 4.38 4.92 4.92 4.92 4.92 4.92 4.92 4.92 4.92 4.92 4.92 4.92 4.92 4.92 4.92 4.92 4.92 4.92 4.92 4.92 4.92 4.92 4.92 4.92 4.92 4.92 4.92 4.92 4.92 4.92 
4.14 4.14 4.14 4.14 4.14 4.14 4.14 4.14 4.14 4.14 4.14 4.38 4.38 4.38 4.38 4.38 4.38 4.38 4.38 4.38 4.38 4.38 4.38 4.38 4.38 4.38 4.38 4.38 4.38 4.38 4.38 4.38 4.38 4.38 4.38 4.38 4.38 4.38 4.38 4.38 4.38 4.38 4.38 4.38 4.38 4.38 4.38 4.38 4.38 4.38 4.38 4.38 4.38 4.38 4.38 4.38 4.38 4.38 4.38 4.38 4.38 4.38 4.38 4.38 4.38 4.38 4.38 4.38 4.38 4.38 4.38 4.92 4.92 4.92 4.92 4.92 4.92 4.92 4.92 4.92 4.92 4.92 4.92 4.92 4.92 4.92 4.92 4.92 4.92 4.92 4.92 4.92 4.92 4.92 4.92 4.92 4.92 4.92 4.92 4.92 
4.14 4.14 4.14 4.14 4.14 4.14 4.14 4.14 4.14 4.14 4.14 4.38 4.38 4.38 4.38 4.38 4.38 4.38 4.38 4.38 4.38 4.38 4.38 4.38 4.38 4.38 4.38 4.38 4.38 4.38 4.38 4.38 4.38 4.38 4.38 4.38 4.38 4.38 4.38 4.38 4.38 4.38 4.38 4.38 4.38 4.38 4.38 4.38 4.38 4.38 4.38 4.38 4.38 4.38 4.38 4.38 4.38 4.38 4.38 4.38 4.38 4.38 4.38 4.38 4.38 4.38 4.38 4.38 4.38 4.38 4.38 4.92 4.92 4.92 4.92 4.92 4.92 4.92 4.92 4.92 4.92 4.92 4.92 4.92 4.92 4.92 4.92 4.92 4.92 4.92 4.92 4.92 4.92 4.92 4.92 4.92 4.92 4.92 4.92 4.92 
4.14 4.14 4.14 4.14 4.14 4.14 4.14 4.14 4.14 4.14 4.14 4.38 4.38 4.38 4.38 4.38 4.38 4.38 4.38 4.38 4.38 4.38 4.38 4.38 4.38 4.38 4.38 4.38 4.38 4.38 4.38 4.38 4.38 4.38 4.38 4.38 4.38 4.38 4.38 4.38 4.38 4.38 4.38 4.38 4.38 4.38 4.38 4.38 4.38 4.38 4.38 4.38 4.38 4.38 4.38 4.38 4.38 4.38 4.38 4.38 4.38 4.38 4.38 4.38 4.38 4.38 4.38 4.38 4.38 4.38 4.38 4.92 4.92 4.92 4.92 4.92 4.92 4.92 4.92 4.92 4.92 4.92 4.92 4.92 4.92 4.92 4.92 4.92 4.92 4.92 4.92 4.92 4.92 4.92 4.92 4.92 4.92 4.92 4.92 4.92 
4.14 4.14 4.14 4.14 4.14 4.14 4.14 4.14 4.14 4.14 4.14 4.38 4.38 4.38 4.38 4.38 4.38 4.38 4.38 4.38 4.38 4.38 4.38 4.38 4.38 4.38 4.38 4.38 4.38 4.38 4.38 4.38 4.38 4.38 4.38 4.38 4.38 4.38 4.38 4.38 4.38 4.38 4.38 4.38 4.38 4.38 4.38 4.38 4.38 4.38 4.38 4.38 4.38 4.38 4.38 4.38 4.38 4.38 4.38 4.38 4.38 4.38 4.38 4.38 4.38 4.38 4.38 4.38 4.38 4.38 4.38 4.92 4.92 4.92 4.92 4.92 4.92 4.92 4.92 4.92 4.92 4.92 4.92 4.92 4.92 4.92 4.92 4.92 4.92 4.92 4.92 4.92 4.92 4.92 4.92 4.92 4.92 4.92 4.92 4.92 
4.14 4.14 4.14 4.14 4.14 4.14 4.14 4.14 4.14 4.14 4.14 4.38 4.38 4.38 4.38 4.38 4.38 4.38 4.38 4.38 4.38 4.38 4.38 4.38 4.38 4.38 4.38 4.38 4.38 4.38 4.38 4.38 4.38 4.38 4.38 4.38 4.38 4.38 4.38 4.38 4.38 4.38 4.38 4.38 4.38 4.38 4.38 4.38 4.38 4.38 4.38 4.38 4.38 4.38 4.38 4.38 4.38 4.38 4.38 4.38 4.38 4.38 4.38 4.38 4.38 4.38 4.38 4.38 4.38 4.38 4.38 4.92 4.92 4.92 4.92 4.92 4.92 4.92 4.92 4.92 4.92 4.92 4.92 4.92 4.92 4.92 4.92 4.92 4.92 4.92 4.92 4.92 4.92 4.92 4.92 4.92 4.92 4.92 4.92 4.92 
4.14 4.14 4.14 4.14 4.14 4.14 4.14 4.14 4.14 4.14 4.14 4.38 4.38 4.38 4.38 4.38 4.38 4.38 4.38 4.38 4.38 4.38 4.38 4.38 4.38 4.38 4.38 4.38 4.38 4.38 4.38 4.38 4.38 4.38 4.38 4.38 4.38 4.38 4.38 4.38 4.38 4.38 4.38 4.38 4.38 4.38 4.38 4.38 4.38 4.38 4.38 4.38 4.38 4.38 4.38 4.38 4.38 4.38 4.38 4.38 4.38 4.38 4.38 4.38 4.38 4.38 4.38 4.38 4.38 4.38 4.38 4.92 4.92 4.92 4.92 4.92 4.92 4.92 4.92 4.92 4.92 4.92 4.92 4.92 4.92 4.92 4.92 4.92 4.92 4.92 4.92 4.92 4.92 4.92 4.92 4.92 4.92 4.92 4.92 4.92 
4.14 4.14 4.14 4.14 4.14 4.14 4.14 4.14 4.14 4.14 4.14 4.38 4.38 4.38 4.38 4.38 4.38 4.38 4.38 4.38 4.38 4.38 4.38 4.38 4.38 4.38 4.38 4.38 4.38 4.38 4.38 4.38 4.38 4.38 4.38 4.38 4.38 4.38 4.38 4.38 4.38 4.38 4.38 4.38 4.38 4.38 4.38 4.38 4.38 4.38 4.38 4.38 4.38 4.38 4.38 4.38 4.38 4.38 4.38 4.38 4.38 4.38 4.38 4.38 4.38 4.38 4.38 4.38 4.38 4.38 4.38 4.92 4.92 4.92 4.92 4.92 4.92 4.92 4.92 4.92 4.92 4.92 4.92 4.92 4.92 4.92 4.92 4.92 4.92 4.92 4.92 4.92 4.92 4.92 4.92 4.92 4.92 4.92 4.92 4.92 
4.14 4.14 4.14 4.14 4.14 4.14 4.14 4.14 4.14 4.14 4.14 4.38 4.38 4.38 4.38 4.38 4.38 4.38 4.38 4.38 4.38 4.38 4.38 4.38 4.38 4.38 4.38 4.38 4.38 4.38 4.38 4.38 4.38 4.38 4.38 4.38 4.38 4.38 4.38 4.38 4.38 4.38 4.38 4.38 4.38 4.38 4.38 4.38 4.38 4.38 4.38 4.38 4.38 4.38 4.38 4.38 4.38 4.38 4.38 4.38 4.38 4.38 4.38 4.38 4.38 4.38 4.38 4.38 4.38 4.38 4.38 4.92 4.92 4.92 4.92 4.92 4.92 4.92 4.92 4.92 4.92 4.92 4.92 4.92 4.92 4.92 4.92 4.92 4.92 4.92 4.92 4.92 4.92 4.92 4.92 4.92 4.92 4.92 4.92 4.92 
4.14 4.14 4.14 4.14 4.14 4.14 4.14 4.14 4.14 4.14 4.14 4.38 4.38 4.38 4.38 4.38 4.38 4.38 4.38 4.38 4.38 4.38 4.38 4.38 4.38 4.38 4.38 4.38 4.38 4.38 4.38 4.38 4.38 4.38 4.38 4.38 4.38 4.38 4.38 4.38 4.38 4.38 4.38 4.38 4.38 4.38 4.38 4.38 4.38 4.38 4.38 4.38 4.38 4.38 4.38 4.38 4.38 4.38 4.38 4.38 4.38 4.38 4.38 4.38 4.38 4.38 4.38 4.38 4.38 4.38 4.38 4.92 4.92 4.92 4.92 4.92 4.92 4.92 4.92 4.92 4.92 4.92 4.92 4.92 4.92 4.92 4.92 4.92 4.92 4.92 4.92 4.92 4.92 4.92 4.92 4.92 4.92 4.92 4.92 4.92 
4.14 4.14 4.14 4.14 4.14 4.14 4.14 4.14 4.14 4.14 4.14 4.38 4.38 4.38 4.38 4.38 4.38 4.38 4.38 4.38 4.38 4.38 4.38 4.38 4.38 4.38 4.38 4.38 4.38 4.38 4.38 4.38 4.38 4.38 4.38 4.38 4.38 4.38 4.38 4.38 4.38 4.38 4.38 4.38 4.38 4.38 4.38 4.38 4.38 4.38 4.38 4.38 4.38 4.38 4.38 4.38 4.38 4.38 4.38 4.38 4.38 4.38 4.38 4.38 4.38 4.38 4.38 4.38 4.38 4.38 4.38 4.92 4.92 4.92 4.92 4.92 4.92 4.92 4.92 4.92 4.92 4.92 4.92 4.92 4.92 4.92 4.92 4.92 4.92 4.92 4.92 4.92 4.92 4.92 4.92 4.92 4.92 4.92 4.92 4.92 
4.14 4.14 4.14 4.14 4.14 4.14 4.14 4.14 4.14 4.14 4.14 4.38 4.38 4.38 4.38 4.38 4.38 4.38 4.38 4.38 4.38 4.38 4.38 4.38 4.38 4.38 4.38 4.38 4.38 4.38 4.38 4.38 4.38 4.38 4.38 4.38 4.38 4.38 4.38 4.38 4.38 4.38 4.38 4.38 4.38 4.38 4.38 4.38 4.38 4.38 4.38 4.38 4.38 4.38 4.38 4.38 4.38 4.38 4.38 4.38 4.38 4.38 4.38 4.38 4.38 4.38 4.38 4.38 4.38 4.38 4.38 4.92 4.92 4.92 4.92 4.92 4.92 4.92 4.92 4.92 4.92 4.92 4.92 4.92 4.92 4.92 4.92 4.92 4.92 4.92 4.92 4.92 4.92 4.92 4.92 4.92 4.92 4.92 4.92 4.92 
4.14 4.14 4.14 4.14 4.14 4.14 4.14 4.14 4.14 4.14 4.14 4.38 4.38 4.38 4.38 4.38 4.38 4.38 4.38 4.38 4.38 4.38 4.38 4.38 4.38 4.38 4.38 4.38 4.38 4.38 4.38 4.38 4.38 4.38 4.38 4.38 4.38 4.38 4.38 4.38 4.38 4.38 4.38 4.38 4.38 4.38 4.38 4.38 4.38 4.38 4.38 4.38 4.38 4.38 4.38 4.38 4.38 4.38 4.38 4.38 4.38 4.38 4.38 4.38 4.38 4.38 4.38 4.38 4.38 4.38 4.38 4.92 4.92 4.92 4.92 4.92 4.92 4.92 4.92 4.92 4.92 4.92 4.92 4.92 4.92 4.92 4.92 4.92 4.92 4.92 4.92 4.92 4.92 4.92 4.92 4.92 4.92 4.92 4.92 4.92 
7.44 7.44 7.44 7.44 7.44 7.44 7.44 7.44 7.44 7.44 7.44 7.62 7.62 7.62 7.62 7.62 7.62 7.62 7.62 7.62 7.62 7.62 7.62 7.62 7.62 7.62 7.62 7.62 7.62 7.62 7.62 7.62 7.62 7.62 7.62 7.62 7.62 7.62 7.62 7.62 7.62 7.62 7.62 7.62 7.62 7.62 7.62 7.62 7.62 7.62 7.62 7.62 7.62 7.62 7.62 7.62 7.62 7.62 7.62 7.62 7.62 7.62 7.62 7.62 7.62 7.62 7.62 7.62 7.62 7.62 7.62 7.54 7.54 7.54 7.54 7.54 7.54 7.54 7.54 7.54 7.54 7.54 7.54 7.54 7.54 7.54 7.54 7.54 7.54 7.54 7.54 7.54 7.54 7.54 7.54 7.54 7.54 7.54 7.54 7.54 
7.44 7.44 7.44 7.44 7.44 7.44 7.44 7.44 7.44 7.44 7.44 7.62 7.62 7.62 7.62 7.62 7.62 7.62 7.62 7.62 7.62 7.62 7.62 7.62 7.62 7.62 7.62 7.62 7.62 7.62 7.62 7.62 7.62 7.62 7.62 7.62 7.62 7.62 7.62 7.62 7.62 7.62 7.62 7.62 7.62 7.62 7.62 7.62 7.62 7.62 7.62 7.62 7.62 7.62 7.62 7.62 7.62 7.62 7.62 7.62 7.62 7.62 7.62 7.62 7.62 7.62 7.62 7.62 7.62 7.62 7.62 7.54 7.54 7.54 7.54 7.54 7.54 7.54 7.54 7.54 7.54 7.54 7.54 7.54 7.54 7.54 7.54 7.54 7.54 7.54 7.54 7.54 7.54 7.54 7.54 7.54 7.54 7.54 7.54 7.54 
7.44 7.44 7.44 7.44 7.44 7.44 7.44 7.44 7.44 7.44 7.44 7.62 7.62 7.62 7.62 7.62 7.62 7.62 7.62 7.62 7.62 7.62 7.62 7.62 7.62 7.62 7.62 7.62 7.62 7.62 7.62 7.62 7.62 7.62 7.62 7.62 7.62 7.62 7.62 7.62 7.62 7.62 7.62 7.62 7.62 7.62 7.62 7.62 7.62 7.62 7.62 7.62 7.62 7.62 7.62 7.62 7.62 7.62 7.62 7.62 7.62 7.62 7.62 7.62 7.62 7.62 7.62 7.62 7.62 7.62 7.62 7.54 7.54 7.54 7.54 7.54 7.54 7.54 7.54 7.54 7.54 7.54 7.54 7.54 7.54 7.54 7.54 7.54 7.54 7.54 7.54 7.54 7.54 7.54 7.54 7.54 7.54 7.54 7.54 7.54 
7.44 7.44 7.44 7.44 7.44 7.44 7.44 7.44 7.44 7.44 7.44 7.62 7.62 7.62 7.62 7.62 7.62 7.62 7.62 7.62 7.62 7.62 7.62 7.62 7.62 7.62 7.62 7.62 7.62 7.62 7.62 7.62 7.62 7.62 7.62 7.62 7.62 7.62 7.62 7.62 7.62 7.62 7.62 7.62 7.62 7.62 7.62 7.62 7.62 7.62 7.62 7.62 7.62 7.62 7.62 7.62 7.62 7.62 7.62 7.62 7.62 7.62 7.62 7.62 7.62 7.62 7.62 7.62 7.62 7.62 7.62 7.54 7.54 7.54 7.54 7.54 7.54 7.54 7.54 7.54 7.54 7.54 7.54 7.54 7.54 7.54 7.54 7.54 7.54 7.54 7.54 7.54 7.54 7.54 7.54 7.54 7.54 7.54 7.54 7.54 
7.44 7.44 7.44 7.44 7.44 7.44 7.44 7.44 7.44 7.44 7.44 7.62 7.62 7.62 7.62 7.62 7.62 7.62 7.62 7.62 7.62 7.62 7.62 7.62 7.62 7.62 7.62 7.62 7.62 7.62 7.62 7.62 7.62 7.62 7.62 7.62 7.62 7.62 7.62 7.62 7.62 7.62 7.62 7.62 7.62 7.62 7.62 7.62 7.62 7.62 7.62 7.62 7.62 7.62 7.62 7.62 7.62 7.62 7.62 7.62 7.62 7.62 7.62 7.62 7.62 7.62 7.62 7.62 7.62 7.62 7.62 7.54 7.54 7.54 7.54 7.54 7.54 7.54 7.54 7.54 7.54 7.54 7.54 7.54 7.54 7.54 7.54 7.54 7.54 7.54 7.54 7.54 7.54 7.54 7.54 7.54 7.54 7.54 7.54 7.54 
7.44 7.44 7.44 7.44 7.44 7.44 7.44 7.44 7.44 7.44 7.44 7.62 7.62 7.62 7.62 7.62 7.62 7.62 7.62 7.62 7.62 7.62 7.62 7.62 7.62 7.62 7.62 7.62 7.62 7.62 7.62 7.62 7.62 7.62 7.62 7.62 7.62 7.62 7.62 7.62 7.62 7.62 7.62 7.62 7.62 7.62 7.62 7.62 7.62 7.62 7.62 7.62 7.62 7.62 7.62 7.62 7.62 7.62 7.62 7.62 7.62 7.62 7.62 7.62 7.62 7.62 7.62 7.62 7.62 7.62 7.62 7.54 7.54 7.54 7.54 7.54 7.54 7.54 7.54 7.54 7.54 7.54 7.54 7.54 7.54 7.54 7.54 7.54 7.54 7.54 7.54 7.54 7.54 7.54 7.54 7.54 7.54 7.54 7.54 7.54 
7.44 7.44 7.44 7.44 7.44 7.44 7.44 7.44 7.44 7.44 7.44 7.62 7.62 7.62 7.62 7.62 7.62 7.62 7.62 7.62 7.62 7.62 7.62 7.62 7.62 7.62 7.62 7.62 7.62 7.62 7.62 7.62 7.62 7.62 7.62 7.62 7.62 7.62 7.62 7.62 7.62 7.62 7.62 7.62 7.62 7.62 7.62 7.62 7.62 7.62 7.62 7.62 7.62 7.62 7.62 7.62 7.62 7.62 7.62 7.62 7.62 7.62 7.62 7.62 7.62 7.62 7.62 7.62 7.62 7.62 7.62 7.54 7.54 7.54 7.54 7.54 7.54 7.54 7.54 7.54 7.54 7.54 7.54 7.54 7.54 7.54 7.54 7.54 7.54 7.54 7.54 7.54 7.54 7.54 7.54 7.54 7.54 7.54 7.54 7.54 
7.44 7.44 7.44 7.44 7.44 7.44 7.44 7.44 7.44 7.44 7.44 7.62 7.62 7.62 7.62 7.62 7.62 7.62 7.62 7.62 7.62 7.62 7.62 7.62 7.62 7.62 7.62 7.62 7.62 7.62 7.62 7.62 7.62 7.62 7.62 7.62 7.62 7.62 7.62 7.62 7.62 7.62 7.62 7.62 7.62 7.62 7.62 7.62 7.62 7.62 7.62 7.62 7.62 7.62 7.62 7.62 7.62 7.62 7.62 7.62 7.62 7.62 7.62 7.62 7.62 7.62 7.62 7.62 7.62 7.62 7.62 7.54 7.54 7.54 7.54 7.54 7.54 7.54 7.54 7.54 7.54 7.54 7.54 7.54 7.54 7.54 7.54 7.54 7.54 7.54 7.54 7.54 7.54 7.54 7.54 7.54 7.54 7.54 7.54 7.54 
7.44 7.44 7.44 7.44 7.44 7.44 7.44 7.44 7.44 7.44 7.44 7.62 7.62 7.62 7.62 7.62 7.62 7.62 7.62 7.62 7.62 7.62 7.62 7.62 7.62 7.62 7.62 7.62 7.62 7.62 7.62 7.62 7.62 7.62 7.62 7.62 7.62 7.62 7.62 7.62 7.62 7.62 7.62 7.62 7.62 7.62 7.62 7.62 7.62 7.62 7.62 7.62 7.62 7.62 7.62 7.62 7.62 7.62 7.62 7.62 7.62 7.62 7.62 7.62 7.62 7.62 7.62 7.62 7.62 7.62 7.62 7.54 7.54 7.54 7.54 7.54 7.54 7.54 7.54 7.54 7.54 7.54 7.54 7.54 7.54 7.54 7.54 7.54 7.54 7.54 7.54 7.54 7.54 7.54 7.54 7.54 7.54 7.54 7.54 7.54 
7.44 7.44 7.44 7.44 7.44 7.44 7.44 7.44 7.44 7.44 7.44 7.62 7.62 7.62 7.62 7.62 7.62 7.62 7.62 7.62 7.62 7.62 7.62 7.62 7.62 7.62 7.62 7.62 7.62 7.62 7.62 7.62 7.62 7.62 7.62 7.62 7.62 7.62 7.62 7.62 7.62 7.62 7.62 7.62 7.62 7.62 7.62 7.62 7.62 7.62 7.62 7.62 7.62 7.62 7.62 7.62 7.62 7.62 7.62 7.62 7.62 7.62 7.62 7.62 7.62 7.62 7.62 7.62 7.62 7.62 7.62 7.54 7.54 7.54 7.54 7.54 7.54 7.54 7.54 7.54 7.54 7.54 7.54 7.54 7.54 7.54 7.54 7.54 7.54 7.54 7.54 7.54 7.54 7.54 7.54 7.54 7.54 7.54 7.54 7.54 
7.44 7.44 7.44 7.44 7.44 7.44 7.44 7.44 7.44 7.44 7.44 7.62 7.62 7.62 7.62 7.62 7.62 7.62 7.62 7.62 7.62 7.62 7.62 7.62 7.62 7.62 7.62 7.62 7.62 7.62 7.62 7.62 7.62 7.62 7.62 7.62 7.62 7.62 7.62 7.62 7.62 7.62 7.62 7.62 7.62 7.62 7.62 7.62 7.62 7.62 7.62 7.62 7.62 7.62 7.62 7.62 7.62 7.62 7.62 7.62 7.62 7.62 7.62 7.62 7.62 7.62 7.62 7.62 7.62 7.62 7.62 7.54 7.54 7.54 7.54 7.54 7.54 7.54 7.54 7.54 7.54 7.54 7.54 7.54 7.54 7.54 7.54 7.54 7.54 7.54 7.54 7.54 7.54 7.54 7.54 7.54 7.54 7.54 7.54 7.54 
7.44 7.44 7.44 7.44 7.44 7.44 7.44 7.44 7.44 7.44 7.44 7.62 7.62 7.62 7.62 7.62 7.62 7.62 7.62 7.62 7.62 7.62 7.62 7.62 7.62 7.62 7.62 7.62 7.62 7.62 7.62 7.62 7.62 7.62 7.62 7.62 7.62 7.62 7.62 7.62 7.62 7.62 7.62 7.62 7.62 7.62 7.62 7.62 7.62 7.62 7.62 7.62 7.62 7.62 7.62 7.62 7.62 7.62 7.62 7.62 7.62 7.62 7.62 7.62 7.62 7.62 7.62 7.62 7.62 7.62 7.62 7.54 7.54 7.54 7.54 7.54 7.54 7.54 7.54 7.54 7.54 7.54 7.54 7.54 7.54 7.54 7.54 7.54 7.54 7.54 7.54 7.54 7.54 7.54 7.54 7.54 7.54 7.54 7.54 7.54 
7.44 7.44 7.44 7.44 7.44 7.44 7.44 7.44 7.44 7.44 7.44 7.62 7.62 7.62 7.62 7.62 7.62 7.62 7.62 7.62 7.62 7.62 7.62 7.62 7.62 7.62 7.62 7.62 7.62 7.62 7.62 7.62 7.62 7.62 7.62 7.62 7.62 7.62 7.62 7.62 7.62 7.62 7.62 7.62 7.62 7.62 7.62 7.62 7.62 7.62 7.62 7.62 7.62 7.62 7.62 7.62 7.62 7.62 7.62 7.62 7.62 7.62 7.62 7.62 7.62 7.62 7.62 7.62 7.62 7.62 7.62 7.54 7.54 7.54 7.54 7.54 7.54 7.54 7.54 7.54 7.54 7.54 7.54 7.54 7.54 7.54 7.54 7.54 7.54 7.54 7.54 7.54 7.54 7.54 7.54 7.54 7.54 7.54 7.54 7.54 
7.44 7.44 7.44 7.44 7.44 7.44 7.44 7.44 7.44 7.44 7.44 7.62 7.62 7.62 7.62 7.62 7.62 7.62 7.62 7.62 7.62 7.62 7.62 7.62 7.62 7.62 7.62 7.62 7.62 7.62 7.62 7.62 7.62 7.62 7.62 7.62 7.62 7.62 7.62 7.62 7.62 7.62 7.62 7.62 7.62 7.62 7.62 7.62 7.62 7.62 7.62 7.62 7.62 7.62 7.62 7.62 7.62 7.62 7.62 7.62 7.62 7.62 7.62 7.62 7.62 7.62 7.62 7.62 7.62 7.62 7.62 7.54 7.54 7.54 7.54 7.54 7.54 7.54 7.54 7.54 7.54 7.54 7.54 7.54 7.54 7.54 7.54 7.54 7.54 7.54 7.54 7.54 7.54 7.54 7.54 7.54 7.54 7.54 7.54 7.54 
7.44 7.44 7.44 7.44 7.44 7.44 7.44 7.44 7.44 7.44 7.44 7.62 7.62 7.62 7.62 7.62 7.62 7.62 7.62 7.62 7.62 7.62 7.62 7.62 7.62 7.62 7.62 7.62 7.62 7.62 7.62 7.62 7.62 7.62 7.62 7.62 7.62 7.62 7.62 7.62 7.62 7.62 7.62 7.62 7.62 7.62 7.62 7.62 7.62 7.62 7.62 7.62 7.62 7.62 7.62 7.62 7.62 7.62 7.62 7.62 7.62 7.62 7.62 7.62 7.62 7.62 7.62 7.62 7.62 7.62 7.62 7.54 7.54 7.54 7.54 7.54 7.54 7.54 7.54 7.54 7.54 7.54 7.54 7.54 7.54 7.54 7.54 7.54 7.54 7.54 7.54 7.54 7.54 7.54 7.54 7.54 7.54 7.54 7.54 7.54 
7.44 7.44 7.44 7.44 7.44 7.44 7.44 7.44 7.44 7.44 7.44 7.62 7.62 7.62 7.62 7.62 7.62 7.62 7.62 7.62 7.62 7.62 7.62 7.62 7.62 7.62 7.62 7.62 7.62 7.62 7.62 7.62 7.62 7.62 7.62 7.62 7.62 7.62 7.62 7.62 7.62 7.62 7.62 7.62 7.62 7.62 7.62 7.62 7.62 7.62 7.62 7.62 7.62 7.62 7.62 7.62 7.62 7.62 7.62 7.62 7.62 7.62 7.62 7.62 7.62 7.62 7.62 7.62 7.62 7.62 7.62 7.54 7.54 7.54 7.54 7.54 7.54 7.54 7.54 7.54 7.54 7.54 7.54 7.54 7.54 7.54 7.54 7.54 7.54 7.54 7.54 7.54 7.54 7.54 7.54 7.54 7.54 7.54 7.54 7.54 
7.44 7.44 7.44 7.44 7.44 7.44 7.44 7.44 7.44 7.44 7.44 7.62 7.62 7.62 7.62 7.62 7.62 7.62 7.62 7.62 7.62 7.62 7.62 7.62 7.62 7.62 7.62 7.62 7.62 7.62 7.62 7.62 7.62 7.62 7.62 7.62 7.62 7.62 7.62 7.62 7.62 7.62 7.62 7.62 7.62 7.62 7.62 7.62 7.62 7.62 7.62 7.62 7.62 7.62 7.62 7.62 7.62 7.62 7.62 7.62 7.62 7.62 7.62 7.62 7.62 7.62 7.62 7.62 7.62 7.62 7.62 7.54 7.54 7.54 7.54 7.54 7.54 7.54 7.54 7.54 7.54 7.54 7.54 7.54 7.54 7.54 7.54 7.54 7.54 7.54 7.54 7.54 7.54 7.54 7.54 7.54 7.54 7.54 7.54 7.54 
7.44 7.44 7.44 7.44 7.44 7.44 7.44 7.44 7.44 7.44 7.44 7.62 7.62 7.62 7.62 7.62 7.62 7.62 7.62 7.62 7.62 7.62 7.62 7.62 7.62 7.62 7.62 7.62 7.62 7.62 7.62 7.62 7.62 7.62 7.62 7.62 7.62 7.62 7.62 7.62 7.62 7.62 7.62 7.62 7.62 7.62 7.62 7.62 7.62 7.62 7.62 7.62 7.62 7.62 7.62 7.62 7.62 7.62 7.62 7.62 7.62 7.62 7.62 7.62 7.62 7.62 7.62 7.62 7.62 7.62 7.62 7.54 7.54 7.54 7.54 7.54 7.54 7.54 7.54 7.54 7.54 7.54 7.54 7.54 7.54 7.54 7.54 7.54 7.54 7.54 7.54 7.54 7.54 7.54 7.54 7.54 7.54 7.54 7.54 7.54 
7.44 7.44 7.44 7.44 7.44 7.44 7.44 7.44 7.44 7.44 7.44 7.62 7.62 7.62 7.62 7.62 7.62 7.62 7.62 7.62 7.62 7.62 7.62 7.62 7.62 7.62 7.62 7.62 7.62 7.62 7.62 7.62 7.62 7.62 7.62 7.62 7.62 7.62 7.62 7.62 7.62 7.62 7.62 7.62 7.62 7.62 7.62 7.62 7.62 7.62 7.62 7.62 7.62 7.62 7.62 7.62 7.62 7.62 7.62 7.62 7.62 7.62 7.62 7.62 7.62 7.62 7.62 7.62 7.62 7.62 7.62 7.54 7.54 7.54 7.54 7.54 7.54 7.54 7.54 7.54 7.54 7.54 7.54 7.54 7.54 7.54 7.54 7.54 7.54 7.54 7.54 7.54 7.54 7.54 7.54 7.54 7.54 7.54 7.54 7.54 
7.44 7.44 7.44 7.44 7.44 7.44 7.44 7.44 7.44 7.44 7.44 7.62 7.62 7.62 7.62 7.62 7.62 7.62 7.62 7.62 7.62 7.62 7.62 7.62 7.62 7.62 7.62 7.62 7.62 7.62 7.62 7.62 7.62 7.62 7.62 7.62 7.62 7.62 7.62 7.62 7.62 7.62 7.62 7.62 7.62 7.62 7.62 7.62 7.62 7.62 7.62 7.62 7.62 7.62 7.62 7.62 7.62 7.62 7.62 7.62 7.62 7.62 7.62 7.62 7.62 7.62 7.62 7.62 7.62 7.62 7.62 7.54 7.54 7.54 7.54 7.54 7.54 7.54 7.54 7.54 7.54 7.54 7.54 7.54 7.54 7.54 7.54 7.54 7.54 7.54 7.54 7.54 7.54 7.54 7.54 7.54 7.54 7.54 7.54 7.54 
7.44 7.44 7.44 7.44 7.44 7.44 7.44 7.44 7.44 7.44 7.44 7.62 7.62 7.62 7.62 7.62 7.62 7.62 7.62 7.62 7.62 7.62 7.62 7.62 7.62 7.62 7.62 7.62 7.62 7.62 7.62 7.62 7.62 7.62 7.62 7.62 7.62 7.62 7.62 7.62 7.62 7.62 7.62 7.62 7.62 7.62 7.62 7.62 7.62 7.62 7.62 7.62 7.62 7.62 7.62 7.62 7.62 7.62 7.62 7.62 7.62 7.62 7.62 7.62 7.62 7.62 7.62 7.62 7.62 7.62 7.62 7.54 7.54 7.54 7.54 7.54 7.54 7.54 7.54 7.54 7.54 7.54 7.54 7.54 7.54 7.54 7.54 7.54 7.54 7.54 7.54 7.54 7.54 7.54 7.54 7.54 7.54 7.54 7.54 7.54 
7.44 7.44 7.44 7.44 7.44 7.44 7.44 7.44 7.44 7.44 7.44 7.62 7.62 7.62 7.62 7.62 7.62 7.62 7.62 7.62 7.62 7.62 7.62 7.62 7.62 7.62 7.62 7.62 7.62 7.62 7.62 7.62 7.62 7.62 7.62 7.62 7.62 7.62 7.62 7.62 7.62 7.62 7.62 7.62 7.62 7.62 7.62 7.62 7.62 7.62 7.62 7.62 7.62 7.62 7.62 7.62 7.62 7.62 7.62 7.62 7.62 7.62 7.62 7.62 7.62 7.62 7.62 7.62 7.62 7.62 7.62 7.54 7.54 7.54 7.54 7.54 7.54 7.54 7.54 7.54 7.54 7.54 7.54 7.54 7.54 7.54 7.54 7.54 7.54 7.54 7.54 7.54 7.54 7.54 7.54 7.54 7.54 7.54 7.54 7.54 
7.44 7.44 7.44 7.44 7.44 7.44 7.44 7.44 7.44 7.44 7.44 7.62 7.62 7.62 7.62 7.62 7.62 7.62 7.62 7.62 7.62 7.62 7.62 7.62 7.62 7.62 7.62 7.62 7.62 7.62 7.62 7.62 7.62 7.62 7.62 7.62 7.62 7.62 7.62 7.62 7.62 7.62 7.62 7.62 7.62 7.62 7.62 7.62 7.62 7.62 7.62 7.62 7.62 7.62 7.62 7.62 7.62 7.62 7.62 7.62 7.62 7.62 7.62 7.62 7.62 7.62 7.62 7.62 7.62 7.62 7.62 7.54 7.54 7.54 7.54 7.54 7.54 7.54 7.54 7.54 7.54 7.54 7.54 7.54 7.54 7.54 7.54 7.54 7.54 7.54 7.54 7.54 7.54 7.54 7.54 7.54 7.54 7.54 7.54 7.54 
7.44 7.44 7.44 7.44 7.44 7.44 7.44 7.44 7.44 7.44 7.44 7.62 7.62 7.62 7.62 7.62 7.62 7.62 7.62 7.62 7.62 7.62 7.62 7.62 7.62 7.62 7.62 7.62 7.62 7.62 7.62 7.62 7.62 7.62 7.62 7.62 7.62 7.62 7.62 7.62 7.62 7.62 7.62 7.62 7.62 7.62 7.62 7.62 7.62 7.62 7.62 7.62 7.62 7.62 7.62 7.62 7.62 7.62 7.62 7.62 7.62 7.62 7.62 7.62 7.62 7.62 7.62 7.62 7.62 7.62 7.62 7.54 7.54 7.54 7.54 7.54 7.54 7.54 7.54 7.54 7.54 7.54 7.54 7.54 7.54 7.54 7.54 7.54 7.54 7.54 7.54 7.54 7.54 7.54 7.54 7.54 7.54 7.54 7.54 7.54 
7.44 7.44 7.44 7.44 7.44 7.44 7.44 7.44 7.44 7.44 7.44 7.62 7.62 7.62 7.62 7.62 7.62 7.62 7.62 7.62 7.62 7.62 7.62 7.62 7.62 7.62 7.62 7.62 7.62 7.62 7.62 7.62 7.62 7.62 7.62 7.62 7.62 7.62 7.62 7.62 7.62 7.62 7.62 7.62 7.62 7.62 7.62 7.62 7.62 7.62 7.62 7.62 7.62 7.62 7.62 7.62 7.62 7.62 7.62 7.62 7.62 7.62 7.62 7.62 7.62 7.62 7.62 7.62 7.62 7.62 7.62 7.54 7.54 7.54 7.54 7.54 7.54 7.54 7.54 7.54 7.54 7.54 7.54 7.54 7.54 7.54 7.54 7.54 7.54 7.54 7.54 7.54 7.54 7.54 7.54 7.54 7.54 7.54 7.54 7.54 
7.44 7.44 7.44 7.44 7.44 7.44 7.44 7.44 7.44 7.44 7.44 7.62 7.62 7.62 7.62 7.62 7.62 7.62 7.62 7.62 7.62 7.62 7.62 7.62 7.62 7.62 7.62 7.62 7.62 7.62 7.62 7.62 7.62 7.62 7.62 7.62 7.62 7.62 7.62 7.62 7.62 7.62 7.62 7.62 7.62 7.62 7.62 7.62 7.62 7.62 7.62 7.62 7.62 7.62 7.62 7.62 7.62 7.62 7.62 7.62 7.62 7.62 7.62 7.62 7.62 7.62 7.62 7.62 7.62 7.62 7.62 7.54 7.54 7.54 7.54 7.54 7.54 7.54 7.54 7.54 7.54 7.54 7.54 7.54 7.54 7.54 7.54 7.54 7.54 7.54 7.54 7.54 7.54 7.54 7.54 7.54 7.54 7.54 7.54 7.54 
7.44 7.44 7.44 7.44 7.44 7.44 7.44 7.44 7.44 7.44 7.44 7.62 7.62 7.62 7.62 7.62 7.62 7.62 7.62 7.62 7.62 7.62 7.62 7.62 7.62 7.62 7.62 7.62 7.62 7.62 7.62 7.62 7.62 7.62 7.62 7.62 7.62 7.62 7.62 7.62 7.62 7.62 7.62 7.62 7.62 7.62 7.62 7.62 7.62 7.62 7.62 7.62 7.62 7.62 7.62 7.62 7.62 7.62 7.62 7.62 7.62 7.62 7.62 7.62 7.62 7.62 7.62 7.62 7.62 7.62 7.62 7.54 7.54 7.54 7.54 7.54 7.54 7.54 7.54 7.54 7.54 7.54 7.54 7.54 7.54 7.54 7.54 7.54 7.54 7.54 7.54 7.54 7.54 7.54 7.54 7.54 7.54 7.54 7.54 7.54 
7.44 7.44 7.44 7.44 7.44 7.44 7.44 7.44 7.44 7.44 7.44 7.62 7.62 7.62 7.62 7.62 7.62 7.62 7.62 7.62 7.62 7.62 7.62 7.62 7.62 7.62 7.62 7.62 7.62 7.62 7.62 7.62 7.62 7.62 7.62 7.62 7.62 7.62 7.62 7.62 7.62 7.62 7.62 7.62 7.62 7.62 7.62 7.62 7.62 7.62 7.62 7.62 7.62 7.62 7.62 7.62 7.62 7.62 7.62 7.62 7.62 7.62 7.62 7.62 7.62 7.62 7.62 7.62 7.62 7.62 7.62 7.54 7.54 7.54 7.54 7.54 7.54 7.54 7.54 7.54 7.54 7.54 7.54 7.54 7.54 7.54 7.54 7.54 7.54 7.54 7.54 7.54 7.54 7.54 7.54 7.54 7.54 7.54 7.54 7.54 
7.44 7.44 7.44 7.44 7.44 7.44 7.44 7.44 7.44 7.44 7.44 7.62 7.62 7.62 7.62 7.62 7.62 7.62 7.62 7.62 7.62 7.62 7.62 7.62 7.62 7.62 7.62 7.62 7.62 7.62 7.62 7.62 7.62 7.62 7.62 7.62 7.62 7.62 7.62 7.62 7.62 7.62 7.62 7.62 7.62 7.62 7.62 7.62 7.62 7.62 7.62 7.62 7.62 7.62 7.62 7.62 7.62 7.62 7.62 7.62 7.62 7.62 7.62 7.62 7.62 7.62 7.62 7.62 7.62 7.62 7.62 7.54 7.54 7.54 7.54 7.54 7.54 7.54 7.54 7.54 7.54 7.54 7.54 7.54 7.54 7.54 7.54 7.54 7.54 7.54 7.54 7.54 7.54 7.54 7.54 7.54 7.54 7.54 7.54 7.54 
7.44 7.44 7.44 7.44 7.44 7.44 7.44 7.44 7.44 7.44 7.44 7.62 7.62 7.62 7.62 7.62 7.62 7.62 7.62 7.62 7.62 7.62 7.62 7.62 7.62 7.62 7.62 7.62 7.62 7.62 7.62 7.62 7.62 7.62 7.62 7.62 7.62 7.62 7.62 7.62 7.62 7.62 7.62 7.62 7.62 7.62 7.62 7.62 7.62 7.62 7.62 7.62 7.62 7.62 7.62 7.62 7.62 7.62 7.62 7.62 7.62 7.62 7.62 7.62 7.62 7.62 7.62 7.62 7.62 7.62 7.62 7.54 7.54 7.54 7.54 7.54 7.54 7.54 7.54 7.54 7.54 7.54 7.54 7.54 7.54 7.54 7.54 7.54 7.54 7.54 7.54 7.54 7.54 7.54 7.54 7.54 7.54 7.54 7.54 7.54 
7.44 7.44 7.44 7.44 7.44 7.44 7.44 7.44 7.44 7.44 7.44 7.62 7.62 7.62 7.62 7.62 7.62 7.62 7.62 7.62 7.62 7.62 7.62 7.62 7.62 7.62 7.62 7.62 7.62 7.62 7.62 7.62 7.62 7.62 7.62 7.62 7.62 7.62 7.62 7.62 7.62 7.62 7.62 7.62 7.62 7.62 7.62 7.62 7.62 7.62 7.62 7.62 7.62 7.62 7.62 7.62 7.62 7.62 7.62 7.62 7.62 7.62 7.62 7.62 7.62 7.62 7.62 7.62 7.62 7.62 7.62 7.54 7.54 7.54 7.54 7.54 7.54 7.54 7.54 7.54 7.54 7.54 7.54 7.54 7.54 7.54 7.54 7.54 7.54 7.54 7.54 7.54 7.54 7.54 7.54 7.54 7.54 7.54 7.54 7.54 
