ncols         100
nrows         100
xllcorner     -59982.863281
yllcorner     1851083.022172
cellsize      1000
NODATA_value  -9999
192.8 192.8 192.8 192.8 192.8 192.8 192.8 192.8 192.8 192.8 192.8 200.8 200.8 200.8 200.8 200.8 200.8 200.8 200.8 200.8 200.8 200.8 200.8 200.8 200.8 200.8 200.8 200.8 200.8 200.8 200.8 200.8 200.8 200.8 200.8 200.8 200.8 200.8 200.8 200.8 200.8 200.8 200.8 200.8 200.8 200.8 200.8 200.8 200.8 200.8 200.8 200.8 200.8 200.8 200.8 200.8 200.8 200.8 200.8 200.8 200.8 200.8 200.8 200.8 200.8 200.8 200.8 200.8 200.8 200.8 200.8 184 184 184 184 184 184 184 184 184 184 184 184 184 184 184 184 184 184 184 184 184 184 184 184 184 184 184 184 184 
192.8 192.8 192.8 192.8 192.8 192.8 192.8 192.8 192.8 192.8 192.8 200.8 200.8 200.8 200.8 200.8 200.8 200.8 200.8 200.8 200.8 200.8 200.8 200.8 200.8 200.8 200.8 200.8 200.8 200.8 200.8 200.8 200.8 200.8 200.8 200.8 200.8 200.8 200.8 200.8 200.8 200.8 200.8 200.8 200.8 200.8 200.8 200.8 200.8 200.8 200.8 200.8 200.8 200.8 200.8 200.8 200.8 200.8 200.8 200.8 200.8 200.8 200.8 200.8 200.8 200.8 200.8 200.8 200.8 200.8 200.8 184 184 184 184 184 184 184 184 184 184 184 184 184 184 184 184 184 184 184 184 184 184 184 184 184 184 184 184 184 
192.8 192.8 192.8 192.8 192.8 192.8 192.8 192.8 192.8 192.8 192.8 200.8 200.8 200.8 200.8 200.8 200.8 200.8 200.8 200.8 200.8 200.8 200.8 200.8 200.8 200.8 200.8 200.8 200.8 200.8 200.8 200.8 200.8 200.8 200.8 200.8 200.8 200.8 200.8 200.8 200.8 200.8 200.8 200.8 200.8 200.8 200.8 200.8 200.8 200.8 200.8 200.8 200.8 200.8 200.8 200.8 200.8 200.8 200.8 200.8 200.8 200.8 200.8 200.8 200.8 200.8 200.8 200.8 200.8 200.8 200.8 184 184 184 184 184 184 184 184 184 184 184 184 184 184 184 184 184 184 184 184 184 184 184 184 184 184 184 184 184 
192.8 192.8 192.8 192.8 192.8 192.8 192.8 192.8 192.8 192.8 192.8 200.8 200.8 200.8 200.8 200.8 200.8 200.8 200.8 200.8 200.8 200.8 200.8 200.8 200.8 200.8 200.8 200.8 200.8 200.8 200.8 200.8 200.8 200.8 200.8 200.8 200.8 200.8 200.8 200.8 200.8 200.8 200.8 200.8 200.8 200.8 200.8 200.8 200.8 200.8 200.8 200.8 200.8 200.8 200.8 200.8 200.8 200.8 200.8 200.8 200.8 200.8 200.8 200.8 200.8 200.8 200.8 200.8 200.8 200.8 200.8 184 184 184 184 184 184 184 184 184 184 184 184 184 184 184 184 184 184 184 184 184 184 184 184 184 184 184 184 184 
192.8 192.8 192.8 192.8 192.8 192.8 192.8 192.8 192.8 192.8 192.8 200.8 200.8 200.8 200.8 200.8 200.8 200.8 200.8 200.8 200.8 200.8 200.8 200.8 200.8 200.8 200.8 200.8 200.8 200.8 200.8 200.8 200.8 200.8 200.8 200.8 200.8 200.8 200.8 200.8 200.8 200.8 200.8 200.8 200.8 200.8 200.8 200.8 200.8 200.8 200.8 200.8 200.8 200.8 200.8 200.8 200.8 200.8 200.8 200.8 200.8 200.8 200.8 200.8 200.8 200.8 200.8 200.8 200.8 200.8 200.8 184 184 184 184 184 184 184 184 184 184 184 184 184 184 184 184 184 184 184 184 184 184 184 184 184 184 184 184 184 
192.8 192.8 192.8 192.8 192.8 192.8 192.8 192.8 192.8 192.8 192.8 200.8 200.8 200.8 200.8 200.8 200.8 200.8 200.8 200.8 200.8 200.8 200.8 200.8 200.8 200.8 200.8 200.8 200.8 200.8 200.8 200.8 200.8 200.8 200.8 200.8 200.8 200.8 200.8 200.8 200.8 200.8 200.8 200.8 200.8 200.8 200.8 200.8 200.8 200.8 200.8 200.8 200.8 200.8 200.8 200.8 200.8 200.8 200.8 200.8 200.8 200.8 200.8 200.8 200.8 200.8 200.8 200.8 200.8 200.8 200.8 184 184 184 184 184 184 184 184 184 184 184 184 184 184 184 184 184 184 184 184 184 184 184 184 184 184 184 184 184 
192.8 192.8 192.8 192.8 192.8 192.8 192.8 192.8 192.8 192.8 192.8 200.8 200.8 200.8 200.8 200.8 200.8 200.8 200.8 200.8 200.8 200.8 200.8 200.8 200.8 200.8 200.8 200.8 200.8 200.8 200.8 200.8 200.8 200.8 200.8 200.8 200.8 200.8 200.8 200.8 200.8 200.8 200.8 200.8 200.8 200.8 200.8 200.8 200.8 200.8 200.8 200.8 200.8 200.8 200.8 200.8 200.8 200.8 200.8 200.8 200.8 200.8 200.8 200.8 200.8 200.8 200.8 200.8 200.8 200.8 200.8 184 184 184 184 184 184 184 184 184 184 184 184 184 184 184 184 184 184 184 184 184 184 184 184 184 184 184 184 184 
192.8 192.8 192.8 192.8 192.8 192.8 192.8 192.8 192.8 192.8 192.8 200.8 200.8 200.8 200.8 200.8 200.8 200.8 200.8 200.8 200.8 200.8 200.8 200.8 200.8 200.8 200.8 200.8 200.8 200.8 200.8 200.8 200.8 200.8 200.8 200.8 200.8 200.8 200.8 200.8 200.8 200.8 200.8 200.8 200.8 200.8 200.8 200.8 200.8 200.8 200.8 200.8 200.8 200.8 200.8 200.8 200.8 200.8 200.8 200.8 200.8 200.8 200.8 200.8 200.8 200.8 200.8 200.8 200.8 200.8 200.8 184 184 184 184 184 184 184 184 184 184 184 184 184 184 184 184 184 184 184 184 184 184 184 184 184 184 184 184 184 
192.8 192.8 192.8 192.8 192.8 192.8 192.8 192.8 192.8 192.8 192.8 200.8 200.8 200.8 200.8 200.8 200.8 200.8 200.8 200.8 200.8 200.8 200.8 200.8 200.8 200.8 200.8 200.8 200.8 200.8 200.8 200.8 200.8 200.8 200.8 200.8 200.8 200.8 200.8 200.8 200.8 200.8 200.8 200.8 200.8 200.8 200.8 200.8 200.8 200.8 200.8 200.8 200.8 200.8 200.8 200.8 200.8 200.8 200.8 200.8 200.8 200.8 200.8 200.8 200.8 200.8 200.8 200.8 200.8 200.8 200.8 184 184 184 184 184 184 184 184 184 184 184 184 184 184 184 184 184 184 184 184 184 184 184 184 184 184 184 184 184 
207.8 207.8 207.8 207.8 207.8 207.8 207.8 207.8 207.8 207.8 207.8 219.6 219.6 219.6 219.6 219.6 219.6 219.6 219.6 219.6 219.6 219.6 219.6 219.6 219.6 219.6 219.6 219.6 219.6 219.6 219.6 219.6 219.6 219.6 219.6 219.6 219.6 219.6 219.6 219.6 219.6 219.6 219.6 219.6 219.6 219.6 219.6 219.6 219.6 219.6 219.6 219.6 219.6 219.6 219.6 219.6 219.6 219.6 219.6 219.6 219.6 219.6 219.6 219.6 219.6 219.6 219.6 219.6 219.6 219.6 219.6 203.9 203.9 203.9 203.9 203.9 203.9 203.9 203.9 203.9 203.9 203.9 203.9 203.9 203.9 203.9 203.9 203.9 203.9 203.9 203.9 203.9 203.9 203.9 203.9 203.9 203.9 203.9 203.9 203.9 
207.8 207.8 207.8 207.8 207.8 207.8 207.8 207.8 207.8 207.8 207.8 219.6 219.6 219.6 219.6 219.6 219.6 219.6 219.6 219.6 219.6 219.6 219.6 219.6 219.6 219.6 219.6 219.6 219.6 219.6 219.6 219.6 219.6 219.6 219.6 219.6 219.6 219.6 219.6 219.6 219.6 219.6 219.6 219.6 219.6 219.6 219.6 219.6 219.6 219.6 219.6 219.6 219.6 219.6 219.6 219.6 219.6 219.6 219.6 219.6 219.6 219.6 219.6 219.6 219.6 219.6 219.6 219.6 219.6 219.6 219.6 203.9 203.9 203.9 203.9 203.9 203.9 203.9 203.9 203.9 203.9 203.9 203.9 203.9 203.9 203.9 203.9 203.9 203.9 203.9 203.9 203.9 203.9 203.9 203.9 203.9 203.9 203.9 203.9 203.9 
207.8 207.8 207.8 207.8 207.8 207.8 207.8 207.8 207.8 207.8 207.8 219.6 219.6 219.6 219.6 219.6 219.6 219.6 219.6 219.6 219.6 219.6 219.6 219.6 219.6 219.6 219.6 219.6 219.6 219.6 219.6 219.6 219.6 219.6 219.6 219.6 219.6 219.6 219.6 219.6 219.6 219.6 219.6 219.6 219.6 219.6 219.6 219.6 219.6 219.6 219.6 219.6 219.6 219.6 219.6 219.6 219.6 219.6 219.6 219.6 219.6 219.6 219.6 219.6 219.6 219.6 219.6 219.6 219.6 219.6 219.6 203.9 203.9 203.9 203.9 203.9 203.9 203.9 203.9 203.9 203.9 203.9 203.9 203.9 203.9 203.9 203.9 203.9 203.9 203.9 203.9 203.9 203.9 203.9 203.9 203.9 203.9 203.9 203.9 203.9 
207.8 207.8 207.8 207.8 207.8 207.8 207.8 207.8 207.8 207.8 207.8 219.6 219.6 219.6 219.6 219.6 219.6 219.6 219.6 219.6 219.6 219.6 219.6 219.6 219.6 219.6 219.6 219.6 219.6 219.6 219.6 219.6 219.6 219.6 219.6 219.6 219.6 219.6 219.6 219.6 219.6 219.6 219.6 219.6 219.6 219.6 219.6 219.6 219.6 219.6 219.6 219.6 219.6 219.6 219.6 219.6 219.6 219.6 219.6 219.6 219.6 219.6 219.6 219.6 219.6 219.6 219.6 219.6 219.6 219.6 219.6 203.9 203.9 203.9 203.9 203.9 203.9 203.9 203.9 203.9 203.9 203.9 203.9 203.9 203.9 203.9 203.9 203.9 203.9 203.9 203.9 203.9 203.9 203.9 203.9 203.9 203.9 203.9 203.9 203.9 
207.8 207.8 207.8 207.8 207.8 207.8 207.8 207.8 207.8 207.8 207.8 219.6 219.6 219.6 219.6 219.6 219.6 219.6 219.6 219.6 219.6 219.6 219.6 219.6 219.6 219.6 219.6 219.6 219.6 219.6 219.6 219.6 219.6 219.6 219.6 219.6 219.6 219.6 219.6 219.6 219.6 219.6 219.6 219.6 219.6 219.6 219.6 219.6 219.6 219.6 219.6 219.6 219.6 219.6 219.6 219.6 219.6 219.6 219.6 219.6 219.6 219.6 219.6 219.6 219.6 219.6 219.6 219.6 219.6 219.6 219.6 203.9 203.9 203.9 203.9 203.9 203.9 203.9 203.9 203.9 203.9 203.9 203.9 203.9 203.9 203.9 203.9 203.9 203.9 203.9 203.9 203.9 203.9 203.9 203.9 203.9 203.9 203.9 203.9 203.9 
207.8 207.8 207.8 207.8 207.8 207.8 207.8 207.8 207.8 207.8 207.8 219.6 219.6 219.6 219.6 219.6 219.6 219.6 219.6 219.6 219.6 219.6 219.6 219.6 219.6 219.6 219.6 219.6 219.6 219.6 219.6 219.6 219.6 219.6 219.6 219.6 219.6 219.6 219.6 219.6 219.6 219.6 219.6 219.6 219.6 219.6 219.6 219.6 219.6 219.6 219.6 219.6 219.6 219.6 219.6 219.6 219.6 219.6 219.6 219.6 219.6 219.6 219.6 219.6 219.6 219.6 219.6 219.6 219.6 219.6 219.6 203.9 203.9 203.9 203.9 203.9 203.9 203.9 203.9 203.9 203.9 203.9 203.9 203.9 203.9 203.9 203.9 203.9 203.9 203.9 203.9 203.9 203.9 203.9 203.9 203.9 203.9 203.9 203.9 203.9 
207.8 207.8 207.8 207.8 207.8 207.8 207.8 207.8 207.8 207.8 207.8 219.6 219.6 219.6 219.6 219.6 219.6 219.6 219.6 219.6 219.6 219.6 219.6 219.6 219.6 219.6 219.6 219.6 219.6 219.6 219.6 219.6 219.6 219.6 219.6 219.6 219.6 219.6 219.6 219.6 219.6 219.6 219.6 219.6 219.6 219.6 219.6 219.6 219.6 219.6 219.6 219.6 219.6 219.6 219.6 219.6 219.6 219.6 219.6 219.6 219.6 219.6 219.6 219.6 219.6 219.6 219.6 219.6 219.6 219.6 219.6 203.9 203.9 203.9 203.9 203.9 203.9 203.9 203.9 203.9 203.9 203.9 203.9 203.9 203.9 203.9 203.9 203.9 203.9 203.9 203.9 203.9 203.9 203.9 203.9 203.9 203.9 203.9 203.9 203.9 
207.8 207.8 207.8 207.8 207.8 207.8 207.8 207.8 207.8 207.8 207.8 219.6 219.6 219.6 219.6 219.6 219.6 219.6 219.6 219.6 219.6 219.6 219.6 219.6 219.6 219.6 219.6 219.6 219.6 219.6 219.6 219.6 219.6 219.6 219.6 219.6 219.6 219.6 219.6 219.6 219.6 219.6 219.6 219.6 219.6 219.6 219.6 219.6 219.6 219.6 219.6 219.6 219.6 219.6 219.6 219.6 219.6 219.6 219.6 219.6 219.6 219.6 219.6 219.6 219.6 219.6 219.6 219.6 219.6 219.6 219.6 203.9 203.9 203.9 203.9 203.9 203.9 203.9 203.9 203.9 203.9 203.9 203.9 203.9 203.9 203.9 203.9 203.9 203.9 203.9 203.9 203.9 203.9 203.9 203.9 203.9 203.9 203.9 203.9 203.9 
207.8 207.8 207.8 207.8 207.8 207.8 207.8 207.8 207.8 207.8 207.8 219.6 219.6 219.6 219.6 219.6 219.6 219.6 219.6 219.6 219.6 219.6 219.6 219.6 219.6 219.6 219.6 219.6 219.6 219.6 219.6 219.6 219.6 219.6 219.6 219.6 219.6 219.6 219.6 219.6 219.6 219.6 219.6 219.6 219.6 219.6 219.6 219.6 219.6 219.6 219.6 219.6 219.6 219.6 219.6 219.6 219.6 219.6 219.6 219.6 219.6 219.6 219.6 219.6 219.6 219.6 219.6 219.6 219.6 219.6 219.6 203.9 203.9 203.9 203.9 203.9 203.9 203.9 203.9 203.9 203.9 203.9 203.9 203.9 203.9 203.9 203.9 203.9 203.9 203.9 203.9 203.9 203.9 203.9 203.9 203.9 203.9 203.9 203.9 203.9 
207.8 207.8 207.8 207.8 207.8 207.8 207.8 207.8 207.8 207.8 207.8 219.6 219.6 219.6 219.6 219.6 219.6 219.6 219.6 219.6 219.6 219.6 219.6 219.6 219.6 219.6 219.6 219.6 219.6 219.6 219.6 219.6 219.6 219.6 219.6 219.6 219.6 219.6 219.6 219.6 219.6 219.6 219.6 219.6 219.6 219.6 219.6 219.6 219.6 219.6 219.6 219.6 219.6 219.6 219.6 219.6 219.6 219.6 219.6 219.6 219.6 219.6 219.6 219.6 219.6 219.6 219.6 219.6 219.6 219.6 219.6 203.9 203.9 203.9 203.9 203.9 203.9 203.9 203.9 203.9 203.9 203.9 203.9 203.9 203.9 203.9 203.9 203.9 203.9 203.9 203.9 203.9 203.9 203.9 203.9 203.9 203.9 203.9 203.9 203.9 
207.8 207.8 207.8 207.8 207.8 207.8 207.8 207.8 207.8 207.8 207.8 219.6 219.6 219.6 219.6 219.6 219.6 219.6 219.6 219.6 219.6 219.6 219.6 219.6 219.6 219.6 219.6 219.6 219.6 219.6 219.6 219.6 219.6 219.6 219.6 219.6 219.6 219.6 219.6 219.6 219.6 219.6 219.6 219.6 219.6 219.6 219.6 219.6 219.6 219.6 219.6 219.6 219.6 219.6 219.6 219.6 219.6 219.6 219.6 219.6 219.6 219.6 219.6 219.6 219.6 219.6 219.6 219.6 219.6 219.6 219.6 203.9 203.9 203.9 203.9 203.9 203.9 203.9 203.9 203.9 203.9 203.9 203.9 203.9 203.9 203.9 203.9 203.9 203.9 203.9 203.9 203.9 203.9 203.9 203.9 203.9 203.9 203.9 203.9 203.9 
207.8 207.8 207.8 207.8 207.8 207.8 207.8 207.8 207.8 207.8 207.8 219.6 219.6 219.6 219.6 219.6 219.6 219.6 219.6 219.6 219.6 219.6 219.6 219.6 219.6 219.6 219.6 219.6 219.6 219.6 219.6 219.6 219.6 219.6 219.6 219.6 219.6 219.6 219.6 219.6 219.6 219.6 219.6 219.6 219.6 219.6 219.6 219.6 219.6 219.6 219.6 219.6 219.6 219.6 219.6 219.6 219.6 219.6 219.6 219.6 219.6 219.6 219.6 219.6 219.6 219.6 219.6 219.6 219.6 219.6 219.6 203.9 203.9 203.9 203.9 203.9 203.9 203.9 203.9 203.9 203.9 203.9 203.9 203.9 203.9 203.9 203.9 203.9 203.9 203.9 203.9 203.9 203.9 203.9 203.9 203.9 203.9 203.9 203.9 203.9 
207.8 207.8 207.8 207.8 207.8 207.8 207.8 207.8 207.8 207.8 207.8 219.6 219.6 219.6 219.6 219.6 219.6 219.6 219.6 219.6 219.6 219.6 219.6 219.6 219.6 219.6 219.6 219.6 219.6 219.6 219.6 219.6 219.6 219.6 219.6 219.6 219.6 219.6 219.6 219.6 219.6 219.6 219.6 219.6 219.6 219.6 219.6 219.6 219.6 219.6 219.6 219.6 219.6 219.6 219.6 219.6 219.6 219.6 219.6 219.6 219.6 219.6 219.6 219.6 219.6 219.6 219.6 219.6 219.6 219.6 219.6 203.9 203.9 203.9 203.9 203.9 203.9 203.9 203.9 203.9 203.9 203.9 203.9 203.9 203.9 203.9 203.9 203.9 203.9 203.9 203.9 203.9 203.9 203.9 203.9 203.9 203.9 203.9 203.9 203.9 
207.8 207.8 207.8 207.8 207.8 207.8 207.8 207.8 207.8 207.8 207.8 219.6 219.6 219.6 219.6 219.6 219.6 219.6 219.6 219.6 219.6 219.6 219.6 219.6 219.6 219.6 219.6 219.6 219.6 219.6 219.6 219.6 219.6 219.6 219.6 219.6 219.6 219.6 219.6 219.6 219.6 219.6 219.6 219.6 219.6 219.6 219.6 219.6 219.6 219.6 219.6 219.6 219.6 219.6 219.6 219.6 219.6 219.6 219.6 219.6 219.6 219.6 219.6 219.6 219.6 219.6 219.6 219.6 219.6 219.6 219.6 203.9 203.9 203.9 203.9 203.9 203.9 203.9 203.9 203.9 203.9 203.9 203.9 203.9 203.9 203.9 203.9 203.9 203.9 203.9 203.9 203.9 203.9 203.9 203.9 203.9 203.9 203.9 203.9 203.9 
207.8 207.8 207.8 207.8 207.8 207.8 207.8 207.8 207.8 207.8 207.8 219.6 219.6 219.6 219.6 219.6 219.6 219.6 219.6 219.6 219.6 219.6 219.6 219.6 219.6 219.6 219.6 219.6 219.6 219.6 219.6 219.6 219.6 219.6 219.6 219.6 219.6 219.6 219.6 219.6 219.6 219.6 219.6 219.6 219.6 219.6 219.6 219.6 219.6 219.6 219.6 219.6 219.6 219.6 219.6 219.6 219.6 219.6 219.6 219.6 219.6 219.6 219.6 219.6 219.6 219.6 219.6 219.6 219.6 219.6 219.6 203.9 203.9 203.9 203.9 203.9 203.9 203.9 203.9 203.9 203.9 203.9 203.9 203.9 203.9 203.9 203.9 203.9 203.9 203.9 203.9 203.9 203.9 203.9 203.9 203.9 203.9 203.9 203.9 203.9 
207.8 207.8 207.8 207.8 207.8 207.8 207.8 207.8 207.8 207.8 207.8 219.6 219.6 219.6 219.6 219.6 219.6 219.6 219.6 219.6 219.6 219.6 219.6 219.6 219.6 219.6 219.6 219.6 219.6 219.6 219.6 219.6 219.6 219.6 219.6 219.6 219.6 219.6 219.6 219.6 219.6 219.6 219.6 219.6 219.6 219.6 219.6 219.6 219.6 219.6 219.6 219.6 219.6 219.6 219.6 219.6 219.6 219.6 219.6 219.6 219.6 219.6 219.6 219.6 219.6 219.6 219.6 219.6 219.6 219.6 219.6 203.9 203.9 203.9 203.9 203.9 203.9 203.9 203.9 203.9 203.9 203.9 203.9 203.9 203.9 203.9 203.9 203.9 203.9 203.9 203.9 203.9 203.9 203.9 203.9 203.9 203.9 203.9 203.9 203.9 
207.8 207.8 207.8 207.8 207.8 207.8 207.8 207.8 207.8 207.8 207.8 219.6 219.6 219.6 219.6 219.6 219.6 219.6 219.6 219.6 219.6 219.6 219.6 219.6 219.6 219.6 219.6 219.6 219.6 219.6 219.6 219.6 219.6 219.6 219.6 219.6 219.6 219.6 219.6 219.6 219.6 219.6 219.6 219.6 219.6 219.6 219.6 219.6 219.6 219.6 219.6 219.6 219.6 219.6 219.6 219.6 219.6 219.6 219.6 219.6 219.6 219.6 219.6 219.6 219.6 219.6 219.6 219.6 219.6 219.6 219.6 203.9 203.9 203.9 203.9 203.9 203.9 203.9 203.9 203.9 203.9 203.9 203.9 203.9 203.9 203.9 203.9 203.9 203.9 203.9 203.9 203.9 203.9 203.9 203.9 203.9 203.9 203.9 203.9 203.9 
207.8 207.8 207.8 207.8 207.8 207.8 207.8 207.8 207.8 207.8 207.8 219.6 219.6 219.6 219.6 219.6 219.6 219.6 219.6 219.6 219.6 219.6 219.6 219.6 219.6 219.6 219.6 219.6 219.6 219.6 219.6 219.6 219.6 219.6 219.6 219.6 219.6 219.6 219.6 219.6 219.6 219.6 219.6 219.6 219.6 219.6 219.6 219.6 219.6 219.6 219.6 219.6 219.6 219.6 219.6 219.6 219.6 219.6 219.6 219.6 219.6 219.6 219.6 219.6 219.6 219.6 219.6 219.6 219.6 219.6 219.6 203.9 203.9 203.9 203.9 203.9 203.9 203.9 203.9 203.9 203.9 203.9 203.9 203.9 203.9 203.9 203.9 203.9 203.9 203.9 203.9 203.9 203.9 203.9 203.9 203.9 203.9 203.9 203.9 203.9 
207.8 207.8 207.8 207.8 207.8 207.8 207.8 207.8 207.8 207.8 207.8 219.6 219.6 219.6 219.6 219.6 219.6 219.6 219.6 219.6 219.6 219.6 219.6 219.6 219.6 219.6 219.6 219.6 219.6 219.6 219.6 219.6 219.6 219.6 219.6 219.6 219.6 219.6 219.6 219.6 219.6 219.6 219.6 219.6 219.6 219.6 219.6 219.6 219.6 219.6 219.6 219.6 219.6 219.6 219.6 219.6 219.6 219.6 219.6 219.6 219.6 219.6 219.6 219.6 219.6 219.6 219.6 219.6 219.6 219.6 219.6 203.9 203.9 203.9 203.9 203.9 203.9 203.9 203.9 203.9 203.9 203.9 203.9 203.9 203.9 203.9 203.9 203.9 203.9 203.9 203.9 203.9 203.9 203.9 203.9 203.9 203.9 203.9 203.9 203.9 
207.8 207.8 207.8 207.8 207.8 207.8 207.8 207.8 207.8 207.8 207.8 219.6 219.6 219.6 219.6 219.6 219.6 219.6 219.6 219.6 219.6 219.6 219.6 219.6 219.6 219.6 219.6 219.6 219.6 219.6 219.6 219.6 219.6 219.6 219.6 219.6 219.6 219.6 219.6 219.6 219.6 219.6 219.6 219.6 219.6 219.6 219.6 219.6 219.6 219.6 219.6 219.6 219.6 219.6 219.6 219.6 219.6 219.6 219.6 219.6 219.6 219.6 219.6 219.6 219.6 219.6 219.6 219.6 219.6 219.6 219.6 203.9 203.9 203.9 203.9 203.9 203.9 203.9 203.9 203.9 203.9 203.9 203.9 203.9 203.9 203.9 203.9 203.9 203.9 203.9 203.9 203.9 203.9 203.9 203.9 203.9 203.9 203.9 203.9 203.9 
207.8 207.8 207.8 207.8 207.8 207.8 207.8 207.8 207.8 207.8 207.8 219.6 219.6 219.6 219.6 219.6 219.6 219.6 219.6 219.6 219.6 219.6 219.6 219.6 219.6 219.6 219.6 219.6 219.6 219.6 219.6 219.6 219.6 219.6 219.6 219.6 219.6 219.6 219.6 219.6 219.6 219.6 219.6 219.6 219.6 219.6 219.6 219.6 219.6 219.6 219.6 219.6 219.6 219.6 219.6 219.6 219.6 219.6 219.6 219.6 219.6 219.6 219.6 219.6 219.6 219.6 219.6 219.6 219.6 219.6 219.6 203.9 203.9 203.9 203.9 203.9 203.9 203.9 203.9 203.9 203.9 203.9 203.9 203.9 203.9 203.9 203.9 203.9 203.9 203.9 203.9 203.9 203.9 203.9 203.9 203.9 203.9 203.9 203.9 203.9 
207.8 207.8 207.8 207.8 207.8 207.8 207.8 207.8 207.8 207.8 207.8 219.6 219.6 219.6 219.6 219.6 219.6 219.6 219.6 219.6 219.6 219.6 219.6 219.6 219.6 219.6 219.6 219.6 219.6 219.6 219.6 219.6 219.6 219.6 219.6 219.6 219.6 219.6 219.6 219.6 219.6 219.6 219.6 219.6 219.6 219.6 219.6 219.6 219.6 219.6 219.6 219.6 219.6 219.6 219.6 219.6 219.6 219.6 219.6 219.6 219.6 219.6 219.6 219.6 219.6 219.6 219.6 219.6 219.6 219.6 219.6 203.9 203.9 203.9 203.9 203.9 203.9 203.9 203.9 203.9 203.9 203.9 203.9 203.9 203.9 203.9 203.9 203.9 203.9 203.9 203.9 203.9 203.9 203.9 203.9 203.9 203.9 203.9 203.9 203.9 
207.8 207.8 207.8 207.8 207.8 207.8 207.8 207.8 207.8 207.8 207.8 219.6 219.6 219.6 219.6 219.6 219.6 219.6 219.6 219.6 219.6 219.6 219.6 219.6 219.6 219.6 219.6 219.6 219.6 219.6 219.6 219.6 219.6 219.6 219.6 219.6 219.6 219.6 219.6 219.6 219.6 219.6 219.6 219.6 219.6 219.6 219.6 219.6 219.6 219.6 219.6 219.6 219.6 219.6 219.6 219.6 219.6 219.6 219.6 219.6 219.6 219.6 219.6 219.6 219.6 219.6 219.6 219.6 219.6 219.6 219.6 203.9 203.9 203.9 203.9 203.9 203.9 203.9 203.9 203.9 203.9 203.9 203.9 203.9 203.9 203.9 203.9 203.9 203.9 203.9 203.9 203.9 203.9 203.9 203.9 203.9 203.9 203.9 203.9 203.9 
207.8 207.8 207.8 207.8 207.8 207.8 207.8 207.8 207.8 207.8 207.8 219.6 219.6 219.6 219.6 219.6 219.6 219.6 219.6 219.6 219.6 219.6 219.6 219.6 219.6 219.6 219.6 219.6 219.6 219.6 219.6 219.6 219.6 219.6 219.6 219.6 219.6 219.6 219.6 219.6 219.6 219.6 219.6 219.6 219.6 219.6 219.6 219.6 219.6 219.6 219.6 219.6 219.6 219.6 219.6 219.6 219.6 219.6 219.6 219.6 219.6 219.6 219.6 219.6 219.6 219.6 219.6 219.6 219.6 219.6 219.6 203.9 203.9 203.9 203.9 203.9 203.9 203.9 203.9 203.9 203.9 203.9 203.9 203.9 203.9 203.9 203.9 203.9 203.9 203.9 203.9 203.9 203.9 203.9 203.9 203.9 203.9 203.9 203.9 203.9 
207.8 207.8 207.8 207.8 207.8 207.8 207.8 207.8 207.8 207.8 207.8 219.6 219.6 219.6 219.6 219.6 219.6 219.6 219.6 219.6 219.6 219.6 219.6 219.6 219.6 219.6 219.6 219.6 219.6 219.6 219.6 219.6 219.6 219.6 219.6 219.6 219.6 219.6 219.6 219.6 219.6 219.6 219.6 219.6 219.6 219.6 219.6 219.6 219.6 219.6 219.6 219.6 219.6 219.6 219.6 219.6 219.6 219.6 219.6 219.6 219.6 219.6 219.6 219.6 219.6 219.6 219.6 219.6 219.6 219.6 219.6 203.9 203.9 203.9 203.9 203.9 203.9 203.9 203.9 203.9 203.9 203.9 203.9 203.9 203.9 203.9 203.9 203.9 203.9 203.9 203.9 203.9 203.9 203.9 203.9 203.9 203.9 203.9 203.9 203.9 
207.8 207.8 207.8 207.8 207.8 207.8 207.8 207.8 207.8 207.8 207.8 219.6 219.6 219.6 219.6 219.6 219.6 219.6 219.6 219.6 219.6 219.6 219.6 219.6 219.6 219.6 219.6 219.6 219.6 219.6 219.6 219.6 219.6 219.6 219.6 219.6 219.6 219.6 219.6 219.6 219.6 219.6 219.6 219.6 219.6 219.6 219.6 219.6 219.6 219.6 219.6 219.6 219.6 219.6 219.6 219.6 219.6 219.6 219.6 219.6 219.6 219.6 219.6 219.6 219.6 219.6 219.6 219.6 219.6 219.6 219.6 203.9 203.9 203.9 203.9 203.9 203.9 203.9 203.9 203.9 203.9 203.9 203.9 203.9 203.9 203.9 203.9 203.9 203.9 203.9 203.9 203.9 203.9 203.9 203.9 203.9 203.9 203.9 203.9 203.9 
207.8 207.8 207.8 207.8 207.8 207.8 207.8 207.8 207.8 207.8 207.8 219.6 219.6 219.6 219.6 219.6 219.6 219.6 219.6 219.6 219.6 219.6 219.6 219.6 219.6 219.6 219.6 219.6 219.6 219.6 219.6 219.6 219.6 219.6 219.6 219.6 219.6 219.6 219.6 219.6 219.6 219.6 219.6 219.6 219.6 219.6 219.6 219.6 219.6 219.6 219.6 219.6 219.6 219.6 219.6 219.6 219.6 219.6 219.6 219.6 219.6 219.6 219.6 219.6 219.6 219.6 219.6 219.6 219.6 219.6 219.6 203.9 203.9 203.9 203.9 203.9 203.9 203.9 203.9 203.9 203.9 203.9 203.9 203.9 203.9 203.9 203.9 203.9 203.9 203.9 203.9 203.9 203.9 203.9 203.9 203.9 203.9 203.9 203.9 203.9 
207.8 207.8 207.8 207.8 207.8 207.8 207.8 207.8 207.8 207.8 207.8 219.6 219.6 219.6 219.6 219.6 219.6 219.6 219.6 219.6 219.6 219.6 219.6 219.6 219.6 219.6 219.6 219.6 219.6 219.6 219.6 219.6 219.6 219.6 219.6 219.6 219.6 219.6 219.6 219.6 219.6 219.6 219.6 219.6 219.6 219.6 219.6 219.6 219.6 219.6 219.6 219.6 219.6 219.6 219.6 219.6 219.6 219.6 219.6 219.6 219.6 219.6 219.6 219.6 219.6 219.6 219.6 219.6 219.6 219.6 219.6 203.9 203.9 203.9 203.9 203.9 203.9 203.9 203.9 203.9 203.9 203.9 203.9 203.9 203.9 203.9 203.9 203.9 203.9 203.9 203.9 203.9 203.9 203.9 203.9 203.9 203.9 203.9 203.9 203.9 
207.8 207.8 207.8 207.8 207.8 207.8 207.8 207.8 207.8 207.8 207.8 219.6 219.6 219.6 219.6 219.6 219.6 219.6 219.6 219.6 219.6 219.6 219.6 219.6 219.6 219.6 219.6 219.6 219.6 219.6 219.6 219.6 219.6 219.6 219.6 219.6 219.6 219.6 219.6 219.6 219.6 219.6 219.6 219.6 219.6 219.6 219.6 219.6 219.6 219.6 219.6 219.6 219.6 219.6 219.6 219.6 219.6 219.6 219.6 219.6 219.6 219.6 219.6 219.6 219.6 219.6 219.6 219.6 219.6 219.6 219.6 203.9 203.9 203.9 203.9 203.9 203.9 203.9 203.9 203.9 203.9 203.9 203.9 203.9 203.9 203.9 203.9 203.9 203.9 203.9 203.9 203.9 203.9 203.9 203.9 203.9 203.9 203.9 203.9 203.9 
207.8 207.8 207.8 207.8 207.8 207.8 207.8 207.8 207.8 207.8 207.8 219.6 219.6 219.6 219.6 219.6 219.6 219.6 219.6 219.6 219.6 219.6 219.6 219.6 219.6 219.6 219.6 219.6 219.6 219.6 219.6 219.6 219.6 219.6 219.6 219.6 219.6 219.6 219.6 219.6 219.6 219.6 219.6 219.6 219.6 219.6 219.6 219.6 219.6 219.6 219.6 219.6 219.6 219.6 219.6 219.6 219.6 219.6 219.6 219.6 219.6 219.6 219.6 219.6 219.6 219.6 219.6 219.6 219.6 219.6 219.6 203.9 203.9 203.9 203.9 203.9 203.9 203.9 203.9 203.9 203.9 203.9 203.9 203.9 203.9 203.9 203.9 203.9 203.9 203.9 203.9 203.9 203.9 203.9 203.9 203.9 203.9 203.9 203.9 203.9 
207.8 207.8 207.8 207.8 207.8 207.8 207.8 207.8 207.8 207.8 207.8 219.6 219.6 219.6 219.6 219.6 219.6 219.6 219.6 219.6 219.6 219.6 219.6 219.6 219.6 219.6 219.6 219.6 219.6 219.6 219.6 219.6 219.6 219.6 219.6 219.6 219.6 219.6 219.6 219.6 219.6 219.6 219.6 219.6 219.6 219.6 219.6 219.6 219.6 219.6 219.6 219.6 219.6 219.6 219.6 219.6 219.6 219.6 219.6 219.6 219.6 219.6 219.6 219.6 219.6 219.6 219.6 219.6 219.6 219.6 219.6 203.9 203.9 203.9 203.9 203.9 203.9 203.9 203.9 203.9 203.9 203.9 203.9 203.9 203.9 203.9 203.9 203.9 203.9 203.9 203.9 203.9 203.9 203.9 203.9 203.9 203.9 203.9 203.9 203.9 
207.8 207.8 207.8 207.8 207.8 207.8 207.8 207.8 207.8 207.8 207.8 219.6 219.6 219.6 219.6 219.6 219.6 219.6 219.6 219.6 219.6 219.6 219.6 219.6 219.6 219.6 219.6 219.6 219.6 219.6 219.6 219.6 219.6 219.6 219.6 219.6 219.6 219.6 219.6 219.6 219.6 219.6 219.6 219.6 219.6 219.6 219.6 219.6 219.6 219.6 219.6 219.6 219.6 219.6 219.6 219.6 219.6 219.6 219.6 219.6 219.6 219.6 219.6 219.6 219.6 219.6 219.6 219.6 219.6 219.6 219.6 203.9 203.9 203.9 203.9 203.9 203.9 203.9 203.9 203.9 203.9 203.9 203.9 203.9 203.9 203.9 203.9 203.9 203.9 203.9 203.9 203.9 203.9 203.9 203.9 203.9 203.9 203.9 203.9 203.9 
207.8 207.8 207.8 207.8 207.8 207.8 207.8 207.8 207.8 207.8 207.8 219.6 219.6 219.6 219.6 219.6 219.6 219.6 219.6 219.6 219.6 219.6 219.6 219.6 219.6 219.6 219.6 219.6 219.6 219.6 219.6 219.6 219.6 219.6 219.6 219.6 219.6 219.6 219.6 219.6 219.6 219.6 219.6 219.6 219.6 219.6 219.6 219.6 219.6 219.6 219.6 219.6 219.6 219.6 219.6 219.6 219.6 219.6 219.6 219.6 219.6 219.6 219.6 219.6 219.6 219.6 219.6 219.6 219.6 219.6 219.6 203.9 203.9 203.9 203.9 203.9 203.9 203.9 203.9 203.9 203.9 203.9 203.9 203.9 203.9 203.9 203.9 203.9 203.9 203.9 203.9 203.9 203.9 203.9 203.9 203.9 203.9 203.9 203.9 203.9 
207.8 207.8 207.8 207.8 207.8 207.8 207.8 207.8 207.8 207.8 207.8 219.6 219.6 219.6 219.6 219.6 219.6 219.6 219.6 219.6 219.6 219.6 219.6 219.6 219.6 219.6 219.6 219.6 219.6 219.6 219.6 219.6 219.6 219.6 219.6 219.6 219.6 219.6 219.6 219.6 219.6 219.6 219.6 219.6 219.6 219.6 219.6 219.6 219.6 219.6 219.6 219.6 219.6 219.6 219.6 219.6 219.6 219.6 219.6 219.6 219.6 219.6 219.6 219.6 219.6 219.6 219.6 219.6 219.6 219.6 219.6 203.9 203.9 203.9 203.9 203.9 203.9 203.9 203.9 203.9 203.9 203.9 203.9 203.9 203.9 203.9 203.9 203.9 203.9 203.9 203.9 203.9 203.9 203.9 203.9 203.9 203.9 203.9 203.9 203.9 
207.8 207.8 207.8 207.8 207.8 207.8 207.8 207.8 207.8 207.8 207.8 219.6 219.6 219.6 219.6 219.6 219.6 219.6 219.6 219.6 219.6 219.6 219.6 219.6 219.6 219.6 219.6 219.6 219.6 219.6 219.6 219.6 219.6 219.6 219.6 219.6 219.6 219.6 219.6 219.6 219.6 219.6 219.6 219.6 219.6 219.6 219.6 219.6 219.6 219.6 219.6 219.6 219.6 219.6 219.6 219.6 219.6 219.6 219.6 219.6 219.6 219.6 219.6 219.6 219.6 219.6 219.6 219.6 219.6 219.6 219.6 203.9 203.9 203.9 203.9 203.9 203.9 203.9 203.9 203.9 203.9 203.9 203.9 203.9 203.9 203.9 203.9 203.9 203.9 203.9 203.9 203.9 203.9 203.9 203.9 203.9 203.9 203.9 203.9 203.9 
207.8 207.8 207.8 207.8 207.8 207.8 207.8 207.8 207.8 207.8 207.8 219.6 219.6 219.6 219.6 219.6 219.6 219.6 219.6 219.6 219.6 219.6 219.6 219.6 219.6 219.6 219.6 219.6 219.6 219.6 219.6 219.6 219.6 219.6 219.6 219.6 219.6 219.6 219.6 219.6 219.6 219.6 219.6 219.6 219.6 219.6 219.6 219.6 219.6 219.6 219.6 219.6 219.6 219.6 219.6 219.6 219.6 219.6 219.6 219.6 219.6 219.6 219.6 219.6 219.6 219.6 219.6 219.6 219.6 219.6 219.6 203.9 203.9 203.9 203.9 203.9 203.9 203.9 203.9 203.9 203.9 203.9 203.9 203.9 203.9 203.9 203.9 203.9 203.9 203.9 203.9 203.9 203.9 203.9 203.9 203.9 203.9 203.9 203.9 203.9 
207.8 207.8 207.8 207.8 207.8 207.8 207.8 207.8 207.8 207.8 207.8 219.6 219.6 219.6 219.6 219.6 219.6 219.6 219.6 219.6 219.6 219.6 219.6 219.6 219.6 219.6 219.6 219.6 219.6 219.6 219.6 219.6 219.6 219.6 219.6 219.6 219.6 219.6 219.6 219.6 219.6 219.6 219.6 219.6 219.6 219.6 219.6 219.6 219.6 219.6 219.6 219.6 219.6 219.6 219.6 219.6 219.6 219.6 219.6 219.6 219.6 219.6 219.6 219.6 219.6 219.6 219.6 219.6 219.6 219.6 219.6 203.9 203.9 203.9 203.9 203.9 203.9 203.9 203.9 203.9 203.9 203.9 203.9 203.9 203.9 203.9 203.9 203.9 203.9 203.9 203.9 203.9 203.9 203.9 203.9 203.9 203.9 203.9 203.9 203.9 
207.8 207.8 207.8 207.8 207.8 207.8 207.8 207.8 207.8 207.8 207.8 219.6 219.6 219.6 219.6 219.6 219.6 219.6 219.6 219.6 219.6 219.6 219.6 219.6 219.6 219.6 219.6 219.6 219.6 219.6 219.6 219.6 219.6 219.6 219.6 219.6 219.6 219.6 219.6 219.6 219.6 219.6 219.6 219.6 219.6 219.6 219.6 219.6 219.6 219.6 219.6 219.6 219.6 219.6 219.6 219.6 219.6 219.6 219.6 219.6 219.6 219.6 219.6 219.6 219.6 219.6 219.6 219.6 219.6 219.6 219.6 203.9 203.9 203.9 203.9 203.9 203.9 203.9 203.9 203.9 203.9 203.9 203.9 203.9 203.9 203.9 203.9 203.9 203.9 203.9 203.9 203.9 203.9 203.9 203.9 203.9 203.9 203.9 203.9 203.9 
207.8 207.8 207.8 207.8 207.8 207.8 207.8 207.8 207.8 207.8 207.8 219.6 219.6 219.6 219.6 219.6 219.6 219.6 219.6 219.6 219.6 219.6 219.6 219.6 219.6 219.6 219.6 219.6 219.6 219.6 219.6 219.6 219.6 219.6 219.6 219.6 219.6 219.6 219.6 219.6 219.6 219.6 219.6 219.6 219.6 219.6 219.6 219.6 219.6 219.6 219.6 219.6 219.6 219.6 219.6 219.6 219.6 219.6 219.6 219.6 219.6 219.6 219.6 219.6 219.6 219.6 219.6 219.6 219.6 219.6 219.6 203.9 203.9 203.9 203.9 203.9 203.9 203.9 203.9 203.9 203.9 203.9 203.9 203.9 203.9 203.9 203.9 203.9 203.9 203.9 203.9 203.9 203.9 203.9 203.9 203.9 203.9 203.9 203.9 203.9 
207.8 207.8 207.8 207.8 207.8 207.8 207.8 207.8 207.8 207.8 207.8 219.6 219.6 219.6 219.6 219.6 219.6 219.6 219.6 219.6 219.6 219.6 219.6 219.6 219.6 219.6 219.6 219.6 219.6 219.6 219.6 219.6 219.6 219.6 219.6 219.6 219.6 219.6 219.6 219.6 219.6 219.6 219.6 219.6 219.6 219.6 219.6 219.6 219.6 219.6 219.6 219.6 219.6 219.6 219.6 219.6 219.6 219.6 219.6 219.6 219.6 219.6 219.6 219.6 219.6 219.6 219.6 219.6 219.6 219.6 219.6 203.9 203.9 203.9 203.9 203.9 203.9 203.9 203.9 203.9 203.9 203.9 203.9 203.9 203.9 203.9 203.9 203.9 203.9 203.9 203.9 203.9 203.9 203.9 203.9 203.9 203.9 203.9 203.9 203.9 
207.8 207.8 207.8 207.8 207.8 207.8 207.8 207.8 207.8 207.8 207.8 219.6 219.6 219.6 219.6 219.6 219.6 219.6 219.6 219.6 219.6 219.6 219.6 219.6 219.6 219.6 219.6 219.6 219.6 219.6 219.6 219.6 219.6 219.6 219.6 219.6 219.6 219.6 219.6 219.6 219.6 219.6 219.6 219.6 219.6 219.6 219.6 219.6 219.6 219.6 219.6 219.6 219.6 219.6 219.6 219.6 219.6 219.6 219.6 219.6 219.6 219.6 219.6 219.6 219.6 219.6 219.6 219.6 219.6 219.6 219.6 203.9 203.9 203.9 203.9 203.9 203.9 203.9 203.9 203.9 203.9 203.9 203.9 203.9 203.9 203.9 203.9 203.9 203.9 203.9 203.9 203.9 203.9 203.9 203.9 203.9 203.9 203.9 203.9 203.9 
207.8 207.8 207.8 207.8 207.8 207.8 207.8 207.8 207.8 207.8 207.8 219.6 219.6 219.6 219.6 219.6 219.6 219.6 219.6 219.6 219.6 219.6 219.6 219.6 219.6 219.6 219.6 219.6 219.6 219.6 219.6 219.6 219.6 219.6 219.6 219.6 219.6 219.6 219.6 219.6 219.6 219.6 219.6 219.6 219.6 219.6 219.6 219.6 219.6 219.6 219.6 219.6 219.6 219.6 219.6 219.6 219.6 219.6 219.6 219.6 219.6 219.6 219.6 219.6 219.6 219.6 219.6 219.6 219.6 219.6 219.6 203.9 203.9 203.9 203.9 203.9 203.9 203.9 203.9 203.9 203.9 203.9 203.9 203.9 203.9 203.9 203.9 203.9 203.9 203.9 203.9 203.9 203.9 203.9 203.9 203.9 203.9 203.9 203.9 203.9 
207.8 207.8 207.8 207.8 207.8 207.8 207.8 207.8 207.8 207.8 207.8 219.6 219.6 219.6 219.6 219.6 219.6 219.6 219.6 219.6 219.6 219.6 219.6 219.6 219.6 219.6 219.6 219.6 219.6 219.6 219.6 219.6 219.6 219.6 219.6 219.6 219.6 219.6 219.6 219.6 219.6 219.6 219.6 219.6 219.6 219.6 219.6 219.6 219.6 219.6 219.6 219.6 219.6 219.6 219.6 219.6 219.6 219.6 219.6 219.6 219.6 219.6 219.6 219.6 219.6 219.6 219.6 219.6 219.6 219.6 219.6 203.9 203.9 203.9 203.9 203.9 203.9 203.9 203.9 203.9 203.9 203.9 203.9 203.9 203.9 203.9 203.9 203.9 203.9 203.9 203.9 203.9 203.9 203.9 203.9 203.9 203.9 203.9 203.9 203.9 
207.8 207.8 207.8 207.8 207.8 207.8 207.8 207.8 207.8 207.8 207.8 219.6 219.6 219.6 219.6 219.6 219.6 219.6 219.6 219.6 219.6 219.6 219.6 219.6 219.6 219.6 219.6 219.6 219.6 219.6 219.6 219.6 219.6 219.6 219.6 219.6 219.6 219.6 219.6 219.6 219.6 219.6 219.6 219.6 219.6 219.6 219.6 219.6 219.6 219.6 219.6 219.6 219.6 219.6 219.6 219.6 219.6 219.6 219.6 219.6 219.6 219.6 219.6 219.6 219.6 219.6 219.6 219.6 219.6 219.6 219.6 203.9 203.9 203.9 203.9 203.9 203.9 203.9 203.9 203.9 203.9 203.9 203.9 203.9 203.9 203.9 203.9 203.9 203.9 203.9 203.9 203.9 203.9 203.9 203.9 203.9 203.9 203.9 203.9 203.9 
207.8 207.8 207.8 207.8 207.8 207.8 207.8 207.8 207.8 207.8 207.8 219.6 219.6 219.6 219.6 219.6 219.6 219.6 219.6 219.6 219.6 219.6 219.6 219.6 219.6 219.6 219.6 219.6 219.6 219.6 219.6 219.6 219.6 219.6 219.6 219.6 219.6 219.6 219.6 219.6 219.6 219.6 219.6 219.6 219.6 219.6 219.6 219.6 219.6 219.6 219.6 219.6 219.6 219.6 219.6 219.6 219.6 219.6 219.6 219.6 219.6 219.6 219.6 219.6 219.6 219.6 219.6 219.6 219.6 219.6 219.6 203.9 203.9 203.9 203.9 203.9 203.9 203.9 203.9 203.9 203.9 203.9 203.9 203.9 203.9 203.9 203.9 203.9 203.9 203.9 203.9 203.9 203.9 203.9 203.9 203.9 203.9 203.9 203.9 203.9 
207.8 207.8 207.8 207.8 207.8 207.8 207.8 207.8 207.8 207.8 207.8 219.6 219.6 219.6 219.6 219.6 219.6 219.6 219.6 219.6 219.6 219.6 219.6 219.6 219.6 219.6 219.6 219.6 219.6 219.6 219.6 219.6 219.6 219.6 219.6 219.6 219.6 219.6 219.6 219.6 219.6 219.6 219.6 219.6 219.6 219.6 219.6 219.6 219.6 219.6 219.6 219.6 219.6 219.6 219.6 219.6 219.6 219.6 219.6 219.6 219.6 219.6 219.6 219.6 219.6 219.6 219.6 219.6 219.6 219.6 219.6 203.9 203.9 203.9 203.9 203.9 203.9 203.9 203.9 203.9 203.9 203.9 203.9 203.9 203.9 203.9 203.9 203.9 203.9 203.9 203.9 203.9 203.9 203.9 203.9 203.9 203.9 203.9 203.9 203.9 
207.8 207.8 207.8 207.8 207.8 207.8 207.8 207.8 207.8 207.8 207.8 219.6 219.6 219.6 219.6 219.6 219.6 219.6 219.6 219.6 219.6 219.6 219.6 219.6 219.6 219.6 219.6 219.6 219.6 219.6 219.6 219.6 219.6 219.6 219.6 219.6 219.6 219.6 219.6 219.6 219.6 219.6 219.6 219.6 219.6 219.6 219.6 219.6 219.6 219.6 219.6 219.6 219.6 219.6 219.6 219.6 219.6 219.6 219.6 219.6 219.6 219.6 219.6 219.6 219.6 219.6 219.6 219.6 219.6 219.6 219.6 203.9 203.9 203.9 203.9 203.9 203.9 203.9 203.9 203.9 203.9 203.9 203.9 203.9 203.9 203.9 203.9 203.9 203.9 203.9 203.9 203.9 203.9 203.9 203.9 203.9 203.9 203.9 203.9 203.9 
207.8 207.8 207.8 207.8 207.8 207.8 207.8 207.8 207.8 207.8 207.8 219.6 219.6 219.6 219.6 219.6 219.6 219.6 219.6 219.6 219.6 219.6 219.6 219.6 219.6 219.6 219.6 219.6 219.6 219.6 219.6 219.6 219.6 219.6 219.6 219.6 219.6 219.6 219.6 219.6 219.6 219.6 219.6 219.6 219.6 219.6 219.6 219.6 219.6 219.6 219.6 219.6 219.6 219.6 219.6 219.6 219.6 219.6 219.6 219.6 219.6 219.6 219.6 219.6 219.6 219.6 219.6 219.6 219.6 219.6 219.6 203.9 203.9 203.9 203.9 203.9 203.9 203.9 203.9 203.9 203.9 203.9 203.9 203.9 203.9 203.9 203.9 203.9 203.9 203.9 203.9 203.9 203.9 203.9 203.9 203.9 203.9 203.9 203.9 203.9 
207.8 207.8 207.8 207.8 207.8 207.8 207.8 207.8 207.8 207.8 207.8 219.6 219.6 219.6 219.6 219.6 219.6 219.6 219.6 219.6 219.6 219.6 219.6 219.6 219.6 219.6 219.6 219.6 219.6 219.6 219.6 219.6 219.6 219.6 219.6 219.6 219.6 219.6 219.6 219.6 219.6 219.6 219.6 219.6 219.6 219.6 219.6 219.6 219.6 219.6 219.6 219.6 219.6 219.6 219.6 219.6 219.6 219.6 219.6 219.6 219.6 219.6 219.6 219.6 219.6 219.6 219.6 219.6 219.6 219.6 219.6 203.9 203.9 203.9 203.9 203.9 203.9 203.9 203.9 203.9 203.9 203.9 203.9 203.9 203.9 203.9 203.9 203.9 203.9 203.9 203.9 203.9 203.9 203.9 203.9 203.9 203.9 203.9 203.9 203.9 
207.8 207.8 207.8 207.8 207.8 207.8 207.8 207.8 207.8 207.8 207.8 219.6 219.6 219.6 219.6 219.6 219.6 219.6 219.6 219.6 219.6 219.6 219.6 219.6 219.6 219.6 219.6 219.6 219.6 219.6 219.6 219.6 219.6 219.6 219.6 219.6 219.6 219.6 219.6 219.6 219.6 219.6 219.6 219.6 219.6 219.6 219.6 219.6 219.6 219.6 219.6 219.6 219.6 219.6 219.6 219.6 219.6 219.6 219.6 219.6 219.6 219.6 219.6 219.6 219.6 219.6 219.6 219.6 219.6 219.6 219.6 203.9 203.9 203.9 203.9 203.9 203.9 203.9 203.9 203.9 203.9 203.9 203.9 203.9 203.9 203.9 203.9 203.9 203.9 203.9 203.9 203.9 203.9 203.9 203.9 203.9 203.9 203.9 203.9 203.9 
207.8 207.8 207.8 207.8 207.8 207.8 207.8 207.8 207.8 207.8 207.8 219.6 219.6 219.6 219.6 219.6 219.6 219.6 219.6 219.6 219.6 219.6 219.6 219.6 219.6 219.6 219.6 219.6 219.6 219.6 219.6 219.6 219.6 219.6 219.6 219.6 219.6 219.6 219.6 219.6 219.6 219.6 219.6 219.6 219.6 219.6 219.6 219.6 219.6 219.6 219.6 219.6 219.6 219.6 219.6 219.6 219.6 219.6 219.6 219.6 219.6 219.6 219.6 219.6 219.6 219.6 219.6 219.6 219.6 219.6 219.6 203.9 203.9 203.9 203.9 203.9 203.9 203.9 203.9 203.9 203.9 203.9 203.9 203.9 203.9 203.9 203.9 203.9 203.9 203.9 203.9 203.9 203.9 203.9 203.9 203.9 203.9 203.9 203.9 203.9 
207.8 207.8 207.8 207.8 207.8 207.8 207.8 207.8 207.8 207.8 207.8 219.6 219.6 219.6 219.6 219.6 219.6 219.6 219.6 219.6 219.6 219.6 219.6 219.6 219.6 219.6 219.6 219.6 219.6 219.6 219.6 219.6 219.6 219.6 219.6 219.6 219.6 219.6 219.6 219.6 219.6 219.6 219.6 219.6 219.6 219.6 219.6 219.6 219.6 219.6 219.6 219.6 219.6 219.6 219.6 219.6 219.6 219.6 219.6 219.6 219.6 219.6 219.6 219.6 219.6 219.6 219.6 219.6 219.6 219.6 219.6 203.9 203.9 203.9 203.9 203.9 203.9 203.9 203.9 203.9 203.9 203.9 203.9 203.9 203.9 203.9 203.9 203.9 203.9 203.9 203.9 203.9 203.9 203.9 203.9 203.9 203.9 203.9 203.9 203.9 
207.8 207.8 207.8 207.8 207.8 207.8 207.8 207.8 207.8 207.8 207.8 219.6 219.6 219.6 219.6 219.6 219.6 219.6 219.6 219.6 219.6 219.6 219.6 219.6 219.6 219.6 219.6 219.6 219.6 219.6 219.6 219.6 219.6 219.6 219.6 219.6 219.6 219.6 219.6 219.6 219.6 219.6 219.6 219.6 219.6 219.6 219.6 219.6 219.6 219.6 219.6 219.6 219.6 219.6 219.6 219.6 219.6 219.6 219.6 219.6 219.6 219.6 219.6 219.6 219.6 219.6 219.6 219.6 219.6 219.6 219.6 203.9 203.9 203.9 203.9 203.9 203.9 203.9 203.9 203.9 203.9 203.9 203.9 203.9 203.9 203.9 203.9 203.9 203.9 203.9 203.9 203.9 203.9 203.9 203.9 203.9 203.9 203.9 203.9 203.9 
207.8 207.8 207.8 207.8 207.8 207.8 207.8 207.8 207.8 207.8 207.8 219.6 219.6 219.6 219.6 219.6 219.6 219.6 219.6 219.6 219.6 219.6 219.6 219.6 219.6 219.6 219.6 219.6 219.6 219.6 219.6 219.6 219.6 219.6 219.6 219.6 219.6 219.6 219.6 219.6 219.6 219.6 219.6 219.6 219.6 219.6 219.6 219.6 219.6 219.6 219.6 219.6 219.6 219.6 219.6 219.6 219.6 219.6 219.6 219.6 219.6 219.6 219.6 219.6 219.6 219.6 219.6 219.6 219.6 219.6 219.6 203.9 203.9 203.9 203.9 203.9 203.9 203.9 203.9 203.9 203.9 203.9 203.9 203.9 203.9 203.9 203.9 203.9 203.9 203.9 203.9 203.9 203.9 203.9 203.9 203.9 203.9 203.9 203.9 203.9 
207.8 207.8 207.8 207.8 207.8 207.8 207.8 207.8 207.8 207.8 207.8 219.6 219.6 219.6 219.6 219.6 219.6 219.6 219.6 219.6 219.6 219.6 219.6 219.6 219.6 219.6 219.6 219.6 219.6 219.6 219.6 219.6 219.6 219.6 219.6 219.6 219.6 219.6 219.6 219.6 219.6 219.6 219.6 219.6 219.6 219.6 219.6 219.6 219.6 219.6 219.6 219.6 219.6 219.6 219.6 219.6 219.6 219.6 219.6 219.6 219.6 219.6 219.6 219.6 219.6 219.6 219.6 219.6 219.6 219.6 219.6 203.9 203.9 203.9 203.9 203.9 203.9 203.9 203.9 203.9 203.9 203.9 203.9 203.9 203.9 203.9 203.9 203.9 203.9 203.9 203.9 203.9 203.9 203.9 203.9 203.9 203.9 203.9 203.9 203.9 
207.8 207.8 207.8 207.8 207.8 207.8 207.8 207.8 207.8 207.8 207.8 219.6 219.6 219.6 219.6 219.6 219.6 219.6 219.6 219.6 219.6 219.6 219.6 219.6 219.6 219.6 219.6 219.6 219.6 219.6 219.6 219.6 219.6 219.6 219.6 219.6 219.6 219.6 219.6 219.6 219.6 219.6 219.6 219.6 219.6 219.6 219.6 219.6 219.6 219.6 219.6 219.6 219.6 219.6 219.6 219.6 219.6 219.6 219.6 219.6 219.6 219.6 219.6 219.6 219.6 219.6 219.6 219.6 219.6 219.6 219.6 203.9 203.9 203.9 203.9 203.9 203.9 203.9 203.9 203.9 203.9 203.9 203.9 203.9 203.9 203.9 203.9 203.9 203.9 203.9 203.9 203.9 203.9 203.9 203.9 203.9 203.9 203.9 203.9 203.9 
207.8 207.8 207.8 207.8 207.8 207.8 207.8 207.8 207.8 207.8 207.8 219.6 219.6 219.6 219.6 219.6 219.6 219.6 219.6 219.6 219.6 219.6 219.6 219.6 219.6 219.6 219.6 219.6 219.6 219.6 219.6 219.6 219.6 219.6 219.6 219.6 219.6 219.6 219.6 219.6 219.6 219.6 219.6 219.6 219.6 219.6 219.6 219.6 219.6 219.6 219.6 219.6 219.6 219.6 219.6 219.6 219.6 219.6 219.6 219.6 219.6 219.6 219.6 219.6 219.6 219.6 219.6 219.6 219.6 219.6 219.6 203.9 203.9 203.9 203.9 203.9 203.9 203.9 203.9 203.9 203.9 203.9 203.9 203.9 203.9 203.9 203.9 203.9 203.9 203.9 203.9 203.9 203.9 203.9 203.9 203.9 203.9 203.9 203.9 203.9 
207.8 207.8 207.8 207.8 207.8 207.8 207.8 207.8 207.8 207.8 207.8 219.6 219.6 219.6 219.6 219.6 219.6 219.6 219.6 219.6 219.6 219.6 219.6 219.6 219.6 219.6 219.6 219.6 219.6 219.6 219.6 219.6 219.6 219.6 219.6 219.6 219.6 219.6 219.6 219.6 219.6 219.6 219.6 219.6 219.6 219.6 219.6 219.6 219.6 219.6 219.6 219.6 219.6 219.6 219.6 219.6 219.6 219.6 219.6 219.6 219.6 219.6 219.6 219.6 219.6 219.6 219.6 219.6 219.6 219.6 219.6 203.9 203.9 203.9 203.9 203.9 203.9 203.9 203.9 203.9 203.9 203.9 203.9 203.9 203.9 203.9 203.9 203.9 203.9 203.9 203.9 203.9 203.9 203.9 203.9 203.9 203.9 203.9 203.9 203.9 
207.8 207.8 207.8 207.8 207.8 207.8 207.8 207.8 207.8 207.8 207.8 219.6 219.6 219.6 219.6 219.6 219.6 219.6 219.6 219.6 219.6 219.6 219.6 219.6 219.6 219.6 219.6 219.6 219.6 219.6 219.6 219.6 219.6 219.6 219.6 219.6 219.6 219.6 219.6 219.6 219.6 219.6 219.6 219.6 219.6 219.6 219.6 219.6 219.6 219.6 219.6 219.6 219.6 219.6 219.6 219.6 219.6 219.6 219.6 219.6 219.6 219.6 219.6 219.6 219.6 219.6 219.6 219.6 219.6 219.6 219.6 203.9 203.9 203.9 203.9 203.9 203.9 203.9 203.9 203.9 203.9 203.9 203.9 203.9 203.9 203.9 203.9 203.9 203.9 203.9 203.9 203.9 203.9 203.9 203.9 203.9 203.9 203.9 203.9 203.9 
207.8 207.8 207.8 207.8 207.8 207.8 207.8 207.8 207.8 207.8 207.8 219.6 219.6 219.6 219.6 219.6 219.6 219.6 219.6 219.6 219.6 219.6 219.6 219.6 219.6 219.6 219.6 219.6 219.6 219.6 219.6 219.6 219.6 219.6 219.6 219.6 219.6 219.6 219.6 219.6 219.6 219.6 219.6 219.6 219.6 219.6 219.6 219.6 219.6 219.6 219.6 219.6 219.6 219.6 219.6 219.6 219.6 219.6 219.6 219.6 219.6 219.6 219.6 219.6 219.6 219.6 219.6 219.6 219.6 219.6 219.6 203.9 203.9 203.9 203.9 203.9 203.9 203.9 203.9 203.9 203.9 203.9 203.9 203.9 203.9 203.9 203.9 203.9 203.9 203.9 203.9 203.9 203.9 203.9 203.9 203.9 203.9 203.9 203.9 203.9 
245.3 245.3 245.3 245.3 245.3 245.3 245.3 245.3 245.3 245.3 245.3 253.2 253.2 253.2 253.2 253.2 253.2 253.2 253.2 253.2 253.2 253.2 253.2 253.2 253.2 253.2 253.2 253.2 253.2 253.2 253.2 253.2 253.2 253.2 253.2 253.2 253.2 253.2 253.2 253.2 253.2 253.2 253.2 253.2 253.2 253.2 253.2 253.2 253.2 253.2 253.2 253.2 253.2 253.2 253.2 253.2 253.2 253.2 253.2 253.2 253.2 253.2 253.2 253.2 253.2 253.2 253.2 253.2 253.2 253.2 253.2 231.8 231.8 231.8 231.8 231.8 231.8 231.8 231.8 231.8 231.8 231.8 231.8 231.8 231.8 231.8 231.8 231.8 231.8 231.8 231.8 231.8 231.8 231.8 231.8 231.8 231.8 231.8 231.8 231.8 
245.3 245.3 245.3 245.3 245.3 245.3 245.3 245.3 245.3 245.3 245.3 253.2 253.2 253.2 253.2 253.2 253.2 253.2 253.2 253.2 253.2 253.2 253.2 253.2 253.2 253.2 253.2 253.2 253.2 253.2 253.2 253.2 253.2 253.2 253.2 253.2 253.2 253.2 253.2 253.2 253.2 253.2 253.2 253.2 253.2 253.2 253.2 253.2 253.2 253.2 253.2 253.2 253.2 253.2 253.2 253.2 253.2 253.2 253.2 253.2 253.2 253.2 253.2 253.2 253.2 253.2 253.2 253.2 253.2 253.2 253.2 231.8 231.8 231.8 231.8 231.8 231.8 231.8 231.8 231.8 231.8 231.8 231.8 231.8 231.8 231.8 231.8 231.8 231.8 231.8 231.8 231.8 231.8 231.8 231.8 231.8 231.8 231.8 231.8 231.8 
245.3 245.3 245.3 245.3 245.3 245.3 245.3 245.3 245.3 245.3 245.3 253.2 253.2 253.2 253.2 253.2 253.2 253.2 253.2 253.2 253.2 253.2 253.2 253.2 253.2 253.2 253.2 253.2 253.2 253.2 253.2 253.2 253.2 253.2 253.2 253.2 253.2 253.2 253.2 253.2 253.2 253.2 253.2 253.2 253.2 253.2 253.2 253.2 253.2 253.2 253.2 253.2 253.2 253.2 253.2 253.2 253.2 253.2 253.2 253.2 253.2 253.2 253.2 253.2 253.2 253.2 253.2 253.2 253.2 253.2 253.2 231.8 231.8 231.8 231.8 231.8 231.8 231.8 231.8 231.8 231.8 231.8 231.8 231.8 231.8 231.8 231.8 231.8 231.8 231.8 231.8 231.8 231.8 231.8 231.8 231.8 231.8 231.8 231.8 231.8 
245.3 245.3 245.3 245.3 245.3 245.3 245.3 245.3 245.3 245.3 245.3 253.2 253.2 253.2 253.2 253.2 253.2 253.2 253.2 253.2 253.2 253.2 253.2 253.2 253.2 253.2 253.2 253.2 253.2 253.2 253.2 253.2 253.2 253.2 253.2 253.2 253.2 253.2 253.2 253.2 253.2 253.2 253.2 253.2 253.2 253.2 253.2 253.2 253.2 253.2 253.2 253.2 253.2 253.2 253.2 253.2 253.2 253.2 253.2 253.2 253.2 253.2 253.2 253.2 253.2 253.2 253.2 253.2 253.2 253.2 253.2 231.8 231.8 231.8 231.8 231.8 231.8 231.8 231.8 231.8 231.8 231.8 231.8 231.8 231.8 231.8 231.8 231.8 231.8 231.8 231.8 231.8 231.8 231.8 231.8 231.8 231.8 231.8 231.8 231.8 
245.3 245.3 245.3 245.3 245.3 245.3 245.3 245.3 245.3 245.3 245.3 253.2 253.2 253.2 253.2 253.2 253.2 253.2 253.2 253.2 253.2 253.2 253.2 253.2 253.2 253.2 253.2 253.2 253.2 253.2 253.2 253.2 253.2 253.2 253.2 253.2 253.2 253.2 253.2 253.2 253.2 253.2 253.2 253.2 253.2 253.2 253.2 253.2 253.2 253.2 253.2 253.2 253.2 253.2 253.2 253.2 253.2 253.2 253.2 253.2 253.2 253.2 253.2 253.2 253.2 253.2 253.2 253.2 253.2 253.2 253.2 231.8 231.8 231.8 231.8 231.8 231.8 231.8 231.8 231.8 231.8 231.8 231.8 231.8 231.8 231.8 231.8 231.8 231.8 231.8 231.8 231.8 231.8 231.8 231.8 231.8 231.8 231.8 231.8 231.8 
245.3 245.3 245.3 245.3 245.3 245.3 245.3 245.3 245.3 245.3 245.3 253.2 253.2 253.2 253.2 253.2 253.2 253.2 253.2 253.2 253.2 253.2 253.2 253.2 253.2 253.2 253.2 253.2 253.2 253.2 253.2 253.2 253.2 253.2 253.2 253.2 253.2 253.2 253.2 253.2 253.2 253.2 253.2 253.2 253.2 253.2 253.2 253.2 253.2 253.2 253.2 253.2 253.2 253.2 253.2 253.2 253.2 253.2 253.2 253.2 253.2 253.2 253.2 253.2 253.2 253.2 253.2 253.2 253.2 253.2 253.2 231.8 231.8 231.8 231.8 231.8 231.8 231.8 231.8 231.8 231.8 231.8 231.8 231.8 231.8 231.8 231.8 231.8 231.8 231.8 231.8 231.8 231.8 231.8 231.8 231.8 231.8 231.8 231.8 231.8 
245.3 245.3 245.3 245.3 245.3 245.3 245.3 245.3 245.3 245.3 245.3 253.2 253.2 253.2 253.2 253.2 253.2 253.2 253.2 253.2 253.2 253.2 253.2 253.2 253.2 253.2 253.2 253.2 253.2 253.2 253.2 253.2 253.2 253.2 253.2 253.2 253.2 253.2 253.2 253.2 253.2 253.2 253.2 253.2 253.2 253.2 253.2 253.2 253.2 253.2 253.2 253.2 253.2 253.2 253.2 253.2 253.2 253.2 253.2 253.2 253.2 253.2 253.2 253.2 253.2 253.2 253.2 253.2 253.2 253.2 253.2 231.8 231.8 231.8 231.8 231.8 231.8 231.8 231.8 231.8 231.8 231.8 231.8 231.8 231.8 231.8 231.8 231.8 231.8 231.8 231.8 231.8 231.8 231.8 231.8 231.8 231.8 231.8 231.8 231.8 
245.3 245.3 245.3 245.3 245.3 245.3 245.3 245.3 245.3 245.3 245.3 253.2 253.2 253.2 253.2 253.2 253.2 253.2 253.2 253.2 253.2 253.2 253.2 253.2 253.2 253.2 253.2 253.2 253.2 253.2 253.2 253.2 253.2 253.2 253.2 253.2 253.2 253.2 253.2 253.2 253.2 253.2 253.2 253.2 253.2 253.2 253.2 253.2 253.2 253.2 253.2 253.2 253.2 253.2 253.2 253.2 253.2 253.2 253.2 253.2 253.2 253.2 253.2 253.2 253.2 253.2 253.2 253.2 253.2 253.2 253.2 231.8 231.8 231.8 231.8 231.8 231.8 231.8 231.8 231.8 231.8 231.8 231.8 231.8 231.8 231.8 231.8 231.8 231.8 231.8 231.8 231.8 231.8 231.8 231.8 231.8 231.8 231.8 231.8 231.8 
245.3 245.3 245.3 245.3 245.3 245.3 245.3 245.3 245.3 245.3 245.3 253.2 253.2 253.2 253.2 253.2 253.2 253.2 253.2 253.2 253.2 253.2 253.2 253.2 253.2 253.2 253.2 253.2 253.2 253.2 253.2 253.2 253.2 253.2 253.2 253.2 253.2 253.2 253.2 253.2 253.2 253.2 253.2 253.2 253.2 253.2 253.2 253.2 253.2 253.2 253.2 253.2 253.2 253.2 253.2 253.2 253.2 253.2 253.2 253.2 253.2 253.2 253.2 253.2 253.2 253.2 253.2 253.2 253.2 253.2 253.2 231.8 231.8 231.8 231.8 231.8 231.8 231.8 231.8 231.8 231.8 231.8 231.8 231.8 231.8 231.8 231.8 231.8 231.8 231.8 231.8 231.8 231.8 231.8 231.8 231.8 231.8 231.8 231.8 231.8 
245.3 245.3 245.3 245.3 245.3 245.3 245.3 245.3 245.3 245.3 245.3 253.2 253.2 253.2 253.2 253.2 253.2 253.2 253.2 253.2 253.2 253.2 253.2 253.2 253.2 253.2 253.2 253.2 253.2 253.2 253.2 253.2 253.2 253.2 253.2 253.2 253.2 253.2 253.2 253.2 253.2 253.2 253.2 253.2 253.2 253.2 253.2 253.2 253.2 253.2 253.2 253.2 253.2 253.2 253.2 253.2 253.2 253.2 253.2 253.2 253.2 253.2 253.2 253.2 253.2 253.2 253.2 253.2 253.2 253.2 253.2 231.8 231.8 231.8 231.8 231.8 231.8 231.8 231.8 231.8 231.8 231.8 231.8 231.8 231.8 231.8 231.8 231.8 231.8 231.8 231.8 231.8 231.8 231.8 231.8 231.8 231.8 231.8 231.8 231.8 
245.3 245.3 245.3 245.3 245.3 245.3 245.3 245.3 245.3 245.3 245.3 253.2 253.2 253.2 253.2 253.2 253.2 253.2 253.2 253.2 253.2 253.2 253.2 253.2 253.2 253.2 253.2 253.2 253.2 253.2 253.2 253.2 253.2 253.2 253.2 253.2 253.2 253.2 253.2 253.2 253.2 253.2 253.2 253.2 253.2 253.2 253.2 253.2 253.2 253.2 253.2 253.2 253.2 253.2 253.2 253.2 253.2 253.2 253.2 253.2 253.2 253.2 253.2 253.2 253.2 253.2 253.2 253.2 253.2 253.2 253.2 231.8 231.8 231.8 231.8 231.8 231.8 231.8 231.8 231.8 231.8 231.8 231.8 231.8 231.8 231.8 231.8 231.8 231.8 231.8 231.8 231.8 231.8 231.8 231.8 231.8 231.8 231.8 231.8 231.8 
245.3 245.3 245.3 245.3 245.3 245.3 245.3 245.3 245.3 245.3 245.3 253.2 253.2 253.2 253.2 253.2 253.2 253.2 253.2 253.2 253.2 253.2 253.2 253.2 253.2 253.2 253.2 253.2 253.2 253.2 253.2 253.2 253.2 253.2 253.2 253.2 253.2 253.2 253.2 253.2 253.2 253.2 253.2 253.2 253.2 253.2 253.2 253.2 253.2 253.2 253.2 253.2 253.2 253.2 253.2 253.2 253.2 253.2 253.2 253.2 253.2 253.2 253.2 253.2 253.2 253.2 253.2 253.2 253.2 253.2 253.2 231.8 231.8 231.8 231.8 231.8 231.8 231.8 231.8 231.8 231.8 231.8 231.8 231.8 231.8 231.8 231.8 231.8 231.8 231.8 231.8 231.8 231.8 231.8 231.8 231.8 231.8 231.8 231.8 231.8 
245.3 245.3 245.3 245.3 245.3 245.3 245.3 245.3 245.3 245.3 245.3 253.2 253.2 253.2 253.2 253.2 253.2 253.2 253.2 253.2 253.2 253.2 253.2 253.2 253.2 253.2 253.2 253.2 253.2 253.2 253.2 253.2 253.2 253.2 253.2 253.2 253.2 253.2 253.2 253.2 253.2 253.2 253.2 253.2 253.2 253.2 253.2 253.2 253.2 253.2 253.2 253.2 253.2 253.2 253.2 253.2 253.2 253.2 253.2 253.2 253.2 253.2 253.2 253.2 253.2 253.2 253.2 253.2 253.2 253.2 253.2 231.8 231.8 231.8 231.8 231.8 231.8 231.8 231.8 231.8 231.8 231.8 231.8 231.8 231.8 231.8 231.8 231.8 231.8 231.8 231.8 231.8 231.8 231.8 231.8 231.8 231.8 231.8 231.8 231.8 
245.3 245.3 245.3 245.3 245.3 245.3 245.3 245.3 245.3 245.3 245.3 253.2 253.2 253.2 253.2 253.2 253.2 253.2 253.2 253.2 253.2 253.2 253.2 253.2 253.2 253.2 253.2 253.2 253.2 253.2 253.2 253.2 253.2 253.2 253.2 253.2 253.2 253.2 253.2 253.2 253.2 253.2 253.2 253.2 253.2 253.2 253.2 253.2 253.2 253.2 253.2 253.2 253.2 253.2 253.2 253.2 253.2 253.2 253.2 253.2 253.2 253.2 253.2 253.2 253.2 253.2 253.2 253.2 253.2 253.2 253.2 231.8 231.8 231.8 231.8 231.8 231.8 231.8 231.8 231.8 231.8 231.8 231.8 231.8 231.8 231.8 231.8 231.8 231.8 231.8 231.8 231.8 231.8 231.8 231.8 231.8 231.8 231.8 231.8 231.8 
245.3 245.3 245.3 245.3 245.3 245.3 245.3 245.3 245.3 245.3 245.3 253.2 253.2 253.2 253.2 253.2 253.2 253.2 253.2 253.2 253.2 253.2 253.2 253.2 253.2 253.2 253.2 253.2 253.2 253.2 253.2 253.2 253.2 253.2 253.2 253.2 253.2 253.2 253.2 253.2 253.2 253.2 253.2 253.2 253.2 253.2 253.2 253.2 253.2 253.2 253.2 253.2 253.2 253.2 253.2 253.2 253.2 253.2 253.2 253.2 253.2 253.2 253.2 253.2 253.2 253.2 253.2 253.2 253.2 253.2 253.2 231.8 231.8 231.8 231.8 231.8 231.8 231.8 231.8 231.8 231.8 231.8 231.8 231.8 231.8 231.8 231.8 231.8 231.8 231.8 231.8 231.8 231.8 231.8 231.8 231.8 231.8 231.8 231.8 231.8 
245.3 245.3 245.3 245.3 245.3 245.3 245.3 245.3 245.3 245.3 245.3 253.2 253.2 253.2 253.2 253.2 253.2 253.2 253.2 253.2 253.2 253.2 253.2 253.2 253.2 253.2 253.2 253.2 253.2 253.2 253.2 253.2 253.2 253.2 253.2 253.2 253.2 253.2 253.2 253.2 253.2 253.2 253.2 253.2 253.2 253.2 253.2 253.2 253.2 253.2 253.2 253.2 253.2 253.2 253.2 253.2 253.2 253.2 253.2 253.2 253.2 253.2 253.2 253.2 253.2 253.2 253.2 253.2 253.2 253.2 253.2 231.8 231.8 231.8 231.8 231.8 231.8 231.8 231.8 231.8 231.8 231.8 231.8 231.8 231.8 231.8 231.8 231.8 231.8 231.8 231.8 231.8 231.8 231.8 231.8 231.8 231.8 231.8 231.8 231.8 
245.3 245.3 245.3 245.3 245.3 245.3 245.3 245.3 245.3 245.3 245.3 253.2 253.2 253.2 253.2 253.2 253.2 253.2 253.2 253.2 253.2 253.2 253.2 253.2 253.2 253.2 253.2 253.2 253.2 253.2 253.2 253.2 253.2 253.2 253.2 253.2 253.2 253.2 253.2 253.2 253.2 253.2 253.2 253.2 253.2 253.2 253.2 253.2 253.2 253.2 253.2 253.2 253.2 253.2 253.2 253.2 253.2 253.2 253.2 253.2 253.2 253.2 253.2 253.2 253.2 253.2 253.2 253.2 253.2 253.2 253.2 231.8 231.8 231.8 231.8 231.8 231.8 231.8 231.8 231.8 231.8 231.8 231.8 231.8 231.8 231.8 231.8 231.8 231.8 231.8 231.8 231.8 231.8 231.8 231.8 231.8 231.8 231.8 231.8 231.8 
245.3 245.3 245.3 245.3 245.3 245.3 245.3 245.3 245.3 245.3 245.3 253.2 253.2 253.2 253.2 253.2 253.2 253.2 253.2 253.2 253.2 253.2 253.2 253.2 253.2 253.2 253.2 253.2 253.2 253.2 253.2 253.2 253.2 253.2 253.2 253.2 253.2 253.2 253.2 253.2 253.2 253.2 253.2 253.2 253.2 253.2 253.2 253.2 253.2 253.2 253.2 253.2 253.2 253.2 253.2 253.2 253.2 253.2 253.2 253.2 253.2 253.2 253.2 253.2 253.2 253.2 253.2 253.2 253.2 253.2 253.2 231.8 231.8 231.8 231.8 231.8 231.8 231.8 231.8 231.8 231.8 231.8 231.8 231.8 231.8 231.8 231.8 231.8 231.8 231.8 231.8 231.8 231.8 231.8 231.8 231.8 231.8 231.8 231.8 231.8 
245.3 245.3 245.3 245.3 245.3 245.3 245.3 245.3 245.3 245.3 245.3 253.2 253.2 253.2 253.2 253.2 253.2 253.2 253.2 253.2 253.2 253.2 253.2 253.2 253.2 253.2 253.2 253.2 253.2 253.2 253.2 253.2 253.2 253.2 253.2 253.2 253.2 253.2 253.2 253.2 253.2 253.2 253.2 253.2 253.2 253.2 253.2 253.2 253.2 253.2 253.2 253.2 253.2 253.2 253.2 253.2 253.2 253.2 253.2 253.2 253.2 253.2 253.2 253.2 253.2 253.2 253.2 253.2 253.2 253.2 253.2 231.8 231.8 231.8 231.8 231.8 231.8 231.8 231.8 231.8 231.8 231.8 231.8 231.8 231.8 231.8 231.8 231.8 231.8 231.8 231.8 231.8 231.8 231.8 231.8 231.8 231.8 231.8 231.8 231.8 
245.3 245.3 245.3 245.3 245.3 245.3 245.3 245.3 245.3 245.3 245.3 253.2 253.2 253.2 253.2 253.2 253.2 253.2 253.2 253.2 253.2 253.2 253.2 253.2 253.2 253.2 253.2 253.2 253.2 253.2 253.2 253.2 253.2 253.2 253.2 253.2 253.2 253.2 253.2 253.2 253.2 253.2 253.2 253.2 253.2 253.2 253.2 253.2 253.2 253.2 253.2 253.2 253.2 253.2 253.2 253.2 253.2 253.2 253.2 253.2 253.2 253.2 253.2 253.2 253.2 253.2 253.2 253.2 253.2 253.2 253.2 231.8 231.8 231.8 231.8 231.8 231.8 231.8 231.8 231.8 231.8 231.8 231.8 231.8 231.8 231.8 231.8 231.8 231.8 231.8 231.8 231.8 231.8 231.8 231.8 231.8 231.8 231.8 231.8 231.8 
245.3 245.3 245.3 245.3 245.3 245.3 245.3 245.3 245.3 245.3 245.3 253.2 253.2 253.2 253.2 253.2 253.2 253.2 253.2 253.2 253.2 253.2 253.2 253.2 253.2 253.2 253.2 253.2 253.2 253.2 253.2 253.2 253.2 253.2 253.2 253.2 253.2 253.2 253.2 253.2 253.2 253.2 253.2 253.2 253.2 253.2 253.2 253.2 253.2 253.2 253.2 253.2 253.2 253.2 253.2 253.2 253.2 253.2 253.2 253.2 253.2 253.2 253.2 253.2 253.2 253.2 253.2 253.2 253.2 253.2 253.2 231.8 231.8 231.8 231.8 231.8 231.8 231.8 231.8 231.8 231.8 231.8 231.8 231.8 231.8 231.8 231.8 231.8 231.8 231.8 231.8 231.8 231.8 231.8 231.8 231.8 231.8 231.8 231.8 231.8 
245.3 245.3 245.3 245.3 245.3 245.3 245.3 245.3 245.3 245.3 245.3 253.2 253.2 253.2 253.2 253.2 253.2 253.2 253.2 253.2 253.2 253.2 253.2 253.2 253.2 253.2 253.2 253.2 253.2 253.2 253.2 253.2 253.2 253.2 253.2 253.2 253.2 253.2 253.2 253.2 253.2 253.2 253.2 253.2 253.2 253.2 253.2 253.2 253.2 253.2 253.2 253.2 253.2 253.2 253.2 253.2 253.2 253.2 253.2 253.2 253.2 253.2 253.2 253.2 253.2 253.2 253.2 253.2 253.2 253.2 253.2 231.8 231.8 231.8 231.8 231.8 231.8 231.8 231.8 231.8 231.8 231.8 231.8 231.8 231.8 231.8 231.8 231.8 231.8 231.8 231.8 231.8 231.8 231.8 231.8 231.8 231.8 231.8 231.8 231.8 
245.3 245.3 245.3 245.3 245.3 245.3 245.3 245.3 245.3 245.3 245.3 253.2 253.2 253.2 253.2 253.2 253.2 253.2 253.2 253.2 253.2 253.2 253.2 253.2 253.2 253.2 253.2 253.2 253.2 253.2 253.2 253.2 253.2 253.2 253.2 253.2 253.2 253.2 253.2 253.2 253.2 253.2 253.2 253.2 253.2 253.2 253.2 253.2 253.2 253.2 253.2 253.2 253.2 253.2 253.2 253.2 253.2 253.2 253.2 253.2 253.2 253.2 253.2 253.2 253.2 253.2 253.2 253.2 253.2 253.2 253.2 231.8 231.8 231.8 231.8 231.8 231.8 231.8 231.8 231.8 231.8 231.8 231.8 231.8 231.8 231.8 231.8 231.8 231.8 231.8 231.8 231.8 231.8 231.8 231.8 231.8 231.8 231.8 231.8 231.8 
245.3 245.3 245.3 245.3 245.3 245.3 245.3 245.3 245.3 245.3 245.3 253.2 253.2 253.2 253.2 253.2 253.2 253.2 253.2 253.2 253.2 253.2 253.2 253.2 253.2 253.2 253.2 253.2 253.2 253.2 253.2 253.2 253.2 253.2 253.2 253.2 253.2 253.2 253.2 253.2 253.2 253.2 253.2 253.2 253.2 253.2 253.2 253.2 253.2 253.2 253.2 253.2 253.2 253.2 253.2 253.2 253.2 253.2 253.2 253.2 253.2 253.2 253.2 253.2 253.2 253.2 253.2 253.2 253.2 253.2 253.2 231.8 231.8 231.8 231.8 231.8 231.8 231.8 231.8 231.8 231.8 231.8 231.8 231.8 231.8 231.8 231.8 231.8 231.8 231.8 231.8 231.8 231.8 231.8 231.8 231.8 231.8 231.8 231.8 231.8 
245.3 245.3 245.3 245.3 245.3 245.3 245.3 245.3 245.3 245.3 245.3 253.2 253.2 253.2 253.2 253.2 253.2 253.2 253.2 253.2 253.2 253.2 253.2 253.2 253.2 253.2 253.2 253.2 253.2 253.2 253.2 253.2 253.2 253.2 253.2 253.2 253.2 253.2 253.2 253.2 253.2 253.2 253.2 253.2 253.2 253.2 253.2 253.2 253.2 253.2 253.2 253.2 253.2 253.2 253.2 253.2 253.2 253.2 253.2 253.2 253.2 253.2 253.2 253.2 253.2 253.2 253.2 253.2 253.2 253.2 253.2 231.8 231.8 231.8 231.8 231.8 231.8 231.8 231.8 231.8 231.8 231.8 231.8 231.8 231.8 231.8 231.8 231.8 231.8 231.8 231.8 231.8 231.8 231.8 231.8 231.8 231.8 231.8 231.8 231.8 
245.3 245.3 245.3 245.3 245.3 245.3 245.3 245.3 245.3 245.3 245.3 253.2 253.2 253.2 253.2 253.2 253.2 253.2 253.2 253.2 253.2 253.2 253.2 253.2 253.2 253.2 253.2 253.2 253.2 253.2 253.2 253.2 253.2 253.2 253.2 253.2 253.2 253.2 253.2 253.2 253.2 253.2 253.2 253.2 253.2 253.2 253.2 253.2 253.2 253.2 253.2 253.2 253.2 253.2 253.2 253.2 253.2 253.2 253.2 253.2 253.2 253.2 253.2 253.2 253.2 253.2 253.2 253.2 253.2 253.2 253.2 231.8 231.8 231.8 231.8 231.8 231.8 231.8 231.8 231.8 231.8 231.8 231.8 231.8 231.8 231.8 231.8 231.8 231.8 231.8 231.8 231.8 231.8 231.8 231.8 231.8 231.8 231.8 231.8 231.8 
245.3 245.3 245.3 245.3 245.3 245.3 245.3 245.3 245.3 245.3 245.3 253.2 253.2 253.2 253.2 253.2 253.2 253.2 253.2 253.2 253.2 253.2 253.2 253.2 253.2 253.2 253.2 253.2 253.2 253.2 253.2 253.2 253.2 253.2 253.2 253.2 253.2 253.2 253.2 253.2 253.2 253.2 253.2 253.2 253.2 253.2 253.2 253.2 253.2 253.2 253.2 253.2 253.2 253.2 253.2 253.2 253.2 253.2 253.2 253.2 253.2 253.2 253.2 253.2 253.2 253.2 253.2 253.2 253.2 253.2 253.2 231.8 231.8 231.8 231.8 231.8 231.8 231.8 231.8 231.8 231.8 231.8 231.8 231.8 231.8 231.8 231.8 231.8 231.8 231.8 231.8 231.8 231.8 231.8 231.8 231.8 231.8 231.8 231.8 231.8 
245.3 245.3 245.3 245.3 245.3 245.3 245.3 245.3 245.3 245.3 245.3 253.2 253.2 253.2 253.2 253.2 253.2 253.2 253.2 253.2 253.2 253.2 253.2 253.2 253.2 253.2 253.2 253.2 253.2 253.2 253.2 253.2 253.2 253.2 253.2 253.2 253.2 253.2 253.2 253.2 253.2 253.2 253.2 253.2 253.2 253.2 253.2 253.2 253.2 253.2 253.2 253.2 253.2 253.2 253.2 253.2 253.2 253.2 253.2 253.2 253.2 253.2 253.2 253.2 253.2 253.2 253.2 253.2 253.2 253.2 253.2 231.8 231.8 231.8 231.8 231.8 231.8 231.8 231.8 231.8 231.8 231.8 231.8 231.8 231.8 231.8 231.8 231.8 231.8 231.8 231.8 231.8 231.8 231.8 231.8 231.8 231.8 231.8 231.8 231.8 
245.3 245.3 245.3 245.3 245.3 245.3 245.3 245.3 245.3 245.3 245.3 253.2 253.2 253.2 253.2 253.2 253.2 253.2 253.2 253.2 253.2 253.2 253.2 253.2 253.2 253.2 253.2 253.2 253.2 253.2 253.2 253.2 253.2 253.2 253.2 253.2 253.2 253.2 253.2 253.2 253.2 253.2 253.2 253.2 253.2 253.2 253.2 253.2 253.2 253.2 253.2 253.2 253.2 253.2 253.2 253.2 253.2 253.2 253.2 253.2 253.2 253.2 253.2 253.2 253.2 253.2 253.2 253.2 253.2 253.2 253.2 231.8 231.8 231.8 231.8 231.8 231.8 231.8 231.8 231.8 231.8 231.8 231.8 231.8 231.8 231.8 231.8 231.8 231.8 231.8 231.8 231.8 231.8 231.8 231.8 231.8 231.8 231.8 231.8 231.8 
245.3 245.3 245.3 245.3 245.3 245.3 245.3 245.3 245.3 245.3 245.3 253.2 253.2 253.2 253.2 253.2 253.2 253.2 253.2 253.2 253.2 253.2 253.2 253.2 253.2 253.2 253.2 253.2 253.2 253.2 253.2 253.2 253.2 253.2 253.2 253.2 253.2 253.2 253.2 253.2 253.2 253.2 253.2 253.2 253.2 253.2 253.2 253.2 253.2 253.2 253.2 253.2 253.2 253.2 253.2 253.2 253.2 253.2 253.2 253.2 253.2 253.2 253.2 253.2 253.2 253.2 253.2 253.2 253.2 253.2 253.2 231.8 231.8 231.8 231.8 231.8 231.8 231.8 231.8 231.8 231.8 231.8 231.8 231.8 231.8 231.8 231.8 231.8 231.8 231.8 231.8 231.8 231.8 231.8 231.8 231.8 231.8 231.8 231.8 231.8 
245.3 245.3 245.3 245.3 245.3 245.3 245.3 245.3 245.3 245.3 245.3 253.2 253.2 253.2 253.2 253.2 253.2 253.2 253.2 253.2 253.2 253.2 253.2 253.2 253.2 253.2 253.2 253.2 253.2 253.2 253.2 253.2 253.2 253.2 253.2 253.2 253.2 253.2 253.2 253.2 253.2 253.2 253.2 253.2 253.2 253.2 253.2 253.2 253.2 253.2 253.2 253.2 253.2 253.2 253.2 253.2 253.2 253.2 253.2 253.2 253.2 253.2 253.2 253.2 253.2 253.2 253.2 253.2 253.2 253.2 253.2 231.8 231.8 231.8 231.8 231.8 231.8 231.8 231.8 231.8 231.8 231.8 231.8 231.8 231.8 231.8 231.8 231.8 231.8 231.8 231.8 231.8 231.8 231.8 231.8 231.8 231.8 231.8 231.8 231.8 
