ncols         100
nrows         100
xllcorner     -59982.863281
yllcorner     1851083.022172
cellsize      1000
NODATA_value  -9999
139.1 139.1 139.1 139.1 139.1 139.1 139.1 139.1 139.1 139.1 139.1 124.9 124.9 124.9 124.9 124.9 124.9 124.9 124.9 124.9 124.9 124.9 124.9 124.9 124.9 124.9 124.9 124.9 124.9 124.9 124.9 124.9 124.9 124.9 124.9 124.9 124.9 124.9 124.9 124.9 124.9 124.9 124.9 124.9 124.9 124.9 124.9 124.9 124.9 124.9 124.9 124.9 124.9 124.9 124.9 124.9 124.9 124.9 124.9 124.9 124.9 124.9 124.9 124.9 124.9 124.9 124.9 124.9 124.9 124.9 124.9 109.1 109.1 109.1 109.1 109.1 109.1 109.1 109.1 109.1 109.1 109.1 109.1 109.1 109.1 109.1 109.1 109.1 109.1 109.1 109.1 109.1 109.1 109.1 109.1 109.1 109.1 109.1 109.1 109.1 
139.1 139.1 139.1 139.1 139.1 139.1 139.1 139.1 139.1 139.1 139.1 124.9 124.9 124.9 124.9 124.9 124.9 124.9 124.9 124.9 124.9 124.9 124.9 124.9 124.9 124.9 124.9 124.9 124.9 124.9 124.9 124.9 124.9 124.9 124.9 124.9 124.9 124.9 124.9 124.9 124.9 124.9 124.9 124.9 124.9 124.9 124.9 124.9 124.9 124.9 124.9 124.9 124.9 124.9 124.9 124.9 124.9 124.9 124.9 124.9 124.9 124.9 124.9 124.9 124.9 124.9 124.9 124.9 124.9 124.9 124.9 109.1 109.1 109.1 109.1 109.1 109.1 109.1 109.1 109.1 109.1 109.1 109.1 109.1 109.1 109.1 109.1 109.1 109.1 109.1 109.1 109.1 109.1 109.1 109.1 109.1 109.1 109.1 109.1 109.1 
139.1 139.1 139.1 139.1 139.1 139.1 139.1 139.1 139.1 139.1 139.1 124.9 124.9 124.9 124.9 124.9 124.9 124.9 124.9 124.9 124.9 124.9 124.9 124.9 124.9 124.9 124.9 124.9 124.9 124.9 124.9 124.9 124.9 124.9 124.9 124.9 124.9 124.9 124.9 124.9 124.9 124.9 124.9 124.9 124.9 124.9 124.9 124.9 124.9 124.9 124.9 124.9 124.9 124.9 124.9 124.9 124.9 124.9 124.9 124.9 124.9 124.9 124.9 124.9 124.9 124.9 124.9 124.9 124.9 124.9 124.9 109.1 109.1 109.1 109.1 109.1 109.1 109.1 109.1 109.1 109.1 109.1 109.1 109.1 109.1 109.1 109.1 109.1 109.1 109.1 109.1 109.1 109.1 109.1 109.1 109.1 109.1 109.1 109.1 109.1 
139.1 139.1 139.1 139.1 139.1 139.1 139.1 139.1 139.1 139.1 139.1 124.9 124.9 124.9 124.9 124.9 124.9 124.9 124.9 124.9 124.9 124.9 124.9 124.9 124.9 124.9 124.9 124.9 124.9 124.9 124.9 124.9 124.9 124.9 124.9 124.9 124.9 124.9 124.9 124.9 124.9 124.9 124.9 124.9 124.9 124.9 124.9 124.9 124.9 124.9 124.9 124.9 124.9 124.9 124.9 124.9 124.9 124.9 124.9 124.9 124.9 124.9 124.9 124.9 124.9 124.9 124.9 124.9 124.9 124.9 124.9 109.1 109.1 109.1 109.1 109.1 109.1 109.1 109.1 109.1 109.1 109.1 109.1 109.1 109.1 109.1 109.1 109.1 109.1 109.1 109.1 109.1 109.1 109.1 109.1 109.1 109.1 109.1 109.1 109.1 
139.1 139.1 139.1 139.1 139.1 139.1 139.1 139.1 139.1 139.1 139.1 124.9 124.9 124.9 124.9 124.9 124.9 124.9 124.9 124.9 124.9 124.9 124.9 124.9 124.9 124.9 124.9 124.9 124.9 124.9 124.9 124.9 124.9 124.9 124.9 124.9 124.9 124.9 124.9 124.9 124.9 124.9 124.9 124.9 124.9 124.9 124.9 124.9 124.9 124.9 124.9 124.9 124.9 124.9 124.9 124.9 124.9 124.9 124.9 124.9 124.9 124.9 124.9 124.9 124.9 124.9 124.9 124.9 124.9 124.9 124.9 109.1 109.1 109.1 109.1 109.1 109.1 109.1 109.1 109.1 109.1 109.1 109.1 109.1 109.1 109.1 109.1 109.1 109.1 109.1 109.1 109.1 109.1 109.1 109.1 109.1 109.1 109.1 109.1 109.1 
139.1 139.1 139.1 139.1 139.1 139.1 139.1 139.1 139.1 139.1 139.1 124.9 124.9 124.9 124.9 124.9 124.9 124.9 124.9 124.9 124.9 124.9 124.9 124.9 124.9 124.9 124.9 124.9 124.9 124.9 124.9 124.9 124.9 124.9 124.9 124.9 124.9 124.9 124.9 124.9 124.9 124.9 124.9 124.9 124.9 124.9 124.9 124.9 124.9 124.9 124.9 124.9 124.9 124.9 124.9 124.9 124.9 124.9 124.9 124.9 124.9 124.9 124.9 124.9 124.9 124.9 124.9 124.9 124.9 124.9 124.9 109.1 109.1 109.1 109.1 109.1 109.1 109.1 109.1 109.1 109.1 109.1 109.1 109.1 109.1 109.1 109.1 109.1 109.1 109.1 109.1 109.1 109.1 109.1 109.1 109.1 109.1 109.1 109.1 109.1 
139.1 139.1 139.1 139.1 139.1 139.1 139.1 139.1 139.1 139.1 139.1 124.9 124.9 124.9 124.9 124.9 124.9 124.9 124.9 124.9 124.9 124.9 124.9 124.9 124.9 124.9 124.9 124.9 124.9 124.9 124.9 124.9 124.9 124.9 124.9 124.9 124.9 124.9 124.9 124.9 124.9 124.9 124.9 124.9 124.9 124.9 124.9 124.9 124.9 124.9 124.9 124.9 124.9 124.9 124.9 124.9 124.9 124.9 124.9 124.9 124.9 124.9 124.9 124.9 124.9 124.9 124.9 124.9 124.9 124.9 124.9 109.1 109.1 109.1 109.1 109.1 109.1 109.1 109.1 109.1 109.1 109.1 109.1 109.1 109.1 109.1 109.1 109.1 109.1 109.1 109.1 109.1 109.1 109.1 109.1 109.1 109.1 109.1 109.1 109.1 
139.1 139.1 139.1 139.1 139.1 139.1 139.1 139.1 139.1 139.1 139.1 124.9 124.9 124.9 124.9 124.9 124.9 124.9 124.9 124.9 124.9 124.9 124.9 124.9 124.9 124.9 124.9 124.9 124.9 124.9 124.9 124.9 124.9 124.9 124.9 124.9 124.9 124.9 124.9 124.9 124.9 124.9 124.9 124.9 124.9 124.9 124.9 124.9 124.9 124.9 124.9 124.9 124.9 124.9 124.9 124.9 124.9 124.9 124.9 124.9 124.9 124.9 124.9 124.9 124.9 124.9 124.9 124.9 124.9 124.9 124.9 109.1 109.1 109.1 109.1 109.1 109.1 109.1 109.1 109.1 109.1 109.1 109.1 109.1 109.1 109.1 109.1 109.1 109.1 109.1 109.1 109.1 109.1 109.1 109.1 109.1 109.1 109.1 109.1 109.1 
139.1 139.1 139.1 139.1 139.1 139.1 139.1 139.1 139.1 139.1 139.1 124.9 124.9 124.9 124.9 124.9 124.9 124.9 124.9 124.9 124.9 124.9 124.9 124.9 124.9 124.9 124.9 124.9 124.9 124.9 124.9 124.9 124.9 124.9 124.9 124.9 124.9 124.9 124.9 124.9 124.9 124.9 124.9 124.9 124.9 124.9 124.9 124.9 124.9 124.9 124.9 124.9 124.9 124.9 124.9 124.9 124.9 124.9 124.9 124.9 124.9 124.9 124.9 124.9 124.9 124.9 124.9 124.9 124.9 124.9 124.9 109.1 109.1 109.1 109.1 109.1 109.1 109.1 109.1 109.1 109.1 109.1 109.1 109.1 109.1 109.1 109.1 109.1 109.1 109.1 109.1 109.1 109.1 109.1 109.1 109.1 109.1 109.1 109.1 109.1 
148.9 148.9 148.9 148.9 148.9 148.9 148.9 148.9 148.9 148.9 148.9 143.9 143.9 143.9 143.9 143.9 143.9 143.9 143.9 143.9 143.9 143.9 143.9 143.9 143.9 143.9 143.9 143.9 143.9 143.9 143.9 143.9 143.9 143.9 143.9 143.9 143.9 143.9 143.9 143.9 143.9 143.9 143.9 143.9 143.9 143.9 143.9 143.9 143.9 143.9 143.9 143.9 143.9 143.9 143.9 143.9 143.9 143.9 143.9 143.9 143.9 143.9 143.9 143.9 143.9 143.9 143.9 143.9 143.9 143.9 143.9 125.4 125.4 125.4 125.4 125.4 125.4 125.4 125.4 125.4 125.4 125.4 125.4 125.4 125.4 125.4 125.4 125.4 125.4 125.4 125.4 125.4 125.4 125.4 125.4 125.4 125.4 125.4 125.4 125.4 
148.9 148.9 148.9 148.9 148.9 148.9 148.9 148.9 148.9 148.9 148.9 143.9 143.9 143.9 143.9 143.9 143.9 143.9 143.9 143.9 143.9 143.9 143.9 143.9 143.9 143.9 143.9 143.9 143.9 143.9 143.9 143.9 143.9 143.9 143.9 143.9 143.9 143.9 143.9 143.9 143.9 143.9 143.9 143.9 143.9 143.9 143.9 143.9 143.9 143.9 143.9 143.9 143.9 143.9 143.9 143.9 143.9 143.9 143.9 143.9 143.9 143.9 143.9 143.9 143.9 143.9 143.9 143.9 143.9 143.9 143.9 125.4 125.4 125.4 125.4 125.4 125.4 125.4 125.4 125.4 125.4 125.4 125.4 125.4 125.4 125.4 125.4 125.4 125.4 125.4 125.4 125.4 125.4 125.4 125.4 125.4 125.4 125.4 125.4 125.4 
148.9 148.9 148.9 148.9 148.9 148.9 148.9 148.9 148.9 148.9 148.9 143.9 143.9 143.9 143.9 143.9 143.9 143.9 143.9 143.9 143.9 143.9 143.9 143.9 143.9 143.9 143.9 143.9 143.9 143.9 143.9 143.9 143.9 143.9 143.9 143.9 143.9 143.9 143.9 143.9 143.9 143.9 143.9 143.9 143.9 143.9 143.9 143.9 143.9 143.9 143.9 143.9 143.9 143.9 143.9 143.9 143.9 143.9 143.9 143.9 143.9 143.9 143.9 143.9 143.9 143.9 143.9 143.9 143.9 143.9 143.9 125.4 125.4 125.4 125.4 125.4 125.4 125.4 125.4 125.4 125.4 125.4 125.4 125.4 125.4 125.4 125.4 125.4 125.4 125.4 125.4 125.4 125.4 125.4 125.4 125.4 125.4 125.4 125.4 125.4 
148.9 148.9 148.9 148.9 148.9 148.9 148.9 148.9 148.9 148.9 148.9 143.9 143.9 143.9 143.9 143.9 143.9 143.9 143.9 143.9 143.9 143.9 143.9 143.9 143.9 143.9 143.9 143.9 143.9 143.9 143.9 143.9 143.9 143.9 143.9 143.9 143.9 143.9 143.9 143.9 143.9 143.9 143.9 143.9 143.9 143.9 143.9 143.9 143.9 143.9 143.9 143.9 143.9 143.9 143.9 143.9 143.9 143.9 143.9 143.9 143.9 143.9 143.9 143.9 143.9 143.9 143.9 143.9 143.9 143.9 143.9 125.4 125.4 125.4 125.4 125.4 125.4 125.4 125.4 125.4 125.4 125.4 125.4 125.4 125.4 125.4 125.4 125.4 125.4 125.4 125.4 125.4 125.4 125.4 125.4 125.4 125.4 125.4 125.4 125.4 
148.9 148.9 148.9 148.9 148.9 148.9 148.9 148.9 148.9 148.9 148.9 143.9 143.9 143.9 143.9 143.9 143.9 143.9 143.9 143.9 143.9 143.9 143.9 143.9 143.9 143.9 143.9 143.9 143.9 143.9 143.9 143.9 143.9 143.9 143.9 143.9 143.9 143.9 143.9 143.9 143.9 143.9 143.9 143.9 143.9 143.9 143.9 143.9 143.9 143.9 143.9 143.9 143.9 143.9 143.9 143.9 143.9 143.9 143.9 143.9 143.9 143.9 143.9 143.9 143.9 143.9 143.9 143.9 143.9 143.9 143.9 125.4 125.4 125.4 125.4 125.4 125.4 125.4 125.4 125.4 125.4 125.4 125.4 125.4 125.4 125.4 125.4 125.4 125.4 125.4 125.4 125.4 125.4 125.4 125.4 125.4 125.4 125.4 125.4 125.4 
148.9 148.9 148.9 148.9 148.9 148.9 148.9 148.9 148.9 148.9 148.9 143.9 143.9 143.9 143.9 143.9 143.9 143.9 143.9 143.9 143.9 143.9 143.9 143.9 143.9 143.9 143.9 143.9 143.9 143.9 143.9 143.9 143.9 143.9 143.9 143.9 143.9 143.9 143.9 143.9 143.9 143.9 143.9 143.9 143.9 143.9 143.9 143.9 143.9 143.9 143.9 143.9 143.9 143.9 143.9 143.9 143.9 143.9 143.9 143.9 143.9 143.9 143.9 143.9 143.9 143.9 143.9 143.9 143.9 143.9 143.9 125.4 125.4 125.4 125.4 125.4 125.4 125.4 125.4 125.4 125.4 125.4 125.4 125.4 125.4 125.4 125.4 125.4 125.4 125.4 125.4 125.4 125.4 125.4 125.4 125.4 125.4 125.4 125.4 125.4 
148.9 148.9 148.9 148.9 148.9 148.9 148.9 148.9 148.9 148.9 148.9 143.9 143.9 143.9 143.9 143.9 143.9 143.9 143.9 143.9 143.9 143.9 143.9 143.9 143.9 143.9 143.9 143.9 143.9 143.9 143.9 143.9 143.9 143.9 143.9 143.9 143.9 143.9 143.9 143.9 143.9 143.9 143.9 143.9 143.9 143.9 143.9 143.9 143.9 143.9 143.9 143.9 143.9 143.9 143.9 143.9 143.9 143.9 143.9 143.9 143.9 143.9 143.9 143.9 143.9 143.9 143.9 143.9 143.9 143.9 143.9 125.4 125.4 125.4 125.4 125.4 125.4 125.4 125.4 125.4 125.4 125.4 125.4 125.4 125.4 125.4 125.4 125.4 125.4 125.4 125.4 125.4 125.4 125.4 125.4 125.4 125.4 125.4 125.4 125.4 
148.9 148.9 148.9 148.9 148.9 148.9 148.9 148.9 148.9 148.9 148.9 143.9 143.9 143.9 143.9 143.9 143.9 143.9 143.9 143.9 143.9 143.9 143.9 143.9 143.9 143.9 143.9 143.9 143.9 143.9 143.9 143.9 143.9 143.9 143.9 143.9 143.9 143.9 143.9 143.9 143.9 143.9 143.9 143.9 143.9 143.9 143.9 143.9 143.9 143.9 143.9 143.9 143.9 143.9 143.9 143.9 143.9 143.9 143.9 143.9 143.9 143.9 143.9 143.9 143.9 143.9 143.9 143.9 143.9 143.9 143.9 125.4 125.4 125.4 125.4 125.4 125.4 125.4 125.4 125.4 125.4 125.4 125.4 125.4 125.4 125.4 125.4 125.4 125.4 125.4 125.4 125.4 125.4 125.4 125.4 125.4 125.4 125.4 125.4 125.4 
148.9 148.9 148.9 148.9 148.9 148.9 148.9 148.9 148.9 148.9 148.9 143.9 143.9 143.9 143.9 143.9 143.9 143.9 143.9 143.9 143.9 143.9 143.9 143.9 143.9 143.9 143.9 143.9 143.9 143.9 143.9 143.9 143.9 143.9 143.9 143.9 143.9 143.9 143.9 143.9 143.9 143.9 143.9 143.9 143.9 143.9 143.9 143.9 143.9 143.9 143.9 143.9 143.9 143.9 143.9 143.9 143.9 143.9 143.9 143.9 143.9 143.9 143.9 143.9 143.9 143.9 143.9 143.9 143.9 143.9 143.9 125.4 125.4 125.4 125.4 125.4 125.4 125.4 125.4 125.4 125.4 125.4 125.4 125.4 125.4 125.4 125.4 125.4 125.4 125.4 125.4 125.4 125.4 125.4 125.4 125.4 125.4 125.4 125.4 125.4 
148.9 148.9 148.9 148.9 148.9 148.9 148.9 148.9 148.9 148.9 148.9 143.9 143.9 143.9 143.9 143.9 143.9 143.9 143.9 143.9 143.9 143.9 143.9 143.9 143.9 143.9 143.9 143.9 143.9 143.9 143.9 143.9 143.9 143.9 143.9 143.9 143.9 143.9 143.9 143.9 143.9 143.9 143.9 143.9 143.9 143.9 143.9 143.9 143.9 143.9 143.9 143.9 143.9 143.9 143.9 143.9 143.9 143.9 143.9 143.9 143.9 143.9 143.9 143.9 143.9 143.9 143.9 143.9 143.9 143.9 143.9 125.4 125.4 125.4 125.4 125.4 125.4 125.4 125.4 125.4 125.4 125.4 125.4 125.4 125.4 125.4 125.4 125.4 125.4 125.4 125.4 125.4 125.4 125.4 125.4 125.4 125.4 125.4 125.4 125.4 
148.9 148.9 148.9 148.9 148.9 148.9 148.9 148.9 148.9 148.9 148.9 143.9 143.9 143.9 143.9 143.9 143.9 143.9 143.9 143.9 143.9 143.9 143.9 143.9 143.9 143.9 143.9 143.9 143.9 143.9 143.9 143.9 143.9 143.9 143.9 143.9 143.9 143.9 143.9 143.9 143.9 143.9 143.9 143.9 143.9 143.9 143.9 143.9 143.9 143.9 143.9 143.9 143.9 143.9 143.9 143.9 143.9 143.9 143.9 143.9 143.9 143.9 143.9 143.9 143.9 143.9 143.9 143.9 143.9 143.9 143.9 125.4 125.4 125.4 125.4 125.4 125.4 125.4 125.4 125.4 125.4 125.4 125.4 125.4 125.4 125.4 125.4 125.4 125.4 125.4 125.4 125.4 125.4 125.4 125.4 125.4 125.4 125.4 125.4 125.4 
148.9 148.9 148.9 148.9 148.9 148.9 148.9 148.9 148.9 148.9 148.9 143.9 143.9 143.9 143.9 143.9 143.9 143.9 143.9 143.9 143.9 143.9 143.9 143.9 143.9 143.9 143.9 143.9 143.9 143.9 143.9 143.9 143.9 143.9 143.9 143.9 143.9 143.9 143.9 143.9 143.9 143.9 143.9 143.9 143.9 143.9 143.9 143.9 143.9 143.9 143.9 143.9 143.9 143.9 143.9 143.9 143.9 143.9 143.9 143.9 143.9 143.9 143.9 143.9 143.9 143.9 143.9 143.9 143.9 143.9 143.9 125.4 125.4 125.4 125.4 125.4 125.4 125.4 125.4 125.4 125.4 125.4 125.4 125.4 125.4 125.4 125.4 125.4 125.4 125.4 125.4 125.4 125.4 125.4 125.4 125.4 125.4 125.4 125.4 125.4 
148.9 148.9 148.9 148.9 148.9 148.9 148.9 148.9 148.9 148.9 148.9 143.9 143.9 143.9 143.9 143.9 143.9 143.9 143.9 143.9 143.9 143.9 143.9 143.9 143.9 143.9 143.9 143.9 143.9 143.9 143.9 143.9 143.9 143.9 143.9 143.9 143.9 143.9 143.9 143.9 143.9 143.9 143.9 143.9 143.9 143.9 143.9 143.9 143.9 143.9 143.9 143.9 143.9 143.9 143.9 143.9 143.9 143.9 143.9 143.9 143.9 143.9 143.9 143.9 143.9 143.9 143.9 143.9 143.9 143.9 143.9 125.4 125.4 125.4 125.4 125.4 125.4 125.4 125.4 125.4 125.4 125.4 125.4 125.4 125.4 125.4 125.4 125.4 125.4 125.4 125.4 125.4 125.4 125.4 125.4 125.4 125.4 125.4 125.4 125.4 
148.9 148.9 148.9 148.9 148.9 148.9 148.9 148.9 148.9 148.9 148.9 143.9 143.9 143.9 143.9 143.9 143.9 143.9 143.9 143.9 143.9 143.9 143.9 143.9 143.9 143.9 143.9 143.9 143.9 143.9 143.9 143.9 143.9 143.9 143.9 143.9 143.9 143.9 143.9 143.9 143.9 143.9 143.9 143.9 143.9 143.9 143.9 143.9 143.9 143.9 143.9 143.9 143.9 143.9 143.9 143.9 143.9 143.9 143.9 143.9 143.9 143.9 143.9 143.9 143.9 143.9 143.9 143.9 143.9 143.9 143.9 125.4 125.4 125.4 125.4 125.4 125.4 125.4 125.4 125.4 125.4 125.4 125.4 125.4 125.4 125.4 125.4 125.4 125.4 125.4 125.4 125.4 125.4 125.4 125.4 125.4 125.4 125.4 125.4 125.4 
148.9 148.9 148.9 148.9 148.9 148.9 148.9 148.9 148.9 148.9 148.9 143.9 143.9 143.9 143.9 143.9 143.9 143.9 143.9 143.9 143.9 143.9 143.9 143.9 143.9 143.9 143.9 143.9 143.9 143.9 143.9 143.9 143.9 143.9 143.9 143.9 143.9 143.9 143.9 143.9 143.9 143.9 143.9 143.9 143.9 143.9 143.9 143.9 143.9 143.9 143.9 143.9 143.9 143.9 143.9 143.9 143.9 143.9 143.9 143.9 143.9 143.9 143.9 143.9 143.9 143.9 143.9 143.9 143.9 143.9 143.9 125.4 125.4 125.4 125.4 125.4 125.4 125.4 125.4 125.4 125.4 125.4 125.4 125.4 125.4 125.4 125.4 125.4 125.4 125.4 125.4 125.4 125.4 125.4 125.4 125.4 125.4 125.4 125.4 125.4 
148.9 148.9 148.9 148.9 148.9 148.9 148.9 148.9 148.9 148.9 148.9 143.9 143.9 143.9 143.9 143.9 143.9 143.9 143.9 143.9 143.9 143.9 143.9 143.9 143.9 143.9 143.9 143.9 143.9 143.9 143.9 143.9 143.9 143.9 143.9 143.9 143.9 143.9 143.9 143.9 143.9 143.9 143.9 143.9 143.9 143.9 143.9 143.9 143.9 143.9 143.9 143.9 143.9 143.9 143.9 143.9 143.9 143.9 143.9 143.9 143.9 143.9 143.9 143.9 143.9 143.9 143.9 143.9 143.9 143.9 143.9 125.4 125.4 125.4 125.4 125.4 125.4 125.4 125.4 125.4 125.4 125.4 125.4 125.4 125.4 125.4 125.4 125.4 125.4 125.4 125.4 125.4 125.4 125.4 125.4 125.4 125.4 125.4 125.4 125.4 
148.9 148.9 148.9 148.9 148.9 148.9 148.9 148.9 148.9 148.9 148.9 143.9 143.9 143.9 143.9 143.9 143.9 143.9 143.9 143.9 143.9 143.9 143.9 143.9 143.9 143.9 143.9 143.9 143.9 143.9 143.9 143.9 143.9 143.9 143.9 143.9 143.9 143.9 143.9 143.9 143.9 143.9 143.9 143.9 143.9 143.9 143.9 143.9 143.9 143.9 143.9 143.9 143.9 143.9 143.9 143.9 143.9 143.9 143.9 143.9 143.9 143.9 143.9 143.9 143.9 143.9 143.9 143.9 143.9 143.9 143.9 125.4 125.4 125.4 125.4 125.4 125.4 125.4 125.4 125.4 125.4 125.4 125.4 125.4 125.4 125.4 125.4 125.4 125.4 125.4 125.4 125.4 125.4 125.4 125.4 125.4 125.4 125.4 125.4 125.4 
148.9 148.9 148.9 148.9 148.9 148.9 148.9 148.9 148.9 148.9 148.9 143.9 143.9 143.9 143.9 143.9 143.9 143.9 143.9 143.9 143.9 143.9 143.9 143.9 143.9 143.9 143.9 143.9 143.9 143.9 143.9 143.9 143.9 143.9 143.9 143.9 143.9 143.9 143.9 143.9 143.9 143.9 143.9 143.9 143.9 143.9 143.9 143.9 143.9 143.9 143.9 143.9 143.9 143.9 143.9 143.9 143.9 143.9 143.9 143.9 143.9 143.9 143.9 143.9 143.9 143.9 143.9 143.9 143.9 143.9 143.9 125.4 125.4 125.4 125.4 125.4 125.4 125.4 125.4 125.4 125.4 125.4 125.4 125.4 125.4 125.4 125.4 125.4 125.4 125.4 125.4 125.4 125.4 125.4 125.4 125.4 125.4 125.4 125.4 125.4 
148.9 148.9 148.9 148.9 148.9 148.9 148.9 148.9 148.9 148.9 148.9 143.9 143.9 143.9 143.9 143.9 143.9 143.9 143.9 143.9 143.9 143.9 143.9 143.9 143.9 143.9 143.9 143.9 143.9 143.9 143.9 143.9 143.9 143.9 143.9 143.9 143.9 143.9 143.9 143.9 143.9 143.9 143.9 143.9 143.9 143.9 143.9 143.9 143.9 143.9 143.9 143.9 143.9 143.9 143.9 143.9 143.9 143.9 143.9 143.9 143.9 143.9 143.9 143.9 143.9 143.9 143.9 143.9 143.9 143.9 143.9 125.4 125.4 125.4 125.4 125.4 125.4 125.4 125.4 125.4 125.4 125.4 125.4 125.4 125.4 125.4 125.4 125.4 125.4 125.4 125.4 125.4 125.4 125.4 125.4 125.4 125.4 125.4 125.4 125.4 
148.9 148.9 148.9 148.9 148.9 148.9 148.9 148.9 148.9 148.9 148.9 143.9 143.9 143.9 143.9 143.9 143.9 143.9 143.9 143.9 143.9 143.9 143.9 143.9 143.9 143.9 143.9 143.9 143.9 143.9 143.9 143.9 143.9 143.9 143.9 143.9 143.9 143.9 143.9 143.9 143.9 143.9 143.9 143.9 143.9 143.9 143.9 143.9 143.9 143.9 143.9 143.9 143.9 143.9 143.9 143.9 143.9 143.9 143.9 143.9 143.9 143.9 143.9 143.9 143.9 143.9 143.9 143.9 143.9 143.9 143.9 125.4 125.4 125.4 125.4 125.4 125.4 125.4 125.4 125.4 125.4 125.4 125.4 125.4 125.4 125.4 125.4 125.4 125.4 125.4 125.4 125.4 125.4 125.4 125.4 125.4 125.4 125.4 125.4 125.4 
148.9 148.9 148.9 148.9 148.9 148.9 148.9 148.9 148.9 148.9 148.9 143.9 143.9 143.9 143.9 143.9 143.9 143.9 143.9 143.9 143.9 143.9 143.9 143.9 143.9 143.9 143.9 143.9 143.9 143.9 143.9 143.9 143.9 143.9 143.9 143.9 143.9 143.9 143.9 143.9 143.9 143.9 143.9 143.9 143.9 143.9 143.9 143.9 143.9 143.9 143.9 143.9 143.9 143.9 143.9 143.9 143.9 143.9 143.9 143.9 143.9 143.9 143.9 143.9 143.9 143.9 143.9 143.9 143.9 143.9 143.9 125.4 125.4 125.4 125.4 125.4 125.4 125.4 125.4 125.4 125.4 125.4 125.4 125.4 125.4 125.4 125.4 125.4 125.4 125.4 125.4 125.4 125.4 125.4 125.4 125.4 125.4 125.4 125.4 125.4 
148.9 148.9 148.9 148.9 148.9 148.9 148.9 148.9 148.9 148.9 148.9 143.9 143.9 143.9 143.9 143.9 143.9 143.9 143.9 143.9 143.9 143.9 143.9 143.9 143.9 143.9 143.9 143.9 143.9 143.9 143.9 143.9 143.9 143.9 143.9 143.9 143.9 143.9 143.9 143.9 143.9 143.9 143.9 143.9 143.9 143.9 143.9 143.9 143.9 143.9 143.9 143.9 143.9 143.9 143.9 143.9 143.9 143.9 143.9 143.9 143.9 143.9 143.9 143.9 143.9 143.9 143.9 143.9 143.9 143.9 143.9 125.4 125.4 125.4 125.4 125.4 125.4 125.4 125.4 125.4 125.4 125.4 125.4 125.4 125.4 125.4 125.4 125.4 125.4 125.4 125.4 125.4 125.4 125.4 125.4 125.4 125.4 125.4 125.4 125.4 
148.9 148.9 148.9 148.9 148.9 148.9 148.9 148.9 148.9 148.9 148.9 143.9 143.9 143.9 143.9 143.9 143.9 143.9 143.9 143.9 143.9 143.9 143.9 143.9 143.9 143.9 143.9 143.9 143.9 143.9 143.9 143.9 143.9 143.9 143.9 143.9 143.9 143.9 143.9 143.9 143.9 143.9 143.9 143.9 143.9 143.9 143.9 143.9 143.9 143.9 143.9 143.9 143.9 143.9 143.9 143.9 143.9 143.9 143.9 143.9 143.9 143.9 143.9 143.9 143.9 143.9 143.9 143.9 143.9 143.9 143.9 125.4 125.4 125.4 125.4 125.4 125.4 125.4 125.4 125.4 125.4 125.4 125.4 125.4 125.4 125.4 125.4 125.4 125.4 125.4 125.4 125.4 125.4 125.4 125.4 125.4 125.4 125.4 125.4 125.4 
148.9 148.9 148.9 148.9 148.9 148.9 148.9 148.9 148.9 148.9 148.9 143.9 143.9 143.9 143.9 143.9 143.9 143.9 143.9 143.9 143.9 143.9 143.9 143.9 143.9 143.9 143.9 143.9 143.9 143.9 143.9 143.9 143.9 143.9 143.9 143.9 143.9 143.9 143.9 143.9 143.9 143.9 143.9 143.9 143.9 143.9 143.9 143.9 143.9 143.9 143.9 143.9 143.9 143.9 143.9 143.9 143.9 143.9 143.9 143.9 143.9 143.9 143.9 143.9 143.9 143.9 143.9 143.9 143.9 143.9 143.9 125.4 125.4 125.4 125.4 125.4 125.4 125.4 125.4 125.4 125.4 125.4 125.4 125.4 125.4 125.4 125.4 125.4 125.4 125.4 125.4 125.4 125.4 125.4 125.4 125.4 125.4 125.4 125.4 125.4 
148.9 148.9 148.9 148.9 148.9 148.9 148.9 148.9 148.9 148.9 148.9 143.9 143.9 143.9 143.9 143.9 143.9 143.9 143.9 143.9 143.9 143.9 143.9 143.9 143.9 143.9 143.9 143.9 143.9 143.9 143.9 143.9 143.9 143.9 143.9 143.9 143.9 143.9 143.9 143.9 143.9 143.9 143.9 143.9 143.9 143.9 143.9 143.9 143.9 143.9 143.9 143.9 143.9 143.9 143.9 143.9 143.9 143.9 143.9 143.9 143.9 143.9 143.9 143.9 143.9 143.9 143.9 143.9 143.9 143.9 143.9 125.4 125.4 125.4 125.4 125.4 125.4 125.4 125.4 125.4 125.4 125.4 125.4 125.4 125.4 125.4 125.4 125.4 125.4 125.4 125.4 125.4 125.4 125.4 125.4 125.4 125.4 125.4 125.4 125.4 
148.9 148.9 148.9 148.9 148.9 148.9 148.9 148.9 148.9 148.9 148.9 143.9 143.9 143.9 143.9 143.9 143.9 143.9 143.9 143.9 143.9 143.9 143.9 143.9 143.9 143.9 143.9 143.9 143.9 143.9 143.9 143.9 143.9 143.9 143.9 143.9 143.9 143.9 143.9 143.9 143.9 143.9 143.9 143.9 143.9 143.9 143.9 143.9 143.9 143.9 143.9 143.9 143.9 143.9 143.9 143.9 143.9 143.9 143.9 143.9 143.9 143.9 143.9 143.9 143.9 143.9 143.9 143.9 143.9 143.9 143.9 125.4 125.4 125.4 125.4 125.4 125.4 125.4 125.4 125.4 125.4 125.4 125.4 125.4 125.4 125.4 125.4 125.4 125.4 125.4 125.4 125.4 125.4 125.4 125.4 125.4 125.4 125.4 125.4 125.4 
148.9 148.9 148.9 148.9 148.9 148.9 148.9 148.9 148.9 148.9 148.9 143.9 143.9 143.9 143.9 143.9 143.9 143.9 143.9 143.9 143.9 143.9 143.9 143.9 143.9 143.9 143.9 143.9 143.9 143.9 143.9 143.9 143.9 143.9 143.9 143.9 143.9 143.9 143.9 143.9 143.9 143.9 143.9 143.9 143.9 143.9 143.9 143.9 143.9 143.9 143.9 143.9 143.9 143.9 143.9 143.9 143.9 143.9 143.9 143.9 143.9 143.9 143.9 143.9 143.9 143.9 143.9 143.9 143.9 143.9 143.9 125.4 125.4 125.4 125.4 125.4 125.4 125.4 125.4 125.4 125.4 125.4 125.4 125.4 125.4 125.4 125.4 125.4 125.4 125.4 125.4 125.4 125.4 125.4 125.4 125.4 125.4 125.4 125.4 125.4 
148.9 148.9 148.9 148.9 148.9 148.9 148.9 148.9 148.9 148.9 148.9 143.9 143.9 143.9 143.9 143.9 143.9 143.9 143.9 143.9 143.9 143.9 143.9 143.9 143.9 143.9 143.9 143.9 143.9 143.9 143.9 143.9 143.9 143.9 143.9 143.9 143.9 143.9 143.9 143.9 143.9 143.9 143.9 143.9 143.9 143.9 143.9 143.9 143.9 143.9 143.9 143.9 143.9 143.9 143.9 143.9 143.9 143.9 143.9 143.9 143.9 143.9 143.9 143.9 143.9 143.9 143.9 143.9 143.9 143.9 143.9 125.4 125.4 125.4 125.4 125.4 125.4 125.4 125.4 125.4 125.4 125.4 125.4 125.4 125.4 125.4 125.4 125.4 125.4 125.4 125.4 125.4 125.4 125.4 125.4 125.4 125.4 125.4 125.4 125.4 
148.9 148.9 148.9 148.9 148.9 148.9 148.9 148.9 148.9 148.9 148.9 143.9 143.9 143.9 143.9 143.9 143.9 143.9 143.9 143.9 143.9 143.9 143.9 143.9 143.9 143.9 143.9 143.9 143.9 143.9 143.9 143.9 143.9 143.9 143.9 143.9 143.9 143.9 143.9 143.9 143.9 143.9 143.9 143.9 143.9 143.9 143.9 143.9 143.9 143.9 143.9 143.9 143.9 143.9 143.9 143.9 143.9 143.9 143.9 143.9 143.9 143.9 143.9 143.9 143.9 143.9 143.9 143.9 143.9 143.9 143.9 125.4 125.4 125.4 125.4 125.4 125.4 125.4 125.4 125.4 125.4 125.4 125.4 125.4 125.4 125.4 125.4 125.4 125.4 125.4 125.4 125.4 125.4 125.4 125.4 125.4 125.4 125.4 125.4 125.4 
148.9 148.9 148.9 148.9 148.9 148.9 148.9 148.9 148.9 148.9 148.9 143.9 143.9 143.9 143.9 143.9 143.9 143.9 143.9 143.9 143.9 143.9 143.9 143.9 143.9 143.9 143.9 143.9 143.9 143.9 143.9 143.9 143.9 143.9 143.9 143.9 143.9 143.9 143.9 143.9 143.9 143.9 143.9 143.9 143.9 143.9 143.9 143.9 143.9 143.9 143.9 143.9 143.9 143.9 143.9 143.9 143.9 143.9 143.9 143.9 143.9 143.9 143.9 143.9 143.9 143.9 143.9 143.9 143.9 143.9 143.9 125.4 125.4 125.4 125.4 125.4 125.4 125.4 125.4 125.4 125.4 125.4 125.4 125.4 125.4 125.4 125.4 125.4 125.4 125.4 125.4 125.4 125.4 125.4 125.4 125.4 125.4 125.4 125.4 125.4 
148.9 148.9 148.9 148.9 148.9 148.9 148.9 148.9 148.9 148.9 148.9 143.9 143.9 143.9 143.9 143.9 143.9 143.9 143.9 143.9 143.9 143.9 143.9 143.9 143.9 143.9 143.9 143.9 143.9 143.9 143.9 143.9 143.9 143.9 143.9 143.9 143.9 143.9 143.9 143.9 143.9 143.9 143.9 143.9 143.9 143.9 143.9 143.9 143.9 143.9 143.9 143.9 143.9 143.9 143.9 143.9 143.9 143.9 143.9 143.9 143.9 143.9 143.9 143.9 143.9 143.9 143.9 143.9 143.9 143.9 143.9 125.4 125.4 125.4 125.4 125.4 125.4 125.4 125.4 125.4 125.4 125.4 125.4 125.4 125.4 125.4 125.4 125.4 125.4 125.4 125.4 125.4 125.4 125.4 125.4 125.4 125.4 125.4 125.4 125.4 
148.9 148.9 148.9 148.9 148.9 148.9 148.9 148.9 148.9 148.9 148.9 143.9 143.9 143.9 143.9 143.9 143.9 143.9 143.9 143.9 143.9 143.9 143.9 143.9 143.9 143.9 143.9 143.9 143.9 143.9 143.9 143.9 143.9 143.9 143.9 143.9 143.9 143.9 143.9 143.9 143.9 143.9 143.9 143.9 143.9 143.9 143.9 143.9 143.9 143.9 143.9 143.9 143.9 143.9 143.9 143.9 143.9 143.9 143.9 143.9 143.9 143.9 143.9 143.9 143.9 143.9 143.9 143.9 143.9 143.9 143.9 125.4 125.4 125.4 125.4 125.4 125.4 125.4 125.4 125.4 125.4 125.4 125.4 125.4 125.4 125.4 125.4 125.4 125.4 125.4 125.4 125.4 125.4 125.4 125.4 125.4 125.4 125.4 125.4 125.4 
148.9 148.9 148.9 148.9 148.9 148.9 148.9 148.9 148.9 148.9 148.9 143.9 143.9 143.9 143.9 143.9 143.9 143.9 143.9 143.9 143.9 143.9 143.9 143.9 143.9 143.9 143.9 143.9 143.9 143.9 143.9 143.9 143.9 143.9 143.9 143.9 143.9 143.9 143.9 143.9 143.9 143.9 143.9 143.9 143.9 143.9 143.9 143.9 143.9 143.9 143.9 143.9 143.9 143.9 143.9 143.9 143.9 143.9 143.9 143.9 143.9 143.9 143.9 143.9 143.9 143.9 143.9 143.9 143.9 143.9 143.9 125.4 125.4 125.4 125.4 125.4 125.4 125.4 125.4 125.4 125.4 125.4 125.4 125.4 125.4 125.4 125.4 125.4 125.4 125.4 125.4 125.4 125.4 125.4 125.4 125.4 125.4 125.4 125.4 125.4 
148.9 148.9 148.9 148.9 148.9 148.9 148.9 148.9 148.9 148.9 148.9 143.9 143.9 143.9 143.9 143.9 143.9 143.9 143.9 143.9 143.9 143.9 143.9 143.9 143.9 143.9 143.9 143.9 143.9 143.9 143.9 143.9 143.9 143.9 143.9 143.9 143.9 143.9 143.9 143.9 143.9 143.9 143.9 143.9 143.9 143.9 143.9 143.9 143.9 143.9 143.9 143.9 143.9 143.9 143.9 143.9 143.9 143.9 143.9 143.9 143.9 143.9 143.9 143.9 143.9 143.9 143.9 143.9 143.9 143.9 143.9 125.4 125.4 125.4 125.4 125.4 125.4 125.4 125.4 125.4 125.4 125.4 125.4 125.4 125.4 125.4 125.4 125.4 125.4 125.4 125.4 125.4 125.4 125.4 125.4 125.4 125.4 125.4 125.4 125.4 
148.9 148.9 148.9 148.9 148.9 148.9 148.9 148.9 148.9 148.9 148.9 143.9 143.9 143.9 143.9 143.9 143.9 143.9 143.9 143.9 143.9 143.9 143.9 143.9 143.9 143.9 143.9 143.9 143.9 143.9 143.9 143.9 143.9 143.9 143.9 143.9 143.9 143.9 143.9 143.9 143.9 143.9 143.9 143.9 143.9 143.9 143.9 143.9 143.9 143.9 143.9 143.9 143.9 143.9 143.9 143.9 143.9 143.9 143.9 143.9 143.9 143.9 143.9 143.9 143.9 143.9 143.9 143.9 143.9 143.9 143.9 125.4 125.4 125.4 125.4 125.4 125.4 125.4 125.4 125.4 125.4 125.4 125.4 125.4 125.4 125.4 125.4 125.4 125.4 125.4 125.4 125.4 125.4 125.4 125.4 125.4 125.4 125.4 125.4 125.4 
148.9 148.9 148.9 148.9 148.9 148.9 148.9 148.9 148.9 148.9 148.9 143.9 143.9 143.9 143.9 143.9 143.9 143.9 143.9 143.9 143.9 143.9 143.9 143.9 143.9 143.9 143.9 143.9 143.9 143.9 143.9 143.9 143.9 143.9 143.9 143.9 143.9 143.9 143.9 143.9 143.9 143.9 143.9 143.9 143.9 143.9 143.9 143.9 143.9 143.9 143.9 143.9 143.9 143.9 143.9 143.9 143.9 143.9 143.9 143.9 143.9 143.9 143.9 143.9 143.9 143.9 143.9 143.9 143.9 143.9 143.9 125.4 125.4 125.4 125.4 125.4 125.4 125.4 125.4 125.4 125.4 125.4 125.4 125.4 125.4 125.4 125.4 125.4 125.4 125.4 125.4 125.4 125.4 125.4 125.4 125.4 125.4 125.4 125.4 125.4 
148.9 148.9 148.9 148.9 148.9 148.9 148.9 148.9 148.9 148.9 148.9 143.9 143.9 143.9 143.9 143.9 143.9 143.9 143.9 143.9 143.9 143.9 143.9 143.9 143.9 143.9 143.9 143.9 143.9 143.9 143.9 143.9 143.9 143.9 143.9 143.9 143.9 143.9 143.9 143.9 143.9 143.9 143.9 143.9 143.9 143.9 143.9 143.9 143.9 143.9 143.9 143.9 143.9 143.9 143.9 143.9 143.9 143.9 143.9 143.9 143.9 143.9 143.9 143.9 143.9 143.9 143.9 143.9 143.9 143.9 143.9 125.4 125.4 125.4 125.4 125.4 125.4 125.4 125.4 125.4 125.4 125.4 125.4 125.4 125.4 125.4 125.4 125.4 125.4 125.4 125.4 125.4 125.4 125.4 125.4 125.4 125.4 125.4 125.4 125.4 
148.9 148.9 148.9 148.9 148.9 148.9 148.9 148.9 148.9 148.9 148.9 143.9 143.9 143.9 143.9 143.9 143.9 143.9 143.9 143.9 143.9 143.9 143.9 143.9 143.9 143.9 143.9 143.9 143.9 143.9 143.9 143.9 143.9 143.9 143.9 143.9 143.9 143.9 143.9 143.9 143.9 143.9 143.9 143.9 143.9 143.9 143.9 143.9 143.9 143.9 143.9 143.9 143.9 143.9 143.9 143.9 143.9 143.9 143.9 143.9 143.9 143.9 143.9 143.9 143.9 143.9 143.9 143.9 143.9 143.9 143.9 125.4 125.4 125.4 125.4 125.4 125.4 125.4 125.4 125.4 125.4 125.4 125.4 125.4 125.4 125.4 125.4 125.4 125.4 125.4 125.4 125.4 125.4 125.4 125.4 125.4 125.4 125.4 125.4 125.4 
148.9 148.9 148.9 148.9 148.9 148.9 148.9 148.9 148.9 148.9 148.9 143.9 143.9 143.9 143.9 143.9 143.9 143.9 143.9 143.9 143.9 143.9 143.9 143.9 143.9 143.9 143.9 143.9 143.9 143.9 143.9 143.9 143.9 143.9 143.9 143.9 143.9 143.9 143.9 143.9 143.9 143.9 143.9 143.9 143.9 143.9 143.9 143.9 143.9 143.9 143.9 143.9 143.9 143.9 143.9 143.9 143.9 143.9 143.9 143.9 143.9 143.9 143.9 143.9 143.9 143.9 143.9 143.9 143.9 143.9 143.9 125.4 125.4 125.4 125.4 125.4 125.4 125.4 125.4 125.4 125.4 125.4 125.4 125.4 125.4 125.4 125.4 125.4 125.4 125.4 125.4 125.4 125.4 125.4 125.4 125.4 125.4 125.4 125.4 125.4 
148.9 148.9 148.9 148.9 148.9 148.9 148.9 148.9 148.9 148.9 148.9 143.9 143.9 143.9 143.9 143.9 143.9 143.9 143.9 143.9 143.9 143.9 143.9 143.9 143.9 143.9 143.9 143.9 143.9 143.9 143.9 143.9 143.9 143.9 143.9 143.9 143.9 143.9 143.9 143.9 143.9 143.9 143.9 143.9 143.9 143.9 143.9 143.9 143.9 143.9 143.9 143.9 143.9 143.9 143.9 143.9 143.9 143.9 143.9 143.9 143.9 143.9 143.9 143.9 143.9 143.9 143.9 143.9 143.9 143.9 143.9 125.4 125.4 125.4 125.4 125.4 125.4 125.4 125.4 125.4 125.4 125.4 125.4 125.4 125.4 125.4 125.4 125.4 125.4 125.4 125.4 125.4 125.4 125.4 125.4 125.4 125.4 125.4 125.4 125.4 
148.9 148.9 148.9 148.9 148.9 148.9 148.9 148.9 148.9 148.9 148.9 143.9 143.9 143.9 143.9 143.9 143.9 143.9 143.9 143.9 143.9 143.9 143.9 143.9 143.9 143.9 143.9 143.9 143.9 143.9 143.9 143.9 143.9 143.9 143.9 143.9 143.9 143.9 143.9 143.9 143.9 143.9 143.9 143.9 143.9 143.9 143.9 143.9 143.9 143.9 143.9 143.9 143.9 143.9 143.9 143.9 143.9 143.9 143.9 143.9 143.9 143.9 143.9 143.9 143.9 143.9 143.9 143.9 143.9 143.9 143.9 125.4 125.4 125.4 125.4 125.4 125.4 125.4 125.4 125.4 125.4 125.4 125.4 125.4 125.4 125.4 125.4 125.4 125.4 125.4 125.4 125.4 125.4 125.4 125.4 125.4 125.4 125.4 125.4 125.4 
148.9 148.9 148.9 148.9 148.9 148.9 148.9 148.9 148.9 148.9 148.9 143.9 143.9 143.9 143.9 143.9 143.9 143.9 143.9 143.9 143.9 143.9 143.9 143.9 143.9 143.9 143.9 143.9 143.9 143.9 143.9 143.9 143.9 143.9 143.9 143.9 143.9 143.9 143.9 143.9 143.9 143.9 143.9 143.9 143.9 143.9 143.9 143.9 143.9 143.9 143.9 143.9 143.9 143.9 143.9 143.9 143.9 143.9 143.9 143.9 143.9 143.9 143.9 143.9 143.9 143.9 143.9 143.9 143.9 143.9 143.9 125.4 125.4 125.4 125.4 125.4 125.4 125.4 125.4 125.4 125.4 125.4 125.4 125.4 125.4 125.4 125.4 125.4 125.4 125.4 125.4 125.4 125.4 125.4 125.4 125.4 125.4 125.4 125.4 125.4 
148.9 148.9 148.9 148.9 148.9 148.9 148.9 148.9 148.9 148.9 148.9 143.9 143.9 143.9 143.9 143.9 143.9 143.9 143.9 143.9 143.9 143.9 143.9 143.9 143.9 143.9 143.9 143.9 143.9 143.9 143.9 143.9 143.9 143.9 143.9 143.9 143.9 143.9 143.9 143.9 143.9 143.9 143.9 143.9 143.9 143.9 143.9 143.9 143.9 143.9 143.9 143.9 143.9 143.9 143.9 143.9 143.9 143.9 143.9 143.9 143.9 143.9 143.9 143.9 143.9 143.9 143.9 143.9 143.9 143.9 143.9 125.4 125.4 125.4 125.4 125.4 125.4 125.4 125.4 125.4 125.4 125.4 125.4 125.4 125.4 125.4 125.4 125.4 125.4 125.4 125.4 125.4 125.4 125.4 125.4 125.4 125.4 125.4 125.4 125.4 
148.9 148.9 148.9 148.9 148.9 148.9 148.9 148.9 148.9 148.9 148.9 143.9 143.9 143.9 143.9 143.9 143.9 143.9 143.9 143.9 143.9 143.9 143.9 143.9 143.9 143.9 143.9 143.9 143.9 143.9 143.9 143.9 143.9 143.9 143.9 143.9 143.9 143.9 143.9 143.9 143.9 143.9 143.9 143.9 143.9 143.9 143.9 143.9 143.9 143.9 143.9 143.9 143.9 143.9 143.9 143.9 143.9 143.9 143.9 143.9 143.9 143.9 143.9 143.9 143.9 143.9 143.9 143.9 143.9 143.9 143.9 125.4 125.4 125.4 125.4 125.4 125.4 125.4 125.4 125.4 125.4 125.4 125.4 125.4 125.4 125.4 125.4 125.4 125.4 125.4 125.4 125.4 125.4 125.4 125.4 125.4 125.4 125.4 125.4 125.4 
148.9 148.9 148.9 148.9 148.9 148.9 148.9 148.9 148.9 148.9 148.9 143.9 143.9 143.9 143.9 143.9 143.9 143.9 143.9 143.9 143.9 143.9 143.9 143.9 143.9 143.9 143.9 143.9 143.9 143.9 143.9 143.9 143.9 143.9 143.9 143.9 143.9 143.9 143.9 143.9 143.9 143.9 143.9 143.9 143.9 143.9 143.9 143.9 143.9 143.9 143.9 143.9 143.9 143.9 143.9 143.9 143.9 143.9 143.9 143.9 143.9 143.9 143.9 143.9 143.9 143.9 143.9 143.9 143.9 143.9 143.9 125.4 125.4 125.4 125.4 125.4 125.4 125.4 125.4 125.4 125.4 125.4 125.4 125.4 125.4 125.4 125.4 125.4 125.4 125.4 125.4 125.4 125.4 125.4 125.4 125.4 125.4 125.4 125.4 125.4 
148.9 148.9 148.9 148.9 148.9 148.9 148.9 148.9 148.9 148.9 148.9 143.9 143.9 143.9 143.9 143.9 143.9 143.9 143.9 143.9 143.9 143.9 143.9 143.9 143.9 143.9 143.9 143.9 143.9 143.9 143.9 143.9 143.9 143.9 143.9 143.9 143.9 143.9 143.9 143.9 143.9 143.9 143.9 143.9 143.9 143.9 143.9 143.9 143.9 143.9 143.9 143.9 143.9 143.9 143.9 143.9 143.9 143.9 143.9 143.9 143.9 143.9 143.9 143.9 143.9 143.9 143.9 143.9 143.9 143.9 143.9 125.4 125.4 125.4 125.4 125.4 125.4 125.4 125.4 125.4 125.4 125.4 125.4 125.4 125.4 125.4 125.4 125.4 125.4 125.4 125.4 125.4 125.4 125.4 125.4 125.4 125.4 125.4 125.4 125.4 
148.9 148.9 148.9 148.9 148.9 148.9 148.9 148.9 148.9 148.9 148.9 143.9 143.9 143.9 143.9 143.9 143.9 143.9 143.9 143.9 143.9 143.9 143.9 143.9 143.9 143.9 143.9 143.9 143.9 143.9 143.9 143.9 143.9 143.9 143.9 143.9 143.9 143.9 143.9 143.9 143.9 143.9 143.9 143.9 143.9 143.9 143.9 143.9 143.9 143.9 143.9 143.9 143.9 143.9 143.9 143.9 143.9 143.9 143.9 143.9 143.9 143.9 143.9 143.9 143.9 143.9 143.9 143.9 143.9 143.9 143.9 125.4 125.4 125.4 125.4 125.4 125.4 125.4 125.4 125.4 125.4 125.4 125.4 125.4 125.4 125.4 125.4 125.4 125.4 125.4 125.4 125.4 125.4 125.4 125.4 125.4 125.4 125.4 125.4 125.4 
148.9 148.9 148.9 148.9 148.9 148.9 148.9 148.9 148.9 148.9 148.9 143.9 143.9 143.9 143.9 143.9 143.9 143.9 143.9 143.9 143.9 143.9 143.9 143.9 143.9 143.9 143.9 143.9 143.9 143.9 143.9 143.9 143.9 143.9 143.9 143.9 143.9 143.9 143.9 143.9 143.9 143.9 143.9 143.9 143.9 143.9 143.9 143.9 143.9 143.9 143.9 143.9 143.9 143.9 143.9 143.9 143.9 143.9 143.9 143.9 143.9 143.9 143.9 143.9 143.9 143.9 143.9 143.9 143.9 143.9 143.9 125.4 125.4 125.4 125.4 125.4 125.4 125.4 125.4 125.4 125.4 125.4 125.4 125.4 125.4 125.4 125.4 125.4 125.4 125.4 125.4 125.4 125.4 125.4 125.4 125.4 125.4 125.4 125.4 125.4 
148.9 148.9 148.9 148.9 148.9 148.9 148.9 148.9 148.9 148.9 148.9 143.9 143.9 143.9 143.9 143.9 143.9 143.9 143.9 143.9 143.9 143.9 143.9 143.9 143.9 143.9 143.9 143.9 143.9 143.9 143.9 143.9 143.9 143.9 143.9 143.9 143.9 143.9 143.9 143.9 143.9 143.9 143.9 143.9 143.9 143.9 143.9 143.9 143.9 143.9 143.9 143.9 143.9 143.9 143.9 143.9 143.9 143.9 143.9 143.9 143.9 143.9 143.9 143.9 143.9 143.9 143.9 143.9 143.9 143.9 143.9 125.4 125.4 125.4 125.4 125.4 125.4 125.4 125.4 125.4 125.4 125.4 125.4 125.4 125.4 125.4 125.4 125.4 125.4 125.4 125.4 125.4 125.4 125.4 125.4 125.4 125.4 125.4 125.4 125.4 
148.9 148.9 148.9 148.9 148.9 148.9 148.9 148.9 148.9 148.9 148.9 143.9 143.9 143.9 143.9 143.9 143.9 143.9 143.9 143.9 143.9 143.9 143.9 143.9 143.9 143.9 143.9 143.9 143.9 143.9 143.9 143.9 143.9 143.9 143.9 143.9 143.9 143.9 143.9 143.9 143.9 143.9 143.9 143.9 143.9 143.9 143.9 143.9 143.9 143.9 143.9 143.9 143.9 143.9 143.9 143.9 143.9 143.9 143.9 143.9 143.9 143.9 143.9 143.9 143.9 143.9 143.9 143.9 143.9 143.9 143.9 125.4 125.4 125.4 125.4 125.4 125.4 125.4 125.4 125.4 125.4 125.4 125.4 125.4 125.4 125.4 125.4 125.4 125.4 125.4 125.4 125.4 125.4 125.4 125.4 125.4 125.4 125.4 125.4 125.4 
148.9 148.9 148.9 148.9 148.9 148.9 148.9 148.9 148.9 148.9 148.9 143.9 143.9 143.9 143.9 143.9 143.9 143.9 143.9 143.9 143.9 143.9 143.9 143.9 143.9 143.9 143.9 143.9 143.9 143.9 143.9 143.9 143.9 143.9 143.9 143.9 143.9 143.9 143.9 143.9 143.9 143.9 143.9 143.9 143.9 143.9 143.9 143.9 143.9 143.9 143.9 143.9 143.9 143.9 143.9 143.9 143.9 143.9 143.9 143.9 143.9 143.9 143.9 143.9 143.9 143.9 143.9 143.9 143.9 143.9 143.9 125.4 125.4 125.4 125.4 125.4 125.4 125.4 125.4 125.4 125.4 125.4 125.4 125.4 125.4 125.4 125.4 125.4 125.4 125.4 125.4 125.4 125.4 125.4 125.4 125.4 125.4 125.4 125.4 125.4 
148.9 148.9 148.9 148.9 148.9 148.9 148.9 148.9 148.9 148.9 148.9 143.9 143.9 143.9 143.9 143.9 143.9 143.9 143.9 143.9 143.9 143.9 143.9 143.9 143.9 143.9 143.9 143.9 143.9 143.9 143.9 143.9 143.9 143.9 143.9 143.9 143.9 143.9 143.9 143.9 143.9 143.9 143.9 143.9 143.9 143.9 143.9 143.9 143.9 143.9 143.9 143.9 143.9 143.9 143.9 143.9 143.9 143.9 143.9 143.9 143.9 143.9 143.9 143.9 143.9 143.9 143.9 143.9 143.9 143.9 143.9 125.4 125.4 125.4 125.4 125.4 125.4 125.4 125.4 125.4 125.4 125.4 125.4 125.4 125.4 125.4 125.4 125.4 125.4 125.4 125.4 125.4 125.4 125.4 125.4 125.4 125.4 125.4 125.4 125.4 
148.9 148.9 148.9 148.9 148.9 148.9 148.9 148.9 148.9 148.9 148.9 143.9 143.9 143.9 143.9 143.9 143.9 143.9 143.9 143.9 143.9 143.9 143.9 143.9 143.9 143.9 143.9 143.9 143.9 143.9 143.9 143.9 143.9 143.9 143.9 143.9 143.9 143.9 143.9 143.9 143.9 143.9 143.9 143.9 143.9 143.9 143.9 143.9 143.9 143.9 143.9 143.9 143.9 143.9 143.9 143.9 143.9 143.9 143.9 143.9 143.9 143.9 143.9 143.9 143.9 143.9 143.9 143.9 143.9 143.9 143.9 125.4 125.4 125.4 125.4 125.4 125.4 125.4 125.4 125.4 125.4 125.4 125.4 125.4 125.4 125.4 125.4 125.4 125.4 125.4 125.4 125.4 125.4 125.4 125.4 125.4 125.4 125.4 125.4 125.4 
148.9 148.9 148.9 148.9 148.9 148.9 148.9 148.9 148.9 148.9 148.9 143.9 143.9 143.9 143.9 143.9 143.9 143.9 143.9 143.9 143.9 143.9 143.9 143.9 143.9 143.9 143.9 143.9 143.9 143.9 143.9 143.9 143.9 143.9 143.9 143.9 143.9 143.9 143.9 143.9 143.9 143.9 143.9 143.9 143.9 143.9 143.9 143.9 143.9 143.9 143.9 143.9 143.9 143.9 143.9 143.9 143.9 143.9 143.9 143.9 143.9 143.9 143.9 143.9 143.9 143.9 143.9 143.9 143.9 143.9 143.9 125.4 125.4 125.4 125.4 125.4 125.4 125.4 125.4 125.4 125.4 125.4 125.4 125.4 125.4 125.4 125.4 125.4 125.4 125.4 125.4 125.4 125.4 125.4 125.4 125.4 125.4 125.4 125.4 125.4 
148.9 148.9 148.9 148.9 148.9 148.9 148.9 148.9 148.9 148.9 148.9 143.9 143.9 143.9 143.9 143.9 143.9 143.9 143.9 143.9 143.9 143.9 143.9 143.9 143.9 143.9 143.9 143.9 143.9 143.9 143.9 143.9 143.9 143.9 143.9 143.9 143.9 143.9 143.9 143.9 143.9 143.9 143.9 143.9 143.9 143.9 143.9 143.9 143.9 143.9 143.9 143.9 143.9 143.9 143.9 143.9 143.9 143.9 143.9 143.9 143.9 143.9 143.9 143.9 143.9 143.9 143.9 143.9 143.9 143.9 143.9 125.4 125.4 125.4 125.4 125.4 125.4 125.4 125.4 125.4 125.4 125.4 125.4 125.4 125.4 125.4 125.4 125.4 125.4 125.4 125.4 125.4 125.4 125.4 125.4 125.4 125.4 125.4 125.4 125.4 
148.9 148.9 148.9 148.9 148.9 148.9 148.9 148.9 148.9 148.9 148.9 143.9 143.9 143.9 143.9 143.9 143.9 143.9 143.9 143.9 143.9 143.9 143.9 143.9 143.9 143.9 143.9 143.9 143.9 143.9 143.9 143.9 143.9 143.9 143.9 143.9 143.9 143.9 143.9 143.9 143.9 143.9 143.9 143.9 143.9 143.9 143.9 143.9 143.9 143.9 143.9 143.9 143.9 143.9 143.9 143.9 143.9 143.9 143.9 143.9 143.9 143.9 143.9 143.9 143.9 143.9 143.9 143.9 143.9 143.9 143.9 125.4 125.4 125.4 125.4 125.4 125.4 125.4 125.4 125.4 125.4 125.4 125.4 125.4 125.4 125.4 125.4 125.4 125.4 125.4 125.4 125.4 125.4 125.4 125.4 125.4 125.4 125.4 125.4 125.4 
148.9 148.9 148.9 148.9 148.9 148.9 148.9 148.9 148.9 148.9 148.9 143.9 143.9 143.9 143.9 143.9 143.9 143.9 143.9 143.9 143.9 143.9 143.9 143.9 143.9 143.9 143.9 143.9 143.9 143.9 143.9 143.9 143.9 143.9 143.9 143.9 143.9 143.9 143.9 143.9 143.9 143.9 143.9 143.9 143.9 143.9 143.9 143.9 143.9 143.9 143.9 143.9 143.9 143.9 143.9 143.9 143.9 143.9 143.9 143.9 143.9 143.9 143.9 143.9 143.9 143.9 143.9 143.9 143.9 143.9 143.9 125.4 125.4 125.4 125.4 125.4 125.4 125.4 125.4 125.4 125.4 125.4 125.4 125.4 125.4 125.4 125.4 125.4 125.4 125.4 125.4 125.4 125.4 125.4 125.4 125.4 125.4 125.4 125.4 125.4 
148.9 148.9 148.9 148.9 148.9 148.9 148.9 148.9 148.9 148.9 148.9 143.9 143.9 143.9 143.9 143.9 143.9 143.9 143.9 143.9 143.9 143.9 143.9 143.9 143.9 143.9 143.9 143.9 143.9 143.9 143.9 143.9 143.9 143.9 143.9 143.9 143.9 143.9 143.9 143.9 143.9 143.9 143.9 143.9 143.9 143.9 143.9 143.9 143.9 143.9 143.9 143.9 143.9 143.9 143.9 143.9 143.9 143.9 143.9 143.9 143.9 143.9 143.9 143.9 143.9 143.9 143.9 143.9 143.9 143.9 143.9 125.4 125.4 125.4 125.4 125.4 125.4 125.4 125.4 125.4 125.4 125.4 125.4 125.4 125.4 125.4 125.4 125.4 125.4 125.4 125.4 125.4 125.4 125.4 125.4 125.4 125.4 125.4 125.4 125.4 
148.9 148.9 148.9 148.9 148.9 148.9 148.9 148.9 148.9 148.9 148.9 143.9 143.9 143.9 143.9 143.9 143.9 143.9 143.9 143.9 143.9 143.9 143.9 143.9 143.9 143.9 143.9 143.9 143.9 143.9 143.9 143.9 143.9 143.9 143.9 143.9 143.9 143.9 143.9 143.9 143.9 143.9 143.9 143.9 143.9 143.9 143.9 143.9 143.9 143.9 143.9 143.9 143.9 143.9 143.9 143.9 143.9 143.9 143.9 143.9 143.9 143.9 143.9 143.9 143.9 143.9 143.9 143.9 143.9 143.9 143.9 125.4 125.4 125.4 125.4 125.4 125.4 125.4 125.4 125.4 125.4 125.4 125.4 125.4 125.4 125.4 125.4 125.4 125.4 125.4 125.4 125.4 125.4 125.4 125.4 125.4 125.4 125.4 125.4 125.4 
148.9 148.9 148.9 148.9 148.9 148.9 148.9 148.9 148.9 148.9 148.9 143.9 143.9 143.9 143.9 143.9 143.9 143.9 143.9 143.9 143.9 143.9 143.9 143.9 143.9 143.9 143.9 143.9 143.9 143.9 143.9 143.9 143.9 143.9 143.9 143.9 143.9 143.9 143.9 143.9 143.9 143.9 143.9 143.9 143.9 143.9 143.9 143.9 143.9 143.9 143.9 143.9 143.9 143.9 143.9 143.9 143.9 143.9 143.9 143.9 143.9 143.9 143.9 143.9 143.9 143.9 143.9 143.9 143.9 143.9 143.9 125.4 125.4 125.4 125.4 125.4 125.4 125.4 125.4 125.4 125.4 125.4 125.4 125.4 125.4 125.4 125.4 125.4 125.4 125.4 125.4 125.4 125.4 125.4 125.4 125.4 125.4 125.4 125.4 125.4 
193 193 193 193 193 193 193 193 193 193 193 187.7 187.7 187.7 187.7 187.7 187.7 187.7 187.7 187.7 187.7 187.7 187.7 187.7 187.7 187.7 187.7 187.7 187.7 187.7 187.7 187.7 187.7 187.7 187.7 187.7 187.7 187.7 187.7 187.7 187.7 187.7 187.7 187.7 187.7 187.7 187.7 187.7 187.7 187.7 187.7 187.7 187.7 187.7 187.7 187.7 187.7 187.7 187.7 187.7 187.7 187.7 187.7 187.7 187.7 187.7 187.7 187.7 187.7 187.7 187.7 159.6 159.6 159.6 159.6 159.6 159.6 159.6 159.6 159.6 159.6 159.6 159.6 159.6 159.6 159.6 159.6 159.6 159.6 159.6 159.6 159.6 159.6 159.6 159.6 159.6 159.6 159.6 159.6 159.6 
193 193 193 193 193 193 193 193 193 193 193 187.7 187.7 187.7 187.7 187.7 187.7 187.7 187.7 187.7 187.7 187.7 187.7 187.7 187.7 187.7 187.7 187.7 187.7 187.7 187.7 187.7 187.7 187.7 187.7 187.7 187.7 187.7 187.7 187.7 187.7 187.7 187.7 187.7 187.7 187.7 187.7 187.7 187.7 187.7 187.7 187.7 187.7 187.7 187.7 187.7 187.7 187.7 187.7 187.7 187.7 187.7 187.7 187.7 187.7 187.7 187.7 187.7 187.7 187.7 187.7 159.6 159.6 159.6 159.6 159.6 159.6 159.6 159.6 159.6 159.6 159.6 159.6 159.6 159.6 159.6 159.6 159.6 159.6 159.6 159.6 159.6 159.6 159.6 159.6 159.6 159.6 159.6 159.6 159.6 
193 193 193 193 193 193 193 193 193 193 193 187.7 187.7 187.7 187.7 187.7 187.7 187.7 187.7 187.7 187.7 187.7 187.7 187.7 187.7 187.7 187.7 187.7 187.7 187.7 187.7 187.7 187.7 187.7 187.7 187.7 187.7 187.7 187.7 187.7 187.7 187.7 187.7 187.7 187.7 187.7 187.7 187.7 187.7 187.7 187.7 187.7 187.7 187.7 187.7 187.7 187.7 187.7 187.7 187.7 187.7 187.7 187.7 187.7 187.7 187.7 187.7 187.7 187.7 187.7 187.7 159.6 159.6 159.6 159.6 159.6 159.6 159.6 159.6 159.6 159.6 159.6 159.6 159.6 159.6 159.6 159.6 159.6 159.6 159.6 159.6 159.6 159.6 159.6 159.6 159.6 159.6 159.6 159.6 159.6 
193 193 193 193 193 193 193 193 193 193 193 187.7 187.7 187.7 187.7 187.7 187.7 187.7 187.7 187.7 187.7 187.7 187.7 187.7 187.7 187.7 187.7 187.7 187.7 187.7 187.7 187.7 187.7 187.7 187.7 187.7 187.7 187.7 187.7 187.7 187.7 187.7 187.7 187.7 187.7 187.7 187.7 187.7 187.7 187.7 187.7 187.7 187.7 187.7 187.7 187.7 187.7 187.7 187.7 187.7 187.7 187.7 187.7 187.7 187.7 187.7 187.7 187.7 187.7 187.7 187.7 159.6 159.6 159.6 159.6 159.6 159.6 159.6 159.6 159.6 159.6 159.6 159.6 159.6 159.6 159.6 159.6 159.6 159.6 159.6 159.6 159.6 159.6 159.6 159.6 159.6 159.6 159.6 159.6 159.6 
193 193 193 193 193 193 193 193 193 193 193 187.7 187.7 187.7 187.7 187.7 187.7 187.7 187.7 187.7 187.7 187.7 187.7 187.7 187.7 187.7 187.7 187.7 187.7 187.7 187.7 187.7 187.7 187.7 187.7 187.7 187.7 187.7 187.7 187.7 187.7 187.7 187.7 187.7 187.7 187.7 187.7 187.7 187.7 187.7 187.7 187.7 187.7 187.7 187.7 187.7 187.7 187.7 187.7 187.7 187.7 187.7 187.7 187.7 187.7 187.7 187.7 187.7 187.7 187.7 187.7 159.6 159.6 159.6 159.6 159.6 159.6 159.6 159.6 159.6 159.6 159.6 159.6 159.6 159.6 159.6 159.6 159.6 159.6 159.6 159.6 159.6 159.6 159.6 159.6 159.6 159.6 159.6 159.6 159.6 
193 193 193 193 193 193 193 193 193 193 193 187.7 187.7 187.7 187.7 187.7 187.7 187.7 187.7 187.7 187.7 187.7 187.7 187.7 187.7 187.7 187.7 187.7 187.7 187.7 187.7 187.7 187.7 187.7 187.7 187.7 187.7 187.7 187.7 187.7 187.7 187.7 187.7 187.7 187.7 187.7 187.7 187.7 187.7 187.7 187.7 187.7 187.7 187.7 187.7 187.7 187.7 187.7 187.7 187.7 187.7 187.7 187.7 187.7 187.7 187.7 187.7 187.7 187.7 187.7 187.7 159.6 159.6 159.6 159.6 159.6 159.6 159.6 159.6 159.6 159.6 159.6 159.6 159.6 159.6 159.6 159.6 159.6 159.6 159.6 159.6 159.6 159.6 159.6 159.6 159.6 159.6 159.6 159.6 159.6 
193 193 193 193 193 193 193 193 193 193 193 187.7 187.7 187.7 187.7 187.7 187.7 187.7 187.7 187.7 187.7 187.7 187.7 187.7 187.7 187.7 187.7 187.7 187.7 187.7 187.7 187.7 187.7 187.7 187.7 187.7 187.7 187.7 187.7 187.7 187.7 187.7 187.7 187.7 187.7 187.7 187.7 187.7 187.7 187.7 187.7 187.7 187.7 187.7 187.7 187.7 187.7 187.7 187.7 187.7 187.7 187.7 187.7 187.7 187.7 187.7 187.7 187.7 187.7 187.7 187.7 159.6 159.6 159.6 159.6 159.6 159.6 159.6 159.6 159.6 159.6 159.6 159.6 159.6 159.6 159.6 159.6 159.6 159.6 159.6 159.6 159.6 159.6 159.6 159.6 159.6 159.6 159.6 159.6 159.6 
193 193 193 193 193 193 193 193 193 193 193 187.7 187.7 187.7 187.7 187.7 187.7 187.7 187.7 187.7 187.7 187.7 187.7 187.7 187.7 187.7 187.7 187.7 187.7 187.7 187.7 187.7 187.7 187.7 187.7 187.7 187.7 187.7 187.7 187.7 187.7 187.7 187.7 187.7 187.7 187.7 187.7 187.7 187.7 187.7 187.7 187.7 187.7 187.7 187.7 187.7 187.7 187.7 187.7 187.7 187.7 187.7 187.7 187.7 187.7 187.7 187.7 187.7 187.7 187.7 187.7 159.6 159.6 159.6 159.6 159.6 159.6 159.6 159.6 159.6 159.6 159.6 159.6 159.6 159.6 159.6 159.6 159.6 159.6 159.6 159.6 159.6 159.6 159.6 159.6 159.6 159.6 159.6 159.6 159.6 
193 193 193 193 193 193 193 193 193 193 193 187.7 187.7 187.7 187.7 187.7 187.7 187.7 187.7 187.7 187.7 187.7 187.7 187.7 187.7 187.7 187.7 187.7 187.7 187.7 187.7 187.7 187.7 187.7 187.7 187.7 187.7 187.7 187.7 187.7 187.7 187.7 187.7 187.7 187.7 187.7 187.7 187.7 187.7 187.7 187.7 187.7 187.7 187.7 187.7 187.7 187.7 187.7 187.7 187.7 187.7 187.7 187.7 187.7 187.7 187.7 187.7 187.7 187.7 187.7 187.7 159.6 159.6 159.6 159.6 159.6 159.6 159.6 159.6 159.6 159.6 159.6 159.6 159.6 159.6 159.6 159.6 159.6 159.6 159.6 159.6 159.6 159.6 159.6 159.6 159.6 159.6 159.6 159.6 159.6 
193 193 193 193 193 193 193 193 193 193 193 187.7 187.7 187.7 187.7 187.7 187.7 187.7 187.7 187.7 187.7 187.7 187.7 187.7 187.7 187.7 187.7 187.7 187.7 187.7 187.7 187.7 187.7 187.7 187.7 187.7 187.7 187.7 187.7 187.7 187.7 187.7 187.7 187.7 187.7 187.7 187.7 187.7 187.7 187.7 187.7 187.7 187.7 187.7 187.7 187.7 187.7 187.7 187.7 187.7 187.7 187.7 187.7 187.7 187.7 187.7 187.7 187.7 187.7 187.7 187.7 159.6 159.6 159.6 159.6 159.6 159.6 159.6 159.6 159.6 159.6 159.6 159.6 159.6 159.6 159.6 159.6 159.6 159.6 159.6 159.6 159.6 159.6 159.6 159.6 159.6 159.6 159.6 159.6 159.6 
193 193 193 193 193 193 193 193 193 193 193 187.7 187.7 187.7 187.7 187.7 187.7 187.7 187.7 187.7 187.7 187.7 187.7 187.7 187.7 187.7 187.7 187.7 187.7 187.7 187.7 187.7 187.7 187.7 187.7 187.7 187.7 187.7 187.7 187.7 187.7 187.7 187.7 187.7 187.7 187.7 187.7 187.7 187.7 187.7 187.7 187.7 187.7 187.7 187.7 187.7 187.7 187.7 187.7 187.7 187.7 187.7 187.7 187.7 187.7 187.7 187.7 187.7 187.7 187.7 187.7 159.6 159.6 159.6 159.6 159.6 159.6 159.6 159.6 159.6 159.6 159.6 159.6 159.6 159.6 159.6 159.6 159.6 159.6 159.6 159.6 159.6 159.6 159.6 159.6 159.6 159.6 159.6 159.6 159.6 
193 193 193 193 193 193 193 193 193 193 193 187.7 187.7 187.7 187.7 187.7 187.7 187.7 187.7 187.7 187.7 187.7 187.7 187.7 187.7 187.7 187.7 187.7 187.7 187.7 187.7 187.7 187.7 187.7 187.7 187.7 187.7 187.7 187.7 187.7 187.7 187.7 187.7 187.7 187.7 187.7 187.7 187.7 187.7 187.7 187.7 187.7 187.7 187.7 187.7 187.7 187.7 187.7 187.7 187.7 187.7 187.7 187.7 187.7 187.7 187.7 187.7 187.7 187.7 187.7 187.7 159.6 159.6 159.6 159.6 159.6 159.6 159.6 159.6 159.6 159.6 159.6 159.6 159.6 159.6 159.6 159.6 159.6 159.6 159.6 159.6 159.6 159.6 159.6 159.6 159.6 159.6 159.6 159.6 159.6 
193 193 193 193 193 193 193 193 193 193 193 187.7 187.7 187.7 187.7 187.7 187.7 187.7 187.7 187.7 187.7 187.7 187.7 187.7 187.7 187.7 187.7 187.7 187.7 187.7 187.7 187.7 187.7 187.7 187.7 187.7 187.7 187.7 187.7 187.7 187.7 187.7 187.7 187.7 187.7 187.7 187.7 187.7 187.7 187.7 187.7 187.7 187.7 187.7 187.7 187.7 187.7 187.7 187.7 187.7 187.7 187.7 187.7 187.7 187.7 187.7 187.7 187.7 187.7 187.7 187.7 159.6 159.6 159.6 159.6 159.6 159.6 159.6 159.6 159.6 159.6 159.6 159.6 159.6 159.6 159.6 159.6 159.6 159.6 159.6 159.6 159.6 159.6 159.6 159.6 159.6 159.6 159.6 159.6 159.6 
193 193 193 193 193 193 193 193 193 193 193 187.7 187.7 187.7 187.7 187.7 187.7 187.7 187.7 187.7 187.7 187.7 187.7 187.7 187.7 187.7 187.7 187.7 187.7 187.7 187.7 187.7 187.7 187.7 187.7 187.7 187.7 187.7 187.7 187.7 187.7 187.7 187.7 187.7 187.7 187.7 187.7 187.7 187.7 187.7 187.7 187.7 187.7 187.7 187.7 187.7 187.7 187.7 187.7 187.7 187.7 187.7 187.7 187.7 187.7 187.7 187.7 187.7 187.7 187.7 187.7 159.6 159.6 159.6 159.6 159.6 159.6 159.6 159.6 159.6 159.6 159.6 159.6 159.6 159.6 159.6 159.6 159.6 159.6 159.6 159.6 159.6 159.6 159.6 159.6 159.6 159.6 159.6 159.6 159.6 
193 193 193 193 193 193 193 193 193 193 193 187.7 187.7 187.7 187.7 187.7 187.7 187.7 187.7 187.7 187.7 187.7 187.7 187.7 187.7 187.7 187.7 187.7 187.7 187.7 187.7 187.7 187.7 187.7 187.7 187.7 187.7 187.7 187.7 187.7 187.7 187.7 187.7 187.7 187.7 187.7 187.7 187.7 187.7 187.7 187.7 187.7 187.7 187.7 187.7 187.7 187.7 187.7 187.7 187.7 187.7 187.7 187.7 187.7 187.7 187.7 187.7 187.7 187.7 187.7 187.7 159.6 159.6 159.6 159.6 159.6 159.6 159.6 159.6 159.6 159.6 159.6 159.6 159.6 159.6 159.6 159.6 159.6 159.6 159.6 159.6 159.6 159.6 159.6 159.6 159.6 159.6 159.6 159.6 159.6 
193 193 193 193 193 193 193 193 193 193 193 187.7 187.7 187.7 187.7 187.7 187.7 187.7 187.7 187.7 187.7 187.7 187.7 187.7 187.7 187.7 187.7 187.7 187.7 187.7 187.7 187.7 187.7 187.7 187.7 187.7 187.7 187.7 187.7 187.7 187.7 187.7 187.7 187.7 187.7 187.7 187.7 187.7 187.7 187.7 187.7 187.7 187.7 187.7 187.7 187.7 187.7 187.7 187.7 187.7 187.7 187.7 187.7 187.7 187.7 187.7 187.7 187.7 187.7 187.7 187.7 159.6 159.6 159.6 159.6 159.6 159.6 159.6 159.6 159.6 159.6 159.6 159.6 159.6 159.6 159.6 159.6 159.6 159.6 159.6 159.6 159.6 159.6 159.6 159.6 159.6 159.6 159.6 159.6 159.6 
193 193 193 193 193 193 193 193 193 193 193 187.7 187.7 187.7 187.7 187.7 187.7 187.7 187.7 187.7 187.7 187.7 187.7 187.7 187.7 187.7 187.7 187.7 187.7 187.7 187.7 187.7 187.7 187.7 187.7 187.7 187.7 187.7 187.7 187.7 187.7 187.7 187.7 187.7 187.7 187.7 187.7 187.7 187.7 187.7 187.7 187.7 187.7 187.7 187.7 187.7 187.7 187.7 187.7 187.7 187.7 187.7 187.7 187.7 187.7 187.7 187.7 187.7 187.7 187.7 187.7 159.6 159.6 159.6 159.6 159.6 159.6 159.6 159.6 159.6 159.6 159.6 159.6 159.6 159.6 159.6 159.6 159.6 159.6 159.6 159.6 159.6 159.6 159.6 159.6 159.6 159.6 159.6 159.6 159.6 
193 193 193 193 193 193 193 193 193 193 193 187.7 187.7 187.7 187.7 187.7 187.7 187.7 187.7 187.7 187.7 187.7 187.7 187.7 187.7 187.7 187.7 187.7 187.7 187.7 187.7 187.7 187.7 187.7 187.7 187.7 187.7 187.7 187.7 187.7 187.7 187.7 187.7 187.7 187.7 187.7 187.7 187.7 187.7 187.7 187.7 187.7 187.7 187.7 187.7 187.7 187.7 187.7 187.7 187.7 187.7 187.7 187.7 187.7 187.7 187.7 187.7 187.7 187.7 187.7 187.7 159.6 159.6 159.6 159.6 159.6 159.6 159.6 159.6 159.6 159.6 159.6 159.6 159.6 159.6 159.6 159.6 159.6 159.6 159.6 159.6 159.6 159.6 159.6 159.6 159.6 159.6 159.6 159.6 159.6 
193 193 193 193 193 193 193 193 193 193 193 187.7 187.7 187.7 187.7 187.7 187.7 187.7 187.7 187.7 187.7 187.7 187.7 187.7 187.7 187.7 187.7 187.7 187.7 187.7 187.7 187.7 187.7 187.7 187.7 187.7 187.7 187.7 187.7 187.7 187.7 187.7 187.7 187.7 187.7 187.7 187.7 187.7 187.7 187.7 187.7 187.7 187.7 187.7 187.7 187.7 187.7 187.7 187.7 187.7 187.7 187.7 187.7 187.7 187.7 187.7 187.7 187.7 187.7 187.7 187.7 159.6 159.6 159.6 159.6 159.6 159.6 159.6 159.6 159.6 159.6 159.6 159.6 159.6 159.6 159.6 159.6 159.6 159.6 159.6 159.6 159.6 159.6 159.6 159.6 159.6 159.6 159.6 159.6 159.6 
193 193 193 193 193 193 193 193 193 193 193 187.7 187.7 187.7 187.7 187.7 187.7 187.7 187.7 187.7 187.7 187.7 187.7 187.7 187.7 187.7 187.7 187.7 187.7 187.7 187.7 187.7 187.7 187.7 187.7 187.7 187.7 187.7 187.7 187.7 187.7 187.7 187.7 187.7 187.7 187.7 187.7 187.7 187.7 187.7 187.7 187.7 187.7 187.7 187.7 187.7 187.7 187.7 187.7 187.7 187.7 187.7 187.7 187.7 187.7 187.7 187.7 187.7 187.7 187.7 187.7 159.6 159.6 159.6 159.6 159.6 159.6 159.6 159.6 159.6 159.6 159.6 159.6 159.6 159.6 159.6 159.6 159.6 159.6 159.6 159.6 159.6 159.6 159.6 159.6 159.6 159.6 159.6 159.6 159.6 
193 193 193 193 193 193 193 193 193 193 193 187.7 187.7 187.7 187.7 187.7 187.7 187.7 187.7 187.7 187.7 187.7 187.7 187.7 187.7 187.7 187.7 187.7 187.7 187.7 187.7 187.7 187.7 187.7 187.7 187.7 187.7 187.7 187.7 187.7 187.7 187.7 187.7 187.7 187.7 187.7 187.7 187.7 187.7 187.7 187.7 187.7 187.7 187.7 187.7 187.7 187.7 187.7 187.7 187.7 187.7 187.7 187.7 187.7 187.7 187.7 187.7 187.7 187.7 187.7 187.7 159.6 159.6 159.6 159.6 159.6 159.6 159.6 159.6 159.6 159.6 159.6 159.6 159.6 159.6 159.6 159.6 159.6 159.6 159.6 159.6 159.6 159.6 159.6 159.6 159.6 159.6 159.6 159.6 159.6 
193 193 193 193 193 193 193 193 193 193 193 187.7 187.7 187.7 187.7 187.7 187.7 187.7 187.7 187.7 187.7 187.7 187.7 187.7 187.7 187.7 187.7 187.7 187.7 187.7 187.7 187.7 187.7 187.7 187.7 187.7 187.7 187.7 187.7 187.7 187.7 187.7 187.7 187.7 187.7 187.7 187.7 187.7 187.7 187.7 187.7 187.7 187.7 187.7 187.7 187.7 187.7 187.7 187.7 187.7 187.7 187.7 187.7 187.7 187.7 187.7 187.7 187.7 187.7 187.7 187.7 159.6 159.6 159.6 159.6 159.6 159.6 159.6 159.6 159.6 159.6 159.6 159.6 159.6 159.6 159.6 159.6 159.6 159.6 159.6 159.6 159.6 159.6 159.6 159.6 159.6 159.6 159.6 159.6 159.6 
193 193 193 193 193 193 193 193 193 193 193 187.7 187.7 187.7 187.7 187.7 187.7 187.7 187.7 187.7 187.7 187.7 187.7 187.7 187.7 187.7 187.7 187.7 187.7 187.7 187.7 187.7 187.7 187.7 187.7 187.7 187.7 187.7 187.7 187.7 187.7 187.7 187.7 187.7 187.7 187.7 187.7 187.7 187.7 187.7 187.7 187.7 187.7 187.7 187.7 187.7 187.7 187.7 187.7 187.7 187.7 187.7 187.7 187.7 187.7 187.7 187.7 187.7 187.7 187.7 187.7 159.6 159.6 159.6 159.6 159.6 159.6 159.6 159.6 159.6 159.6 159.6 159.6 159.6 159.6 159.6 159.6 159.6 159.6 159.6 159.6 159.6 159.6 159.6 159.6 159.6 159.6 159.6 159.6 159.6 
193 193 193 193 193 193 193 193 193 193 193 187.7 187.7 187.7 187.7 187.7 187.7 187.7 187.7 187.7 187.7 187.7 187.7 187.7 187.7 187.7 187.7 187.7 187.7 187.7 187.7 187.7 187.7 187.7 187.7 187.7 187.7 187.7 187.7 187.7 187.7 187.7 187.7 187.7 187.7 187.7 187.7 187.7 187.7 187.7 187.7 187.7 187.7 187.7 187.7 187.7 187.7 187.7 187.7 187.7 187.7 187.7 187.7 187.7 187.7 187.7 187.7 187.7 187.7 187.7 187.7 159.6 159.6 159.6 159.6 159.6 159.6 159.6 159.6 159.6 159.6 159.6 159.6 159.6 159.6 159.6 159.6 159.6 159.6 159.6 159.6 159.6 159.6 159.6 159.6 159.6 159.6 159.6 159.6 159.6 
193 193 193 193 193 193 193 193 193 193 193 187.7 187.7 187.7 187.7 187.7 187.7 187.7 187.7 187.7 187.7 187.7 187.7 187.7 187.7 187.7 187.7 187.7 187.7 187.7 187.7 187.7 187.7 187.7 187.7 187.7 187.7 187.7 187.7 187.7 187.7 187.7 187.7 187.7 187.7 187.7 187.7 187.7 187.7 187.7 187.7 187.7 187.7 187.7 187.7 187.7 187.7 187.7 187.7 187.7 187.7 187.7 187.7 187.7 187.7 187.7 187.7 187.7 187.7 187.7 187.7 159.6 159.6 159.6 159.6 159.6 159.6 159.6 159.6 159.6 159.6 159.6 159.6 159.6 159.6 159.6 159.6 159.6 159.6 159.6 159.6 159.6 159.6 159.6 159.6 159.6 159.6 159.6 159.6 159.6 
193 193 193 193 193 193 193 193 193 193 193 187.7 187.7 187.7 187.7 187.7 187.7 187.7 187.7 187.7 187.7 187.7 187.7 187.7 187.7 187.7 187.7 187.7 187.7 187.7 187.7 187.7 187.7 187.7 187.7 187.7 187.7 187.7 187.7 187.7 187.7 187.7 187.7 187.7 187.7 187.7 187.7 187.7 187.7 187.7 187.7 187.7 187.7 187.7 187.7 187.7 187.7 187.7 187.7 187.7 187.7 187.7 187.7 187.7 187.7 187.7 187.7 187.7 187.7 187.7 187.7 159.6 159.6 159.6 159.6 159.6 159.6 159.6 159.6 159.6 159.6 159.6 159.6 159.6 159.6 159.6 159.6 159.6 159.6 159.6 159.6 159.6 159.6 159.6 159.6 159.6 159.6 159.6 159.6 159.6 
193 193 193 193 193 193 193 193 193 193 193 187.7 187.7 187.7 187.7 187.7 187.7 187.7 187.7 187.7 187.7 187.7 187.7 187.7 187.7 187.7 187.7 187.7 187.7 187.7 187.7 187.7 187.7 187.7 187.7 187.7 187.7 187.7 187.7 187.7 187.7 187.7 187.7 187.7 187.7 187.7 187.7 187.7 187.7 187.7 187.7 187.7 187.7 187.7 187.7 187.7 187.7 187.7 187.7 187.7 187.7 187.7 187.7 187.7 187.7 187.7 187.7 187.7 187.7 187.7 187.7 159.6 159.6 159.6 159.6 159.6 159.6 159.6 159.6 159.6 159.6 159.6 159.6 159.6 159.6 159.6 159.6 159.6 159.6 159.6 159.6 159.6 159.6 159.6 159.6 159.6 159.6 159.6 159.6 159.6 
193 193 193 193 193 193 193 193 193 193 193 187.7 187.7 187.7 187.7 187.7 187.7 187.7 187.7 187.7 187.7 187.7 187.7 187.7 187.7 187.7 187.7 187.7 187.7 187.7 187.7 187.7 187.7 187.7 187.7 187.7 187.7 187.7 187.7 187.7 187.7 187.7 187.7 187.7 187.7 187.7 187.7 187.7 187.7 187.7 187.7 187.7 187.7 187.7 187.7 187.7 187.7 187.7 187.7 187.7 187.7 187.7 187.7 187.7 187.7 187.7 187.7 187.7 187.7 187.7 187.7 159.6 159.6 159.6 159.6 159.6 159.6 159.6 159.6 159.6 159.6 159.6 159.6 159.6 159.6 159.6 159.6 159.6 159.6 159.6 159.6 159.6 159.6 159.6 159.6 159.6 159.6 159.6 159.6 159.6 
193 193 193 193 193 193 193 193 193 193 193 187.7 187.7 187.7 187.7 187.7 187.7 187.7 187.7 187.7 187.7 187.7 187.7 187.7 187.7 187.7 187.7 187.7 187.7 187.7 187.7 187.7 187.7 187.7 187.7 187.7 187.7 187.7 187.7 187.7 187.7 187.7 187.7 187.7 187.7 187.7 187.7 187.7 187.7 187.7 187.7 187.7 187.7 187.7 187.7 187.7 187.7 187.7 187.7 187.7 187.7 187.7 187.7 187.7 187.7 187.7 187.7 187.7 187.7 187.7 187.7 159.6 159.6 159.6 159.6 159.6 159.6 159.6 159.6 159.6 159.6 159.6 159.6 159.6 159.6 159.6 159.6 159.6 159.6 159.6 159.6 159.6 159.6 159.6 159.6 159.6 159.6 159.6 159.6 159.6 
193 193 193 193 193 193 193 193 193 193 193 187.7 187.7 187.7 187.7 187.7 187.7 187.7 187.7 187.7 187.7 187.7 187.7 187.7 187.7 187.7 187.7 187.7 187.7 187.7 187.7 187.7 187.7 187.7 187.7 187.7 187.7 187.7 187.7 187.7 187.7 187.7 187.7 187.7 187.7 187.7 187.7 187.7 187.7 187.7 187.7 187.7 187.7 187.7 187.7 187.7 187.7 187.7 187.7 187.7 187.7 187.7 187.7 187.7 187.7 187.7 187.7 187.7 187.7 187.7 187.7 159.6 159.6 159.6 159.6 159.6 159.6 159.6 159.6 159.6 159.6 159.6 159.6 159.6 159.6 159.6 159.6 159.6 159.6 159.6 159.6 159.6 159.6 159.6 159.6 159.6 159.6 159.6 159.6 159.6 
193 193 193 193 193 193 193 193 193 193 193 187.7 187.7 187.7 187.7 187.7 187.7 187.7 187.7 187.7 187.7 187.7 187.7 187.7 187.7 187.7 187.7 187.7 187.7 187.7 187.7 187.7 187.7 187.7 187.7 187.7 187.7 187.7 187.7 187.7 187.7 187.7 187.7 187.7 187.7 187.7 187.7 187.7 187.7 187.7 187.7 187.7 187.7 187.7 187.7 187.7 187.7 187.7 187.7 187.7 187.7 187.7 187.7 187.7 187.7 187.7 187.7 187.7 187.7 187.7 187.7 159.6 159.6 159.6 159.6 159.6 159.6 159.6 159.6 159.6 159.6 159.6 159.6 159.6 159.6 159.6 159.6 159.6 159.6 159.6 159.6 159.6 159.6 159.6 159.6 159.6 159.6 159.6 159.6 159.6 
