ncols         100
nrows         100
xllcorner     -59982.863281
yllcorner     1851083.022172
cellsize      1000
NODATA_value  -9999
125.7 125.7 125.7 125.7 125.7 125.7 125.7 125.7 125.7 125.7 125.7 120 120 120 120 120 120 120 120 120 120 120 120 120 120 120 120 120 120 120 120 120 120 120 120 120 120 120 120 120 120 120 120 120 120 120 120 120 120 120 120 120 120 120 120 120 120 120 120 120 120 120 120 120 120 120 120 120 120 120 120 113.8 113.8 113.8 113.8 113.8 113.8 113.8 113.8 113.8 113.8 113.8 113.8 113.8 113.8 113.8 113.8 113.8 113.8 113.8 113.8 113.8 113.8 113.8 113.8 113.8 113.8 113.8 113.8 113.8 
125.7 125.7 125.7 125.7 125.7 125.7 125.7 125.7 125.7 125.7 125.7 120 120 120 120 120 120 120 120 120 120 120 120 120 120 120 120 120 120 120 120 120 120 120 120 120 120 120 120 120 120 120 120 120 120 120 120 120 120 120 120 120 120 120 120 120 120 120 120 120 120 120 120 120 120 120 120 120 120 120 120 113.8 113.8 113.8 113.8 113.8 113.8 113.8 113.8 113.8 113.8 113.8 113.8 113.8 113.8 113.8 113.8 113.8 113.8 113.8 113.8 113.8 113.8 113.8 113.8 113.8 113.8 113.8 113.8 113.8 
125.7 125.7 125.7 125.7 125.7 125.7 125.7 125.7 125.7 125.7 125.7 120 120 120 120 120 120 120 120 120 120 120 120 120 120 120 120 120 120 120 120 120 120 120 120 120 120 120 120 120 120 120 120 120 120 120 120 120 120 120 120 120 120 120 120 120 120 120 120 120 120 120 120 120 120 120 120 120 120 120 120 113.8 113.8 113.8 113.8 113.8 113.8 113.8 113.8 113.8 113.8 113.8 113.8 113.8 113.8 113.8 113.8 113.8 113.8 113.8 113.8 113.8 113.8 113.8 113.8 113.8 113.8 113.8 113.8 113.8 
125.7 125.7 125.7 125.7 125.7 125.7 125.7 125.7 125.7 125.7 125.7 120 120 120 120 120 120 120 120 120 120 120 120 120 120 120 120 120 120 120 120 120 120 120 120 120 120 120 120 120 120 120 120 120 120 120 120 120 120 120 120 120 120 120 120 120 120 120 120 120 120 120 120 120 120 120 120 120 120 120 120 113.8 113.8 113.8 113.8 113.8 113.8 113.8 113.8 113.8 113.8 113.8 113.8 113.8 113.8 113.8 113.8 113.8 113.8 113.8 113.8 113.8 113.8 113.8 113.8 113.8 113.8 113.8 113.8 113.8 
125.7 125.7 125.7 125.7 125.7 125.7 125.7 125.7 125.7 125.7 125.7 120 120 120 120 120 120 120 120 120 120 120 120 120 120 120 120 120 120 120 120 120 120 120 120 120 120 120 120 120 120 120 120 120 120 120 120 120 120 120 120 120 120 120 120 120 120 120 120 120 120 120 120 120 120 120 120 120 120 120 120 113.8 113.8 113.8 113.8 113.8 113.8 113.8 113.8 113.8 113.8 113.8 113.8 113.8 113.8 113.8 113.8 113.8 113.8 113.8 113.8 113.8 113.8 113.8 113.8 113.8 113.8 113.8 113.8 113.8 
125.7 125.7 125.7 125.7 125.7 125.7 125.7 125.7 125.7 125.7 125.7 120 120 120 120 120 120 120 120 120 120 120 120 120 120 120 120 120 120 120 120 120 120 120 120 120 120 120 120 120 120 120 120 120 120 120 120 120 120 120 120 120 120 120 120 120 120 120 120 120 120 120 120 120 120 120 120 120 120 120 120 113.8 113.8 113.8 113.8 113.8 113.8 113.8 113.8 113.8 113.8 113.8 113.8 113.8 113.8 113.8 113.8 113.8 113.8 113.8 113.8 113.8 113.8 113.8 113.8 113.8 113.8 113.8 113.8 113.8 
125.7 125.7 125.7 125.7 125.7 125.7 125.7 125.7 125.7 125.7 125.7 120 120 120 120 120 120 120 120 120 120 120 120 120 120 120 120 120 120 120 120 120 120 120 120 120 120 120 120 120 120 120 120 120 120 120 120 120 120 120 120 120 120 120 120 120 120 120 120 120 120 120 120 120 120 120 120 120 120 120 120 113.8 113.8 113.8 113.8 113.8 113.8 113.8 113.8 113.8 113.8 113.8 113.8 113.8 113.8 113.8 113.8 113.8 113.8 113.8 113.8 113.8 113.8 113.8 113.8 113.8 113.8 113.8 113.8 113.8 
125.7 125.7 125.7 125.7 125.7 125.7 125.7 125.7 125.7 125.7 125.7 120 120 120 120 120 120 120 120 120 120 120 120 120 120 120 120 120 120 120 120 120 120 120 120 120 120 120 120 120 120 120 120 120 120 120 120 120 120 120 120 120 120 120 120 120 120 120 120 120 120 120 120 120 120 120 120 120 120 120 120 113.8 113.8 113.8 113.8 113.8 113.8 113.8 113.8 113.8 113.8 113.8 113.8 113.8 113.8 113.8 113.8 113.8 113.8 113.8 113.8 113.8 113.8 113.8 113.8 113.8 113.8 113.8 113.8 113.8 
125.7 125.7 125.7 125.7 125.7 125.7 125.7 125.7 125.7 125.7 125.7 120 120 120 120 120 120 120 120 120 120 120 120 120 120 120 120 120 120 120 120 120 120 120 120 120 120 120 120 120 120 120 120 120 120 120 120 120 120 120 120 120 120 120 120 120 120 120 120 120 120 120 120 120 120 120 120 120 120 120 120 113.8 113.8 113.8 113.8 113.8 113.8 113.8 113.8 113.8 113.8 113.8 113.8 113.8 113.8 113.8 113.8 113.8 113.8 113.8 113.8 113.8 113.8 113.8 113.8 113.8 113.8 113.8 113.8 113.8 
135.3 135.3 135.3 135.3 135.3 135.3 135.3 135.3 135.3 135.3 135.3 132.2 132.2 132.2 132.2 132.2 132.2 132.2 132.2 132.2 132.2 132.2 132.2 132.2 132.2 132.2 132.2 132.2 132.2 132.2 132.2 132.2 132.2 132.2 132.2 132.2 132.2 132.2 132.2 132.2 132.2 132.2 132.2 132.2 132.2 132.2 132.2 132.2 132.2 132.2 132.2 132.2 132.2 132.2 132.2 132.2 132.2 132.2 132.2 132.2 132.2 132.2 132.2 132.2 132.2 132.2 132.2 132.2 132.2 132.2 132.2 124.9 124.9 124.9 124.9 124.9 124.9 124.9 124.9 124.9 124.9 124.9 124.9 124.9 124.9 124.9 124.9 124.9 124.9 124.9 124.9 124.9 124.9 124.9 124.9 124.9 124.9 124.9 124.9 124.9 
135.3 135.3 135.3 135.3 135.3 135.3 135.3 135.3 135.3 135.3 135.3 132.2 132.2 132.2 132.2 132.2 132.2 132.2 132.2 132.2 132.2 132.2 132.2 132.2 132.2 132.2 132.2 132.2 132.2 132.2 132.2 132.2 132.2 132.2 132.2 132.2 132.2 132.2 132.2 132.2 132.2 132.2 132.2 132.2 132.2 132.2 132.2 132.2 132.2 132.2 132.2 132.2 132.2 132.2 132.2 132.2 132.2 132.2 132.2 132.2 132.2 132.2 132.2 132.2 132.2 132.2 132.2 132.2 132.2 132.2 132.2 124.9 124.9 124.9 124.9 124.9 124.9 124.9 124.9 124.9 124.9 124.9 124.9 124.9 124.9 124.9 124.9 124.9 124.9 124.9 124.9 124.9 124.9 124.9 124.9 124.9 124.9 124.9 124.9 124.9 
135.3 135.3 135.3 135.3 135.3 135.3 135.3 135.3 135.3 135.3 135.3 132.2 132.2 132.2 132.2 132.2 132.2 132.2 132.2 132.2 132.2 132.2 132.2 132.2 132.2 132.2 132.2 132.2 132.2 132.2 132.2 132.2 132.2 132.2 132.2 132.2 132.2 132.2 132.2 132.2 132.2 132.2 132.2 132.2 132.2 132.2 132.2 132.2 132.2 132.2 132.2 132.2 132.2 132.2 132.2 132.2 132.2 132.2 132.2 132.2 132.2 132.2 132.2 132.2 132.2 132.2 132.2 132.2 132.2 132.2 132.2 124.9 124.9 124.9 124.9 124.9 124.9 124.9 124.9 124.9 124.9 124.9 124.9 124.9 124.9 124.9 124.9 124.9 124.9 124.9 124.9 124.9 124.9 124.9 124.9 124.9 124.9 124.9 124.9 124.9 
135.3 135.3 135.3 135.3 135.3 135.3 135.3 135.3 135.3 135.3 135.3 132.2 132.2 132.2 132.2 132.2 132.2 132.2 132.2 132.2 132.2 132.2 132.2 132.2 132.2 132.2 132.2 132.2 132.2 132.2 132.2 132.2 132.2 132.2 132.2 132.2 132.2 132.2 132.2 132.2 132.2 132.2 132.2 132.2 132.2 132.2 132.2 132.2 132.2 132.2 132.2 132.2 132.2 132.2 132.2 132.2 132.2 132.2 132.2 132.2 132.2 132.2 132.2 132.2 132.2 132.2 132.2 132.2 132.2 132.2 132.2 124.9 124.9 124.9 124.9 124.9 124.9 124.9 124.9 124.9 124.9 124.9 124.9 124.9 124.9 124.9 124.9 124.9 124.9 124.9 124.9 124.9 124.9 124.9 124.9 124.9 124.9 124.9 124.9 124.9 
135.3 135.3 135.3 135.3 135.3 135.3 135.3 135.3 135.3 135.3 135.3 132.2 132.2 132.2 132.2 132.2 132.2 132.2 132.2 132.2 132.2 132.2 132.2 132.2 132.2 132.2 132.2 132.2 132.2 132.2 132.2 132.2 132.2 132.2 132.2 132.2 132.2 132.2 132.2 132.2 132.2 132.2 132.2 132.2 132.2 132.2 132.2 132.2 132.2 132.2 132.2 132.2 132.2 132.2 132.2 132.2 132.2 132.2 132.2 132.2 132.2 132.2 132.2 132.2 132.2 132.2 132.2 132.2 132.2 132.2 132.2 124.9 124.9 124.9 124.9 124.9 124.9 124.9 124.9 124.9 124.9 124.9 124.9 124.9 124.9 124.9 124.9 124.9 124.9 124.9 124.9 124.9 124.9 124.9 124.9 124.9 124.9 124.9 124.9 124.9 
135.3 135.3 135.3 135.3 135.3 135.3 135.3 135.3 135.3 135.3 135.3 132.2 132.2 132.2 132.2 132.2 132.2 132.2 132.2 132.2 132.2 132.2 132.2 132.2 132.2 132.2 132.2 132.2 132.2 132.2 132.2 132.2 132.2 132.2 132.2 132.2 132.2 132.2 132.2 132.2 132.2 132.2 132.2 132.2 132.2 132.2 132.2 132.2 132.2 132.2 132.2 132.2 132.2 132.2 132.2 132.2 132.2 132.2 132.2 132.2 132.2 132.2 132.2 132.2 132.2 132.2 132.2 132.2 132.2 132.2 132.2 124.9 124.9 124.9 124.9 124.9 124.9 124.9 124.9 124.9 124.9 124.9 124.9 124.9 124.9 124.9 124.9 124.9 124.9 124.9 124.9 124.9 124.9 124.9 124.9 124.9 124.9 124.9 124.9 124.9 
135.3 135.3 135.3 135.3 135.3 135.3 135.3 135.3 135.3 135.3 135.3 132.2 132.2 132.2 132.2 132.2 132.2 132.2 132.2 132.2 132.2 132.2 132.2 132.2 132.2 132.2 132.2 132.2 132.2 132.2 132.2 132.2 132.2 132.2 132.2 132.2 132.2 132.2 132.2 132.2 132.2 132.2 132.2 132.2 132.2 132.2 132.2 132.2 132.2 132.2 132.2 132.2 132.2 132.2 132.2 132.2 132.2 132.2 132.2 132.2 132.2 132.2 132.2 132.2 132.2 132.2 132.2 132.2 132.2 132.2 132.2 124.9 124.9 124.9 124.9 124.9 124.9 124.9 124.9 124.9 124.9 124.9 124.9 124.9 124.9 124.9 124.9 124.9 124.9 124.9 124.9 124.9 124.9 124.9 124.9 124.9 124.9 124.9 124.9 124.9 
135.3 135.3 135.3 135.3 135.3 135.3 135.3 135.3 135.3 135.3 135.3 132.2 132.2 132.2 132.2 132.2 132.2 132.2 132.2 132.2 132.2 132.2 132.2 132.2 132.2 132.2 132.2 132.2 132.2 132.2 132.2 132.2 132.2 132.2 132.2 132.2 132.2 132.2 132.2 132.2 132.2 132.2 132.2 132.2 132.2 132.2 132.2 132.2 132.2 132.2 132.2 132.2 132.2 132.2 132.2 132.2 132.2 132.2 132.2 132.2 132.2 132.2 132.2 132.2 132.2 132.2 132.2 132.2 132.2 132.2 132.2 124.9 124.9 124.9 124.9 124.9 124.9 124.9 124.9 124.9 124.9 124.9 124.9 124.9 124.9 124.9 124.9 124.9 124.9 124.9 124.9 124.9 124.9 124.9 124.9 124.9 124.9 124.9 124.9 124.9 
135.3 135.3 135.3 135.3 135.3 135.3 135.3 135.3 135.3 135.3 135.3 132.2 132.2 132.2 132.2 132.2 132.2 132.2 132.2 132.2 132.2 132.2 132.2 132.2 132.2 132.2 132.2 132.2 132.2 132.2 132.2 132.2 132.2 132.2 132.2 132.2 132.2 132.2 132.2 132.2 132.2 132.2 132.2 132.2 132.2 132.2 132.2 132.2 132.2 132.2 132.2 132.2 132.2 132.2 132.2 132.2 132.2 132.2 132.2 132.2 132.2 132.2 132.2 132.2 132.2 132.2 132.2 132.2 132.2 132.2 132.2 124.9 124.9 124.9 124.9 124.9 124.9 124.9 124.9 124.9 124.9 124.9 124.9 124.9 124.9 124.9 124.9 124.9 124.9 124.9 124.9 124.9 124.9 124.9 124.9 124.9 124.9 124.9 124.9 124.9 
135.3 135.3 135.3 135.3 135.3 135.3 135.3 135.3 135.3 135.3 135.3 132.2 132.2 132.2 132.2 132.2 132.2 132.2 132.2 132.2 132.2 132.2 132.2 132.2 132.2 132.2 132.2 132.2 132.2 132.2 132.2 132.2 132.2 132.2 132.2 132.2 132.2 132.2 132.2 132.2 132.2 132.2 132.2 132.2 132.2 132.2 132.2 132.2 132.2 132.2 132.2 132.2 132.2 132.2 132.2 132.2 132.2 132.2 132.2 132.2 132.2 132.2 132.2 132.2 132.2 132.2 132.2 132.2 132.2 132.2 132.2 124.9 124.9 124.9 124.9 124.9 124.9 124.9 124.9 124.9 124.9 124.9 124.9 124.9 124.9 124.9 124.9 124.9 124.9 124.9 124.9 124.9 124.9 124.9 124.9 124.9 124.9 124.9 124.9 124.9 
135.3 135.3 135.3 135.3 135.3 135.3 135.3 135.3 135.3 135.3 135.3 132.2 132.2 132.2 132.2 132.2 132.2 132.2 132.2 132.2 132.2 132.2 132.2 132.2 132.2 132.2 132.2 132.2 132.2 132.2 132.2 132.2 132.2 132.2 132.2 132.2 132.2 132.2 132.2 132.2 132.2 132.2 132.2 132.2 132.2 132.2 132.2 132.2 132.2 132.2 132.2 132.2 132.2 132.2 132.2 132.2 132.2 132.2 132.2 132.2 132.2 132.2 132.2 132.2 132.2 132.2 132.2 132.2 132.2 132.2 132.2 124.9 124.9 124.9 124.9 124.9 124.9 124.9 124.9 124.9 124.9 124.9 124.9 124.9 124.9 124.9 124.9 124.9 124.9 124.9 124.9 124.9 124.9 124.9 124.9 124.9 124.9 124.9 124.9 124.9 
135.3 135.3 135.3 135.3 135.3 135.3 135.3 135.3 135.3 135.3 135.3 132.2 132.2 132.2 132.2 132.2 132.2 132.2 132.2 132.2 132.2 132.2 132.2 132.2 132.2 132.2 132.2 132.2 132.2 132.2 132.2 132.2 132.2 132.2 132.2 132.2 132.2 132.2 132.2 132.2 132.2 132.2 132.2 132.2 132.2 132.2 132.2 132.2 132.2 132.2 132.2 132.2 132.2 132.2 132.2 132.2 132.2 132.2 132.2 132.2 132.2 132.2 132.2 132.2 132.2 132.2 132.2 132.2 132.2 132.2 132.2 124.9 124.9 124.9 124.9 124.9 124.9 124.9 124.9 124.9 124.9 124.9 124.9 124.9 124.9 124.9 124.9 124.9 124.9 124.9 124.9 124.9 124.9 124.9 124.9 124.9 124.9 124.9 124.9 124.9 
135.3 135.3 135.3 135.3 135.3 135.3 135.3 135.3 135.3 135.3 135.3 132.2 132.2 132.2 132.2 132.2 132.2 132.2 132.2 132.2 132.2 132.2 132.2 132.2 132.2 132.2 132.2 132.2 132.2 132.2 132.2 132.2 132.2 132.2 132.2 132.2 132.2 132.2 132.2 132.2 132.2 132.2 132.2 132.2 132.2 132.2 132.2 132.2 132.2 132.2 132.2 132.2 132.2 132.2 132.2 132.2 132.2 132.2 132.2 132.2 132.2 132.2 132.2 132.2 132.2 132.2 132.2 132.2 132.2 132.2 132.2 124.9 124.9 124.9 124.9 124.9 124.9 124.9 124.9 124.9 124.9 124.9 124.9 124.9 124.9 124.9 124.9 124.9 124.9 124.9 124.9 124.9 124.9 124.9 124.9 124.9 124.9 124.9 124.9 124.9 
135.3 135.3 135.3 135.3 135.3 135.3 135.3 135.3 135.3 135.3 135.3 132.2 132.2 132.2 132.2 132.2 132.2 132.2 132.2 132.2 132.2 132.2 132.2 132.2 132.2 132.2 132.2 132.2 132.2 132.2 132.2 132.2 132.2 132.2 132.2 132.2 132.2 132.2 132.2 132.2 132.2 132.2 132.2 132.2 132.2 132.2 132.2 132.2 132.2 132.2 132.2 132.2 132.2 132.2 132.2 132.2 132.2 132.2 132.2 132.2 132.2 132.2 132.2 132.2 132.2 132.2 132.2 132.2 132.2 132.2 132.2 124.9 124.9 124.9 124.9 124.9 124.9 124.9 124.9 124.9 124.9 124.9 124.9 124.9 124.9 124.9 124.9 124.9 124.9 124.9 124.9 124.9 124.9 124.9 124.9 124.9 124.9 124.9 124.9 124.9 
135.3 135.3 135.3 135.3 135.3 135.3 135.3 135.3 135.3 135.3 135.3 132.2 132.2 132.2 132.2 132.2 132.2 132.2 132.2 132.2 132.2 132.2 132.2 132.2 132.2 132.2 132.2 132.2 132.2 132.2 132.2 132.2 132.2 132.2 132.2 132.2 132.2 132.2 132.2 132.2 132.2 132.2 132.2 132.2 132.2 132.2 132.2 132.2 132.2 132.2 132.2 132.2 132.2 132.2 132.2 132.2 132.2 132.2 132.2 132.2 132.2 132.2 132.2 132.2 132.2 132.2 132.2 132.2 132.2 132.2 132.2 124.9 124.9 124.9 124.9 124.9 124.9 124.9 124.9 124.9 124.9 124.9 124.9 124.9 124.9 124.9 124.9 124.9 124.9 124.9 124.9 124.9 124.9 124.9 124.9 124.9 124.9 124.9 124.9 124.9 
135.3 135.3 135.3 135.3 135.3 135.3 135.3 135.3 135.3 135.3 135.3 132.2 132.2 132.2 132.2 132.2 132.2 132.2 132.2 132.2 132.2 132.2 132.2 132.2 132.2 132.2 132.2 132.2 132.2 132.2 132.2 132.2 132.2 132.2 132.2 132.2 132.2 132.2 132.2 132.2 132.2 132.2 132.2 132.2 132.2 132.2 132.2 132.2 132.2 132.2 132.2 132.2 132.2 132.2 132.2 132.2 132.2 132.2 132.2 132.2 132.2 132.2 132.2 132.2 132.2 132.2 132.2 132.2 132.2 132.2 132.2 124.9 124.9 124.9 124.9 124.9 124.9 124.9 124.9 124.9 124.9 124.9 124.9 124.9 124.9 124.9 124.9 124.9 124.9 124.9 124.9 124.9 124.9 124.9 124.9 124.9 124.9 124.9 124.9 124.9 
135.3 135.3 135.3 135.3 135.3 135.3 135.3 135.3 135.3 135.3 135.3 132.2 132.2 132.2 132.2 132.2 132.2 132.2 132.2 132.2 132.2 132.2 132.2 132.2 132.2 132.2 132.2 132.2 132.2 132.2 132.2 132.2 132.2 132.2 132.2 132.2 132.2 132.2 132.2 132.2 132.2 132.2 132.2 132.2 132.2 132.2 132.2 132.2 132.2 132.2 132.2 132.2 132.2 132.2 132.2 132.2 132.2 132.2 132.2 132.2 132.2 132.2 132.2 132.2 132.2 132.2 132.2 132.2 132.2 132.2 132.2 124.9 124.9 124.9 124.9 124.9 124.9 124.9 124.9 124.9 124.9 124.9 124.9 124.9 124.9 124.9 124.9 124.9 124.9 124.9 124.9 124.9 124.9 124.9 124.9 124.9 124.9 124.9 124.9 124.9 
135.3 135.3 135.3 135.3 135.3 135.3 135.3 135.3 135.3 135.3 135.3 132.2 132.2 132.2 132.2 132.2 132.2 132.2 132.2 132.2 132.2 132.2 132.2 132.2 132.2 132.2 132.2 132.2 132.2 132.2 132.2 132.2 132.2 132.2 132.2 132.2 132.2 132.2 132.2 132.2 132.2 132.2 132.2 132.2 132.2 132.2 132.2 132.2 132.2 132.2 132.2 132.2 132.2 132.2 132.2 132.2 132.2 132.2 132.2 132.2 132.2 132.2 132.2 132.2 132.2 132.2 132.2 132.2 132.2 132.2 132.2 124.9 124.9 124.9 124.9 124.9 124.9 124.9 124.9 124.9 124.9 124.9 124.9 124.9 124.9 124.9 124.9 124.9 124.9 124.9 124.9 124.9 124.9 124.9 124.9 124.9 124.9 124.9 124.9 124.9 
135.3 135.3 135.3 135.3 135.3 135.3 135.3 135.3 135.3 135.3 135.3 132.2 132.2 132.2 132.2 132.2 132.2 132.2 132.2 132.2 132.2 132.2 132.2 132.2 132.2 132.2 132.2 132.2 132.2 132.2 132.2 132.2 132.2 132.2 132.2 132.2 132.2 132.2 132.2 132.2 132.2 132.2 132.2 132.2 132.2 132.2 132.2 132.2 132.2 132.2 132.2 132.2 132.2 132.2 132.2 132.2 132.2 132.2 132.2 132.2 132.2 132.2 132.2 132.2 132.2 132.2 132.2 132.2 132.2 132.2 132.2 124.9 124.9 124.9 124.9 124.9 124.9 124.9 124.9 124.9 124.9 124.9 124.9 124.9 124.9 124.9 124.9 124.9 124.9 124.9 124.9 124.9 124.9 124.9 124.9 124.9 124.9 124.9 124.9 124.9 
135.3 135.3 135.3 135.3 135.3 135.3 135.3 135.3 135.3 135.3 135.3 132.2 132.2 132.2 132.2 132.2 132.2 132.2 132.2 132.2 132.2 132.2 132.2 132.2 132.2 132.2 132.2 132.2 132.2 132.2 132.2 132.2 132.2 132.2 132.2 132.2 132.2 132.2 132.2 132.2 132.2 132.2 132.2 132.2 132.2 132.2 132.2 132.2 132.2 132.2 132.2 132.2 132.2 132.2 132.2 132.2 132.2 132.2 132.2 132.2 132.2 132.2 132.2 132.2 132.2 132.2 132.2 132.2 132.2 132.2 132.2 124.9 124.9 124.9 124.9 124.9 124.9 124.9 124.9 124.9 124.9 124.9 124.9 124.9 124.9 124.9 124.9 124.9 124.9 124.9 124.9 124.9 124.9 124.9 124.9 124.9 124.9 124.9 124.9 124.9 
135.3 135.3 135.3 135.3 135.3 135.3 135.3 135.3 135.3 135.3 135.3 132.2 132.2 132.2 132.2 132.2 132.2 132.2 132.2 132.2 132.2 132.2 132.2 132.2 132.2 132.2 132.2 132.2 132.2 132.2 132.2 132.2 132.2 132.2 132.2 132.2 132.2 132.2 132.2 132.2 132.2 132.2 132.2 132.2 132.2 132.2 132.2 132.2 132.2 132.2 132.2 132.2 132.2 132.2 132.2 132.2 132.2 132.2 132.2 132.2 132.2 132.2 132.2 132.2 132.2 132.2 132.2 132.2 132.2 132.2 132.2 124.9 124.9 124.9 124.9 124.9 124.9 124.9 124.9 124.9 124.9 124.9 124.9 124.9 124.9 124.9 124.9 124.9 124.9 124.9 124.9 124.9 124.9 124.9 124.9 124.9 124.9 124.9 124.9 124.9 
135.3 135.3 135.3 135.3 135.3 135.3 135.3 135.3 135.3 135.3 135.3 132.2 132.2 132.2 132.2 132.2 132.2 132.2 132.2 132.2 132.2 132.2 132.2 132.2 132.2 132.2 132.2 132.2 132.2 132.2 132.2 132.2 132.2 132.2 132.2 132.2 132.2 132.2 132.2 132.2 132.2 132.2 132.2 132.2 132.2 132.2 132.2 132.2 132.2 132.2 132.2 132.2 132.2 132.2 132.2 132.2 132.2 132.2 132.2 132.2 132.2 132.2 132.2 132.2 132.2 132.2 132.2 132.2 132.2 132.2 132.2 124.9 124.9 124.9 124.9 124.9 124.9 124.9 124.9 124.9 124.9 124.9 124.9 124.9 124.9 124.9 124.9 124.9 124.9 124.9 124.9 124.9 124.9 124.9 124.9 124.9 124.9 124.9 124.9 124.9 
135.3 135.3 135.3 135.3 135.3 135.3 135.3 135.3 135.3 135.3 135.3 132.2 132.2 132.2 132.2 132.2 132.2 132.2 132.2 132.2 132.2 132.2 132.2 132.2 132.2 132.2 132.2 132.2 132.2 132.2 132.2 132.2 132.2 132.2 132.2 132.2 132.2 132.2 132.2 132.2 132.2 132.2 132.2 132.2 132.2 132.2 132.2 132.2 132.2 132.2 132.2 132.2 132.2 132.2 132.2 132.2 132.2 132.2 132.2 132.2 132.2 132.2 132.2 132.2 132.2 132.2 132.2 132.2 132.2 132.2 132.2 124.9 124.9 124.9 124.9 124.9 124.9 124.9 124.9 124.9 124.9 124.9 124.9 124.9 124.9 124.9 124.9 124.9 124.9 124.9 124.9 124.9 124.9 124.9 124.9 124.9 124.9 124.9 124.9 124.9 
135.3 135.3 135.3 135.3 135.3 135.3 135.3 135.3 135.3 135.3 135.3 132.2 132.2 132.2 132.2 132.2 132.2 132.2 132.2 132.2 132.2 132.2 132.2 132.2 132.2 132.2 132.2 132.2 132.2 132.2 132.2 132.2 132.2 132.2 132.2 132.2 132.2 132.2 132.2 132.2 132.2 132.2 132.2 132.2 132.2 132.2 132.2 132.2 132.2 132.2 132.2 132.2 132.2 132.2 132.2 132.2 132.2 132.2 132.2 132.2 132.2 132.2 132.2 132.2 132.2 132.2 132.2 132.2 132.2 132.2 132.2 124.9 124.9 124.9 124.9 124.9 124.9 124.9 124.9 124.9 124.9 124.9 124.9 124.9 124.9 124.9 124.9 124.9 124.9 124.9 124.9 124.9 124.9 124.9 124.9 124.9 124.9 124.9 124.9 124.9 
135.3 135.3 135.3 135.3 135.3 135.3 135.3 135.3 135.3 135.3 135.3 132.2 132.2 132.2 132.2 132.2 132.2 132.2 132.2 132.2 132.2 132.2 132.2 132.2 132.2 132.2 132.2 132.2 132.2 132.2 132.2 132.2 132.2 132.2 132.2 132.2 132.2 132.2 132.2 132.2 132.2 132.2 132.2 132.2 132.2 132.2 132.2 132.2 132.2 132.2 132.2 132.2 132.2 132.2 132.2 132.2 132.2 132.2 132.2 132.2 132.2 132.2 132.2 132.2 132.2 132.2 132.2 132.2 132.2 132.2 132.2 124.9 124.9 124.9 124.9 124.9 124.9 124.9 124.9 124.9 124.9 124.9 124.9 124.9 124.9 124.9 124.9 124.9 124.9 124.9 124.9 124.9 124.9 124.9 124.9 124.9 124.9 124.9 124.9 124.9 
135.3 135.3 135.3 135.3 135.3 135.3 135.3 135.3 135.3 135.3 135.3 132.2 132.2 132.2 132.2 132.2 132.2 132.2 132.2 132.2 132.2 132.2 132.2 132.2 132.2 132.2 132.2 132.2 132.2 132.2 132.2 132.2 132.2 132.2 132.2 132.2 132.2 132.2 132.2 132.2 132.2 132.2 132.2 132.2 132.2 132.2 132.2 132.2 132.2 132.2 132.2 132.2 132.2 132.2 132.2 132.2 132.2 132.2 132.2 132.2 132.2 132.2 132.2 132.2 132.2 132.2 132.2 132.2 132.2 132.2 132.2 124.9 124.9 124.9 124.9 124.9 124.9 124.9 124.9 124.9 124.9 124.9 124.9 124.9 124.9 124.9 124.9 124.9 124.9 124.9 124.9 124.9 124.9 124.9 124.9 124.9 124.9 124.9 124.9 124.9 
135.3 135.3 135.3 135.3 135.3 135.3 135.3 135.3 135.3 135.3 135.3 132.2 132.2 132.2 132.2 132.2 132.2 132.2 132.2 132.2 132.2 132.2 132.2 132.2 132.2 132.2 132.2 132.2 132.2 132.2 132.2 132.2 132.2 132.2 132.2 132.2 132.2 132.2 132.2 132.2 132.2 132.2 132.2 132.2 132.2 132.2 132.2 132.2 132.2 132.2 132.2 132.2 132.2 132.2 132.2 132.2 132.2 132.2 132.2 132.2 132.2 132.2 132.2 132.2 132.2 132.2 132.2 132.2 132.2 132.2 132.2 124.9 124.9 124.9 124.9 124.9 124.9 124.9 124.9 124.9 124.9 124.9 124.9 124.9 124.9 124.9 124.9 124.9 124.9 124.9 124.9 124.9 124.9 124.9 124.9 124.9 124.9 124.9 124.9 124.9 
135.3 135.3 135.3 135.3 135.3 135.3 135.3 135.3 135.3 135.3 135.3 132.2 132.2 132.2 132.2 132.2 132.2 132.2 132.2 132.2 132.2 132.2 132.2 132.2 132.2 132.2 132.2 132.2 132.2 132.2 132.2 132.2 132.2 132.2 132.2 132.2 132.2 132.2 132.2 132.2 132.2 132.2 132.2 132.2 132.2 132.2 132.2 132.2 132.2 132.2 132.2 132.2 132.2 132.2 132.2 132.2 132.2 132.2 132.2 132.2 132.2 132.2 132.2 132.2 132.2 132.2 132.2 132.2 132.2 132.2 132.2 124.9 124.9 124.9 124.9 124.9 124.9 124.9 124.9 124.9 124.9 124.9 124.9 124.9 124.9 124.9 124.9 124.9 124.9 124.9 124.9 124.9 124.9 124.9 124.9 124.9 124.9 124.9 124.9 124.9 
135.3 135.3 135.3 135.3 135.3 135.3 135.3 135.3 135.3 135.3 135.3 132.2 132.2 132.2 132.2 132.2 132.2 132.2 132.2 132.2 132.2 132.2 132.2 132.2 132.2 132.2 132.2 132.2 132.2 132.2 132.2 132.2 132.2 132.2 132.2 132.2 132.2 132.2 132.2 132.2 132.2 132.2 132.2 132.2 132.2 132.2 132.2 132.2 132.2 132.2 132.2 132.2 132.2 132.2 132.2 132.2 132.2 132.2 132.2 132.2 132.2 132.2 132.2 132.2 132.2 132.2 132.2 132.2 132.2 132.2 132.2 124.9 124.9 124.9 124.9 124.9 124.9 124.9 124.9 124.9 124.9 124.9 124.9 124.9 124.9 124.9 124.9 124.9 124.9 124.9 124.9 124.9 124.9 124.9 124.9 124.9 124.9 124.9 124.9 124.9 
135.3 135.3 135.3 135.3 135.3 135.3 135.3 135.3 135.3 135.3 135.3 132.2 132.2 132.2 132.2 132.2 132.2 132.2 132.2 132.2 132.2 132.2 132.2 132.2 132.2 132.2 132.2 132.2 132.2 132.2 132.2 132.2 132.2 132.2 132.2 132.2 132.2 132.2 132.2 132.2 132.2 132.2 132.2 132.2 132.2 132.2 132.2 132.2 132.2 132.2 132.2 132.2 132.2 132.2 132.2 132.2 132.2 132.2 132.2 132.2 132.2 132.2 132.2 132.2 132.2 132.2 132.2 132.2 132.2 132.2 132.2 124.9 124.9 124.9 124.9 124.9 124.9 124.9 124.9 124.9 124.9 124.9 124.9 124.9 124.9 124.9 124.9 124.9 124.9 124.9 124.9 124.9 124.9 124.9 124.9 124.9 124.9 124.9 124.9 124.9 
135.3 135.3 135.3 135.3 135.3 135.3 135.3 135.3 135.3 135.3 135.3 132.2 132.2 132.2 132.2 132.2 132.2 132.2 132.2 132.2 132.2 132.2 132.2 132.2 132.2 132.2 132.2 132.2 132.2 132.2 132.2 132.2 132.2 132.2 132.2 132.2 132.2 132.2 132.2 132.2 132.2 132.2 132.2 132.2 132.2 132.2 132.2 132.2 132.2 132.2 132.2 132.2 132.2 132.2 132.2 132.2 132.2 132.2 132.2 132.2 132.2 132.2 132.2 132.2 132.2 132.2 132.2 132.2 132.2 132.2 132.2 124.9 124.9 124.9 124.9 124.9 124.9 124.9 124.9 124.9 124.9 124.9 124.9 124.9 124.9 124.9 124.9 124.9 124.9 124.9 124.9 124.9 124.9 124.9 124.9 124.9 124.9 124.9 124.9 124.9 
135.3 135.3 135.3 135.3 135.3 135.3 135.3 135.3 135.3 135.3 135.3 132.2 132.2 132.2 132.2 132.2 132.2 132.2 132.2 132.2 132.2 132.2 132.2 132.2 132.2 132.2 132.2 132.2 132.2 132.2 132.2 132.2 132.2 132.2 132.2 132.2 132.2 132.2 132.2 132.2 132.2 132.2 132.2 132.2 132.2 132.2 132.2 132.2 132.2 132.2 132.2 132.2 132.2 132.2 132.2 132.2 132.2 132.2 132.2 132.2 132.2 132.2 132.2 132.2 132.2 132.2 132.2 132.2 132.2 132.2 132.2 124.9 124.9 124.9 124.9 124.9 124.9 124.9 124.9 124.9 124.9 124.9 124.9 124.9 124.9 124.9 124.9 124.9 124.9 124.9 124.9 124.9 124.9 124.9 124.9 124.9 124.9 124.9 124.9 124.9 
135.3 135.3 135.3 135.3 135.3 135.3 135.3 135.3 135.3 135.3 135.3 132.2 132.2 132.2 132.2 132.2 132.2 132.2 132.2 132.2 132.2 132.2 132.2 132.2 132.2 132.2 132.2 132.2 132.2 132.2 132.2 132.2 132.2 132.2 132.2 132.2 132.2 132.2 132.2 132.2 132.2 132.2 132.2 132.2 132.2 132.2 132.2 132.2 132.2 132.2 132.2 132.2 132.2 132.2 132.2 132.2 132.2 132.2 132.2 132.2 132.2 132.2 132.2 132.2 132.2 132.2 132.2 132.2 132.2 132.2 132.2 124.9 124.9 124.9 124.9 124.9 124.9 124.9 124.9 124.9 124.9 124.9 124.9 124.9 124.9 124.9 124.9 124.9 124.9 124.9 124.9 124.9 124.9 124.9 124.9 124.9 124.9 124.9 124.9 124.9 
135.3 135.3 135.3 135.3 135.3 135.3 135.3 135.3 135.3 135.3 135.3 132.2 132.2 132.2 132.2 132.2 132.2 132.2 132.2 132.2 132.2 132.2 132.2 132.2 132.2 132.2 132.2 132.2 132.2 132.2 132.2 132.2 132.2 132.2 132.2 132.2 132.2 132.2 132.2 132.2 132.2 132.2 132.2 132.2 132.2 132.2 132.2 132.2 132.2 132.2 132.2 132.2 132.2 132.2 132.2 132.2 132.2 132.2 132.2 132.2 132.2 132.2 132.2 132.2 132.2 132.2 132.2 132.2 132.2 132.2 132.2 124.9 124.9 124.9 124.9 124.9 124.9 124.9 124.9 124.9 124.9 124.9 124.9 124.9 124.9 124.9 124.9 124.9 124.9 124.9 124.9 124.9 124.9 124.9 124.9 124.9 124.9 124.9 124.9 124.9 
135.3 135.3 135.3 135.3 135.3 135.3 135.3 135.3 135.3 135.3 135.3 132.2 132.2 132.2 132.2 132.2 132.2 132.2 132.2 132.2 132.2 132.2 132.2 132.2 132.2 132.2 132.2 132.2 132.2 132.2 132.2 132.2 132.2 132.2 132.2 132.2 132.2 132.2 132.2 132.2 132.2 132.2 132.2 132.2 132.2 132.2 132.2 132.2 132.2 132.2 132.2 132.2 132.2 132.2 132.2 132.2 132.2 132.2 132.2 132.2 132.2 132.2 132.2 132.2 132.2 132.2 132.2 132.2 132.2 132.2 132.2 124.9 124.9 124.9 124.9 124.9 124.9 124.9 124.9 124.9 124.9 124.9 124.9 124.9 124.9 124.9 124.9 124.9 124.9 124.9 124.9 124.9 124.9 124.9 124.9 124.9 124.9 124.9 124.9 124.9 
135.3 135.3 135.3 135.3 135.3 135.3 135.3 135.3 135.3 135.3 135.3 132.2 132.2 132.2 132.2 132.2 132.2 132.2 132.2 132.2 132.2 132.2 132.2 132.2 132.2 132.2 132.2 132.2 132.2 132.2 132.2 132.2 132.2 132.2 132.2 132.2 132.2 132.2 132.2 132.2 132.2 132.2 132.2 132.2 132.2 132.2 132.2 132.2 132.2 132.2 132.2 132.2 132.2 132.2 132.2 132.2 132.2 132.2 132.2 132.2 132.2 132.2 132.2 132.2 132.2 132.2 132.2 132.2 132.2 132.2 132.2 124.9 124.9 124.9 124.9 124.9 124.9 124.9 124.9 124.9 124.9 124.9 124.9 124.9 124.9 124.9 124.9 124.9 124.9 124.9 124.9 124.9 124.9 124.9 124.9 124.9 124.9 124.9 124.9 124.9 
135.3 135.3 135.3 135.3 135.3 135.3 135.3 135.3 135.3 135.3 135.3 132.2 132.2 132.2 132.2 132.2 132.2 132.2 132.2 132.2 132.2 132.2 132.2 132.2 132.2 132.2 132.2 132.2 132.2 132.2 132.2 132.2 132.2 132.2 132.2 132.2 132.2 132.2 132.2 132.2 132.2 132.2 132.2 132.2 132.2 132.2 132.2 132.2 132.2 132.2 132.2 132.2 132.2 132.2 132.2 132.2 132.2 132.2 132.2 132.2 132.2 132.2 132.2 132.2 132.2 132.2 132.2 132.2 132.2 132.2 132.2 124.9 124.9 124.9 124.9 124.9 124.9 124.9 124.9 124.9 124.9 124.9 124.9 124.9 124.9 124.9 124.9 124.9 124.9 124.9 124.9 124.9 124.9 124.9 124.9 124.9 124.9 124.9 124.9 124.9 
135.3 135.3 135.3 135.3 135.3 135.3 135.3 135.3 135.3 135.3 135.3 132.2 132.2 132.2 132.2 132.2 132.2 132.2 132.2 132.2 132.2 132.2 132.2 132.2 132.2 132.2 132.2 132.2 132.2 132.2 132.2 132.2 132.2 132.2 132.2 132.2 132.2 132.2 132.2 132.2 132.2 132.2 132.2 132.2 132.2 132.2 132.2 132.2 132.2 132.2 132.2 132.2 132.2 132.2 132.2 132.2 132.2 132.2 132.2 132.2 132.2 132.2 132.2 132.2 132.2 132.2 132.2 132.2 132.2 132.2 132.2 124.9 124.9 124.9 124.9 124.9 124.9 124.9 124.9 124.9 124.9 124.9 124.9 124.9 124.9 124.9 124.9 124.9 124.9 124.9 124.9 124.9 124.9 124.9 124.9 124.9 124.9 124.9 124.9 124.9 
135.3 135.3 135.3 135.3 135.3 135.3 135.3 135.3 135.3 135.3 135.3 132.2 132.2 132.2 132.2 132.2 132.2 132.2 132.2 132.2 132.2 132.2 132.2 132.2 132.2 132.2 132.2 132.2 132.2 132.2 132.2 132.2 132.2 132.2 132.2 132.2 132.2 132.2 132.2 132.2 132.2 132.2 132.2 132.2 132.2 132.2 132.2 132.2 132.2 132.2 132.2 132.2 132.2 132.2 132.2 132.2 132.2 132.2 132.2 132.2 132.2 132.2 132.2 132.2 132.2 132.2 132.2 132.2 132.2 132.2 132.2 124.9 124.9 124.9 124.9 124.9 124.9 124.9 124.9 124.9 124.9 124.9 124.9 124.9 124.9 124.9 124.9 124.9 124.9 124.9 124.9 124.9 124.9 124.9 124.9 124.9 124.9 124.9 124.9 124.9 
135.3 135.3 135.3 135.3 135.3 135.3 135.3 135.3 135.3 135.3 135.3 132.2 132.2 132.2 132.2 132.2 132.2 132.2 132.2 132.2 132.2 132.2 132.2 132.2 132.2 132.2 132.2 132.2 132.2 132.2 132.2 132.2 132.2 132.2 132.2 132.2 132.2 132.2 132.2 132.2 132.2 132.2 132.2 132.2 132.2 132.2 132.2 132.2 132.2 132.2 132.2 132.2 132.2 132.2 132.2 132.2 132.2 132.2 132.2 132.2 132.2 132.2 132.2 132.2 132.2 132.2 132.2 132.2 132.2 132.2 132.2 124.9 124.9 124.9 124.9 124.9 124.9 124.9 124.9 124.9 124.9 124.9 124.9 124.9 124.9 124.9 124.9 124.9 124.9 124.9 124.9 124.9 124.9 124.9 124.9 124.9 124.9 124.9 124.9 124.9 
135.3 135.3 135.3 135.3 135.3 135.3 135.3 135.3 135.3 135.3 135.3 132.2 132.2 132.2 132.2 132.2 132.2 132.2 132.2 132.2 132.2 132.2 132.2 132.2 132.2 132.2 132.2 132.2 132.2 132.2 132.2 132.2 132.2 132.2 132.2 132.2 132.2 132.2 132.2 132.2 132.2 132.2 132.2 132.2 132.2 132.2 132.2 132.2 132.2 132.2 132.2 132.2 132.2 132.2 132.2 132.2 132.2 132.2 132.2 132.2 132.2 132.2 132.2 132.2 132.2 132.2 132.2 132.2 132.2 132.2 132.2 124.9 124.9 124.9 124.9 124.9 124.9 124.9 124.9 124.9 124.9 124.9 124.9 124.9 124.9 124.9 124.9 124.9 124.9 124.9 124.9 124.9 124.9 124.9 124.9 124.9 124.9 124.9 124.9 124.9 
135.3 135.3 135.3 135.3 135.3 135.3 135.3 135.3 135.3 135.3 135.3 132.2 132.2 132.2 132.2 132.2 132.2 132.2 132.2 132.2 132.2 132.2 132.2 132.2 132.2 132.2 132.2 132.2 132.2 132.2 132.2 132.2 132.2 132.2 132.2 132.2 132.2 132.2 132.2 132.2 132.2 132.2 132.2 132.2 132.2 132.2 132.2 132.2 132.2 132.2 132.2 132.2 132.2 132.2 132.2 132.2 132.2 132.2 132.2 132.2 132.2 132.2 132.2 132.2 132.2 132.2 132.2 132.2 132.2 132.2 132.2 124.9 124.9 124.9 124.9 124.9 124.9 124.9 124.9 124.9 124.9 124.9 124.9 124.9 124.9 124.9 124.9 124.9 124.9 124.9 124.9 124.9 124.9 124.9 124.9 124.9 124.9 124.9 124.9 124.9 
135.3 135.3 135.3 135.3 135.3 135.3 135.3 135.3 135.3 135.3 135.3 132.2 132.2 132.2 132.2 132.2 132.2 132.2 132.2 132.2 132.2 132.2 132.2 132.2 132.2 132.2 132.2 132.2 132.2 132.2 132.2 132.2 132.2 132.2 132.2 132.2 132.2 132.2 132.2 132.2 132.2 132.2 132.2 132.2 132.2 132.2 132.2 132.2 132.2 132.2 132.2 132.2 132.2 132.2 132.2 132.2 132.2 132.2 132.2 132.2 132.2 132.2 132.2 132.2 132.2 132.2 132.2 132.2 132.2 132.2 132.2 124.9 124.9 124.9 124.9 124.9 124.9 124.9 124.9 124.9 124.9 124.9 124.9 124.9 124.9 124.9 124.9 124.9 124.9 124.9 124.9 124.9 124.9 124.9 124.9 124.9 124.9 124.9 124.9 124.9 
135.3 135.3 135.3 135.3 135.3 135.3 135.3 135.3 135.3 135.3 135.3 132.2 132.2 132.2 132.2 132.2 132.2 132.2 132.2 132.2 132.2 132.2 132.2 132.2 132.2 132.2 132.2 132.2 132.2 132.2 132.2 132.2 132.2 132.2 132.2 132.2 132.2 132.2 132.2 132.2 132.2 132.2 132.2 132.2 132.2 132.2 132.2 132.2 132.2 132.2 132.2 132.2 132.2 132.2 132.2 132.2 132.2 132.2 132.2 132.2 132.2 132.2 132.2 132.2 132.2 132.2 132.2 132.2 132.2 132.2 132.2 124.9 124.9 124.9 124.9 124.9 124.9 124.9 124.9 124.9 124.9 124.9 124.9 124.9 124.9 124.9 124.9 124.9 124.9 124.9 124.9 124.9 124.9 124.9 124.9 124.9 124.9 124.9 124.9 124.9 
135.3 135.3 135.3 135.3 135.3 135.3 135.3 135.3 135.3 135.3 135.3 132.2 132.2 132.2 132.2 132.2 132.2 132.2 132.2 132.2 132.2 132.2 132.2 132.2 132.2 132.2 132.2 132.2 132.2 132.2 132.2 132.2 132.2 132.2 132.2 132.2 132.2 132.2 132.2 132.2 132.2 132.2 132.2 132.2 132.2 132.2 132.2 132.2 132.2 132.2 132.2 132.2 132.2 132.2 132.2 132.2 132.2 132.2 132.2 132.2 132.2 132.2 132.2 132.2 132.2 132.2 132.2 132.2 132.2 132.2 132.2 124.9 124.9 124.9 124.9 124.9 124.9 124.9 124.9 124.9 124.9 124.9 124.9 124.9 124.9 124.9 124.9 124.9 124.9 124.9 124.9 124.9 124.9 124.9 124.9 124.9 124.9 124.9 124.9 124.9 
135.3 135.3 135.3 135.3 135.3 135.3 135.3 135.3 135.3 135.3 135.3 132.2 132.2 132.2 132.2 132.2 132.2 132.2 132.2 132.2 132.2 132.2 132.2 132.2 132.2 132.2 132.2 132.2 132.2 132.2 132.2 132.2 132.2 132.2 132.2 132.2 132.2 132.2 132.2 132.2 132.2 132.2 132.2 132.2 132.2 132.2 132.2 132.2 132.2 132.2 132.2 132.2 132.2 132.2 132.2 132.2 132.2 132.2 132.2 132.2 132.2 132.2 132.2 132.2 132.2 132.2 132.2 132.2 132.2 132.2 132.2 124.9 124.9 124.9 124.9 124.9 124.9 124.9 124.9 124.9 124.9 124.9 124.9 124.9 124.9 124.9 124.9 124.9 124.9 124.9 124.9 124.9 124.9 124.9 124.9 124.9 124.9 124.9 124.9 124.9 
135.3 135.3 135.3 135.3 135.3 135.3 135.3 135.3 135.3 135.3 135.3 132.2 132.2 132.2 132.2 132.2 132.2 132.2 132.2 132.2 132.2 132.2 132.2 132.2 132.2 132.2 132.2 132.2 132.2 132.2 132.2 132.2 132.2 132.2 132.2 132.2 132.2 132.2 132.2 132.2 132.2 132.2 132.2 132.2 132.2 132.2 132.2 132.2 132.2 132.2 132.2 132.2 132.2 132.2 132.2 132.2 132.2 132.2 132.2 132.2 132.2 132.2 132.2 132.2 132.2 132.2 132.2 132.2 132.2 132.2 132.2 124.9 124.9 124.9 124.9 124.9 124.9 124.9 124.9 124.9 124.9 124.9 124.9 124.9 124.9 124.9 124.9 124.9 124.9 124.9 124.9 124.9 124.9 124.9 124.9 124.9 124.9 124.9 124.9 124.9 
135.3 135.3 135.3 135.3 135.3 135.3 135.3 135.3 135.3 135.3 135.3 132.2 132.2 132.2 132.2 132.2 132.2 132.2 132.2 132.2 132.2 132.2 132.2 132.2 132.2 132.2 132.2 132.2 132.2 132.2 132.2 132.2 132.2 132.2 132.2 132.2 132.2 132.2 132.2 132.2 132.2 132.2 132.2 132.2 132.2 132.2 132.2 132.2 132.2 132.2 132.2 132.2 132.2 132.2 132.2 132.2 132.2 132.2 132.2 132.2 132.2 132.2 132.2 132.2 132.2 132.2 132.2 132.2 132.2 132.2 132.2 124.9 124.9 124.9 124.9 124.9 124.9 124.9 124.9 124.9 124.9 124.9 124.9 124.9 124.9 124.9 124.9 124.9 124.9 124.9 124.9 124.9 124.9 124.9 124.9 124.9 124.9 124.9 124.9 124.9 
135.3 135.3 135.3 135.3 135.3 135.3 135.3 135.3 135.3 135.3 135.3 132.2 132.2 132.2 132.2 132.2 132.2 132.2 132.2 132.2 132.2 132.2 132.2 132.2 132.2 132.2 132.2 132.2 132.2 132.2 132.2 132.2 132.2 132.2 132.2 132.2 132.2 132.2 132.2 132.2 132.2 132.2 132.2 132.2 132.2 132.2 132.2 132.2 132.2 132.2 132.2 132.2 132.2 132.2 132.2 132.2 132.2 132.2 132.2 132.2 132.2 132.2 132.2 132.2 132.2 132.2 132.2 132.2 132.2 132.2 132.2 124.9 124.9 124.9 124.9 124.9 124.9 124.9 124.9 124.9 124.9 124.9 124.9 124.9 124.9 124.9 124.9 124.9 124.9 124.9 124.9 124.9 124.9 124.9 124.9 124.9 124.9 124.9 124.9 124.9 
135.3 135.3 135.3 135.3 135.3 135.3 135.3 135.3 135.3 135.3 135.3 132.2 132.2 132.2 132.2 132.2 132.2 132.2 132.2 132.2 132.2 132.2 132.2 132.2 132.2 132.2 132.2 132.2 132.2 132.2 132.2 132.2 132.2 132.2 132.2 132.2 132.2 132.2 132.2 132.2 132.2 132.2 132.2 132.2 132.2 132.2 132.2 132.2 132.2 132.2 132.2 132.2 132.2 132.2 132.2 132.2 132.2 132.2 132.2 132.2 132.2 132.2 132.2 132.2 132.2 132.2 132.2 132.2 132.2 132.2 132.2 124.9 124.9 124.9 124.9 124.9 124.9 124.9 124.9 124.9 124.9 124.9 124.9 124.9 124.9 124.9 124.9 124.9 124.9 124.9 124.9 124.9 124.9 124.9 124.9 124.9 124.9 124.9 124.9 124.9 
135.3 135.3 135.3 135.3 135.3 135.3 135.3 135.3 135.3 135.3 135.3 132.2 132.2 132.2 132.2 132.2 132.2 132.2 132.2 132.2 132.2 132.2 132.2 132.2 132.2 132.2 132.2 132.2 132.2 132.2 132.2 132.2 132.2 132.2 132.2 132.2 132.2 132.2 132.2 132.2 132.2 132.2 132.2 132.2 132.2 132.2 132.2 132.2 132.2 132.2 132.2 132.2 132.2 132.2 132.2 132.2 132.2 132.2 132.2 132.2 132.2 132.2 132.2 132.2 132.2 132.2 132.2 132.2 132.2 132.2 132.2 124.9 124.9 124.9 124.9 124.9 124.9 124.9 124.9 124.9 124.9 124.9 124.9 124.9 124.9 124.9 124.9 124.9 124.9 124.9 124.9 124.9 124.9 124.9 124.9 124.9 124.9 124.9 124.9 124.9 
135.3 135.3 135.3 135.3 135.3 135.3 135.3 135.3 135.3 135.3 135.3 132.2 132.2 132.2 132.2 132.2 132.2 132.2 132.2 132.2 132.2 132.2 132.2 132.2 132.2 132.2 132.2 132.2 132.2 132.2 132.2 132.2 132.2 132.2 132.2 132.2 132.2 132.2 132.2 132.2 132.2 132.2 132.2 132.2 132.2 132.2 132.2 132.2 132.2 132.2 132.2 132.2 132.2 132.2 132.2 132.2 132.2 132.2 132.2 132.2 132.2 132.2 132.2 132.2 132.2 132.2 132.2 132.2 132.2 132.2 132.2 124.9 124.9 124.9 124.9 124.9 124.9 124.9 124.9 124.9 124.9 124.9 124.9 124.9 124.9 124.9 124.9 124.9 124.9 124.9 124.9 124.9 124.9 124.9 124.9 124.9 124.9 124.9 124.9 124.9 
135.3 135.3 135.3 135.3 135.3 135.3 135.3 135.3 135.3 135.3 135.3 132.2 132.2 132.2 132.2 132.2 132.2 132.2 132.2 132.2 132.2 132.2 132.2 132.2 132.2 132.2 132.2 132.2 132.2 132.2 132.2 132.2 132.2 132.2 132.2 132.2 132.2 132.2 132.2 132.2 132.2 132.2 132.2 132.2 132.2 132.2 132.2 132.2 132.2 132.2 132.2 132.2 132.2 132.2 132.2 132.2 132.2 132.2 132.2 132.2 132.2 132.2 132.2 132.2 132.2 132.2 132.2 132.2 132.2 132.2 132.2 124.9 124.9 124.9 124.9 124.9 124.9 124.9 124.9 124.9 124.9 124.9 124.9 124.9 124.9 124.9 124.9 124.9 124.9 124.9 124.9 124.9 124.9 124.9 124.9 124.9 124.9 124.9 124.9 124.9 
135.3 135.3 135.3 135.3 135.3 135.3 135.3 135.3 135.3 135.3 135.3 132.2 132.2 132.2 132.2 132.2 132.2 132.2 132.2 132.2 132.2 132.2 132.2 132.2 132.2 132.2 132.2 132.2 132.2 132.2 132.2 132.2 132.2 132.2 132.2 132.2 132.2 132.2 132.2 132.2 132.2 132.2 132.2 132.2 132.2 132.2 132.2 132.2 132.2 132.2 132.2 132.2 132.2 132.2 132.2 132.2 132.2 132.2 132.2 132.2 132.2 132.2 132.2 132.2 132.2 132.2 132.2 132.2 132.2 132.2 132.2 124.9 124.9 124.9 124.9 124.9 124.9 124.9 124.9 124.9 124.9 124.9 124.9 124.9 124.9 124.9 124.9 124.9 124.9 124.9 124.9 124.9 124.9 124.9 124.9 124.9 124.9 124.9 124.9 124.9 
135.3 135.3 135.3 135.3 135.3 135.3 135.3 135.3 135.3 135.3 135.3 132.2 132.2 132.2 132.2 132.2 132.2 132.2 132.2 132.2 132.2 132.2 132.2 132.2 132.2 132.2 132.2 132.2 132.2 132.2 132.2 132.2 132.2 132.2 132.2 132.2 132.2 132.2 132.2 132.2 132.2 132.2 132.2 132.2 132.2 132.2 132.2 132.2 132.2 132.2 132.2 132.2 132.2 132.2 132.2 132.2 132.2 132.2 132.2 132.2 132.2 132.2 132.2 132.2 132.2 132.2 132.2 132.2 132.2 132.2 132.2 124.9 124.9 124.9 124.9 124.9 124.9 124.9 124.9 124.9 124.9 124.9 124.9 124.9 124.9 124.9 124.9 124.9 124.9 124.9 124.9 124.9 124.9 124.9 124.9 124.9 124.9 124.9 124.9 124.9 
135.3 135.3 135.3 135.3 135.3 135.3 135.3 135.3 135.3 135.3 135.3 132.2 132.2 132.2 132.2 132.2 132.2 132.2 132.2 132.2 132.2 132.2 132.2 132.2 132.2 132.2 132.2 132.2 132.2 132.2 132.2 132.2 132.2 132.2 132.2 132.2 132.2 132.2 132.2 132.2 132.2 132.2 132.2 132.2 132.2 132.2 132.2 132.2 132.2 132.2 132.2 132.2 132.2 132.2 132.2 132.2 132.2 132.2 132.2 132.2 132.2 132.2 132.2 132.2 132.2 132.2 132.2 132.2 132.2 132.2 132.2 124.9 124.9 124.9 124.9 124.9 124.9 124.9 124.9 124.9 124.9 124.9 124.9 124.9 124.9 124.9 124.9 124.9 124.9 124.9 124.9 124.9 124.9 124.9 124.9 124.9 124.9 124.9 124.9 124.9 
135.3 135.3 135.3 135.3 135.3 135.3 135.3 135.3 135.3 135.3 135.3 132.2 132.2 132.2 132.2 132.2 132.2 132.2 132.2 132.2 132.2 132.2 132.2 132.2 132.2 132.2 132.2 132.2 132.2 132.2 132.2 132.2 132.2 132.2 132.2 132.2 132.2 132.2 132.2 132.2 132.2 132.2 132.2 132.2 132.2 132.2 132.2 132.2 132.2 132.2 132.2 132.2 132.2 132.2 132.2 132.2 132.2 132.2 132.2 132.2 132.2 132.2 132.2 132.2 132.2 132.2 132.2 132.2 132.2 132.2 132.2 124.9 124.9 124.9 124.9 124.9 124.9 124.9 124.9 124.9 124.9 124.9 124.9 124.9 124.9 124.9 124.9 124.9 124.9 124.9 124.9 124.9 124.9 124.9 124.9 124.9 124.9 124.9 124.9 124.9 
135.3 135.3 135.3 135.3 135.3 135.3 135.3 135.3 135.3 135.3 135.3 132.2 132.2 132.2 132.2 132.2 132.2 132.2 132.2 132.2 132.2 132.2 132.2 132.2 132.2 132.2 132.2 132.2 132.2 132.2 132.2 132.2 132.2 132.2 132.2 132.2 132.2 132.2 132.2 132.2 132.2 132.2 132.2 132.2 132.2 132.2 132.2 132.2 132.2 132.2 132.2 132.2 132.2 132.2 132.2 132.2 132.2 132.2 132.2 132.2 132.2 132.2 132.2 132.2 132.2 132.2 132.2 132.2 132.2 132.2 132.2 124.9 124.9 124.9 124.9 124.9 124.9 124.9 124.9 124.9 124.9 124.9 124.9 124.9 124.9 124.9 124.9 124.9 124.9 124.9 124.9 124.9 124.9 124.9 124.9 124.9 124.9 124.9 124.9 124.9 
135.3 135.3 135.3 135.3 135.3 135.3 135.3 135.3 135.3 135.3 135.3 132.2 132.2 132.2 132.2 132.2 132.2 132.2 132.2 132.2 132.2 132.2 132.2 132.2 132.2 132.2 132.2 132.2 132.2 132.2 132.2 132.2 132.2 132.2 132.2 132.2 132.2 132.2 132.2 132.2 132.2 132.2 132.2 132.2 132.2 132.2 132.2 132.2 132.2 132.2 132.2 132.2 132.2 132.2 132.2 132.2 132.2 132.2 132.2 132.2 132.2 132.2 132.2 132.2 132.2 132.2 132.2 132.2 132.2 132.2 132.2 124.9 124.9 124.9 124.9 124.9 124.9 124.9 124.9 124.9 124.9 124.9 124.9 124.9 124.9 124.9 124.9 124.9 124.9 124.9 124.9 124.9 124.9 124.9 124.9 124.9 124.9 124.9 124.9 124.9 
135.3 135.3 135.3 135.3 135.3 135.3 135.3 135.3 135.3 135.3 135.3 132.2 132.2 132.2 132.2 132.2 132.2 132.2 132.2 132.2 132.2 132.2 132.2 132.2 132.2 132.2 132.2 132.2 132.2 132.2 132.2 132.2 132.2 132.2 132.2 132.2 132.2 132.2 132.2 132.2 132.2 132.2 132.2 132.2 132.2 132.2 132.2 132.2 132.2 132.2 132.2 132.2 132.2 132.2 132.2 132.2 132.2 132.2 132.2 132.2 132.2 132.2 132.2 132.2 132.2 132.2 132.2 132.2 132.2 132.2 132.2 124.9 124.9 124.9 124.9 124.9 124.9 124.9 124.9 124.9 124.9 124.9 124.9 124.9 124.9 124.9 124.9 124.9 124.9 124.9 124.9 124.9 124.9 124.9 124.9 124.9 124.9 124.9 124.9 124.9 
166 166 166 166 166 166 166 166 166 166 166 162.2 162.2 162.2 162.2 162.2 162.2 162.2 162.2 162.2 162.2 162.2 162.2 162.2 162.2 162.2 162.2 162.2 162.2 162.2 162.2 162.2 162.2 162.2 162.2 162.2 162.2 162.2 162.2 162.2 162.2 162.2 162.2 162.2 162.2 162.2 162.2 162.2 162.2 162.2 162.2 162.2 162.2 162.2 162.2 162.2 162.2 162.2 162.2 162.2 162.2 162.2 162.2 162.2 162.2 162.2 162.2 162.2 162.2 162.2 162.2 149.4 149.4 149.4 149.4 149.4 149.4 149.4 149.4 149.4 149.4 149.4 149.4 149.4 149.4 149.4 149.4 149.4 149.4 149.4 149.4 149.4 149.4 149.4 149.4 149.4 149.4 149.4 149.4 149.4 
166 166 166 166 166 166 166 166 166 166 166 162.2 162.2 162.2 162.2 162.2 162.2 162.2 162.2 162.2 162.2 162.2 162.2 162.2 162.2 162.2 162.2 162.2 162.2 162.2 162.2 162.2 162.2 162.2 162.2 162.2 162.2 162.2 162.2 162.2 162.2 162.2 162.2 162.2 162.2 162.2 162.2 162.2 162.2 162.2 162.2 162.2 162.2 162.2 162.2 162.2 162.2 162.2 162.2 162.2 162.2 162.2 162.2 162.2 162.2 162.2 162.2 162.2 162.2 162.2 162.2 149.4 149.4 149.4 149.4 149.4 149.4 149.4 149.4 149.4 149.4 149.4 149.4 149.4 149.4 149.4 149.4 149.4 149.4 149.4 149.4 149.4 149.4 149.4 149.4 149.4 149.4 149.4 149.4 149.4 
166 166 166 166 166 166 166 166 166 166 166 162.2 162.2 162.2 162.2 162.2 162.2 162.2 162.2 162.2 162.2 162.2 162.2 162.2 162.2 162.2 162.2 162.2 162.2 162.2 162.2 162.2 162.2 162.2 162.2 162.2 162.2 162.2 162.2 162.2 162.2 162.2 162.2 162.2 162.2 162.2 162.2 162.2 162.2 162.2 162.2 162.2 162.2 162.2 162.2 162.2 162.2 162.2 162.2 162.2 162.2 162.2 162.2 162.2 162.2 162.2 162.2 162.2 162.2 162.2 162.2 149.4 149.4 149.4 149.4 149.4 149.4 149.4 149.4 149.4 149.4 149.4 149.4 149.4 149.4 149.4 149.4 149.4 149.4 149.4 149.4 149.4 149.4 149.4 149.4 149.4 149.4 149.4 149.4 149.4 
166 166 166 166 166 166 166 166 166 166 166 162.2 162.2 162.2 162.2 162.2 162.2 162.2 162.2 162.2 162.2 162.2 162.2 162.2 162.2 162.2 162.2 162.2 162.2 162.2 162.2 162.2 162.2 162.2 162.2 162.2 162.2 162.2 162.2 162.2 162.2 162.2 162.2 162.2 162.2 162.2 162.2 162.2 162.2 162.2 162.2 162.2 162.2 162.2 162.2 162.2 162.2 162.2 162.2 162.2 162.2 162.2 162.2 162.2 162.2 162.2 162.2 162.2 162.2 162.2 162.2 149.4 149.4 149.4 149.4 149.4 149.4 149.4 149.4 149.4 149.4 149.4 149.4 149.4 149.4 149.4 149.4 149.4 149.4 149.4 149.4 149.4 149.4 149.4 149.4 149.4 149.4 149.4 149.4 149.4 
166 166 166 166 166 166 166 166 166 166 166 162.2 162.2 162.2 162.2 162.2 162.2 162.2 162.2 162.2 162.2 162.2 162.2 162.2 162.2 162.2 162.2 162.2 162.2 162.2 162.2 162.2 162.2 162.2 162.2 162.2 162.2 162.2 162.2 162.2 162.2 162.2 162.2 162.2 162.2 162.2 162.2 162.2 162.2 162.2 162.2 162.2 162.2 162.2 162.2 162.2 162.2 162.2 162.2 162.2 162.2 162.2 162.2 162.2 162.2 162.2 162.2 162.2 162.2 162.2 162.2 149.4 149.4 149.4 149.4 149.4 149.4 149.4 149.4 149.4 149.4 149.4 149.4 149.4 149.4 149.4 149.4 149.4 149.4 149.4 149.4 149.4 149.4 149.4 149.4 149.4 149.4 149.4 149.4 149.4 
166 166 166 166 166 166 166 166 166 166 166 162.2 162.2 162.2 162.2 162.2 162.2 162.2 162.2 162.2 162.2 162.2 162.2 162.2 162.2 162.2 162.2 162.2 162.2 162.2 162.2 162.2 162.2 162.2 162.2 162.2 162.2 162.2 162.2 162.2 162.2 162.2 162.2 162.2 162.2 162.2 162.2 162.2 162.2 162.2 162.2 162.2 162.2 162.2 162.2 162.2 162.2 162.2 162.2 162.2 162.2 162.2 162.2 162.2 162.2 162.2 162.2 162.2 162.2 162.2 162.2 149.4 149.4 149.4 149.4 149.4 149.4 149.4 149.4 149.4 149.4 149.4 149.4 149.4 149.4 149.4 149.4 149.4 149.4 149.4 149.4 149.4 149.4 149.4 149.4 149.4 149.4 149.4 149.4 149.4 
166 166 166 166 166 166 166 166 166 166 166 162.2 162.2 162.2 162.2 162.2 162.2 162.2 162.2 162.2 162.2 162.2 162.2 162.2 162.2 162.2 162.2 162.2 162.2 162.2 162.2 162.2 162.2 162.2 162.2 162.2 162.2 162.2 162.2 162.2 162.2 162.2 162.2 162.2 162.2 162.2 162.2 162.2 162.2 162.2 162.2 162.2 162.2 162.2 162.2 162.2 162.2 162.2 162.2 162.2 162.2 162.2 162.2 162.2 162.2 162.2 162.2 162.2 162.2 162.2 162.2 149.4 149.4 149.4 149.4 149.4 149.4 149.4 149.4 149.4 149.4 149.4 149.4 149.4 149.4 149.4 149.4 149.4 149.4 149.4 149.4 149.4 149.4 149.4 149.4 149.4 149.4 149.4 149.4 149.4 
166 166 166 166 166 166 166 166 166 166 166 162.2 162.2 162.2 162.2 162.2 162.2 162.2 162.2 162.2 162.2 162.2 162.2 162.2 162.2 162.2 162.2 162.2 162.2 162.2 162.2 162.2 162.2 162.2 162.2 162.2 162.2 162.2 162.2 162.2 162.2 162.2 162.2 162.2 162.2 162.2 162.2 162.2 162.2 162.2 162.2 162.2 162.2 162.2 162.2 162.2 162.2 162.2 162.2 162.2 162.2 162.2 162.2 162.2 162.2 162.2 162.2 162.2 162.2 162.2 162.2 149.4 149.4 149.4 149.4 149.4 149.4 149.4 149.4 149.4 149.4 149.4 149.4 149.4 149.4 149.4 149.4 149.4 149.4 149.4 149.4 149.4 149.4 149.4 149.4 149.4 149.4 149.4 149.4 149.4 
166 166 166 166 166 166 166 166 166 166 166 162.2 162.2 162.2 162.2 162.2 162.2 162.2 162.2 162.2 162.2 162.2 162.2 162.2 162.2 162.2 162.2 162.2 162.2 162.2 162.2 162.2 162.2 162.2 162.2 162.2 162.2 162.2 162.2 162.2 162.2 162.2 162.2 162.2 162.2 162.2 162.2 162.2 162.2 162.2 162.2 162.2 162.2 162.2 162.2 162.2 162.2 162.2 162.2 162.2 162.2 162.2 162.2 162.2 162.2 162.2 162.2 162.2 162.2 162.2 162.2 149.4 149.4 149.4 149.4 149.4 149.4 149.4 149.4 149.4 149.4 149.4 149.4 149.4 149.4 149.4 149.4 149.4 149.4 149.4 149.4 149.4 149.4 149.4 149.4 149.4 149.4 149.4 149.4 149.4 
166 166 166 166 166 166 166 166 166 166 166 162.2 162.2 162.2 162.2 162.2 162.2 162.2 162.2 162.2 162.2 162.2 162.2 162.2 162.2 162.2 162.2 162.2 162.2 162.2 162.2 162.2 162.2 162.2 162.2 162.2 162.2 162.2 162.2 162.2 162.2 162.2 162.2 162.2 162.2 162.2 162.2 162.2 162.2 162.2 162.2 162.2 162.2 162.2 162.2 162.2 162.2 162.2 162.2 162.2 162.2 162.2 162.2 162.2 162.2 162.2 162.2 162.2 162.2 162.2 162.2 149.4 149.4 149.4 149.4 149.4 149.4 149.4 149.4 149.4 149.4 149.4 149.4 149.4 149.4 149.4 149.4 149.4 149.4 149.4 149.4 149.4 149.4 149.4 149.4 149.4 149.4 149.4 149.4 149.4 
166 166 166 166 166 166 166 166 166 166 166 162.2 162.2 162.2 162.2 162.2 162.2 162.2 162.2 162.2 162.2 162.2 162.2 162.2 162.2 162.2 162.2 162.2 162.2 162.2 162.2 162.2 162.2 162.2 162.2 162.2 162.2 162.2 162.2 162.2 162.2 162.2 162.2 162.2 162.2 162.2 162.2 162.2 162.2 162.2 162.2 162.2 162.2 162.2 162.2 162.2 162.2 162.2 162.2 162.2 162.2 162.2 162.2 162.2 162.2 162.2 162.2 162.2 162.2 162.2 162.2 149.4 149.4 149.4 149.4 149.4 149.4 149.4 149.4 149.4 149.4 149.4 149.4 149.4 149.4 149.4 149.4 149.4 149.4 149.4 149.4 149.4 149.4 149.4 149.4 149.4 149.4 149.4 149.4 149.4 
166 166 166 166 166 166 166 166 166 166 166 162.2 162.2 162.2 162.2 162.2 162.2 162.2 162.2 162.2 162.2 162.2 162.2 162.2 162.2 162.2 162.2 162.2 162.2 162.2 162.2 162.2 162.2 162.2 162.2 162.2 162.2 162.2 162.2 162.2 162.2 162.2 162.2 162.2 162.2 162.2 162.2 162.2 162.2 162.2 162.2 162.2 162.2 162.2 162.2 162.2 162.2 162.2 162.2 162.2 162.2 162.2 162.2 162.2 162.2 162.2 162.2 162.2 162.2 162.2 162.2 149.4 149.4 149.4 149.4 149.4 149.4 149.4 149.4 149.4 149.4 149.4 149.4 149.4 149.4 149.4 149.4 149.4 149.4 149.4 149.4 149.4 149.4 149.4 149.4 149.4 149.4 149.4 149.4 149.4 
166 166 166 166 166 166 166 166 166 166 166 162.2 162.2 162.2 162.2 162.2 162.2 162.2 162.2 162.2 162.2 162.2 162.2 162.2 162.2 162.2 162.2 162.2 162.2 162.2 162.2 162.2 162.2 162.2 162.2 162.2 162.2 162.2 162.2 162.2 162.2 162.2 162.2 162.2 162.2 162.2 162.2 162.2 162.2 162.2 162.2 162.2 162.2 162.2 162.2 162.2 162.2 162.2 162.2 162.2 162.2 162.2 162.2 162.2 162.2 162.2 162.2 162.2 162.2 162.2 162.2 149.4 149.4 149.4 149.4 149.4 149.4 149.4 149.4 149.4 149.4 149.4 149.4 149.4 149.4 149.4 149.4 149.4 149.4 149.4 149.4 149.4 149.4 149.4 149.4 149.4 149.4 149.4 149.4 149.4 
166 166 166 166 166 166 166 166 166 166 166 162.2 162.2 162.2 162.2 162.2 162.2 162.2 162.2 162.2 162.2 162.2 162.2 162.2 162.2 162.2 162.2 162.2 162.2 162.2 162.2 162.2 162.2 162.2 162.2 162.2 162.2 162.2 162.2 162.2 162.2 162.2 162.2 162.2 162.2 162.2 162.2 162.2 162.2 162.2 162.2 162.2 162.2 162.2 162.2 162.2 162.2 162.2 162.2 162.2 162.2 162.2 162.2 162.2 162.2 162.2 162.2 162.2 162.2 162.2 162.2 149.4 149.4 149.4 149.4 149.4 149.4 149.4 149.4 149.4 149.4 149.4 149.4 149.4 149.4 149.4 149.4 149.4 149.4 149.4 149.4 149.4 149.4 149.4 149.4 149.4 149.4 149.4 149.4 149.4 
166 166 166 166 166 166 166 166 166 166 166 162.2 162.2 162.2 162.2 162.2 162.2 162.2 162.2 162.2 162.2 162.2 162.2 162.2 162.2 162.2 162.2 162.2 162.2 162.2 162.2 162.2 162.2 162.2 162.2 162.2 162.2 162.2 162.2 162.2 162.2 162.2 162.2 162.2 162.2 162.2 162.2 162.2 162.2 162.2 162.2 162.2 162.2 162.2 162.2 162.2 162.2 162.2 162.2 162.2 162.2 162.2 162.2 162.2 162.2 162.2 162.2 162.2 162.2 162.2 162.2 149.4 149.4 149.4 149.4 149.4 149.4 149.4 149.4 149.4 149.4 149.4 149.4 149.4 149.4 149.4 149.4 149.4 149.4 149.4 149.4 149.4 149.4 149.4 149.4 149.4 149.4 149.4 149.4 149.4 
166 166 166 166 166 166 166 166 166 166 166 162.2 162.2 162.2 162.2 162.2 162.2 162.2 162.2 162.2 162.2 162.2 162.2 162.2 162.2 162.2 162.2 162.2 162.2 162.2 162.2 162.2 162.2 162.2 162.2 162.2 162.2 162.2 162.2 162.2 162.2 162.2 162.2 162.2 162.2 162.2 162.2 162.2 162.2 162.2 162.2 162.2 162.2 162.2 162.2 162.2 162.2 162.2 162.2 162.2 162.2 162.2 162.2 162.2 162.2 162.2 162.2 162.2 162.2 162.2 162.2 149.4 149.4 149.4 149.4 149.4 149.4 149.4 149.4 149.4 149.4 149.4 149.4 149.4 149.4 149.4 149.4 149.4 149.4 149.4 149.4 149.4 149.4 149.4 149.4 149.4 149.4 149.4 149.4 149.4 
166 166 166 166 166 166 166 166 166 166 166 162.2 162.2 162.2 162.2 162.2 162.2 162.2 162.2 162.2 162.2 162.2 162.2 162.2 162.2 162.2 162.2 162.2 162.2 162.2 162.2 162.2 162.2 162.2 162.2 162.2 162.2 162.2 162.2 162.2 162.2 162.2 162.2 162.2 162.2 162.2 162.2 162.2 162.2 162.2 162.2 162.2 162.2 162.2 162.2 162.2 162.2 162.2 162.2 162.2 162.2 162.2 162.2 162.2 162.2 162.2 162.2 162.2 162.2 162.2 162.2 149.4 149.4 149.4 149.4 149.4 149.4 149.4 149.4 149.4 149.4 149.4 149.4 149.4 149.4 149.4 149.4 149.4 149.4 149.4 149.4 149.4 149.4 149.4 149.4 149.4 149.4 149.4 149.4 149.4 
166 166 166 166 166 166 166 166 166 166 166 162.2 162.2 162.2 162.2 162.2 162.2 162.2 162.2 162.2 162.2 162.2 162.2 162.2 162.2 162.2 162.2 162.2 162.2 162.2 162.2 162.2 162.2 162.2 162.2 162.2 162.2 162.2 162.2 162.2 162.2 162.2 162.2 162.2 162.2 162.2 162.2 162.2 162.2 162.2 162.2 162.2 162.2 162.2 162.2 162.2 162.2 162.2 162.2 162.2 162.2 162.2 162.2 162.2 162.2 162.2 162.2 162.2 162.2 162.2 162.2 149.4 149.4 149.4 149.4 149.4 149.4 149.4 149.4 149.4 149.4 149.4 149.4 149.4 149.4 149.4 149.4 149.4 149.4 149.4 149.4 149.4 149.4 149.4 149.4 149.4 149.4 149.4 149.4 149.4 
166 166 166 166 166 166 166 166 166 166 166 162.2 162.2 162.2 162.2 162.2 162.2 162.2 162.2 162.2 162.2 162.2 162.2 162.2 162.2 162.2 162.2 162.2 162.2 162.2 162.2 162.2 162.2 162.2 162.2 162.2 162.2 162.2 162.2 162.2 162.2 162.2 162.2 162.2 162.2 162.2 162.2 162.2 162.2 162.2 162.2 162.2 162.2 162.2 162.2 162.2 162.2 162.2 162.2 162.2 162.2 162.2 162.2 162.2 162.2 162.2 162.2 162.2 162.2 162.2 162.2 149.4 149.4 149.4 149.4 149.4 149.4 149.4 149.4 149.4 149.4 149.4 149.4 149.4 149.4 149.4 149.4 149.4 149.4 149.4 149.4 149.4 149.4 149.4 149.4 149.4 149.4 149.4 149.4 149.4 
166 166 166 166 166 166 166 166 166 166 166 162.2 162.2 162.2 162.2 162.2 162.2 162.2 162.2 162.2 162.2 162.2 162.2 162.2 162.2 162.2 162.2 162.2 162.2 162.2 162.2 162.2 162.2 162.2 162.2 162.2 162.2 162.2 162.2 162.2 162.2 162.2 162.2 162.2 162.2 162.2 162.2 162.2 162.2 162.2 162.2 162.2 162.2 162.2 162.2 162.2 162.2 162.2 162.2 162.2 162.2 162.2 162.2 162.2 162.2 162.2 162.2 162.2 162.2 162.2 162.2 149.4 149.4 149.4 149.4 149.4 149.4 149.4 149.4 149.4 149.4 149.4 149.4 149.4 149.4 149.4 149.4 149.4 149.4 149.4 149.4 149.4 149.4 149.4 149.4 149.4 149.4 149.4 149.4 149.4 
166 166 166 166 166 166 166 166 166 166 166 162.2 162.2 162.2 162.2 162.2 162.2 162.2 162.2 162.2 162.2 162.2 162.2 162.2 162.2 162.2 162.2 162.2 162.2 162.2 162.2 162.2 162.2 162.2 162.2 162.2 162.2 162.2 162.2 162.2 162.2 162.2 162.2 162.2 162.2 162.2 162.2 162.2 162.2 162.2 162.2 162.2 162.2 162.2 162.2 162.2 162.2 162.2 162.2 162.2 162.2 162.2 162.2 162.2 162.2 162.2 162.2 162.2 162.2 162.2 162.2 149.4 149.4 149.4 149.4 149.4 149.4 149.4 149.4 149.4 149.4 149.4 149.4 149.4 149.4 149.4 149.4 149.4 149.4 149.4 149.4 149.4 149.4 149.4 149.4 149.4 149.4 149.4 149.4 149.4 
166 166 166 166 166 166 166 166 166 166 166 162.2 162.2 162.2 162.2 162.2 162.2 162.2 162.2 162.2 162.2 162.2 162.2 162.2 162.2 162.2 162.2 162.2 162.2 162.2 162.2 162.2 162.2 162.2 162.2 162.2 162.2 162.2 162.2 162.2 162.2 162.2 162.2 162.2 162.2 162.2 162.2 162.2 162.2 162.2 162.2 162.2 162.2 162.2 162.2 162.2 162.2 162.2 162.2 162.2 162.2 162.2 162.2 162.2 162.2 162.2 162.2 162.2 162.2 162.2 162.2 149.4 149.4 149.4 149.4 149.4 149.4 149.4 149.4 149.4 149.4 149.4 149.4 149.4 149.4 149.4 149.4 149.4 149.4 149.4 149.4 149.4 149.4 149.4 149.4 149.4 149.4 149.4 149.4 149.4 
166 166 166 166 166 166 166 166 166 166 166 162.2 162.2 162.2 162.2 162.2 162.2 162.2 162.2 162.2 162.2 162.2 162.2 162.2 162.2 162.2 162.2 162.2 162.2 162.2 162.2 162.2 162.2 162.2 162.2 162.2 162.2 162.2 162.2 162.2 162.2 162.2 162.2 162.2 162.2 162.2 162.2 162.2 162.2 162.2 162.2 162.2 162.2 162.2 162.2 162.2 162.2 162.2 162.2 162.2 162.2 162.2 162.2 162.2 162.2 162.2 162.2 162.2 162.2 162.2 162.2 149.4 149.4 149.4 149.4 149.4 149.4 149.4 149.4 149.4 149.4 149.4 149.4 149.4 149.4 149.4 149.4 149.4 149.4 149.4 149.4 149.4 149.4 149.4 149.4 149.4 149.4 149.4 149.4 149.4 
166 166 166 166 166 166 166 166 166 166 166 162.2 162.2 162.2 162.2 162.2 162.2 162.2 162.2 162.2 162.2 162.2 162.2 162.2 162.2 162.2 162.2 162.2 162.2 162.2 162.2 162.2 162.2 162.2 162.2 162.2 162.2 162.2 162.2 162.2 162.2 162.2 162.2 162.2 162.2 162.2 162.2 162.2 162.2 162.2 162.2 162.2 162.2 162.2 162.2 162.2 162.2 162.2 162.2 162.2 162.2 162.2 162.2 162.2 162.2 162.2 162.2 162.2 162.2 162.2 162.2 149.4 149.4 149.4 149.4 149.4 149.4 149.4 149.4 149.4 149.4 149.4 149.4 149.4 149.4 149.4 149.4 149.4 149.4 149.4 149.4 149.4 149.4 149.4 149.4 149.4 149.4 149.4 149.4 149.4 
166 166 166 166 166 166 166 166 166 166 166 162.2 162.2 162.2 162.2 162.2 162.2 162.2 162.2 162.2 162.2 162.2 162.2 162.2 162.2 162.2 162.2 162.2 162.2 162.2 162.2 162.2 162.2 162.2 162.2 162.2 162.2 162.2 162.2 162.2 162.2 162.2 162.2 162.2 162.2 162.2 162.2 162.2 162.2 162.2 162.2 162.2 162.2 162.2 162.2 162.2 162.2 162.2 162.2 162.2 162.2 162.2 162.2 162.2 162.2 162.2 162.2 162.2 162.2 162.2 162.2 149.4 149.4 149.4 149.4 149.4 149.4 149.4 149.4 149.4 149.4 149.4 149.4 149.4 149.4 149.4 149.4 149.4 149.4 149.4 149.4 149.4 149.4 149.4 149.4 149.4 149.4 149.4 149.4 149.4 
166 166 166 166 166 166 166 166 166 166 166 162.2 162.2 162.2 162.2 162.2 162.2 162.2 162.2 162.2 162.2 162.2 162.2 162.2 162.2 162.2 162.2 162.2 162.2 162.2 162.2 162.2 162.2 162.2 162.2 162.2 162.2 162.2 162.2 162.2 162.2 162.2 162.2 162.2 162.2 162.2 162.2 162.2 162.2 162.2 162.2 162.2 162.2 162.2 162.2 162.2 162.2 162.2 162.2 162.2 162.2 162.2 162.2 162.2 162.2 162.2 162.2 162.2 162.2 162.2 162.2 149.4 149.4 149.4 149.4 149.4 149.4 149.4 149.4 149.4 149.4 149.4 149.4 149.4 149.4 149.4 149.4 149.4 149.4 149.4 149.4 149.4 149.4 149.4 149.4 149.4 149.4 149.4 149.4 149.4 
166 166 166 166 166 166 166 166 166 166 166 162.2 162.2 162.2 162.2 162.2 162.2 162.2 162.2 162.2 162.2 162.2 162.2 162.2 162.2 162.2 162.2 162.2 162.2 162.2 162.2 162.2 162.2 162.2 162.2 162.2 162.2 162.2 162.2 162.2 162.2 162.2 162.2 162.2 162.2 162.2 162.2 162.2 162.2 162.2 162.2 162.2 162.2 162.2 162.2 162.2 162.2 162.2 162.2 162.2 162.2 162.2 162.2 162.2 162.2 162.2 162.2 162.2 162.2 162.2 162.2 149.4 149.4 149.4 149.4 149.4 149.4 149.4 149.4 149.4 149.4 149.4 149.4 149.4 149.4 149.4 149.4 149.4 149.4 149.4 149.4 149.4 149.4 149.4 149.4 149.4 149.4 149.4 149.4 149.4 
166 166 166 166 166 166 166 166 166 166 166 162.2 162.2 162.2 162.2 162.2 162.2 162.2 162.2 162.2 162.2 162.2 162.2 162.2 162.2 162.2 162.2 162.2 162.2 162.2 162.2 162.2 162.2 162.2 162.2 162.2 162.2 162.2 162.2 162.2 162.2 162.2 162.2 162.2 162.2 162.2 162.2 162.2 162.2 162.2 162.2 162.2 162.2 162.2 162.2 162.2 162.2 162.2 162.2 162.2 162.2 162.2 162.2 162.2 162.2 162.2 162.2 162.2 162.2 162.2 162.2 149.4 149.4 149.4 149.4 149.4 149.4 149.4 149.4 149.4 149.4 149.4 149.4 149.4 149.4 149.4 149.4 149.4 149.4 149.4 149.4 149.4 149.4 149.4 149.4 149.4 149.4 149.4 149.4 149.4 
166 166 166 166 166 166 166 166 166 166 166 162.2 162.2 162.2 162.2 162.2 162.2 162.2 162.2 162.2 162.2 162.2 162.2 162.2 162.2 162.2 162.2 162.2 162.2 162.2 162.2 162.2 162.2 162.2 162.2 162.2 162.2 162.2 162.2 162.2 162.2 162.2 162.2 162.2 162.2 162.2 162.2 162.2 162.2 162.2 162.2 162.2 162.2 162.2 162.2 162.2 162.2 162.2 162.2 162.2 162.2 162.2 162.2 162.2 162.2 162.2 162.2 162.2 162.2 162.2 162.2 149.4 149.4 149.4 149.4 149.4 149.4 149.4 149.4 149.4 149.4 149.4 149.4 149.4 149.4 149.4 149.4 149.4 149.4 149.4 149.4 149.4 149.4 149.4 149.4 149.4 149.4 149.4 149.4 149.4 
166 166 166 166 166 166 166 166 166 166 166 162.2 162.2 162.2 162.2 162.2 162.2 162.2 162.2 162.2 162.2 162.2 162.2 162.2 162.2 162.2 162.2 162.2 162.2 162.2 162.2 162.2 162.2 162.2 162.2 162.2 162.2 162.2 162.2 162.2 162.2 162.2 162.2 162.2 162.2 162.2 162.2 162.2 162.2 162.2 162.2 162.2 162.2 162.2 162.2 162.2 162.2 162.2 162.2 162.2 162.2 162.2 162.2 162.2 162.2 162.2 162.2 162.2 162.2 162.2 162.2 149.4 149.4 149.4 149.4 149.4 149.4 149.4 149.4 149.4 149.4 149.4 149.4 149.4 149.4 149.4 149.4 149.4 149.4 149.4 149.4 149.4 149.4 149.4 149.4 149.4 149.4 149.4 149.4 149.4 
166 166 166 166 166 166 166 166 166 166 166 162.2 162.2 162.2 162.2 162.2 162.2 162.2 162.2 162.2 162.2 162.2 162.2 162.2 162.2 162.2 162.2 162.2 162.2 162.2 162.2 162.2 162.2 162.2 162.2 162.2 162.2 162.2 162.2 162.2 162.2 162.2 162.2 162.2 162.2 162.2 162.2 162.2 162.2 162.2 162.2 162.2 162.2 162.2 162.2 162.2 162.2 162.2 162.2 162.2 162.2 162.2 162.2 162.2 162.2 162.2 162.2 162.2 162.2 162.2 162.2 149.4 149.4 149.4 149.4 149.4 149.4 149.4 149.4 149.4 149.4 149.4 149.4 149.4 149.4 149.4 149.4 149.4 149.4 149.4 149.4 149.4 149.4 149.4 149.4 149.4 149.4 149.4 149.4 149.4 
