ncols         100
nrows         100
xllcorner     -59982.863281
yllcorner     1851083.022172
cellsize      1000
NODATA_value  -9999
77.2 77.2 77.2 77.2 77.2 77.2 77.2 77.2 77.2 77.2 77.2 69.3 69.3 69.3 69.3 69.3 69.3 69.3 69.3 69.3 69.3 69.3 69.3 69.3 69.3 69.3 69.3 69.3 69.3 69.3 69.3 69.3 69.3 69.3 69.3 69.3 69.3 69.3 69.3 69.3 69.3 69.3 69.3 69.3 69.3 69.3 69.3 69.3 69.3 69.3 69.3 69.3 69.3 69.3 69.3 69.3 69.3 69.3 69.3 69.3 69.3 69.3 69.3 69.3 69.3 69.3 69.3 69.3 69.3 69.3 69.3 66.3 66.3 66.3 66.3 66.3 66.3 66.3 66.3 66.3 66.3 66.3 66.3 66.3 66.3 66.3 66.3 66.3 66.3 66.3 66.3 66.3 66.3 66.3 66.3 66.3 66.3 66.3 66.3 66.3 
77.2 77.2 77.2 77.2 77.2 77.2 77.2 77.2 77.2 77.2 77.2 69.3 69.3 69.3 69.3 69.3 69.3 69.3 69.3 69.3 69.3 69.3 69.3 69.3 69.3 69.3 69.3 69.3 69.3 69.3 69.3 69.3 69.3 69.3 69.3 69.3 69.3 69.3 69.3 69.3 69.3 69.3 69.3 69.3 69.3 69.3 69.3 69.3 69.3 69.3 69.3 69.3 69.3 69.3 69.3 69.3 69.3 69.3 69.3 69.3 69.3 69.3 69.3 69.3 69.3 69.3 69.3 69.3 69.3 69.3 69.3 66.3 66.3 66.3 66.3 66.3 66.3 66.3 66.3 66.3 66.3 66.3 66.3 66.3 66.3 66.3 66.3 66.3 66.3 66.3 66.3 66.3 66.3 66.3 66.3 66.3 66.3 66.3 66.3 66.3 
77.2 77.2 77.2 77.2 77.2 77.2 77.2 77.2 77.2 77.2 77.2 69.3 69.3 69.3 69.3 69.3 69.3 69.3 69.3 69.3 69.3 69.3 69.3 69.3 69.3 69.3 69.3 69.3 69.3 69.3 69.3 69.3 69.3 69.3 69.3 69.3 69.3 69.3 69.3 69.3 69.3 69.3 69.3 69.3 69.3 69.3 69.3 69.3 69.3 69.3 69.3 69.3 69.3 69.3 69.3 69.3 69.3 69.3 69.3 69.3 69.3 69.3 69.3 69.3 69.3 69.3 69.3 69.3 69.3 69.3 69.3 66.3 66.3 66.3 66.3 66.3 66.3 66.3 66.3 66.3 66.3 66.3 66.3 66.3 66.3 66.3 66.3 66.3 66.3 66.3 66.3 66.3 66.3 66.3 66.3 66.3 66.3 66.3 66.3 66.3 
77.2 77.2 77.2 77.2 77.2 77.2 77.2 77.2 77.2 77.2 77.2 69.3 69.3 69.3 69.3 69.3 69.3 69.3 69.3 69.3 69.3 69.3 69.3 69.3 69.3 69.3 69.3 69.3 69.3 69.3 69.3 69.3 69.3 69.3 69.3 69.3 69.3 69.3 69.3 69.3 69.3 69.3 69.3 69.3 69.3 69.3 69.3 69.3 69.3 69.3 69.3 69.3 69.3 69.3 69.3 69.3 69.3 69.3 69.3 69.3 69.3 69.3 69.3 69.3 69.3 69.3 69.3 69.3 69.3 69.3 69.3 66.3 66.3 66.3 66.3 66.3 66.3 66.3 66.3 66.3 66.3 66.3 66.3 66.3 66.3 66.3 66.3 66.3 66.3 66.3 66.3 66.3 66.3 66.3 66.3 66.3 66.3 66.3 66.3 66.3 
77.2 77.2 77.2 77.2 77.2 77.2 77.2 77.2 77.2 77.2 77.2 69.3 69.3 69.3 69.3 69.3 69.3 69.3 69.3 69.3 69.3 69.3 69.3 69.3 69.3 69.3 69.3 69.3 69.3 69.3 69.3 69.3 69.3 69.3 69.3 69.3 69.3 69.3 69.3 69.3 69.3 69.3 69.3 69.3 69.3 69.3 69.3 69.3 69.3 69.3 69.3 69.3 69.3 69.3 69.3 69.3 69.3 69.3 69.3 69.3 69.3 69.3 69.3 69.3 69.3 69.3 69.3 69.3 69.3 69.3 69.3 66.3 66.3 66.3 66.3 66.3 66.3 66.3 66.3 66.3 66.3 66.3 66.3 66.3 66.3 66.3 66.3 66.3 66.3 66.3 66.3 66.3 66.3 66.3 66.3 66.3 66.3 66.3 66.3 66.3 
77.2 77.2 77.2 77.2 77.2 77.2 77.2 77.2 77.2 77.2 77.2 69.3 69.3 69.3 69.3 69.3 69.3 69.3 69.3 69.3 69.3 69.3 69.3 69.3 69.3 69.3 69.3 69.3 69.3 69.3 69.3 69.3 69.3 69.3 69.3 69.3 69.3 69.3 69.3 69.3 69.3 69.3 69.3 69.3 69.3 69.3 69.3 69.3 69.3 69.3 69.3 69.3 69.3 69.3 69.3 69.3 69.3 69.3 69.3 69.3 69.3 69.3 69.3 69.3 69.3 69.3 69.3 69.3 69.3 69.3 69.3 66.3 66.3 66.3 66.3 66.3 66.3 66.3 66.3 66.3 66.3 66.3 66.3 66.3 66.3 66.3 66.3 66.3 66.3 66.3 66.3 66.3 66.3 66.3 66.3 66.3 66.3 66.3 66.3 66.3 
77.2 77.2 77.2 77.2 77.2 77.2 77.2 77.2 77.2 77.2 77.2 69.3 69.3 69.3 69.3 69.3 69.3 69.3 69.3 69.3 69.3 69.3 69.3 69.3 69.3 69.3 69.3 69.3 69.3 69.3 69.3 69.3 69.3 69.3 69.3 69.3 69.3 69.3 69.3 69.3 69.3 69.3 69.3 69.3 69.3 69.3 69.3 69.3 69.3 69.3 69.3 69.3 69.3 69.3 69.3 69.3 69.3 69.3 69.3 69.3 69.3 69.3 69.3 69.3 69.3 69.3 69.3 69.3 69.3 69.3 69.3 66.3 66.3 66.3 66.3 66.3 66.3 66.3 66.3 66.3 66.3 66.3 66.3 66.3 66.3 66.3 66.3 66.3 66.3 66.3 66.3 66.3 66.3 66.3 66.3 66.3 66.3 66.3 66.3 66.3 
77.2 77.2 77.2 77.2 77.2 77.2 77.2 77.2 77.2 77.2 77.2 69.3 69.3 69.3 69.3 69.3 69.3 69.3 69.3 69.3 69.3 69.3 69.3 69.3 69.3 69.3 69.3 69.3 69.3 69.3 69.3 69.3 69.3 69.3 69.3 69.3 69.3 69.3 69.3 69.3 69.3 69.3 69.3 69.3 69.3 69.3 69.3 69.3 69.3 69.3 69.3 69.3 69.3 69.3 69.3 69.3 69.3 69.3 69.3 69.3 69.3 69.3 69.3 69.3 69.3 69.3 69.3 69.3 69.3 69.3 69.3 66.3 66.3 66.3 66.3 66.3 66.3 66.3 66.3 66.3 66.3 66.3 66.3 66.3 66.3 66.3 66.3 66.3 66.3 66.3 66.3 66.3 66.3 66.3 66.3 66.3 66.3 66.3 66.3 66.3 
77.2 77.2 77.2 77.2 77.2 77.2 77.2 77.2 77.2 77.2 77.2 69.3 69.3 69.3 69.3 69.3 69.3 69.3 69.3 69.3 69.3 69.3 69.3 69.3 69.3 69.3 69.3 69.3 69.3 69.3 69.3 69.3 69.3 69.3 69.3 69.3 69.3 69.3 69.3 69.3 69.3 69.3 69.3 69.3 69.3 69.3 69.3 69.3 69.3 69.3 69.3 69.3 69.3 69.3 69.3 69.3 69.3 69.3 69.3 69.3 69.3 69.3 69.3 69.3 69.3 69.3 69.3 69.3 69.3 69.3 69.3 66.3 66.3 66.3 66.3 66.3 66.3 66.3 66.3 66.3 66.3 66.3 66.3 66.3 66.3 66.3 66.3 66.3 66.3 66.3 66.3 66.3 66.3 66.3 66.3 66.3 66.3 66.3 66.3 66.3 
82.9 82.9 82.9 82.9 82.9 82.9 82.9 82.9 82.9 82.9 82.9 80.4 80.4 80.4 80.4 80.4 80.4 80.4 80.4 80.4 80.4 80.4 80.4 80.4 80.4 80.4 80.4 80.4 80.4 80.4 80.4 80.4 80.4 80.4 80.4 80.4 80.4 80.4 80.4 80.4 80.4 80.4 80.4 80.4 80.4 80.4 80.4 80.4 80.4 80.4 80.4 80.4 80.4 80.4 80.4 80.4 80.4 80.4 80.4 80.4 80.4 80.4 80.4 80.4 80.4 80.4 80.4 80.4 80.4 80.4 80.4 81.4 81.4 81.4 81.4 81.4 81.4 81.4 81.4 81.4 81.4 81.4 81.4 81.4 81.4 81.4 81.4 81.4 81.4 81.4 81.4 81.4 81.4 81.4 81.4 81.4 81.4 81.4 81.4 81.4 
82.9 82.9 82.9 82.9 82.9 82.9 82.9 82.9 82.9 82.9 82.9 80.4 80.4 80.4 80.4 80.4 80.4 80.4 80.4 80.4 80.4 80.4 80.4 80.4 80.4 80.4 80.4 80.4 80.4 80.4 80.4 80.4 80.4 80.4 80.4 80.4 80.4 80.4 80.4 80.4 80.4 80.4 80.4 80.4 80.4 80.4 80.4 80.4 80.4 80.4 80.4 80.4 80.4 80.4 80.4 80.4 80.4 80.4 80.4 80.4 80.4 80.4 80.4 80.4 80.4 80.4 80.4 80.4 80.4 80.4 80.4 81.4 81.4 81.4 81.4 81.4 81.4 81.4 81.4 81.4 81.4 81.4 81.4 81.4 81.4 81.4 81.4 81.4 81.4 81.4 81.4 81.4 81.4 81.4 81.4 81.4 81.4 81.4 81.4 81.4 
82.9 82.9 82.9 82.9 82.9 82.9 82.9 82.9 82.9 82.9 82.9 80.4 80.4 80.4 80.4 80.4 80.4 80.4 80.4 80.4 80.4 80.4 80.4 80.4 80.4 80.4 80.4 80.4 80.4 80.4 80.4 80.4 80.4 80.4 80.4 80.4 80.4 80.4 80.4 80.4 80.4 80.4 80.4 80.4 80.4 80.4 80.4 80.4 80.4 80.4 80.4 80.4 80.4 80.4 80.4 80.4 80.4 80.4 80.4 80.4 80.4 80.4 80.4 80.4 80.4 80.4 80.4 80.4 80.4 80.4 80.4 81.4 81.4 81.4 81.4 81.4 81.4 81.4 81.4 81.4 81.4 81.4 81.4 81.4 81.4 81.4 81.4 81.4 81.4 81.4 81.4 81.4 81.4 81.4 81.4 81.4 81.4 81.4 81.4 81.4 
82.9 82.9 82.9 82.9 82.9 82.9 82.9 82.9 82.9 82.9 82.9 80.4 80.4 80.4 80.4 80.4 80.4 80.4 80.4 80.4 80.4 80.4 80.4 80.4 80.4 80.4 80.4 80.4 80.4 80.4 80.4 80.4 80.4 80.4 80.4 80.4 80.4 80.4 80.4 80.4 80.4 80.4 80.4 80.4 80.4 80.4 80.4 80.4 80.4 80.4 80.4 80.4 80.4 80.4 80.4 80.4 80.4 80.4 80.4 80.4 80.4 80.4 80.4 80.4 80.4 80.4 80.4 80.4 80.4 80.4 80.4 81.4 81.4 81.4 81.4 81.4 81.4 81.4 81.4 81.4 81.4 81.4 81.4 81.4 81.4 81.4 81.4 81.4 81.4 81.4 81.4 81.4 81.4 81.4 81.4 81.4 81.4 81.4 81.4 81.4 
82.9 82.9 82.9 82.9 82.9 82.9 82.9 82.9 82.9 82.9 82.9 80.4 80.4 80.4 80.4 80.4 80.4 80.4 80.4 80.4 80.4 80.4 80.4 80.4 80.4 80.4 80.4 80.4 80.4 80.4 80.4 80.4 80.4 80.4 80.4 80.4 80.4 80.4 80.4 80.4 80.4 80.4 80.4 80.4 80.4 80.4 80.4 80.4 80.4 80.4 80.4 80.4 80.4 80.4 80.4 80.4 80.4 80.4 80.4 80.4 80.4 80.4 80.4 80.4 80.4 80.4 80.4 80.4 80.4 80.4 80.4 81.4 81.4 81.4 81.4 81.4 81.4 81.4 81.4 81.4 81.4 81.4 81.4 81.4 81.4 81.4 81.4 81.4 81.4 81.4 81.4 81.4 81.4 81.4 81.4 81.4 81.4 81.4 81.4 81.4 
82.9 82.9 82.9 82.9 82.9 82.9 82.9 82.9 82.9 82.9 82.9 80.4 80.4 80.4 80.4 80.4 80.4 80.4 80.4 80.4 80.4 80.4 80.4 80.4 80.4 80.4 80.4 80.4 80.4 80.4 80.4 80.4 80.4 80.4 80.4 80.4 80.4 80.4 80.4 80.4 80.4 80.4 80.4 80.4 80.4 80.4 80.4 80.4 80.4 80.4 80.4 80.4 80.4 80.4 80.4 80.4 80.4 80.4 80.4 80.4 80.4 80.4 80.4 80.4 80.4 80.4 80.4 80.4 80.4 80.4 80.4 81.4 81.4 81.4 81.4 81.4 81.4 81.4 81.4 81.4 81.4 81.4 81.4 81.4 81.4 81.4 81.4 81.4 81.4 81.4 81.4 81.4 81.4 81.4 81.4 81.4 81.4 81.4 81.4 81.4 
82.9 82.9 82.9 82.9 82.9 82.9 82.9 82.9 82.9 82.9 82.9 80.4 80.4 80.4 80.4 80.4 80.4 80.4 80.4 80.4 80.4 80.4 80.4 80.4 80.4 80.4 80.4 80.4 80.4 80.4 80.4 80.4 80.4 80.4 80.4 80.4 80.4 80.4 80.4 80.4 80.4 80.4 80.4 80.4 80.4 80.4 80.4 80.4 80.4 80.4 80.4 80.4 80.4 80.4 80.4 80.4 80.4 80.4 80.4 80.4 80.4 80.4 80.4 80.4 80.4 80.4 80.4 80.4 80.4 80.4 80.4 81.4 81.4 81.4 81.4 81.4 81.4 81.4 81.4 81.4 81.4 81.4 81.4 81.4 81.4 81.4 81.4 81.4 81.4 81.4 81.4 81.4 81.4 81.4 81.4 81.4 81.4 81.4 81.4 81.4 
82.9 82.9 82.9 82.9 82.9 82.9 82.9 82.9 82.9 82.9 82.9 80.4 80.4 80.4 80.4 80.4 80.4 80.4 80.4 80.4 80.4 80.4 80.4 80.4 80.4 80.4 80.4 80.4 80.4 80.4 80.4 80.4 80.4 80.4 80.4 80.4 80.4 80.4 80.4 80.4 80.4 80.4 80.4 80.4 80.4 80.4 80.4 80.4 80.4 80.4 80.4 80.4 80.4 80.4 80.4 80.4 80.4 80.4 80.4 80.4 80.4 80.4 80.4 80.4 80.4 80.4 80.4 80.4 80.4 80.4 80.4 81.4 81.4 81.4 81.4 81.4 81.4 81.4 81.4 81.4 81.4 81.4 81.4 81.4 81.4 81.4 81.4 81.4 81.4 81.4 81.4 81.4 81.4 81.4 81.4 81.4 81.4 81.4 81.4 81.4 
82.9 82.9 82.9 82.9 82.9 82.9 82.9 82.9 82.9 82.9 82.9 80.4 80.4 80.4 80.4 80.4 80.4 80.4 80.4 80.4 80.4 80.4 80.4 80.4 80.4 80.4 80.4 80.4 80.4 80.4 80.4 80.4 80.4 80.4 80.4 80.4 80.4 80.4 80.4 80.4 80.4 80.4 80.4 80.4 80.4 80.4 80.4 80.4 80.4 80.4 80.4 80.4 80.4 80.4 80.4 80.4 80.4 80.4 80.4 80.4 80.4 80.4 80.4 80.4 80.4 80.4 80.4 80.4 80.4 80.4 80.4 81.4 81.4 81.4 81.4 81.4 81.4 81.4 81.4 81.4 81.4 81.4 81.4 81.4 81.4 81.4 81.4 81.4 81.4 81.4 81.4 81.4 81.4 81.4 81.4 81.4 81.4 81.4 81.4 81.4 
82.9 82.9 82.9 82.9 82.9 82.9 82.9 82.9 82.9 82.9 82.9 80.4 80.4 80.4 80.4 80.4 80.4 80.4 80.4 80.4 80.4 80.4 80.4 80.4 80.4 80.4 80.4 80.4 80.4 80.4 80.4 80.4 80.4 80.4 80.4 80.4 80.4 80.4 80.4 80.4 80.4 80.4 80.4 80.4 80.4 80.4 80.4 80.4 80.4 80.4 80.4 80.4 80.4 80.4 80.4 80.4 80.4 80.4 80.4 80.4 80.4 80.4 80.4 80.4 80.4 80.4 80.4 80.4 80.4 80.4 80.4 81.4 81.4 81.4 81.4 81.4 81.4 81.4 81.4 81.4 81.4 81.4 81.4 81.4 81.4 81.4 81.4 81.4 81.4 81.4 81.4 81.4 81.4 81.4 81.4 81.4 81.4 81.4 81.4 81.4 
82.9 82.9 82.9 82.9 82.9 82.9 82.9 82.9 82.9 82.9 82.9 80.4 80.4 80.4 80.4 80.4 80.4 80.4 80.4 80.4 80.4 80.4 80.4 80.4 80.4 80.4 80.4 80.4 80.4 80.4 80.4 80.4 80.4 80.4 80.4 80.4 80.4 80.4 80.4 80.4 80.4 80.4 80.4 80.4 80.4 80.4 80.4 80.4 80.4 80.4 80.4 80.4 80.4 80.4 80.4 80.4 80.4 80.4 80.4 80.4 80.4 80.4 80.4 80.4 80.4 80.4 80.4 80.4 80.4 80.4 80.4 81.4 81.4 81.4 81.4 81.4 81.4 81.4 81.4 81.4 81.4 81.4 81.4 81.4 81.4 81.4 81.4 81.4 81.4 81.4 81.4 81.4 81.4 81.4 81.4 81.4 81.4 81.4 81.4 81.4 
82.9 82.9 82.9 82.9 82.9 82.9 82.9 82.9 82.9 82.9 82.9 80.4 80.4 80.4 80.4 80.4 80.4 80.4 80.4 80.4 80.4 80.4 80.4 80.4 80.4 80.4 80.4 80.4 80.4 80.4 80.4 80.4 80.4 80.4 80.4 80.4 80.4 80.4 80.4 80.4 80.4 80.4 80.4 80.4 80.4 80.4 80.4 80.4 80.4 80.4 80.4 80.4 80.4 80.4 80.4 80.4 80.4 80.4 80.4 80.4 80.4 80.4 80.4 80.4 80.4 80.4 80.4 80.4 80.4 80.4 80.4 81.4 81.4 81.4 81.4 81.4 81.4 81.4 81.4 81.4 81.4 81.4 81.4 81.4 81.4 81.4 81.4 81.4 81.4 81.4 81.4 81.4 81.4 81.4 81.4 81.4 81.4 81.4 81.4 81.4 
82.9 82.9 82.9 82.9 82.9 82.9 82.9 82.9 82.9 82.9 82.9 80.4 80.4 80.4 80.4 80.4 80.4 80.4 80.4 80.4 80.4 80.4 80.4 80.4 80.4 80.4 80.4 80.4 80.4 80.4 80.4 80.4 80.4 80.4 80.4 80.4 80.4 80.4 80.4 80.4 80.4 80.4 80.4 80.4 80.4 80.4 80.4 80.4 80.4 80.4 80.4 80.4 80.4 80.4 80.4 80.4 80.4 80.4 80.4 80.4 80.4 80.4 80.4 80.4 80.4 80.4 80.4 80.4 80.4 80.4 80.4 81.4 81.4 81.4 81.4 81.4 81.4 81.4 81.4 81.4 81.4 81.4 81.4 81.4 81.4 81.4 81.4 81.4 81.4 81.4 81.4 81.4 81.4 81.4 81.4 81.4 81.4 81.4 81.4 81.4 
82.9 82.9 82.9 82.9 82.9 82.9 82.9 82.9 82.9 82.9 82.9 80.4 80.4 80.4 80.4 80.4 80.4 80.4 80.4 80.4 80.4 80.4 80.4 80.4 80.4 80.4 80.4 80.4 80.4 80.4 80.4 80.4 80.4 80.4 80.4 80.4 80.4 80.4 80.4 80.4 80.4 80.4 80.4 80.4 80.4 80.4 80.4 80.4 80.4 80.4 80.4 80.4 80.4 80.4 80.4 80.4 80.4 80.4 80.4 80.4 80.4 80.4 80.4 80.4 80.4 80.4 80.4 80.4 80.4 80.4 80.4 81.4 81.4 81.4 81.4 81.4 81.4 81.4 81.4 81.4 81.4 81.4 81.4 81.4 81.4 81.4 81.4 81.4 81.4 81.4 81.4 81.4 81.4 81.4 81.4 81.4 81.4 81.4 81.4 81.4 
82.9 82.9 82.9 82.9 82.9 82.9 82.9 82.9 82.9 82.9 82.9 80.4 80.4 80.4 80.4 80.4 80.4 80.4 80.4 80.4 80.4 80.4 80.4 80.4 80.4 80.4 80.4 80.4 80.4 80.4 80.4 80.4 80.4 80.4 80.4 80.4 80.4 80.4 80.4 80.4 80.4 80.4 80.4 80.4 80.4 80.4 80.4 80.4 80.4 80.4 80.4 80.4 80.4 80.4 80.4 80.4 80.4 80.4 80.4 80.4 80.4 80.4 80.4 80.4 80.4 80.4 80.4 80.4 80.4 80.4 80.4 81.4 81.4 81.4 81.4 81.4 81.4 81.4 81.4 81.4 81.4 81.4 81.4 81.4 81.4 81.4 81.4 81.4 81.4 81.4 81.4 81.4 81.4 81.4 81.4 81.4 81.4 81.4 81.4 81.4 
82.9 82.9 82.9 82.9 82.9 82.9 82.9 82.9 82.9 82.9 82.9 80.4 80.4 80.4 80.4 80.4 80.4 80.4 80.4 80.4 80.4 80.4 80.4 80.4 80.4 80.4 80.4 80.4 80.4 80.4 80.4 80.4 80.4 80.4 80.4 80.4 80.4 80.4 80.4 80.4 80.4 80.4 80.4 80.4 80.4 80.4 80.4 80.4 80.4 80.4 80.4 80.4 80.4 80.4 80.4 80.4 80.4 80.4 80.4 80.4 80.4 80.4 80.4 80.4 80.4 80.4 80.4 80.4 80.4 80.4 80.4 81.4 81.4 81.4 81.4 81.4 81.4 81.4 81.4 81.4 81.4 81.4 81.4 81.4 81.4 81.4 81.4 81.4 81.4 81.4 81.4 81.4 81.4 81.4 81.4 81.4 81.4 81.4 81.4 81.4 
82.9 82.9 82.9 82.9 82.9 82.9 82.9 82.9 82.9 82.9 82.9 80.4 80.4 80.4 80.4 80.4 80.4 80.4 80.4 80.4 80.4 80.4 80.4 80.4 80.4 80.4 80.4 80.4 80.4 80.4 80.4 80.4 80.4 80.4 80.4 80.4 80.4 80.4 80.4 80.4 80.4 80.4 80.4 80.4 80.4 80.4 80.4 80.4 80.4 80.4 80.4 80.4 80.4 80.4 80.4 80.4 80.4 80.4 80.4 80.4 80.4 80.4 80.4 80.4 80.4 80.4 80.4 80.4 80.4 80.4 80.4 81.4 81.4 81.4 81.4 81.4 81.4 81.4 81.4 81.4 81.4 81.4 81.4 81.4 81.4 81.4 81.4 81.4 81.4 81.4 81.4 81.4 81.4 81.4 81.4 81.4 81.4 81.4 81.4 81.4 
82.9 82.9 82.9 82.9 82.9 82.9 82.9 82.9 82.9 82.9 82.9 80.4 80.4 80.4 80.4 80.4 80.4 80.4 80.4 80.4 80.4 80.4 80.4 80.4 80.4 80.4 80.4 80.4 80.4 80.4 80.4 80.4 80.4 80.4 80.4 80.4 80.4 80.4 80.4 80.4 80.4 80.4 80.4 80.4 80.4 80.4 80.4 80.4 80.4 80.4 80.4 80.4 80.4 80.4 80.4 80.4 80.4 80.4 80.4 80.4 80.4 80.4 80.4 80.4 80.4 80.4 80.4 80.4 80.4 80.4 80.4 81.4 81.4 81.4 81.4 81.4 81.4 81.4 81.4 81.4 81.4 81.4 81.4 81.4 81.4 81.4 81.4 81.4 81.4 81.4 81.4 81.4 81.4 81.4 81.4 81.4 81.4 81.4 81.4 81.4 
82.9 82.9 82.9 82.9 82.9 82.9 82.9 82.9 82.9 82.9 82.9 80.4 80.4 80.4 80.4 80.4 80.4 80.4 80.4 80.4 80.4 80.4 80.4 80.4 80.4 80.4 80.4 80.4 80.4 80.4 80.4 80.4 80.4 80.4 80.4 80.4 80.4 80.4 80.4 80.4 80.4 80.4 80.4 80.4 80.4 80.4 80.4 80.4 80.4 80.4 80.4 80.4 80.4 80.4 80.4 80.4 80.4 80.4 80.4 80.4 80.4 80.4 80.4 80.4 80.4 80.4 80.4 80.4 80.4 80.4 80.4 81.4 81.4 81.4 81.4 81.4 81.4 81.4 81.4 81.4 81.4 81.4 81.4 81.4 81.4 81.4 81.4 81.4 81.4 81.4 81.4 81.4 81.4 81.4 81.4 81.4 81.4 81.4 81.4 81.4 
82.9 82.9 82.9 82.9 82.9 82.9 82.9 82.9 82.9 82.9 82.9 80.4 80.4 80.4 80.4 80.4 80.4 80.4 80.4 80.4 80.4 80.4 80.4 80.4 80.4 80.4 80.4 80.4 80.4 80.4 80.4 80.4 80.4 80.4 80.4 80.4 80.4 80.4 80.4 80.4 80.4 80.4 80.4 80.4 80.4 80.4 80.4 80.4 80.4 80.4 80.4 80.4 80.4 80.4 80.4 80.4 80.4 80.4 80.4 80.4 80.4 80.4 80.4 80.4 80.4 80.4 80.4 80.4 80.4 80.4 80.4 81.4 81.4 81.4 81.4 81.4 81.4 81.4 81.4 81.4 81.4 81.4 81.4 81.4 81.4 81.4 81.4 81.4 81.4 81.4 81.4 81.4 81.4 81.4 81.4 81.4 81.4 81.4 81.4 81.4 
82.9 82.9 82.9 82.9 82.9 82.9 82.9 82.9 82.9 82.9 82.9 80.4 80.4 80.4 80.4 80.4 80.4 80.4 80.4 80.4 80.4 80.4 80.4 80.4 80.4 80.4 80.4 80.4 80.4 80.4 80.4 80.4 80.4 80.4 80.4 80.4 80.4 80.4 80.4 80.4 80.4 80.4 80.4 80.4 80.4 80.4 80.4 80.4 80.4 80.4 80.4 80.4 80.4 80.4 80.4 80.4 80.4 80.4 80.4 80.4 80.4 80.4 80.4 80.4 80.4 80.4 80.4 80.4 80.4 80.4 80.4 81.4 81.4 81.4 81.4 81.4 81.4 81.4 81.4 81.4 81.4 81.4 81.4 81.4 81.4 81.4 81.4 81.4 81.4 81.4 81.4 81.4 81.4 81.4 81.4 81.4 81.4 81.4 81.4 81.4 
82.9 82.9 82.9 82.9 82.9 82.9 82.9 82.9 82.9 82.9 82.9 80.4 80.4 80.4 80.4 80.4 80.4 80.4 80.4 80.4 80.4 80.4 80.4 80.4 80.4 80.4 80.4 80.4 80.4 80.4 80.4 80.4 80.4 80.4 80.4 80.4 80.4 80.4 80.4 80.4 80.4 80.4 80.4 80.4 80.4 80.4 80.4 80.4 80.4 80.4 80.4 80.4 80.4 80.4 80.4 80.4 80.4 80.4 80.4 80.4 80.4 80.4 80.4 80.4 80.4 80.4 80.4 80.4 80.4 80.4 80.4 81.4 81.4 81.4 81.4 81.4 81.4 81.4 81.4 81.4 81.4 81.4 81.4 81.4 81.4 81.4 81.4 81.4 81.4 81.4 81.4 81.4 81.4 81.4 81.4 81.4 81.4 81.4 81.4 81.4 
82.9 82.9 82.9 82.9 82.9 82.9 82.9 82.9 82.9 82.9 82.9 80.4 80.4 80.4 80.4 80.4 80.4 80.4 80.4 80.4 80.4 80.4 80.4 80.4 80.4 80.4 80.4 80.4 80.4 80.4 80.4 80.4 80.4 80.4 80.4 80.4 80.4 80.4 80.4 80.4 80.4 80.4 80.4 80.4 80.4 80.4 80.4 80.4 80.4 80.4 80.4 80.4 80.4 80.4 80.4 80.4 80.4 80.4 80.4 80.4 80.4 80.4 80.4 80.4 80.4 80.4 80.4 80.4 80.4 80.4 80.4 81.4 81.4 81.4 81.4 81.4 81.4 81.4 81.4 81.4 81.4 81.4 81.4 81.4 81.4 81.4 81.4 81.4 81.4 81.4 81.4 81.4 81.4 81.4 81.4 81.4 81.4 81.4 81.4 81.4 
82.9 82.9 82.9 82.9 82.9 82.9 82.9 82.9 82.9 82.9 82.9 80.4 80.4 80.4 80.4 80.4 80.4 80.4 80.4 80.4 80.4 80.4 80.4 80.4 80.4 80.4 80.4 80.4 80.4 80.4 80.4 80.4 80.4 80.4 80.4 80.4 80.4 80.4 80.4 80.4 80.4 80.4 80.4 80.4 80.4 80.4 80.4 80.4 80.4 80.4 80.4 80.4 80.4 80.4 80.4 80.4 80.4 80.4 80.4 80.4 80.4 80.4 80.4 80.4 80.4 80.4 80.4 80.4 80.4 80.4 80.4 81.4 81.4 81.4 81.4 81.4 81.4 81.4 81.4 81.4 81.4 81.4 81.4 81.4 81.4 81.4 81.4 81.4 81.4 81.4 81.4 81.4 81.4 81.4 81.4 81.4 81.4 81.4 81.4 81.4 
82.9 82.9 82.9 82.9 82.9 82.9 82.9 82.9 82.9 82.9 82.9 80.4 80.4 80.4 80.4 80.4 80.4 80.4 80.4 80.4 80.4 80.4 80.4 80.4 80.4 80.4 80.4 80.4 80.4 80.4 80.4 80.4 80.4 80.4 80.4 80.4 80.4 80.4 80.4 80.4 80.4 80.4 80.4 80.4 80.4 80.4 80.4 80.4 80.4 80.4 80.4 80.4 80.4 80.4 80.4 80.4 80.4 80.4 80.4 80.4 80.4 80.4 80.4 80.4 80.4 80.4 80.4 80.4 80.4 80.4 80.4 81.4 81.4 81.4 81.4 81.4 81.4 81.4 81.4 81.4 81.4 81.4 81.4 81.4 81.4 81.4 81.4 81.4 81.4 81.4 81.4 81.4 81.4 81.4 81.4 81.4 81.4 81.4 81.4 81.4 
82.9 82.9 82.9 82.9 82.9 82.9 82.9 82.9 82.9 82.9 82.9 80.4 80.4 80.4 80.4 80.4 80.4 80.4 80.4 80.4 80.4 80.4 80.4 80.4 80.4 80.4 80.4 80.4 80.4 80.4 80.4 80.4 80.4 80.4 80.4 80.4 80.4 80.4 80.4 80.4 80.4 80.4 80.4 80.4 80.4 80.4 80.4 80.4 80.4 80.4 80.4 80.4 80.4 80.4 80.4 80.4 80.4 80.4 80.4 80.4 80.4 80.4 80.4 80.4 80.4 80.4 80.4 80.4 80.4 80.4 80.4 81.4 81.4 81.4 81.4 81.4 81.4 81.4 81.4 81.4 81.4 81.4 81.4 81.4 81.4 81.4 81.4 81.4 81.4 81.4 81.4 81.4 81.4 81.4 81.4 81.4 81.4 81.4 81.4 81.4 
82.9 82.9 82.9 82.9 82.9 82.9 82.9 82.9 82.9 82.9 82.9 80.4 80.4 80.4 80.4 80.4 80.4 80.4 80.4 80.4 80.4 80.4 80.4 80.4 80.4 80.4 80.4 80.4 80.4 80.4 80.4 80.4 80.4 80.4 80.4 80.4 80.4 80.4 80.4 80.4 80.4 80.4 80.4 80.4 80.4 80.4 80.4 80.4 80.4 80.4 80.4 80.4 80.4 80.4 80.4 80.4 80.4 80.4 80.4 80.4 80.4 80.4 80.4 80.4 80.4 80.4 80.4 80.4 80.4 80.4 80.4 81.4 81.4 81.4 81.4 81.4 81.4 81.4 81.4 81.4 81.4 81.4 81.4 81.4 81.4 81.4 81.4 81.4 81.4 81.4 81.4 81.4 81.4 81.4 81.4 81.4 81.4 81.4 81.4 81.4 
82.9 82.9 82.9 82.9 82.9 82.9 82.9 82.9 82.9 82.9 82.9 80.4 80.4 80.4 80.4 80.4 80.4 80.4 80.4 80.4 80.4 80.4 80.4 80.4 80.4 80.4 80.4 80.4 80.4 80.4 80.4 80.4 80.4 80.4 80.4 80.4 80.4 80.4 80.4 80.4 80.4 80.4 80.4 80.4 80.4 80.4 80.4 80.4 80.4 80.4 80.4 80.4 80.4 80.4 80.4 80.4 80.4 80.4 80.4 80.4 80.4 80.4 80.4 80.4 80.4 80.4 80.4 80.4 80.4 80.4 80.4 81.4 81.4 81.4 81.4 81.4 81.4 81.4 81.4 81.4 81.4 81.4 81.4 81.4 81.4 81.4 81.4 81.4 81.4 81.4 81.4 81.4 81.4 81.4 81.4 81.4 81.4 81.4 81.4 81.4 
82.9 82.9 82.9 82.9 82.9 82.9 82.9 82.9 82.9 82.9 82.9 80.4 80.4 80.4 80.4 80.4 80.4 80.4 80.4 80.4 80.4 80.4 80.4 80.4 80.4 80.4 80.4 80.4 80.4 80.4 80.4 80.4 80.4 80.4 80.4 80.4 80.4 80.4 80.4 80.4 80.4 80.4 80.4 80.4 80.4 80.4 80.4 80.4 80.4 80.4 80.4 80.4 80.4 80.4 80.4 80.4 80.4 80.4 80.4 80.4 80.4 80.4 80.4 80.4 80.4 80.4 80.4 80.4 80.4 80.4 80.4 81.4 81.4 81.4 81.4 81.4 81.4 81.4 81.4 81.4 81.4 81.4 81.4 81.4 81.4 81.4 81.4 81.4 81.4 81.4 81.4 81.4 81.4 81.4 81.4 81.4 81.4 81.4 81.4 81.4 
82.9 82.9 82.9 82.9 82.9 82.9 82.9 82.9 82.9 82.9 82.9 80.4 80.4 80.4 80.4 80.4 80.4 80.4 80.4 80.4 80.4 80.4 80.4 80.4 80.4 80.4 80.4 80.4 80.4 80.4 80.4 80.4 80.4 80.4 80.4 80.4 80.4 80.4 80.4 80.4 80.4 80.4 80.4 80.4 80.4 80.4 80.4 80.4 80.4 80.4 80.4 80.4 80.4 80.4 80.4 80.4 80.4 80.4 80.4 80.4 80.4 80.4 80.4 80.4 80.4 80.4 80.4 80.4 80.4 80.4 80.4 81.4 81.4 81.4 81.4 81.4 81.4 81.4 81.4 81.4 81.4 81.4 81.4 81.4 81.4 81.4 81.4 81.4 81.4 81.4 81.4 81.4 81.4 81.4 81.4 81.4 81.4 81.4 81.4 81.4 
82.9 82.9 82.9 82.9 82.9 82.9 82.9 82.9 82.9 82.9 82.9 80.4 80.4 80.4 80.4 80.4 80.4 80.4 80.4 80.4 80.4 80.4 80.4 80.4 80.4 80.4 80.4 80.4 80.4 80.4 80.4 80.4 80.4 80.4 80.4 80.4 80.4 80.4 80.4 80.4 80.4 80.4 80.4 80.4 80.4 80.4 80.4 80.4 80.4 80.4 80.4 80.4 80.4 80.4 80.4 80.4 80.4 80.4 80.4 80.4 80.4 80.4 80.4 80.4 80.4 80.4 80.4 80.4 80.4 80.4 80.4 81.4 81.4 81.4 81.4 81.4 81.4 81.4 81.4 81.4 81.4 81.4 81.4 81.4 81.4 81.4 81.4 81.4 81.4 81.4 81.4 81.4 81.4 81.4 81.4 81.4 81.4 81.4 81.4 81.4 
82.9 82.9 82.9 82.9 82.9 82.9 82.9 82.9 82.9 82.9 82.9 80.4 80.4 80.4 80.4 80.4 80.4 80.4 80.4 80.4 80.4 80.4 80.4 80.4 80.4 80.4 80.4 80.4 80.4 80.4 80.4 80.4 80.4 80.4 80.4 80.4 80.4 80.4 80.4 80.4 80.4 80.4 80.4 80.4 80.4 80.4 80.4 80.4 80.4 80.4 80.4 80.4 80.4 80.4 80.4 80.4 80.4 80.4 80.4 80.4 80.4 80.4 80.4 80.4 80.4 80.4 80.4 80.4 80.4 80.4 80.4 81.4 81.4 81.4 81.4 81.4 81.4 81.4 81.4 81.4 81.4 81.4 81.4 81.4 81.4 81.4 81.4 81.4 81.4 81.4 81.4 81.4 81.4 81.4 81.4 81.4 81.4 81.4 81.4 81.4 
82.9 82.9 82.9 82.9 82.9 82.9 82.9 82.9 82.9 82.9 82.9 80.4 80.4 80.4 80.4 80.4 80.4 80.4 80.4 80.4 80.4 80.4 80.4 80.4 80.4 80.4 80.4 80.4 80.4 80.4 80.4 80.4 80.4 80.4 80.4 80.4 80.4 80.4 80.4 80.4 80.4 80.4 80.4 80.4 80.4 80.4 80.4 80.4 80.4 80.4 80.4 80.4 80.4 80.4 80.4 80.4 80.4 80.4 80.4 80.4 80.4 80.4 80.4 80.4 80.4 80.4 80.4 80.4 80.4 80.4 80.4 81.4 81.4 81.4 81.4 81.4 81.4 81.4 81.4 81.4 81.4 81.4 81.4 81.4 81.4 81.4 81.4 81.4 81.4 81.4 81.4 81.4 81.4 81.4 81.4 81.4 81.4 81.4 81.4 81.4 
82.9 82.9 82.9 82.9 82.9 82.9 82.9 82.9 82.9 82.9 82.9 80.4 80.4 80.4 80.4 80.4 80.4 80.4 80.4 80.4 80.4 80.4 80.4 80.4 80.4 80.4 80.4 80.4 80.4 80.4 80.4 80.4 80.4 80.4 80.4 80.4 80.4 80.4 80.4 80.4 80.4 80.4 80.4 80.4 80.4 80.4 80.4 80.4 80.4 80.4 80.4 80.4 80.4 80.4 80.4 80.4 80.4 80.4 80.4 80.4 80.4 80.4 80.4 80.4 80.4 80.4 80.4 80.4 80.4 80.4 80.4 81.4 81.4 81.4 81.4 81.4 81.4 81.4 81.4 81.4 81.4 81.4 81.4 81.4 81.4 81.4 81.4 81.4 81.4 81.4 81.4 81.4 81.4 81.4 81.4 81.4 81.4 81.4 81.4 81.4 
82.9 82.9 82.9 82.9 82.9 82.9 82.9 82.9 82.9 82.9 82.9 80.4 80.4 80.4 80.4 80.4 80.4 80.4 80.4 80.4 80.4 80.4 80.4 80.4 80.4 80.4 80.4 80.4 80.4 80.4 80.4 80.4 80.4 80.4 80.4 80.4 80.4 80.4 80.4 80.4 80.4 80.4 80.4 80.4 80.4 80.4 80.4 80.4 80.4 80.4 80.4 80.4 80.4 80.4 80.4 80.4 80.4 80.4 80.4 80.4 80.4 80.4 80.4 80.4 80.4 80.4 80.4 80.4 80.4 80.4 80.4 81.4 81.4 81.4 81.4 81.4 81.4 81.4 81.4 81.4 81.4 81.4 81.4 81.4 81.4 81.4 81.4 81.4 81.4 81.4 81.4 81.4 81.4 81.4 81.4 81.4 81.4 81.4 81.4 81.4 
82.9 82.9 82.9 82.9 82.9 82.9 82.9 82.9 82.9 82.9 82.9 80.4 80.4 80.4 80.4 80.4 80.4 80.4 80.4 80.4 80.4 80.4 80.4 80.4 80.4 80.4 80.4 80.4 80.4 80.4 80.4 80.4 80.4 80.4 80.4 80.4 80.4 80.4 80.4 80.4 80.4 80.4 80.4 80.4 80.4 80.4 80.4 80.4 80.4 80.4 80.4 80.4 80.4 80.4 80.4 80.4 80.4 80.4 80.4 80.4 80.4 80.4 80.4 80.4 80.4 80.4 80.4 80.4 80.4 80.4 80.4 81.4 81.4 81.4 81.4 81.4 81.4 81.4 81.4 81.4 81.4 81.4 81.4 81.4 81.4 81.4 81.4 81.4 81.4 81.4 81.4 81.4 81.4 81.4 81.4 81.4 81.4 81.4 81.4 81.4 
82.9 82.9 82.9 82.9 82.9 82.9 82.9 82.9 82.9 82.9 82.9 80.4 80.4 80.4 80.4 80.4 80.4 80.4 80.4 80.4 80.4 80.4 80.4 80.4 80.4 80.4 80.4 80.4 80.4 80.4 80.4 80.4 80.4 80.4 80.4 80.4 80.4 80.4 80.4 80.4 80.4 80.4 80.4 80.4 80.4 80.4 80.4 80.4 80.4 80.4 80.4 80.4 80.4 80.4 80.4 80.4 80.4 80.4 80.4 80.4 80.4 80.4 80.4 80.4 80.4 80.4 80.4 80.4 80.4 80.4 80.4 81.4 81.4 81.4 81.4 81.4 81.4 81.4 81.4 81.4 81.4 81.4 81.4 81.4 81.4 81.4 81.4 81.4 81.4 81.4 81.4 81.4 81.4 81.4 81.4 81.4 81.4 81.4 81.4 81.4 
82.9 82.9 82.9 82.9 82.9 82.9 82.9 82.9 82.9 82.9 82.9 80.4 80.4 80.4 80.4 80.4 80.4 80.4 80.4 80.4 80.4 80.4 80.4 80.4 80.4 80.4 80.4 80.4 80.4 80.4 80.4 80.4 80.4 80.4 80.4 80.4 80.4 80.4 80.4 80.4 80.4 80.4 80.4 80.4 80.4 80.4 80.4 80.4 80.4 80.4 80.4 80.4 80.4 80.4 80.4 80.4 80.4 80.4 80.4 80.4 80.4 80.4 80.4 80.4 80.4 80.4 80.4 80.4 80.4 80.4 80.4 81.4 81.4 81.4 81.4 81.4 81.4 81.4 81.4 81.4 81.4 81.4 81.4 81.4 81.4 81.4 81.4 81.4 81.4 81.4 81.4 81.4 81.4 81.4 81.4 81.4 81.4 81.4 81.4 81.4 
82.9 82.9 82.9 82.9 82.9 82.9 82.9 82.9 82.9 82.9 82.9 80.4 80.4 80.4 80.4 80.4 80.4 80.4 80.4 80.4 80.4 80.4 80.4 80.4 80.4 80.4 80.4 80.4 80.4 80.4 80.4 80.4 80.4 80.4 80.4 80.4 80.4 80.4 80.4 80.4 80.4 80.4 80.4 80.4 80.4 80.4 80.4 80.4 80.4 80.4 80.4 80.4 80.4 80.4 80.4 80.4 80.4 80.4 80.4 80.4 80.4 80.4 80.4 80.4 80.4 80.4 80.4 80.4 80.4 80.4 80.4 81.4 81.4 81.4 81.4 81.4 81.4 81.4 81.4 81.4 81.4 81.4 81.4 81.4 81.4 81.4 81.4 81.4 81.4 81.4 81.4 81.4 81.4 81.4 81.4 81.4 81.4 81.4 81.4 81.4 
82.9 82.9 82.9 82.9 82.9 82.9 82.9 82.9 82.9 82.9 82.9 80.4 80.4 80.4 80.4 80.4 80.4 80.4 80.4 80.4 80.4 80.4 80.4 80.4 80.4 80.4 80.4 80.4 80.4 80.4 80.4 80.4 80.4 80.4 80.4 80.4 80.4 80.4 80.4 80.4 80.4 80.4 80.4 80.4 80.4 80.4 80.4 80.4 80.4 80.4 80.4 80.4 80.4 80.4 80.4 80.4 80.4 80.4 80.4 80.4 80.4 80.4 80.4 80.4 80.4 80.4 80.4 80.4 80.4 80.4 80.4 81.4 81.4 81.4 81.4 81.4 81.4 81.4 81.4 81.4 81.4 81.4 81.4 81.4 81.4 81.4 81.4 81.4 81.4 81.4 81.4 81.4 81.4 81.4 81.4 81.4 81.4 81.4 81.4 81.4 
82.9 82.9 82.9 82.9 82.9 82.9 82.9 82.9 82.9 82.9 82.9 80.4 80.4 80.4 80.4 80.4 80.4 80.4 80.4 80.4 80.4 80.4 80.4 80.4 80.4 80.4 80.4 80.4 80.4 80.4 80.4 80.4 80.4 80.4 80.4 80.4 80.4 80.4 80.4 80.4 80.4 80.4 80.4 80.4 80.4 80.4 80.4 80.4 80.4 80.4 80.4 80.4 80.4 80.4 80.4 80.4 80.4 80.4 80.4 80.4 80.4 80.4 80.4 80.4 80.4 80.4 80.4 80.4 80.4 80.4 80.4 81.4 81.4 81.4 81.4 81.4 81.4 81.4 81.4 81.4 81.4 81.4 81.4 81.4 81.4 81.4 81.4 81.4 81.4 81.4 81.4 81.4 81.4 81.4 81.4 81.4 81.4 81.4 81.4 81.4 
82.9 82.9 82.9 82.9 82.9 82.9 82.9 82.9 82.9 82.9 82.9 80.4 80.4 80.4 80.4 80.4 80.4 80.4 80.4 80.4 80.4 80.4 80.4 80.4 80.4 80.4 80.4 80.4 80.4 80.4 80.4 80.4 80.4 80.4 80.4 80.4 80.4 80.4 80.4 80.4 80.4 80.4 80.4 80.4 80.4 80.4 80.4 80.4 80.4 80.4 80.4 80.4 80.4 80.4 80.4 80.4 80.4 80.4 80.4 80.4 80.4 80.4 80.4 80.4 80.4 80.4 80.4 80.4 80.4 80.4 80.4 81.4 81.4 81.4 81.4 81.4 81.4 81.4 81.4 81.4 81.4 81.4 81.4 81.4 81.4 81.4 81.4 81.4 81.4 81.4 81.4 81.4 81.4 81.4 81.4 81.4 81.4 81.4 81.4 81.4 
82.9 82.9 82.9 82.9 82.9 82.9 82.9 82.9 82.9 82.9 82.9 80.4 80.4 80.4 80.4 80.4 80.4 80.4 80.4 80.4 80.4 80.4 80.4 80.4 80.4 80.4 80.4 80.4 80.4 80.4 80.4 80.4 80.4 80.4 80.4 80.4 80.4 80.4 80.4 80.4 80.4 80.4 80.4 80.4 80.4 80.4 80.4 80.4 80.4 80.4 80.4 80.4 80.4 80.4 80.4 80.4 80.4 80.4 80.4 80.4 80.4 80.4 80.4 80.4 80.4 80.4 80.4 80.4 80.4 80.4 80.4 81.4 81.4 81.4 81.4 81.4 81.4 81.4 81.4 81.4 81.4 81.4 81.4 81.4 81.4 81.4 81.4 81.4 81.4 81.4 81.4 81.4 81.4 81.4 81.4 81.4 81.4 81.4 81.4 81.4 
82.9 82.9 82.9 82.9 82.9 82.9 82.9 82.9 82.9 82.9 82.9 80.4 80.4 80.4 80.4 80.4 80.4 80.4 80.4 80.4 80.4 80.4 80.4 80.4 80.4 80.4 80.4 80.4 80.4 80.4 80.4 80.4 80.4 80.4 80.4 80.4 80.4 80.4 80.4 80.4 80.4 80.4 80.4 80.4 80.4 80.4 80.4 80.4 80.4 80.4 80.4 80.4 80.4 80.4 80.4 80.4 80.4 80.4 80.4 80.4 80.4 80.4 80.4 80.4 80.4 80.4 80.4 80.4 80.4 80.4 80.4 81.4 81.4 81.4 81.4 81.4 81.4 81.4 81.4 81.4 81.4 81.4 81.4 81.4 81.4 81.4 81.4 81.4 81.4 81.4 81.4 81.4 81.4 81.4 81.4 81.4 81.4 81.4 81.4 81.4 
82.9 82.9 82.9 82.9 82.9 82.9 82.9 82.9 82.9 82.9 82.9 80.4 80.4 80.4 80.4 80.4 80.4 80.4 80.4 80.4 80.4 80.4 80.4 80.4 80.4 80.4 80.4 80.4 80.4 80.4 80.4 80.4 80.4 80.4 80.4 80.4 80.4 80.4 80.4 80.4 80.4 80.4 80.4 80.4 80.4 80.4 80.4 80.4 80.4 80.4 80.4 80.4 80.4 80.4 80.4 80.4 80.4 80.4 80.4 80.4 80.4 80.4 80.4 80.4 80.4 80.4 80.4 80.4 80.4 80.4 80.4 81.4 81.4 81.4 81.4 81.4 81.4 81.4 81.4 81.4 81.4 81.4 81.4 81.4 81.4 81.4 81.4 81.4 81.4 81.4 81.4 81.4 81.4 81.4 81.4 81.4 81.4 81.4 81.4 81.4 
82.9 82.9 82.9 82.9 82.9 82.9 82.9 82.9 82.9 82.9 82.9 80.4 80.4 80.4 80.4 80.4 80.4 80.4 80.4 80.4 80.4 80.4 80.4 80.4 80.4 80.4 80.4 80.4 80.4 80.4 80.4 80.4 80.4 80.4 80.4 80.4 80.4 80.4 80.4 80.4 80.4 80.4 80.4 80.4 80.4 80.4 80.4 80.4 80.4 80.4 80.4 80.4 80.4 80.4 80.4 80.4 80.4 80.4 80.4 80.4 80.4 80.4 80.4 80.4 80.4 80.4 80.4 80.4 80.4 80.4 80.4 81.4 81.4 81.4 81.4 81.4 81.4 81.4 81.4 81.4 81.4 81.4 81.4 81.4 81.4 81.4 81.4 81.4 81.4 81.4 81.4 81.4 81.4 81.4 81.4 81.4 81.4 81.4 81.4 81.4 
82.9 82.9 82.9 82.9 82.9 82.9 82.9 82.9 82.9 82.9 82.9 80.4 80.4 80.4 80.4 80.4 80.4 80.4 80.4 80.4 80.4 80.4 80.4 80.4 80.4 80.4 80.4 80.4 80.4 80.4 80.4 80.4 80.4 80.4 80.4 80.4 80.4 80.4 80.4 80.4 80.4 80.4 80.4 80.4 80.4 80.4 80.4 80.4 80.4 80.4 80.4 80.4 80.4 80.4 80.4 80.4 80.4 80.4 80.4 80.4 80.4 80.4 80.4 80.4 80.4 80.4 80.4 80.4 80.4 80.4 80.4 81.4 81.4 81.4 81.4 81.4 81.4 81.4 81.4 81.4 81.4 81.4 81.4 81.4 81.4 81.4 81.4 81.4 81.4 81.4 81.4 81.4 81.4 81.4 81.4 81.4 81.4 81.4 81.4 81.4 
82.9 82.9 82.9 82.9 82.9 82.9 82.9 82.9 82.9 82.9 82.9 80.4 80.4 80.4 80.4 80.4 80.4 80.4 80.4 80.4 80.4 80.4 80.4 80.4 80.4 80.4 80.4 80.4 80.4 80.4 80.4 80.4 80.4 80.4 80.4 80.4 80.4 80.4 80.4 80.4 80.4 80.4 80.4 80.4 80.4 80.4 80.4 80.4 80.4 80.4 80.4 80.4 80.4 80.4 80.4 80.4 80.4 80.4 80.4 80.4 80.4 80.4 80.4 80.4 80.4 80.4 80.4 80.4 80.4 80.4 80.4 81.4 81.4 81.4 81.4 81.4 81.4 81.4 81.4 81.4 81.4 81.4 81.4 81.4 81.4 81.4 81.4 81.4 81.4 81.4 81.4 81.4 81.4 81.4 81.4 81.4 81.4 81.4 81.4 81.4 
82.9 82.9 82.9 82.9 82.9 82.9 82.9 82.9 82.9 82.9 82.9 80.4 80.4 80.4 80.4 80.4 80.4 80.4 80.4 80.4 80.4 80.4 80.4 80.4 80.4 80.4 80.4 80.4 80.4 80.4 80.4 80.4 80.4 80.4 80.4 80.4 80.4 80.4 80.4 80.4 80.4 80.4 80.4 80.4 80.4 80.4 80.4 80.4 80.4 80.4 80.4 80.4 80.4 80.4 80.4 80.4 80.4 80.4 80.4 80.4 80.4 80.4 80.4 80.4 80.4 80.4 80.4 80.4 80.4 80.4 80.4 81.4 81.4 81.4 81.4 81.4 81.4 81.4 81.4 81.4 81.4 81.4 81.4 81.4 81.4 81.4 81.4 81.4 81.4 81.4 81.4 81.4 81.4 81.4 81.4 81.4 81.4 81.4 81.4 81.4 
82.9 82.9 82.9 82.9 82.9 82.9 82.9 82.9 82.9 82.9 82.9 80.4 80.4 80.4 80.4 80.4 80.4 80.4 80.4 80.4 80.4 80.4 80.4 80.4 80.4 80.4 80.4 80.4 80.4 80.4 80.4 80.4 80.4 80.4 80.4 80.4 80.4 80.4 80.4 80.4 80.4 80.4 80.4 80.4 80.4 80.4 80.4 80.4 80.4 80.4 80.4 80.4 80.4 80.4 80.4 80.4 80.4 80.4 80.4 80.4 80.4 80.4 80.4 80.4 80.4 80.4 80.4 80.4 80.4 80.4 80.4 81.4 81.4 81.4 81.4 81.4 81.4 81.4 81.4 81.4 81.4 81.4 81.4 81.4 81.4 81.4 81.4 81.4 81.4 81.4 81.4 81.4 81.4 81.4 81.4 81.4 81.4 81.4 81.4 81.4 
82.9 82.9 82.9 82.9 82.9 82.9 82.9 82.9 82.9 82.9 82.9 80.4 80.4 80.4 80.4 80.4 80.4 80.4 80.4 80.4 80.4 80.4 80.4 80.4 80.4 80.4 80.4 80.4 80.4 80.4 80.4 80.4 80.4 80.4 80.4 80.4 80.4 80.4 80.4 80.4 80.4 80.4 80.4 80.4 80.4 80.4 80.4 80.4 80.4 80.4 80.4 80.4 80.4 80.4 80.4 80.4 80.4 80.4 80.4 80.4 80.4 80.4 80.4 80.4 80.4 80.4 80.4 80.4 80.4 80.4 80.4 81.4 81.4 81.4 81.4 81.4 81.4 81.4 81.4 81.4 81.4 81.4 81.4 81.4 81.4 81.4 81.4 81.4 81.4 81.4 81.4 81.4 81.4 81.4 81.4 81.4 81.4 81.4 81.4 81.4 
82.9 82.9 82.9 82.9 82.9 82.9 82.9 82.9 82.9 82.9 82.9 80.4 80.4 80.4 80.4 80.4 80.4 80.4 80.4 80.4 80.4 80.4 80.4 80.4 80.4 80.4 80.4 80.4 80.4 80.4 80.4 80.4 80.4 80.4 80.4 80.4 80.4 80.4 80.4 80.4 80.4 80.4 80.4 80.4 80.4 80.4 80.4 80.4 80.4 80.4 80.4 80.4 80.4 80.4 80.4 80.4 80.4 80.4 80.4 80.4 80.4 80.4 80.4 80.4 80.4 80.4 80.4 80.4 80.4 80.4 80.4 81.4 81.4 81.4 81.4 81.4 81.4 81.4 81.4 81.4 81.4 81.4 81.4 81.4 81.4 81.4 81.4 81.4 81.4 81.4 81.4 81.4 81.4 81.4 81.4 81.4 81.4 81.4 81.4 81.4 
82.9 82.9 82.9 82.9 82.9 82.9 82.9 82.9 82.9 82.9 82.9 80.4 80.4 80.4 80.4 80.4 80.4 80.4 80.4 80.4 80.4 80.4 80.4 80.4 80.4 80.4 80.4 80.4 80.4 80.4 80.4 80.4 80.4 80.4 80.4 80.4 80.4 80.4 80.4 80.4 80.4 80.4 80.4 80.4 80.4 80.4 80.4 80.4 80.4 80.4 80.4 80.4 80.4 80.4 80.4 80.4 80.4 80.4 80.4 80.4 80.4 80.4 80.4 80.4 80.4 80.4 80.4 80.4 80.4 80.4 80.4 81.4 81.4 81.4 81.4 81.4 81.4 81.4 81.4 81.4 81.4 81.4 81.4 81.4 81.4 81.4 81.4 81.4 81.4 81.4 81.4 81.4 81.4 81.4 81.4 81.4 81.4 81.4 81.4 81.4 
82.9 82.9 82.9 82.9 82.9 82.9 82.9 82.9 82.9 82.9 82.9 80.4 80.4 80.4 80.4 80.4 80.4 80.4 80.4 80.4 80.4 80.4 80.4 80.4 80.4 80.4 80.4 80.4 80.4 80.4 80.4 80.4 80.4 80.4 80.4 80.4 80.4 80.4 80.4 80.4 80.4 80.4 80.4 80.4 80.4 80.4 80.4 80.4 80.4 80.4 80.4 80.4 80.4 80.4 80.4 80.4 80.4 80.4 80.4 80.4 80.4 80.4 80.4 80.4 80.4 80.4 80.4 80.4 80.4 80.4 80.4 81.4 81.4 81.4 81.4 81.4 81.4 81.4 81.4 81.4 81.4 81.4 81.4 81.4 81.4 81.4 81.4 81.4 81.4 81.4 81.4 81.4 81.4 81.4 81.4 81.4 81.4 81.4 81.4 81.4 
82.9 82.9 82.9 82.9 82.9 82.9 82.9 82.9 82.9 82.9 82.9 80.4 80.4 80.4 80.4 80.4 80.4 80.4 80.4 80.4 80.4 80.4 80.4 80.4 80.4 80.4 80.4 80.4 80.4 80.4 80.4 80.4 80.4 80.4 80.4 80.4 80.4 80.4 80.4 80.4 80.4 80.4 80.4 80.4 80.4 80.4 80.4 80.4 80.4 80.4 80.4 80.4 80.4 80.4 80.4 80.4 80.4 80.4 80.4 80.4 80.4 80.4 80.4 80.4 80.4 80.4 80.4 80.4 80.4 80.4 80.4 81.4 81.4 81.4 81.4 81.4 81.4 81.4 81.4 81.4 81.4 81.4 81.4 81.4 81.4 81.4 81.4 81.4 81.4 81.4 81.4 81.4 81.4 81.4 81.4 81.4 81.4 81.4 81.4 81.4 
82.9 82.9 82.9 82.9 82.9 82.9 82.9 82.9 82.9 82.9 82.9 80.4 80.4 80.4 80.4 80.4 80.4 80.4 80.4 80.4 80.4 80.4 80.4 80.4 80.4 80.4 80.4 80.4 80.4 80.4 80.4 80.4 80.4 80.4 80.4 80.4 80.4 80.4 80.4 80.4 80.4 80.4 80.4 80.4 80.4 80.4 80.4 80.4 80.4 80.4 80.4 80.4 80.4 80.4 80.4 80.4 80.4 80.4 80.4 80.4 80.4 80.4 80.4 80.4 80.4 80.4 80.4 80.4 80.4 80.4 80.4 81.4 81.4 81.4 81.4 81.4 81.4 81.4 81.4 81.4 81.4 81.4 81.4 81.4 81.4 81.4 81.4 81.4 81.4 81.4 81.4 81.4 81.4 81.4 81.4 81.4 81.4 81.4 81.4 81.4 
82.9 82.9 82.9 82.9 82.9 82.9 82.9 82.9 82.9 82.9 82.9 80.4 80.4 80.4 80.4 80.4 80.4 80.4 80.4 80.4 80.4 80.4 80.4 80.4 80.4 80.4 80.4 80.4 80.4 80.4 80.4 80.4 80.4 80.4 80.4 80.4 80.4 80.4 80.4 80.4 80.4 80.4 80.4 80.4 80.4 80.4 80.4 80.4 80.4 80.4 80.4 80.4 80.4 80.4 80.4 80.4 80.4 80.4 80.4 80.4 80.4 80.4 80.4 80.4 80.4 80.4 80.4 80.4 80.4 80.4 80.4 81.4 81.4 81.4 81.4 81.4 81.4 81.4 81.4 81.4 81.4 81.4 81.4 81.4 81.4 81.4 81.4 81.4 81.4 81.4 81.4 81.4 81.4 81.4 81.4 81.4 81.4 81.4 81.4 81.4 
82.9 82.9 82.9 82.9 82.9 82.9 82.9 82.9 82.9 82.9 82.9 80.4 80.4 80.4 80.4 80.4 80.4 80.4 80.4 80.4 80.4 80.4 80.4 80.4 80.4 80.4 80.4 80.4 80.4 80.4 80.4 80.4 80.4 80.4 80.4 80.4 80.4 80.4 80.4 80.4 80.4 80.4 80.4 80.4 80.4 80.4 80.4 80.4 80.4 80.4 80.4 80.4 80.4 80.4 80.4 80.4 80.4 80.4 80.4 80.4 80.4 80.4 80.4 80.4 80.4 80.4 80.4 80.4 80.4 80.4 80.4 81.4 81.4 81.4 81.4 81.4 81.4 81.4 81.4 81.4 81.4 81.4 81.4 81.4 81.4 81.4 81.4 81.4 81.4 81.4 81.4 81.4 81.4 81.4 81.4 81.4 81.4 81.4 81.4 81.4 
82.9 82.9 82.9 82.9 82.9 82.9 82.9 82.9 82.9 82.9 82.9 80.4 80.4 80.4 80.4 80.4 80.4 80.4 80.4 80.4 80.4 80.4 80.4 80.4 80.4 80.4 80.4 80.4 80.4 80.4 80.4 80.4 80.4 80.4 80.4 80.4 80.4 80.4 80.4 80.4 80.4 80.4 80.4 80.4 80.4 80.4 80.4 80.4 80.4 80.4 80.4 80.4 80.4 80.4 80.4 80.4 80.4 80.4 80.4 80.4 80.4 80.4 80.4 80.4 80.4 80.4 80.4 80.4 80.4 80.4 80.4 81.4 81.4 81.4 81.4 81.4 81.4 81.4 81.4 81.4 81.4 81.4 81.4 81.4 81.4 81.4 81.4 81.4 81.4 81.4 81.4 81.4 81.4 81.4 81.4 81.4 81.4 81.4 81.4 81.4 
82.9 82.9 82.9 82.9 82.9 82.9 82.9 82.9 82.9 82.9 82.9 80.4 80.4 80.4 80.4 80.4 80.4 80.4 80.4 80.4 80.4 80.4 80.4 80.4 80.4 80.4 80.4 80.4 80.4 80.4 80.4 80.4 80.4 80.4 80.4 80.4 80.4 80.4 80.4 80.4 80.4 80.4 80.4 80.4 80.4 80.4 80.4 80.4 80.4 80.4 80.4 80.4 80.4 80.4 80.4 80.4 80.4 80.4 80.4 80.4 80.4 80.4 80.4 80.4 80.4 80.4 80.4 80.4 80.4 80.4 80.4 81.4 81.4 81.4 81.4 81.4 81.4 81.4 81.4 81.4 81.4 81.4 81.4 81.4 81.4 81.4 81.4 81.4 81.4 81.4 81.4 81.4 81.4 81.4 81.4 81.4 81.4 81.4 81.4 81.4 
110.3 110.3 110.3 110.3 110.3 110.3 110.3 110.3 110.3 110.3 110.3 109.2 109.2 109.2 109.2 109.2 109.2 109.2 109.2 109.2 109.2 109.2 109.2 109.2 109.2 109.2 109.2 109.2 109.2 109.2 109.2 109.2 109.2 109.2 109.2 109.2 109.2 109.2 109.2 109.2 109.2 109.2 109.2 109.2 109.2 109.2 109.2 109.2 109.2 109.2 109.2 109.2 109.2 109.2 109.2 109.2 109.2 109.2 109.2 109.2 109.2 109.2 109.2 109.2 109.2 109.2 109.2 109.2 109.2 109.2 109.2 100.2 100.2 100.2 100.2 100.2 100.2 100.2 100.2 100.2 100.2 100.2 100.2 100.2 100.2 100.2 100.2 100.2 100.2 100.2 100.2 100.2 100.2 100.2 100.2 100.2 100.2 100.2 100.2 100.2 
110.3 110.3 110.3 110.3 110.3 110.3 110.3 110.3 110.3 110.3 110.3 109.2 109.2 109.2 109.2 109.2 109.2 109.2 109.2 109.2 109.2 109.2 109.2 109.2 109.2 109.2 109.2 109.2 109.2 109.2 109.2 109.2 109.2 109.2 109.2 109.2 109.2 109.2 109.2 109.2 109.2 109.2 109.2 109.2 109.2 109.2 109.2 109.2 109.2 109.2 109.2 109.2 109.2 109.2 109.2 109.2 109.2 109.2 109.2 109.2 109.2 109.2 109.2 109.2 109.2 109.2 109.2 109.2 109.2 109.2 109.2 100.2 100.2 100.2 100.2 100.2 100.2 100.2 100.2 100.2 100.2 100.2 100.2 100.2 100.2 100.2 100.2 100.2 100.2 100.2 100.2 100.2 100.2 100.2 100.2 100.2 100.2 100.2 100.2 100.2 
110.3 110.3 110.3 110.3 110.3 110.3 110.3 110.3 110.3 110.3 110.3 109.2 109.2 109.2 109.2 109.2 109.2 109.2 109.2 109.2 109.2 109.2 109.2 109.2 109.2 109.2 109.2 109.2 109.2 109.2 109.2 109.2 109.2 109.2 109.2 109.2 109.2 109.2 109.2 109.2 109.2 109.2 109.2 109.2 109.2 109.2 109.2 109.2 109.2 109.2 109.2 109.2 109.2 109.2 109.2 109.2 109.2 109.2 109.2 109.2 109.2 109.2 109.2 109.2 109.2 109.2 109.2 109.2 109.2 109.2 109.2 100.2 100.2 100.2 100.2 100.2 100.2 100.2 100.2 100.2 100.2 100.2 100.2 100.2 100.2 100.2 100.2 100.2 100.2 100.2 100.2 100.2 100.2 100.2 100.2 100.2 100.2 100.2 100.2 100.2 
110.3 110.3 110.3 110.3 110.3 110.3 110.3 110.3 110.3 110.3 110.3 109.2 109.2 109.2 109.2 109.2 109.2 109.2 109.2 109.2 109.2 109.2 109.2 109.2 109.2 109.2 109.2 109.2 109.2 109.2 109.2 109.2 109.2 109.2 109.2 109.2 109.2 109.2 109.2 109.2 109.2 109.2 109.2 109.2 109.2 109.2 109.2 109.2 109.2 109.2 109.2 109.2 109.2 109.2 109.2 109.2 109.2 109.2 109.2 109.2 109.2 109.2 109.2 109.2 109.2 109.2 109.2 109.2 109.2 109.2 109.2 100.2 100.2 100.2 100.2 100.2 100.2 100.2 100.2 100.2 100.2 100.2 100.2 100.2 100.2 100.2 100.2 100.2 100.2 100.2 100.2 100.2 100.2 100.2 100.2 100.2 100.2 100.2 100.2 100.2 
110.3 110.3 110.3 110.3 110.3 110.3 110.3 110.3 110.3 110.3 110.3 109.2 109.2 109.2 109.2 109.2 109.2 109.2 109.2 109.2 109.2 109.2 109.2 109.2 109.2 109.2 109.2 109.2 109.2 109.2 109.2 109.2 109.2 109.2 109.2 109.2 109.2 109.2 109.2 109.2 109.2 109.2 109.2 109.2 109.2 109.2 109.2 109.2 109.2 109.2 109.2 109.2 109.2 109.2 109.2 109.2 109.2 109.2 109.2 109.2 109.2 109.2 109.2 109.2 109.2 109.2 109.2 109.2 109.2 109.2 109.2 100.2 100.2 100.2 100.2 100.2 100.2 100.2 100.2 100.2 100.2 100.2 100.2 100.2 100.2 100.2 100.2 100.2 100.2 100.2 100.2 100.2 100.2 100.2 100.2 100.2 100.2 100.2 100.2 100.2 
110.3 110.3 110.3 110.3 110.3 110.3 110.3 110.3 110.3 110.3 110.3 109.2 109.2 109.2 109.2 109.2 109.2 109.2 109.2 109.2 109.2 109.2 109.2 109.2 109.2 109.2 109.2 109.2 109.2 109.2 109.2 109.2 109.2 109.2 109.2 109.2 109.2 109.2 109.2 109.2 109.2 109.2 109.2 109.2 109.2 109.2 109.2 109.2 109.2 109.2 109.2 109.2 109.2 109.2 109.2 109.2 109.2 109.2 109.2 109.2 109.2 109.2 109.2 109.2 109.2 109.2 109.2 109.2 109.2 109.2 109.2 100.2 100.2 100.2 100.2 100.2 100.2 100.2 100.2 100.2 100.2 100.2 100.2 100.2 100.2 100.2 100.2 100.2 100.2 100.2 100.2 100.2 100.2 100.2 100.2 100.2 100.2 100.2 100.2 100.2 
110.3 110.3 110.3 110.3 110.3 110.3 110.3 110.3 110.3 110.3 110.3 109.2 109.2 109.2 109.2 109.2 109.2 109.2 109.2 109.2 109.2 109.2 109.2 109.2 109.2 109.2 109.2 109.2 109.2 109.2 109.2 109.2 109.2 109.2 109.2 109.2 109.2 109.2 109.2 109.2 109.2 109.2 109.2 109.2 109.2 109.2 109.2 109.2 109.2 109.2 109.2 109.2 109.2 109.2 109.2 109.2 109.2 109.2 109.2 109.2 109.2 109.2 109.2 109.2 109.2 109.2 109.2 109.2 109.2 109.2 109.2 100.2 100.2 100.2 100.2 100.2 100.2 100.2 100.2 100.2 100.2 100.2 100.2 100.2 100.2 100.2 100.2 100.2 100.2 100.2 100.2 100.2 100.2 100.2 100.2 100.2 100.2 100.2 100.2 100.2 
110.3 110.3 110.3 110.3 110.3 110.3 110.3 110.3 110.3 110.3 110.3 109.2 109.2 109.2 109.2 109.2 109.2 109.2 109.2 109.2 109.2 109.2 109.2 109.2 109.2 109.2 109.2 109.2 109.2 109.2 109.2 109.2 109.2 109.2 109.2 109.2 109.2 109.2 109.2 109.2 109.2 109.2 109.2 109.2 109.2 109.2 109.2 109.2 109.2 109.2 109.2 109.2 109.2 109.2 109.2 109.2 109.2 109.2 109.2 109.2 109.2 109.2 109.2 109.2 109.2 109.2 109.2 109.2 109.2 109.2 109.2 100.2 100.2 100.2 100.2 100.2 100.2 100.2 100.2 100.2 100.2 100.2 100.2 100.2 100.2 100.2 100.2 100.2 100.2 100.2 100.2 100.2 100.2 100.2 100.2 100.2 100.2 100.2 100.2 100.2 
110.3 110.3 110.3 110.3 110.3 110.3 110.3 110.3 110.3 110.3 110.3 109.2 109.2 109.2 109.2 109.2 109.2 109.2 109.2 109.2 109.2 109.2 109.2 109.2 109.2 109.2 109.2 109.2 109.2 109.2 109.2 109.2 109.2 109.2 109.2 109.2 109.2 109.2 109.2 109.2 109.2 109.2 109.2 109.2 109.2 109.2 109.2 109.2 109.2 109.2 109.2 109.2 109.2 109.2 109.2 109.2 109.2 109.2 109.2 109.2 109.2 109.2 109.2 109.2 109.2 109.2 109.2 109.2 109.2 109.2 109.2 100.2 100.2 100.2 100.2 100.2 100.2 100.2 100.2 100.2 100.2 100.2 100.2 100.2 100.2 100.2 100.2 100.2 100.2 100.2 100.2 100.2 100.2 100.2 100.2 100.2 100.2 100.2 100.2 100.2 
110.3 110.3 110.3 110.3 110.3 110.3 110.3 110.3 110.3 110.3 110.3 109.2 109.2 109.2 109.2 109.2 109.2 109.2 109.2 109.2 109.2 109.2 109.2 109.2 109.2 109.2 109.2 109.2 109.2 109.2 109.2 109.2 109.2 109.2 109.2 109.2 109.2 109.2 109.2 109.2 109.2 109.2 109.2 109.2 109.2 109.2 109.2 109.2 109.2 109.2 109.2 109.2 109.2 109.2 109.2 109.2 109.2 109.2 109.2 109.2 109.2 109.2 109.2 109.2 109.2 109.2 109.2 109.2 109.2 109.2 109.2 100.2 100.2 100.2 100.2 100.2 100.2 100.2 100.2 100.2 100.2 100.2 100.2 100.2 100.2 100.2 100.2 100.2 100.2 100.2 100.2 100.2 100.2 100.2 100.2 100.2 100.2 100.2 100.2 100.2 
110.3 110.3 110.3 110.3 110.3 110.3 110.3 110.3 110.3 110.3 110.3 109.2 109.2 109.2 109.2 109.2 109.2 109.2 109.2 109.2 109.2 109.2 109.2 109.2 109.2 109.2 109.2 109.2 109.2 109.2 109.2 109.2 109.2 109.2 109.2 109.2 109.2 109.2 109.2 109.2 109.2 109.2 109.2 109.2 109.2 109.2 109.2 109.2 109.2 109.2 109.2 109.2 109.2 109.2 109.2 109.2 109.2 109.2 109.2 109.2 109.2 109.2 109.2 109.2 109.2 109.2 109.2 109.2 109.2 109.2 109.2 100.2 100.2 100.2 100.2 100.2 100.2 100.2 100.2 100.2 100.2 100.2 100.2 100.2 100.2 100.2 100.2 100.2 100.2 100.2 100.2 100.2 100.2 100.2 100.2 100.2 100.2 100.2 100.2 100.2 
110.3 110.3 110.3 110.3 110.3 110.3 110.3 110.3 110.3 110.3 110.3 109.2 109.2 109.2 109.2 109.2 109.2 109.2 109.2 109.2 109.2 109.2 109.2 109.2 109.2 109.2 109.2 109.2 109.2 109.2 109.2 109.2 109.2 109.2 109.2 109.2 109.2 109.2 109.2 109.2 109.2 109.2 109.2 109.2 109.2 109.2 109.2 109.2 109.2 109.2 109.2 109.2 109.2 109.2 109.2 109.2 109.2 109.2 109.2 109.2 109.2 109.2 109.2 109.2 109.2 109.2 109.2 109.2 109.2 109.2 109.2 100.2 100.2 100.2 100.2 100.2 100.2 100.2 100.2 100.2 100.2 100.2 100.2 100.2 100.2 100.2 100.2 100.2 100.2 100.2 100.2 100.2 100.2 100.2 100.2 100.2 100.2 100.2 100.2 100.2 
110.3 110.3 110.3 110.3 110.3 110.3 110.3 110.3 110.3 110.3 110.3 109.2 109.2 109.2 109.2 109.2 109.2 109.2 109.2 109.2 109.2 109.2 109.2 109.2 109.2 109.2 109.2 109.2 109.2 109.2 109.2 109.2 109.2 109.2 109.2 109.2 109.2 109.2 109.2 109.2 109.2 109.2 109.2 109.2 109.2 109.2 109.2 109.2 109.2 109.2 109.2 109.2 109.2 109.2 109.2 109.2 109.2 109.2 109.2 109.2 109.2 109.2 109.2 109.2 109.2 109.2 109.2 109.2 109.2 109.2 109.2 100.2 100.2 100.2 100.2 100.2 100.2 100.2 100.2 100.2 100.2 100.2 100.2 100.2 100.2 100.2 100.2 100.2 100.2 100.2 100.2 100.2 100.2 100.2 100.2 100.2 100.2 100.2 100.2 100.2 
110.3 110.3 110.3 110.3 110.3 110.3 110.3 110.3 110.3 110.3 110.3 109.2 109.2 109.2 109.2 109.2 109.2 109.2 109.2 109.2 109.2 109.2 109.2 109.2 109.2 109.2 109.2 109.2 109.2 109.2 109.2 109.2 109.2 109.2 109.2 109.2 109.2 109.2 109.2 109.2 109.2 109.2 109.2 109.2 109.2 109.2 109.2 109.2 109.2 109.2 109.2 109.2 109.2 109.2 109.2 109.2 109.2 109.2 109.2 109.2 109.2 109.2 109.2 109.2 109.2 109.2 109.2 109.2 109.2 109.2 109.2 100.2 100.2 100.2 100.2 100.2 100.2 100.2 100.2 100.2 100.2 100.2 100.2 100.2 100.2 100.2 100.2 100.2 100.2 100.2 100.2 100.2 100.2 100.2 100.2 100.2 100.2 100.2 100.2 100.2 
110.3 110.3 110.3 110.3 110.3 110.3 110.3 110.3 110.3 110.3 110.3 109.2 109.2 109.2 109.2 109.2 109.2 109.2 109.2 109.2 109.2 109.2 109.2 109.2 109.2 109.2 109.2 109.2 109.2 109.2 109.2 109.2 109.2 109.2 109.2 109.2 109.2 109.2 109.2 109.2 109.2 109.2 109.2 109.2 109.2 109.2 109.2 109.2 109.2 109.2 109.2 109.2 109.2 109.2 109.2 109.2 109.2 109.2 109.2 109.2 109.2 109.2 109.2 109.2 109.2 109.2 109.2 109.2 109.2 109.2 109.2 100.2 100.2 100.2 100.2 100.2 100.2 100.2 100.2 100.2 100.2 100.2 100.2 100.2 100.2 100.2 100.2 100.2 100.2 100.2 100.2 100.2 100.2 100.2 100.2 100.2 100.2 100.2 100.2 100.2 
110.3 110.3 110.3 110.3 110.3 110.3 110.3 110.3 110.3 110.3 110.3 109.2 109.2 109.2 109.2 109.2 109.2 109.2 109.2 109.2 109.2 109.2 109.2 109.2 109.2 109.2 109.2 109.2 109.2 109.2 109.2 109.2 109.2 109.2 109.2 109.2 109.2 109.2 109.2 109.2 109.2 109.2 109.2 109.2 109.2 109.2 109.2 109.2 109.2 109.2 109.2 109.2 109.2 109.2 109.2 109.2 109.2 109.2 109.2 109.2 109.2 109.2 109.2 109.2 109.2 109.2 109.2 109.2 109.2 109.2 109.2 100.2 100.2 100.2 100.2 100.2 100.2 100.2 100.2 100.2 100.2 100.2 100.2 100.2 100.2 100.2 100.2 100.2 100.2 100.2 100.2 100.2 100.2 100.2 100.2 100.2 100.2 100.2 100.2 100.2 
110.3 110.3 110.3 110.3 110.3 110.3 110.3 110.3 110.3 110.3 110.3 109.2 109.2 109.2 109.2 109.2 109.2 109.2 109.2 109.2 109.2 109.2 109.2 109.2 109.2 109.2 109.2 109.2 109.2 109.2 109.2 109.2 109.2 109.2 109.2 109.2 109.2 109.2 109.2 109.2 109.2 109.2 109.2 109.2 109.2 109.2 109.2 109.2 109.2 109.2 109.2 109.2 109.2 109.2 109.2 109.2 109.2 109.2 109.2 109.2 109.2 109.2 109.2 109.2 109.2 109.2 109.2 109.2 109.2 109.2 109.2 100.2 100.2 100.2 100.2 100.2 100.2 100.2 100.2 100.2 100.2 100.2 100.2 100.2 100.2 100.2 100.2 100.2 100.2 100.2 100.2 100.2 100.2 100.2 100.2 100.2 100.2 100.2 100.2 100.2 
110.3 110.3 110.3 110.3 110.3 110.3 110.3 110.3 110.3 110.3 110.3 109.2 109.2 109.2 109.2 109.2 109.2 109.2 109.2 109.2 109.2 109.2 109.2 109.2 109.2 109.2 109.2 109.2 109.2 109.2 109.2 109.2 109.2 109.2 109.2 109.2 109.2 109.2 109.2 109.2 109.2 109.2 109.2 109.2 109.2 109.2 109.2 109.2 109.2 109.2 109.2 109.2 109.2 109.2 109.2 109.2 109.2 109.2 109.2 109.2 109.2 109.2 109.2 109.2 109.2 109.2 109.2 109.2 109.2 109.2 109.2 100.2 100.2 100.2 100.2 100.2 100.2 100.2 100.2 100.2 100.2 100.2 100.2 100.2 100.2 100.2 100.2 100.2 100.2 100.2 100.2 100.2 100.2 100.2 100.2 100.2 100.2 100.2 100.2 100.2 
110.3 110.3 110.3 110.3 110.3 110.3 110.3 110.3 110.3 110.3 110.3 109.2 109.2 109.2 109.2 109.2 109.2 109.2 109.2 109.2 109.2 109.2 109.2 109.2 109.2 109.2 109.2 109.2 109.2 109.2 109.2 109.2 109.2 109.2 109.2 109.2 109.2 109.2 109.2 109.2 109.2 109.2 109.2 109.2 109.2 109.2 109.2 109.2 109.2 109.2 109.2 109.2 109.2 109.2 109.2 109.2 109.2 109.2 109.2 109.2 109.2 109.2 109.2 109.2 109.2 109.2 109.2 109.2 109.2 109.2 109.2 100.2 100.2 100.2 100.2 100.2 100.2 100.2 100.2 100.2 100.2 100.2 100.2 100.2 100.2 100.2 100.2 100.2 100.2 100.2 100.2 100.2 100.2 100.2 100.2 100.2 100.2 100.2 100.2 100.2 
110.3 110.3 110.3 110.3 110.3 110.3 110.3 110.3 110.3 110.3 110.3 109.2 109.2 109.2 109.2 109.2 109.2 109.2 109.2 109.2 109.2 109.2 109.2 109.2 109.2 109.2 109.2 109.2 109.2 109.2 109.2 109.2 109.2 109.2 109.2 109.2 109.2 109.2 109.2 109.2 109.2 109.2 109.2 109.2 109.2 109.2 109.2 109.2 109.2 109.2 109.2 109.2 109.2 109.2 109.2 109.2 109.2 109.2 109.2 109.2 109.2 109.2 109.2 109.2 109.2 109.2 109.2 109.2 109.2 109.2 109.2 100.2 100.2 100.2 100.2 100.2 100.2 100.2 100.2 100.2 100.2 100.2 100.2 100.2 100.2 100.2 100.2 100.2 100.2 100.2 100.2 100.2 100.2 100.2 100.2 100.2 100.2 100.2 100.2 100.2 
110.3 110.3 110.3 110.3 110.3 110.3 110.3 110.3 110.3 110.3 110.3 109.2 109.2 109.2 109.2 109.2 109.2 109.2 109.2 109.2 109.2 109.2 109.2 109.2 109.2 109.2 109.2 109.2 109.2 109.2 109.2 109.2 109.2 109.2 109.2 109.2 109.2 109.2 109.2 109.2 109.2 109.2 109.2 109.2 109.2 109.2 109.2 109.2 109.2 109.2 109.2 109.2 109.2 109.2 109.2 109.2 109.2 109.2 109.2 109.2 109.2 109.2 109.2 109.2 109.2 109.2 109.2 109.2 109.2 109.2 109.2 100.2 100.2 100.2 100.2 100.2 100.2 100.2 100.2 100.2 100.2 100.2 100.2 100.2 100.2 100.2 100.2 100.2 100.2 100.2 100.2 100.2 100.2 100.2 100.2 100.2 100.2 100.2 100.2 100.2 
110.3 110.3 110.3 110.3 110.3 110.3 110.3 110.3 110.3 110.3 110.3 109.2 109.2 109.2 109.2 109.2 109.2 109.2 109.2 109.2 109.2 109.2 109.2 109.2 109.2 109.2 109.2 109.2 109.2 109.2 109.2 109.2 109.2 109.2 109.2 109.2 109.2 109.2 109.2 109.2 109.2 109.2 109.2 109.2 109.2 109.2 109.2 109.2 109.2 109.2 109.2 109.2 109.2 109.2 109.2 109.2 109.2 109.2 109.2 109.2 109.2 109.2 109.2 109.2 109.2 109.2 109.2 109.2 109.2 109.2 109.2 100.2 100.2 100.2 100.2 100.2 100.2 100.2 100.2 100.2 100.2 100.2 100.2 100.2 100.2 100.2 100.2 100.2 100.2 100.2 100.2 100.2 100.2 100.2 100.2 100.2 100.2 100.2 100.2 100.2 
110.3 110.3 110.3 110.3 110.3 110.3 110.3 110.3 110.3 110.3 110.3 109.2 109.2 109.2 109.2 109.2 109.2 109.2 109.2 109.2 109.2 109.2 109.2 109.2 109.2 109.2 109.2 109.2 109.2 109.2 109.2 109.2 109.2 109.2 109.2 109.2 109.2 109.2 109.2 109.2 109.2 109.2 109.2 109.2 109.2 109.2 109.2 109.2 109.2 109.2 109.2 109.2 109.2 109.2 109.2 109.2 109.2 109.2 109.2 109.2 109.2 109.2 109.2 109.2 109.2 109.2 109.2 109.2 109.2 109.2 109.2 100.2 100.2 100.2 100.2 100.2 100.2 100.2 100.2 100.2 100.2 100.2 100.2 100.2 100.2 100.2 100.2 100.2 100.2 100.2 100.2 100.2 100.2 100.2 100.2 100.2 100.2 100.2 100.2 100.2 
110.3 110.3 110.3 110.3 110.3 110.3 110.3 110.3 110.3 110.3 110.3 109.2 109.2 109.2 109.2 109.2 109.2 109.2 109.2 109.2 109.2 109.2 109.2 109.2 109.2 109.2 109.2 109.2 109.2 109.2 109.2 109.2 109.2 109.2 109.2 109.2 109.2 109.2 109.2 109.2 109.2 109.2 109.2 109.2 109.2 109.2 109.2 109.2 109.2 109.2 109.2 109.2 109.2 109.2 109.2 109.2 109.2 109.2 109.2 109.2 109.2 109.2 109.2 109.2 109.2 109.2 109.2 109.2 109.2 109.2 109.2 100.2 100.2 100.2 100.2 100.2 100.2 100.2 100.2 100.2 100.2 100.2 100.2 100.2 100.2 100.2 100.2 100.2 100.2 100.2 100.2 100.2 100.2 100.2 100.2 100.2 100.2 100.2 100.2 100.2 
110.3 110.3 110.3 110.3 110.3 110.3 110.3 110.3 110.3 110.3 110.3 109.2 109.2 109.2 109.2 109.2 109.2 109.2 109.2 109.2 109.2 109.2 109.2 109.2 109.2 109.2 109.2 109.2 109.2 109.2 109.2 109.2 109.2 109.2 109.2 109.2 109.2 109.2 109.2 109.2 109.2 109.2 109.2 109.2 109.2 109.2 109.2 109.2 109.2 109.2 109.2 109.2 109.2 109.2 109.2 109.2 109.2 109.2 109.2 109.2 109.2 109.2 109.2 109.2 109.2 109.2 109.2 109.2 109.2 109.2 109.2 100.2 100.2 100.2 100.2 100.2 100.2 100.2 100.2 100.2 100.2 100.2 100.2 100.2 100.2 100.2 100.2 100.2 100.2 100.2 100.2 100.2 100.2 100.2 100.2 100.2 100.2 100.2 100.2 100.2 
110.3 110.3 110.3 110.3 110.3 110.3 110.3 110.3 110.3 110.3 110.3 109.2 109.2 109.2 109.2 109.2 109.2 109.2 109.2 109.2 109.2 109.2 109.2 109.2 109.2 109.2 109.2 109.2 109.2 109.2 109.2 109.2 109.2 109.2 109.2 109.2 109.2 109.2 109.2 109.2 109.2 109.2 109.2 109.2 109.2 109.2 109.2 109.2 109.2 109.2 109.2 109.2 109.2 109.2 109.2 109.2 109.2 109.2 109.2 109.2 109.2 109.2 109.2 109.2 109.2 109.2 109.2 109.2 109.2 109.2 109.2 100.2 100.2 100.2 100.2 100.2 100.2 100.2 100.2 100.2 100.2 100.2 100.2 100.2 100.2 100.2 100.2 100.2 100.2 100.2 100.2 100.2 100.2 100.2 100.2 100.2 100.2 100.2 100.2 100.2 
110.3 110.3 110.3 110.3 110.3 110.3 110.3 110.3 110.3 110.3 110.3 109.2 109.2 109.2 109.2 109.2 109.2 109.2 109.2 109.2 109.2 109.2 109.2 109.2 109.2 109.2 109.2 109.2 109.2 109.2 109.2 109.2 109.2 109.2 109.2 109.2 109.2 109.2 109.2 109.2 109.2 109.2 109.2 109.2 109.2 109.2 109.2 109.2 109.2 109.2 109.2 109.2 109.2 109.2 109.2 109.2 109.2 109.2 109.2 109.2 109.2 109.2 109.2 109.2 109.2 109.2 109.2 109.2 109.2 109.2 109.2 100.2 100.2 100.2 100.2 100.2 100.2 100.2 100.2 100.2 100.2 100.2 100.2 100.2 100.2 100.2 100.2 100.2 100.2 100.2 100.2 100.2 100.2 100.2 100.2 100.2 100.2 100.2 100.2 100.2 
110.3 110.3 110.3 110.3 110.3 110.3 110.3 110.3 110.3 110.3 110.3 109.2 109.2 109.2 109.2 109.2 109.2 109.2 109.2 109.2 109.2 109.2 109.2 109.2 109.2 109.2 109.2 109.2 109.2 109.2 109.2 109.2 109.2 109.2 109.2 109.2 109.2 109.2 109.2 109.2 109.2 109.2 109.2 109.2 109.2 109.2 109.2 109.2 109.2 109.2 109.2 109.2 109.2 109.2 109.2 109.2 109.2 109.2 109.2 109.2 109.2 109.2 109.2 109.2 109.2 109.2 109.2 109.2 109.2 109.2 109.2 100.2 100.2 100.2 100.2 100.2 100.2 100.2 100.2 100.2 100.2 100.2 100.2 100.2 100.2 100.2 100.2 100.2 100.2 100.2 100.2 100.2 100.2 100.2 100.2 100.2 100.2 100.2 100.2 100.2 
110.3 110.3 110.3 110.3 110.3 110.3 110.3 110.3 110.3 110.3 110.3 109.2 109.2 109.2 109.2 109.2 109.2 109.2 109.2 109.2 109.2 109.2 109.2 109.2 109.2 109.2 109.2 109.2 109.2 109.2 109.2 109.2 109.2 109.2 109.2 109.2 109.2 109.2 109.2 109.2 109.2 109.2 109.2 109.2 109.2 109.2 109.2 109.2 109.2 109.2 109.2 109.2 109.2 109.2 109.2 109.2 109.2 109.2 109.2 109.2 109.2 109.2 109.2 109.2 109.2 109.2 109.2 109.2 109.2 109.2 109.2 100.2 100.2 100.2 100.2 100.2 100.2 100.2 100.2 100.2 100.2 100.2 100.2 100.2 100.2 100.2 100.2 100.2 100.2 100.2 100.2 100.2 100.2 100.2 100.2 100.2 100.2 100.2 100.2 100.2 
110.3 110.3 110.3 110.3 110.3 110.3 110.3 110.3 110.3 110.3 110.3 109.2 109.2 109.2 109.2 109.2 109.2 109.2 109.2 109.2 109.2 109.2 109.2 109.2 109.2 109.2 109.2 109.2 109.2 109.2 109.2 109.2 109.2 109.2 109.2 109.2 109.2 109.2 109.2 109.2 109.2 109.2 109.2 109.2 109.2 109.2 109.2 109.2 109.2 109.2 109.2 109.2 109.2 109.2 109.2 109.2 109.2 109.2 109.2 109.2 109.2 109.2 109.2 109.2 109.2 109.2 109.2 109.2 109.2 109.2 109.2 100.2 100.2 100.2 100.2 100.2 100.2 100.2 100.2 100.2 100.2 100.2 100.2 100.2 100.2 100.2 100.2 100.2 100.2 100.2 100.2 100.2 100.2 100.2 100.2 100.2 100.2 100.2 100.2 100.2 
110.3 110.3 110.3 110.3 110.3 110.3 110.3 110.3 110.3 110.3 110.3 109.2 109.2 109.2 109.2 109.2 109.2 109.2 109.2 109.2 109.2 109.2 109.2 109.2 109.2 109.2 109.2 109.2 109.2 109.2 109.2 109.2 109.2 109.2 109.2 109.2 109.2 109.2 109.2 109.2 109.2 109.2 109.2 109.2 109.2 109.2 109.2 109.2 109.2 109.2 109.2 109.2 109.2 109.2 109.2 109.2 109.2 109.2 109.2 109.2 109.2 109.2 109.2 109.2 109.2 109.2 109.2 109.2 109.2 109.2 109.2 100.2 100.2 100.2 100.2 100.2 100.2 100.2 100.2 100.2 100.2 100.2 100.2 100.2 100.2 100.2 100.2 100.2 100.2 100.2 100.2 100.2 100.2 100.2 100.2 100.2 100.2 100.2 100.2 100.2 
