ncols         100
nrows         100
xllcorner     -59982.863281
yllcorner     1851083.022172
cellsize      1000
NODATA_value  -9999
138.2 138.2 138.2 138.2 138.2 138.2 138.2 138.2 138.2 138.2 138.2 119.1 119.1 119.1 119.1 119.1 119.1 119.1 119.1 119.1 119.1 119.1 119.1 119.1 119.1 119.1 119.1 119.1 119.1 119.1 119.1 119.1 119.1 119.1 119.1 119.1 119.1 119.1 119.1 119.1 119.1 119.1 119.1 119.1 119.1 119.1 119.1 119.1 119.1 119.1 119.1 119.1 119.1 119.1 119.1 119.1 119.1 119.1 119.1 119.1 119.1 119.1 119.1 119.1 119.1 119.1 119.1 119.1 119.1 119.1 119.1 106.9 106.9 106.9 106.9 106.9 106.9 106.9 106.9 106.9 106.9 106.9 106.9 106.9 106.9 106.9 106.9 106.9 106.9 106.9 106.9 106.9 106.9 106.9 106.9 106.9 106.9 106.9 106.9 106.9 
138.2 138.2 138.2 138.2 138.2 138.2 138.2 138.2 138.2 138.2 138.2 119.1 119.1 119.1 119.1 119.1 119.1 119.1 119.1 119.1 119.1 119.1 119.1 119.1 119.1 119.1 119.1 119.1 119.1 119.1 119.1 119.1 119.1 119.1 119.1 119.1 119.1 119.1 119.1 119.1 119.1 119.1 119.1 119.1 119.1 119.1 119.1 119.1 119.1 119.1 119.1 119.1 119.1 119.1 119.1 119.1 119.1 119.1 119.1 119.1 119.1 119.1 119.1 119.1 119.1 119.1 119.1 119.1 119.1 119.1 119.1 106.9 106.9 106.9 106.9 106.9 106.9 106.9 106.9 106.9 106.9 106.9 106.9 106.9 106.9 106.9 106.9 106.9 106.9 106.9 106.9 106.9 106.9 106.9 106.9 106.9 106.9 106.9 106.9 106.9 
138.2 138.2 138.2 138.2 138.2 138.2 138.2 138.2 138.2 138.2 138.2 119.1 119.1 119.1 119.1 119.1 119.1 119.1 119.1 119.1 119.1 119.1 119.1 119.1 119.1 119.1 119.1 119.1 119.1 119.1 119.1 119.1 119.1 119.1 119.1 119.1 119.1 119.1 119.1 119.1 119.1 119.1 119.1 119.1 119.1 119.1 119.1 119.1 119.1 119.1 119.1 119.1 119.1 119.1 119.1 119.1 119.1 119.1 119.1 119.1 119.1 119.1 119.1 119.1 119.1 119.1 119.1 119.1 119.1 119.1 119.1 106.9 106.9 106.9 106.9 106.9 106.9 106.9 106.9 106.9 106.9 106.9 106.9 106.9 106.9 106.9 106.9 106.9 106.9 106.9 106.9 106.9 106.9 106.9 106.9 106.9 106.9 106.9 106.9 106.9 
138.2 138.2 138.2 138.2 138.2 138.2 138.2 138.2 138.2 138.2 138.2 119.1 119.1 119.1 119.1 119.1 119.1 119.1 119.1 119.1 119.1 119.1 119.1 119.1 119.1 119.1 119.1 119.1 119.1 119.1 119.1 119.1 119.1 119.1 119.1 119.1 119.1 119.1 119.1 119.1 119.1 119.1 119.1 119.1 119.1 119.1 119.1 119.1 119.1 119.1 119.1 119.1 119.1 119.1 119.1 119.1 119.1 119.1 119.1 119.1 119.1 119.1 119.1 119.1 119.1 119.1 119.1 119.1 119.1 119.1 119.1 106.9 106.9 106.9 106.9 106.9 106.9 106.9 106.9 106.9 106.9 106.9 106.9 106.9 106.9 106.9 106.9 106.9 106.9 106.9 106.9 106.9 106.9 106.9 106.9 106.9 106.9 106.9 106.9 106.9 
138.2 138.2 138.2 138.2 138.2 138.2 138.2 138.2 138.2 138.2 138.2 119.1 119.1 119.1 119.1 119.1 119.1 119.1 119.1 119.1 119.1 119.1 119.1 119.1 119.1 119.1 119.1 119.1 119.1 119.1 119.1 119.1 119.1 119.1 119.1 119.1 119.1 119.1 119.1 119.1 119.1 119.1 119.1 119.1 119.1 119.1 119.1 119.1 119.1 119.1 119.1 119.1 119.1 119.1 119.1 119.1 119.1 119.1 119.1 119.1 119.1 119.1 119.1 119.1 119.1 119.1 119.1 119.1 119.1 119.1 119.1 106.9 106.9 106.9 106.9 106.9 106.9 106.9 106.9 106.9 106.9 106.9 106.9 106.9 106.9 106.9 106.9 106.9 106.9 106.9 106.9 106.9 106.9 106.9 106.9 106.9 106.9 106.9 106.9 106.9 
138.2 138.2 138.2 138.2 138.2 138.2 138.2 138.2 138.2 138.2 138.2 119.1 119.1 119.1 119.1 119.1 119.1 119.1 119.1 119.1 119.1 119.1 119.1 119.1 119.1 119.1 119.1 119.1 119.1 119.1 119.1 119.1 119.1 119.1 119.1 119.1 119.1 119.1 119.1 119.1 119.1 119.1 119.1 119.1 119.1 119.1 119.1 119.1 119.1 119.1 119.1 119.1 119.1 119.1 119.1 119.1 119.1 119.1 119.1 119.1 119.1 119.1 119.1 119.1 119.1 119.1 119.1 119.1 119.1 119.1 119.1 106.9 106.9 106.9 106.9 106.9 106.9 106.9 106.9 106.9 106.9 106.9 106.9 106.9 106.9 106.9 106.9 106.9 106.9 106.9 106.9 106.9 106.9 106.9 106.9 106.9 106.9 106.9 106.9 106.9 
138.2 138.2 138.2 138.2 138.2 138.2 138.2 138.2 138.2 138.2 138.2 119.1 119.1 119.1 119.1 119.1 119.1 119.1 119.1 119.1 119.1 119.1 119.1 119.1 119.1 119.1 119.1 119.1 119.1 119.1 119.1 119.1 119.1 119.1 119.1 119.1 119.1 119.1 119.1 119.1 119.1 119.1 119.1 119.1 119.1 119.1 119.1 119.1 119.1 119.1 119.1 119.1 119.1 119.1 119.1 119.1 119.1 119.1 119.1 119.1 119.1 119.1 119.1 119.1 119.1 119.1 119.1 119.1 119.1 119.1 119.1 106.9 106.9 106.9 106.9 106.9 106.9 106.9 106.9 106.9 106.9 106.9 106.9 106.9 106.9 106.9 106.9 106.9 106.9 106.9 106.9 106.9 106.9 106.9 106.9 106.9 106.9 106.9 106.9 106.9 
138.2 138.2 138.2 138.2 138.2 138.2 138.2 138.2 138.2 138.2 138.2 119.1 119.1 119.1 119.1 119.1 119.1 119.1 119.1 119.1 119.1 119.1 119.1 119.1 119.1 119.1 119.1 119.1 119.1 119.1 119.1 119.1 119.1 119.1 119.1 119.1 119.1 119.1 119.1 119.1 119.1 119.1 119.1 119.1 119.1 119.1 119.1 119.1 119.1 119.1 119.1 119.1 119.1 119.1 119.1 119.1 119.1 119.1 119.1 119.1 119.1 119.1 119.1 119.1 119.1 119.1 119.1 119.1 119.1 119.1 119.1 106.9 106.9 106.9 106.9 106.9 106.9 106.9 106.9 106.9 106.9 106.9 106.9 106.9 106.9 106.9 106.9 106.9 106.9 106.9 106.9 106.9 106.9 106.9 106.9 106.9 106.9 106.9 106.9 106.9 
138.2 138.2 138.2 138.2 138.2 138.2 138.2 138.2 138.2 138.2 138.2 119.1 119.1 119.1 119.1 119.1 119.1 119.1 119.1 119.1 119.1 119.1 119.1 119.1 119.1 119.1 119.1 119.1 119.1 119.1 119.1 119.1 119.1 119.1 119.1 119.1 119.1 119.1 119.1 119.1 119.1 119.1 119.1 119.1 119.1 119.1 119.1 119.1 119.1 119.1 119.1 119.1 119.1 119.1 119.1 119.1 119.1 119.1 119.1 119.1 119.1 119.1 119.1 119.1 119.1 119.1 119.1 119.1 119.1 119.1 119.1 106.9 106.9 106.9 106.9 106.9 106.9 106.9 106.9 106.9 106.9 106.9 106.9 106.9 106.9 106.9 106.9 106.9 106.9 106.9 106.9 106.9 106.9 106.9 106.9 106.9 106.9 106.9 106.9 106.9 
143 143 143 143 143 143 143 143 143 143 143 132.1 132.1 132.1 132.1 132.1 132.1 132.1 132.1 132.1 132.1 132.1 132.1 132.1 132.1 132.1 132.1 132.1 132.1 132.1 132.1 132.1 132.1 132.1 132.1 132.1 132.1 132.1 132.1 132.1 132.1 132.1 132.1 132.1 132.1 132.1 132.1 132.1 132.1 132.1 132.1 132.1 132.1 132.1 132.1 132.1 132.1 132.1 132.1 132.1 132.1 132.1 132.1 132.1 132.1 132.1 132.1 132.1 132.1 132.1 132.1 117.2 117.2 117.2 117.2 117.2 117.2 117.2 117.2 117.2 117.2 117.2 117.2 117.2 117.2 117.2 117.2 117.2 117.2 117.2 117.2 117.2 117.2 117.2 117.2 117.2 117.2 117.2 117.2 117.2 
143 143 143 143 143 143 143 143 143 143 143 132.1 132.1 132.1 132.1 132.1 132.1 132.1 132.1 132.1 132.1 132.1 132.1 132.1 132.1 132.1 132.1 132.1 132.1 132.1 132.1 132.1 132.1 132.1 132.1 132.1 132.1 132.1 132.1 132.1 132.1 132.1 132.1 132.1 132.1 132.1 132.1 132.1 132.1 132.1 132.1 132.1 132.1 132.1 132.1 132.1 132.1 132.1 132.1 132.1 132.1 132.1 132.1 132.1 132.1 132.1 132.1 132.1 132.1 132.1 132.1 117.2 117.2 117.2 117.2 117.2 117.2 117.2 117.2 117.2 117.2 117.2 117.2 117.2 117.2 117.2 117.2 117.2 117.2 117.2 117.2 117.2 117.2 117.2 117.2 117.2 117.2 117.2 117.2 117.2 
143 143 143 143 143 143 143 143 143 143 143 132.1 132.1 132.1 132.1 132.1 132.1 132.1 132.1 132.1 132.1 132.1 132.1 132.1 132.1 132.1 132.1 132.1 132.1 132.1 132.1 132.1 132.1 132.1 132.1 132.1 132.1 132.1 132.1 132.1 132.1 132.1 132.1 132.1 132.1 132.1 132.1 132.1 132.1 132.1 132.1 132.1 132.1 132.1 132.1 132.1 132.1 132.1 132.1 132.1 132.1 132.1 132.1 132.1 132.1 132.1 132.1 132.1 132.1 132.1 132.1 117.2 117.2 117.2 117.2 117.2 117.2 117.2 117.2 117.2 117.2 117.2 117.2 117.2 117.2 117.2 117.2 117.2 117.2 117.2 117.2 117.2 117.2 117.2 117.2 117.2 117.2 117.2 117.2 117.2 
143 143 143 143 143 143 143 143 143 143 143 132.1 132.1 132.1 132.1 132.1 132.1 132.1 132.1 132.1 132.1 132.1 132.1 132.1 132.1 132.1 132.1 132.1 132.1 132.1 132.1 132.1 132.1 132.1 132.1 132.1 132.1 132.1 132.1 132.1 132.1 132.1 132.1 132.1 132.1 132.1 132.1 132.1 132.1 132.1 132.1 132.1 132.1 132.1 132.1 132.1 132.1 132.1 132.1 132.1 132.1 132.1 132.1 132.1 132.1 132.1 132.1 132.1 132.1 132.1 132.1 117.2 117.2 117.2 117.2 117.2 117.2 117.2 117.2 117.2 117.2 117.2 117.2 117.2 117.2 117.2 117.2 117.2 117.2 117.2 117.2 117.2 117.2 117.2 117.2 117.2 117.2 117.2 117.2 117.2 
143 143 143 143 143 143 143 143 143 143 143 132.1 132.1 132.1 132.1 132.1 132.1 132.1 132.1 132.1 132.1 132.1 132.1 132.1 132.1 132.1 132.1 132.1 132.1 132.1 132.1 132.1 132.1 132.1 132.1 132.1 132.1 132.1 132.1 132.1 132.1 132.1 132.1 132.1 132.1 132.1 132.1 132.1 132.1 132.1 132.1 132.1 132.1 132.1 132.1 132.1 132.1 132.1 132.1 132.1 132.1 132.1 132.1 132.1 132.1 132.1 132.1 132.1 132.1 132.1 132.1 117.2 117.2 117.2 117.2 117.2 117.2 117.2 117.2 117.2 117.2 117.2 117.2 117.2 117.2 117.2 117.2 117.2 117.2 117.2 117.2 117.2 117.2 117.2 117.2 117.2 117.2 117.2 117.2 117.2 
143 143 143 143 143 143 143 143 143 143 143 132.1 132.1 132.1 132.1 132.1 132.1 132.1 132.1 132.1 132.1 132.1 132.1 132.1 132.1 132.1 132.1 132.1 132.1 132.1 132.1 132.1 132.1 132.1 132.1 132.1 132.1 132.1 132.1 132.1 132.1 132.1 132.1 132.1 132.1 132.1 132.1 132.1 132.1 132.1 132.1 132.1 132.1 132.1 132.1 132.1 132.1 132.1 132.1 132.1 132.1 132.1 132.1 132.1 132.1 132.1 132.1 132.1 132.1 132.1 132.1 117.2 117.2 117.2 117.2 117.2 117.2 117.2 117.2 117.2 117.2 117.2 117.2 117.2 117.2 117.2 117.2 117.2 117.2 117.2 117.2 117.2 117.2 117.2 117.2 117.2 117.2 117.2 117.2 117.2 
143 143 143 143 143 143 143 143 143 143 143 132.1 132.1 132.1 132.1 132.1 132.1 132.1 132.1 132.1 132.1 132.1 132.1 132.1 132.1 132.1 132.1 132.1 132.1 132.1 132.1 132.1 132.1 132.1 132.1 132.1 132.1 132.1 132.1 132.1 132.1 132.1 132.1 132.1 132.1 132.1 132.1 132.1 132.1 132.1 132.1 132.1 132.1 132.1 132.1 132.1 132.1 132.1 132.1 132.1 132.1 132.1 132.1 132.1 132.1 132.1 132.1 132.1 132.1 132.1 132.1 117.2 117.2 117.2 117.2 117.2 117.2 117.2 117.2 117.2 117.2 117.2 117.2 117.2 117.2 117.2 117.2 117.2 117.2 117.2 117.2 117.2 117.2 117.2 117.2 117.2 117.2 117.2 117.2 117.2 
143 143 143 143 143 143 143 143 143 143 143 132.1 132.1 132.1 132.1 132.1 132.1 132.1 132.1 132.1 132.1 132.1 132.1 132.1 132.1 132.1 132.1 132.1 132.1 132.1 132.1 132.1 132.1 132.1 132.1 132.1 132.1 132.1 132.1 132.1 132.1 132.1 132.1 132.1 132.1 132.1 132.1 132.1 132.1 132.1 132.1 132.1 132.1 132.1 132.1 132.1 132.1 132.1 132.1 132.1 132.1 132.1 132.1 132.1 132.1 132.1 132.1 132.1 132.1 132.1 132.1 117.2 117.2 117.2 117.2 117.2 117.2 117.2 117.2 117.2 117.2 117.2 117.2 117.2 117.2 117.2 117.2 117.2 117.2 117.2 117.2 117.2 117.2 117.2 117.2 117.2 117.2 117.2 117.2 117.2 
143 143 143 143 143 143 143 143 143 143 143 132.1 132.1 132.1 132.1 132.1 132.1 132.1 132.1 132.1 132.1 132.1 132.1 132.1 132.1 132.1 132.1 132.1 132.1 132.1 132.1 132.1 132.1 132.1 132.1 132.1 132.1 132.1 132.1 132.1 132.1 132.1 132.1 132.1 132.1 132.1 132.1 132.1 132.1 132.1 132.1 132.1 132.1 132.1 132.1 132.1 132.1 132.1 132.1 132.1 132.1 132.1 132.1 132.1 132.1 132.1 132.1 132.1 132.1 132.1 132.1 117.2 117.2 117.2 117.2 117.2 117.2 117.2 117.2 117.2 117.2 117.2 117.2 117.2 117.2 117.2 117.2 117.2 117.2 117.2 117.2 117.2 117.2 117.2 117.2 117.2 117.2 117.2 117.2 117.2 
143 143 143 143 143 143 143 143 143 143 143 132.1 132.1 132.1 132.1 132.1 132.1 132.1 132.1 132.1 132.1 132.1 132.1 132.1 132.1 132.1 132.1 132.1 132.1 132.1 132.1 132.1 132.1 132.1 132.1 132.1 132.1 132.1 132.1 132.1 132.1 132.1 132.1 132.1 132.1 132.1 132.1 132.1 132.1 132.1 132.1 132.1 132.1 132.1 132.1 132.1 132.1 132.1 132.1 132.1 132.1 132.1 132.1 132.1 132.1 132.1 132.1 132.1 132.1 132.1 132.1 117.2 117.2 117.2 117.2 117.2 117.2 117.2 117.2 117.2 117.2 117.2 117.2 117.2 117.2 117.2 117.2 117.2 117.2 117.2 117.2 117.2 117.2 117.2 117.2 117.2 117.2 117.2 117.2 117.2 
143 143 143 143 143 143 143 143 143 143 143 132.1 132.1 132.1 132.1 132.1 132.1 132.1 132.1 132.1 132.1 132.1 132.1 132.1 132.1 132.1 132.1 132.1 132.1 132.1 132.1 132.1 132.1 132.1 132.1 132.1 132.1 132.1 132.1 132.1 132.1 132.1 132.1 132.1 132.1 132.1 132.1 132.1 132.1 132.1 132.1 132.1 132.1 132.1 132.1 132.1 132.1 132.1 132.1 132.1 132.1 132.1 132.1 132.1 132.1 132.1 132.1 132.1 132.1 132.1 132.1 117.2 117.2 117.2 117.2 117.2 117.2 117.2 117.2 117.2 117.2 117.2 117.2 117.2 117.2 117.2 117.2 117.2 117.2 117.2 117.2 117.2 117.2 117.2 117.2 117.2 117.2 117.2 117.2 117.2 
143 143 143 143 143 143 143 143 143 143 143 132.1 132.1 132.1 132.1 132.1 132.1 132.1 132.1 132.1 132.1 132.1 132.1 132.1 132.1 132.1 132.1 132.1 132.1 132.1 132.1 132.1 132.1 132.1 132.1 132.1 132.1 132.1 132.1 132.1 132.1 132.1 132.1 132.1 132.1 132.1 132.1 132.1 132.1 132.1 132.1 132.1 132.1 132.1 132.1 132.1 132.1 132.1 132.1 132.1 132.1 132.1 132.1 132.1 132.1 132.1 132.1 132.1 132.1 132.1 132.1 117.2 117.2 117.2 117.2 117.2 117.2 117.2 117.2 117.2 117.2 117.2 117.2 117.2 117.2 117.2 117.2 117.2 117.2 117.2 117.2 117.2 117.2 117.2 117.2 117.2 117.2 117.2 117.2 117.2 
143 143 143 143 143 143 143 143 143 143 143 132.1 132.1 132.1 132.1 132.1 132.1 132.1 132.1 132.1 132.1 132.1 132.1 132.1 132.1 132.1 132.1 132.1 132.1 132.1 132.1 132.1 132.1 132.1 132.1 132.1 132.1 132.1 132.1 132.1 132.1 132.1 132.1 132.1 132.1 132.1 132.1 132.1 132.1 132.1 132.1 132.1 132.1 132.1 132.1 132.1 132.1 132.1 132.1 132.1 132.1 132.1 132.1 132.1 132.1 132.1 132.1 132.1 132.1 132.1 132.1 117.2 117.2 117.2 117.2 117.2 117.2 117.2 117.2 117.2 117.2 117.2 117.2 117.2 117.2 117.2 117.2 117.2 117.2 117.2 117.2 117.2 117.2 117.2 117.2 117.2 117.2 117.2 117.2 117.2 
143 143 143 143 143 143 143 143 143 143 143 132.1 132.1 132.1 132.1 132.1 132.1 132.1 132.1 132.1 132.1 132.1 132.1 132.1 132.1 132.1 132.1 132.1 132.1 132.1 132.1 132.1 132.1 132.1 132.1 132.1 132.1 132.1 132.1 132.1 132.1 132.1 132.1 132.1 132.1 132.1 132.1 132.1 132.1 132.1 132.1 132.1 132.1 132.1 132.1 132.1 132.1 132.1 132.1 132.1 132.1 132.1 132.1 132.1 132.1 132.1 132.1 132.1 132.1 132.1 132.1 117.2 117.2 117.2 117.2 117.2 117.2 117.2 117.2 117.2 117.2 117.2 117.2 117.2 117.2 117.2 117.2 117.2 117.2 117.2 117.2 117.2 117.2 117.2 117.2 117.2 117.2 117.2 117.2 117.2 
143 143 143 143 143 143 143 143 143 143 143 132.1 132.1 132.1 132.1 132.1 132.1 132.1 132.1 132.1 132.1 132.1 132.1 132.1 132.1 132.1 132.1 132.1 132.1 132.1 132.1 132.1 132.1 132.1 132.1 132.1 132.1 132.1 132.1 132.1 132.1 132.1 132.1 132.1 132.1 132.1 132.1 132.1 132.1 132.1 132.1 132.1 132.1 132.1 132.1 132.1 132.1 132.1 132.1 132.1 132.1 132.1 132.1 132.1 132.1 132.1 132.1 132.1 132.1 132.1 132.1 117.2 117.2 117.2 117.2 117.2 117.2 117.2 117.2 117.2 117.2 117.2 117.2 117.2 117.2 117.2 117.2 117.2 117.2 117.2 117.2 117.2 117.2 117.2 117.2 117.2 117.2 117.2 117.2 117.2 
143 143 143 143 143 143 143 143 143 143 143 132.1 132.1 132.1 132.1 132.1 132.1 132.1 132.1 132.1 132.1 132.1 132.1 132.1 132.1 132.1 132.1 132.1 132.1 132.1 132.1 132.1 132.1 132.1 132.1 132.1 132.1 132.1 132.1 132.1 132.1 132.1 132.1 132.1 132.1 132.1 132.1 132.1 132.1 132.1 132.1 132.1 132.1 132.1 132.1 132.1 132.1 132.1 132.1 132.1 132.1 132.1 132.1 132.1 132.1 132.1 132.1 132.1 132.1 132.1 132.1 117.2 117.2 117.2 117.2 117.2 117.2 117.2 117.2 117.2 117.2 117.2 117.2 117.2 117.2 117.2 117.2 117.2 117.2 117.2 117.2 117.2 117.2 117.2 117.2 117.2 117.2 117.2 117.2 117.2 
143 143 143 143 143 143 143 143 143 143 143 132.1 132.1 132.1 132.1 132.1 132.1 132.1 132.1 132.1 132.1 132.1 132.1 132.1 132.1 132.1 132.1 132.1 132.1 132.1 132.1 132.1 132.1 132.1 132.1 132.1 132.1 132.1 132.1 132.1 132.1 132.1 132.1 132.1 132.1 132.1 132.1 132.1 132.1 132.1 132.1 132.1 132.1 132.1 132.1 132.1 132.1 132.1 132.1 132.1 132.1 132.1 132.1 132.1 132.1 132.1 132.1 132.1 132.1 132.1 132.1 117.2 117.2 117.2 117.2 117.2 117.2 117.2 117.2 117.2 117.2 117.2 117.2 117.2 117.2 117.2 117.2 117.2 117.2 117.2 117.2 117.2 117.2 117.2 117.2 117.2 117.2 117.2 117.2 117.2 
143 143 143 143 143 143 143 143 143 143 143 132.1 132.1 132.1 132.1 132.1 132.1 132.1 132.1 132.1 132.1 132.1 132.1 132.1 132.1 132.1 132.1 132.1 132.1 132.1 132.1 132.1 132.1 132.1 132.1 132.1 132.1 132.1 132.1 132.1 132.1 132.1 132.1 132.1 132.1 132.1 132.1 132.1 132.1 132.1 132.1 132.1 132.1 132.1 132.1 132.1 132.1 132.1 132.1 132.1 132.1 132.1 132.1 132.1 132.1 132.1 132.1 132.1 132.1 132.1 132.1 117.2 117.2 117.2 117.2 117.2 117.2 117.2 117.2 117.2 117.2 117.2 117.2 117.2 117.2 117.2 117.2 117.2 117.2 117.2 117.2 117.2 117.2 117.2 117.2 117.2 117.2 117.2 117.2 117.2 
143 143 143 143 143 143 143 143 143 143 143 132.1 132.1 132.1 132.1 132.1 132.1 132.1 132.1 132.1 132.1 132.1 132.1 132.1 132.1 132.1 132.1 132.1 132.1 132.1 132.1 132.1 132.1 132.1 132.1 132.1 132.1 132.1 132.1 132.1 132.1 132.1 132.1 132.1 132.1 132.1 132.1 132.1 132.1 132.1 132.1 132.1 132.1 132.1 132.1 132.1 132.1 132.1 132.1 132.1 132.1 132.1 132.1 132.1 132.1 132.1 132.1 132.1 132.1 132.1 132.1 117.2 117.2 117.2 117.2 117.2 117.2 117.2 117.2 117.2 117.2 117.2 117.2 117.2 117.2 117.2 117.2 117.2 117.2 117.2 117.2 117.2 117.2 117.2 117.2 117.2 117.2 117.2 117.2 117.2 
143 143 143 143 143 143 143 143 143 143 143 132.1 132.1 132.1 132.1 132.1 132.1 132.1 132.1 132.1 132.1 132.1 132.1 132.1 132.1 132.1 132.1 132.1 132.1 132.1 132.1 132.1 132.1 132.1 132.1 132.1 132.1 132.1 132.1 132.1 132.1 132.1 132.1 132.1 132.1 132.1 132.1 132.1 132.1 132.1 132.1 132.1 132.1 132.1 132.1 132.1 132.1 132.1 132.1 132.1 132.1 132.1 132.1 132.1 132.1 132.1 132.1 132.1 132.1 132.1 132.1 117.2 117.2 117.2 117.2 117.2 117.2 117.2 117.2 117.2 117.2 117.2 117.2 117.2 117.2 117.2 117.2 117.2 117.2 117.2 117.2 117.2 117.2 117.2 117.2 117.2 117.2 117.2 117.2 117.2 
143 143 143 143 143 143 143 143 143 143 143 132.1 132.1 132.1 132.1 132.1 132.1 132.1 132.1 132.1 132.1 132.1 132.1 132.1 132.1 132.1 132.1 132.1 132.1 132.1 132.1 132.1 132.1 132.1 132.1 132.1 132.1 132.1 132.1 132.1 132.1 132.1 132.1 132.1 132.1 132.1 132.1 132.1 132.1 132.1 132.1 132.1 132.1 132.1 132.1 132.1 132.1 132.1 132.1 132.1 132.1 132.1 132.1 132.1 132.1 132.1 132.1 132.1 132.1 132.1 132.1 117.2 117.2 117.2 117.2 117.2 117.2 117.2 117.2 117.2 117.2 117.2 117.2 117.2 117.2 117.2 117.2 117.2 117.2 117.2 117.2 117.2 117.2 117.2 117.2 117.2 117.2 117.2 117.2 117.2 
143 143 143 143 143 143 143 143 143 143 143 132.1 132.1 132.1 132.1 132.1 132.1 132.1 132.1 132.1 132.1 132.1 132.1 132.1 132.1 132.1 132.1 132.1 132.1 132.1 132.1 132.1 132.1 132.1 132.1 132.1 132.1 132.1 132.1 132.1 132.1 132.1 132.1 132.1 132.1 132.1 132.1 132.1 132.1 132.1 132.1 132.1 132.1 132.1 132.1 132.1 132.1 132.1 132.1 132.1 132.1 132.1 132.1 132.1 132.1 132.1 132.1 132.1 132.1 132.1 132.1 117.2 117.2 117.2 117.2 117.2 117.2 117.2 117.2 117.2 117.2 117.2 117.2 117.2 117.2 117.2 117.2 117.2 117.2 117.2 117.2 117.2 117.2 117.2 117.2 117.2 117.2 117.2 117.2 117.2 
143 143 143 143 143 143 143 143 143 143 143 132.1 132.1 132.1 132.1 132.1 132.1 132.1 132.1 132.1 132.1 132.1 132.1 132.1 132.1 132.1 132.1 132.1 132.1 132.1 132.1 132.1 132.1 132.1 132.1 132.1 132.1 132.1 132.1 132.1 132.1 132.1 132.1 132.1 132.1 132.1 132.1 132.1 132.1 132.1 132.1 132.1 132.1 132.1 132.1 132.1 132.1 132.1 132.1 132.1 132.1 132.1 132.1 132.1 132.1 132.1 132.1 132.1 132.1 132.1 132.1 117.2 117.2 117.2 117.2 117.2 117.2 117.2 117.2 117.2 117.2 117.2 117.2 117.2 117.2 117.2 117.2 117.2 117.2 117.2 117.2 117.2 117.2 117.2 117.2 117.2 117.2 117.2 117.2 117.2 
143 143 143 143 143 143 143 143 143 143 143 132.1 132.1 132.1 132.1 132.1 132.1 132.1 132.1 132.1 132.1 132.1 132.1 132.1 132.1 132.1 132.1 132.1 132.1 132.1 132.1 132.1 132.1 132.1 132.1 132.1 132.1 132.1 132.1 132.1 132.1 132.1 132.1 132.1 132.1 132.1 132.1 132.1 132.1 132.1 132.1 132.1 132.1 132.1 132.1 132.1 132.1 132.1 132.1 132.1 132.1 132.1 132.1 132.1 132.1 132.1 132.1 132.1 132.1 132.1 132.1 117.2 117.2 117.2 117.2 117.2 117.2 117.2 117.2 117.2 117.2 117.2 117.2 117.2 117.2 117.2 117.2 117.2 117.2 117.2 117.2 117.2 117.2 117.2 117.2 117.2 117.2 117.2 117.2 117.2 
143 143 143 143 143 143 143 143 143 143 143 132.1 132.1 132.1 132.1 132.1 132.1 132.1 132.1 132.1 132.1 132.1 132.1 132.1 132.1 132.1 132.1 132.1 132.1 132.1 132.1 132.1 132.1 132.1 132.1 132.1 132.1 132.1 132.1 132.1 132.1 132.1 132.1 132.1 132.1 132.1 132.1 132.1 132.1 132.1 132.1 132.1 132.1 132.1 132.1 132.1 132.1 132.1 132.1 132.1 132.1 132.1 132.1 132.1 132.1 132.1 132.1 132.1 132.1 132.1 132.1 117.2 117.2 117.2 117.2 117.2 117.2 117.2 117.2 117.2 117.2 117.2 117.2 117.2 117.2 117.2 117.2 117.2 117.2 117.2 117.2 117.2 117.2 117.2 117.2 117.2 117.2 117.2 117.2 117.2 
143 143 143 143 143 143 143 143 143 143 143 132.1 132.1 132.1 132.1 132.1 132.1 132.1 132.1 132.1 132.1 132.1 132.1 132.1 132.1 132.1 132.1 132.1 132.1 132.1 132.1 132.1 132.1 132.1 132.1 132.1 132.1 132.1 132.1 132.1 132.1 132.1 132.1 132.1 132.1 132.1 132.1 132.1 132.1 132.1 132.1 132.1 132.1 132.1 132.1 132.1 132.1 132.1 132.1 132.1 132.1 132.1 132.1 132.1 132.1 132.1 132.1 132.1 132.1 132.1 132.1 117.2 117.2 117.2 117.2 117.2 117.2 117.2 117.2 117.2 117.2 117.2 117.2 117.2 117.2 117.2 117.2 117.2 117.2 117.2 117.2 117.2 117.2 117.2 117.2 117.2 117.2 117.2 117.2 117.2 
143 143 143 143 143 143 143 143 143 143 143 132.1 132.1 132.1 132.1 132.1 132.1 132.1 132.1 132.1 132.1 132.1 132.1 132.1 132.1 132.1 132.1 132.1 132.1 132.1 132.1 132.1 132.1 132.1 132.1 132.1 132.1 132.1 132.1 132.1 132.1 132.1 132.1 132.1 132.1 132.1 132.1 132.1 132.1 132.1 132.1 132.1 132.1 132.1 132.1 132.1 132.1 132.1 132.1 132.1 132.1 132.1 132.1 132.1 132.1 132.1 132.1 132.1 132.1 132.1 132.1 117.2 117.2 117.2 117.2 117.2 117.2 117.2 117.2 117.2 117.2 117.2 117.2 117.2 117.2 117.2 117.2 117.2 117.2 117.2 117.2 117.2 117.2 117.2 117.2 117.2 117.2 117.2 117.2 117.2 
143 143 143 143 143 143 143 143 143 143 143 132.1 132.1 132.1 132.1 132.1 132.1 132.1 132.1 132.1 132.1 132.1 132.1 132.1 132.1 132.1 132.1 132.1 132.1 132.1 132.1 132.1 132.1 132.1 132.1 132.1 132.1 132.1 132.1 132.1 132.1 132.1 132.1 132.1 132.1 132.1 132.1 132.1 132.1 132.1 132.1 132.1 132.1 132.1 132.1 132.1 132.1 132.1 132.1 132.1 132.1 132.1 132.1 132.1 132.1 132.1 132.1 132.1 132.1 132.1 132.1 117.2 117.2 117.2 117.2 117.2 117.2 117.2 117.2 117.2 117.2 117.2 117.2 117.2 117.2 117.2 117.2 117.2 117.2 117.2 117.2 117.2 117.2 117.2 117.2 117.2 117.2 117.2 117.2 117.2 
143 143 143 143 143 143 143 143 143 143 143 132.1 132.1 132.1 132.1 132.1 132.1 132.1 132.1 132.1 132.1 132.1 132.1 132.1 132.1 132.1 132.1 132.1 132.1 132.1 132.1 132.1 132.1 132.1 132.1 132.1 132.1 132.1 132.1 132.1 132.1 132.1 132.1 132.1 132.1 132.1 132.1 132.1 132.1 132.1 132.1 132.1 132.1 132.1 132.1 132.1 132.1 132.1 132.1 132.1 132.1 132.1 132.1 132.1 132.1 132.1 132.1 132.1 132.1 132.1 132.1 117.2 117.2 117.2 117.2 117.2 117.2 117.2 117.2 117.2 117.2 117.2 117.2 117.2 117.2 117.2 117.2 117.2 117.2 117.2 117.2 117.2 117.2 117.2 117.2 117.2 117.2 117.2 117.2 117.2 
143 143 143 143 143 143 143 143 143 143 143 132.1 132.1 132.1 132.1 132.1 132.1 132.1 132.1 132.1 132.1 132.1 132.1 132.1 132.1 132.1 132.1 132.1 132.1 132.1 132.1 132.1 132.1 132.1 132.1 132.1 132.1 132.1 132.1 132.1 132.1 132.1 132.1 132.1 132.1 132.1 132.1 132.1 132.1 132.1 132.1 132.1 132.1 132.1 132.1 132.1 132.1 132.1 132.1 132.1 132.1 132.1 132.1 132.1 132.1 132.1 132.1 132.1 132.1 132.1 132.1 117.2 117.2 117.2 117.2 117.2 117.2 117.2 117.2 117.2 117.2 117.2 117.2 117.2 117.2 117.2 117.2 117.2 117.2 117.2 117.2 117.2 117.2 117.2 117.2 117.2 117.2 117.2 117.2 117.2 
143 143 143 143 143 143 143 143 143 143 143 132.1 132.1 132.1 132.1 132.1 132.1 132.1 132.1 132.1 132.1 132.1 132.1 132.1 132.1 132.1 132.1 132.1 132.1 132.1 132.1 132.1 132.1 132.1 132.1 132.1 132.1 132.1 132.1 132.1 132.1 132.1 132.1 132.1 132.1 132.1 132.1 132.1 132.1 132.1 132.1 132.1 132.1 132.1 132.1 132.1 132.1 132.1 132.1 132.1 132.1 132.1 132.1 132.1 132.1 132.1 132.1 132.1 132.1 132.1 132.1 117.2 117.2 117.2 117.2 117.2 117.2 117.2 117.2 117.2 117.2 117.2 117.2 117.2 117.2 117.2 117.2 117.2 117.2 117.2 117.2 117.2 117.2 117.2 117.2 117.2 117.2 117.2 117.2 117.2 
143 143 143 143 143 143 143 143 143 143 143 132.1 132.1 132.1 132.1 132.1 132.1 132.1 132.1 132.1 132.1 132.1 132.1 132.1 132.1 132.1 132.1 132.1 132.1 132.1 132.1 132.1 132.1 132.1 132.1 132.1 132.1 132.1 132.1 132.1 132.1 132.1 132.1 132.1 132.1 132.1 132.1 132.1 132.1 132.1 132.1 132.1 132.1 132.1 132.1 132.1 132.1 132.1 132.1 132.1 132.1 132.1 132.1 132.1 132.1 132.1 132.1 132.1 132.1 132.1 132.1 117.2 117.2 117.2 117.2 117.2 117.2 117.2 117.2 117.2 117.2 117.2 117.2 117.2 117.2 117.2 117.2 117.2 117.2 117.2 117.2 117.2 117.2 117.2 117.2 117.2 117.2 117.2 117.2 117.2 
143 143 143 143 143 143 143 143 143 143 143 132.1 132.1 132.1 132.1 132.1 132.1 132.1 132.1 132.1 132.1 132.1 132.1 132.1 132.1 132.1 132.1 132.1 132.1 132.1 132.1 132.1 132.1 132.1 132.1 132.1 132.1 132.1 132.1 132.1 132.1 132.1 132.1 132.1 132.1 132.1 132.1 132.1 132.1 132.1 132.1 132.1 132.1 132.1 132.1 132.1 132.1 132.1 132.1 132.1 132.1 132.1 132.1 132.1 132.1 132.1 132.1 132.1 132.1 132.1 132.1 117.2 117.2 117.2 117.2 117.2 117.2 117.2 117.2 117.2 117.2 117.2 117.2 117.2 117.2 117.2 117.2 117.2 117.2 117.2 117.2 117.2 117.2 117.2 117.2 117.2 117.2 117.2 117.2 117.2 
143 143 143 143 143 143 143 143 143 143 143 132.1 132.1 132.1 132.1 132.1 132.1 132.1 132.1 132.1 132.1 132.1 132.1 132.1 132.1 132.1 132.1 132.1 132.1 132.1 132.1 132.1 132.1 132.1 132.1 132.1 132.1 132.1 132.1 132.1 132.1 132.1 132.1 132.1 132.1 132.1 132.1 132.1 132.1 132.1 132.1 132.1 132.1 132.1 132.1 132.1 132.1 132.1 132.1 132.1 132.1 132.1 132.1 132.1 132.1 132.1 132.1 132.1 132.1 132.1 132.1 117.2 117.2 117.2 117.2 117.2 117.2 117.2 117.2 117.2 117.2 117.2 117.2 117.2 117.2 117.2 117.2 117.2 117.2 117.2 117.2 117.2 117.2 117.2 117.2 117.2 117.2 117.2 117.2 117.2 
143 143 143 143 143 143 143 143 143 143 143 132.1 132.1 132.1 132.1 132.1 132.1 132.1 132.1 132.1 132.1 132.1 132.1 132.1 132.1 132.1 132.1 132.1 132.1 132.1 132.1 132.1 132.1 132.1 132.1 132.1 132.1 132.1 132.1 132.1 132.1 132.1 132.1 132.1 132.1 132.1 132.1 132.1 132.1 132.1 132.1 132.1 132.1 132.1 132.1 132.1 132.1 132.1 132.1 132.1 132.1 132.1 132.1 132.1 132.1 132.1 132.1 132.1 132.1 132.1 132.1 117.2 117.2 117.2 117.2 117.2 117.2 117.2 117.2 117.2 117.2 117.2 117.2 117.2 117.2 117.2 117.2 117.2 117.2 117.2 117.2 117.2 117.2 117.2 117.2 117.2 117.2 117.2 117.2 117.2 
143 143 143 143 143 143 143 143 143 143 143 132.1 132.1 132.1 132.1 132.1 132.1 132.1 132.1 132.1 132.1 132.1 132.1 132.1 132.1 132.1 132.1 132.1 132.1 132.1 132.1 132.1 132.1 132.1 132.1 132.1 132.1 132.1 132.1 132.1 132.1 132.1 132.1 132.1 132.1 132.1 132.1 132.1 132.1 132.1 132.1 132.1 132.1 132.1 132.1 132.1 132.1 132.1 132.1 132.1 132.1 132.1 132.1 132.1 132.1 132.1 132.1 132.1 132.1 132.1 132.1 117.2 117.2 117.2 117.2 117.2 117.2 117.2 117.2 117.2 117.2 117.2 117.2 117.2 117.2 117.2 117.2 117.2 117.2 117.2 117.2 117.2 117.2 117.2 117.2 117.2 117.2 117.2 117.2 117.2 
143 143 143 143 143 143 143 143 143 143 143 132.1 132.1 132.1 132.1 132.1 132.1 132.1 132.1 132.1 132.1 132.1 132.1 132.1 132.1 132.1 132.1 132.1 132.1 132.1 132.1 132.1 132.1 132.1 132.1 132.1 132.1 132.1 132.1 132.1 132.1 132.1 132.1 132.1 132.1 132.1 132.1 132.1 132.1 132.1 132.1 132.1 132.1 132.1 132.1 132.1 132.1 132.1 132.1 132.1 132.1 132.1 132.1 132.1 132.1 132.1 132.1 132.1 132.1 132.1 132.1 117.2 117.2 117.2 117.2 117.2 117.2 117.2 117.2 117.2 117.2 117.2 117.2 117.2 117.2 117.2 117.2 117.2 117.2 117.2 117.2 117.2 117.2 117.2 117.2 117.2 117.2 117.2 117.2 117.2 
143 143 143 143 143 143 143 143 143 143 143 132.1 132.1 132.1 132.1 132.1 132.1 132.1 132.1 132.1 132.1 132.1 132.1 132.1 132.1 132.1 132.1 132.1 132.1 132.1 132.1 132.1 132.1 132.1 132.1 132.1 132.1 132.1 132.1 132.1 132.1 132.1 132.1 132.1 132.1 132.1 132.1 132.1 132.1 132.1 132.1 132.1 132.1 132.1 132.1 132.1 132.1 132.1 132.1 132.1 132.1 132.1 132.1 132.1 132.1 132.1 132.1 132.1 132.1 132.1 132.1 117.2 117.2 117.2 117.2 117.2 117.2 117.2 117.2 117.2 117.2 117.2 117.2 117.2 117.2 117.2 117.2 117.2 117.2 117.2 117.2 117.2 117.2 117.2 117.2 117.2 117.2 117.2 117.2 117.2 
143 143 143 143 143 143 143 143 143 143 143 132.1 132.1 132.1 132.1 132.1 132.1 132.1 132.1 132.1 132.1 132.1 132.1 132.1 132.1 132.1 132.1 132.1 132.1 132.1 132.1 132.1 132.1 132.1 132.1 132.1 132.1 132.1 132.1 132.1 132.1 132.1 132.1 132.1 132.1 132.1 132.1 132.1 132.1 132.1 132.1 132.1 132.1 132.1 132.1 132.1 132.1 132.1 132.1 132.1 132.1 132.1 132.1 132.1 132.1 132.1 132.1 132.1 132.1 132.1 132.1 117.2 117.2 117.2 117.2 117.2 117.2 117.2 117.2 117.2 117.2 117.2 117.2 117.2 117.2 117.2 117.2 117.2 117.2 117.2 117.2 117.2 117.2 117.2 117.2 117.2 117.2 117.2 117.2 117.2 
143 143 143 143 143 143 143 143 143 143 143 132.1 132.1 132.1 132.1 132.1 132.1 132.1 132.1 132.1 132.1 132.1 132.1 132.1 132.1 132.1 132.1 132.1 132.1 132.1 132.1 132.1 132.1 132.1 132.1 132.1 132.1 132.1 132.1 132.1 132.1 132.1 132.1 132.1 132.1 132.1 132.1 132.1 132.1 132.1 132.1 132.1 132.1 132.1 132.1 132.1 132.1 132.1 132.1 132.1 132.1 132.1 132.1 132.1 132.1 132.1 132.1 132.1 132.1 132.1 132.1 117.2 117.2 117.2 117.2 117.2 117.2 117.2 117.2 117.2 117.2 117.2 117.2 117.2 117.2 117.2 117.2 117.2 117.2 117.2 117.2 117.2 117.2 117.2 117.2 117.2 117.2 117.2 117.2 117.2 
143 143 143 143 143 143 143 143 143 143 143 132.1 132.1 132.1 132.1 132.1 132.1 132.1 132.1 132.1 132.1 132.1 132.1 132.1 132.1 132.1 132.1 132.1 132.1 132.1 132.1 132.1 132.1 132.1 132.1 132.1 132.1 132.1 132.1 132.1 132.1 132.1 132.1 132.1 132.1 132.1 132.1 132.1 132.1 132.1 132.1 132.1 132.1 132.1 132.1 132.1 132.1 132.1 132.1 132.1 132.1 132.1 132.1 132.1 132.1 132.1 132.1 132.1 132.1 132.1 132.1 117.2 117.2 117.2 117.2 117.2 117.2 117.2 117.2 117.2 117.2 117.2 117.2 117.2 117.2 117.2 117.2 117.2 117.2 117.2 117.2 117.2 117.2 117.2 117.2 117.2 117.2 117.2 117.2 117.2 
143 143 143 143 143 143 143 143 143 143 143 132.1 132.1 132.1 132.1 132.1 132.1 132.1 132.1 132.1 132.1 132.1 132.1 132.1 132.1 132.1 132.1 132.1 132.1 132.1 132.1 132.1 132.1 132.1 132.1 132.1 132.1 132.1 132.1 132.1 132.1 132.1 132.1 132.1 132.1 132.1 132.1 132.1 132.1 132.1 132.1 132.1 132.1 132.1 132.1 132.1 132.1 132.1 132.1 132.1 132.1 132.1 132.1 132.1 132.1 132.1 132.1 132.1 132.1 132.1 132.1 117.2 117.2 117.2 117.2 117.2 117.2 117.2 117.2 117.2 117.2 117.2 117.2 117.2 117.2 117.2 117.2 117.2 117.2 117.2 117.2 117.2 117.2 117.2 117.2 117.2 117.2 117.2 117.2 117.2 
143 143 143 143 143 143 143 143 143 143 143 132.1 132.1 132.1 132.1 132.1 132.1 132.1 132.1 132.1 132.1 132.1 132.1 132.1 132.1 132.1 132.1 132.1 132.1 132.1 132.1 132.1 132.1 132.1 132.1 132.1 132.1 132.1 132.1 132.1 132.1 132.1 132.1 132.1 132.1 132.1 132.1 132.1 132.1 132.1 132.1 132.1 132.1 132.1 132.1 132.1 132.1 132.1 132.1 132.1 132.1 132.1 132.1 132.1 132.1 132.1 132.1 132.1 132.1 132.1 132.1 117.2 117.2 117.2 117.2 117.2 117.2 117.2 117.2 117.2 117.2 117.2 117.2 117.2 117.2 117.2 117.2 117.2 117.2 117.2 117.2 117.2 117.2 117.2 117.2 117.2 117.2 117.2 117.2 117.2 
143 143 143 143 143 143 143 143 143 143 143 132.1 132.1 132.1 132.1 132.1 132.1 132.1 132.1 132.1 132.1 132.1 132.1 132.1 132.1 132.1 132.1 132.1 132.1 132.1 132.1 132.1 132.1 132.1 132.1 132.1 132.1 132.1 132.1 132.1 132.1 132.1 132.1 132.1 132.1 132.1 132.1 132.1 132.1 132.1 132.1 132.1 132.1 132.1 132.1 132.1 132.1 132.1 132.1 132.1 132.1 132.1 132.1 132.1 132.1 132.1 132.1 132.1 132.1 132.1 132.1 117.2 117.2 117.2 117.2 117.2 117.2 117.2 117.2 117.2 117.2 117.2 117.2 117.2 117.2 117.2 117.2 117.2 117.2 117.2 117.2 117.2 117.2 117.2 117.2 117.2 117.2 117.2 117.2 117.2 
143 143 143 143 143 143 143 143 143 143 143 132.1 132.1 132.1 132.1 132.1 132.1 132.1 132.1 132.1 132.1 132.1 132.1 132.1 132.1 132.1 132.1 132.1 132.1 132.1 132.1 132.1 132.1 132.1 132.1 132.1 132.1 132.1 132.1 132.1 132.1 132.1 132.1 132.1 132.1 132.1 132.1 132.1 132.1 132.1 132.1 132.1 132.1 132.1 132.1 132.1 132.1 132.1 132.1 132.1 132.1 132.1 132.1 132.1 132.1 132.1 132.1 132.1 132.1 132.1 132.1 117.2 117.2 117.2 117.2 117.2 117.2 117.2 117.2 117.2 117.2 117.2 117.2 117.2 117.2 117.2 117.2 117.2 117.2 117.2 117.2 117.2 117.2 117.2 117.2 117.2 117.2 117.2 117.2 117.2 
143 143 143 143 143 143 143 143 143 143 143 132.1 132.1 132.1 132.1 132.1 132.1 132.1 132.1 132.1 132.1 132.1 132.1 132.1 132.1 132.1 132.1 132.1 132.1 132.1 132.1 132.1 132.1 132.1 132.1 132.1 132.1 132.1 132.1 132.1 132.1 132.1 132.1 132.1 132.1 132.1 132.1 132.1 132.1 132.1 132.1 132.1 132.1 132.1 132.1 132.1 132.1 132.1 132.1 132.1 132.1 132.1 132.1 132.1 132.1 132.1 132.1 132.1 132.1 132.1 132.1 117.2 117.2 117.2 117.2 117.2 117.2 117.2 117.2 117.2 117.2 117.2 117.2 117.2 117.2 117.2 117.2 117.2 117.2 117.2 117.2 117.2 117.2 117.2 117.2 117.2 117.2 117.2 117.2 117.2 
143 143 143 143 143 143 143 143 143 143 143 132.1 132.1 132.1 132.1 132.1 132.1 132.1 132.1 132.1 132.1 132.1 132.1 132.1 132.1 132.1 132.1 132.1 132.1 132.1 132.1 132.1 132.1 132.1 132.1 132.1 132.1 132.1 132.1 132.1 132.1 132.1 132.1 132.1 132.1 132.1 132.1 132.1 132.1 132.1 132.1 132.1 132.1 132.1 132.1 132.1 132.1 132.1 132.1 132.1 132.1 132.1 132.1 132.1 132.1 132.1 132.1 132.1 132.1 132.1 132.1 117.2 117.2 117.2 117.2 117.2 117.2 117.2 117.2 117.2 117.2 117.2 117.2 117.2 117.2 117.2 117.2 117.2 117.2 117.2 117.2 117.2 117.2 117.2 117.2 117.2 117.2 117.2 117.2 117.2 
143 143 143 143 143 143 143 143 143 143 143 132.1 132.1 132.1 132.1 132.1 132.1 132.1 132.1 132.1 132.1 132.1 132.1 132.1 132.1 132.1 132.1 132.1 132.1 132.1 132.1 132.1 132.1 132.1 132.1 132.1 132.1 132.1 132.1 132.1 132.1 132.1 132.1 132.1 132.1 132.1 132.1 132.1 132.1 132.1 132.1 132.1 132.1 132.1 132.1 132.1 132.1 132.1 132.1 132.1 132.1 132.1 132.1 132.1 132.1 132.1 132.1 132.1 132.1 132.1 132.1 117.2 117.2 117.2 117.2 117.2 117.2 117.2 117.2 117.2 117.2 117.2 117.2 117.2 117.2 117.2 117.2 117.2 117.2 117.2 117.2 117.2 117.2 117.2 117.2 117.2 117.2 117.2 117.2 117.2 
143 143 143 143 143 143 143 143 143 143 143 132.1 132.1 132.1 132.1 132.1 132.1 132.1 132.1 132.1 132.1 132.1 132.1 132.1 132.1 132.1 132.1 132.1 132.1 132.1 132.1 132.1 132.1 132.1 132.1 132.1 132.1 132.1 132.1 132.1 132.1 132.1 132.1 132.1 132.1 132.1 132.1 132.1 132.1 132.1 132.1 132.1 132.1 132.1 132.1 132.1 132.1 132.1 132.1 132.1 132.1 132.1 132.1 132.1 132.1 132.1 132.1 132.1 132.1 132.1 132.1 117.2 117.2 117.2 117.2 117.2 117.2 117.2 117.2 117.2 117.2 117.2 117.2 117.2 117.2 117.2 117.2 117.2 117.2 117.2 117.2 117.2 117.2 117.2 117.2 117.2 117.2 117.2 117.2 117.2 
143 143 143 143 143 143 143 143 143 143 143 132.1 132.1 132.1 132.1 132.1 132.1 132.1 132.1 132.1 132.1 132.1 132.1 132.1 132.1 132.1 132.1 132.1 132.1 132.1 132.1 132.1 132.1 132.1 132.1 132.1 132.1 132.1 132.1 132.1 132.1 132.1 132.1 132.1 132.1 132.1 132.1 132.1 132.1 132.1 132.1 132.1 132.1 132.1 132.1 132.1 132.1 132.1 132.1 132.1 132.1 132.1 132.1 132.1 132.1 132.1 132.1 132.1 132.1 132.1 132.1 117.2 117.2 117.2 117.2 117.2 117.2 117.2 117.2 117.2 117.2 117.2 117.2 117.2 117.2 117.2 117.2 117.2 117.2 117.2 117.2 117.2 117.2 117.2 117.2 117.2 117.2 117.2 117.2 117.2 
143 143 143 143 143 143 143 143 143 143 143 132.1 132.1 132.1 132.1 132.1 132.1 132.1 132.1 132.1 132.1 132.1 132.1 132.1 132.1 132.1 132.1 132.1 132.1 132.1 132.1 132.1 132.1 132.1 132.1 132.1 132.1 132.1 132.1 132.1 132.1 132.1 132.1 132.1 132.1 132.1 132.1 132.1 132.1 132.1 132.1 132.1 132.1 132.1 132.1 132.1 132.1 132.1 132.1 132.1 132.1 132.1 132.1 132.1 132.1 132.1 132.1 132.1 132.1 132.1 132.1 117.2 117.2 117.2 117.2 117.2 117.2 117.2 117.2 117.2 117.2 117.2 117.2 117.2 117.2 117.2 117.2 117.2 117.2 117.2 117.2 117.2 117.2 117.2 117.2 117.2 117.2 117.2 117.2 117.2 
143 143 143 143 143 143 143 143 143 143 143 132.1 132.1 132.1 132.1 132.1 132.1 132.1 132.1 132.1 132.1 132.1 132.1 132.1 132.1 132.1 132.1 132.1 132.1 132.1 132.1 132.1 132.1 132.1 132.1 132.1 132.1 132.1 132.1 132.1 132.1 132.1 132.1 132.1 132.1 132.1 132.1 132.1 132.1 132.1 132.1 132.1 132.1 132.1 132.1 132.1 132.1 132.1 132.1 132.1 132.1 132.1 132.1 132.1 132.1 132.1 132.1 132.1 132.1 132.1 132.1 117.2 117.2 117.2 117.2 117.2 117.2 117.2 117.2 117.2 117.2 117.2 117.2 117.2 117.2 117.2 117.2 117.2 117.2 117.2 117.2 117.2 117.2 117.2 117.2 117.2 117.2 117.2 117.2 117.2 
143 143 143 143 143 143 143 143 143 143 143 132.1 132.1 132.1 132.1 132.1 132.1 132.1 132.1 132.1 132.1 132.1 132.1 132.1 132.1 132.1 132.1 132.1 132.1 132.1 132.1 132.1 132.1 132.1 132.1 132.1 132.1 132.1 132.1 132.1 132.1 132.1 132.1 132.1 132.1 132.1 132.1 132.1 132.1 132.1 132.1 132.1 132.1 132.1 132.1 132.1 132.1 132.1 132.1 132.1 132.1 132.1 132.1 132.1 132.1 132.1 132.1 132.1 132.1 132.1 132.1 117.2 117.2 117.2 117.2 117.2 117.2 117.2 117.2 117.2 117.2 117.2 117.2 117.2 117.2 117.2 117.2 117.2 117.2 117.2 117.2 117.2 117.2 117.2 117.2 117.2 117.2 117.2 117.2 117.2 
143 143 143 143 143 143 143 143 143 143 143 132.1 132.1 132.1 132.1 132.1 132.1 132.1 132.1 132.1 132.1 132.1 132.1 132.1 132.1 132.1 132.1 132.1 132.1 132.1 132.1 132.1 132.1 132.1 132.1 132.1 132.1 132.1 132.1 132.1 132.1 132.1 132.1 132.1 132.1 132.1 132.1 132.1 132.1 132.1 132.1 132.1 132.1 132.1 132.1 132.1 132.1 132.1 132.1 132.1 132.1 132.1 132.1 132.1 132.1 132.1 132.1 132.1 132.1 132.1 132.1 117.2 117.2 117.2 117.2 117.2 117.2 117.2 117.2 117.2 117.2 117.2 117.2 117.2 117.2 117.2 117.2 117.2 117.2 117.2 117.2 117.2 117.2 117.2 117.2 117.2 117.2 117.2 117.2 117.2 
143 143 143 143 143 143 143 143 143 143 143 132.1 132.1 132.1 132.1 132.1 132.1 132.1 132.1 132.1 132.1 132.1 132.1 132.1 132.1 132.1 132.1 132.1 132.1 132.1 132.1 132.1 132.1 132.1 132.1 132.1 132.1 132.1 132.1 132.1 132.1 132.1 132.1 132.1 132.1 132.1 132.1 132.1 132.1 132.1 132.1 132.1 132.1 132.1 132.1 132.1 132.1 132.1 132.1 132.1 132.1 132.1 132.1 132.1 132.1 132.1 132.1 132.1 132.1 132.1 132.1 117.2 117.2 117.2 117.2 117.2 117.2 117.2 117.2 117.2 117.2 117.2 117.2 117.2 117.2 117.2 117.2 117.2 117.2 117.2 117.2 117.2 117.2 117.2 117.2 117.2 117.2 117.2 117.2 117.2 
143 143 143 143 143 143 143 143 143 143 143 132.1 132.1 132.1 132.1 132.1 132.1 132.1 132.1 132.1 132.1 132.1 132.1 132.1 132.1 132.1 132.1 132.1 132.1 132.1 132.1 132.1 132.1 132.1 132.1 132.1 132.1 132.1 132.1 132.1 132.1 132.1 132.1 132.1 132.1 132.1 132.1 132.1 132.1 132.1 132.1 132.1 132.1 132.1 132.1 132.1 132.1 132.1 132.1 132.1 132.1 132.1 132.1 132.1 132.1 132.1 132.1 132.1 132.1 132.1 132.1 117.2 117.2 117.2 117.2 117.2 117.2 117.2 117.2 117.2 117.2 117.2 117.2 117.2 117.2 117.2 117.2 117.2 117.2 117.2 117.2 117.2 117.2 117.2 117.2 117.2 117.2 117.2 117.2 117.2 
143 143 143 143 143 143 143 143 143 143 143 132.1 132.1 132.1 132.1 132.1 132.1 132.1 132.1 132.1 132.1 132.1 132.1 132.1 132.1 132.1 132.1 132.1 132.1 132.1 132.1 132.1 132.1 132.1 132.1 132.1 132.1 132.1 132.1 132.1 132.1 132.1 132.1 132.1 132.1 132.1 132.1 132.1 132.1 132.1 132.1 132.1 132.1 132.1 132.1 132.1 132.1 132.1 132.1 132.1 132.1 132.1 132.1 132.1 132.1 132.1 132.1 132.1 132.1 132.1 132.1 117.2 117.2 117.2 117.2 117.2 117.2 117.2 117.2 117.2 117.2 117.2 117.2 117.2 117.2 117.2 117.2 117.2 117.2 117.2 117.2 117.2 117.2 117.2 117.2 117.2 117.2 117.2 117.2 117.2 
143 143 143 143 143 143 143 143 143 143 143 132.1 132.1 132.1 132.1 132.1 132.1 132.1 132.1 132.1 132.1 132.1 132.1 132.1 132.1 132.1 132.1 132.1 132.1 132.1 132.1 132.1 132.1 132.1 132.1 132.1 132.1 132.1 132.1 132.1 132.1 132.1 132.1 132.1 132.1 132.1 132.1 132.1 132.1 132.1 132.1 132.1 132.1 132.1 132.1 132.1 132.1 132.1 132.1 132.1 132.1 132.1 132.1 132.1 132.1 132.1 132.1 132.1 132.1 132.1 132.1 117.2 117.2 117.2 117.2 117.2 117.2 117.2 117.2 117.2 117.2 117.2 117.2 117.2 117.2 117.2 117.2 117.2 117.2 117.2 117.2 117.2 117.2 117.2 117.2 117.2 117.2 117.2 117.2 117.2 
143 143 143 143 143 143 143 143 143 143 143 132.1 132.1 132.1 132.1 132.1 132.1 132.1 132.1 132.1 132.1 132.1 132.1 132.1 132.1 132.1 132.1 132.1 132.1 132.1 132.1 132.1 132.1 132.1 132.1 132.1 132.1 132.1 132.1 132.1 132.1 132.1 132.1 132.1 132.1 132.1 132.1 132.1 132.1 132.1 132.1 132.1 132.1 132.1 132.1 132.1 132.1 132.1 132.1 132.1 132.1 132.1 132.1 132.1 132.1 132.1 132.1 132.1 132.1 132.1 132.1 117.2 117.2 117.2 117.2 117.2 117.2 117.2 117.2 117.2 117.2 117.2 117.2 117.2 117.2 117.2 117.2 117.2 117.2 117.2 117.2 117.2 117.2 117.2 117.2 117.2 117.2 117.2 117.2 117.2 
143 143 143 143 143 143 143 143 143 143 143 132.1 132.1 132.1 132.1 132.1 132.1 132.1 132.1 132.1 132.1 132.1 132.1 132.1 132.1 132.1 132.1 132.1 132.1 132.1 132.1 132.1 132.1 132.1 132.1 132.1 132.1 132.1 132.1 132.1 132.1 132.1 132.1 132.1 132.1 132.1 132.1 132.1 132.1 132.1 132.1 132.1 132.1 132.1 132.1 132.1 132.1 132.1 132.1 132.1 132.1 132.1 132.1 132.1 132.1 132.1 132.1 132.1 132.1 132.1 132.1 117.2 117.2 117.2 117.2 117.2 117.2 117.2 117.2 117.2 117.2 117.2 117.2 117.2 117.2 117.2 117.2 117.2 117.2 117.2 117.2 117.2 117.2 117.2 117.2 117.2 117.2 117.2 117.2 117.2 
171.7 171.7 171.7 171.7 171.7 171.7 171.7 171.7 171.7 171.7 171.7 159.1 159.1 159.1 159.1 159.1 159.1 159.1 159.1 159.1 159.1 159.1 159.1 159.1 159.1 159.1 159.1 159.1 159.1 159.1 159.1 159.1 159.1 159.1 159.1 159.1 159.1 159.1 159.1 159.1 159.1 159.1 159.1 159.1 159.1 159.1 159.1 159.1 159.1 159.1 159.1 159.1 159.1 159.1 159.1 159.1 159.1 159.1 159.1 159.1 159.1 159.1 159.1 159.1 159.1 159.1 159.1 159.1 159.1 159.1 159.1 137.9 137.9 137.9 137.9 137.9 137.9 137.9 137.9 137.9 137.9 137.9 137.9 137.9 137.9 137.9 137.9 137.9 137.9 137.9 137.9 137.9 137.9 137.9 137.9 137.9 137.9 137.9 137.9 137.9 
171.7 171.7 171.7 171.7 171.7 171.7 171.7 171.7 171.7 171.7 171.7 159.1 159.1 159.1 159.1 159.1 159.1 159.1 159.1 159.1 159.1 159.1 159.1 159.1 159.1 159.1 159.1 159.1 159.1 159.1 159.1 159.1 159.1 159.1 159.1 159.1 159.1 159.1 159.1 159.1 159.1 159.1 159.1 159.1 159.1 159.1 159.1 159.1 159.1 159.1 159.1 159.1 159.1 159.1 159.1 159.1 159.1 159.1 159.1 159.1 159.1 159.1 159.1 159.1 159.1 159.1 159.1 159.1 159.1 159.1 159.1 137.9 137.9 137.9 137.9 137.9 137.9 137.9 137.9 137.9 137.9 137.9 137.9 137.9 137.9 137.9 137.9 137.9 137.9 137.9 137.9 137.9 137.9 137.9 137.9 137.9 137.9 137.9 137.9 137.9 
171.7 171.7 171.7 171.7 171.7 171.7 171.7 171.7 171.7 171.7 171.7 159.1 159.1 159.1 159.1 159.1 159.1 159.1 159.1 159.1 159.1 159.1 159.1 159.1 159.1 159.1 159.1 159.1 159.1 159.1 159.1 159.1 159.1 159.1 159.1 159.1 159.1 159.1 159.1 159.1 159.1 159.1 159.1 159.1 159.1 159.1 159.1 159.1 159.1 159.1 159.1 159.1 159.1 159.1 159.1 159.1 159.1 159.1 159.1 159.1 159.1 159.1 159.1 159.1 159.1 159.1 159.1 159.1 159.1 159.1 159.1 137.9 137.9 137.9 137.9 137.9 137.9 137.9 137.9 137.9 137.9 137.9 137.9 137.9 137.9 137.9 137.9 137.9 137.9 137.9 137.9 137.9 137.9 137.9 137.9 137.9 137.9 137.9 137.9 137.9 
171.7 171.7 171.7 171.7 171.7 171.7 171.7 171.7 171.7 171.7 171.7 159.1 159.1 159.1 159.1 159.1 159.1 159.1 159.1 159.1 159.1 159.1 159.1 159.1 159.1 159.1 159.1 159.1 159.1 159.1 159.1 159.1 159.1 159.1 159.1 159.1 159.1 159.1 159.1 159.1 159.1 159.1 159.1 159.1 159.1 159.1 159.1 159.1 159.1 159.1 159.1 159.1 159.1 159.1 159.1 159.1 159.1 159.1 159.1 159.1 159.1 159.1 159.1 159.1 159.1 159.1 159.1 159.1 159.1 159.1 159.1 137.9 137.9 137.9 137.9 137.9 137.9 137.9 137.9 137.9 137.9 137.9 137.9 137.9 137.9 137.9 137.9 137.9 137.9 137.9 137.9 137.9 137.9 137.9 137.9 137.9 137.9 137.9 137.9 137.9 
171.7 171.7 171.7 171.7 171.7 171.7 171.7 171.7 171.7 171.7 171.7 159.1 159.1 159.1 159.1 159.1 159.1 159.1 159.1 159.1 159.1 159.1 159.1 159.1 159.1 159.1 159.1 159.1 159.1 159.1 159.1 159.1 159.1 159.1 159.1 159.1 159.1 159.1 159.1 159.1 159.1 159.1 159.1 159.1 159.1 159.1 159.1 159.1 159.1 159.1 159.1 159.1 159.1 159.1 159.1 159.1 159.1 159.1 159.1 159.1 159.1 159.1 159.1 159.1 159.1 159.1 159.1 159.1 159.1 159.1 159.1 137.9 137.9 137.9 137.9 137.9 137.9 137.9 137.9 137.9 137.9 137.9 137.9 137.9 137.9 137.9 137.9 137.9 137.9 137.9 137.9 137.9 137.9 137.9 137.9 137.9 137.9 137.9 137.9 137.9 
171.7 171.7 171.7 171.7 171.7 171.7 171.7 171.7 171.7 171.7 171.7 159.1 159.1 159.1 159.1 159.1 159.1 159.1 159.1 159.1 159.1 159.1 159.1 159.1 159.1 159.1 159.1 159.1 159.1 159.1 159.1 159.1 159.1 159.1 159.1 159.1 159.1 159.1 159.1 159.1 159.1 159.1 159.1 159.1 159.1 159.1 159.1 159.1 159.1 159.1 159.1 159.1 159.1 159.1 159.1 159.1 159.1 159.1 159.1 159.1 159.1 159.1 159.1 159.1 159.1 159.1 159.1 159.1 159.1 159.1 159.1 137.9 137.9 137.9 137.9 137.9 137.9 137.9 137.9 137.9 137.9 137.9 137.9 137.9 137.9 137.9 137.9 137.9 137.9 137.9 137.9 137.9 137.9 137.9 137.9 137.9 137.9 137.9 137.9 137.9 
171.7 171.7 171.7 171.7 171.7 171.7 171.7 171.7 171.7 171.7 171.7 159.1 159.1 159.1 159.1 159.1 159.1 159.1 159.1 159.1 159.1 159.1 159.1 159.1 159.1 159.1 159.1 159.1 159.1 159.1 159.1 159.1 159.1 159.1 159.1 159.1 159.1 159.1 159.1 159.1 159.1 159.1 159.1 159.1 159.1 159.1 159.1 159.1 159.1 159.1 159.1 159.1 159.1 159.1 159.1 159.1 159.1 159.1 159.1 159.1 159.1 159.1 159.1 159.1 159.1 159.1 159.1 159.1 159.1 159.1 159.1 137.9 137.9 137.9 137.9 137.9 137.9 137.9 137.9 137.9 137.9 137.9 137.9 137.9 137.9 137.9 137.9 137.9 137.9 137.9 137.9 137.9 137.9 137.9 137.9 137.9 137.9 137.9 137.9 137.9 
171.7 171.7 171.7 171.7 171.7 171.7 171.7 171.7 171.7 171.7 171.7 159.1 159.1 159.1 159.1 159.1 159.1 159.1 159.1 159.1 159.1 159.1 159.1 159.1 159.1 159.1 159.1 159.1 159.1 159.1 159.1 159.1 159.1 159.1 159.1 159.1 159.1 159.1 159.1 159.1 159.1 159.1 159.1 159.1 159.1 159.1 159.1 159.1 159.1 159.1 159.1 159.1 159.1 159.1 159.1 159.1 159.1 159.1 159.1 159.1 159.1 159.1 159.1 159.1 159.1 159.1 159.1 159.1 159.1 159.1 159.1 137.9 137.9 137.9 137.9 137.9 137.9 137.9 137.9 137.9 137.9 137.9 137.9 137.9 137.9 137.9 137.9 137.9 137.9 137.9 137.9 137.9 137.9 137.9 137.9 137.9 137.9 137.9 137.9 137.9 
171.7 171.7 171.7 171.7 171.7 171.7 171.7 171.7 171.7 171.7 171.7 159.1 159.1 159.1 159.1 159.1 159.1 159.1 159.1 159.1 159.1 159.1 159.1 159.1 159.1 159.1 159.1 159.1 159.1 159.1 159.1 159.1 159.1 159.1 159.1 159.1 159.1 159.1 159.1 159.1 159.1 159.1 159.1 159.1 159.1 159.1 159.1 159.1 159.1 159.1 159.1 159.1 159.1 159.1 159.1 159.1 159.1 159.1 159.1 159.1 159.1 159.1 159.1 159.1 159.1 159.1 159.1 159.1 159.1 159.1 159.1 137.9 137.9 137.9 137.9 137.9 137.9 137.9 137.9 137.9 137.9 137.9 137.9 137.9 137.9 137.9 137.9 137.9 137.9 137.9 137.9 137.9 137.9 137.9 137.9 137.9 137.9 137.9 137.9 137.9 
171.7 171.7 171.7 171.7 171.7 171.7 171.7 171.7 171.7 171.7 171.7 159.1 159.1 159.1 159.1 159.1 159.1 159.1 159.1 159.1 159.1 159.1 159.1 159.1 159.1 159.1 159.1 159.1 159.1 159.1 159.1 159.1 159.1 159.1 159.1 159.1 159.1 159.1 159.1 159.1 159.1 159.1 159.1 159.1 159.1 159.1 159.1 159.1 159.1 159.1 159.1 159.1 159.1 159.1 159.1 159.1 159.1 159.1 159.1 159.1 159.1 159.1 159.1 159.1 159.1 159.1 159.1 159.1 159.1 159.1 159.1 137.9 137.9 137.9 137.9 137.9 137.9 137.9 137.9 137.9 137.9 137.9 137.9 137.9 137.9 137.9 137.9 137.9 137.9 137.9 137.9 137.9 137.9 137.9 137.9 137.9 137.9 137.9 137.9 137.9 
171.7 171.7 171.7 171.7 171.7 171.7 171.7 171.7 171.7 171.7 171.7 159.1 159.1 159.1 159.1 159.1 159.1 159.1 159.1 159.1 159.1 159.1 159.1 159.1 159.1 159.1 159.1 159.1 159.1 159.1 159.1 159.1 159.1 159.1 159.1 159.1 159.1 159.1 159.1 159.1 159.1 159.1 159.1 159.1 159.1 159.1 159.1 159.1 159.1 159.1 159.1 159.1 159.1 159.1 159.1 159.1 159.1 159.1 159.1 159.1 159.1 159.1 159.1 159.1 159.1 159.1 159.1 159.1 159.1 159.1 159.1 137.9 137.9 137.9 137.9 137.9 137.9 137.9 137.9 137.9 137.9 137.9 137.9 137.9 137.9 137.9 137.9 137.9 137.9 137.9 137.9 137.9 137.9 137.9 137.9 137.9 137.9 137.9 137.9 137.9 
171.7 171.7 171.7 171.7 171.7 171.7 171.7 171.7 171.7 171.7 171.7 159.1 159.1 159.1 159.1 159.1 159.1 159.1 159.1 159.1 159.1 159.1 159.1 159.1 159.1 159.1 159.1 159.1 159.1 159.1 159.1 159.1 159.1 159.1 159.1 159.1 159.1 159.1 159.1 159.1 159.1 159.1 159.1 159.1 159.1 159.1 159.1 159.1 159.1 159.1 159.1 159.1 159.1 159.1 159.1 159.1 159.1 159.1 159.1 159.1 159.1 159.1 159.1 159.1 159.1 159.1 159.1 159.1 159.1 159.1 159.1 137.9 137.9 137.9 137.9 137.9 137.9 137.9 137.9 137.9 137.9 137.9 137.9 137.9 137.9 137.9 137.9 137.9 137.9 137.9 137.9 137.9 137.9 137.9 137.9 137.9 137.9 137.9 137.9 137.9 
171.7 171.7 171.7 171.7 171.7 171.7 171.7 171.7 171.7 171.7 171.7 159.1 159.1 159.1 159.1 159.1 159.1 159.1 159.1 159.1 159.1 159.1 159.1 159.1 159.1 159.1 159.1 159.1 159.1 159.1 159.1 159.1 159.1 159.1 159.1 159.1 159.1 159.1 159.1 159.1 159.1 159.1 159.1 159.1 159.1 159.1 159.1 159.1 159.1 159.1 159.1 159.1 159.1 159.1 159.1 159.1 159.1 159.1 159.1 159.1 159.1 159.1 159.1 159.1 159.1 159.1 159.1 159.1 159.1 159.1 159.1 137.9 137.9 137.9 137.9 137.9 137.9 137.9 137.9 137.9 137.9 137.9 137.9 137.9 137.9 137.9 137.9 137.9 137.9 137.9 137.9 137.9 137.9 137.9 137.9 137.9 137.9 137.9 137.9 137.9 
171.7 171.7 171.7 171.7 171.7 171.7 171.7 171.7 171.7 171.7 171.7 159.1 159.1 159.1 159.1 159.1 159.1 159.1 159.1 159.1 159.1 159.1 159.1 159.1 159.1 159.1 159.1 159.1 159.1 159.1 159.1 159.1 159.1 159.1 159.1 159.1 159.1 159.1 159.1 159.1 159.1 159.1 159.1 159.1 159.1 159.1 159.1 159.1 159.1 159.1 159.1 159.1 159.1 159.1 159.1 159.1 159.1 159.1 159.1 159.1 159.1 159.1 159.1 159.1 159.1 159.1 159.1 159.1 159.1 159.1 159.1 137.9 137.9 137.9 137.9 137.9 137.9 137.9 137.9 137.9 137.9 137.9 137.9 137.9 137.9 137.9 137.9 137.9 137.9 137.9 137.9 137.9 137.9 137.9 137.9 137.9 137.9 137.9 137.9 137.9 
171.7 171.7 171.7 171.7 171.7 171.7 171.7 171.7 171.7 171.7 171.7 159.1 159.1 159.1 159.1 159.1 159.1 159.1 159.1 159.1 159.1 159.1 159.1 159.1 159.1 159.1 159.1 159.1 159.1 159.1 159.1 159.1 159.1 159.1 159.1 159.1 159.1 159.1 159.1 159.1 159.1 159.1 159.1 159.1 159.1 159.1 159.1 159.1 159.1 159.1 159.1 159.1 159.1 159.1 159.1 159.1 159.1 159.1 159.1 159.1 159.1 159.1 159.1 159.1 159.1 159.1 159.1 159.1 159.1 159.1 159.1 137.9 137.9 137.9 137.9 137.9 137.9 137.9 137.9 137.9 137.9 137.9 137.9 137.9 137.9 137.9 137.9 137.9 137.9 137.9 137.9 137.9 137.9 137.9 137.9 137.9 137.9 137.9 137.9 137.9 
171.7 171.7 171.7 171.7 171.7 171.7 171.7 171.7 171.7 171.7 171.7 159.1 159.1 159.1 159.1 159.1 159.1 159.1 159.1 159.1 159.1 159.1 159.1 159.1 159.1 159.1 159.1 159.1 159.1 159.1 159.1 159.1 159.1 159.1 159.1 159.1 159.1 159.1 159.1 159.1 159.1 159.1 159.1 159.1 159.1 159.1 159.1 159.1 159.1 159.1 159.1 159.1 159.1 159.1 159.1 159.1 159.1 159.1 159.1 159.1 159.1 159.1 159.1 159.1 159.1 159.1 159.1 159.1 159.1 159.1 159.1 137.9 137.9 137.9 137.9 137.9 137.9 137.9 137.9 137.9 137.9 137.9 137.9 137.9 137.9 137.9 137.9 137.9 137.9 137.9 137.9 137.9 137.9 137.9 137.9 137.9 137.9 137.9 137.9 137.9 
171.7 171.7 171.7 171.7 171.7 171.7 171.7 171.7 171.7 171.7 171.7 159.1 159.1 159.1 159.1 159.1 159.1 159.1 159.1 159.1 159.1 159.1 159.1 159.1 159.1 159.1 159.1 159.1 159.1 159.1 159.1 159.1 159.1 159.1 159.1 159.1 159.1 159.1 159.1 159.1 159.1 159.1 159.1 159.1 159.1 159.1 159.1 159.1 159.1 159.1 159.1 159.1 159.1 159.1 159.1 159.1 159.1 159.1 159.1 159.1 159.1 159.1 159.1 159.1 159.1 159.1 159.1 159.1 159.1 159.1 159.1 137.9 137.9 137.9 137.9 137.9 137.9 137.9 137.9 137.9 137.9 137.9 137.9 137.9 137.9 137.9 137.9 137.9 137.9 137.9 137.9 137.9 137.9 137.9 137.9 137.9 137.9 137.9 137.9 137.9 
171.7 171.7 171.7 171.7 171.7 171.7 171.7 171.7 171.7 171.7 171.7 159.1 159.1 159.1 159.1 159.1 159.1 159.1 159.1 159.1 159.1 159.1 159.1 159.1 159.1 159.1 159.1 159.1 159.1 159.1 159.1 159.1 159.1 159.1 159.1 159.1 159.1 159.1 159.1 159.1 159.1 159.1 159.1 159.1 159.1 159.1 159.1 159.1 159.1 159.1 159.1 159.1 159.1 159.1 159.1 159.1 159.1 159.1 159.1 159.1 159.1 159.1 159.1 159.1 159.1 159.1 159.1 159.1 159.1 159.1 159.1 137.9 137.9 137.9 137.9 137.9 137.9 137.9 137.9 137.9 137.9 137.9 137.9 137.9 137.9 137.9 137.9 137.9 137.9 137.9 137.9 137.9 137.9 137.9 137.9 137.9 137.9 137.9 137.9 137.9 
171.7 171.7 171.7 171.7 171.7 171.7 171.7 171.7 171.7 171.7 171.7 159.1 159.1 159.1 159.1 159.1 159.1 159.1 159.1 159.1 159.1 159.1 159.1 159.1 159.1 159.1 159.1 159.1 159.1 159.1 159.1 159.1 159.1 159.1 159.1 159.1 159.1 159.1 159.1 159.1 159.1 159.1 159.1 159.1 159.1 159.1 159.1 159.1 159.1 159.1 159.1 159.1 159.1 159.1 159.1 159.1 159.1 159.1 159.1 159.1 159.1 159.1 159.1 159.1 159.1 159.1 159.1 159.1 159.1 159.1 159.1 137.9 137.9 137.9 137.9 137.9 137.9 137.9 137.9 137.9 137.9 137.9 137.9 137.9 137.9 137.9 137.9 137.9 137.9 137.9 137.9 137.9 137.9 137.9 137.9 137.9 137.9 137.9 137.9 137.9 
171.7 171.7 171.7 171.7 171.7 171.7 171.7 171.7 171.7 171.7 171.7 159.1 159.1 159.1 159.1 159.1 159.1 159.1 159.1 159.1 159.1 159.1 159.1 159.1 159.1 159.1 159.1 159.1 159.1 159.1 159.1 159.1 159.1 159.1 159.1 159.1 159.1 159.1 159.1 159.1 159.1 159.1 159.1 159.1 159.1 159.1 159.1 159.1 159.1 159.1 159.1 159.1 159.1 159.1 159.1 159.1 159.1 159.1 159.1 159.1 159.1 159.1 159.1 159.1 159.1 159.1 159.1 159.1 159.1 159.1 159.1 137.9 137.9 137.9 137.9 137.9 137.9 137.9 137.9 137.9 137.9 137.9 137.9 137.9 137.9 137.9 137.9 137.9 137.9 137.9 137.9 137.9 137.9 137.9 137.9 137.9 137.9 137.9 137.9 137.9 
171.7 171.7 171.7 171.7 171.7 171.7 171.7 171.7 171.7 171.7 171.7 159.1 159.1 159.1 159.1 159.1 159.1 159.1 159.1 159.1 159.1 159.1 159.1 159.1 159.1 159.1 159.1 159.1 159.1 159.1 159.1 159.1 159.1 159.1 159.1 159.1 159.1 159.1 159.1 159.1 159.1 159.1 159.1 159.1 159.1 159.1 159.1 159.1 159.1 159.1 159.1 159.1 159.1 159.1 159.1 159.1 159.1 159.1 159.1 159.1 159.1 159.1 159.1 159.1 159.1 159.1 159.1 159.1 159.1 159.1 159.1 137.9 137.9 137.9 137.9 137.9 137.9 137.9 137.9 137.9 137.9 137.9 137.9 137.9 137.9 137.9 137.9 137.9 137.9 137.9 137.9 137.9 137.9 137.9 137.9 137.9 137.9 137.9 137.9 137.9 
171.7 171.7 171.7 171.7 171.7 171.7 171.7 171.7 171.7 171.7 171.7 159.1 159.1 159.1 159.1 159.1 159.1 159.1 159.1 159.1 159.1 159.1 159.1 159.1 159.1 159.1 159.1 159.1 159.1 159.1 159.1 159.1 159.1 159.1 159.1 159.1 159.1 159.1 159.1 159.1 159.1 159.1 159.1 159.1 159.1 159.1 159.1 159.1 159.1 159.1 159.1 159.1 159.1 159.1 159.1 159.1 159.1 159.1 159.1 159.1 159.1 159.1 159.1 159.1 159.1 159.1 159.1 159.1 159.1 159.1 159.1 137.9 137.9 137.9 137.9 137.9 137.9 137.9 137.9 137.9 137.9 137.9 137.9 137.9 137.9 137.9 137.9 137.9 137.9 137.9 137.9 137.9 137.9 137.9 137.9 137.9 137.9 137.9 137.9 137.9 
171.7 171.7 171.7 171.7 171.7 171.7 171.7 171.7 171.7 171.7 171.7 159.1 159.1 159.1 159.1 159.1 159.1 159.1 159.1 159.1 159.1 159.1 159.1 159.1 159.1 159.1 159.1 159.1 159.1 159.1 159.1 159.1 159.1 159.1 159.1 159.1 159.1 159.1 159.1 159.1 159.1 159.1 159.1 159.1 159.1 159.1 159.1 159.1 159.1 159.1 159.1 159.1 159.1 159.1 159.1 159.1 159.1 159.1 159.1 159.1 159.1 159.1 159.1 159.1 159.1 159.1 159.1 159.1 159.1 159.1 159.1 137.9 137.9 137.9 137.9 137.9 137.9 137.9 137.9 137.9 137.9 137.9 137.9 137.9 137.9 137.9 137.9 137.9 137.9 137.9 137.9 137.9 137.9 137.9 137.9 137.9 137.9 137.9 137.9 137.9 
171.7 171.7 171.7 171.7 171.7 171.7 171.7 171.7 171.7 171.7 171.7 159.1 159.1 159.1 159.1 159.1 159.1 159.1 159.1 159.1 159.1 159.1 159.1 159.1 159.1 159.1 159.1 159.1 159.1 159.1 159.1 159.1 159.1 159.1 159.1 159.1 159.1 159.1 159.1 159.1 159.1 159.1 159.1 159.1 159.1 159.1 159.1 159.1 159.1 159.1 159.1 159.1 159.1 159.1 159.1 159.1 159.1 159.1 159.1 159.1 159.1 159.1 159.1 159.1 159.1 159.1 159.1 159.1 159.1 159.1 159.1 137.9 137.9 137.9 137.9 137.9 137.9 137.9 137.9 137.9 137.9 137.9 137.9 137.9 137.9 137.9 137.9 137.9 137.9 137.9 137.9 137.9 137.9 137.9 137.9 137.9 137.9 137.9 137.9 137.9 
171.7 171.7 171.7 171.7 171.7 171.7 171.7 171.7 171.7 171.7 171.7 159.1 159.1 159.1 159.1 159.1 159.1 159.1 159.1 159.1 159.1 159.1 159.1 159.1 159.1 159.1 159.1 159.1 159.1 159.1 159.1 159.1 159.1 159.1 159.1 159.1 159.1 159.1 159.1 159.1 159.1 159.1 159.1 159.1 159.1 159.1 159.1 159.1 159.1 159.1 159.1 159.1 159.1 159.1 159.1 159.1 159.1 159.1 159.1 159.1 159.1 159.1 159.1 159.1 159.1 159.1 159.1 159.1 159.1 159.1 159.1 137.9 137.9 137.9 137.9 137.9 137.9 137.9 137.9 137.9 137.9 137.9 137.9 137.9 137.9 137.9 137.9 137.9 137.9 137.9 137.9 137.9 137.9 137.9 137.9 137.9 137.9 137.9 137.9 137.9 
171.7 171.7 171.7 171.7 171.7 171.7 171.7 171.7 171.7 171.7 171.7 159.1 159.1 159.1 159.1 159.1 159.1 159.1 159.1 159.1 159.1 159.1 159.1 159.1 159.1 159.1 159.1 159.1 159.1 159.1 159.1 159.1 159.1 159.1 159.1 159.1 159.1 159.1 159.1 159.1 159.1 159.1 159.1 159.1 159.1 159.1 159.1 159.1 159.1 159.1 159.1 159.1 159.1 159.1 159.1 159.1 159.1 159.1 159.1 159.1 159.1 159.1 159.1 159.1 159.1 159.1 159.1 159.1 159.1 159.1 159.1 137.9 137.9 137.9 137.9 137.9 137.9 137.9 137.9 137.9 137.9 137.9 137.9 137.9 137.9 137.9 137.9 137.9 137.9 137.9 137.9 137.9 137.9 137.9 137.9 137.9 137.9 137.9 137.9 137.9 
171.7 171.7 171.7 171.7 171.7 171.7 171.7 171.7 171.7 171.7 171.7 159.1 159.1 159.1 159.1 159.1 159.1 159.1 159.1 159.1 159.1 159.1 159.1 159.1 159.1 159.1 159.1 159.1 159.1 159.1 159.1 159.1 159.1 159.1 159.1 159.1 159.1 159.1 159.1 159.1 159.1 159.1 159.1 159.1 159.1 159.1 159.1 159.1 159.1 159.1 159.1 159.1 159.1 159.1 159.1 159.1 159.1 159.1 159.1 159.1 159.1 159.1 159.1 159.1 159.1 159.1 159.1 159.1 159.1 159.1 159.1 137.9 137.9 137.9 137.9 137.9 137.9 137.9 137.9 137.9 137.9 137.9 137.9 137.9 137.9 137.9 137.9 137.9 137.9 137.9 137.9 137.9 137.9 137.9 137.9 137.9 137.9 137.9 137.9 137.9 
171.7 171.7 171.7 171.7 171.7 171.7 171.7 171.7 171.7 171.7 171.7 159.1 159.1 159.1 159.1 159.1 159.1 159.1 159.1 159.1 159.1 159.1 159.1 159.1 159.1 159.1 159.1 159.1 159.1 159.1 159.1 159.1 159.1 159.1 159.1 159.1 159.1 159.1 159.1 159.1 159.1 159.1 159.1 159.1 159.1 159.1 159.1 159.1 159.1 159.1 159.1 159.1 159.1 159.1 159.1 159.1 159.1 159.1 159.1 159.1 159.1 159.1 159.1 159.1 159.1 159.1 159.1 159.1 159.1 159.1 159.1 137.9 137.9 137.9 137.9 137.9 137.9 137.9 137.9 137.9 137.9 137.9 137.9 137.9 137.9 137.9 137.9 137.9 137.9 137.9 137.9 137.9 137.9 137.9 137.9 137.9 137.9 137.9 137.9 137.9 
171.7 171.7 171.7 171.7 171.7 171.7 171.7 171.7 171.7 171.7 171.7 159.1 159.1 159.1 159.1 159.1 159.1 159.1 159.1 159.1 159.1 159.1 159.1 159.1 159.1 159.1 159.1 159.1 159.1 159.1 159.1 159.1 159.1 159.1 159.1 159.1 159.1 159.1 159.1 159.1 159.1 159.1 159.1 159.1 159.1 159.1 159.1 159.1 159.1 159.1 159.1 159.1 159.1 159.1 159.1 159.1 159.1 159.1 159.1 159.1 159.1 159.1 159.1 159.1 159.1 159.1 159.1 159.1 159.1 159.1 159.1 137.9 137.9 137.9 137.9 137.9 137.9 137.9 137.9 137.9 137.9 137.9 137.9 137.9 137.9 137.9 137.9 137.9 137.9 137.9 137.9 137.9 137.9 137.9 137.9 137.9 137.9 137.9 137.9 137.9 
171.7 171.7 171.7 171.7 171.7 171.7 171.7 171.7 171.7 171.7 171.7 159.1 159.1 159.1 159.1 159.1 159.1 159.1 159.1 159.1 159.1 159.1 159.1 159.1 159.1 159.1 159.1 159.1 159.1 159.1 159.1 159.1 159.1 159.1 159.1 159.1 159.1 159.1 159.1 159.1 159.1 159.1 159.1 159.1 159.1 159.1 159.1 159.1 159.1 159.1 159.1 159.1 159.1 159.1 159.1 159.1 159.1 159.1 159.1 159.1 159.1 159.1 159.1 159.1 159.1 159.1 159.1 159.1 159.1 159.1 159.1 137.9 137.9 137.9 137.9 137.9 137.9 137.9 137.9 137.9 137.9 137.9 137.9 137.9 137.9 137.9 137.9 137.9 137.9 137.9 137.9 137.9 137.9 137.9 137.9 137.9 137.9 137.9 137.9 137.9 
171.7 171.7 171.7 171.7 171.7 171.7 171.7 171.7 171.7 171.7 171.7 159.1 159.1 159.1 159.1 159.1 159.1 159.1 159.1 159.1 159.1 159.1 159.1 159.1 159.1 159.1 159.1 159.1 159.1 159.1 159.1 159.1 159.1 159.1 159.1 159.1 159.1 159.1 159.1 159.1 159.1 159.1 159.1 159.1 159.1 159.1 159.1 159.1 159.1 159.1 159.1 159.1 159.1 159.1 159.1 159.1 159.1 159.1 159.1 159.1 159.1 159.1 159.1 159.1 159.1 159.1 159.1 159.1 159.1 159.1 159.1 137.9 137.9 137.9 137.9 137.9 137.9 137.9 137.9 137.9 137.9 137.9 137.9 137.9 137.9 137.9 137.9 137.9 137.9 137.9 137.9 137.9 137.9 137.9 137.9 137.9 137.9 137.9 137.9 137.9 
