ncols         100
nrows         100
xllcorner     -59982.863281
yllcorner     1851083.022172
cellsize      1000
NODATA_value  -9999
81.8 81.8 81.8 81.8 81.8 81.8 81.8 81.8 81.8 81.8 81.8 81.8 81.8 81.8 81.8 81.8 81.8 81.8 81.8 81.8 81.8 81.8 81.8 81.8 81.8 81.8 81.8 81.8 81.8 81.8 81.8 81.8 81.8 81.8 81.8 81.8 81.8 81.8 81.8 81.8 81.8 81.8 81.8 81.8 81.8 81.8 81.8 81.8 81.8 81.8 81.8 81.8 81.8 81.8 81.8 81.8 81.8 81.8 81.8 81.8 81.8 81.8 81.8 81.8 81.8 81.8 81.8 81.8 81.8 81.8 81.8 80.6 80.6 80.6 80.6 80.6 80.6 80.6 80.6 80.6 80.6 80.6 80.6 80.6 80.6 80.6 80.6 80.6 80.6 80.6 80.6 80.6 80.6 80.6 80.6 80.6 80.6 80.6 80.6 80.6 
81.8 81.8 81.8 81.8 81.8 81.8 81.8 81.8 81.8 81.8 81.8 81.8 81.8 81.8 81.8 81.8 81.8 81.8 81.8 81.8 81.8 81.8 81.8 81.8 81.8 81.8 81.8 81.8 81.8 81.8 81.8 81.8 81.8 81.8 81.8 81.8 81.8 81.8 81.8 81.8 81.8 81.8 81.8 81.8 81.8 81.8 81.8 81.8 81.8 81.8 81.8 81.8 81.8 81.8 81.8 81.8 81.8 81.8 81.8 81.8 81.8 81.8 81.8 81.8 81.8 81.8 81.8 81.8 81.8 81.8 81.8 80.6 80.6 80.6 80.6 80.6 80.6 80.6 80.6 80.6 80.6 80.6 80.6 80.6 80.6 80.6 80.6 80.6 80.6 80.6 80.6 80.6 80.6 80.6 80.6 80.6 80.6 80.6 80.6 80.6 
81.8 81.8 81.8 81.8 81.8 81.8 81.8 81.8 81.8 81.8 81.8 81.8 81.8 81.8 81.8 81.8 81.8 81.8 81.8 81.8 81.8 81.8 81.8 81.8 81.8 81.8 81.8 81.8 81.8 81.8 81.8 81.8 81.8 81.8 81.8 81.8 81.8 81.8 81.8 81.8 81.8 81.8 81.8 81.8 81.8 81.8 81.8 81.8 81.8 81.8 81.8 81.8 81.8 81.8 81.8 81.8 81.8 81.8 81.8 81.8 81.8 81.8 81.8 81.8 81.8 81.8 81.8 81.8 81.8 81.8 81.8 80.6 80.6 80.6 80.6 80.6 80.6 80.6 80.6 80.6 80.6 80.6 80.6 80.6 80.6 80.6 80.6 80.6 80.6 80.6 80.6 80.6 80.6 80.6 80.6 80.6 80.6 80.6 80.6 80.6 
81.8 81.8 81.8 81.8 81.8 81.8 81.8 81.8 81.8 81.8 81.8 81.8 81.8 81.8 81.8 81.8 81.8 81.8 81.8 81.8 81.8 81.8 81.8 81.8 81.8 81.8 81.8 81.8 81.8 81.8 81.8 81.8 81.8 81.8 81.8 81.8 81.8 81.8 81.8 81.8 81.8 81.8 81.8 81.8 81.8 81.8 81.8 81.8 81.8 81.8 81.8 81.8 81.8 81.8 81.8 81.8 81.8 81.8 81.8 81.8 81.8 81.8 81.8 81.8 81.8 81.8 81.8 81.8 81.8 81.8 81.8 80.6 80.6 80.6 80.6 80.6 80.6 80.6 80.6 80.6 80.6 80.6 80.6 80.6 80.6 80.6 80.6 80.6 80.6 80.6 80.6 80.6 80.6 80.6 80.6 80.6 80.6 80.6 80.6 80.6 
81.8 81.8 81.8 81.8 81.8 81.8 81.8 81.8 81.8 81.8 81.8 81.8 81.8 81.8 81.8 81.8 81.8 81.8 81.8 81.8 81.8 81.8 81.8 81.8 81.8 81.8 81.8 81.8 81.8 81.8 81.8 81.8 81.8 81.8 81.8 81.8 81.8 81.8 81.8 81.8 81.8 81.8 81.8 81.8 81.8 81.8 81.8 81.8 81.8 81.8 81.8 81.8 81.8 81.8 81.8 81.8 81.8 81.8 81.8 81.8 81.8 81.8 81.8 81.8 81.8 81.8 81.8 81.8 81.8 81.8 81.8 80.6 80.6 80.6 80.6 80.6 80.6 80.6 80.6 80.6 80.6 80.6 80.6 80.6 80.6 80.6 80.6 80.6 80.6 80.6 80.6 80.6 80.6 80.6 80.6 80.6 80.6 80.6 80.6 80.6 
81.8 81.8 81.8 81.8 81.8 81.8 81.8 81.8 81.8 81.8 81.8 81.8 81.8 81.8 81.8 81.8 81.8 81.8 81.8 81.8 81.8 81.8 81.8 81.8 81.8 81.8 81.8 81.8 81.8 81.8 81.8 81.8 81.8 81.8 81.8 81.8 81.8 81.8 81.8 81.8 81.8 81.8 81.8 81.8 81.8 81.8 81.8 81.8 81.8 81.8 81.8 81.8 81.8 81.8 81.8 81.8 81.8 81.8 81.8 81.8 81.8 81.8 81.8 81.8 81.8 81.8 81.8 81.8 81.8 81.8 81.8 80.6 80.6 80.6 80.6 80.6 80.6 80.6 80.6 80.6 80.6 80.6 80.6 80.6 80.6 80.6 80.6 80.6 80.6 80.6 80.6 80.6 80.6 80.6 80.6 80.6 80.6 80.6 80.6 80.6 
81.8 81.8 81.8 81.8 81.8 81.8 81.8 81.8 81.8 81.8 81.8 81.8 81.8 81.8 81.8 81.8 81.8 81.8 81.8 81.8 81.8 81.8 81.8 81.8 81.8 81.8 81.8 81.8 81.8 81.8 81.8 81.8 81.8 81.8 81.8 81.8 81.8 81.8 81.8 81.8 81.8 81.8 81.8 81.8 81.8 81.8 81.8 81.8 81.8 81.8 81.8 81.8 81.8 81.8 81.8 81.8 81.8 81.8 81.8 81.8 81.8 81.8 81.8 81.8 81.8 81.8 81.8 81.8 81.8 81.8 81.8 80.6 80.6 80.6 80.6 80.6 80.6 80.6 80.6 80.6 80.6 80.6 80.6 80.6 80.6 80.6 80.6 80.6 80.6 80.6 80.6 80.6 80.6 80.6 80.6 80.6 80.6 80.6 80.6 80.6 
81.8 81.8 81.8 81.8 81.8 81.8 81.8 81.8 81.8 81.8 81.8 81.8 81.8 81.8 81.8 81.8 81.8 81.8 81.8 81.8 81.8 81.8 81.8 81.8 81.8 81.8 81.8 81.8 81.8 81.8 81.8 81.8 81.8 81.8 81.8 81.8 81.8 81.8 81.8 81.8 81.8 81.8 81.8 81.8 81.8 81.8 81.8 81.8 81.8 81.8 81.8 81.8 81.8 81.8 81.8 81.8 81.8 81.8 81.8 81.8 81.8 81.8 81.8 81.8 81.8 81.8 81.8 81.8 81.8 81.8 81.8 80.6 80.6 80.6 80.6 80.6 80.6 80.6 80.6 80.6 80.6 80.6 80.6 80.6 80.6 80.6 80.6 80.6 80.6 80.6 80.6 80.6 80.6 80.6 80.6 80.6 80.6 80.6 80.6 80.6 
81.8 81.8 81.8 81.8 81.8 81.8 81.8 81.8 81.8 81.8 81.8 81.8 81.8 81.8 81.8 81.8 81.8 81.8 81.8 81.8 81.8 81.8 81.8 81.8 81.8 81.8 81.8 81.8 81.8 81.8 81.8 81.8 81.8 81.8 81.8 81.8 81.8 81.8 81.8 81.8 81.8 81.8 81.8 81.8 81.8 81.8 81.8 81.8 81.8 81.8 81.8 81.8 81.8 81.8 81.8 81.8 81.8 81.8 81.8 81.8 81.8 81.8 81.8 81.8 81.8 81.8 81.8 81.8 81.8 81.8 81.8 80.6 80.6 80.6 80.6 80.6 80.6 80.6 80.6 80.6 80.6 80.6 80.6 80.6 80.6 80.6 80.6 80.6 80.6 80.6 80.6 80.6 80.6 80.6 80.6 80.6 80.6 80.6 80.6 80.6 
88 88 88 88 88 88 88 88 88 88 88 89 89 89 89 89 89 89 89 89 89 89 89 89 89 89 89 89 89 89 89 89 89 89 89 89 89 89 89 89 89 89 89 89 89 89 89 89 89 89 89 89 89 89 89 89 89 89 89 89 89 89 89 89 89 89 89 89 89 89 89 87.8 87.8 87.8 87.8 87.8 87.8 87.8 87.8 87.8 87.8 87.8 87.8 87.8 87.8 87.8 87.8 87.8 87.8 87.8 87.8 87.8 87.8 87.8 87.8 87.8 87.8 87.8 87.8 87.8 
88 88 88 88 88 88 88 88 88 88 88 89 89 89 89 89 89 89 89 89 89 89 89 89 89 89 89 89 89 89 89 89 89 89 89 89 89 89 89 89 89 89 89 89 89 89 89 89 89 89 89 89 89 89 89 89 89 89 89 89 89 89 89 89 89 89 89 89 89 89 89 87.8 87.8 87.8 87.8 87.8 87.8 87.8 87.8 87.8 87.8 87.8 87.8 87.8 87.8 87.8 87.8 87.8 87.8 87.8 87.8 87.8 87.8 87.8 87.8 87.8 87.8 87.8 87.8 87.8 
88 88 88 88 88 88 88 88 88 88 88 89 89 89 89 89 89 89 89 89 89 89 89 89 89 89 89 89 89 89 89 89 89 89 89 89 89 89 89 89 89 89 89 89 89 89 89 89 89 89 89 89 89 89 89 89 89 89 89 89 89 89 89 89 89 89 89 89 89 89 89 87.8 87.8 87.8 87.8 87.8 87.8 87.8 87.8 87.8 87.8 87.8 87.8 87.8 87.8 87.8 87.8 87.8 87.8 87.8 87.8 87.8 87.8 87.8 87.8 87.8 87.8 87.8 87.8 87.8 
88 88 88 88 88 88 88 88 88 88 88 89 89 89 89 89 89 89 89 89 89 89 89 89 89 89 89 89 89 89 89 89 89 89 89 89 89 89 89 89 89 89 89 89 89 89 89 89 89 89 89 89 89 89 89 89 89 89 89 89 89 89 89 89 89 89 89 89 89 89 89 87.8 87.8 87.8 87.8 87.8 87.8 87.8 87.8 87.8 87.8 87.8 87.8 87.8 87.8 87.8 87.8 87.8 87.8 87.8 87.8 87.8 87.8 87.8 87.8 87.8 87.8 87.8 87.8 87.8 
88 88 88 88 88 88 88 88 88 88 88 89 89 89 89 89 89 89 89 89 89 89 89 89 89 89 89 89 89 89 89 89 89 89 89 89 89 89 89 89 89 89 89 89 89 89 89 89 89 89 89 89 89 89 89 89 89 89 89 89 89 89 89 89 89 89 89 89 89 89 89 87.8 87.8 87.8 87.8 87.8 87.8 87.8 87.8 87.8 87.8 87.8 87.8 87.8 87.8 87.8 87.8 87.8 87.8 87.8 87.8 87.8 87.8 87.8 87.8 87.8 87.8 87.8 87.8 87.8 
88 88 88 88 88 88 88 88 88 88 88 89 89 89 89 89 89 89 89 89 89 89 89 89 89 89 89 89 89 89 89 89 89 89 89 89 89 89 89 89 89 89 89 89 89 89 89 89 89 89 89 89 89 89 89 89 89 89 89 89 89 89 89 89 89 89 89 89 89 89 89 87.8 87.8 87.8 87.8 87.8 87.8 87.8 87.8 87.8 87.8 87.8 87.8 87.8 87.8 87.8 87.8 87.8 87.8 87.8 87.8 87.8 87.8 87.8 87.8 87.8 87.8 87.8 87.8 87.8 
88 88 88 88 88 88 88 88 88 88 88 89 89 89 89 89 89 89 89 89 89 89 89 89 89 89 89 89 89 89 89 89 89 89 89 89 89 89 89 89 89 89 89 89 89 89 89 89 89 89 89 89 89 89 89 89 89 89 89 89 89 89 89 89 89 89 89 89 89 89 89 87.8 87.8 87.8 87.8 87.8 87.8 87.8 87.8 87.8 87.8 87.8 87.8 87.8 87.8 87.8 87.8 87.8 87.8 87.8 87.8 87.8 87.8 87.8 87.8 87.8 87.8 87.8 87.8 87.8 
88 88 88 88 88 88 88 88 88 88 88 89 89 89 89 89 89 89 89 89 89 89 89 89 89 89 89 89 89 89 89 89 89 89 89 89 89 89 89 89 89 89 89 89 89 89 89 89 89 89 89 89 89 89 89 89 89 89 89 89 89 89 89 89 89 89 89 89 89 89 89 87.8 87.8 87.8 87.8 87.8 87.8 87.8 87.8 87.8 87.8 87.8 87.8 87.8 87.8 87.8 87.8 87.8 87.8 87.8 87.8 87.8 87.8 87.8 87.8 87.8 87.8 87.8 87.8 87.8 
88 88 88 88 88 88 88 88 88 88 88 89 89 89 89 89 89 89 89 89 89 89 89 89 89 89 89 89 89 89 89 89 89 89 89 89 89 89 89 89 89 89 89 89 89 89 89 89 89 89 89 89 89 89 89 89 89 89 89 89 89 89 89 89 89 89 89 89 89 89 89 87.8 87.8 87.8 87.8 87.8 87.8 87.8 87.8 87.8 87.8 87.8 87.8 87.8 87.8 87.8 87.8 87.8 87.8 87.8 87.8 87.8 87.8 87.8 87.8 87.8 87.8 87.8 87.8 87.8 
88 88 88 88 88 88 88 88 88 88 88 89 89 89 89 89 89 89 89 89 89 89 89 89 89 89 89 89 89 89 89 89 89 89 89 89 89 89 89 89 89 89 89 89 89 89 89 89 89 89 89 89 89 89 89 89 89 89 89 89 89 89 89 89 89 89 89 89 89 89 89 87.8 87.8 87.8 87.8 87.8 87.8 87.8 87.8 87.8 87.8 87.8 87.8 87.8 87.8 87.8 87.8 87.8 87.8 87.8 87.8 87.8 87.8 87.8 87.8 87.8 87.8 87.8 87.8 87.8 
88 88 88 88 88 88 88 88 88 88 88 89 89 89 89 89 89 89 89 89 89 89 89 89 89 89 89 89 89 89 89 89 89 89 89 89 89 89 89 89 89 89 89 89 89 89 89 89 89 89 89 89 89 89 89 89 89 89 89 89 89 89 89 89 89 89 89 89 89 89 89 87.8 87.8 87.8 87.8 87.8 87.8 87.8 87.8 87.8 87.8 87.8 87.8 87.8 87.8 87.8 87.8 87.8 87.8 87.8 87.8 87.8 87.8 87.8 87.8 87.8 87.8 87.8 87.8 87.8 
88 88 88 88 88 88 88 88 88 88 88 89 89 89 89 89 89 89 89 89 89 89 89 89 89 89 89 89 89 89 89 89 89 89 89 89 89 89 89 89 89 89 89 89 89 89 89 89 89 89 89 89 89 89 89 89 89 89 89 89 89 89 89 89 89 89 89 89 89 89 89 87.8 87.8 87.8 87.8 87.8 87.8 87.8 87.8 87.8 87.8 87.8 87.8 87.8 87.8 87.8 87.8 87.8 87.8 87.8 87.8 87.8 87.8 87.8 87.8 87.8 87.8 87.8 87.8 87.8 
88 88 88 88 88 88 88 88 88 88 88 89 89 89 89 89 89 89 89 89 89 89 89 89 89 89 89 89 89 89 89 89 89 89 89 89 89 89 89 89 89 89 89 89 89 89 89 89 89 89 89 89 89 89 89 89 89 89 89 89 89 89 89 89 89 89 89 89 89 89 89 87.8 87.8 87.8 87.8 87.8 87.8 87.8 87.8 87.8 87.8 87.8 87.8 87.8 87.8 87.8 87.8 87.8 87.8 87.8 87.8 87.8 87.8 87.8 87.8 87.8 87.8 87.8 87.8 87.8 
88 88 88 88 88 88 88 88 88 88 88 89 89 89 89 89 89 89 89 89 89 89 89 89 89 89 89 89 89 89 89 89 89 89 89 89 89 89 89 89 89 89 89 89 89 89 89 89 89 89 89 89 89 89 89 89 89 89 89 89 89 89 89 89 89 89 89 89 89 89 89 87.8 87.8 87.8 87.8 87.8 87.8 87.8 87.8 87.8 87.8 87.8 87.8 87.8 87.8 87.8 87.8 87.8 87.8 87.8 87.8 87.8 87.8 87.8 87.8 87.8 87.8 87.8 87.8 87.8 
88 88 88 88 88 88 88 88 88 88 88 89 89 89 89 89 89 89 89 89 89 89 89 89 89 89 89 89 89 89 89 89 89 89 89 89 89 89 89 89 89 89 89 89 89 89 89 89 89 89 89 89 89 89 89 89 89 89 89 89 89 89 89 89 89 89 89 89 89 89 89 87.8 87.8 87.8 87.8 87.8 87.8 87.8 87.8 87.8 87.8 87.8 87.8 87.8 87.8 87.8 87.8 87.8 87.8 87.8 87.8 87.8 87.8 87.8 87.8 87.8 87.8 87.8 87.8 87.8 
88 88 88 88 88 88 88 88 88 88 88 89 89 89 89 89 89 89 89 89 89 89 89 89 89 89 89 89 89 89 89 89 89 89 89 89 89 89 89 89 89 89 89 89 89 89 89 89 89 89 89 89 89 89 89 89 89 89 89 89 89 89 89 89 89 89 89 89 89 89 89 87.8 87.8 87.8 87.8 87.8 87.8 87.8 87.8 87.8 87.8 87.8 87.8 87.8 87.8 87.8 87.8 87.8 87.8 87.8 87.8 87.8 87.8 87.8 87.8 87.8 87.8 87.8 87.8 87.8 
88 88 88 88 88 88 88 88 88 88 88 89 89 89 89 89 89 89 89 89 89 89 89 89 89 89 89 89 89 89 89 89 89 89 89 89 89 89 89 89 89 89 89 89 89 89 89 89 89 89 89 89 89 89 89 89 89 89 89 89 89 89 89 89 89 89 89 89 89 89 89 87.8 87.8 87.8 87.8 87.8 87.8 87.8 87.8 87.8 87.8 87.8 87.8 87.8 87.8 87.8 87.8 87.8 87.8 87.8 87.8 87.8 87.8 87.8 87.8 87.8 87.8 87.8 87.8 87.8 
88 88 88 88 88 88 88 88 88 88 88 89 89 89 89 89 89 89 89 89 89 89 89 89 89 89 89 89 89 89 89 89 89 89 89 89 89 89 89 89 89 89 89 89 89 89 89 89 89 89 89 89 89 89 89 89 89 89 89 89 89 89 89 89 89 89 89 89 89 89 89 87.8 87.8 87.8 87.8 87.8 87.8 87.8 87.8 87.8 87.8 87.8 87.8 87.8 87.8 87.8 87.8 87.8 87.8 87.8 87.8 87.8 87.8 87.8 87.8 87.8 87.8 87.8 87.8 87.8 
88 88 88 88 88 88 88 88 88 88 88 89 89 89 89 89 89 89 89 89 89 89 89 89 89 89 89 89 89 89 89 89 89 89 89 89 89 89 89 89 89 89 89 89 89 89 89 89 89 89 89 89 89 89 89 89 89 89 89 89 89 89 89 89 89 89 89 89 89 89 89 87.8 87.8 87.8 87.8 87.8 87.8 87.8 87.8 87.8 87.8 87.8 87.8 87.8 87.8 87.8 87.8 87.8 87.8 87.8 87.8 87.8 87.8 87.8 87.8 87.8 87.8 87.8 87.8 87.8 
88 88 88 88 88 88 88 88 88 88 88 89 89 89 89 89 89 89 89 89 89 89 89 89 89 89 89 89 89 89 89 89 89 89 89 89 89 89 89 89 89 89 89 89 89 89 89 89 89 89 89 89 89 89 89 89 89 89 89 89 89 89 89 89 89 89 89 89 89 89 89 87.8 87.8 87.8 87.8 87.8 87.8 87.8 87.8 87.8 87.8 87.8 87.8 87.8 87.8 87.8 87.8 87.8 87.8 87.8 87.8 87.8 87.8 87.8 87.8 87.8 87.8 87.8 87.8 87.8 
88 88 88 88 88 88 88 88 88 88 88 89 89 89 89 89 89 89 89 89 89 89 89 89 89 89 89 89 89 89 89 89 89 89 89 89 89 89 89 89 89 89 89 89 89 89 89 89 89 89 89 89 89 89 89 89 89 89 89 89 89 89 89 89 89 89 89 89 89 89 89 87.8 87.8 87.8 87.8 87.8 87.8 87.8 87.8 87.8 87.8 87.8 87.8 87.8 87.8 87.8 87.8 87.8 87.8 87.8 87.8 87.8 87.8 87.8 87.8 87.8 87.8 87.8 87.8 87.8 
88 88 88 88 88 88 88 88 88 88 88 89 89 89 89 89 89 89 89 89 89 89 89 89 89 89 89 89 89 89 89 89 89 89 89 89 89 89 89 89 89 89 89 89 89 89 89 89 89 89 89 89 89 89 89 89 89 89 89 89 89 89 89 89 89 89 89 89 89 89 89 87.8 87.8 87.8 87.8 87.8 87.8 87.8 87.8 87.8 87.8 87.8 87.8 87.8 87.8 87.8 87.8 87.8 87.8 87.8 87.8 87.8 87.8 87.8 87.8 87.8 87.8 87.8 87.8 87.8 
88 88 88 88 88 88 88 88 88 88 88 89 89 89 89 89 89 89 89 89 89 89 89 89 89 89 89 89 89 89 89 89 89 89 89 89 89 89 89 89 89 89 89 89 89 89 89 89 89 89 89 89 89 89 89 89 89 89 89 89 89 89 89 89 89 89 89 89 89 89 89 87.8 87.8 87.8 87.8 87.8 87.8 87.8 87.8 87.8 87.8 87.8 87.8 87.8 87.8 87.8 87.8 87.8 87.8 87.8 87.8 87.8 87.8 87.8 87.8 87.8 87.8 87.8 87.8 87.8 
88 88 88 88 88 88 88 88 88 88 88 89 89 89 89 89 89 89 89 89 89 89 89 89 89 89 89 89 89 89 89 89 89 89 89 89 89 89 89 89 89 89 89 89 89 89 89 89 89 89 89 89 89 89 89 89 89 89 89 89 89 89 89 89 89 89 89 89 89 89 89 87.8 87.8 87.8 87.8 87.8 87.8 87.8 87.8 87.8 87.8 87.8 87.8 87.8 87.8 87.8 87.8 87.8 87.8 87.8 87.8 87.8 87.8 87.8 87.8 87.8 87.8 87.8 87.8 87.8 
88 88 88 88 88 88 88 88 88 88 88 89 89 89 89 89 89 89 89 89 89 89 89 89 89 89 89 89 89 89 89 89 89 89 89 89 89 89 89 89 89 89 89 89 89 89 89 89 89 89 89 89 89 89 89 89 89 89 89 89 89 89 89 89 89 89 89 89 89 89 89 87.8 87.8 87.8 87.8 87.8 87.8 87.8 87.8 87.8 87.8 87.8 87.8 87.8 87.8 87.8 87.8 87.8 87.8 87.8 87.8 87.8 87.8 87.8 87.8 87.8 87.8 87.8 87.8 87.8 
88 88 88 88 88 88 88 88 88 88 88 89 89 89 89 89 89 89 89 89 89 89 89 89 89 89 89 89 89 89 89 89 89 89 89 89 89 89 89 89 89 89 89 89 89 89 89 89 89 89 89 89 89 89 89 89 89 89 89 89 89 89 89 89 89 89 89 89 89 89 89 87.8 87.8 87.8 87.8 87.8 87.8 87.8 87.8 87.8 87.8 87.8 87.8 87.8 87.8 87.8 87.8 87.8 87.8 87.8 87.8 87.8 87.8 87.8 87.8 87.8 87.8 87.8 87.8 87.8 
88 88 88 88 88 88 88 88 88 88 88 89 89 89 89 89 89 89 89 89 89 89 89 89 89 89 89 89 89 89 89 89 89 89 89 89 89 89 89 89 89 89 89 89 89 89 89 89 89 89 89 89 89 89 89 89 89 89 89 89 89 89 89 89 89 89 89 89 89 89 89 87.8 87.8 87.8 87.8 87.8 87.8 87.8 87.8 87.8 87.8 87.8 87.8 87.8 87.8 87.8 87.8 87.8 87.8 87.8 87.8 87.8 87.8 87.8 87.8 87.8 87.8 87.8 87.8 87.8 
88 88 88 88 88 88 88 88 88 88 88 89 89 89 89 89 89 89 89 89 89 89 89 89 89 89 89 89 89 89 89 89 89 89 89 89 89 89 89 89 89 89 89 89 89 89 89 89 89 89 89 89 89 89 89 89 89 89 89 89 89 89 89 89 89 89 89 89 89 89 89 87.8 87.8 87.8 87.8 87.8 87.8 87.8 87.8 87.8 87.8 87.8 87.8 87.8 87.8 87.8 87.8 87.8 87.8 87.8 87.8 87.8 87.8 87.8 87.8 87.8 87.8 87.8 87.8 87.8 
88 88 88 88 88 88 88 88 88 88 88 89 89 89 89 89 89 89 89 89 89 89 89 89 89 89 89 89 89 89 89 89 89 89 89 89 89 89 89 89 89 89 89 89 89 89 89 89 89 89 89 89 89 89 89 89 89 89 89 89 89 89 89 89 89 89 89 89 89 89 89 87.8 87.8 87.8 87.8 87.8 87.8 87.8 87.8 87.8 87.8 87.8 87.8 87.8 87.8 87.8 87.8 87.8 87.8 87.8 87.8 87.8 87.8 87.8 87.8 87.8 87.8 87.8 87.8 87.8 
88 88 88 88 88 88 88 88 88 88 88 89 89 89 89 89 89 89 89 89 89 89 89 89 89 89 89 89 89 89 89 89 89 89 89 89 89 89 89 89 89 89 89 89 89 89 89 89 89 89 89 89 89 89 89 89 89 89 89 89 89 89 89 89 89 89 89 89 89 89 89 87.8 87.8 87.8 87.8 87.8 87.8 87.8 87.8 87.8 87.8 87.8 87.8 87.8 87.8 87.8 87.8 87.8 87.8 87.8 87.8 87.8 87.8 87.8 87.8 87.8 87.8 87.8 87.8 87.8 
88 88 88 88 88 88 88 88 88 88 88 89 89 89 89 89 89 89 89 89 89 89 89 89 89 89 89 89 89 89 89 89 89 89 89 89 89 89 89 89 89 89 89 89 89 89 89 89 89 89 89 89 89 89 89 89 89 89 89 89 89 89 89 89 89 89 89 89 89 89 89 87.8 87.8 87.8 87.8 87.8 87.8 87.8 87.8 87.8 87.8 87.8 87.8 87.8 87.8 87.8 87.8 87.8 87.8 87.8 87.8 87.8 87.8 87.8 87.8 87.8 87.8 87.8 87.8 87.8 
88 88 88 88 88 88 88 88 88 88 88 89 89 89 89 89 89 89 89 89 89 89 89 89 89 89 89 89 89 89 89 89 89 89 89 89 89 89 89 89 89 89 89 89 89 89 89 89 89 89 89 89 89 89 89 89 89 89 89 89 89 89 89 89 89 89 89 89 89 89 89 87.8 87.8 87.8 87.8 87.8 87.8 87.8 87.8 87.8 87.8 87.8 87.8 87.8 87.8 87.8 87.8 87.8 87.8 87.8 87.8 87.8 87.8 87.8 87.8 87.8 87.8 87.8 87.8 87.8 
88 88 88 88 88 88 88 88 88 88 88 89 89 89 89 89 89 89 89 89 89 89 89 89 89 89 89 89 89 89 89 89 89 89 89 89 89 89 89 89 89 89 89 89 89 89 89 89 89 89 89 89 89 89 89 89 89 89 89 89 89 89 89 89 89 89 89 89 89 89 89 87.8 87.8 87.8 87.8 87.8 87.8 87.8 87.8 87.8 87.8 87.8 87.8 87.8 87.8 87.8 87.8 87.8 87.8 87.8 87.8 87.8 87.8 87.8 87.8 87.8 87.8 87.8 87.8 87.8 
88 88 88 88 88 88 88 88 88 88 88 89 89 89 89 89 89 89 89 89 89 89 89 89 89 89 89 89 89 89 89 89 89 89 89 89 89 89 89 89 89 89 89 89 89 89 89 89 89 89 89 89 89 89 89 89 89 89 89 89 89 89 89 89 89 89 89 89 89 89 89 87.8 87.8 87.8 87.8 87.8 87.8 87.8 87.8 87.8 87.8 87.8 87.8 87.8 87.8 87.8 87.8 87.8 87.8 87.8 87.8 87.8 87.8 87.8 87.8 87.8 87.8 87.8 87.8 87.8 
88 88 88 88 88 88 88 88 88 88 88 89 89 89 89 89 89 89 89 89 89 89 89 89 89 89 89 89 89 89 89 89 89 89 89 89 89 89 89 89 89 89 89 89 89 89 89 89 89 89 89 89 89 89 89 89 89 89 89 89 89 89 89 89 89 89 89 89 89 89 89 87.8 87.8 87.8 87.8 87.8 87.8 87.8 87.8 87.8 87.8 87.8 87.8 87.8 87.8 87.8 87.8 87.8 87.8 87.8 87.8 87.8 87.8 87.8 87.8 87.8 87.8 87.8 87.8 87.8 
88 88 88 88 88 88 88 88 88 88 88 89 89 89 89 89 89 89 89 89 89 89 89 89 89 89 89 89 89 89 89 89 89 89 89 89 89 89 89 89 89 89 89 89 89 89 89 89 89 89 89 89 89 89 89 89 89 89 89 89 89 89 89 89 89 89 89 89 89 89 89 87.8 87.8 87.8 87.8 87.8 87.8 87.8 87.8 87.8 87.8 87.8 87.8 87.8 87.8 87.8 87.8 87.8 87.8 87.8 87.8 87.8 87.8 87.8 87.8 87.8 87.8 87.8 87.8 87.8 
88 88 88 88 88 88 88 88 88 88 88 89 89 89 89 89 89 89 89 89 89 89 89 89 89 89 89 89 89 89 89 89 89 89 89 89 89 89 89 89 89 89 89 89 89 89 89 89 89 89 89 89 89 89 89 89 89 89 89 89 89 89 89 89 89 89 89 89 89 89 89 87.8 87.8 87.8 87.8 87.8 87.8 87.8 87.8 87.8 87.8 87.8 87.8 87.8 87.8 87.8 87.8 87.8 87.8 87.8 87.8 87.8 87.8 87.8 87.8 87.8 87.8 87.8 87.8 87.8 
88 88 88 88 88 88 88 88 88 88 88 89 89 89 89 89 89 89 89 89 89 89 89 89 89 89 89 89 89 89 89 89 89 89 89 89 89 89 89 89 89 89 89 89 89 89 89 89 89 89 89 89 89 89 89 89 89 89 89 89 89 89 89 89 89 89 89 89 89 89 89 87.8 87.8 87.8 87.8 87.8 87.8 87.8 87.8 87.8 87.8 87.8 87.8 87.8 87.8 87.8 87.8 87.8 87.8 87.8 87.8 87.8 87.8 87.8 87.8 87.8 87.8 87.8 87.8 87.8 
88 88 88 88 88 88 88 88 88 88 88 89 89 89 89 89 89 89 89 89 89 89 89 89 89 89 89 89 89 89 89 89 89 89 89 89 89 89 89 89 89 89 89 89 89 89 89 89 89 89 89 89 89 89 89 89 89 89 89 89 89 89 89 89 89 89 89 89 89 89 89 87.8 87.8 87.8 87.8 87.8 87.8 87.8 87.8 87.8 87.8 87.8 87.8 87.8 87.8 87.8 87.8 87.8 87.8 87.8 87.8 87.8 87.8 87.8 87.8 87.8 87.8 87.8 87.8 87.8 
88 88 88 88 88 88 88 88 88 88 88 89 89 89 89 89 89 89 89 89 89 89 89 89 89 89 89 89 89 89 89 89 89 89 89 89 89 89 89 89 89 89 89 89 89 89 89 89 89 89 89 89 89 89 89 89 89 89 89 89 89 89 89 89 89 89 89 89 89 89 89 87.8 87.8 87.8 87.8 87.8 87.8 87.8 87.8 87.8 87.8 87.8 87.8 87.8 87.8 87.8 87.8 87.8 87.8 87.8 87.8 87.8 87.8 87.8 87.8 87.8 87.8 87.8 87.8 87.8 
88 88 88 88 88 88 88 88 88 88 88 89 89 89 89 89 89 89 89 89 89 89 89 89 89 89 89 89 89 89 89 89 89 89 89 89 89 89 89 89 89 89 89 89 89 89 89 89 89 89 89 89 89 89 89 89 89 89 89 89 89 89 89 89 89 89 89 89 89 89 89 87.8 87.8 87.8 87.8 87.8 87.8 87.8 87.8 87.8 87.8 87.8 87.8 87.8 87.8 87.8 87.8 87.8 87.8 87.8 87.8 87.8 87.8 87.8 87.8 87.8 87.8 87.8 87.8 87.8 
88 88 88 88 88 88 88 88 88 88 88 89 89 89 89 89 89 89 89 89 89 89 89 89 89 89 89 89 89 89 89 89 89 89 89 89 89 89 89 89 89 89 89 89 89 89 89 89 89 89 89 89 89 89 89 89 89 89 89 89 89 89 89 89 89 89 89 89 89 89 89 87.8 87.8 87.8 87.8 87.8 87.8 87.8 87.8 87.8 87.8 87.8 87.8 87.8 87.8 87.8 87.8 87.8 87.8 87.8 87.8 87.8 87.8 87.8 87.8 87.8 87.8 87.8 87.8 87.8 
88 88 88 88 88 88 88 88 88 88 88 89 89 89 89 89 89 89 89 89 89 89 89 89 89 89 89 89 89 89 89 89 89 89 89 89 89 89 89 89 89 89 89 89 89 89 89 89 89 89 89 89 89 89 89 89 89 89 89 89 89 89 89 89 89 89 89 89 89 89 89 87.8 87.8 87.8 87.8 87.8 87.8 87.8 87.8 87.8 87.8 87.8 87.8 87.8 87.8 87.8 87.8 87.8 87.8 87.8 87.8 87.8 87.8 87.8 87.8 87.8 87.8 87.8 87.8 87.8 
88 88 88 88 88 88 88 88 88 88 88 89 89 89 89 89 89 89 89 89 89 89 89 89 89 89 89 89 89 89 89 89 89 89 89 89 89 89 89 89 89 89 89 89 89 89 89 89 89 89 89 89 89 89 89 89 89 89 89 89 89 89 89 89 89 89 89 89 89 89 89 87.8 87.8 87.8 87.8 87.8 87.8 87.8 87.8 87.8 87.8 87.8 87.8 87.8 87.8 87.8 87.8 87.8 87.8 87.8 87.8 87.8 87.8 87.8 87.8 87.8 87.8 87.8 87.8 87.8 
88 88 88 88 88 88 88 88 88 88 88 89 89 89 89 89 89 89 89 89 89 89 89 89 89 89 89 89 89 89 89 89 89 89 89 89 89 89 89 89 89 89 89 89 89 89 89 89 89 89 89 89 89 89 89 89 89 89 89 89 89 89 89 89 89 89 89 89 89 89 89 87.8 87.8 87.8 87.8 87.8 87.8 87.8 87.8 87.8 87.8 87.8 87.8 87.8 87.8 87.8 87.8 87.8 87.8 87.8 87.8 87.8 87.8 87.8 87.8 87.8 87.8 87.8 87.8 87.8 
88 88 88 88 88 88 88 88 88 88 88 89 89 89 89 89 89 89 89 89 89 89 89 89 89 89 89 89 89 89 89 89 89 89 89 89 89 89 89 89 89 89 89 89 89 89 89 89 89 89 89 89 89 89 89 89 89 89 89 89 89 89 89 89 89 89 89 89 89 89 89 87.8 87.8 87.8 87.8 87.8 87.8 87.8 87.8 87.8 87.8 87.8 87.8 87.8 87.8 87.8 87.8 87.8 87.8 87.8 87.8 87.8 87.8 87.8 87.8 87.8 87.8 87.8 87.8 87.8 
88 88 88 88 88 88 88 88 88 88 88 89 89 89 89 89 89 89 89 89 89 89 89 89 89 89 89 89 89 89 89 89 89 89 89 89 89 89 89 89 89 89 89 89 89 89 89 89 89 89 89 89 89 89 89 89 89 89 89 89 89 89 89 89 89 89 89 89 89 89 89 87.8 87.8 87.8 87.8 87.8 87.8 87.8 87.8 87.8 87.8 87.8 87.8 87.8 87.8 87.8 87.8 87.8 87.8 87.8 87.8 87.8 87.8 87.8 87.8 87.8 87.8 87.8 87.8 87.8 
88 88 88 88 88 88 88 88 88 88 88 89 89 89 89 89 89 89 89 89 89 89 89 89 89 89 89 89 89 89 89 89 89 89 89 89 89 89 89 89 89 89 89 89 89 89 89 89 89 89 89 89 89 89 89 89 89 89 89 89 89 89 89 89 89 89 89 89 89 89 89 87.8 87.8 87.8 87.8 87.8 87.8 87.8 87.8 87.8 87.8 87.8 87.8 87.8 87.8 87.8 87.8 87.8 87.8 87.8 87.8 87.8 87.8 87.8 87.8 87.8 87.8 87.8 87.8 87.8 
88 88 88 88 88 88 88 88 88 88 88 89 89 89 89 89 89 89 89 89 89 89 89 89 89 89 89 89 89 89 89 89 89 89 89 89 89 89 89 89 89 89 89 89 89 89 89 89 89 89 89 89 89 89 89 89 89 89 89 89 89 89 89 89 89 89 89 89 89 89 89 87.8 87.8 87.8 87.8 87.8 87.8 87.8 87.8 87.8 87.8 87.8 87.8 87.8 87.8 87.8 87.8 87.8 87.8 87.8 87.8 87.8 87.8 87.8 87.8 87.8 87.8 87.8 87.8 87.8 
88 88 88 88 88 88 88 88 88 88 88 89 89 89 89 89 89 89 89 89 89 89 89 89 89 89 89 89 89 89 89 89 89 89 89 89 89 89 89 89 89 89 89 89 89 89 89 89 89 89 89 89 89 89 89 89 89 89 89 89 89 89 89 89 89 89 89 89 89 89 89 87.8 87.8 87.8 87.8 87.8 87.8 87.8 87.8 87.8 87.8 87.8 87.8 87.8 87.8 87.8 87.8 87.8 87.8 87.8 87.8 87.8 87.8 87.8 87.8 87.8 87.8 87.8 87.8 87.8 
88 88 88 88 88 88 88 88 88 88 88 89 89 89 89 89 89 89 89 89 89 89 89 89 89 89 89 89 89 89 89 89 89 89 89 89 89 89 89 89 89 89 89 89 89 89 89 89 89 89 89 89 89 89 89 89 89 89 89 89 89 89 89 89 89 89 89 89 89 89 89 87.8 87.8 87.8 87.8 87.8 87.8 87.8 87.8 87.8 87.8 87.8 87.8 87.8 87.8 87.8 87.8 87.8 87.8 87.8 87.8 87.8 87.8 87.8 87.8 87.8 87.8 87.8 87.8 87.8 
88 88 88 88 88 88 88 88 88 88 88 89 89 89 89 89 89 89 89 89 89 89 89 89 89 89 89 89 89 89 89 89 89 89 89 89 89 89 89 89 89 89 89 89 89 89 89 89 89 89 89 89 89 89 89 89 89 89 89 89 89 89 89 89 89 89 89 89 89 89 89 87.8 87.8 87.8 87.8 87.8 87.8 87.8 87.8 87.8 87.8 87.8 87.8 87.8 87.8 87.8 87.8 87.8 87.8 87.8 87.8 87.8 87.8 87.8 87.8 87.8 87.8 87.8 87.8 87.8 
88 88 88 88 88 88 88 88 88 88 88 89 89 89 89 89 89 89 89 89 89 89 89 89 89 89 89 89 89 89 89 89 89 89 89 89 89 89 89 89 89 89 89 89 89 89 89 89 89 89 89 89 89 89 89 89 89 89 89 89 89 89 89 89 89 89 89 89 89 89 89 87.8 87.8 87.8 87.8 87.8 87.8 87.8 87.8 87.8 87.8 87.8 87.8 87.8 87.8 87.8 87.8 87.8 87.8 87.8 87.8 87.8 87.8 87.8 87.8 87.8 87.8 87.8 87.8 87.8 
88 88 88 88 88 88 88 88 88 88 88 89 89 89 89 89 89 89 89 89 89 89 89 89 89 89 89 89 89 89 89 89 89 89 89 89 89 89 89 89 89 89 89 89 89 89 89 89 89 89 89 89 89 89 89 89 89 89 89 89 89 89 89 89 89 89 89 89 89 89 89 87.8 87.8 87.8 87.8 87.8 87.8 87.8 87.8 87.8 87.8 87.8 87.8 87.8 87.8 87.8 87.8 87.8 87.8 87.8 87.8 87.8 87.8 87.8 87.8 87.8 87.8 87.8 87.8 87.8 
88 88 88 88 88 88 88 88 88 88 88 89 89 89 89 89 89 89 89 89 89 89 89 89 89 89 89 89 89 89 89 89 89 89 89 89 89 89 89 89 89 89 89 89 89 89 89 89 89 89 89 89 89 89 89 89 89 89 89 89 89 89 89 89 89 89 89 89 89 89 89 87.8 87.8 87.8 87.8 87.8 87.8 87.8 87.8 87.8 87.8 87.8 87.8 87.8 87.8 87.8 87.8 87.8 87.8 87.8 87.8 87.8 87.8 87.8 87.8 87.8 87.8 87.8 87.8 87.8 
88 88 88 88 88 88 88 88 88 88 88 89 89 89 89 89 89 89 89 89 89 89 89 89 89 89 89 89 89 89 89 89 89 89 89 89 89 89 89 89 89 89 89 89 89 89 89 89 89 89 89 89 89 89 89 89 89 89 89 89 89 89 89 89 89 89 89 89 89 89 89 87.8 87.8 87.8 87.8 87.8 87.8 87.8 87.8 87.8 87.8 87.8 87.8 87.8 87.8 87.8 87.8 87.8 87.8 87.8 87.8 87.8 87.8 87.8 87.8 87.8 87.8 87.8 87.8 87.8 
88 88 88 88 88 88 88 88 88 88 88 89 89 89 89 89 89 89 89 89 89 89 89 89 89 89 89 89 89 89 89 89 89 89 89 89 89 89 89 89 89 89 89 89 89 89 89 89 89 89 89 89 89 89 89 89 89 89 89 89 89 89 89 89 89 89 89 89 89 89 89 87.8 87.8 87.8 87.8 87.8 87.8 87.8 87.8 87.8 87.8 87.8 87.8 87.8 87.8 87.8 87.8 87.8 87.8 87.8 87.8 87.8 87.8 87.8 87.8 87.8 87.8 87.8 87.8 87.8 
88 88 88 88 88 88 88 88 88 88 88 89 89 89 89 89 89 89 89 89 89 89 89 89 89 89 89 89 89 89 89 89 89 89 89 89 89 89 89 89 89 89 89 89 89 89 89 89 89 89 89 89 89 89 89 89 89 89 89 89 89 89 89 89 89 89 89 89 89 89 89 87.8 87.8 87.8 87.8 87.8 87.8 87.8 87.8 87.8 87.8 87.8 87.8 87.8 87.8 87.8 87.8 87.8 87.8 87.8 87.8 87.8 87.8 87.8 87.8 87.8 87.8 87.8 87.8 87.8 
88 88 88 88 88 88 88 88 88 88 88 89 89 89 89 89 89 89 89 89 89 89 89 89 89 89 89 89 89 89 89 89 89 89 89 89 89 89 89 89 89 89 89 89 89 89 89 89 89 89 89 89 89 89 89 89 89 89 89 89 89 89 89 89 89 89 89 89 89 89 89 87.8 87.8 87.8 87.8 87.8 87.8 87.8 87.8 87.8 87.8 87.8 87.8 87.8 87.8 87.8 87.8 87.8 87.8 87.8 87.8 87.8 87.8 87.8 87.8 87.8 87.8 87.8 87.8 87.8 
88 88 88 88 88 88 88 88 88 88 88 89 89 89 89 89 89 89 89 89 89 89 89 89 89 89 89 89 89 89 89 89 89 89 89 89 89 89 89 89 89 89 89 89 89 89 89 89 89 89 89 89 89 89 89 89 89 89 89 89 89 89 89 89 89 89 89 89 89 89 89 87.8 87.8 87.8 87.8 87.8 87.8 87.8 87.8 87.8 87.8 87.8 87.8 87.8 87.8 87.8 87.8 87.8 87.8 87.8 87.8 87.8 87.8 87.8 87.8 87.8 87.8 87.8 87.8 87.8 
109.5 109.5 109.5 109.5 109.5 109.5 109.5 109.5 109.5 109.5 109.5 108.8 108.8 108.8 108.8 108.8 108.8 108.8 108.8 108.8 108.8 108.8 108.8 108.8 108.8 108.8 108.8 108.8 108.8 108.8 108.8 108.8 108.8 108.8 108.8 108.8 108.8 108.8 108.8 108.8 108.8 108.8 108.8 108.8 108.8 108.8 108.8 108.8 108.8 108.8 108.8 108.8 108.8 108.8 108.8 108.8 108.8 108.8 108.8 108.8 108.8 108.8 108.8 108.8 108.8 108.8 108.8 108.8 108.8 108.8 108.8 103.7 103.7 103.7 103.7 103.7 103.7 103.7 103.7 103.7 103.7 103.7 103.7 103.7 103.7 103.7 103.7 103.7 103.7 103.7 103.7 103.7 103.7 103.7 103.7 103.7 103.7 103.7 103.7 103.7 
109.5 109.5 109.5 109.5 109.5 109.5 109.5 109.5 109.5 109.5 109.5 108.8 108.8 108.8 108.8 108.8 108.8 108.8 108.8 108.8 108.8 108.8 108.8 108.8 108.8 108.8 108.8 108.8 108.8 108.8 108.8 108.8 108.8 108.8 108.8 108.8 108.8 108.8 108.8 108.8 108.8 108.8 108.8 108.8 108.8 108.8 108.8 108.8 108.8 108.8 108.8 108.8 108.8 108.8 108.8 108.8 108.8 108.8 108.8 108.8 108.8 108.8 108.8 108.8 108.8 108.8 108.8 108.8 108.8 108.8 108.8 103.7 103.7 103.7 103.7 103.7 103.7 103.7 103.7 103.7 103.7 103.7 103.7 103.7 103.7 103.7 103.7 103.7 103.7 103.7 103.7 103.7 103.7 103.7 103.7 103.7 103.7 103.7 103.7 103.7 
109.5 109.5 109.5 109.5 109.5 109.5 109.5 109.5 109.5 109.5 109.5 108.8 108.8 108.8 108.8 108.8 108.8 108.8 108.8 108.8 108.8 108.8 108.8 108.8 108.8 108.8 108.8 108.8 108.8 108.8 108.8 108.8 108.8 108.8 108.8 108.8 108.8 108.8 108.8 108.8 108.8 108.8 108.8 108.8 108.8 108.8 108.8 108.8 108.8 108.8 108.8 108.8 108.8 108.8 108.8 108.8 108.8 108.8 108.8 108.8 108.8 108.8 108.8 108.8 108.8 108.8 108.8 108.8 108.8 108.8 108.8 103.7 103.7 103.7 103.7 103.7 103.7 103.7 103.7 103.7 103.7 103.7 103.7 103.7 103.7 103.7 103.7 103.7 103.7 103.7 103.7 103.7 103.7 103.7 103.7 103.7 103.7 103.7 103.7 103.7 
109.5 109.5 109.5 109.5 109.5 109.5 109.5 109.5 109.5 109.5 109.5 108.8 108.8 108.8 108.8 108.8 108.8 108.8 108.8 108.8 108.8 108.8 108.8 108.8 108.8 108.8 108.8 108.8 108.8 108.8 108.8 108.8 108.8 108.8 108.8 108.8 108.8 108.8 108.8 108.8 108.8 108.8 108.8 108.8 108.8 108.8 108.8 108.8 108.8 108.8 108.8 108.8 108.8 108.8 108.8 108.8 108.8 108.8 108.8 108.8 108.8 108.8 108.8 108.8 108.8 108.8 108.8 108.8 108.8 108.8 108.8 103.7 103.7 103.7 103.7 103.7 103.7 103.7 103.7 103.7 103.7 103.7 103.7 103.7 103.7 103.7 103.7 103.7 103.7 103.7 103.7 103.7 103.7 103.7 103.7 103.7 103.7 103.7 103.7 103.7 
109.5 109.5 109.5 109.5 109.5 109.5 109.5 109.5 109.5 109.5 109.5 108.8 108.8 108.8 108.8 108.8 108.8 108.8 108.8 108.8 108.8 108.8 108.8 108.8 108.8 108.8 108.8 108.8 108.8 108.8 108.8 108.8 108.8 108.8 108.8 108.8 108.8 108.8 108.8 108.8 108.8 108.8 108.8 108.8 108.8 108.8 108.8 108.8 108.8 108.8 108.8 108.8 108.8 108.8 108.8 108.8 108.8 108.8 108.8 108.8 108.8 108.8 108.8 108.8 108.8 108.8 108.8 108.8 108.8 108.8 108.8 103.7 103.7 103.7 103.7 103.7 103.7 103.7 103.7 103.7 103.7 103.7 103.7 103.7 103.7 103.7 103.7 103.7 103.7 103.7 103.7 103.7 103.7 103.7 103.7 103.7 103.7 103.7 103.7 103.7 
109.5 109.5 109.5 109.5 109.5 109.5 109.5 109.5 109.5 109.5 109.5 108.8 108.8 108.8 108.8 108.8 108.8 108.8 108.8 108.8 108.8 108.8 108.8 108.8 108.8 108.8 108.8 108.8 108.8 108.8 108.8 108.8 108.8 108.8 108.8 108.8 108.8 108.8 108.8 108.8 108.8 108.8 108.8 108.8 108.8 108.8 108.8 108.8 108.8 108.8 108.8 108.8 108.8 108.8 108.8 108.8 108.8 108.8 108.8 108.8 108.8 108.8 108.8 108.8 108.8 108.8 108.8 108.8 108.8 108.8 108.8 103.7 103.7 103.7 103.7 103.7 103.7 103.7 103.7 103.7 103.7 103.7 103.7 103.7 103.7 103.7 103.7 103.7 103.7 103.7 103.7 103.7 103.7 103.7 103.7 103.7 103.7 103.7 103.7 103.7 
109.5 109.5 109.5 109.5 109.5 109.5 109.5 109.5 109.5 109.5 109.5 108.8 108.8 108.8 108.8 108.8 108.8 108.8 108.8 108.8 108.8 108.8 108.8 108.8 108.8 108.8 108.8 108.8 108.8 108.8 108.8 108.8 108.8 108.8 108.8 108.8 108.8 108.8 108.8 108.8 108.8 108.8 108.8 108.8 108.8 108.8 108.8 108.8 108.8 108.8 108.8 108.8 108.8 108.8 108.8 108.8 108.8 108.8 108.8 108.8 108.8 108.8 108.8 108.8 108.8 108.8 108.8 108.8 108.8 108.8 108.8 103.7 103.7 103.7 103.7 103.7 103.7 103.7 103.7 103.7 103.7 103.7 103.7 103.7 103.7 103.7 103.7 103.7 103.7 103.7 103.7 103.7 103.7 103.7 103.7 103.7 103.7 103.7 103.7 103.7 
109.5 109.5 109.5 109.5 109.5 109.5 109.5 109.5 109.5 109.5 109.5 108.8 108.8 108.8 108.8 108.8 108.8 108.8 108.8 108.8 108.8 108.8 108.8 108.8 108.8 108.8 108.8 108.8 108.8 108.8 108.8 108.8 108.8 108.8 108.8 108.8 108.8 108.8 108.8 108.8 108.8 108.8 108.8 108.8 108.8 108.8 108.8 108.8 108.8 108.8 108.8 108.8 108.8 108.8 108.8 108.8 108.8 108.8 108.8 108.8 108.8 108.8 108.8 108.8 108.8 108.8 108.8 108.8 108.8 108.8 108.8 103.7 103.7 103.7 103.7 103.7 103.7 103.7 103.7 103.7 103.7 103.7 103.7 103.7 103.7 103.7 103.7 103.7 103.7 103.7 103.7 103.7 103.7 103.7 103.7 103.7 103.7 103.7 103.7 103.7 
109.5 109.5 109.5 109.5 109.5 109.5 109.5 109.5 109.5 109.5 109.5 108.8 108.8 108.8 108.8 108.8 108.8 108.8 108.8 108.8 108.8 108.8 108.8 108.8 108.8 108.8 108.8 108.8 108.8 108.8 108.8 108.8 108.8 108.8 108.8 108.8 108.8 108.8 108.8 108.8 108.8 108.8 108.8 108.8 108.8 108.8 108.8 108.8 108.8 108.8 108.8 108.8 108.8 108.8 108.8 108.8 108.8 108.8 108.8 108.8 108.8 108.8 108.8 108.8 108.8 108.8 108.8 108.8 108.8 108.8 108.8 103.7 103.7 103.7 103.7 103.7 103.7 103.7 103.7 103.7 103.7 103.7 103.7 103.7 103.7 103.7 103.7 103.7 103.7 103.7 103.7 103.7 103.7 103.7 103.7 103.7 103.7 103.7 103.7 103.7 
109.5 109.5 109.5 109.5 109.5 109.5 109.5 109.5 109.5 109.5 109.5 108.8 108.8 108.8 108.8 108.8 108.8 108.8 108.8 108.8 108.8 108.8 108.8 108.8 108.8 108.8 108.8 108.8 108.8 108.8 108.8 108.8 108.8 108.8 108.8 108.8 108.8 108.8 108.8 108.8 108.8 108.8 108.8 108.8 108.8 108.8 108.8 108.8 108.8 108.8 108.8 108.8 108.8 108.8 108.8 108.8 108.8 108.8 108.8 108.8 108.8 108.8 108.8 108.8 108.8 108.8 108.8 108.8 108.8 108.8 108.8 103.7 103.7 103.7 103.7 103.7 103.7 103.7 103.7 103.7 103.7 103.7 103.7 103.7 103.7 103.7 103.7 103.7 103.7 103.7 103.7 103.7 103.7 103.7 103.7 103.7 103.7 103.7 103.7 103.7 
109.5 109.5 109.5 109.5 109.5 109.5 109.5 109.5 109.5 109.5 109.5 108.8 108.8 108.8 108.8 108.8 108.8 108.8 108.8 108.8 108.8 108.8 108.8 108.8 108.8 108.8 108.8 108.8 108.8 108.8 108.8 108.8 108.8 108.8 108.8 108.8 108.8 108.8 108.8 108.8 108.8 108.8 108.8 108.8 108.8 108.8 108.8 108.8 108.8 108.8 108.8 108.8 108.8 108.8 108.8 108.8 108.8 108.8 108.8 108.8 108.8 108.8 108.8 108.8 108.8 108.8 108.8 108.8 108.8 108.8 108.8 103.7 103.7 103.7 103.7 103.7 103.7 103.7 103.7 103.7 103.7 103.7 103.7 103.7 103.7 103.7 103.7 103.7 103.7 103.7 103.7 103.7 103.7 103.7 103.7 103.7 103.7 103.7 103.7 103.7 
109.5 109.5 109.5 109.5 109.5 109.5 109.5 109.5 109.5 109.5 109.5 108.8 108.8 108.8 108.8 108.8 108.8 108.8 108.8 108.8 108.8 108.8 108.8 108.8 108.8 108.8 108.8 108.8 108.8 108.8 108.8 108.8 108.8 108.8 108.8 108.8 108.8 108.8 108.8 108.8 108.8 108.8 108.8 108.8 108.8 108.8 108.8 108.8 108.8 108.8 108.8 108.8 108.8 108.8 108.8 108.8 108.8 108.8 108.8 108.8 108.8 108.8 108.8 108.8 108.8 108.8 108.8 108.8 108.8 108.8 108.8 103.7 103.7 103.7 103.7 103.7 103.7 103.7 103.7 103.7 103.7 103.7 103.7 103.7 103.7 103.7 103.7 103.7 103.7 103.7 103.7 103.7 103.7 103.7 103.7 103.7 103.7 103.7 103.7 103.7 
109.5 109.5 109.5 109.5 109.5 109.5 109.5 109.5 109.5 109.5 109.5 108.8 108.8 108.8 108.8 108.8 108.8 108.8 108.8 108.8 108.8 108.8 108.8 108.8 108.8 108.8 108.8 108.8 108.8 108.8 108.8 108.8 108.8 108.8 108.8 108.8 108.8 108.8 108.8 108.8 108.8 108.8 108.8 108.8 108.8 108.8 108.8 108.8 108.8 108.8 108.8 108.8 108.8 108.8 108.8 108.8 108.8 108.8 108.8 108.8 108.8 108.8 108.8 108.8 108.8 108.8 108.8 108.8 108.8 108.8 108.8 103.7 103.7 103.7 103.7 103.7 103.7 103.7 103.7 103.7 103.7 103.7 103.7 103.7 103.7 103.7 103.7 103.7 103.7 103.7 103.7 103.7 103.7 103.7 103.7 103.7 103.7 103.7 103.7 103.7 
109.5 109.5 109.5 109.5 109.5 109.5 109.5 109.5 109.5 109.5 109.5 108.8 108.8 108.8 108.8 108.8 108.8 108.8 108.8 108.8 108.8 108.8 108.8 108.8 108.8 108.8 108.8 108.8 108.8 108.8 108.8 108.8 108.8 108.8 108.8 108.8 108.8 108.8 108.8 108.8 108.8 108.8 108.8 108.8 108.8 108.8 108.8 108.8 108.8 108.8 108.8 108.8 108.8 108.8 108.8 108.8 108.8 108.8 108.8 108.8 108.8 108.8 108.8 108.8 108.8 108.8 108.8 108.8 108.8 108.8 108.8 103.7 103.7 103.7 103.7 103.7 103.7 103.7 103.7 103.7 103.7 103.7 103.7 103.7 103.7 103.7 103.7 103.7 103.7 103.7 103.7 103.7 103.7 103.7 103.7 103.7 103.7 103.7 103.7 103.7 
109.5 109.5 109.5 109.5 109.5 109.5 109.5 109.5 109.5 109.5 109.5 108.8 108.8 108.8 108.8 108.8 108.8 108.8 108.8 108.8 108.8 108.8 108.8 108.8 108.8 108.8 108.8 108.8 108.8 108.8 108.8 108.8 108.8 108.8 108.8 108.8 108.8 108.8 108.8 108.8 108.8 108.8 108.8 108.8 108.8 108.8 108.8 108.8 108.8 108.8 108.8 108.8 108.8 108.8 108.8 108.8 108.8 108.8 108.8 108.8 108.8 108.8 108.8 108.8 108.8 108.8 108.8 108.8 108.8 108.8 108.8 103.7 103.7 103.7 103.7 103.7 103.7 103.7 103.7 103.7 103.7 103.7 103.7 103.7 103.7 103.7 103.7 103.7 103.7 103.7 103.7 103.7 103.7 103.7 103.7 103.7 103.7 103.7 103.7 103.7 
109.5 109.5 109.5 109.5 109.5 109.5 109.5 109.5 109.5 109.5 109.5 108.8 108.8 108.8 108.8 108.8 108.8 108.8 108.8 108.8 108.8 108.8 108.8 108.8 108.8 108.8 108.8 108.8 108.8 108.8 108.8 108.8 108.8 108.8 108.8 108.8 108.8 108.8 108.8 108.8 108.8 108.8 108.8 108.8 108.8 108.8 108.8 108.8 108.8 108.8 108.8 108.8 108.8 108.8 108.8 108.8 108.8 108.8 108.8 108.8 108.8 108.8 108.8 108.8 108.8 108.8 108.8 108.8 108.8 108.8 108.8 103.7 103.7 103.7 103.7 103.7 103.7 103.7 103.7 103.7 103.7 103.7 103.7 103.7 103.7 103.7 103.7 103.7 103.7 103.7 103.7 103.7 103.7 103.7 103.7 103.7 103.7 103.7 103.7 103.7 
109.5 109.5 109.5 109.5 109.5 109.5 109.5 109.5 109.5 109.5 109.5 108.8 108.8 108.8 108.8 108.8 108.8 108.8 108.8 108.8 108.8 108.8 108.8 108.8 108.8 108.8 108.8 108.8 108.8 108.8 108.8 108.8 108.8 108.8 108.8 108.8 108.8 108.8 108.8 108.8 108.8 108.8 108.8 108.8 108.8 108.8 108.8 108.8 108.8 108.8 108.8 108.8 108.8 108.8 108.8 108.8 108.8 108.8 108.8 108.8 108.8 108.8 108.8 108.8 108.8 108.8 108.8 108.8 108.8 108.8 108.8 103.7 103.7 103.7 103.7 103.7 103.7 103.7 103.7 103.7 103.7 103.7 103.7 103.7 103.7 103.7 103.7 103.7 103.7 103.7 103.7 103.7 103.7 103.7 103.7 103.7 103.7 103.7 103.7 103.7 
109.5 109.5 109.5 109.5 109.5 109.5 109.5 109.5 109.5 109.5 109.5 108.8 108.8 108.8 108.8 108.8 108.8 108.8 108.8 108.8 108.8 108.8 108.8 108.8 108.8 108.8 108.8 108.8 108.8 108.8 108.8 108.8 108.8 108.8 108.8 108.8 108.8 108.8 108.8 108.8 108.8 108.8 108.8 108.8 108.8 108.8 108.8 108.8 108.8 108.8 108.8 108.8 108.8 108.8 108.8 108.8 108.8 108.8 108.8 108.8 108.8 108.8 108.8 108.8 108.8 108.8 108.8 108.8 108.8 108.8 108.8 103.7 103.7 103.7 103.7 103.7 103.7 103.7 103.7 103.7 103.7 103.7 103.7 103.7 103.7 103.7 103.7 103.7 103.7 103.7 103.7 103.7 103.7 103.7 103.7 103.7 103.7 103.7 103.7 103.7 
109.5 109.5 109.5 109.5 109.5 109.5 109.5 109.5 109.5 109.5 109.5 108.8 108.8 108.8 108.8 108.8 108.8 108.8 108.8 108.8 108.8 108.8 108.8 108.8 108.8 108.8 108.8 108.8 108.8 108.8 108.8 108.8 108.8 108.8 108.8 108.8 108.8 108.8 108.8 108.8 108.8 108.8 108.8 108.8 108.8 108.8 108.8 108.8 108.8 108.8 108.8 108.8 108.8 108.8 108.8 108.8 108.8 108.8 108.8 108.8 108.8 108.8 108.8 108.8 108.8 108.8 108.8 108.8 108.8 108.8 108.8 103.7 103.7 103.7 103.7 103.7 103.7 103.7 103.7 103.7 103.7 103.7 103.7 103.7 103.7 103.7 103.7 103.7 103.7 103.7 103.7 103.7 103.7 103.7 103.7 103.7 103.7 103.7 103.7 103.7 
109.5 109.5 109.5 109.5 109.5 109.5 109.5 109.5 109.5 109.5 109.5 108.8 108.8 108.8 108.8 108.8 108.8 108.8 108.8 108.8 108.8 108.8 108.8 108.8 108.8 108.8 108.8 108.8 108.8 108.8 108.8 108.8 108.8 108.8 108.8 108.8 108.8 108.8 108.8 108.8 108.8 108.8 108.8 108.8 108.8 108.8 108.8 108.8 108.8 108.8 108.8 108.8 108.8 108.8 108.8 108.8 108.8 108.8 108.8 108.8 108.8 108.8 108.8 108.8 108.8 108.8 108.8 108.8 108.8 108.8 108.8 103.7 103.7 103.7 103.7 103.7 103.7 103.7 103.7 103.7 103.7 103.7 103.7 103.7 103.7 103.7 103.7 103.7 103.7 103.7 103.7 103.7 103.7 103.7 103.7 103.7 103.7 103.7 103.7 103.7 
109.5 109.5 109.5 109.5 109.5 109.5 109.5 109.5 109.5 109.5 109.5 108.8 108.8 108.8 108.8 108.8 108.8 108.8 108.8 108.8 108.8 108.8 108.8 108.8 108.8 108.8 108.8 108.8 108.8 108.8 108.8 108.8 108.8 108.8 108.8 108.8 108.8 108.8 108.8 108.8 108.8 108.8 108.8 108.8 108.8 108.8 108.8 108.8 108.8 108.8 108.8 108.8 108.8 108.8 108.8 108.8 108.8 108.8 108.8 108.8 108.8 108.8 108.8 108.8 108.8 108.8 108.8 108.8 108.8 108.8 108.8 103.7 103.7 103.7 103.7 103.7 103.7 103.7 103.7 103.7 103.7 103.7 103.7 103.7 103.7 103.7 103.7 103.7 103.7 103.7 103.7 103.7 103.7 103.7 103.7 103.7 103.7 103.7 103.7 103.7 
109.5 109.5 109.5 109.5 109.5 109.5 109.5 109.5 109.5 109.5 109.5 108.8 108.8 108.8 108.8 108.8 108.8 108.8 108.8 108.8 108.8 108.8 108.8 108.8 108.8 108.8 108.8 108.8 108.8 108.8 108.8 108.8 108.8 108.8 108.8 108.8 108.8 108.8 108.8 108.8 108.8 108.8 108.8 108.8 108.8 108.8 108.8 108.8 108.8 108.8 108.8 108.8 108.8 108.8 108.8 108.8 108.8 108.8 108.8 108.8 108.8 108.8 108.8 108.8 108.8 108.8 108.8 108.8 108.8 108.8 108.8 103.7 103.7 103.7 103.7 103.7 103.7 103.7 103.7 103.7 103.7 103.7 103.7 103.7 103.7 103.7 103.7 103.7 103.7 103.7 103.7 103.7 103.7 103.7 103.7 103.7 103.7 103.7 103.7 103.7 
109.5 109.5 109.5 109.5 109.5 109.5 109.5 109.5 109.5 109.5 109.5 108.8 108.8 108.8 108.8 108.8 108.8 108.8 108.8 108.8 108.8 108.8 108.8 108.8 108.8 108.8 108.8 108.8 108.8 108.8 108.8 108.8 108.8 108.8 108.8 108.8 108.8 108.8 108.8 108.8 108.8 108.8 108.8 108.8 108.8 108.8 108.8 108.8 108.8 108.8 108.8 108.8 108.8 108.8 108.8 108.8 108.8 108.8 108.8 108.8 108.8 108.8 108.8 108.8 108.8 108.8 108.8 108.8 108.8 108.8 108.8 103.7 103.7 103.7 103.7 103.7 103.7 103.7 103.7 103.7 103.7 103.7 103.7 103.7 103.7 103.7 103.7 103.7 103.7 103.7 103.7 103.7 103.7 103.7 103.7 103.7 103.7 103.7 103.7 103.7 
109.5 109.5 109.5 109.5 109.5 109.5 109.5 109.5 109.5 109.5 109.5 108.8 108.8 108.8 108.8 108.8 108.8 108.8 108.8 108.8 108.8 108.8 108.8 108.8 108.8 108.8 108.8 108.8 108.8 108.8 108.8 108.8 108.8 108.8 108.8 108.8 108.8 108.8 108.8 108.8 108.8 108.8 108.8 108.8 108.8 108.8 108.8 108.8 108.8 108.8 108.8 108.8 108.8 108.8 108.8 108.8 108.8 108.8 108.8 108.8 108.8 108.8 108.8 108.8 108.8 108.8 108.8 108.8 108.8 108.8 108.8 103.7 103.7 103.7 103.7 103.7 103.7 103.7 103.7 103.7 103.7 103.7 103.7 103.7 103.7 103.7 103.7 103.7 103.7 103.7 103.7 103.7 103.7 103.7 103.7 103.7 103.7 103.7 103.7 103.7 
109.5 109.5 109.5 109.5 109.5 109.5 109.5 109.5 109.5 109.5 109.5 108.8 108.8 108.8 108.8 108.8 108.8 108.8 108.8 108.8 108.8 108.8 108.8 108.8 108.8 108.8 108.8 108.8 108.8 108.8 108.8 108.8 108.8 108.8 108.8 108.8 108.8 108.8 108.8 108.8 108.8 108.8 108.8 108.8 108.8 108.8 108.8 108.8 108.8 108.8 108.8 108.8 108.8 108.8 108.8 108.8 108.8 108.8 108.8 108.8 108.8 108.8 108.8 108.8 108.8 108.8 108.8 108.8 108.8 108.8 108.8 103.7 103.7 103.7 103.7 103.7 103.7 103.7 103.7 103.7 103.7 103.7 103.7 103.7 103.7 103.7 103.7 103.7 103.7 103.7 103.7 103.7 103.7 103.7 103.7 103.7 103.7 103.7 103.7 103.7 
109.5 109.5 109.5 109.5 109.5 109.5 109.5 109.5 109.5 109.5 109.5 108.8 108.8 108.8 108.8 108.8 108.8 108.8 108.8 108.8 108.8 108.8 108.8 108.8 108.8 108.8 108.8 108.8 108.8 108.8 108.8 108.8 108.8 108.8 108.8 108.8 108.8 108.8 108.8 108.8 108.8 108.8 108.8 108.8 108.8 108.8 108.8 108.8 108.8 108.8 108.8 108.8 108.8 108.8 108.8 108.8 108.8 108.8 108.8 108.8 108.8 108.8 108.8 108.8 108.8 108.8 108.8 108.8 108.8 108.8 108.8 103.7 103.7 103.7 103.7 103.7 103.7 103.7 103.7 103.7 103.7 103.7 103.7 103.7 103.7 103.7 103.7 103.7 103.7 103.7 103.7 103.7 103.7 103.7 103.7 103.7 103.7 103.7 103.7 103.7 
109.5 109.5 109.5 109.5 109.5 109.5 109.5 109.5 109.5 109.5 109.5 108.8 108.8 108.8 108.8 108.8 108.8 108.8 108.8 108.8 108.8 108.8 108.8 108.8 108.8 108.8 108.8 108.8 108.8 108.8 108.8 108.8 108.8 108.8 108.8 108.8 108.8 108.8 108.8 108.8 108.8 108.8 108.8 108.8 108.8 108.8 108.8 108.8 108.8 108.8 108.8 108.8 108.8 108.8 108.8 108.8 108.8 108.8 108.8 108.8 108.8 108.8 108.8 108.8 108.8 108.8 108.8 108.8 108.8 108.8 108.8 103.7 103.7 103.7 103.7 103.7 103.7 103.7 103.7 103.7 103.7 103.7 103.7 103.7 103.7 103.7 103.7 103.7 103.7 103.7 103.7 103.7 103.7 103.7 103.7 103.7 103.7 103.7 103.7 103.7 
109.5 109.5 109.5 109.5 109.5 109.5 109.5 109.5 109.5 109.5 109.5 108.8 108.8 108.8 108.8 108.8 108.8 108.8 108.8 108.8 108.8 108.8 108.8 108.8 108.8 108.8 108.8 108.8 108.8 108.8 108.8 108.8 108.8 108.8 108.8 108.8 108.8 108.8 108.8 108.8 108.8 108.8 108.8 108.8 108.8 108.8 108.8 108.8 108.8 108.8 108.8 108.8 108.8 108.8 108.8 108.8 108.8 108.8 108.8 108.8 108.8 108.8 108.8 108.8 108.8 108.8 108.8 108.8 108.8 108.8 108.8 103.7 103.7 103.7 103.7 103.7 103.7 103.7 103.7 103.7 103.7 103.7 103.7 103.7 103.7 103.7 103.7 103.7 103.7 103.7 103.7 103.7 103.7 103.7 103.7 103.7 103.7 103.7 103.7 103.7 
109.5 109.5 109.5 109.5 109.5 109.5 109.5 109.5 109.5 109.5 109.5 108.8 108.8 108.8 108.8 108.8 108.8 108.8 108.8 108.8 108.8 108.8 108.8 108.8 108.8 108.8 108.8 108.8 108.8 108.8 108.8 108.8 108.8 108.8 108.8 108.8 108.8 108.8 108.8 108.8 108.8 108.8 108.8 108.8 108.8 108.8 108.8 108.8 108.8 108.8 108.8 108.8 108.8 108.8 108.8 108.8 108.8 108.8 108.8 108.8 108.8 108.8 108.8 108.8 108.8 108.8 108.8 108.8 108.8 108.8 108.8 103.7 103.7 103.7 103.7 103.7 103.7 103.7 103.7 103.7 103.7 103.7 103.7 103.7 103.7 103.7 103.7 103.7 103.7 103.7 103.7 103.7 103.7 103.7 103.7 103.7 103.7 103.7 103.7 103.7 
109.5 109.5 109.5 109.5 109.5 109.5 109.5 109.5 109.5 109.5 109.5 108.8 108.8 108.8 108.8 108.8 108.8 108.8 108.8 108.8 108.8 108.8 108.8 108.8 108.8 108.8 108.8 108.8 108.8 108.8 108.8 108.8 108.8 108.8 108.8 108.8 108.8 108.8 108.8 108.8 108.8 108.8 108.8 108.8 108.8 108.8 108.8 108.8 108.8 108.8 108.8 108.8 108.8 108.8 108.8 108.8 108.8 108.8 108.8 108.8 108.8 108.8 108.8 108.8 108.8 108.8 108.8 108.8 108.8 108.8 108.8 103.7 103.7 103.7 103.7 103.7 103.7 103.7 103.7 103.7 103.7 103.7 103.7 103.7 103.7 103.7 103.7 103.7 103.7 103.7 103.7 103.7 103.7 103.7 103.7 103.7 103.7 103.7 103.7 103.7 
109.5 109.5 109.5 109.5 109.5 109.5 109.5 109.5 109.5 109.5 109.5 108.8 108.8 108.8 108.8 108.8 108.8 108.8 108.8 108.8 108.8 108.8 108.8 108.8 108.8 108.8 108.8 108.8 108.8 108.8 108.8 108.8 108.8 108.8 108.8 108.8 108.8 108.8 108.8 108.8 108.8 108.8 108.8 108.8 108.8 108.8 108.8 108.8 108.8 108.8 108.8 108.8 108.8 108.8 108.8 108.8 108.8 108.8 108.8 108.8 108.8 108.8 108.8 108.8 108.8 108.8 108.8 108.8 108.8 108.8 108.8 103.7 103.7 103.7 103.7 103.7 103.7 103.7 103.7 103.7 103.7 103.7 103.7 103.7 103.7 103.7 103.7 103.7 103.7 103.7 103.7 103.7 103.7 103.7 103.7 103.7 103.7 103.7 103.7 103.7 
