ncols         100
nrows         100
xllcorner     -59982.863281
yllcorner     1851083.022172
cellsize      1000
NODATA_value  -9999
124.6 124.6 124.6 124.6 124.6 124.6 124.6 124.6 124.6 124.6 124.6 115.6 115.6 115.6 115.6 115.6 115.6 115.6 115.6 115.6 115.6 115.6 115.6 115.6 115.6 115.6 115.6 115.6 115.6 115.6 115.6 115.6 115.6 115.6 115.6 115.6 115.6 115.6 115.6 115.6 115.6 115.6 115.6 115.6 115.6 115.6 115.6 115.6 115.6 115.6 115.6 115.6 115.6 115.6 115.6 115.6 115.6 115.6 115.6 115.6 115.6 115.6 115.6 115.6 115.6 115.6 115.6 115.6 115.6 115.6 115.6 107.7 107.7 107.7 107.7 107.7 107.7 107.7 107.7 107.7 107.7 107.7 107.7 107.7 107.7 107.7 107.7 107.7 107.7 107.7 107.7 107.7 107.7 107.7 107.7 107.7 107.7 107.7 107.7 107.7 
124.6 124.6 124.6 124.6 124.6 124.6 124.6 124.6 124.6 124.6 124.6 115.6 115.6 115.6 115.6 115.6 115.6 115.6 115.6 115.6 115.6 115.6 115.6 115.6 115.6 115.6 115.6 115.6 115.6 115.6 115.6 115.6 115.6 115.6 115.6 115.6 115.6 115.6 115.6 115.6 115.6 115.6 115.6 115.6 115.6 115.6 115.6 115.6 115.6 115.6 115.6 115.6 115.6 115.6 115.6 115.6 115.6 115.6 115.6 115.6 115.6 115.6 115.6 115.6 115.6 115.6 115.6 115.6 115.6 115.6 115.6 107.7 107.7 107.7 107.7 107.7 107.7 107.7 107.7 107.7 107.7 107.7 107.7 107.7 107.7 107.7 107.7 107.7 107.7 107.7 107.7 107.7 107.7 107.7 107.7 107.7 107.7 107.7 107.7 107.7 
124.6 124.6 124.6 124.6 124.6 124.6 124.6 124.6 124.6 124.6 124.6 115.6 115.6 115.6 115.6 115.6 115.6 115.6 115.6 115.6 115.6 115.6 115.6 115.6 115.6 115.6 115.6 115.6 115.6 115.6 115.6 115.6 115.6 115.6 115.6 115.6 115.6 115.6 115.6 115.6 115.6 115.6 115.6 115.6 115.6 115.6 115.6 115.6 115.6 115.6 115.6 115.6 115.6 115.6 115.6 115.6 115.6 115.6 115.6 115.6 115.6 115.6 115.6 115.6 115.6 115.6 115.6 115.6 115.6 115.6 115.6 107.7 107.7 107.7 107.7 107.7 107.7 107.7 107.7 107.7 107.7 107.7 107.7 107.7 107.7 107.7 107.7 107.7 107.7 107.7 107.7 107.7 107.7 107.7 107.7 107.7 107.7 107.7 107.7 107.7 
124.6 124.6 124.6 124.6 124.6 124.6 124.6 124.6 124.6 124.6 124.6 115.6 115.6 115.6 115.6 115.6 115.6 115.6 115.6 115.6 115.6 115.6 115.6 115.6 115.6 115.6 115.6 115.6 115.6 115.6 115.6 115.6 115.6 115.6 115.6 115.6 115.6 115.6 115.6 115.6 115.6 115.6 115.6 115.6 115.6 115.6 115.6 115.6 115.6 115.6 115.6 115.6 115.6 115.6 115.6 115.6 115.6 115.6 115.6 115.6 115.6 115.6 115.6 115.6 115.6 115.6 115.6 115.6 115.6 115.6 115.6 107.7 107.7 107.7 107.7 107.7 107.7 107.7 107.7 107.7 107.7 107.7 107.7 107.7 107.7 107.7 107.7 107.7 107.7 107.7 107.7 107.7 107.7 107.7 107.7 107.7 107.7 107.7 107.7 107.7 
124.6 124.6 124.6 124.6 124.6 124.6 124.6 124.6 124.6 124.6 124.6 115.6 115.6 115.6 115.6 115.6 115.6 115.6 115.6 115.6 115.6 115.6 115.6 115.6 115.6 115.6 115.6 115.6 115.6 115.6 115.6 115.6 115.6 115.6 115.6 115.6 115.6 115.6 115.6 115.6 115.6 115.6 115.6 115.6 115.6 115.6 115.6 115.6 115.6 115.6 115.6 115.6 115.6 115.6 115.6 115.6 115.6 115.6 115.6 115.6 115.6 115.6 115.6 115.6 115.6 115.6 115.6 115.6 115.6 115.6 115.6 107.7 107.7 107.7 107.7 107.7 107.7 107.7 107.7 107.7 107.7 107.7 107.7 107.7 107.7 107.7 107.7 107.7 107.7 107.7 107.7 107.7 107.7 107.7 107.7 107.7 107.7 107.7 107.7 107.7 
124.6 124.6 124.6 124.6 124.6 124.6 124.6 124.6 124.6 124.6 124.6 115.6 115.6 115.6 115.6 115.6 115.6 115.6 115.6 115.6 115.6 115.6 115.6 115.6 115.6 115.6 115.6 115.6 115.6 115.6 115.6 115.6 115.6 115.6 115.6 115.6 115.6 115.6 115.6 115.6 115.6 115.6 115.6 115.6 115.6 115.6 115.6 115.6 115.6 115.6 115.6 115.6 115.6 115.6 115.6 115.6 115.6 115.6 115.6 115.6 115.6 115.6 115.6 115.6 115.6 115.6 115.6 115.6 115.6 115.6 115.6 107.7 107.7 107.7 107.7 107.7 107.7 107.7 107.7 107.7 107.7 107.7 107.7 107.7 107.7 107.7 107.7 107.7 107.7 107.7 107.7 107.7 107.7 107.7 107.7 107.7 107.7 107.7 107.7 107.7 
124.6 124.6 124.6 124.6 124.6 124.6 124.6 124.6 124.6 124.6 124.6 115.6 115.6 115.6 115.6 115.6 115.6 115.6 115.6 115.6 115.6 115.6 115.6 115.6 115.6 115.6 115.6 115.6 115.6 115.6 115.6 115.6 115.6 115.6 115.6 115.6 115.6 115.6 115.6 115.6 115.6 115.6 115.6 115.6 115.6 115.6 115.6 115.6 115.6 115.6 115.6 115.6 115.6 115.6 115.6 115.6 115.6 115.6 115.6 115.6 115.6 115.6 115.6 115.6 115.6 115.6 115.6 115.6 115.6 115.6 115.6 107.7 107.7 107.7 107.7 107.7 107.7 107.7 107.7 107.7 107.7 107.7 107.7 107.7 107.7 107.7 107.7 107.7 107.7 107.7 107.7 107.7 107.7 107.7 107.7 107.7 107.7 107.7 107.7 107.7 
124.6 124.6 124.6 124.6 124.6 124.6 124.6 124.6 124.6 124.6 124.6 115.6 115.6 115.6 115.6 115.6 115.6 115.6 115.6 115.6 115.6 115.6 115.6 115.6 115.6 115.6 115.6 115.6 115.6 115.6 115.6 115.6 115.6 115.6 115.6 115.6 115.6 115.6 115.6 115.6 115.6 115.6 115.6 115.6 115.6 115.6 115.6 115.6 115.6 115.6 115.6 115.6 115.6 115.6 115.6 115.6 115.6 115.6 115.6 115.6 115.6 115.6 115.6 115.6 115.6 115.6 115.6 115.6 115.6 115.6 115.6 107.7 107.7 107.7 107.7 107.7 107.7 107.7 107.7 107.7 107.7 107.7 107.7 107.7 107.7 107.7 107.7 107.7 107.7 107.7 107.7 107.7 107.7 107.7 107.7 107.7 107.7 107.7 107.7 107.7 
124.6 124.6 124.6 124.6 124.6 124.6 124.6 124.6 124.6 124.6 124.6 115.6 115.6 115.6 115.6 115.6 115.6 115.6 115.6 115.6 115.6 115.6 115.6 115.6 115.6 115.6 115.6 115.6 115.6 115.6 115.6 115.6 115.6 115.6 115.6 115.6 115.6 115.6 115.6 115.6 115.6 115.6 115.6 115.6 115.6 115.6 115.6 115.6 115.6 115.6 115.6 115.6 115.6 115.6 115.6 115.6 115.6 115.6 115.6 115.6 115.6 115.6 115.6 115.6 115.6 115.6 115.6 115.6 115.6 115.6 115.6 107.7 107.7 107.7 107.7 107.7 107.7 107.7 107.7 107.7 107.7 107.7 107.7 107.7 107.7 107.7 107.7 107.7 107.7 107.7 107.7 107.7 107.7 107.7 107.7 107.7 107.7 107.7 107.7 107.7 
133.4 133.4 133.4 133.4 133.4 133.4 133.4 133.4 133.4 133.4 133.4 130.5 130.5 130.5 130.5 130.5 130.5 130.5 130.5 130.5 130.5 130.5 130.5 130.5 130.5 130.5 130.5 130.5 130.5 130.5 130.5 130.5 130.5 130.5 130.5 130.5 130.5 130.5 130.5 130.5 130.5 130.5 130.5 130.5 130.5 130.5 130.5 130.5 130.5 130.5 130.5 130.5 130.5 130.5 130.5 130.5 130.5 130.5 130.5 130.5 130.5 130.5 130.5 130.5 130.5 130.5 130.5 130.5 130.5 130.5 130.5 121.6 121.6 121.6 121.6 121.6 121.6 121.6 121.6 121.6 121.6 121.6 121.6 121.6 121.6 121.6 121.6 121.6 121.6 121.6 121.6 121.6 121.6 121.6 121.6 121.6 121.6 121.6 121.6 121.6 
133.4 133.4 133.4 133.4 133.4 133.4 133.4 133.4 133.4 133.4 133.4 130.5 130.5 130.5 130.5 130.5 130.5 130.5 130.5 130.5 130.5 130.5 130.5 130.5 130.5 130.5 130.5 130.5 130.5 130.5 130.5 130.5 130.5 130.5 130.5 130.5 130.5 130.5 130.5 130.5 130.5 130.5 130.5 130.5 130.5 130.5 130.5 130.5 130.5 130.5 130.5 130.5 130.5 130.5 130.5 130.5 130.5 130.5 130.5 130.5 130.5 130.5 130.5 130.5 130.5 130.5 130.5 130.5 130.5 130.5 130.5 121.6 121.6 121.6 121.6 121.6 121.6 121.6 121.6 121.6 121.6 121.6 121.6 121.6 121.6 121.6 121.6 121.6 121.6 121.6 121.6 121.6 121.6 121.6 121.6 121.6 121.6 121.6 121.6 121.6 
133.4 133.4 133.4 133.4 133.4 133.4 133.4 133.4 133.4 133.4 133.4 130.5 130.5 130.5 130.5 130.5 130.5 130.5 130.5 130.5 130.5 130.5 130.5 130.5 130.5 130.5 130.5 130.5 130.5 130.5 130.5 130.5 130.5 130.5 130.5 130.5 130.5 130.5 130.5 130.5 130.5 130.5 130.5 130.5 130.5 130.5 130.5 130.5 130.5 130.5 130.5 130.5 130.5 130.5 130.5 130.5 130.5 130.5 130.5 130.5 130.5 130.5 130.5 130.5 130.5 130.5 130.5 130.5 130.5 130.5 130.5 121.6 121.6 121.6 121.6 121.6 121.6 121.6 121.6 121.6 121.6 121.6 121.6 121.6 121.6 121.6 121.6 121.6 121.6 121.6 121.6 121.6 121.6 121.6 121.6 121.6 121.6 121.6 121.6 121.6 
133.4 133.4 133.4 133.4 133.4 133.4 133.4 133.4 133.4 133.4 133.4 130.5 130.5 130.5 130.5 130.5 130.5 130.5 130.5 130.5 130.5 130.5 130.5 130.5 130.5 130.5 130.5 130.5 130.5 130.5 130.5 130.5 130.5 130.5 130.5 130.5 130.5 130.5 130.5 130.5 130.5 130.5 130.5 130.5 130.5 130.5 130.5 130.5 130.5 130.5 130.5 130.5 130.5 130.5 130.5 130.5 130.5 130.5 130.5 130.5 130.5 130.5 130.5 130.5 130.5 130.5 130.5 130.5 130.5 130.5 130.5 121.6 121.6 121.6 121.6 121.6 121.6 121.6 121.6 121.6 121.6 121.6 121.6 121.6 121.6 121.6 121.6 121.6 121.6 121.6 121.6 121.6 121.6 121.6 121.6 121.6 121.6 121.6 121.6 121.6 
133.4 133.4 133.4 133.4 133.4 133.4 133.4 133.4 133.4 133.4 133.4 130.5 130.5 130.5 130.5 130.5 130.5 130.5 130.5 130.5 130.5 130.5 130.5 130.5 130.5 130.5 130.5 130.5 130.5 130.5 130.5 130.5 130.5 130.5 130.5 130.5 130.5 130.5 130.5 130.5 130.5 130.5 130.5 130.5 130.5 130.5 130.5 130.5 130.5 130.5 130.5 130.5 130.5 130.5 130.5 130.5 130.5 130.5 130.5 130.5 130.5 130.5 130.5 130.5 130.5 130.5 130.5 130.5 130.5 130.5 130.5 121.6 121.6 121.6 121.6 121.6 121.6 121.6 121.6 121.6 121.6 121.6 121.6 121.6 121.6 121.6 121.6 121.6 121.6 121.6 121.6 121.6 121.6 121.6 121.6 121.6 121.6 121.6 121.6 121.6 
133.4 133.4 133.4 133.4 133.4 133.4 133.4 133.4 133.4 133.4 133.4 130.5 130.5 130.5 130.5 130.5 130.5 130.5 130.5 130.5 130.5 130.5 130.5 130.5 130.5 130.5 130.5 130.5 130.5 130.5 130.5 130.5 130.5 130.5 130.5 130.5 130.5 130.5 130.5 130.5 130.5 130.5 130.5 130.5 130.5 130.5 130.5 130.5 130.5 130.5 130.5 130.5 130.5 130.5 130.5 130.5 130.5 130.5 130.5 130.5 130.5 130.5 130.5 130.5 130.5 130.5 130.5 130.5 130.5 130.5 130.5 121.6 121.6 121.6 121.6 121.6 121.6 121.6 121.6 121.6 121.6 121.6 121.6 121.6 121.6 121.6 121.6 121.6 121.6 121.6 121.6 121.6 121.6 121.6 121.6 121.6 121.6 121.6 121.6 121.6 
133.4 133.4 133.4 133.4 133.4 133.4 133.4 133.4 133.4 133.4 133.4 130.5 130.5 130.5 130.5 130.5 130.5 130.5 130.5 130.5 130.5 130.5 130.5 130.5 130.5 130.5 130.5 130.5 130.5 130.5 130.5 130.5 130.5 130.5 130.5 130.5 130.5 130.5 130.5 130.5 130.5 130.5 130.5 130.5 130.5 130.5 130.5 130.5 130.5 130.5 130.5 130.5 130.5 130.5 130.5 130.5 130.5 130.5 130.5 130.5 130.5 130.5 130.5 130.5 130.5 130.5 130.5 130.5 130.5 130.5 130.5 121.6 121.6 121.6 121.6 121.6 121.6 121.6 121.6 121.6 121.6 121.6 121.6 121.6 121.6 121.6 121.6 121.6 121.6 121.6 121.6 121.6 121.6 121.6 121.6 121.6 121.6 121.6 121.6 121.6 
133.4 133.4 133.4 133.4 133.4 133.4 133.4 133.4 133.4 133.4 133.4 130.5 130.5 130.5 130.5 130.5 130.5 130.5 130.5 130.5 130.5 130.5 130.5 130.5 130.5 130.5 130.5 130.5 130.5 130.5 130.5 130.5 130.5 130.5 130.5 130.5 130.5 130.5 130.5 130.5 130.5 130.5 130.5 130.5 130.5 130.5 130.5 130.5 130.5 130.5 130.5 130.5 130.5 130.5 130.5 130.5 130.5 130.5 130.5 130.5 130.5 130.5 130.5 130.5 130.5 130.5 130.5 130.5 130.5 130.5 130.5 121.6 121.6 121.6 121.6 121.6 121.6 121.6 121.6 121.6 121.6 121.6 121.6 121.6 121.6 121.6 121.6 121.6 121.6 121.6 121.6 121.6 121.6 121.6 121.6 121.6 121.6 121.6 121.6 121.6 
133.4 133.4 133.4 133.4 133.4 133.4 133.4 133.4 133.4 133.4 133.4 130.5 130.5 130.5 130.5 130.5 130.5 130.5 130.5 130.5 130.5 130.5 130.5 130.5 130.5 130.5 130.5 130.5 130.5 130.5 130.5 130.5 130.5 130.5 130.5 130.5 130.5 130.5 130.5 130.5 130.5 130.5 130.5 130.5 130.5 130.5 130.5 130.5 130.5 130.5 130.5 130.5 130.5 130.5 130.5 130.5 130.5 130.5 130.5 130.5 130.5 130.5 130.5 130.5 130.5 130.5 130.5 130.5 130.5 130.5 130.5 121.6 121.6 121.6 121.6 121.6 121.6 121.6 121.6 121.6 121.6 121.6 121.6 121.6 121.6 121.6 121.6 121.6 121.6 121.6 121.6 121.6 121.6 121.6 121.6 121.6 121.6 121.6 121.6 121.6 
133.4 133.4 133.4 133.4 133.4 133.4 133.4 133.4 133.4 133.4 133.4 130.5 130.5 130.5 130.5 130.5 130.5 130.5 130.5 130.5 130.5 130.5 130.5 130.5 130.5 130.5 130.5 130.5 130.5 130.5 130.5 130.5 130.5 130.5 130.5 130.5 130.5 130.5 130.5 130.5 130.5 130.5 130.5 130.5 130.5 130.5 130.5 130.5 130.5 130.5 130.5 130.5 130.5 130.5 130.5 130.5 130.5 130.5 130.5 130.5 130.5 130.5 130.5 130.5 130.5 130.5 130.5 130.5 130.5 130.5 130.5 121.6 121.6 121.6 121.6 121.6 121.6 121.6 121.6 121.6 121.6 121.6 121.6 121.6 121.6 121.6 121.6 121.6 121.6 121.6 121.6 121.6 121.6 121.6 121.6 121.6 121.6 121.6 121.6 121.6 
133.4 133.4 133.4 133.4 133.4 133.4 133.4 133.4 133.4 133.4 133.4 130.5 130.5 130.5 130.5 130.5 130.5 130.5 130.5 130.5 130.5 130.5 130.5 130.5 130.5 130.5 130.5 130.5 130.5 130.5 130.5 130.5 130.5 130.5 130.5 130.5 130.5 130.5 130.5 130.5 130.5 130.5 130.5 130.5 130.5 130.5 130.5 130.5 130.5 130.5 130.5 130.5 130.5 130.5 130.5 130.5 130.5 130.5 130.5 130.5 130.5 130.5 130.5 130.5 130.5 130.5 130.5 130.5 130.5 130.5 130.5 121.6 121.6 121.6 121.6 121.6 121.6 121.6 121.6 121.6 121.6 121.6 121.6 121.6 121.6 121.6 121.6 121.6 121.6 121.6 121.6 121.6 121.6 121.6 121.6 121.6 121.6 121.6 121.6 121.6 
133.4 133.4 133.4 133.4 133.4 133.4 133.4 133.4 133.4 133.4 133.4 130.5 130.5 130.5 130.5 130.5 130.5 130.5 130.5 130.5 130.5 130.5 130.5 130.5 130.5 130.5 130.5 130.5 130.5 130.5 130.5 130.5 130.5 130.5 130.5 130.5 130.5 130.5 130.5 130.5 130.5 130.5 130.5 130.5 130.5 130.5 130.5 130.5 130.5 130.5 130.5 130.5 130.5 130.5 130.5 130.5 130.5 130.5 130.5 130.5 130.5 130.5 130.5 130.5 130.5 130.5 130.5 130.5 130.5 130.5 130.5 121.6 121.6 121.6 121.6 121.6 121.6 121.6 121.6 121.6 121.6 121.6 121.6 121.6 121.6 121.6 121.6 121.6 121.6 121.6 121.6 121.6 121.6 121.6 121.6 121.6 121.6 121.6 121.6 121.6 
133.4 133.4 133.4 133.4 133.4 133.4 133.4 133.4 133.4 133.4 133.4 130.5 130.5 130.5 130.5 130.5 130.5 130.5 130.5 130.5 130.5 130.5 130.5 130.5 130.5 130.5 130.5 130.5 130.5 130.5 130.5 130.5 130.5 130.5 130.5 130.5 130.5 130.5 130.5 130.5 130.5 130.5 130.5 130.5 130.5 130.5 130.5 130.5 130.5 130.5 130.5 130.5 130.5 130.5 130.5 130.5 130.5 130.5 130.5 130.5 130.5 130.5 130.5 130.5 130.5 130.5 130.5 130.5 130.5 130.5 130.5 121.6 121.6 121.6 121.6 121.6 121.6 121.6 121.6 121.6 121.6 121.6 121.6 121.6 121.6 121.6 121.6 121.6 121.6 121.6 121.6 121.6 121.6 121.6 121.6 121.6 121.6 121.6 121.6 121.6 
133.4 133.4 133.4 133.4 133.4 133.4 133.4 133.4 133.4 133.4 133.4 130.5 130.5 130.5 130.5 130.5 130.5 130.5 130.5 130.5 130.5 130.5 130.5 130.5 130.5 130.5 130.5 130.5 130.5 130.5 130.5 130.5 130.5 130.5 130.5 130.5 130.5 130.5 130.5 130.5 130.5 130.5 130.5 130.5 130.5 130.5 130.5 130.5 130.5 130.5 130.5 130.5 130.5 130.5 130.5 130.5 130.5 130.5 130.5 130.5 130.5 130.5 130.5 130.5 130.5 130.5 130.5 130.5 130.5 130.5 130.5 121.6 121.6 121.6 121.6 121.6 121.6 121.6 121.6 121.6 121.6 121.6 121.6 121.6 121.6 121.6 121.6 121.6 121.6 121.6 121.6 121.6 121.6 121.6 121.6 121.6 121.6 121.6 121.6 121.6 
133.4 133.4 133.4 133.4 133.4 133.4 133.4 133.4 133.4 133.4 133.4 130.5 130.5 130.5 130.5 130.5 130.5 130.5 130.5 130.5 130.5 130.5 130.5 130.5 130.5 130.5 130.5 130.5 130.5 130.5 130.5 130.5 130.5 130.5 130.5 130.5 130.5 130.5 130.5 130.5 130.5 130.5 130.5 130.5 130.5 130.5 130.5 130.5 130.5 130.5 130.5 130.5 130.5 130.5 130.5 130.5 130.5 130.5 130.5 130.5 130.5 130.5 130.5 130.5 130.5 130.5 130.5 130.5 130.5 130.5 130.5 121.6 121.6 121.6 121.6 121.6 121.6 121.6 121.6 121.6 121.6 121.6 121.6 121.6 121.6 121.6 121.6 121.6 121.6 121.6 121.6 121.6 121.6 121.6 121.6 121.6 121.6 121.6 121.6 121.6 
133.4 133.4 133.4 133.4 133.4 133.4 133.4 133.4 133.4 133.4 133.4 130.5 130.5 130.5 130.5 130.5 130.5 130.5 130.5 130.5 130.5 130.5 130.5 130.5 130.5 130.5 130.5 130.5 130.5 130.5 130.5 130.5 130.5 130.5 130.5 130.5 130.5 130.5 130.5 130.5 130.5 130.5 130.5 130.5 130.5 130.5 130.5 130.5 130.5 130.5 130.5 130.5 130.5 130.5 130.5 130.5 130.5 130.5 130.5 130.5 130.5 130.5 130.5 130.5 130.5 130.5 130.5 130.5 130.5 130.5 130.5 121.6 121.6 121.6 121.6 121.6 121.6 121.6 121.6 121.6 121.6 121.6 121.6 121.6 121.6 121.6 121.6 121.6 121.6 121.6 121.6 121.6 121.6 121.6 121.6 121.6 121.6 121.6 121.6 121.6 
133.4 133.4 133.4 133.4 133.4 133.4 133.4 133.4 133.4 133.4 133.4 130.5 130.5 130.5 130.5 130.5 130.5 130.5 130.5 130.5 130.5 130.5 130.5 130.5 130.5 130.5 130.5 130.5 130.5 130.5 130.5 130.5 130.5 130.5 130.5 130.5 130.5 130.5 130.5 130.5 130.5 130.5 130.5 130.5 130.5 130.5 130.5 130.5 130.5 130.5 130.5 130.5 130.5 130.5 130.5 130.5 130.5 130.5 130.5 130.5 130.5 130.5 130.5 130.5 130.5 130.5 130.5 130.5 130.5 130.5 130.5 121.6 121.6 121.6 121.6 121.6 121.6 121.6 121.6 121.6 121.6 121.6 121.6 121.6 121.6 121.6 121.6 121.6 121.6 121.6 121.6 121.6 121.6 121.6 121.6 121.6 121.6 121.6 121.6 121.6 
133.4 133.4 133.4 133.4 133.4 133.4 133.4 133.4 133.4 133.4 133.4 130.5 130.5 130.5 130.5 130.5 130.5 130.5 130.5 130.5 130.5 130.5 130.5 130.5 130.5 130.5 130.5 130.5 130.5 130.5 130.5 130.5 130.5 130.5 130.5 130.5 130.5 130.5 130.5 130.5 130.5 130.5 130.5 130.5 130.5 130.5 130.5 130.5 130.5 130.5 130.5 130.5 130.5 130.5 130.5 130.5 130.5 130.5 130.5 130.5 130.5 130.5 130.5 130.5 130.5 130.5 130.5 130.5 130.5 130.5 130.5 121.6 121.6 121.6 121.6 121.6 121.6 121.6 121.6 121.6 121.6 121.6 121.6 121.6 121.6 121.6 121.6 121.6 121.6 121.6 121.6 121.6 121.6 121.6 121.6 121.6 121.6 121.6 121.6 121.6 
133.4 133.4 133.4 133.4 133.4 133.4 133.4 133.4 133.4 133.4 133.4 130.5 130.5 130.5 130.5 130.5 130.5 130.5 130.5 130.5 130.5 130.5 130.5 130.5 130.5 130.5 130.5 130.5 130.5 130.5 130.5 130.5 130.5 130.5 130.5 130.5 130.5 130.5 130.5 130.5 130.5 130.5 130.5 130.5 130.5 130.5 130.5 130.5 130.5 130.5 130.5 130.5 130.5 130.5 130.5 130.5 130.5 130.5 130.5 130.5 130.5 130.5 130.5 130.5 130.5 130.5 130.5 130.5 130.5 130.5 130.5 121.6 121.6 121.6 121.6 121.6 121.6 121.6 121.6 121.6 121.6 121.6 121.6 121.6 121.6 121.6 121.6 121.6 121.6 121.6 121.6 121.6 121.6 121.6 121.6 121.6 121.6 121.6 121.6 121.6 
133.4 133.4 133.4 133.4 133.4 133.4 133.4 133.4 133.4 133.4 133.4 130.5 130.5 130.5 130.5 130.5 130.5 130.5 130.5 130.5 130.5 130.5 130.5 130.5 130.5 130.5 130.5 130.5 130.5 130.5 130.5 130.5 130.5 130.5 130.5 130.5 130.5 130.5 130.5 130.5 130.5 130.5 130.5 130.5 130.5 130.5 130.5 130.5 130.5 130.5 130.5 130.5 130.5 130.5 130.5 130.5 130.5 130.5 130.5 130.5 130.5 130.5 130.5 130.5 130.5 130.5 130.5 130.5 130.5 130.5 130.5 121.6 121.6 121.6 121.6 121.6 121.6 121.6 121.6 121.6 121.6 121.6 121.6 121.6 121.6 121.6 121.6 121.6 121.6 121.6 121.6 121.6 121.6 121.6 121.6 121.6 121.6 121.6 121.6 121.6 
133.4 133.4 133.4 133.4 133.4 133.4 133.4 133.4 133.4 133.4 133.4 130.5 130.5 130.5 130.5 130.5 130.5 130.5 130.5 130.5 130.5 130.5 130.5 130.5 130.5 130.5 130.5 130.5 130.5 130.5 130.5 130.5 130.5 130.5 130.5 130.5 130.5 130.5 130.5 130.5 130.5 130.5 130.5 130.5 130.5 130.5 130.5 130.5 130.5 130.5 130.5 130.5 130.5 130.5 130.5 130.5 130.5 130.5 130.5 130.5 130.5 130.5 130.5 130.5 130.5 130.5 130.5 130.5 130.5 130.5 130.5 121.6 121.6 121.6 121.6 121.6 121.6 121.6 121.6 121.6 121.6 121.6 121.6 121.6 121.6 121.6 121.6 121.6 121.6 121.6 121.6 121.6 121.6 121.6 121.6 121.6 121.6 121.6 121.6 121.6 
133.4 133.4 133.4 133.4 133.4 133.4 133.4 133.4 133.4 133.4 133.4 130.5 130.5 130.5 130.5 130.5 130.5 130.5 130.5 130.5 130.5 130.5 130.5 130.5 130.5 130.5 130.5 130.5 130.5 130.5 130.5 130.5 130.5 130.5 130.5 130.5 130.5 130.5 130.5 130.5 130.5 130.5 130.5 130.5 130.5 130.5 130.5 130.5 130.5 130.5 130.5 130.5 130.5 130.5 130.5 130.5 130.5 130.5 130.5 130.5 130.5 130.5 130.5 130.5 130.5 130.5 130.5 130.5 130.5 130.5 130.5 121.6 121.6 121.6 121.6 121.6 121.6 121.6 121.6 121.6 121.6 121.6 121.6 121.6 121.6 121.6 121.6 121.6 121.6 121.6 121.6 121.6 121.6 121.6 121.6 121.6 121.6 121.6 121.6 121.6 
133.4 133.4 133.4 133.4 133.4 133.4 133.4 133.4 133.4 133.4 133.4 130.5 130.5 130.5 130.5 130.5 130.5 130.5 130.5 130.5 130.5 130.5 130.5 130.5 130.5 130.5 130.5 130.5 130.5 130.5 130.5 130.5 130.5 130.5 130.5 130.5 130.5 130.5 130.5 130.5 130.5 130.5 130.5 130.5 130.5 130.5 130.5 130.5 130.5 130.5 130.5 130.5 130.5 130.5 130.5 130.5 130.5 130.5 130.5 130.5 130.5 130.5 130.5 130.5 130.5 130.5 130.5 130.5 130.5 130.5 130.5 121.6 121.6 121.6 121.6 121.6 121.6 121.6 121.6 121.6 121.6 121.6 121.6 121.6 121.6 121.6 121.6 121.6 121.6 121.6 121.6 121.6 121.6 121.6 121.6 121.6 121.6 121.6 121.6 121.6 
133.4 133.4 133.4 133.4 133.4 133.4 133.4 133.4 133.4 133.4 133.4 130.5 130.5 130.5 130.5 130.5 130.5 130.5 130.5 130.5 130.5 130.5 130.5 130.5 130.5 130.5 130.5 130.5 130.5 130.5 130.5 130.5 130.5 130.5 130.5 130.5 130.5 130.5 130.5 130.5 130.5 130.5 130.5 130.5 130.5 130.5 130.5 130.5 130.5 130.5 130.5 130.5 130.5 130.5 130.5 130.5 130.5 130.5 130.5 130.5 130.5 130.5 130.5 130.5 130.5 130.5 130.5 130.5 130.5 130.5 130.5 121.6 121.6 121.6 121.6 121.6 121.6 121.6 121.6 121.6 121.6 121.6 121.6 121.6 121.6 121.6 121.6 121.6 121.6 121.6 121.6 121.6 121.6 121.6 121.6 121.6 121.6 121.6 121.6 121.6 
133.4 133.4 133.4 133.4 133.4 133.4 133.4 133.4 133.4 133.4 133.4 130.5 130.5 130.5 130.5 130.5 130.5 130.5 130.5 130.5 130.5 130.5 130.5 130.5 130.5 130.5 130.5 130.5 130.5 130.5 130.5 130.5 130.5 130.5 130.5 130.5 130.5 130.5 130.5 130.5 130.5 130.5 130.5 130.5 130.5 130.5 130.5 130.5 130.5 130.5 130.5 130.5 130.5 130.5 130.5 130.5 130.5 130.5 130.5 130.5 130.5 130.5 130.5 130.5 130.5 130.5 130.5 130.5 130.5 130.5 130.5 121.6 121.6 121.6 121.6 121.6 121.6 121.6 121.6 121.6 121.6 121.6 121.6 121.6 121.6 121.6 121.6 121.6 121.6 121.6 121.6 121.6 121.6 121.6 121.6 121.6 121.6 121.6 121.6 121.6 
133.4 133.4 133.4 133.4 133.4 133.4 133.4 133.4 133.4 133.4 133.4 130.5 130.5 130.5 130.5 130.5 130.5 130.5 130.5 130.5 130.5 130.5 130.5 130.5 130.5 130.5 130.5 130.5 130.5 130.5 130.5 130.5 130.5 130.5 130.5 130.5 130.5 130.5 130.5 130.5 130.5 130.5 130.5 130.5 130.5 130.5 130.5 130.5 130.5 130.5 130.5 130.5 130.5 130.5 130.5 130.5 130.5 130.5 130.5 130.5 130.5 130.5 130.5 130.5 130.5 130.5 130.5 130.5 130.5 130.5 130.5 121.6 121.6 121.6 121.6 121.6 121.6 121.6 121.6 121.6 121.6 121.6 121.6 121.6 121.6 121.6 121.6 121.6 121.6 121.6 121.6 121.6 121.6 121.6 121.6 121.6 121.6 121.6 121.6 121.6 
133.4 133.4 133.4 133.4 133.4 133.4 133.4 133.4 133.4 133.4 133.4 130.5 130.5 130.5 130.5 130.5 130.5 130.5 130.5 130.5 130.5 130.5 130.5 130.5 130.5 130.5 130.5 130.5 130.5 130.5 130.5 130.5 130.5 130.5 130.5 130.5 130.5 130.5 130.5 130.5 130.5 130.5 130.5 130.5 130.5 130.5 130.5 130.5 130.5 130.5 130.5 130.5 130.5 130.5 130.5 130.5 130.5 130.5 130.5 130.5 130.5 130.5 130.5 130.5 130.5 130.5 130.5 130.5 130.5 130.5 130.5 121.6 121.6 121.6 121.6 121.6 121.6 121.6 121.6 121.6 121.6 121.6 121.6 121.6 121.6 121.6 121.6 121.6 121.6 121.6 121.6 121.6 121.6 121.6 121.6 121.6 121.6 121.6 121.6 121.6 
133.4 133.4 133.4 133.4 133.4 133.4 133.4 133.4 133.4 133.4 133.4 130.5 130.5 130.5 130.5 130.5 130.5 130.5 130.5 130.5 130.5 130.5 130.5 130.5 130.5 130.5 130.5 130.5 130.5 130.5 130.5 130.5 130.5 130.5 130.5 130.5 130.5 130.5 130.5 130.5 130.5 130.5 130.5 130.5 130.5 130.5 130.5 130.5 130.5 130.5 130.5 130.5 130.5 130.5 130.5 130.5 130.5 130.5 130.5 130.5 130.5 130.5 130.5 130.5 130.5 130.5 130.5 130.5 130.5 130.5 130.5 121.6 121.6 121.6 121.6 121.6 121.6 121.6 121.6 121.6 121.6 121.6 121.6 121.6 121.6 121.6 121.6 121.6 121.6 121.6 121.6 121.6 121.6 121.6 121.6 121.6 121.6 121.6 121.6 121.6 
133.4 133.4 133.4 133.4 133.4 133.4 133.4 133.4 133.4 133.4 133.4 130.5 130.5 130.5 130.5 130.5 130.5 130.5 130.5 130.5 130.5 130.5 130.5 130.5 130.5 130.5 130.5 130.5 130.5 130.5 130.5 130.5 130.5 130.5 130.5 130.5 130.5 130.5 130.5 130.5 130.5 130.5 130.5 130.5 130.5 130.5 130.5 130.5 130.5 130.5 130.5 130.5 130.5 130.5 130.5 130.5 130.5 130.5 130.5 130.5 130.5 130.5 130.5 130.5 130.5 130.5 130.5 130.5 130.5 130.5 130.5 121.6 121.6 121.6 121.6 121.6 121.6 121.6 121.6 121.6 121.6 121.6 121.6 121.6 121.6 121.6 121.6 121.6 121.6 121.6 121.6 121.6 121.6 121.6 121.6 121.6 121.6 121.6 121.6 121.6 
133.4 133.4 133.4 133.4 133.4 133.4 133.4 133.4 133.4 133.4 133.4 130.5 130.5 130.5 130.5 130.5 130.5 130.5 130.5 130.5 130.5 130.5 130.5 130.5 130.5 130.5 130.5 130.5 130.5 130.5 130.5 130.5 130.5 130.5 130.5 130.5 130.5 130.5 130.5 130.5 130.5 130.5 130.5 130.5 130.5 130.5 130.5 130.5 130.5 130.5 130.5 130.5 130.5 130.5 130.5 130.5 130.5 130.5 130.5 130.5 130.5 130.5 130.5 130.5 130.5 130.5 130.5 130.5 130.5 130.5 130.5 121.6 121.6 121.6 121.6 121.6 121.6 121.6 121.6 121.6 121.6 121.6 121.6 121.6 121.6 121.6 121.6 121.6 121.6 121.6 121.6 121.6 121.6 121.6 121.6 121.6 121.6 121.6 121.6 121.6 
133.4 133.4 133.4 133.4 133.4 133.4 133.4 133.4 133.4 133.4 133.4 130.5 130.5 130.5 130.5 130.5 130.5 130.5 130.5 130.5 130.5 130.5 130.5 130.5 130.5 130.5 130.5 130.5 130.5 130.5 130.5 130.5 130.5 130.5 130.5 130.5 130.5 130.5 130.5 130.5 130.5 130.5 130.5 130.5 130.5 130.5 130.5 130.5 130.5 130.5 130.5 130.5 130.5 130.5 130.5 130.5 130.5 130.5 130.5 130.5 130.5 130.5 130.5 130.5 130.5 130.5 130.5 130.5 130.5 130.5 130.5 121.6 121.6 121.6 121.6 121.6 121.6 121.6 121.6 121.6 121.6 121.6 121.6 121.6 121.6 121.6 121.6 121.6 121.6 121.6 121.6 121.6 121.6 121.6 121.6 121.6 121.6 121.6 121.6 121.6 
133.4 133.4 133.4 133.4 133.4 133.4 133.4 133.4 133.4 133.4 133.4 130.5 130.5 130.5 130.5 130.5 130.5 130.5 130.5 130.5 130.5 130.5 130.5 130.5 130.5 130.5 130.5 130.5 130.5 130.5 130.5 130.5 130.5 130.5 130.5 130.5 130.5 130.5 130.5 130.5 130.5 130.5 130.5 130.5 130.5 130.5 130.5 130.5 130.5 130.5 130.5 130.5 130.5 130.5 130.5 130.5 130.5 130.5 130.5 130.5 130.5 130.5 130.5 130.5 130.5 130.5 130.5 130.5 130.5 130.5 130.5 121.6 121.6 121.6 121.6 121.6 121.6 121.6 121.6 121.6 121.6 121.6 121.6 121.6 121.6 121.6 121.6 121.6 121.6 121.6 121.6 121.6 121.6 121.6 121.6 121.6 121.6 121.6 121.6 121.6 
133.4 133.4 133.4 133.4 133.4 133.4 133.4 133.4 133.4 133.4 133.4 130.5 130.5 130.5 130.5 130.5 130.5 130.5 130.5 130.5 130.5 130.5 130.5 130.5 130.5 130.5 130.5 130.5 130.5 130.5 130.5 130.5 130.5 130.5 130.5 130.5 130.5 130.5 130.5 130.5 130.5 130.5 130.5 130.5 130.5 130.5 130.5 130.5 130.5 130.5 130.5 130.5 130.5 130.5 130.5 130.5 130.5 130.5 130.5 130.5 130.5 130.5 130.5 130.5 130.5 130.5 130.5 130.5 130.5 130.5 130.5 121.6 121.6 121.6 121.6 121.6 121.6 121.6 121.6 121.6 121.6 121.6 121.6 121.6 121.6 121.6 121.6 121.6 121.6 121.6 121.6 121.6 121.6 121.6 121.6 121.6 121.6 121.6 121.6 121.6 
133.4 133.4 133.4 133.4 133.4 133.4 133.4 133.4 133.4 133.4 133.4 130.5 130.5 130.5 130.5 130.5 130.5 130.5 130.5 130.5 130.5 130.5 130.5 130.5 130.5 130.5 130.5 130.5 130.5 130.5 130.5 130.5 130.5 130.5 130.5 130.5 130.5 130.5 130.5 130.5 130.5 130.5 130.5 130.5 130.5 130.5 130.5 130.5 130.5 130.5 130.5 130.5 130.5 130.5 130.5 130.5 130.5 130.5 130.5 130.5 130.5 130.5 130.5 130.5 130.5 130.5 130.5 130.5 130.5 130.5 130.5 121.6 121.6 121.6 121.6 121.6 121.6 121.6 121.6 121.6 121.6 121.6 121.6 121.6 121.6 121.6 121.6 121.6 121.6 121.6 121.6 121.6 121.6 121.6 121.6 121.6 121.6 121.6 121.6 121.6 
133.4 133.4 133.4 133.4 133.4 133.4 133.4 133.4 133.4 133.4 133.4 130.5 130.5 130.5 130.5 130.5 130.5 130.5 130.5 130.5 130.5 130.5 130.5 130.5 130.5 130.5 130.5 130.5 130.5 130.5 130.5 130.5 130.5 130.5 130.5 130.5 130.5 130.5 130.5 130.5 130.5 130.5 130.5 130.5 130.5 130.5 130.5 130.5 130.5 130.5 130.5 130.5 130.5 130.5 130.5 130.5 130.5 130.5 130.5 130.5 130.5 130.5 130.5 130.5 130.5 130.5 130.5 130.5 130.5 130.5 130.5 121.6 121.6 121.6 121.6 121.6 121.6 121.6 121.6 121.6 121.6 121.6 121.6 121.6 121.6 121.6 121.6 121.6 121.6 121.6 121.6 121.6 121.6 121.6 121.6 121.6 121.6 121.6 121.6 121.6 
133.4 133.4 133.4 133.4 133.4 133.4 133.4 133.4 133.4 133.4 133.4 130.5 130.5 130.5 130.5 130.5 130.5 130.5 130.5 130.5 130.5 130.5 130.5 130.5 130.5 130.5 130.5 130.5 130.5 130.5 130.5 130.5 130.5 130.5 130.5 130.5 130.5 130.5 130.5 130.5 130.5 130.5 130.5 130.5 130.5 130.5 130.5 130.5 130.5 130.5 130.5 130.5 130.5 130.5 130.5 130.5 130.5 130.5 130.5 130.5 130.5 130.5 130.5 130.5 130.5 130.5 130.5 130.5 130.5 130.5 130.5 121.6 121.6 121.6 121.6 121.6 121.6 121.6 121.6 121.6 121.6 121.6 121.6 121.6 121.6 121.6 121.6 121.6 121.6 121.6 121.6 121.6 121.6 121.6 121.6 121.6 121.6 121.6 121.6 121.6 
133.4 133.4 133.4 133.4 133.4 133.4 133.4 133.4 133.4 133.4 133.4 130.5 130.5 130.5 130.5 130.5 130.5 130.5 130.5 130.5 130.5 130.5 130.5 130.5 130.5 130.5 130.5 130.5 130.5 130.5 130.5 130.5 130.5 130.5 130.5 130.5 130.5 130.5 130.5 130.5 130.5 130.5 130.5 130.5 130.5 130.5 130.5 130.5 130.5 130.5 130.5 130.5 130.5 130.5 130.5 130.5 130.5 130.5 130.5 130.5 130.5 130.5 130.5 130.5 130.5 130.5 130.5 130.5 130.5 130.5 130.5 121.6 121.6 121.6 121.6 121.6 121.6 121.6 121.6 121.6 121.6 121.6 121.6 121.6 121.6 121.6 121.6 121.6 121.6 121.6 121.6 121.6 121.6 121.6 121.6 121.6 121.6 121.6 121.6 121.6 
133.4 133.4 133.4 133.4 133.4 133.4 133.4 133.4 133.4 133.4 133.4 130.5 130.5 130.5 130.5 130.5 130.5 130.5 130.5 130.5 130.5 130.5 130.5 130.5 130.5 130.5 130.5 130.5 130.5 130.5 130.5 130.5 130.5 130.5 130.5 130.5 130.5 130.5 130.5 130.5 130.5 130.5 130.5 130.5 130.5 130.5 130.5 130.5 130.5 130.5 130.5 130.5 130.5 130.5 130.5 130.5 130.5 130.5 130.5 130.5 130.5 130.5 130.5 130.5 130.5 130.5 130.5 130.5 130.5 130.5 130.5 121.6 121.6 121.6 121.6 121.6 121.6 121.6 121.6 121.6 121.6 121.6 121.6 121.6 121.6 121.6 121.6 121.6 121.6 121.6 121.6 121.6 121.6 121.6 121.6 121.6 121.6 121.6 121.6 121.6 
133.4 133.4 133.4 133.4 133.4 133.4 133.4 133.4 133.4 133.4 133.4 130.5 130.5 130.5 130.5 130.5 130.5 130.5 130.5 130.5 130.5 130.5 130.5 130.5 130.5 130.5 130.5 130.5 130.5 130.5 130.5 130.5 130.5 130.5 130.5 130.5 130.5 130.5 130.5 130.5 130.5 130.5 130.5 130.5 130.5 130.5 130.5 130.5 130.5 130.5 130.5 130.5 130.5 130.5 130.5 130.5 130.5 130.5 130.5 130.5 130.5 130.5 130.5 130.5 130.5 130.5 130.5 130.5 130.5 130.5 130.5 121.6 121.6 121.6 121.6 121.6 121.6 121.6 121.6 121.6 121.6 121.6 121.6 121.6 121.6 121.6 121.6 121.6 121.6 121.6 121.6 121.6 121.6 121.6 121.6 121.6 121.6 121.6 121.6 121.6 
133.4 133.4 133.4 133.4 133.4 133.4 133.4 133.4 133.4 133.4 133.4 130.5 130.5 130.5 130.5 130.5 130.5 130.5 130.5 130.5 130.5 130.5 130.5 130.5 130.5 130.5 130.5 130.5 130.5 130.5 130.5 130.5 130.5 130.5 130.5 130.5 130.5 130.5 130.5 130.5 130.5 130.5 130.5 130.5 130.5 130.5 130.5 130.5 130.5 130.5 130.5 130.5 130.5 130.5 130.5 130.5 130.5 130.5 130.5 130.5 130.5 130.5 130.5 130.5 130.5 130.5 130.5 130.5 130.5 130.5 130.5 121.6 121.6 121.6 121.6 121.6 121.6 121.6 121.6 121.6 121.6 121.6 121.6 121.6 121.6 121.6 121.6 121.6 121.6 121.6 121.6 121.6 121.6 121.6 121.6 121.6 121.6 121.6 121.6 121.6 
133.4 133.4 133.4 133.4 133.4 133.4 133.4 133.4 133.4 133.4 133.4 130.5 130.5 130.5 130.5 130.5 130.5 130.5 130.5 130.5 130.5 130.5 130.5 130.5 130.5 130.5 130.5 130.5 130.5 130.5 130.5 130.5 130.5 130.5 130.5 130.5 130.5 130.5 130.5 130.5 130.5 130.5 130.5 130.5 130.5 130.5 130.5 130.5 130.5 130.5 130.5 130.5 130.5 130.5 130.5 130.5 130.5 130.5 130.5 130.5 130.5 130.5 130.5 130.5 130.5 130.5 130.5 130.5 130.5 130.5 130.5 121.6 121.6 121.6 121.6 121.6 121.6 121.6 121.6 121.6 121.6 121.6 121.6 121.6 121.6 121.6 121.6 121.6 121.6 121.6 121.6 121.6 121.6 121.6 121.6 121.6 121.6 121.6 121.6 121.6 
133.4 133.4 133.4 133.4 133.4 133.4 133.4 133.4 133.4 133.4 133.4 130.5 130.5 130.5 130.5 130.5 130.5 130.5 130.5 130.5 130.5 130.5 130.5 130.5 130.5 130.5 130.5 130.5 130.5 130.5 130.5 130.5 130.5 130.5 130.5 130.5 130.5 130.5 130.5 130.5 130.5 130.5 130.5 130.5 130.5 130.5 130.5 130.5 130.5 130.5 130.5 130.5 130.5 130.5 130.5 130.5 130.5 130.5 130.5 130.5 130.5 130.5 130.5 130.5 130.5 130.5 130.5 130.5 130.5 130.5 130.5 121.6 121.6 121.6 121.6 121.6 121.6 121.6 121.6 121.6 121.6 121.6 121.6 121.6 121.6 121.6 121.6 121.6 121.6 121.6 121.6 121.6 121.6 121.6 121.6 121.6 121.6 121.6 121.6 121.6 
133.4 133.4 133.4 133.4 133.4 133.4 133.4 133.4 133.4 133.4 133.4 130.5 130.5 130.5 130.5 130.5 130.5 130.5 130.5 130.5 130.5 130.5 130.5 130.5 130.5 130.5 130.5 130.5 130.5 130.5 130.5 130.5 130.5 130.5 130.5 130.5 130.5 130.5 130.5 130.5 130.5 130.5 130.5 130.5 130.5 130.5 130.5 130.5 130.5 130.5 130.5 130.5 130.5 130.5 130.5 130.5 130.5 130.5 130.5 130.5 130.5 130.5 130.5 130.5 130.5 130.5 130.5 130.5 130.5 130.5 130.5 121.6 121.6 121.6 121.6 121.6 121.6 121.6 121.6 121.6 121.6 121.6 121.6 121.6 121.6 121.6 121.6 121.6 121.6 121.6 121.6 121.6 121.6 121.6 121.6 121.6 121.6 121.6 121.6 121.6 
133.4 133.4 133.4 133.4 133.4 133.4 133.4 133.4 133.4 133.4 133.4 130.5 130.5 130.5 130.5 130.5 130.5 130.5 130.5 130.5 130.5 130.5 130.5 130.5 130.5 130.5 130.5 130.5 130.5 130.5 130.5 130.5 130.5 130.5 130.5 130.5 130.5 130.5 130.5 130.5 130.5 130.5 130.5 130.5 130.5 130.5 130.5 130.5 130.5 130.5 130.5 130.5 130.5 130.5 130.5 130.5 130.5 130.5 130.5 130.5 130.5 130.5 130.5 130.5 130.5 130.5 130.5 130.5 130.5 130.5 130.5 121.6 121.6 121.6 121.6 121.6 121.6 121.6 121.6 121.6 121.6 121.6 121.6 121.6 121.6 121.6 121.6 121.6 121.6 121.6 121.6 121.6 121.6 121.6 121.6 121.6 121.6 121.6 121.6 121.6 
133.4 133.4 133.4 133.4 133.4 133.4 133.4 133.4 133.4 133.4 133.4 130.5 130.5 130.5 130.5 130.5 130.5 130.5 130.5 130.5 130.5 130.5 130.5 130.5 130.5 130.5 130.5 130.5 130.5 130.5 130.5 130.5 130.5 130.5 130.5 130.5 130.5 130.5 130.5 130.5 130.5 130.5 130.5 130.5 130.5 130.5 130.5 130.5 130.5 130.5 130.5 130.5 130.5 130.5 130.5 130.5 130.5 130.5 130.5 130.5 130.5 130.5 130.5 130.5 130.5 130.5 130.5 130.5 130.5 130.5 130.5 121.6 121.6 121.6 121.6 121.6 121.6 121.6 121.6 121.6 121.6 121.6 121.6 121.6 121.6 121.6 121.6 121.6 121.6 121.6 121.6 121.6 121.6 121.6 121.6 121.6 121.6 121.6 121.6 121.6 
133.4 133.4 133.4 133.4 133.4 133.4 133.4 133.4 133.4 133.4 133.4 130.5 130.5 130.5 130.5 130.5 130.5 130.5 130.5 130.5 130.5 130.5 130.5 130.5 130.5 130.5 130.5 130.5 130.5 130.5 130.5 130.5 130.5 130.5 130.5 130.5 130.5 130.5 130.5 130.5 130.5 130.5 130.5 130.5 130.5 130.5 130.5 130.5 130.5 130.5 130.5 130.5 130.5 130.5 130.5 130.5 130.5 130.5 130.5 130.5 130.5 130.5 130.5 130.5 130.5 130.5 130.5 130.5 130.5 130.5 130.5 121.6 121.6 121.6 121.6 121.6 121.6 121.6 121.6 121.6 121.6 121.6 121.6 121.6 121.6 121.6 121.6 121.6 121.6 121.6 121.6 121.6 121.6 121.6 121.6 121.6 121.6 121.6 121.6 121.6 
133.4 133.4 133.4 133.4 133.4 133.4 133.4 133.4 133.4 133.4 133.4 130.5 130.5 130.5 130.5 130.5 130.5 130.5 130.5 130.5 130.5 130.5 130.5 130.5 130.5 130.5 130.5 130.5 130.5 130.5 130.5 130.5 130.5 130.5 130.5 130.5 130.5 130.5 130.5 130.5 130.5 130.5 130.5 130.5 130.5 130.5 130.5 130.5 130.5 130.5 130.5 130.5 130.5 130.5 130.5 130.5 130.5 130.5 130.5 130.5 130.5 130.5 130.5 130.5 130.5 130.5 130.5 130.5 130.5 130.5 130.5 121.6 121.6 121.6 121.6 121.6 121.6 121.6 121.6 121.6 121.6 121.6 121.6 121.6 121.6 121.6 121.6 121.6 121.6 121.6 121.6 121.6 121.6 121.6 121.6 121.6 121.6 121.6 121.6 121.6 
133.4 133.4 133.4 133.4 133.4 133.4 133.4 133.4 133.4 133.4 133.4 130.5 130.5 130.5 130.5 130.5 130.5 130.5 130.5 130.5 130.5 130.5 130.5 130.5 130.5 130.5 130.5 130.5 130.5 130.5 130.5 130.5 130.5 130.5 130.5 130.5 130.5 130.5 130.5 130.5 130.5 130.5 130.5 130.5 130.5 130.5 130.5 130.5 130.5 130.5 130.5 130.5 130.5 130.5 130.5 130.5 130.5 130.5 130.5 130.5 130.5 130.5 130.5 130.5 130.5 130.5 130.5 130.5 130.5 130.5 130.5 121.6 121.6 121.6 121.6 121.6 121.6 121.6 121.6 121.6 121.6 121.6 121.6 121.6 121.6 121.6 121.6 121.6 121.6 121.6 121.6 121.6 121.6 121.6 121.6 121.6 121.6 121.6 121.6 121.6 
133.4 133.4 133.4 133.4 133.4 133.4 133.4 133.4 133.4 133.4 133.4 130.5 130.5 130.5 130.5 130.5 130.5 130.5 130.5 130.5 130.5 130.5 130.5 130.5 130.5 130.5 130.5 130.5 130.5 130.5 130.5 130.5 130.5 130.5 130.5 130.5 130.5 130.5 130.5 130.5 130.5 130.5 130.5 130.5 130.5 130.5 130.5 130.5 130.5 130.5 130.5 130.5 130.5 130.5 130.5 130.5 130.5 130.5 130.5 130.5 130.5 130.5 130.5 130.5 130.5 130.5 130.5 130.5 130.5 130.5 130.5 121.6 121.6 121.6 121.6 121.6 121.6 121.6 121.6 121.6 121.6 121.6 121.6 121.6 121.6 121.6 121.6 121.6 121.6 121.6 121.6 121.6 121.6 121.6 121.6 121.6 121.6 121.6 121.6 121.6 
133.4 133.4 133.4 133.4 133.4 133.4 133.4 133.4 133.4 133.4 133.4 130.5 130.5 130.5 130.5 130.5 130.5 130.5 130.5 130.5 130.5 130.5 130.5 130.5 130.5 130.5 130.5 130.5 130.5 130.5 130.5 130.5 130.5 130.5 130.5 130.5 130.5 130.5 130.5 130.5 130.5 130.5 130.5 130.5 130.5 130.5 130.5 130.5 130.5 130.5 130.5 130.5 130.5 130.5 130.5 130.5 130.5 130.5 130.5 130.5 130.5 130.5 130.5 130.5 130.5 130.5 130.5 130.5 130.5 130.5 130.5 121.6 121.6 121.6 121.6 121.6 121.6 121.6 121.6 121.6 121.6 121.6 121.6 121.6 121.6 121.6 121.6 121.6 121.6 121.6 121.6 121.6 121.6 121.6 121.6 121.6 121.6 121.6 121.6 121.6 
133.4 133.4 133.4 133.4 133.4 133.4 133.4 133.4 133.4 133.4 133.4 130.5 130.5 130.5 130.5 130.5 130.5 130.5 130.5 130.5 130.5 130.5 130.5 130.5 130.5 130.5 130.5 130.5 130.5 130.5 130.5 130.5 130.5 130.5 130.5 130.5 130.5 130.5 130.5 130.5 130.5 130.5 130.5 130.5 130.5 130.5 130.5 130.5 130.5 130.5 130.5 130.5 130.5 130.5 130.5 130.5 130.5 130.5 130.5 130.5 130.5 130.5 130.5 130.5 130.5 130.5 130.5 130.5 130.5 130.5 130.5 121.6 121.6 121.6 121.6 121.6 121.6 121.6 121.6 121.6 121.6 121.6 121.6 121.6 121.6 121.6 121.6 121.6 121.6 121.6 121.6 121.6 121.6 121.6 121.6 121.6 121.6 121.6 121.6 121.6 
133.4 133.4 133.4 133.4 133.4 133.4 133.4 133.4 133.4 133.4 133.4 130.5 130.5 130.5 130.5 130.5 130.5 130.5 130.5 130.5 130.5 130.5 130.5 130.5 130.5 130.5 130.5 130.5 130.5 130.5 130.5 130.5 130.5 130.5 130.5 130.5 130.5 130.5 130.5 130.5 130.5 130.5 130.5 130.5 130.5 130.5 130.5 130.5 130.5 130.5 130.5 130.5 130.5 130.5 130.5 130.5 130.5 130.5 130.5 130.5 130.5 130.5 130.5 130.5 130.5 130.5 130.5 130.5 130.5 130.5 130.5 121.6 121.6 121.6 121.6 121.6 121.6 121.6 121.6 121.6 121.6 121.6 121.6 121.6 121.6 121.6 121.6 121.6 121.6 121.6 121.6 121.6 121.6 121.6 121.6 121.6 121.6 121.6 121.6 121.6 
133.4 133.4 133.4 133.4 133.4 133.4 133.4 133.4 133.4 133.4 133.4 130.5 130.5 130.5 130.5 130.5 130.5 130.5 130.5 130.5 130.5 130.5 130.5 130.5 130.5 130.5 130.5 130.5 130.5 130.5 130.5 130.5 130.5 130.5 130.5 130.5 130.5 130.5 130.5 130.5 130.5 130.5 130.5 130.5 130.5 130.5 130.5 130.5 130.5 130.5 130.5 130.5 130.5 130.5 130.5 130.5 130.5 130.5 130.5 130.5 130.5 130.5 130.5 130.5 130.5 130.5 130.5 130.5 130.5 130.5 130.5 121.6 121.6 121.6 121.6 121.6 121.6 121.6 121.6 121.6 121.6 121.6 121.6 121.6 121.6 121.6 121.6 121.6 121.6 121.6 121.6 121.6 121.6 121.6 121.6 121.6 121.6 121.6 121.6 121.6 
133.4 133.4 133.4 133.4 133.4 133.4 133.4 133.4 133.4 133.4 133.4 130.5 130.5 130.5 130.5 130.5 130.5 130.5 130.5 130.5 130.5 130.5 130.5 130.5 130.5 130.5 130.5 130.5 130.5 130.5 130.5 130.5 130.5 130.5 130.5 130.5 130.5 130.5 130.5 130.5 130.5 130.5 130.5 130.5 130.5 130.5 130.5 130.5 130.5 130.5 130.5 130.5 130.5 130.5 130.5 130.5 130.5 130.5 130.5 130.5 130.5 130.5 130.5 130.5 130.5 130.5 130.5 130.5 130.5 130.5 130.5 121.6 121.6 121.6 121.6 121.6 121.6 121.6 121.6 121.6 121.6 121.6 121.6 121.6 121.6 121.6 121.6 121.6 121.6 121.6 121.6 121.6 121.6 121.6 121.6 121.6 121.6 121.6 121.6 121.6 
133.4 133.4 133.4 133.4 133.4 133.4 133.4 133.4 133.4 133.4 133.4 130.5 130.5 130.5 130.5 130.5 130.5 130.5 130.5 130.5 130.5 130.5 130.5 130.5 130.5 130.5 130.5 130.5 130.5 130.5 130.5 130.5 130.5 130.5 130.5 130.5 130.5 130.5 130.5 130.5 130.5 130.5 130.5 130.5 130.5 130.5 130.5 130.5 130.5 130.5 130.5 130.5 130.5 130.5 130.5 130.5 130.5 130.5 130.5 130.5 130.5 130.5 130.5 130.5 130.5 130.5 130.5 130.5 130.5 130.5 130.5 121.6 121.6 121.6 121.6 121.6 121.6 121.6 121.6 121.6 121.6 121.6 121.6 121.6 121.6 121.6 121.6 121.6 121.6 121.6 121.6 121.6 121.6 121.6 121.6 121.6 121.6 121.6 121.6 121.6 
133.4 133.4 133.4 133.4 133.4 133.4 133.4 133.4 133.4 133.4 133.4 130.5 130.5 130.5 130.5 130.5 130.5 130.5 130.5 130.5 130.5 130.5 130.5 130.5 130.5 130.5 130.5 130.5 130.5 130.5 130.5 130.5 130.5 130.5 130.5 130.5 130.5 130.5 130.5 130.5 130.5 130.5 130.5 130.5 130.5 130.5 130.5 130.5 130.5 130.5 130.5 130.5 130.5 130.5 130.5 130.5 130.5 130.5 130.5 130.5 130.5 130.5 130.5 130.5 130.5 130.5 130.5 130.5 130.5 130.5 130.5 121.6 121.6 121.6 121.6 121.6 121.6 121.6 121.6 121.6 121.6 121.6 121.6 121.6 121.6 121.6 121.6 121.6 121.6 121.6 121.6 121.6 121.6 121.6 121.6 121.6 121.6 121.6 121.6 121.6 
133.4 133.4 133.4 133.4 133.4 133.4 133.4 133.4 133.4 133.4 133.4 130.5 130.5 130.5 130.5 130.5 130.5 130.5 130.5 130.5 130.5 130.5 130.5 130.5 130.5 130.5 130.5 130.5 130.5 130.5 130.5 130.5 130.5 130.5 130.5 130.5 130.5 130.5 130.5 130.5 130.5 130.5 130.5 130.5 130.5 130.5 130.5 130.5 130.5 130.5 130.5 130.5 130.5 130.5 130.5 130.5 130.5 130.5 130.5 130.5 130.5 130.5 130.5 130.5 130.5 130.5 130.5 130.5 130.5 130.5 130.5 121.6 121.6 121.6 121.6 121.6 121.6 121.6 121.6 121.6 121.6 121.6 121.6 121.6 121.6 121.6 121.6 121.6 121.6 121.6 121.6 121.6 121.6 121.6 121.6 121.6 121.6 121.6 121.6 121.6 
133.4 133.4 133.4 133.4 133.4 133.4 133.4 133.4 133.4 133.4 133.4 130.5 130.5 130.5 130.5 130.5 130.5 130.5 130.5 130.5 130.5 130.5 130.5 130.5 130.5 130.5 130.5 130.5 130.5 130.5 130.5 130.5 130.5 130.5 130.5 130.5 130.5 130.5 130.5 130.5 130.5 130.5 130.5 130.5 130.5 130.5 130.5 130.5 130.5 130.5 130.5 130.5 130.5 130.5 130.5 130.5 130.5 130.5 130.5 130.5 130.5 130.5 130.5 130.5 130.5 130.5 130.5 130.5 130.5 130.5 130.5 121.6 121.6 121.6 121.6 121.6 121.6 121.6 121.6 121.6 121.6 121.6 121.6 121.6 121.6 121.6 121.6 121.6 121.6 121.6 121.6 121.6 121.6 121.6 121.6 121.6 121.6 121.6 121.6 121.6 
133.4 133.4 133.4 133.4 133.4 133.4 133.4 133.4 133.4 133.4 133.4 130.5 130.5 130.5 130.5 130.5 130.5 130.5 130.5 130.5 130.5 130.5 130.5 130.5 130.5 130.5 130.5 130.5 130.5 130.5 130.5 130.5 130.5 130.5 130.5 130.5 130.5 130.5 130.5 130.5 130.5 130.5 130.5 130.5 130.5 130.5 130.5 130.5 130.5 130.5 130.5 130.5 130.5 130.5 130.5 130.5 130.5 130.5 130.5 130.5 130.5 130.5 130.5 130.5 130.5 130.5 130.5 130.5 130.5 130.5 130.5 121.6 121.6 121.6 121.6 121.6 121.6 121.6 121.6 121.6 121.6 121.6 121.6 121.6 121.6 121.6 121.6 121.6 121.6 121.6 121.6 121.6 121.6 121.6 121.6 121.6 121.6 121.6 121.6 121.6 
133.4 133.4 133.4 133.4 133.4 133.4 133.4 133.4 133.4 133.4 133.4 130.5 130.5 130.5 130.5 130.5 130.5 130.5 130.5 130.5 130.5 130.5 130.5 130.5 130.5 130.5 130.5 130.5 130.5 130.5 130.5 130.5 130.5 130.5 130.5 130.5 130.5 130.5 130.5 130.5 130.5 130.5 130.5 130.5 130.5 130.5 130.5 130.5 130.5 130.5 130.5 130.5 130.5 130.5 130.5 130.5 130.5 130.5 130.5 130.5 130.5 130.5 130.5 130.5 130.5 130.5 130.5 130.5 130.5 130.5 130.5 121.6 121.6 121.6 121.6 121.6 121.6 121.6 121.6 121.6 121.6 121.6 121.6 121.6 121.6 121.6 121.6 121.6 121.6 121.6 121.6 121.6 121.6 121.6 121.6 121.6 121.6 121.6 121.6 121.6 
169.7 169.7 169.7 169.7 169.7 169.7 169.7 169.7 169.7 169.7 169.7 166.9 166.9 166.9 166.9 166.9 166.9 166.9 166.9 166.9 166.9 166.9 166.9 166.9 166.9 166.9 166.9 166.9 166.9 166.9 166.9 166.9 166.9 166.9 166.9 166.9 166.9 166.9 166.9 166.9 166.9 166.9 166.9 166.9 166.9 166.9 166.9 166.9 166.9 166.9 166.9 166.9 166.9 166.9 166.9 166.9 166.9 166.9 166.9 166.9 166.9 166.9 166.9 166.9 166.9 166.9 166.9 166.9 166.9 166.9 166.9 150.7 150.7 150.7 150.7 150.7 150.7 150.7 150.7 150.7 150.7 150.7 150.7 150.7 150.7 150.7 150.7 150.7 150.7 150.7 150.7 150.7 150.7 150.7 150.7 150.7 150.7 150.7 150.7 150.7 
169.7 169.7 169.7 169.7 169.7 169.7 169.7 169.7 169.7 169.7 169.7 166.9 166.9 166.9 166.9 166.9 166.9 166.9 166.9 166.9 166.9 166.9 166.9 166.9 166.9 166.9 166.9 166.9 166.9 166.9 166.9 166.9 166.9 166.9 166.9 166.9 166.9 166.9 166.9 166.9 166.9 166.9 166.9 166.9 166.9 166.9 166.9 166.9 166.9 166.9 166.9 166.9 166.9 166.9 166.9 166.9 166.9 166.9 166.9 166.9 166.9 166.9 166.9 166.9 166.9 166.9 166.9 166.9 166.9 166.9 166.9 150.7 150.7 150.7 150.7 150.7 150.7 150.7 150.7 150.7 150.7 150.7 150.7 150.7 150.7 150.7 150.7 150.7 150.7 150.7 150.7 150.7 150.7 150.7 150.7 150.7 150.7 150.7 150.7 150.7 
169.7 169.7 169.7 169.7 169.7 169.7 169.7 169.7 169.7 169.7 169.7 166.9 166.9 166.9 166.9 166.9 166.9 166.9 166.9 166.9 166.9 166.9 166.9 166.9 166.9 166.9 166.9 166.9 166.9 166.9 166.9 166.9 166.9 166.9 166.9 166.9 166.9 166.9 166.9 166.9 166.9 166.9 166.9 166.9 166.9 166.9 166.9 166.9 166.9 166.9 166.9 166.9 166.9 166.9 166.9 166.9 166.9 166.9 166.9 166.9 166.9 166.9 166.9 166.9 166.9 166.9 166.9 166.9 166.9 166.9 166.9 150.7 150.7 150.7 150.7 150.7 150.7 150.7 150.7 150.7 150.7 150.7 150.7 150.7 150.7 150.7 150.7 150.7 150.7 150.7 150.7 150.7 150.7 150.7 150.7 150.7 150.7 150.7 150.7 150.7 
169.7 169.7 169.7 169.7 169.7 169.7 169.7 169.7 169.7 169.7 169.7 166.9 166.9 166.9 166.9 166.9 166.9 166.9 166.9 166.9 166.9 166.9 166.9 166.9 166.9 166.9 166.9 166.9 166.9 166.9 166.9 166.9 166.9 166.9 166.9 166.9 166.9 166.9 166.9 166.9 166.9 166.9 166.9 166.9 166.9 166.9 166.9 166.9 166.9 166.9 166.9 166.9 166.9 166.9 166.9 166.9 166.9 166.9 166.9 166.9 166.9 166.9 166.9 166.9 166.9 166.9 166.9 166.9 166.9 166.9 166.9 150.7 150.7 150.7 150.7 150.7 150.7 150.7 150.7 150.7 150.7 150.7 150.7 150.7 150.7 150.7 150.7 150.7 150.7 150.7 150.7 150.7 150.7 150.7 150.7 150.7 150.7 150.7 150.7 150.7 
169.7 169.7 169.7 169.7 169.7 169.7 169.7 169.7 169.7 169.7 169.7 166.9 166.9 166.9 166.9 166.9 166.9 166.9 166.9 166.9 166.9 166.9 166.9 166.9 166.9 166.9 166.9 166.9 166.9 166.9 166.9 166.9 166.9 166.9 166.9 166.9 166.9 166.9 166.9 166.9 166.9 166.9 166.9 166.9 166.9 166.9 166.9 166.9 166.9 166.9 166.9 166.9 166.9 166.9 166.9 166.9 166.9 166.9 166.9 166.9 166.9 166.9 166.9 166.9 166.9 166.9 166.9 166.9 166.9 166.9 166.9 150.7 150.7 150.7 150.7 150.7 150.7 150.7 150.7 150.7 150.7 150.7 150.7 150.7 150.7 150.7 150.7 150.7 150.7 150.7 150.7 150.7 150.7 150.7 150.7 150.7 150.7 150.7 150.7 150.7 
169.7 169.7 169.7 169.7 169.7 169.7 169.7 169.7 169.7 169.7 169.7 166.9 166.9 166.9 166.9 166.9 166.9 166.9 166.9 166.9 166.9 166.9 166.9 166.9 166.9 166.9 166.9 166.9 166.9 166.9 166.9 166.9 166.9 166.9 166.9 166.9 166.9 166.9 166.9 166.9 166.9 166.9 166.9 166.9 166.9 166.9 166.9 166.9 166.9 166.9 166.9 166.9 166.9 166.9 166.9 166.9 166.9 166.9 166.9 166.9 166.9 166.9 166.9 166.9 166.9 166.9 166.9 166.9 166.9 166.9 166.9 150.7 150.7 150.7 150.7 150.7 150.7 150.7 150.7 150.7 150.7 150.7 150.7 150.7 150.7 150.7 150.7 150.7 150.7 150.7 150.7 150.7 150.7 150.7 150.7 150.7 150.7 150.7 150.7 150.7 
169.7 169.7 169.7 169.7 169.7 169.7 169.7 169.7 169.7 169.7 169.7 166.9 166.9 166.9 166.9 166.9 166.9 166.9 166.9 166.9 166.9 166.9 166.9 166.9 166.9 166.9 166.9 166.9 166.9 166.9 166.9 166.9 166.9 166.9 166.9 166.9 166.9 166.9 166.9 166.9 166.9 166.9 166.9 166.9 166.9 166.9 166.9 166.9 166.9 166.9 166.9 166.9 166.9 166.9 166.9 166.9 166.9 166.9 166.9 166.9 166.9 166.9 166.9 166.9 166.9 166.9 166.9 166.9 166.9 166.9 166.9 150.7 150.7 150.7 150.7 150.7 150.7 150.7 150.7 150.7 150.7 150.7 150.7 150.7 150.7 150.7 150.7 150.7 150.7 150.7 150.7 150.7 150.7 150.7 150.7 150.7 150.7 150.7 150.7 150.7 
169.7 169.7 169.7 169.7 169.7 169.7 169.7 169.7 169.7 169.7 169.7 166.9 166.9 166.9 166.9 166.9 166.9 166.9 166.9 166.9 166.9 166.9 166.9 166.9 166.9 166.9 166.9 166.9 166.9 166.9 166.9 166.9 166.9 166.9 166.9 166.9 166.9 166.9 166.9 166.9 166.9 166.9 166.9 166.9 166.9 166.9 166.9 166.9 166.9 166.9 166.9 166.9 166.9 166.9 166.9 166.9 166.9 166.9 166.9 166.9 166.9 166.9 166.9 166.9 166.9 166.9 166.9 166.9 166.9 166.9 166.9 150.7 150.7 150.7 150.7 150.7 150.7 150.7 150.7 150.7 150.7 150.7 150.7 150.7 150.7 150.7 150.7 150.7 150.7 150.7 150.7 150.7 150.7 150.7 150.7 150.7 150.7 150.7 150.7 150.7 
169.7 169.7 169.7 169.7 169.7 169.7 169.7 169.7 169.7 169.7 169.7 166.9 166.9 166.9 166.9 166.9 166.9 166.9 166.9 166.9 166.9 166.9 166.9 166.9 166.9 166.9 166.9 166.9 166.9 166.9 166.9 166.9 166.9 166.9 166.9 166.9 166.9 166.9 166.9 166.9 166.9 166.9 166.9 166.9 166.9 166.9 166.9 166.9 166.9 166.9 166.9 166.9 166.9 166.9 166.9 166.9 166.9 166.9 166.9 166.9 166.9 166.9 166.9 166.9 166.9 166.9 166.9 166.9 166.9 166.9 166.9 150.7 150.7 150.7 150.7 150.7 150.7 150.7 150.7 150.7 150.7 150.7 150.7 150.7 150.7 150.7 150.7 150.7 150.7 150.7 150.7 150.7 150.7 150.7 150.7 150.7 150.7 150.7 150.7 150.7 
169.7 169.7 169.7 169.7 169.7 169.7 169.7 169.7 169.7 169.7 169.7 166.9 166.9 166.9 166.9 166.9 166.9 166.9 166.9 166.9 166.9 166.9 166.9 166.9 166.9 166.9 166.9 166.9 166.9 166.9 166.9 166.9 166.9 166.9 166.9 166.9 166.9 166.9 166.9 166.9 166.9 166.9 166.9 166.9 166.9 166.9 166.9 166.9 166.9 166.9 166.9 166.9 166.9 166.9 166.9 166.9 166.9 166.9 166.9 166.9 166.9 166.9 166.9 166.9 166.9 166.9 166.9 166.9 166.9 166.9 166.9 150.7 150.7 150.7 150.7 150.7 150.7 150.7 150.7 150.7 150.7 150.7 150.7 150.7 150.7 150.7 150.7 150.7 150.7 150.7 150.7 150.7 150.7 150.7 150.7 150.7 150.7 150.7 150.7 150.7 
169.7 169.7 169.7 169.7 169.7 169.7 169.7 169.7 169.7 169.7 169.7 166.9 166.9 166.9 166.9 166.9 166.9 166.9 166.9 166.9 166.9 166.9 166.9 166.9 166.9 166.9 166.9 166.9 166.9 166.9 166.9 166.9 166.9 166.9 166.9 166.9 166.9 166.9 166.9 166.9 166.9 166.9 166.9 166.9 166.9 166.9 166.9 166.9 166.9 166.9 166.9 166.9 166.9 166.9 166.9 166.9 166.9 166.9 166.9 166.9 166.9 166.9 166.9 166.9 166.9 166.9 166.9 166.9 166.9 166.9 166.9 150.7 150.7 150.7 150.7 150.7 150.7 150.7 150.7 150.7 150.7 150.7 150.7 150.7 150.7 150.7 150.7 150.7 150.7 150.7 150.7 150.7 150.7 150.7 150.7 150.7 150.7 150.7 150.7 150.7 
169.7 169.7 169.7 169.7 169.7 169.7 169.7 169.7 169.7 169.7 169.7 166.9 166.9 166.9 166.9 166.9 166.9 166.9 166.9 166.9 166.9 166.9 166.9 166.9 166.9 166.9 166.9 166.9 166.9 166.9 166.9 166.9 166.9 166.9 166.9 166.9 166.9 166.9 166.9 166.9 166.9 166.9 166.9 166.9 166.9 166.9 166.9 166.9 166.9 166.9 166.9 166.9 166.9 166.9 166.9 166.9 166.9 166.9 166.9 166.9 166.9 166.9 166.9 166.9 166.9 166.9 166.9 166.9 166.9 166.9 166.9 150.7 150.7 150.7 150.7 150.7 150.7 150.7 150.7 150.7 150.7 150.7 150.7 150.7 150.7 150.7 150.7 150.7 150.7 150.7 150.7 150.7 150.7 150.7 150.7 150.7 150.7 150.7 150.7 150.7 
169.7 169.7 169.7 169.7 169.7 169.7 169.7 169.7 169.7 169.7 169.7 166.9 166.9 166.9 166.9 166.9 166.9 166.9 166.9 166.9 166.9 166.9 166.9 166.9 166.9 166.9 166.9 166.9 166.9 166.9 166.9 166.9 166.9 166.9 166.9 166.9 166.9 166.9 166.9 166.9 166.9 166.9 166.9 166.9 166.9 166.9 166.9 166.9 166.9 166.9 166.9 166.9 166.9 166.9 166.9 166.9 166.9 166.9 166.9 166.9 166.9 166.9 166.9 166.9 166.9 166.9 166.9 166.9 166.9 166.9 166.9 150.7 150.7 150.7 150.7 150.7 150.7 150.7 150.7 150.7 150.7 150.7 150.7 150.7 150.7 150.7 150.7 150.7 150.7 150.7 150.7 150.7 150.7 150.7 150.7 150.7 150.7 150.7 150.7 150.7 
169.7 169.7 169.7 169.7 169.7 169.7 169.7 169.7 169.7 169.7 169.7 166.9 166.9 166.9 166.9 166.9 166.9 166.9 166.9 166.9 166.9 166.9 166.9 166.9 166.9 166.9 166.9 166.9 166.9 166.9 166.9 166.9 166.9 166.9 166.9 166.9 166.9 166.9 166.9 166.9 166.9 166.9 166.9 166.9 166.9 166.9 166.9 166.9 166.9 166.9 166.9 166.9 166.9 166.9 166.9 166.9 166.9 166.9 166.9 166.9 166.9 166.9 166.9 166.9 166.9 166.9 166.9 166.9 166.9 166.9 166.9 150.7 150.7 150.7 150.7 150.7 150.7 150.7 150.7 150.7 150.7 150.7 150.7 150.7 150.7 150.7 150.7 150.7 150.7 150.7 150.7 150.7 150.7 150.7 150.7 150.7 150.7 150.7 150.7 150.7 
169.7 169.7 169.7 169.7 169.7 169.7 169.7 169.7 169.7 169.7 169.7 166.9 166.9 166.9 166.9 166.9 166.9 166.9 166.9 166.9 166.9 166.9 166.9 166.9 166.9 166.9 166.9 166.9 166.9 166.9 166.9 166.9 166.9 166.9 166.9 166.9 166.9 166.9 166.9 166.9 166.9 166.9 166.9 166.9 166.9 166.9 166.9 166.9 166.9 166.9 166.9 166.9 166.9 166.9 166.9 166.9 166.9 166.9 166.9 166.9 166.9 166.9 166.9 166.9 166.9 166.9 166.9 166.9 166.9 166.9 166.9 150.7 150.7 150.7 150.7 150.7 150.7 150.7 150.7 150.7 150.7 150.7 150.7 150.7 150.7 150.7 150.7 150.7 150.7 150.7 150.7 150.7 150.7 150.7 150.7 150.7 150.7 150.7 150.7 150.7 
169.7 169.7 169.7 169.7 169.7 169.7 169.7 169.7 169.7 169.7 169.7 166.9 166.9 166.9 166.9 166.9 166.9 166.9 166.9 166.9 166.9 166.9 166.9 166.9 166.9 166.9 166.9 166.9 166.9 166.9 166.9 166.9 166.9 166.9 166.9 166.9 166.9 166.9 166.9 166.9 166.9 166.9 166.9 166.9 166.9 166.9 166.9 166.9 166.9 166.9 166.9 166.9 166.9 166.9 166.9 166.9 166.9 166.9 166.9 166.9 166.9 166.9 166.9 166.9 166.9 166.9 166.9 166.9 166.9 166.9 166.9 150.7 150.7 150.7 150.7 150.7 150.7 150.7 150.7 150.7 150.7 150.7 150.7 150.7 150.7 150.7 150.7 150.7 150.7 150.7 150.7 150.7 150.7 150.7 150.7 150.7 150.7 150.7 150.7 150.7 
169.7 169.7 169.7 169.7 169.7 169.7 169.7 169.7 169.7 169.7 169.7 166.9 166.9 166.9 166.9 166.9 166.9 166.9 166.9 166.9 166.9 166.9 166.9 166.9 166.9 166.9 166.9 166.9 166.9 166.9 166.9 166.9 166.9 166.9 166.9 166.9 166.9 166.9 166.9 166.9 166.9 166.9 166.9 166.9 166.9 166.9 166.9 166.9 166.9 166.9 166.9 166.9 166.9 166.9 166.9 166.9 166.9 166.9 166.9 166.9 166.9 166.9 166.9 166.9 166.9 166.9 166.9 166.9 166.9 166.9 166.9 150.7 150.7 150.7 150.7 150.7 150.7 150.7 150.7 150.7 150.7 150.7 150.7 150.7 150.7 150.7 150.7 150.7 150.7 150.7 150.7 150.7 150.7 150.7 150.7 150.7 150.7 150.7 150.7 150.7 
169.7 169.7 169.7 169.7 169.7 169.7 169.7 169.7 169.7 169.7 169.7 166.9 166.9 166.9 166.9 166.9 166.9 166.9 166.9 166.9 166.9 166.9 166.9 166.9 166.9 166.9 166.9 166.9 166.9 166.9 166.9 166.9 166.9 166.9 166.9 166.9 166.9 166.9 166.9 166.9 166.9 166.9 166.9 166.9 166.9 166.9 166.9 166.9 166.9 166.9 166.9 166.9 166.9 166.9 166.9 166.9 166.9 166.9 166.9 166.9 166.9 166.9 166.9 166.9 166.9 166.9 166.9 166.9 166.9 166.9 166.9 150.7 150.7 150.7 150.7 150.7 150.7 150.7 150.7 150.7 150.7 150.7 150.7 150.7 150.7 150.7 150.7 150.7 150.7 150.7 150.7 150.7 150.7 150.7 150.7 150.7 150.7 150.7 150.7 150.7 
169.7 169.7 169.7 169.7 169.7 169.7 169.7 169.7 169.7 169.7 169.7 166.9 166.9 166.9 166.9 166.9 166.9 166.9 166.9 166.9 166.9 166.9 166.9 166.9 166.9 166.9 166.9 166.9 166.9 166.9 166.9 166.9 166.9 166.9 166.9 166.9 166.9 166.9 166.9 166.9 166.9 166.9 166.9 166.9 166.9 166.9 166.9 166.9 166.9 166.9 166.9 166.9 166.9 166.9 166.9 166.9 166.9 166.9 166.9 166.9 166.9 166.9 166.9 166.9 166.9 166.9 166.9 166.9 166.9 166.9 166.9 150.7 150.7 150.7 150.7 150.7 150.7 150.7 150.7 150.7 150.7 150.7 150.7 150.7 150.7 150.7 150.7 150.7 150.7 150.7 150.7 150.7 150.7 150.7 150.7 150.7 150.7 150.7 150.7 150.7 
169.7 169.7 169.7 169.7 169.7 169.7 169.7 169.7 169.7 169.7 169.7 166.9 166.9 166.9 166.9 166.9 166.9 166.9 166.9 166.9 166.9 166.9 166.9 166.9 166.9 166.9 166.9 166.9 166.9 166.9 166.9 166.9 166.9 166.9 166.9 166.9 166.9 166.9 166.9 166.9 166.9 166.9 166.9 166.9 166.9 166.9 166.9 166.9 166.9 166.9 166.9 166.9 166.9 166.9 166.9 166.9 166.9 166.9 166.9 166.9 166.9 166.9 166.9 166.9 166.9 166.9 166.9 166.9 166.9 166.9 166.9 150.7 150.7 150.7 150.7 150.7 150.7 150.7 150.7 150.7 150.7 150.7 150.7 150.7 150.7 150.7 150.7 150.7 150.7 150.7 150.7 150.7 150.7 150.7 150.7 150.7 150.7 150.7 150.7 150.7 
169.7 169.7 169.7 169.7 169.7 169.7 169.7 169.7 169.7 169.7 169.7 166.9 166.9 166.9 166.9 166.9 166.9 166.9 166.9 166.9 166.9 166.9 166.9 166.9 166.9 166.9 166.9 166.9 166.9 166.9 166.9 166.9 166.9 166.9 166.9 166.9 166.9 166.9 166.9 166.9 166.9 166.9 166.9 166.9 166.9 166.9 166.9 166.9 166.9 166.9 166.9 166.9 166.9 166.9 166.9 166.9 166.9 166.9 166.9 166.9 166.9 166.9 166.9 166.9 166.9 166.9 166.9 166.9 166.9 166.9 166.9 150.7 150.7 150.7 150.7 150.7 150.7 150.7 150.7 150.7 150.7 150.7 150.7 150.7 150.7 150.7 150.7 150.7 150.7 150.7 150.7 150.7 150.7 150.7 150.7 150.7 150.7 150.7 150.7 150.7 
169.7 169.7 169.7 169.7 169.7 169.7 169.7 169.7 169.7 169.7 169.7 166.9 166.9 166.9 166.9 166.9 166.9 166.9 166.9 166.9 166.9 166.9 166.9 166.9 166.9 166.9 166.9 166.9 166.9 166.9 166.9 166.9 166.9 166.9 166.9 166.9 166.9 166.9 166.9 166.9 166.9 166.9 166.9 166.9 166.9 166.9 166.9 166.9 166.9 166.9 166.9 166.9 166.9 166.9 166.9 166.9 166.9 166.9 166.9 166.9 166.9 166.9 166.9 166.9 166.9 166.9 166.9 166.9 166.9 166.9 166.9 150.7 150.7 150.7 150.7 150.7 150.7 150.7 150.7 150.7 150.7 150.7 150.7 150.7 150.7 150.7 150.7 150.7 150.7 150.7 150.7 150.7 150.7 150.7 150.7 150.7 150.7 150.7 150.7 150.7 
169.7 169.7 169.7 169.7 169.7 169.7 169.7 169.7 169.7 169.7 169.7 166.9 166.9 166.9 166.9 166.9 166.9 166.9 166.9 166.9 166.9 166.9 166.9 166.9 166.9 166.9 166.9 166.9 166.9 166.9 166.9 166.9 166.9 166.9 166.9 166.9 166.9 166.9 166.9 166.9 166.9 166.9 166.9 166.9 166.9 166.9 166.9 166.9 166.9 166.9 166.9 166.9 166.9 166.9 166.9 166.9 166.9 166.9 166.9 166.9 166.9 166.9 166.9 166.9 166.9 166.9 166.9 166.9 166.9 166.9 166.9 150.7 150.7 150.7 150.7 150.7 150.7 150.7 150.7 150.7 150.7 150.7 150.7 150.7 150.7 150.7 150.7 150.7 150.7 150.7 150.7 150.7 150.7 150.7 150.7 150.7 150.7 150.7 150.7 150.7 
169.7 169.7 169.7 169.7 169.7 169.7 169.7 169.7 169.7 169.7 169.7 166.9 166.9 166.9 166.9 166.9 166.9 166.9 166.9 166.9 166.9 166.9 166.9 166.9 166.9 166.9 166.9 166.9 166.9 166.9 166.9 166.9 166.9 166.9 166.9 166.9 166.9 166.9 166.9 166.9 166.9 166.9 166.9 166.9 166.9 166.9 166.9 166.9 166.9 166.9 166.9 166.9 166.9 166.9 166.9 166.9 166.9 166.9 166.9 166.9 166.9 166.9 166.9 166.9 166.9 166.9 166.9 166.9 166.9 166.9 166.9 150.7 150.7 150.7 150.7 150.7 150.7 150.7 150.7 150.7 150.7 150.7 150.7 150.7 150.7 150.7 150.7 150.7 150.7 150.7 150.7 150.7 150.7 150.7 150.7 150.7 150.7 150.7 150.7 150.7 
169.7 169.7 169.7 169.7 169.7 169.7 169.7 169.7 169.7 169.7 169.7 166.9 166.9 166.9 166.9 166.9 166.9 166.9 166.9 166.9 166.9 166.9 166.9 166.9 166.9 166.9 166.9 166.9 166.9 166.9 166.9 166.9 166.9 166.9 166.9 166.9 166.9 166.9 166.9 166.9 166.9 166.9 166.9 166.9 166.9 166.9 166.9 166.9 166.9 166.9 166.9 166.9 166.9 166.9 166.9 166.9 166.9 166.9 166.9 166.9 166.9 166.9 166.9 166.9 166.9 166.9 166.9 166.9 166.9 166.9 166.9 150.7 150.7 150.7 150.7 150.7 150.7 150.7 150.7 150.7 150.7 150.7 150.7 150.7 150.7 150.7 150.7 150.7 150.7 150.7 150.7 150.7 150.7 150.7 150.7 150.7 150.7 150.7 150.7 150.7 
169.7 169.7 169.7 169.7 169.7 169.7 169.7 169.7 169.7 169.7 169.7 166.9 166.9 166.9 166.9 166.9 166.9 166.9 166.9 166.9 166.9 166.9 166.9 166.9 166.9 166.9 166.9 166.9 166.9 166.9 166.9 166.9 166.9 166.9 166.9 166.9 166.9 166.9 166.9 166.9 166.9 166.9 166.9 166.9 166.9 166.9 166.9 166.9 166.9 166.9 166.9 166.9 166.9 166.9 166.9 166.9 166.9 166.9 166.9 166.9 166.9 166.9 166.9 166.9 166.9 166.9 166.9 166.9 166.9 166.9 166.9 150.7 150.7 150.7 150.7 150.7 150.7 150.7 150.7 150.7 150.7 150.7 150.7 150.7 150.7 150.7 150.7 150.7 150.7 150.7 150.7 150.7 150.7 150.7 150.7 150.7 150.7 150.7 150.7 150.7 
169.7 169.7 169.7 169.7 169.7 169.7 169.7 169.7 169.7 169.7 169.7 166.9 166.9 166.9 166.9 166.9 166.9 166.9 166.9 166.9 166.9 166.9 166.9 166.9 166.9 166.9 166.9 166.9 166.9 166.9 166.9 166.9 166.9 166.9 166.9 166.9 166.9 166.9 166.9 166.9 166.9 166.9 166.9 166.9 166.9 166.9 166.9 166.9 166.9 166.9 166.9 166.9 166.9 166.9 166.9 166.9 166.9 166.9 166.9 166.9 166.9 166.9 166.9 166.9 166.9 166.9 166.9 166.9 166.9 166.9 166.9 150.7 150.7 150.7 150.7 150.7 150.7 150.7 150.7 150.7 150.7 150.7 150.7 150.7 150.7 150.7 150.7 150.7 150.7 150.7 150.7 150.7 150.7 150.7 150.7 150.7 150.7 150.7 150.7 150.7 
169.7 169.7 169.7 169.7 169.7 169.7 169.7 169.7 169.7 169.7 169.7 166.9 166.9 166.9 166.9 166.9 166.9 166.9 166.9 166.9 166.9 166.9 166.9 166.9 166.9 166.9 166.9 166.9 166.9 166.9 166.9 166.9 166.9 166.9 166.9 166.9 166.9 166.9 166.9 166.9 166.9 166.9 166.9 166.9 166.9 166.9 166.9 166.9 166.9 166.9 166.9 166.9 166.9 166.9 166.9 166.9 166.9 166.9 166.9 166.9 166.9 166.9 166.9 166.9 166.9 166.9 166.9 166.9 166.9 166.9 166.9 150.7 150.7 150.7 150.7 150.7 150.7 150.7 150.7 150.7 150.7 150.7 150.7 150.7 150.7 150.7 150.7 150.7 150.7 150.7 150.7 150.7 150.7 150.7 150.7 150.7 150.7 150.7 150.7 150.7 
169.7 169.7 169.7 169.7 169.7 169.7 169.7 169.7 169.7 169.7 169.7 166.9 166.9 166.9 166.9 166.9 166.9 166.9 166.9 166.9 166.9 166.9 166.9 166.9 166.9 166.9 166.9 166.9 166.9 166.9 166.9 166.9 166.9 166.9 166.9 166.9 166.9 166.9 166.9 166.9 166.9 166.9 166.9 166.9 166.9 166.9 166.9 166.9 166.9 166.9 166.9 166.9 166.9 166.9 166.9 166.9 166.9 166.9 166.9 166.9 166.9 166.9 166.9 166.9 166.9 166.9 166.9 166.9 166.9 166.9 166.9 150.7 150.7 150.7 150.7 150.7 150.7 150.7 150.7 150.7 150.7 150.7 150.7 150.7 150.7 150.7 150.7 150.7 150.7 150.7 150.7 150.7 150.7 150.7 150.7 150.7 150.7 150.7 150.7 150.7 
169.7 169.7 169.7 169.7 169.7 169.7 169.7 169.7 169.7 169.7 169.7 166.9 166.9 166.9 166.9 166.9 166.9 166.9 166.9 166.9 166.9 166.9 166.9 166.9 166.9 166.9 166.9 166.9 166.9 166.9 166.9 166.9 166.9 166.9 166.9 166.9 166.9 166.9 166.9 166.9 166.9 166.9 166.9 166.9 166.9 166.9 166.9 166.9 166.9 166.9 166.9 166.9 166.9 166.9 166.9 166.9 166.9 166.9 166.9 166.9 166.9 166.9 166.9 166.9 166.9 166.9 166.9 166.9 166.9 166.9 166.9 150.7 150.7 150.7 150.7 150.7 150.7 150.7 150.7 150.7 150.7 150.7 150.7 150.7 150.7 150.7 150.7 150.7 150.7 150.7 150.7 150.7 150.7 150.7 150.7 150.7 150.7 150.7 150.7 150.7 
169.7 169.7 169.7 169.7 169.7 169.7 169.7 169.7 169.7 169.7 169.7 166.9 166.9 166.9 166.9 166.9 166.9 166.9 166.9 166.9 166.9 166.9 166.9 166.9 166.9 166.9 166.9 166.9 166.9 166.9 166.9 166.9 166.9 166.9 166.9 166.9 166.9 166.9 166.9 166.9 166.9 166.9 166.9 166.9 166.9 166.9 166.9 166.9 166.9 166.9 166.9 166.9 166.9 166.9 166.9 166.9 166.9 166.9 166.9 166.9 166.9 166.9 166.9 166.9 166.9 166.9 166.9 166.9 166.9 166.9 166.9 150.7 150.7 150.7 150.7 150.7 150.7 150.7 150.7 150.7 150.7 150.7 150.7 150.7 150.7 150.7 150.7 150.7 150.7 150.7 150.7 150.7 150.7 150.7 150.7 150.7 150.7 150.7 150.7 150.7 
