ncols         100
nrows         100
xllcorner     -59982.863281
yllcorner     1851083.022172
cellsize      1000
NODATA_value  -9999
3.48 3.48 3.48 3.48 3.48 3.48 3.48 3.48 3.48 3.48 3.48 2.92 2.92 2.92 2.92 2.92 2.92 2.92 2.92 2.92 2.92 2.92 2.92 2.92 2.92 2.92 2.92 2.92 2.92 2.92 2.92 2.92 2.92 2.92 2.92 2.92 2.92 2.92 2.92 2.92 2.92 2.92 2.92 2.92 2.92 2.92 2.92 2.92 2.92 2.92 2.92 2.92 2.92 2.92 2.92 2.92 2.92 2.92 2.92 2.92 2.92 2.92 2.92 2.92 2.92 2.92 2.92 2.92 2.92 2.92 2.92 3.12 3.12 3.12 3.12 3.12 3.12 3.12 3.12 3.12 3.12 3.12 3.12 3.12 3.12 3.12 3.12 3.12 3.12 3.12 3.12 3.12 3.12 3.12 3.12 3.12 3.12 3.12 3.12 3.12 
3.48 3.48 3.48 3.48 3.48 3.48 3.48 3.48 3.48 3.48 3.48 2.92 2.92 2.92 2.92 2.92 2.92 2.92 2.92 2.92 2.92 2.92 2.92 2.92 2.92 2.92 2.92 2.92 2.92 2.92 2.92 2.92 2.92 2.92 2.92 2.92 2.92 2.92 2.92 2.92 2.92 2.92 2.92 2.92 2.92 2.92 2.92 2.92 2.92 2.92 2.92 2.92 2.92 2.92 2.92 2.92 2.92 2.92 2.92 2.92 2.92 2.92 2.92 2.92 2.92 2.92 2.92 2.92 2.92 2.92 2.92 3.12 3.12 3.12 3.12 3.12 3.12 3.12 3.12 3.12 3.12 3.12 3.12 3.12 3.12 3.12 3.12 3.12 3.12 3.12 3.12 3.12 3.12 3.12 3.12 3.12 3.12 3.12 3.12 3.12 
3.48 3.48 3.48 3.48 3.48 3.48 3.48 3.48 3.48 3.48 3.48 2.92 2.92 2.92 2.92 2.92 2.92 2.92 2.92 2.92 2.92 2.92 2.92 2.92 2.92 2.92 2.92 2.92 2.92 2.92 2.92 2.92 2.92 2.92 2.92 2.92 2.92 2.92 2.92 2.92 2.92 2.92 2.92 2.92 2.92 2.92 2.92 2.92 2.92 2.92 2.92 2.92 2.92 2.92 2.92 2.92 2.92 2.92 2.92 2.92 2.92 2.92 2.92 2.92 2.92 2.92 2.92 2.92 2.92 2.92 2.92 3.12 3.12 3.12 3.12 3.12 3.12 3.12 3.12 3.12 3.12 3.12 3.12 3.12 3.12 3.12 3.12 3.12 3.12 3.12 3.12 3.12 3.12 3.12 3.12 3.12 3.12 3.12 3.12 3.12 
3.48 3.48 3.48 3.48 3.48 3.48 3.48 3.48 3.48 3.48 3.48 2.92 2.92 2.92 2.92 2.92 2.92 2.92 2.92 2.92 2.92 2.92 2.92 2.92 2.92 2.92 2.92 2.92 2.92 2.92 2.92 2.92 2.92 2.92 2.92 2.92 2.92 2.92 2.92 2.92 2.92 2.92 2.92 2.92 2.92 2.92 2.92 2.92 2.92 2.92 2.92 2.92 2.92 2.92 2.92 2.92 2.92 2.92 2.92 2.92 2.92 2.92 2.92 2.92 2.92 2.92 2.92 2.92 2.92 2.92 2.92 3.12 3.12 3.12 3.12 3.12 3.12 3.12 3.12 3.12 3.12 3.12 3.12 3.12 3.12 3.12 3.12 3.12 3.12 3.12 3.12 3.12 3.12 3.12 3.12 3.12 3.12 3.12 3.12 3.12 
3.48 3.48 3.48 3.48 3.48 3.48 3.48 3.48 3.48 3.48 3.48 2.92 2.92 2.92 2.92 2.92 2.92 2.92 2.92 2.92 2.92 2.92 2.92 2.92 2.92 2.92 2.92 2.92 2.92 2.92 2.92 2.92 2.92 2.92 2.92 2.92 2.92 2.92 2.92 2.92 2.92 2.92 2.92 2.92 2.92 2.92 2.92 2.92 2.92 2.92 2.92 2.92 2.92 2.92 2.92 2.92 2.92 2.92 2.92 2.92 2.92 2.92 2.92 2.92 2.92 2.92 2.92 2.92 2.92 2.92 2.92 3.12 3.12 3.12 3.12 3.12 3.12 3.12 3.12 3.12 3.12 3.12 3.12 3.12 3.12 3.12 3.12 3.12 3.12 3.12 3.12 3.12 3.12 3.12 3.12 3.12 3.12 3.12 3.12 3.12 
3.48 3.48 3.48 3.48 3.48 3.48 3.48 3.48 3.48 3.48 3.48 2.92 2.92 2.92 2.92 2.92 2.92 2.92 2.92 2.92 2.92 2.92 2.92 2.92 2.92 2.92 2.92 2.92 2.92 2.92 2.92 2.92 2.92 2.92 2.92 2.92 2.92 2.92 2.92 2.92 2.92 2.92 2.92 2.92 2.92 2.92 2.92 2.92 2.92 2.92 2.92 2.92 2.92 2.92 2.92 2.92 2.92 2.92 2.92 2.92 2.92 2.92 2.92 2.92 2.92 2.92 2.92 2.92 2.92 2.92 2.92 3.12 3.12 3.12 3.12 3.12 3.12 3.12 3.12 3.12 3.12 3.12 3.12 3.12 3.12 3.12 3.12 3.12 3.12 3.12 3.12 3.12 3.12 3.12 3.12 3.12 3.12 3.12 3.12 3.12 
3.48 3.48 3.48 3.48 3.48 3.48 3.48 3.48 3.48 3.48 3.48 2.92 2.92 2.92 2.92 2.92 2.92 2.92 2.92 2.92 2.92 2.92 2.92 2.92 2.92 2.92 2.92 2.92 2.92 2.92 2.92 2.92 2.92 2.92 2.92 2.92 2.92 2.92 2.92 2.92 2.92 2.92 2.92 2.92 2.92 2.92 2.92 2.92 2.92 2.92 2.92 2.92 2.92 2.92 2.92 2.92 2.92 2.92 2.92 2.92 2.92 2.92 2.92 2.92 2.92 2.92 2.92 2.92 2.92 2.92 2.92 3.12 3.12 3.12 3.12 3.12 3.12 3.12 3.12 3.12 3.12 3.12 3.12 3.12 3.12 3.12 3.12 3.12 3.12 3.12 3.12 3.12 3.12 3.12 3.12 3.12 3.12 3.12 3.12 3.12 
3.48 3.48 3.48 3.48 3.48 3.48 3.48 3.48 3.48 3.48 3.48 2.92 2.92 2.92 2.92 2.92 2.92 2.92 2.92 2.92 2.92 2.92 2.92 2.92 2.92 2.92 2.92 2.92 2.92 2.92 2.92 2.92 2.92 2.92 2.92 2.92 2.92 2.92 2.92 2.92 2.92 2.92 2.92 2.92 2.92 2.92 2.92 2.92 2.92 2.92 2.92 2.92 2.92 2.92 2.92 2.92 2.92 2.92 2.92 2.92 2.92 2.92 2.92 2.92 2.92 2.92 2.92 2.92 2.92 2.92 2.92 3.12 3.12 3.12 3.12 3.12 3.12 3.12 3.12 3.12 3.12 3.12 3.12 3.12 3.12 3.12 3.12 3.12 3.12 3.12 3.12 3.12 3.12 3.12 3.12 3.12 3.12 3.12 3.12 3.12 
3.48 3.48 3.48 3.48 3.48 3.48 3.48 3.48 3.48 3.48 3.48 2.92 2.92 2.92 2.92 2.92 2.92 2.92 2.92 2.92 2.92 2.92 2.92 2.92 2.92 2.92 2.92 2.92 2.92 2.92 2.92 2.92 2.92 2.92 2.92 2.92 2.92 2.92 2.92 2.92 2.92 2.92 2.92 2.92 2.92 2.92 2.92 2.92 2.92 2.92 2.92 2.92 2.92 2.92 2.92 2.92 2.92 2.92 2.92 2.92 2.92 2.92 2.92 2.92 2.92 2.92 2.92 2.92 2.92 2.92 2.92 3.12 3.12 3.12 3.12 3.12 3.12 3.12 3.12 3.12 3.12 3.12 3.12 3.12 3.12 3.12 3.12 3.12 3.12 3.12 3.12 3.12 3.12 3.12 3.12 3.12 3.12 3.12 3.12 3.12 
3.82 3.82 3.82 3.82 3.82 3.82 3.82 3.82 3.82 3.82 3.82 4.14 4.14 4.14 4.14 4.14 4.14 4.14 4.14 4.14 4.14 4.14 4.14 4.14 4.14 4.14 4.14 4.14 4.14 4.14 4.14 4.14 4.14 4.14 4.14 4.14 4.14 4.14 4.14 4.14 4.14 4.14 4.14 4.14 4.14 4.14 4.14 4.14 4.14 4.14 4.14 4.14 4.14 4.14 4.14 4.14 4.14 4.14 4.14 4.14 4.14 4.14 4.14 4.14 4.14 4.14 4.14 4.14 4.14 4.14 4.14 4.78 4.78 4.78 4.78 4.78 4.78 4.78 4.78 4.78 4.78 4.78 4.78 4.78 4.78 4.78 4.78 4.78 4.78 4.78 4.78 4.78 4.78 4.78 4.78 4.78 4.78 4.78 4.78 4.78 
3.82 3.82 3.82 3.82 3.82 3.82 3.82 3.82 3.82 3.82 3.82 4.14 4.14 4.14 4.14 4.14 4.14 4.14 4.14 4.14 4.14 4.14 4.14 4.14 4.14 4.14 4.14 4.14 4.14 4.14 4.14 4.14 4.14 4.14 4.14 4.14 4.14 4.14 4.14 4.14 4.14 4.14 4.14 4.14 4.14 4.14 4.14 4.14 4.14 4.14 4.14 4.14 4.14 4.14 4.14 4.14 4.14 4.14 4.14 4.14 4.14 4.14 4.14 4.14 4.14 4.14 4.14 4.14 4.14 4.14 4.14 4.78 4.78 4.78 4.78 4.78 4.78 4.78 4.78 4.78 4.78 4.78 4.78 4.78 4.78 4.78 4.78 4.78 4.78 4.78 4.78 4.78 4.78 4.78 4.78 4.78 4.78 4.78 4.78 4.78 
3.82 3.82 3.82 3.82 3.82 3.82 3.82 3.82 3.82 3.82 3.82 4.14 4.14 4.14 4.14 4.14 4.14 4.14 4.14 4.14 4.14 4.14 4.14 4.14 4.14 4.14 4.14 4.14 4.14 4.14 4.14 4.14 4.14 4.14 4.14 4.14 4.14 4.14 4.14 4.14 4.14 4.14 4.14 4.14 4.14 4.14 4.14 4.14 4.14 4.14 4.14 4.14 4.14 4.14 4.14 4.14 4.14 4.14 4.14 4.14 4.14 4.14 4.14 4.14 4.14 4.14 4.14 4.14 4.14 4.14 4.14 4.78 4.78 4.78 4.78 4.78 4.78 4.78 4.78 4.78 4.78 4.78 4.78 4.78 4.78 4.78 4.78 4.78 4.78 4.78 4.78 4.78 4.78 4.78 4.78 4.78 4.78 4.78 4.78 4.78 
3.82 3.82 3.82 3.82 3.82 3.82 3.82 3.82 3.82 3.82 3.82 4.14 4.14 4.14 4.14 4.14 4.14 4.14 4.14 4.14 4.14 4.14 4.14 4.14 4.14 4.14 4.14 4.14 4.14 4.14 4.14 4.14 4.14 4.14 4.14 4.14 4.14 4.14 4.14 4.14 4.14 4.14 4.14 4.14 4.14 4.14 4.14 4.14 4.14 4.14 4.14 4.14 4.14 4.14 4.14 4.14 4.14 4.14 4.14 4.14 4.14 4.14 4.14 4.14 4.14 4.14 4.14 4.14 4.14 4.14 4.14 4.78 4.78 4.78 4.78 4.78 4.78 4.78 4.78 4.78 4.78 4.78 4.78 4.78 4.78 4.78 4.78 4.78 4.78 4.78 4.78 4.78 4.78 4.78 4.78 4.78 4.78 4.78 4.78 4.78 
3.82 3.82 3.82 3.82 3.82 3.82 3.82 3.82 3.82 3.82 3.82 4.14 4.14 4.14 4.14 4.14 4.14 4.14 4.14 4.14 4.14 4.14 4.14 4.14 4.14 4.14 4.14 4.14 4.14 4.14 4.14 4.14 4.14 4.14 4.14 4.14 4.14 4.14 4.14 4.14 4.14 4.14 4.14 4.14 4.14 4.14 4.14 4.14 4.14 4.14 4.14 4.14 4.14 4.14 4.14 4.14 4.14 4.14 4.14 4.14 4.14 4.14 4.14 4.14 4.14 4.14 4.14 4.14 4.14 4.14 4.14 4.78 4.78 4.78 4.78 4.78 4.78 4.78 4.78 4.78 4.78 4.78 4.78 4.78 4.78 4.78 4.78 4.78 4.78 4.78 4.78 4.78 4.78 4.78 4.78 4.78 4.78 4.78 4.78 4.78 
3.82 3.82 3.82 3.82 3.82 3.82 3.82 3.82 3.82 3.82 3.82 4.14 4.14 4.14 4.14 4.14 4.14 4.14 4.14 4.14 4.14 4.14 4.14 4.14 4.14 4.14 4.14 4.14 4.14 4.14 4.14 4.14 4.14 4.14 4.14 4.14 4.14 4.14 4.14 4.14 4.14 4.14 4.14 4.14 4.14 4.14 4.14 4.14 4.14 4.14 4.14 4.14 4.14 4.14 4.14 4.14 4.14 4.14 4.14 4.14 4.14 4.14 4.14 4.14 4.14 4.14 4.14 4.14 4.14 4.14 4.14 4.78 4.78 4.78 4.78 4.78 4.78 4.78 4.78 4.78 4.78 4.78 4.78 4.78 4.78 4.78 4.78 4.78 4.78 4.78 4.78 4.78 4.78 4.78 4.78 4.78 4.78 4.78 4.78 4.78 
3.82 3.82 3.82 3.82 3.82 3.82 3.82 3.82 3.82 3.82 3.82 4.14 4.14 4.14 4.14 4.14 4.14 4.14 4.14 4.14 4.14 4.14 4.14 4.14 4.14 4.14 4.14 4.14 4.14 4.14 4.14 4.14 4.14 4.14 4.14 4.14 4.14 4.14 4.14 4.14 4.14 4.14 4.14 4.14 4.14 4.14 4.14 4.14 4.14 4.14 4.14 4.14 4.14 4.14 4.14 4.14 4.14 4.14 4.14 4.14 4.14 4.14 4.14 4.14 4.14 4.14 4.14 4.14 4.14 4.14 4.14 4.78 4.78 4.78 4.78 4.78 4.78 4.78 4.78 4.78 4.78 4.78 4.78 4.78 4.78 4.78 4.78 4.78 4.78 4.78 4.78 4.78 4.78 4.78 4.78 4.78 4.78 4.78 4.78 4.78 
3.82 3.82 3.82 3.82 3.82 3.82 3.82 3.82 3.82 3.82 3.82 4.14 4.14 4.14 4.14 4.14 4.14 4.14 4.14 4.14 4.14 4.14 4.14 4.14 4.14 4.14 4.14 4.14 4.14 4.14 4.14 4.14 4.14 4.14 4.14 4.14 4.14 4.14 4.14 4.14 4.14 4.14 4.14 4.14 4.14 4.14 4.14 4.14 4.14 4.14 4.14 4.14 4.14 4.14 4.14 4.14 4.14 4.14 4.14 4.14 4.14 4.14 4.14 4.14 4.14 4.14 4.14 4.14 4.14 4.14 4.14 4.78 4.78 4.78 4.78 4.78 4.78 4.78 4.78 4.78 4.78 4.78 4.78 4.78 4.78 4.78 4.78 4.78 4.78 4.78 4.78 4.78 4.78 4.78 4.78 4.78 4.78 4.78 4.78 4.78 
3.82 3.82 3.82 3.82 3.82 3.82 3.82 3.82 3.82 3.82 3.82 4.14 4.14 4.14 4.14 4.14 4.14 4.14 4.14 4.14 4.14 4.14 4.14 4.14 4.14 4.14 4.14 4.14 4.14 4.14 4.14 4.14 4.14 4.14 4.14 4.14 4.14 4.14 4.14 4.14 4.14 4.14 4.14 4.14 4.14 4.14 4.14 4.14 4.14 4.14 4.14 4.14 4.14 4.14 4.14 4.14 4.14 4.14 4.14 4.14 4.14 4.14 4.14 4.14 4.14 4.14 4.14 4.14 4.14 4.14 4.14 4.78 4.78 4.78 4.78 4.78 4.78 4.78 4.78 4.78 4.78 4.78 4.78 4.78 4.78 4.78 4.78 4.78 4.78 4.78 4.78 4.78 4.78 4.78 4.78 4.78 4.78 4.78 4.78 4.78 
3.82 3.82 3.82 3.82 3.82 3.82 3.82 3.82 3.82 3.82 3.82 4.14 4.14 4.14 4.14 4.14 4.14 4.14 4.14 4.14 4.14 4.14 4.14 4.14 4.14 4.14 4.14 4.14 4.14 4.14 4.14 4.14 4.14 4.14 4.14 4.14 4.14 4.14 4.14 4.14 4.14 4.14 4.14 4.14 4.14 4.14 4.14 4.14 4.14 4.14 4.14 4.14 4.14 4.14 4.14 4.14 4.14 4.14 4.14 4.14 4.14 4.14 4.14 4.14 4.14 4.14 4.14 4.14 4.14 4.14 4.14 4.78 4.78 4.78 4.78 4.78 4.78 4.78 4.78 4.78 4.78 4.78 4.78 4.78 4.78 4.78 4.78 4.78 4.78 4.78 4.78 4.78 4.78 4.78 4.78 4.78 4.78 4.78 4.78 4.78 
3.82 3.82 3.82 3.82 3.82 3.82 3.82 3.82 3.82 3.82 3.82 4.14 4.14 4.14 4.14 4.14 4.14 4.14 4.14 4.14 4.14 4.14 4.14 4.14 4.14 4.14 4.14 4.14 4.14 4.14 4.14 4.14 4.14 4.14 4.14 4.14 4.14 4.14 4.14 4.14 4.14 4.14 4.14 4.14 4.14 4.14 4.14 4.14 4.14 4.14 4.14 4.14 4.14 4.14 4.14 4.14 4.14 4.14 4.14 4.14 4.14 4.14 4.14 4.14 4.14 4.14 4.14 4.14 4.14 4.14 4.14 4.78 4.78 4.78 4.78 4.78 4.78 4.78 4.78 4.78 4.78 4.78 4.78 4.78 4.78 4.78 4.78 4.78 4.78 4.78 4.78 4.78 4.78 4.78 4.78 4.78 4.78 4.78 4.78 4.78 
3.82 3.82 3.82 3.82 3.82 3.82 3.82 3.82 3.82 3.82 3.82 4.14 4.14 4.14 4.14 4.14 4.14 4.14 4.14 4.14 4.14 4.14 4.14 4.14 4.14 4.14 4.14 4.14 4.14 4.14 4.14 4.14 4.14 4.14 4.14 4.14 4.14 4.14 4.14 4.14 4.14 4.14 4.14 4.14 4.14 4.14 4.14 4.14 4.14 4.14 4.14 4.14 4.14 4.14 4.14 4.14 4.14 4.14 4.14 4.14 4.14 4.14 4.14 4.14 4.14 4.14 4.14 4.14 4.14 4.14 4.14 4.78 4.78 4.78 4.78 4.78 4.78 4.78 4.78 4.78 4.78 4.78 4.78 4.78 4.78 4.78 4.78 4.78 4.78 4.78 4.78 4.78 4.78 4.78 4.78 4.78 4.78 4.78 4.78 4.78 
3.82 3.82 3.82 3.82 3.82 3.82 3.82 3.82 3.82 3.82 3.82 4.14 4.14 4.14 4.14 4.14 4.14 4.14 4.14 4.14 4.14 4.14 4.14 4.14 4.14 4.14 4.14 4.14 4.14 4.14 4.14 4.14 4.14 4.14 4.14 4.14 4.14 4.14 4.14 4.14 4.14 4.14 4.14 4.14 4.14 4.14 4.14 4.14 4.14 4.14 4.14 4.14 4.14 4.14 4.14 4.14 4.14 4.14 4.14 4.14 4.14 4.14 4.14 4.14 4.14 4.14 4.14 4.14 4.14 4.14 4.14 4.78 4.78 4.78 4.78 4.78 4.78 4.78 4.78 4.78 4.78 4.78 4.78 4.78 4.78 4.78 4.78 4.78 4.78 4.78 4.78 4.78 4.78 4.78 4.78 4.78 4.78 4.78 4.78 4.78 
3.82 3.82 3.82 3.82 3.82 3.82 3.82 3.82 3.82 3.82 3.82 4.14 4.14 4.14 4.14 4.14 4.14 4.14 4.14 4.14 4.14 4.14 4.14 4.14 4.14 4.14 4.14 4.14 4.14 4.14 4.14 4.14 4.14 4.14 4.14 4.14 4.14 4.14 4.14 4.14 4.14 4.14 4.14 4.14 4.14 4.14 4.14 4.14 4.14 4.14 4.14 4.14 4.14 4.14 4.14 4.14 4.14 4.14 4.14 4.14 4.14 4.14 4.14 4.14 4.14 4.14 4.14 4.14 4.14 4.14 4.14 4.78 4.78 4.78 4.78 4.78 4.78 4.78 4.78 4.78 4.78 4.78 4.78 4.78 4.78 4.78 4.78 4.78 4.78 4.78 4.78 4.78 4.78 4.78 4.78 4.78 4.78 4.78 4.78 4.78 
3.82 3.82 3.82 3.82 3.82 3.82 3.82 3.82 3.82 3.82 3.82 4.14 4.14 4.14 4.14 4.14 4.14 4.14 4.14 4.14 4.14 4.14 4.14 4.14 4.14 4.14 4.14 4.14 4.14 4.14 4.14 4.14 4.14 4.14 4.14 4.14 4.14 4.14 4.14 4.14 4.14 4.14 4.14 4.14 4.14 4.14 4.14 4.14 4.14 4.14 4.14 4.14 4.14 4.14 4.14 4.14 4.14 4.14 4.14 4.14 4.14 4.14 4.14 4.14 4.14 4.14 4.14 4.14 4.14 4.14 4.14 4.78 4.78 4.78 4.78 4.78 4.78 4.78 4.78 4.78 4.78 4.78 4.78 4.78 4.78 4.78 4.78 4.78 4.78 4.78 4.78 4.78 4.78 4.78 4.78 4.78 4.78 4.78 4.78 4.78 
3.82 3.82 3.82 3.82 3.82 3.82 3.82 3.82 3.82 3.82 3.82 4.14 4.14 4.14 4.14 4.14 4.14 4.14 4.14 4.14 4.14 4.14 4.14 4.14 4.14 4.14 4.14 4.14 4.14 4.14 4.14 4.14 4.14 4.14 4.14 4.14 4.14 4.14 4.14 4.14 4.14 4.14 4.14 4.14 4.14 4.14 4.14 4.14 4.14 4.14 4.14 4.14 4.14 4.14 4.14 4.14 4.14 4.14 4.14 4.14 4.14 4.14 4.14 4.14 4.14 4.14 4.14 4.14 4.14 4.14 4.14 4.78 4.78 4.78 4.78 4.78 4.78 4.78 4.78 4.78 4.78 4.78 4.78 4.78 4.78 4.78 4.78 4.78 4.78 4.78 4.78 4.78 4.78 4.78 4.78 4.78 4.78 4.78 4.78 4.78 
3.82 3.82 3.82 3.82 3.82 3.82 3.82 3.82 3.82 3.82 3.82 4.14 4.14 4.14 4.14 4.14 4.14 4.14 4.14 4.14 4.14 4.14 4.14 4.14 4.14 4.14 4.14 4.14 4.14 4.14 4.14 4.14 4.14 4.14 4.14 4.14 4.14 4.14 4.14 4.14 4.14 4.14 4.14 4.14 4.14 4.14 4.14 4.14 4.14 4.14 4.14 4.14 4.14 4.14 4.14 4.14 4.14 4.14 4.14 4.14 4.14 4.14 4.14 4.14 4.14 4.14 4.14 4.14 4.14 4.14 4.14 4.78 4.78 4.78 4.78 4.78 4.78 4.78 4.78 4.78 4.78 4.78 4.78 4.78 4.78 4.78 4.78 4.78 4.78 4.78 4.78 4.78 4.78 4.78 4.78 4.78 4.78 4.78 4.78 4.78 
3.82 3.82 3.82 3.82 3.82 3.82 3.82 3.82 3.82 3.82 3.82 4.14 4.14 4.14 4.14 4.14 4.14 4.14 4.14 4.14 4.14 4.14 4.14 4.14 4.14 4.14 4.14 4.14 4.14 4.14 4.14 4.14 4.14 4.14 4.14 4.14 4.14 4.14 4.14 4.14 4.14 4.14 4.14 4.14 4.14 4.14 4.14 4.14 4.14 4.14 4.14 4.14 4.14 4.14 4.14 4.14 4.14 4.14 4.14 4.14 4.14 4.14 4.14 4.14 4.14 4.14 4.14 4.14 4.14 4.14 4.14 4.78 4.78 4.78 4.78 4.78 4.78 4.78 4.78 4.78 4.78 4.78 4.78 4.78 4.78 4.78 4.78 4.78 4.78 4.78 4.78 4.78 4.78 4.78 4.78 4.78 4.78 4.78 4.78 4.78 
3.82 3.82 3.82 3.82 3.82 3.82 3.82 3.82 3.82 3.82 3.82 4.14 4.14 4.14 4.14 4.14 4.14 4.14 4.14 4.14 4.14 4.14 4.14 4.14 4.14 4.14 4.14 4.14 4.14 4.14 4.14 4.14 4.14 4.14 4.14 4.14 4.14 4.14 4.14 4.14 4.14 4.14 4.14 4.14 4.14 4.14 4.14 4.14 4.14 4.14 4.14 4.14 4.14 4.14 4.14 4.14 4.14 4.14 4.14 4.14 4.14 4.14 4.14 4.14 4.14 4.14 4.14 4.14 4.14 4.14 4.14 4.78 4.78 4.78 4.78 4.78 4.78 4.78 4.78 4.78 4.78 4.78 4.78 4.78 4.78 4.78 4.78 4.78 4.78 4.78 4.78 4.78 4.78 4.78 4.78 4.78 4.78 4.78 4.78 4.78 
3.82 3.82 3.82 3.82 3.82 3.82 3.82 3.82 3.82 3.82 3.82 4.14 4.14 4.14 4.14 4.14 4.14 4.14 4.14 4.14 4.14 4.14 4.14 4.14 4.14 4.14 4.14 4.14 4.14 4.14 4.14 4.14 4.14 4.14 4.14 4.14 4.14 4.14 4.14 4.14 4.14 4.14 4.14 4.14 4.14 4.14 4.14 4.14 4.14 4.14 4.14 4.14 4.14 4.14 4.14 4.14 4.14 4.14 4.14 4.14 4.14 4.14 4.14 4.14 4.14 4.14 4.14 4.14 4.14 4.14 4.14 4.78 4.78 4.78 4.78 4.78 4.78 4.78 4.78 4.78 4.78 4.78 4.78 4.78 4.78 4.78 4.78 4.78 4.78 4.78 4.78 4.78 4.78 4.78 4.78 4.78 4.78 4.78 4.78 4.78 
3.82 3.82 3.82 3.82 3.82 3.82 3.82 3.82 3.82 3.82 3.82 4.14 4.14 4.14 4.14 4.14 4.14 4.14 4.14 4.14 4.14 4.14 4.14 4.14 4.14 4.14 4.14 4.14 4.14 4.14 4.14 4.14 4.14 4.14 4.14 4.14 4.14 4.14 4.14 4.14 4.14 4.14 4.14 4.14 4.14 4.14 4.14 4.14 4.14 4.14 4.14 4.14 4.14 4.14 4.14 4.14 4.14 4.14 4.14 4.14 4.14 4.14 4.14 4.14 4.14 4.14 4.14 4.14 4.14 4.14 4.14 4.78 4.78 4.78 4.78 4.78 4.78 4.78 4.78 4.78 4.78 4.78 4.78 4.78 4.78 4.78 4.78 4.78 4.78 4.78 4.78 4.78 4.78 4.78 4.78 4.78 4.78 4.78 4.78 4.78 
3.82 3.82 3.82 3.82 3.82 3.82 3.82 3.82 3.82 3.82 3.82 4.14 4.14 4.14 4.14 4.14 4.14 4.14 4.14 4.14 4.14 4.14 4.14 4.14 4.14 4.14 4.14 4.14 4.14 4.14 4.14 4.14 4.14 4.14 4.14 4.14 4.14 4.14 4.14 4.14 4.14 4.14 4.14 4.14 4.14 4.14 4.14 4.14 4.14 4.14 4.14 4.14 4.14 4.14 4.14 4.14 4.14 4.14 4.14 4.14 4.14 4.14 4.14 4.14 4.14 4.14 4.14 4.14 4.14 4.14 4.14 4.78 4.78 4.78 4.78 4.78 4.78 4.78 4.78 4.78 4.78 4.78 4.78 4.78 4.78 4.78 4.78 4.78 4.78 4.78 4.78 4.78 4.78 4.78 4.78 4.78 4.78 4.78 4.78 4.78 
3.82 3.82 3.82 3.82 3.82 3.82 3.82 3.82 3.82 3.82 3.82 4.14 4.14 4.14 4.14 4.14 4.14 4.14 4.14 4.14 4.14 4.14 4.14 4.14 4.14 4.14 4.14 4.14 4.14 4.14 4.14 4.14 4.14 4.14 4.14 4.14 4.14 4.14 4.14 4.14 4.14 4.14 4.14 4.14 4.14 4.14 4.14 4.14 4.14 4.14 4.14 4.14 4.14 4.14 4.14 4.14 4.14 4.14 4.14 4.14 4.14 4.14 4.14 4.14 4.14 4.14 4.14 4.14 4.14 4.14 4.14 4.78 4.78 4.78 4.78 4.78 4.78 4.78 4.78 4.78 4.78 4.78 4.78 4.78 4.78 4.78 4.78 4.78 4.78 4.78 4.78 4.78 4.78 4.78 4.78 4.78 4.78 4.78 4.78 4.78 
3.82 3.82 3.82 3.82 3.82 3.82 3.82 3.82 3.82 3.82 3.82 4.14 4.14 4.14 4.14 4.14 4.14 4.14 4.14 4.14 4.14 4.14 4.14 4.14 4.14 4.14 4.14 4.14 4.14 4.14 4.14 4.14 4.14 4.14 4.14 4.14 4.14 4.14 4.14 4.14 4.14 4.14 4.14 4.14 4.14 4.14 4.14 4.14 4.14 4.14 4.14 4.14 4.14 4.14 4.14 4.14 4.14 4.14 4.14 4.14 4.14 4.14 4.14 4.14 4.14 4.14 4.14 4.14 4.14 4.14 4.14 4.78 4.78 4.78 4.78 4.78 4.78 4.78 4.78 4.78 4.78 4.78 4.78 4.78 4.78 4.78 4.78 4.78 4.78 4.78 4.78 4.78 4.78 4.78 4.78 4.78 4.78 4.78 4.78 4.78 
3.82 3.82 3.82 3.82 3.82 3.82 3.82 3.82 3.82 3.82 3.82 4.14 4.14 4.14 4.14 4.14 4.14 4.14 4.14 4.14 4.14 4.14 4.14 4.14 4.14 4.14 4.14 4.14 4.14 4.14 4.14 4.14 4.14 4.14 4.14 4.14 4.14 4.14 4.14 4.14 4.14 4.14 4.14 4.14 4.14 4.14 4.14 4.14 4.14 4.14 4.14 4.14 4.14 4.14 4.14 4.14 4.14 4.14 4.14 4.14 4.14 4.14 4.14 4.14 4.14 4.14 4.14 4.14 4.14 4.14 4.14 4.78 4.78 4.78 4.78 4.78 4.78 4.78 4.78 4.78 4.78 4.78 4.78 4.78 4.78 4.78 4.78 4.78 4.78 4.78 4.78 4.78 4.78 4.78 4.78 4.78 4.78 4.78 4.78 4.78 
3.82 3.82 3.82 3.82 3.82 3.82 3.82 3.82 3.82 3.82 3.82 4.14 4.14 4.14 4.14 4.14 4.14 4.14 4.14 4.14 4.14 4.14 4.14 4.14 4.14 4.14 4.14 4.14 4.14 4.14 4.14 4.14 4.14 4.14 4.14 4.14 4.14 4.14 4.14 4.14 4.14 4.14 4.14 4.14 4.14 4.14 4.14 4.14 4.14 4.14 4.14 4.14 4.14 4.14 4.14 4.14 4.14 4.14 4.14 4.14 4.14 4.14 4.14 4.14 4.14 4.14 4.14 4.14 4.14 4.14 4.14 4.78 4.78 4.78 4.78 4.78 4.78 4.78 4.78 4.78 4.78 4.78 4.78 4.78 4.78 4.78 4.78 4.78 4.78 4.78 4.78 4.78 4.78 4.78 4.78 4.78 4.78 4.78 4.78 4.78 
3.82 3.82 3.82 3.82 3.82 3.82 3.82 3.82 3.82 3.82 3.82 4.14 4.14 4.14 4.14 4.14 4.14 4.14 4.14 4.14 4.14 4.14 4.14 4.14 4.14 4.14 4.14 4.14 4.14 4.14 4.14 4.14 4.14 4.14 4.14 4.14 4.14 4.14 4.14 4.14 4.14 4.14 4.14 4.14 4.14 4.14 4.14 4.14 4.14 4.14 4.14 4.14 4.14 4.14 4.14 4.14 4.14 4.14 4.14 4.14 4.14 4.14 4.14 4.14 4.14 4.14 4.14 4.14 4.14 4.14 4.14 4.78 4.78 4.78 4.78 4.78 4.78 4.78 4.78 4.78 4.78 4.78 4.78 4.78 4.78 4.78 4.78 4.78 4.78 4.78 4.78 4.78 4.78 4.78 4.78 4.78 4.78 4.78 4.78 4.78 
3.82 3.82 3.82 3.82 3.82 3.82 3.82 3.82 3.82 3.82 3.82 4.14 4.14 4.14 4.14 4.14 4.14 4.14 4.14 4.14 4.14 4.14 4.14 4.14 4.14 4.14 4.14 4.14 4.14 4.14 4.14 4.14 4.14 4.14 4.14 4.14 4.14 4.14 4.14 4.14 4.14 4.14 4.14 4.14 4.14 4.14 4.14 4.14 4.14 4.14 4.14 4.14 4.14 4.14 4.14 4.14 4.14 4.14 4.14 4.14 4.14 4.14 4.14 4.14 4.14 4.14 4.14 4.14 4.14 4.14 4.14 4.78 4.78 4.78 4.78 4.78 4.78 4.78 4.78 4.78 4.78 4.78 4.78 4.78 4.78 4.78 4.78 4.78 4.78 4.78 4.78 4.78 4.78 4.78 4.78 4.78 4.78 4.78 4.78 4.78 
3.82 3.82 3.82 3.82 3.82 3.82 3.82 3.82 3.82 3.82 3.82 4.14 4.14 4.14 4.14 4.14 4.14 4.14 4.14 4.14 4.14 4.14 4.14 4.14 4.14 4.14 4.14 4.14 4.14 4.14 4.14 4.14 4.14 4.14 4.14 4.14 4.14 4.14 4.14 4.14 4.14 4.14 4.14 4.14 4.14 4.14 4.14 4.14 4.14 4.14 4.14 4.14 4.14 4.14 4.14 4.14 4.14 4.14 4.14 4.14 4.14 4.14 4.14 4.14 4.14 4.14 4.14 4.14 4.14 4.14 4.14 4.78 4.78 4.78 4.78 4.78 4.78 4.78 4.78 4.78 4.78 4.78 4.78 4.78 4.78 4.78 4.78 4.78 4.78 4.78 4.78 4.78 4.78 4.78 4.78 4.78 4.78 4.78 4.78 4.78 
3.82 3.82 3.82 3.82 3.82 3.82 3.82 3.82 3.82 3.82 3.82 4.14 4.14 4.14 4.14 4.14 4.14 4.14 4.14 4.14 4.14 4.14 4.14 4.14 4.14 4.14 4.14 4.14 4.14 4.14 4.14 4.14 4.14 4.14 4.14 4.14 4.14 4.14 4.14 4.14 4.14 4.14 4.14 4.14 4.14 4.14 4.14 4.14 4.14 4.14 4.14 4.14 4.14 4.14 4.14 4.14 4.14 4.14 4.14 4.14 4.14 4.14 4.14 4.14 4.14 4.14 4.14 4.14 4.14 4.14 4.14 4.78 4.78 4.78 4.78 4.78 4.78 4.78 4.78 4.78 4.78 4.78 4.78 4.78 4.78 4.78 4.78 4.78 4.78 4.78 4.78 4.78 4.78 4.78 4.78 4.78 4.78 4.78 4.78 4.78 
3.82 3.82 3.82 3.82 3.82 3.82 3.82 3.82 3.82 3.82 3.82 4.14 4.14 4.14 4.14 4.14 4.14 4.14 4.14 4.14 4.14 4.14 4.14 4.14 4.14 4.14 4.14 4.14 4.14 4.14 4.14 4.14 4.14 4.14 4.14 4.14 4.14 4.14 4.14 4.14 4.14 4.14 4.14 4.14 4.14 4.14 4.14 4.14 4.14 4.14 4.14 4.14 4.14 4.14 4.14 4.14 4.14 4.14 4.14 4.14 4.14 4.14 4.14 4.14 4.14 4.14 4.14 4.14 4.14 4.14 4.14 4.78 4.78 4.78 4.78 4.78 4.78 4.78 4.78 4.78 4.78 4.78 4.78 4.78 4.78 4.78 4.78 4.78 4.78 4.78 4.78 4.78 4.78 4.78 4.78 4.78 4.78 4.78 4.78 4.78 
3.82 3.82 3.82 3.82 3.82 3.82 3.82 3.82 3.82 3.82 3.82 4.14 4.14 4.14 4.14 4.14 4.14 4.14 4.14 4.14 4.14 4.14 4.14 4.14 4.14 4.14 4.14 4.14 4.14 4.14 4.14 4.14 4.14 4.14 4.14 4.14 4.14 4.14 4.14 4.14 4.14 4.14 4.14 4.14 4.14 4.14 4.14 4.14 4.14 4.14 4.14 4.14 4.14 4.14 4.14 4.14 4.14 4.14 4.14 4.14 4.14 4.14 4.14 4.14 4.14 4.14 4.14 4.14 4.14 4.14 4.14 4.78 4.78 4.78 4.78 4.78 4.78 4.78 4.78 4.78 4.78 4.78 4.78 4.78 4.78 4.78 4.78 4.78 4.78 4.78 4.78 4.78 4.78 4.78 4.78 4.78 4.78 4.78 4.78 4.78 
3.82 3.82 3.82 3.82 3.82 3.82 3.82 3.82 3.82 3.82 3.82 4.14 4.14 4.14 4.14 4.14 4.14 4.14 4.14 4.14 4.14 4.14 4.14 4.14 4.14 4.14 4.14 4.14 4.14 4.14 4.14 4.14 4.14 4.14 4.14 4.14 4.14 4.14 4.14 4.14 4.14 4.14 4.14 4.14 4.14 4.14 4.14 4.14 4.14 4.14 4.14 4.14 4.14 4.14 4.14 4.14 4.14 4.14 4.14 4.14 4.14 4.14 4.14 4.14 4.14 4.14 4.14 4.14 4.14 4.14 4.14 4.78 4.78 4.78 4.78 4.78 4.78 4.78 4.78 4.78 4.78 4.78 4.78 4.78 4.78 4.78 4.78 4.78 4.78 4.78 4.78 4.78 4.78 4.78 4.78 4.78 4.78 4.78 4.78 4.78 
3.82 3.82 3.82 3.82 3.82 3.82 3.82 3.82 3.82 3.82 3.82 4.14 4.14 4.14 4.14 4.14 4.14 4.14 4.14 4.14 4.14 4.14 4.14 4.14 4.14 4.14 4.14 4.14 4.14 4.14 4.14 4.14 4.14 4.14 4.14 4.14 4.14 4.14 4.14 4.14 4.14 4.14 4.14 4.14 4.14 4.14 4.14 4.14 4.14 4.14 4.14 4.14 4.14 4.14 4.14 4.14 4.14 4.14 4.14 4.14 4.14 4.14 4.14 4.14 4.14 4.14 4.14 4.14 4.14 4.14 4.14 4.78 4.78 4.78 4.78 4.78 4.78 4.78 4.78 4.78 4.78 4.78 4.78 4.78 4.78 4.78 4.78 4.78 4.78 4.78 4.78 4.78 4.78 4.78 4.78 4.78 4.78 4.78 4.78 4.78 
3.82 3.82 3.82 3.82 3.82 3.82 3.82 3.82 3.82 3.82 3.82 4.14 4.14 4.14 4.14 4.14 4.14 4.14 4.14 4.14 4.14 4.14 4.14 4.14 4.14 4.14 4.14 4.14 4.14 4.14 4.14 4.14 4.14 4.14 4.14 4.14 4.14 4.14 4.14 4.14 4.14 4.14 4.14 4.14 4.14 4.14 4.14 4.14 4.14 4.14 4.14 4.14 4.14 4.14 4.14 4.14 4.14 4.14 4.14 4.14 4.14 4.14 4.14 4.14 4.14 4.14 4.14 4.14 4.14 4.14 4.14 4.78 4.78 4.78 4.78 4.78 4.78 4.78 4.78 4.78 4.78 4.78 4.78 4.78 4.78 4.78 4.78 4.78 4.78 4.78 4.78 4.78 4.78 4.78 4.78 4.78 4.78 4.78 4.78 4.78 
3.82 3.82 3.82 3.82 3.82 3.82 3.82 3.82 3.82 3.82 3.82 4.14 4.14 4.14 4.14 4.14 4.14 4.14 4.14 4.14 4.14 4.14 4.14 4.14 4.14 4.14 4.14 4.14 4.14 4.14 4.14 4.14 4.14 4.14 4.14 4.14 4.14 4.14 4.14 4.14 4.14 4.14 4.14 4.14 4.14 4.14 4.14 4.14 4.14 4.14 4.14 4.14 4.14 4.14 4.14 4.14 4.14 4.14 4.14 4.14 4.14 4.14 4.14 4.14 4.14 4.14 4.14 4.14 4.14 4.14 4.14 4.78 4.78 4.78 4.78 4.78 4.78 4.78 4.78 4.78 4.78 4.78 4.78 4.78 4.78 4.78 4.78 4.78 4.78 4.78 4.78 4.78 4.78 4.78 4.78 4.78 4.78 4.78 4.78 4.78 
3.82 3.82 3.82 3.82 3.82 3.82 3.82 3.82 3.82 3.82 3.82 4.14 4.14 4.14 4.14 4.14 4.14 4.14 4.14 4.14 4.14 4.14 4.14 4.14 4.14 4.14 4.14 4.14 4.14 4.14 4.14 4.14 4.14 4.14 4.14 4.14 4.14 4.14 4.14 4.14 4.14 4.14 4.14 4.14 4.14 4.14 4.14 4.14 4.14 4.14 4.14 4.14 4.14 4.14 4.14 4.14 4.14 4.14 4.14 4.14 4.14 4.14 4.14 4.14 4.14 4.14 4.14 4.14 4.14 4.14 4.14 4.78 4.78 4.78 4.78 4.78 4.78 4.78 4.78 4.78 4.78 4.78 4.78 4.78 4.78 4.78 4.78 4.78 4.78 4.78 4.78 4.78 4.78 4.78 4.78 4.78 4.78 4.78 4.78 4.78 
3.82 3.82 3.82 3.82 3.82 3.82 3.82 3.82 3.82 3.82 3.82 4.14 4.14 4.14 4.14 4.14 4.14 4.14 4.14 4.14 4.14 4.14 4.14 4.14 4.14 4.14 4.14 4.14 4.14 4.14 4.14 4.14 4.14 4.14 4.14 4.14 4.14 4.14 4.14 4.14 4.14 4.14 4.14 4.14 4.14 4.14 4.14 4.14 4.14 4.14 4.14 4.14 4.14 4.14 4.14 4.14 4.14 4.14 4.14 4.14 4.14 4.14 4.14 4.14 4.14 4.14 4.14 4.14 4.14 4.14 4.14 4.78 4.78 4.78 4.78 4.78 4.78 4.78 4.78 4.78 4.78 4.78 4.78 4.78 4.78 4.78 4.78 4.78 4.78 4.78 4.78 4.78 4.78 4.78 4.78 4.78 4.78 4.78 4.78 4.78 
3.82 3.82 3.82 3.82 3.82 3.82 3.82 3.82 3.82 3.82 3.82 4.14 4.14 4.14 4.14 4.14 4.14 4.14 4.14 4.14 4.14 4.14 4.14 4.14 4.14 4.14 4.14 4.14 4.14 4.14 4.14 4.14 4.14 4.14 4.14 4.14 4.14 4.14 4.14 4.14 4.14 4.14 4.14 4.14 4.14 4.14 4.14 4.14 4.14 4.14 4.14 4.14 4.14 4.14 4.14 4.14 4.14 4.14 4.14 4.14 4.14 4.14 4.14 4.14 4.14 4.14 4.14 4.14 4.14 4.14 4.14 4.78 4.78 4.78 4.78 4.78 4.78 4.78 4.78 4.78 4.78 4.78 4.78 4.78 4.78 4.78 4.78 4.78 4.78 4.78 4.78 4.78 4.78 4.78 4.78 4.78 4.78 4.78 4.78 4.78 
3.82 3.82 3.82 3.82 3.82 3.82 3.82 3.82 3.82 3.82 3.82 4.14 4.14 4.14 4.14 4.14 4.14 4.14 4.14 4.14 4.14 4.14 4.14 4.14 4.14 4.14 4.14 4.14 4.14 4.14 4.14 4.14 4.14 4.14 4.14 4.14 4.14 4.14 4.14 4.14 4.14 4.14 4.14 4.14 4.14 4.14 4.14 4.14 4.14 4.14 4.14 4.14 4.14 4.14 4.14 4.14 4.14 4.14 4.14 4.14 4.14 4.14 4.14 4.14 4.14 4.14 4.14 4.14 4.14 4.14 4.14 4.78 4.78 4.78 4.78 4.78 4.78 4.78 4.78 4.78 4.78 4.78 4.78 4.78 4.78 4.78 4.78 4.78 4.78 4.78 4.78 4.78 4.78 4.78 4.78 4.78 4.78 4.78 4.78 4.78 
3.82 3.82 3.82 3.82 3.82 3.82 3.82 3.82 3.82 3.82 3.82 4.14 4.14 4.14 4.14 4.14 4.14 4.14 4.14 4.14 4.14 4.14 4.14 4.14 4.14 4.14 4.14 4.14 4.14 4.14 4.14 4.14 4.14 4.14 4.14 4.14 4.14 4.14 4.14 4.14 4.14 4.14 4.14 4.14 4.14 4.14 4.14 4.14 4.14 4.14 4.14 4.14 4.14 4.14 4.14 4.14 4.14 4.14 4.14 4.14 4.14 4.14 4.14 4.14 4.14 4.14 4.14 4.14 4.14 4.14 4.14 4.78 4.78 4.78 4.78 4.78 4.78 4.78 4.78 4.78 4.78 4.78 4.78 4.78 4.78 4.78 4.78 4.78 4.78 4.78 4.78 4.78 4.78 4.78 4.78 4.78 4.78 4.78 4.78 4.78 
3.82 3.82 3.82 3.82 3.82 3.82 3.82 3.82 3.82 3.82 3.82 4.14 4.14 4.14 4.14 4.14 4.14 4.14 4.14 4.14 4.14 4.14 4.14 4.14 4.14 4.14 4.14 4.14 4.14 4.14 4.14 4.14 4.14 4.14 4.14 4.14 4.14 4.14 4.14 4.14 4.14 4.14 4.14 4.14 4.14 4.14 4.14 4.14 4.14 4.14 4.14 4.14 4.14 4.14 4.14 4.14 4.14 4.14 4.14 4.14 4.14 4.14 4.14 4.14 4.14 4.14 4.14 4.14 4.14 4.14 4.14 4.78 4.78 4.78 4.78 4.78 4.78 4.78 4.78 4.78 4.78 4.78 4.78 4.78 4.78 4.78 4.78 4.78 4.78 4.78 4.78 4.78 4.78 4.78 4.78 4.78 4.78 4.78 4.78 4.78 
3.82 3.82 3.82 3.82 3.82 3.82 3.82 3.82 3.82 3.82 3.82 4.14 4.14 4.14 4.14 4.14 4.14 4.14 4.14 4.14 4.14 4.14 4.14 4.14 4.14 4.14 4.14 4.14 4.14 4.14 4.14 4.14 4.14 4.14 4.14 4.14 4.14 4.14 4.14 4.14 4.14 4.14 4.14 4.14 4.14 4.14 4.14 4.14 4.14 4.14 4.14 4.14 4.14 4.14 4.14 4.14 4.14 4.14 4.14 4.14 4.14 4.14 4.14 4.14 4.14 4.14 4.14 4.14 4.14 4.14 4.14 4.78 4.78 4.78 4.78 4.78 4.78 4.78 4.78 4.78 4.78 4.78 4.78 4.78 4.78 4.78 4.78 4.78 4.78 4.78 4.78 4.78 4.78 4.78 4.78 4.78 4.78 4.78 4.78 4.78 
3.82 3.82 3.82 3.82 3.82 3.82 3.82 3.82 3.82 3.82 3.82 4.14 4.14 4.14 4.14 4.14 4.14 4.14 4.14 4.14 4.14 4.14 4.14 4.14 4.14 4.14 4.14 4.14 4.14 4.14 4.14 4.14 4.14 4.14 4.14 4.14 4.14 4.14 4.14 4.14 4.14 4.14 4.14 4.14 4.14 4.14 4.14 4.14 4.14 4.14 4.14 4.14 4.14 4.14 4.14 4.14 4.14 4.14 4.14 4.14 4.14 4.14 4.14 4.14 4.14 4.14 4.14 4.14 4.14 4.14 4.14 4.78 4.78 4.78 4.78 4.78 4.78 4.78 4.78 4.78 4.78 4.78 4.78 4.78 4.78 4.78 4.78 4.78 4.78 4.78 4.78 4.78 4.78 4.78 4.78 4.78 4.78 4.78 4.78 4.78 
3.82 3.82 3.82 3.82 3.82 3.82 3.82 3.82 3.82 3.82 3.82 4.14 4.14 4.14 4.14 4.14 4.14 4.14 4.14 4.14 4.14 4.14 4.14 4.14 4.14 4.14 4.14 4.14 4.14 4.14 4.14 4.14 4.14 4.14 4.14 4.14 4.14 4.14 4.14 4.14 4.14 4.14 4.14 4.14 4.14 4.14 4.14 4.14 4.14 4.14 4.14 4.14 4.14 4.14 4.14 4.14 4.14 4.14 4.14 4.14 4.14 4.14 4.14 4.14 4.14 4.14 4.14 4.14 4.14 4.14 4.14 4.78 4.78 4.78 4.78 4.78 4.78 4.78 4.78 4.78 4.78 4.78 4.78 4.78 4.78 4.78 4.78 4.78 4.78 4.78 4.78 4.78 4.78 4.78 4.78 4.78 4.78 4.78 4.78 4.78 
3.82 3.82 3.82 3.82 3.82 3.82 3.82 3.82 3.82 3.82 3.82 4.14 4.14 4.14 4.14 4.14 4.14 4.14 4.14 4.14 4.14 4.14 4.14 4.14 4.14 4.14 4.14 4.14 4.14 4.14 4.14 4.14 4.14 4.14 4.14 4.14 4.14 4.14 4.14 4.14 4.14 4.14 4.14 4.14 4.14 4.14 4.14 4.14 4.14 4.14 4.14 4.14 4.14 4.14 4.14 4.14 4.14 4.14 4.14 4.14 4.14 4.14 4.14 4.14 4.14 4.14 4.14 4.14 4.14 4.14 4.14 4.78 4.78 4.78 4.78 4.78 4.78 4.78 4.78 4.78 4.78 4.78 4.78 4.78 4.78 4.78 4.78 4.78 4.78 4.78 4.78 4.78 4.78 4.78 4.78 4.78 4.78 4.78 4.78 4.78 
3.82 3.82 3.82 3.82 3.82 3.82 3.82 3.82 3.82 3.82 3.82 4.14 4.14 4.14 4.14 4.14 4.14 4.14 4.14 4.14 4.14 4.14 4.14 4.14 4.14 4.14 4.14 4.14 4.14 4.14 4.14 4.14 4.14 4.14 4.14 4.14 4.14 4.14 4.14 4.14 4.14 4.14 4.14 4.14 4.14 4.14 4.14 4.14 4.14 4.14 4.14 4.14 4.14 4.14 4.14 4.14 4.14 4.14 4.14 4.14 4.14 4.14 4.14 4.14 4.14 4.14 4.14 4.14 4.14 4.14 4.14 4.78 4.78 4.78 4.78 4.78 4.78 4.78 4.78 4.78 4.78 4.78 4.78 4.78 4.78 4.78 4.78 4.78 4.78 4.78 4.78 4.78 4.78 4.78 4.78 4.78 4.78 4.78 4.78 4.78 
3.82 3.82 3.82 3.82 3.82 3.82 3.82 3.82 3.82 3.82 3.82 4.14 4.14 4.14 4.14 4.14 4.14 4.14 4.14 4.14 4.14 4.14 4.14 4.14 4.14 4.14 4.14 4.14 4.14 4.14 4.14 4.14 4.14 4.14 4.14 4.14 4.14 4.14 4.14 4.14 4.14 4.14 4.14 4.14 4.14 4.14 4.14 4.14 4.14 4.14 4.14 4.14 4.14 4.14 4.14 4.14 4.14 4.14 4.14 4.14 4.14 4.14 4.14 4.14 4.14 4.14 4.14 4.14 4.14 4.14 4.14 4.78 4.78 4.78 4.78 4.78 4.78 4.78 4.78 4.78 4.78 4.78 4.78 4.78 4.78 4.78 4.78 4.78 4.78 4.78 4.78 4.78 4.78 4.78 4.78 4.78 4.78 4.78 4.78 4.78 
3.82 3.82 3.82 3.82 3.82 3.82 3.82 3.82 3.82 3.82 3.82 4.14 4.14 4.14 4.14 4.14 4.14 4.14 4.14 4.14 4.14 4.14 4.14 4.14 4.14 4.14 4.14 4.14 4.14 4.14 4.14 4.14 4.14 4.14 4.14 4.14 4.14 4.14 4.14 4.14 4.14 4.14 4.14 4.14 4.14 4.14 4.14 4.14 4.14 4.14 4.14 4.14 4.14 4.14 4.14 4.14 4.14 4.14 4.14 4.14 4.14 4.14 4.14 4.14 4.14 4.14 4.14 4.14 4.14 4.14 4.14 4.78 4.78 4.78 4.78 4.78 4.78 4.78 4.78 4.78 4.78 4.78 4.78 4.78 4.78 4.78 4.78 4.78 4.78 4.78 4.78 4.78 4.78 4.78 4.78 4.78 4.78 4.78 4.78 4.78 
3.82 3.82 3.82 3.82 3.82 3.82 3.82 3.82 3.82 3.82 3.82 4.14 4.14 4.14 4.14 4.14 4.14 4.14 4.14 4.14 4.14 4.14 4.14 4.14 4.14 4.14 4.14 4.14 4.14 4.14 4.14 4.14 4.14 4.14 4.14 4.14 4.14 4.14 4.14 4.14 4.14 4.14 4.14 4.14 4.14 4.14 4.14 4.14 4.14 4.14 4.14 4.14 4.14 4.14 4.14 4.14 4.14 4.14 4.14 4.14 4.14 4.14 4.14 4.14 4.14 4.14 4.14 4.14 4.14 4.14 4.14 4.78 4.78 4.78 4.78 4.78 4.78 4.78 4.78 4.78 4.78 4.78 4.78 4.78 4.78 4.78 4.78 4.78 4.78 4.78 4.78 4.78 4.78 4.78 4.78 4.78 4.78 4.78 4.78 4.78 
3.82 3.82 3.82 3.82 3.82 3.82 3.82 3.82 3.82 3.82 3.82 4.14 4.14 4.14 4.14 4.14 4.14 4.14 4.14 4.14 4.14 4.14 4.14 4.14 4.14 4.14 4.14 4.14 4.14 4.14 4.14 4.14 4.14 4.14 4.14 4.14 4.14 4.14 4.14 4.14 4.14 4.14 4.14 4.14 4.14 4.14 4.14 4.14 4.14 4.14 4.14 4.14 4.14 4.14 4.14 4.14 4.14 4.14 4.14 4.14 4.14 4.14 4.14 4.14 4.14 4.14 4.14 4.14 4.14 4.14 4.14 4.78 4.78 4.78 4.78 4.78 4.78 4.78 4.78 4.78 4.78 4.78 4.78 4.78 4.78 4.78 4.78 4.78 4.78 4.78 4.78 4.78 4.78 4.78 4.78 4.78 4.78 4.78 4.78 4.78 
3.82 3.82 3.82 3.82 3.82 3.82 3.82 3.82 3.82 3.82 3.82 4.14 4.14 4.14 4.14 4.14 4.14 4.14 4.14 4.14 4.14 4.14 4.14 4.14 4.14 4.14 4.14 4.14 4.14 4.14 4.14 4.14 4.14 4.14 4.14 4.14 4.14 4.14 4.14 4.14 4.14 4.14 4.14 4.14 4.14 4.14 4.14 4.14 4.14 4.14 4.14 4.14 4.14 4.14 4.14 4.14 4.14 4.14 4.14 4.14 4.14 4.14 4.14 4.14 4.14 4.14 4.14 4.14 4.14 4.14 4.14 4.78 4.78 4.78 4.78 4.78 4.78 4.78 4.78 4.78 4.78 4.78 4.78 4.78 4.78 4.78 4.78 4.78 4.78 4.78 4.78 4.78 4.78 4.78 4.78 4.78 4.78 4.78 4.78 4.78 
3.82 3.82 3.82 3.82 3.82 3.82 3.82 3.82 3.82 3.82 3.82 4.14 4.14 4.14 4.14 4.14 4.14 4.14 4.14 4.14 4.14 4.14 4.14 4.14 4.14 4.14 4.14 4.14 4.14 4.14 4.14 4.14 4.14 4.14 4.14 4.14 4.14 4.14 4.14 4.14 4.14 4.14 4.14 4.14 4.14 4.14 4.14 4.14 4.14 4.14 4.14 4.14 4.14 4.14 4.14 4.14 4.14 4.14 4.14 4.14 4.14 4.14 4.14 4.14 4.14 4.14 4.14 4.14 4.14 4.14 4.14 4.78 4.78 4.78 4.78 4.78 4.78 4.78 4.78 4.78 4.78 4.78 4.78 4.78 4.78 4.78 4.78 4.78 4.78 4.78 4.78 4.78 4.78 4.78 4.78 4.78 4.78 4.78 4.78 4.78 
3.82 3.82 3.82 3.82 3.82 3.82 3.82 3.82 3.82 3.82 3.82 4.14 4.14 4.14 4.14 4.14 4.14 4.14 4.14 4.14 4.14 4.14 4.14 4.14 4.14 4.14 4.14 4.14 4.14 4.14 4.14 4.14 4.14 4.14 4.14 4.14 4.14 4.14 4.14 4.14 4.14 4.14 4.14 4.14 4.14 4.14 4.14 4.14 4.14 4.14 4.14 4.14 4.14 4.14 4.14 4.14 4.14 4.14 4.14 4.14 4.14 4.14 4.14 4.14 4.14 4.14 4.14 4.14 4.14 4.14 4.14 4.78 4.78 4.78 4.78 4.78 4.78 4.78 4.78 4.78 4.78 4.78 4.78 4.78 4.78 4.78 4.78 4.78 4.78 4.78 4.78 4.78 4.78 4.78 4.78 4.78 4.78 4.78 4.78 4.78 
3.82 3.82 3.82 3.82 3.82 3.82 3.82 3.82 3.82 3.82 3.82 4.14 4.14 4.14 4.14 4.14 4.14 4.14 4.14 4.14 4.14 4.14 4.14 4.14 4.14 4.14 4.14 4.14 4.14 4.14 4.14 4.14 4.14 4.14 4.14 4.14 4.14 4.14 4.14 4.14 4.14 4.14 4.14 4.14 4.14 4.14 4.14 4.14 4.14 4.14 4.14 4.14 4.14 4.14 4.14 4.14 4.14 4.14 4.14 4.14 4.14 4.14 4.14 4.14 4.14 4.14 4.14 4.14 4.14 4.14 4.14 4.78 4.78 4.78 4.78 4.78 4.78 4.78 4.78 4.78 4.78 4.78 4.78 4.78 4.78 4.78 4.78 4.78 4.78 4.78 4.78 4.78 4.78 4.78 4.78 4.78 4.78 4.78 4.78 4.78 
3.82 3.82 3.82 3.82 3.82 3.82 3.82 3.82 3.82 3.82 3.82 4.14 4.14 4.14 4.14 4.14 4.14 4.14 4.14 4.14 4.14 4.14 4.14 4.14 4.14 4.14 4.14 4.14 4.14 4.14 4.14 4.14 4.14 4.14 4.14 4.14 4.14 4.14 4.14 4.14 4.14 4.14 4.14 4.14 4.14 4.14 4.14 4.14 4.14 4.14 4.14 4.14 4.14 4.14 4.14 4.14 4.14 4.14 4.14 4.14 4.14 4.14 4.14 4.14 4.14 4.14 4.14 4.14 4.14 4.14 4.14 4.78 4.78 4.78 4.78 4.78 4.78 4.78 4.78 4.78 4.78 4.78 4.78 4.78 4.78 4.78 4.78 4.78 4.78 4.78 4.78 4.78 4.78 4.78 4.78 4.78 4.78 4.78 4.78 4.78 
3.82 3.82 3.82 3.82 3.82 3.82 3.82 3.82 3.82 3.82 3.82 4.14 4.14 4.14 4.14 4.14 4.14 4.14 4.14 4.14 4.14 4.14 4.14 4.14 4.14 4.14 4.14 4.14 4.14 4.14 4.14 4.14 4.14 4.14 4.14 4.14 4.14 4.14 4.14 4.14 4.14 4.14 4.14 4.14 4.14 4.14 4.14 4.14 4.14 4.14 4.14 4.14 4.14 4.14 4.14 4.14 4.14 4.14 4.14 4.14 4.14 4.14 4.14 4.14 4.14 4.14 4.14 4.14 4.14 4.14 4.14 4.78 4.78 4.78 4.78 4.78 4.78 4.78 4.78 4.78 4.78 4.78 4.78 4.78 4.78 4.78 4.78 4.78 4.78 4.78 4.78 4.78 4.78 4.78 4.78 4.78 4.78 4.78 4.78 4.78 
3.82 3.82 3.82 3.82 3.82 3.82 3.82 3.82 3.82 3.82 3.82 4.14 4.14 4.14 4.14 4.14 4.14 4.14 4.14 4.14 4.14 4.14 4.14 4.14 4.14 4.14 4.14 4.14 4.14 4.14 4.14 4.14 4.14 4.14 4.14 4.14 4.14 4.14 4.14 4.14 4.14 4.14 4.14 4.14 4.14 4.14 4.14 4.14 4.14 4.14 4.14 4.14 4.14 4.14 4.14 4.14 4.14 4.14 4.14 4.14 4.14 4.14 4.14 4.14 4.14 4.14 4.14 4.14 4.14 4.14 4.14 4.78 4.78 4.78 4.78 4.78 4.78 4.78 4.78 4.78 4.78 4.78 4.78 4.78 4.78 4.78 4.78 4.78 4.78 4.78 4.78 4.78 4.78 4.78 4.78 4.78 4.78 4.78 4.78 4.78 
3.82 3.82 3.82 3.82 3.82 3.82 3.82 3.82 3.82 3.82 3.82 4.14 4.14 4.14 4.14 4.14 4.14 4.14 4.14 4.14 4.14 4.14 4.14 4.14 4.14 4.14 4.14 4.14 4.14 4.14 4.14 4.14 4.14 4.14 4.14 4.14 4.14 4.14 4.14 4.14 4.14 4.14 4.14 4.14 4.14 4.14 4.14 4.14 4.14 4.14 4.14 4.14 4.14 4.14 4.14 4.14 4.14 4.14 4.14 4.14 4.14 4.14 4.14 4.14 4.14 4.14 4.14 4.14 4.14 4.14 4.14 4.78 4.78 4.78 4.78 4.78 4.78 4.78 4.78 4.78 4.78 4.78 4.78 4.78 4.78 4.78 4.78 4.78 4.78 4.78 4.78 4.78 4.78 4.78 4.78 4.78 4.78 4.78 4.78 4.78 
3.82 3.82 3.82 3.82 3.82 3.82 3.82 3.82 3.82 3.82 3.82 4.14 4.14 4.14 4.14 4.14 4.14 4.14 4.14 4.14 4.14 4.14 4.14 4.14 4.14 4.14 4.14 4.14 4.14 4.14 4.14 4.14 4.14 4.14 4.14 4.14 4.14 4.14 4.14 4.14 4.14 4.14 4.14 4.14 4.14 4.14 4.14 4.14 4.14 4.14 4.14 4.14 4.14 4.14 4.14 4.14 4.14 4.14 4.14 4.14 4.14 4.14 4.14 4.14 4.14 4.14 4.14 4.14 4.14 4.14 4.14 4.78 4.78 4.78 4.78 4.78 4.78 4.78 4.78 4.78 4.78 4.78 4.78 4.78 4.78 4.78 4.78 4.78 4.78 4.78 4.78 4.78 4.78 4.78 4.78 4.78 4.78 4.78 4.78 4.78 
7.12 7.12 7.12 7.12 7.12 7.12 7.12 7.12 7.12 7.12 7.12 7.38 7.38 7.38 7.38 7.38 7.38 7.38 7.38 7.38 7.38 7.38 7.38 7.38 7.38 7.38 7.38 7.38 7.38 7.38 7.38 7.38 7.38 7.38 7.38 7.38 7.38 7.38 7.38 7.38 7.38 7.38 7.38 7.38 7.38 7.38 7.38 7.38 7.38 7.38 7.38 7.38 7.38 7.38 7.38 7.38 7.38 7.38 7.38 7.38 7.38 7.38 7.38 7.38 7.38 7.38 7.38 7.38 7.38 7.38 7.38 7.46 7.46 7.46 7.46 7.46 7.46 7.46 7.46 7.46 7.46 7.46 7.46 7.46 7.46 7.46 7.46 7.46 7.46 7.46 7.46 7.46 7.46 7.46 7.46 7.46 7.46 7.46 7.46 7.46 
7.12 7.12 7.12 7.12 7.12 7.12 7.12 7.12 7.12 7.12 7.12 7.38 7.38 7.38 7.38 7.38 7.38 7.38 7.38 7.38 7.38 7.38 7.38 7.38 7.38 7.38 7.38 7.38 7.38 7.38 7.38 7.38 7.38 7.38 7.38 7.38 7.38 7.38 7.38 7.38 7.38 7.38 7.38 7.38 7.38 7.38 7.38 7.38 7.38 7.38 7.38 7.38 7.38 7.38 7.38 7.38 7.38 7.38 7.38 7.38 7.38 7.38 7.38 7.38 7.38 7.38 7.38 7.38 7.38 7.38 7.38 7.46 7.46 7.46 7.46 7.46 7.46 7.46 7.46 7.46 7.46 7.46 7.46 7.46 7.46 7.46 7.46 7.46 7.46 7.46 7.46 7.46 7.46 7.46 7.46 7.46 7.46 7.46 7.46 7.46 
7.12 7.12 7.12 7.12 7.12 7.12 7.12 7.12 7.12 7.12 7.12 7.38 7.38 7.38 7.38 7.38 7.38 7.38 7.38 7.38 7.38 7.38 7.38 7.38 7.38 7.38 7.38 7.38 7.38 7.38 7.38 7.38 7.38 7.38 7.38 7.38 7.38 7.38 7.38 7.38 7.38 7.38 7.38 7.38 7.38 7.38 7.38 7.38 7.38 7.38 7.38 7.38 7.38 7.38 7.38 7.38 7.38 7.38 7.38 7.38 7.38 7.38 7.38 7.38 7.38 7.38 7.38 7.38 7.38 7.38 7.38 7.46 7.46 7.46 7.46 7.46 7.46 7.46 7.46 7.46 7.46 7.46 7.46 7.46 7.46 7.46 7.46 7.46 7.46 7.46 7.46 7.46 7.46 7.46 7.46 7.46 7.46 7.46 7.46 7.46 
7.12 7.12 7.12 7.12 7.12 7.12 7.12 7.12 7.12 7.12 7.12 7.38 7.38 7.38 7.38 7.38 7.38 7.38 7.38 7.38 7.38 7.38 7.38 7.38 7.38 7.38 7.38 7.38 7.38 7.38 7.38 7.38 7.38 7.38 7.38 7.38 7.38 7.38 7.38 7.38 7.38 7.38 7.38 7.38 7.38 7.38 7.38 7.38 7.38 7.38 7.38 7.38 7.38 7.38 7.38 7.38 7.38 7.38 7.38 7.38 7.38 7.38 7.38 7.38 7.38 7.38 7.38 7.38 7.38 7.38 7.38 7.46 7.46 7.46 7.46 7.46 7.46 7.46 7.46 7.46 7.46 7.46 7.46 7.46 7.46 7.46 7.46 7.46 7.46 7.46 7.46 7.46 7.46 7.46 7.46 7.46 7.46 7.46 7.46 7.46 
7.12 7.12 7.12 7.12 7.12 7.12 7.12 7.12 7.12 7.12 7.12 7.38 7.38 7.38 7.38 7.38 7.38 7.38 7.38 7.38 7.38 7.38 7.38 7.38 7.38 7.38 7.38 7.38 7.38 7.38 7.38 7.38 7.38 7.38 7.38 7.38 7.38 7.38 7.38 7.38 7.38 7.38 7.38 7.38 7.38 7.38 7.38 7.38 7.38 7.38 7.38 7.38 7.38 7.38 7.38 7.38 7.38 7.38 7.38 7.38 7.38 7.38 7.38 7.38 7.38 7.38 7.38 7.38 7.38 7.38 7.38 7.46 7.46 7.46 7.46 7.46 7.46 7.46 7.46 7.46 7.46 7.46 7.46 7.46 7.46 7.46 7.46 7.46 7.46 7.46 7.46 7.46 7.46 7.46 7.46 7.46 7.46 7.46 7.46 7.46 
7.12 7.12 7.12 7.12 7.12 7.12 7.12 7.12 7.12 7.12 7.12 7.38 7.38 7.38 7.38 7.38 7.38 7.38 7.38 7.38 7.38 7.38 7.38 7.38 7.38 7.38 7.38 7.38 7.38 7.38 7.38 7.38 7.38 7.38 7.38 7.38 7.38 7.38 7.38 7.38 7.38 7.38 7.38 7.38 7.38 7.38 7.38 7.38 7.38 7.38 7.38 7.38 7.38 7.38 7.38 7.38 7.38 7.38 7.38 7.38 7.38 7.38 7.38 7.38 7.38 7.38 7.38 7.38 7.38 7.38 7.38 7.46 7.46 7.46 7.46 7.46 7.46 7.46 7.46 7.46 7.46 7.46 7.46 7.46 7.46 7.46 7.46 7.46 7.46 7.46 7.46 7.46 7.46 7.46 7.46 7.46 7.46 7.46 7.46 7.46 
7.12 7.12 7.12 7.12 7.12 7.12 7.12 7.12 7.12 7.12 7.12 7.38 7.38 7.38 7.38 7.38 7.38 7.38 7.38 7.38 7.38 7.38 7.38 7.38 7.38 7.38 7.38 7.38 7.38 7.38 7.38 7.38 7.38 7.38 7.38 7.38 7.38 7.38 7.38 7.38 7.38 7.38 7.38 7.38 7.38 7.38 7.38 7.38 7.38 7.38 7.38 7.38 7.38 7.38 7.38 7.38 7.38 7.38 7.38 7.38 7.38 7.38 7.38 7.38 7.38 7.38 7.38 7.38 7.38 7.38 7.38 7.46 7.46 7.46 7.46 7.46 7.46 7.46 7.46 7.46 7.46 7.46 7.46 7.46 7.46 7.46 7.46 7.46 7.46 7.46 7.46 7.46 7.46 7.46 7.46 7.46 7.46 7.46 7.46 7.46 
7.12 7.12 7.12 7.12 7.12 7.12 7.12 7.12 7.12 7.12 7.12 7.38 7.38 7.38 7.38 7.38 7.38 7.38 7.38 7.38 7.38 7.38 7.38 7.38 7.38 7.38 7.38 7.38 7.38 7.38 7.38 7.38 7.38 7.38 7.38 7.38 7.38 7.38 7.38 7.38 7.38 7.38 7.38 7.38 7.38 7.38 7.38 7.38 7.38 7.38 7.38 7.38 7.38 7.38 7.38 7.38 7.38 7.38 7.38 7.38 7.38 7.38 7.38 7.38 7.38 7.38 7.38 7.38 7.38 7.38 7.38 7.46 7.46 7.46 7.46 7.46 7.46 7.46 7.46 7.46 7.46 7.46 7.46 7.46 7.46 7.46 7.46 7.46 7.46 7.46 7.46 7.46 7.46 7.46 7.46 7.46 7.46 7.46 7.46 7.46 
7.12 7.12 7.12 7.12 7.12 7.12 7.12 7.12 7.12 7.12 7.12 7.38 7.38 7.38 7.38 7.38 7.38 7.38 7.38 7.38 7.38 7.38 7.38 7.38 7.38 7.38 7.38 7.38 7.38 7.38 7.38 7.38 7.38 7.38 7.38 7.38 7.38 7.38 7.38 7.38 7.38 7.38 7.38 7.38 7.38 7.38 7.38 7.38 7.38 7.38 7.38 7.38 7.38 7.38 7.38 7.38 7.38 7.38 7.38 7.38 7.38 7.38 7.38 7.38 7.38 7.38 7.38 7.38 7.38 7.38 7.38 7.46 7.46 7.46 7.46 7.46 7.46 7.46 7.46 7.46 7.46 7.46 7.46 7.46 7.46 7.46 7.46 7.46 7.46 7.46 7.46 7.46 7.46 7.46 7.46 7.46 7.46 7.46 7.46 7.46 
7.12 7.12 7.12 7.12 7.12 7.12 7.12 7.12 7.12 7.12 7.12 7.38 7.38 7.38 7.38 7.38 7.38 7.38 7.38 7.38 7.38 7.38 7.38 7.38 7.38 7.38 7.38 7.38 7.38 7.38 7.38 7.38 7.38 7.38 7.38 7.38 7.38 7.38 7.38 7.38 7.38 7.38 7.38 7.38 7.38 7.38 7.38 7.38 7.38 7.38 7.38 7.38 7.38 7.38 7.38 7.38 7.38 7.38 7.38 7.38 7.38 7.38 7.38 7.38 7.38 7.38 7.38 7.38 7.38 7.38 7.38 7.46 7.46 7.46 7.46 7.46 7.46 7.46 7.46 7.46 7.46 7.46 7.46 7.46 7.46 7.46 7.46 7.46 7.46 7.46 7.46 7.46 7.46 7.46 7.46 7.46 7.46 7.46 7.46 7.46 
7.12 7.12 7.12 7.12 7.12 7.12 7.12 7.12 7.12 7.12 7.12 7.38 7.38 7.38 7.38 7.38 7.38 7.38 7.38 7.38 7.38 7.38 7.38 7.38 7.38 7.38 7.38 7.38 7.38 7.38 7.38 7.38 7.38 7.38 7.38 7.38 7.38 7.38 7.38 7.38 7.38 7.38 7.38 7.38 7.38 7.38 7.38 7.38 7.38 7.38 7.38 7.38 7.38 7.38 7.38 7.38 7.38 7.38 7.38 7.38 7.38 7.38 7.38 7.38 7.38 7.38 7.38 7.38 7.38 7.38 7.38 7.46 7.46 7.46 7.46 7.46 7.46 7.46 7.46 7.46 7.46 7.46 7.46 7.46 7.46 7.46 7.46 7.46 7.46 7.46 7.46 7.46 7.46 7.46 7.46 7.46 7.46 7.46 7.46 7.46 
7.12 7.12 7.12 7.12 7.12 7.12 7.12 7.12 7.12 7.12 7.12 7.38 7.38 7.38 7.38 7.38 7.38 7.38 7.38 7.38 7.38 7.38 7.38 7.38 7.38 7.38 7.38 7.38 7.38 7.38 7.38 7.38 7.38 7.38 7.38 7.38 7.38 7.38 7.38 7.38 7.38 7.38 7.38 7.38 7.38 7.38 7.38 7.38 7.38 7.38 7.38 7.38 7.38 7.38 7.38 7.38 7.38 7.38 7.38 7.38 7.38 7.38 7.38 7.38 7.38 7.38 7.38 7.38 7.38 7.38 7.38 7.46 7.46 7.46 7.46 7.46 7.46 7.46 7.46 7.46 7.46 7.46 7.46 7.46 7.46 7.46 7.46 7.46 7.46 7.46 7.46 7.46 7.46 7.46 7.46 7.46 7.46 7.46 7.46 7.46 
7.12 7.12 7.12 7.12 7.12 7.12 7.12 7.12 7.12 7.12 7.12 7.38 7.38 7.38 7.38 7.38 7.38 7.38 7.38 7.38 7.38 7.38 7.38 7.38 7.38 7.38 7.38 7.38 7.38 7.38 7.38 7.38 7.38 7.38 7.38 7.38 7.38 7.38 7.38 7.38 7.38 7.38 7.38 7.38 7.38 7.38 7.38 7.38 7.38 7.38 7.38 7.38 7.38 7.38 7.38 7.38 7.38 7.38 7.38 7.38 7.38 7.38 7.38 7.38 7.38 7.38 7.38 7.38 7.38 7.38 7.38 7.46 7.46 7.46 7.46 7.46 7.46 7.46 7.46 7.46 7.46 7.46 7.46 7.46 7.46 7.46 7.46 7.46 7.46 7.46 7.46 7.46 7.46 7.46 7.46 7.46 7.46 7.46 7.46 7.46 
7.12 7.12 7.12 7.12 7.12 7.12 7.12 7.12 7.12 7.12 7.12 7.38 7.38 7.38 7.38 7.38 7.38 7.38 7.38 7.38 7.38 7.38 7.38 7.38 7.38 7.38 7.38 7.38 7.38 7.38 7.38 7.38 7.38 7.38 7.38 7.38 7.38 7.38 7.38 7.38 7.38 7.38 7.38 7.38 7.38 7.38 7.38 7.38 7.38 7.38 7.38 7.38 7.38 7.38 7.38 7.38 7.38 7.38 7.38 7.38 7.38 7.38 7.38 7.38 7.38 7.38 7.38 7.38 7.38 7.38 7.38 7.46 7.46 7.46 7.46 7.46 7.46 7.46 7.46 7.46 7.46 7.46 7.46 7.46 7.46 7.46 7.46 7.46 7.46 7.46 7.46 7.46 7.46 7.46 7.46 7.46 7.46 7.46 7.46 7.46 
7.12 7.12 7.12 7.12 7.12 7.12 7.12 7.12 7.12 7.12 7.12 7.38 7.38 7.38 7.38 7.38 7.38 7.38 7.38 7.38 7.38 7.38 7.38 7.38 7.38 7.38 7.38 7.38 7.38 7.38 7.38 7.38 7.38 7.38 7.38 7.38 7.38 7.38 7.38 7.38 7.38 7.38 7.38 7.38 7.38 7.38 7.38 7.38 7.38 7.38 7.38 7.38 7.38 7.38 7.38 7.38 7.38 7.38 7.38 7.38 7.38 7.38 7.38 7.38 7.38 7.38 7.38 7.38 7.38 7.38 7.38 7.46 7.46 7.46 7.46 7.46 7.46 7.46 7.46 7.46 7.46 7.46 7.46 7.46 7.46 7.46 7.46 7.46 7.46 7.46 7.46 7.46 7.46 7.46 7.46 7.46 7.46 7.46 7.46 7.46 
7.12 7.12 7.12 7.12 7.12 7.12 7.12 7.12 7.12 7.12 7.12 7.38 7.38 7.38 7.38 7.38 7.38 7.38 7.38 7.38 7.38 7.38 7.38 7.38 7.38 7.38 7.38 7.38 7.38 7.38 7.38 7.38 7.38 7.38 7.38 7.38 7.38 7.38 7.38 7.38 7.38 7.38 7.38 7.38 7.38 7.38 7.38 7.38 7.38 7.38 7.38 7.38 7.38 7.38 7.38 7.38 7.38 7.38 7.38 7.38 7.38 7.38 7.38 7.38 7.38 7.38 7.38 7.38 7.38 7.38 7.38 7.46 7.46 7.46 7.46 7.46 7.46 7.46 7.46 7.46 7.46 7.46 7.46 7.46 7.46 7.46 7.46 7.46 7.46 7.46 7.46 7.46 7.46 7.46 7.46 7.46 7.46 7.46 7.46 7.46 
7.12 7.12 7.12 7.12 7.12 7.12 7.12 7.12 7.12 7.12 7.12 7.38 7.38 7.38 7.38 7.38 7.38 7.38 7.38 7.38 7.38 7.38 7.38 7.38 7.38 7.38 7.38 7.38 7.38 7.38 7.38 7.38 7.38 7.38 7.38 7.38 7.38 7.38 7.38 7.38 7.38 7.38 7.38 7.38 7.38 7.38 7.38 7.38 7.38 7.38 7.38 7.38 7.38 7.38 7.38 7.38 7.38 7.38 7.38 7.38 7.38 7.38 7.38 7.38 7.38 7.38 7.38 7.38 7.38 7.38 7.38 7.46 7.46 7.46 7.46 7.46 7.46 7.46 7.46 7.46 7.46 7.46 7.46 7.46 7.46 7.46 7.46 7.46 7.46 7.46 7.46 7.46 7.46 7.46 7.46 7.46 7.46 7.46 7.46 7.46 
7.12 7.12 7.12 7.12 7.12 7.12 7.12 7.12 7.12 7.12 7.12 7.38 7.38 7.38 7.38 7.38 7.38 7.38 7.38 7.38 7.38 7.38 7.38 7.38 7.38 7.38 7.38 7.38 7.38 7.38 7.38 7.38 7.38 7.38 7.38 7.38 7.38 7.38 7.38 7.38 7.38 7.38 7.38 7.38 7.38 7.38 7.38 7.38 7.38 7.38 7.38 7.38 7.38 7.38 7.38 7.38 7.38 7.38 7.38 7.38 7.38 7.38 7.38 7.38 7.38 7.38 7.38 7.38 7.38 7.38 7.38 7.46 7.46 7.46 7.46 7.46 7.46 7.46 7.46 7.46 7.46 7.46 7.46 7.46 7.46 7.46 7.46 7.46 7.46 7.46 7.46 7.46 7.46 7.46 7.46 7.46 7.46 7.46 7.46 7.46 
7.12 7.12 7.12 7.12 7.12 7.12 7.12 7.12 7.12 7.12 7.12 7.38 7.38 7.38 7.38 7.38 7.38 7.38 7.38 7.38 7.38 7.38 7.38 7.38 7.38 7.38 7.38 7.38 7.38 7.38 7.38 7.38 7.38 7.38 7.38 7.38 7.38 7.38 7.38 7.38 7.38 7.38 7.38 7.38 7.38 7.38 7.38 7.38 7.38 7.38 7.38 7.38 7.38 7.38 7.38 7.38 7.38 7.38 7.38 7.38 7.38 7.38 7.38 7.38 7.38 7.38 7.38 7.38 7.38 7.38 7.38 7.46 7.46 7.46 7.46 7.46 7.46 7.46 7.46 7.46 7.46 7.46 7.46 7.46 7.46 7.46 7.46 7.46 7.46 7.46 7.46 7.46 7.46 7.46 7.46 7.46 7.46 7.46 7.46 7.46 
7.12 7.12 7.12 7.12 7.12 7.12 7.12 7.12 7.12 7.12 7.12 7.38 7.38 7.38 7.38 7.38 7.38 7.38 7.38 7.38 7.38 7.38 7.38 7.38 7.38 7.38 7.38 7.38 7.38 7.38 7.38 7.38 7.38 7.38 7.38 7.38 7.38 7.38 7.38 7.38 7.38 7.38 7.38 7.38 7.38 7.38 7.38 7.38 7.38 7.38 7.38 7.38 7.38 7.38 7.38 7.38 7.38 7.38 7.38 7.38 7.38 7.38 7.38 7.38 7.38 7.38 7.38 7.38 7.38 7.38 7.38 7.46 7.46 7.46 7.46 7.46 7.46 7.46 7.46 7.46 7.46 7.46 7.46 7.46 7.46 7.46 7.46 7.46 7.46 7.46 7.46 7.46 7.46 7.46 7.46 7.46 7.46 7.46 7.46 7.46 
7.12 7.12 7.12 7.12 7.12 7.12 7.12 7.12 7.12 7.12 7.12 7.38 7.38 7.38 7.38 7.38 7.38 7.38 7.38 7.38 7.38 7.38 7.38 7.38 7.38 7.38 7.38 7.38 7.38 7.38 7.38 7.38 7.38 7.38 7.38 7.38 7.38 7.38 7.38 7.38 7.38 7.38 7.38 7.38 7.38 7.38 7.38 7.38 7.38 7.38 7.38 7.38 7.38 7.38 7.38 7.38 7.38 7.38 7.38 7.38 7.38 7.38 7.38 7.38 7.38 7.38 7.38 7.38 7.38 7.38 7.38 7.46 7.46 7.46 7.46 7.46 7.46 7.46 7.46 7.46 7.46 7.46 7.46 7.46 7.46 7.46 7.46 7.46 7.46 7.46 7.46 7.46 7.46 7.46 7.46 7.46 7.46 7.46 7.46 7.46 
7.12 7.12 7.12 7.12 7.12 7.12 7.12 7.12 7.12 7.12 7.12 7.38 7.38 7.38 7.38 7.38 7.38 7.38 7.38 7.38 7.38 7.38 7.38 7.38 7.38 7.38 7.38 7.38 7.38 7.38 7.38 7.38 7.38 7.38 7.38 7.38 7.38 7.38 7.38 7.38 7.38 7.38 7.38 7.38 7.38 7.38 7.38 7.38 7.38 7.38 7.38 7.38 7.38 7.38 7.38 7.38 7.38 7.38 7.38 7.38 7.38 7.38 7.38 7.38 7.38 7.38 7.38 7.38 7.38 7.38 7.38 7.46 7.46 7.46 7.46 7.46 7.46 7.46 7.46 7.46 7.46 7.46 7.46 7.46 7.46 7.46 7.46 7.46 7.46 7.46 7.46 7.46 7.46 7.46 7.46 7.46 7.46 7.46 7.46 7.46 
7.12 7.12 7.12 7.12 7.12 7.12 7.12 7.12 7.12 7.12 7.12 7.38 7.38 7.38 7.38 7.38 7.38 7.38 7.38 7.38 7.38 7.38 7.38 7.38 7.38 7.38 7.38 7.38 7.38 7.38 7.38 7.38 7.38 7.38 7.38 7.38 7.38 7.38 7.38 7.38 7.38 7.38 7.38 7.38 7.38 7.38 7.38 7.38 7.38 7.38 7.38 7.38 7.38 7.38 7.38 7.38 7.38 7.38 7.38 7.38 7.38 7.38 7.38 7.38 7.38 7.38 7.38 7.38 7.38 7.38 7.38 7.46 7.46 7.46 7.46 7.46 7.46 7.46 7.46 7.46 7.46 7.46 7.46 7.46 7.46 7.46 7.46 7.46 7.46 7.46 7.46 7.46 7.46 7.46 7.46 7.46 7.46 7.46 7.46 7.46 
7.12 7.12 7.12 7.12 7.12 7.12 7.12 7.12 7.12 7.12 7.12 7.38 7.38 7.38 7.38 7.38 7.38 7.38 7.38 7.38 7.38 7.38 7.38 7.38 7.38 7.38 7.38 7.38 7.38 7.38 7.38 7.38 7.38 7.38 7.38 7.38 7.38 7.38 7.38 7.38 7.38 7.38 7.38 7.38 7.38 7.38 7.38 7.38 7.38 7.38 7.38 7.38 7.38 7.38 7.38 7.38 7.38 7.38 7.38 7.38 7.38 7.38 7.38 7.38 7.38 7.38 7.38 7.38 7.38 7.38 7.38 7.46 7.46 7.46 7.46 7.46 7.46 7.46 7.46 7.46 7.46 7.46 7.46 7.46 7.46 7.46 7.46 7.46 7.46 7.46 7.46 7.46 7.46 7.46 7.46 7.46 7.46 7.46 7.46 7.46 
7.12 7.12 7.12 7.12 7.12 7.12 7.12 7.12 7.12 7.12 7.12 7.38 7.38 7.38 7.38 7.38 7.38 7.38 7.38 7.38 7.38 7.38 7.38 7.38 7.38 7.38 7.38 7.38 7.38 7.38 7.38 7.38 7.38 7.38 7.38 7.38 7.38 7.38 7.38 7.38 7.38 7.38 7.38 7.38 7.38 7.38 7.38 7.38 7.38 7.38 7.38 7.38 7.38 7.38 7.38 7.38 7.38 7.38 7.38 7.38 7.38 7.38 7.38 7.38 7.38 7.38 7.38 7.38 7.38 7.38 7.38 7.46 7.46 7.46 7.46 7.46 7.46 7.46 7.46 7.46 7.46 7.46 7.46 7.46 7.46 7.46 7.46 7.46 7.46 7.46 7.46 7.46 7.46 7.46 7.46 7.46 7.46 7.46 7.46 7.46 
7.12 7.12 7.12 7.12 7.12 7.12 7.12 7.12 7.12 7.12 7.12 7.38 7.38 7.38 7.38 7.38 7.38 7.38 7.38 7.38 7.38 7.38 7.38 7.38 7.38 7.38 7.38 7.38 7.38 7.38 7.38 7.38 7.38 7.38 7.38 7.38 7.38 7.38 7.38 7.38 7.38 7.38 7.38 7.38 7.38 7.38 7.38 7.38 7.38 7.38 7.38 7.38 7.38 7.38 7.38 7.38 7.38 7.38 7.38 7.38 7.38 7.38 7.38 7.38 7.38 7.38 7.38 7.38 7.38 7.38 7.38 7.46 7.46 7.46 7.46 7.46 7.46 7.46 7.46 7.46 7.46 7.46 7.46 7.46 7.46 7.46 7.46 7.46 7.46 7.46 7.46 7.46 7.46 7.46 7.46 7.46 7.46 7.46 7.46 7.46 
7.12 7.12 7.12 7.12 7.12 7.12 7.12 7.12 7.12 7.12 7.12 7.38 7.38 7.38 7.38 7.38 7.38 7.38 7.38 7.38 7.38 7.38 7.38 7.38 7.38 7.38 7.38 7.38 7.38 7.38 7.38 7.38 7.38 7.38 7.38 7.38 7.38 7.38 7.38 7.38 7.38 7.38 7.38 7.38 7.38 7.38 7.38 7.38 7.38 7.38 7.38 7.38 7.38 7.38 7.38 7.38 7.38 7.38 7.38 7.38 7.38 7.38 7.38 7.38 7.38 7.38 7.38 7.38 7.38 7.38 7.38 7.46 7.46 7.46 7.46 7.46 7.46 7.46 7.46 7.46 7.46 7.46 7.46 7.46 7.46 7.46 7.46 7.46 7.46 7.46 7.46 7.46 7.46 7.46 7.46 7.46 7.46 7.46 7.46 7.46 
7.12 7.12 7.12 7.12 7.12 7.12 7.12 7.12 7.12 7.12 7.12 7.38 7.38 7.38 7.38 7.38 7.38 7.38 7.38 7.38 7.38 7.38 7.38 7.38 7.38 7.38 7.38 7.38 7.38 7.38 7.38 7.38 7.38 7.38 7.38 7.38 7.38 7.38 7.38 7.38 7.38 7.38 7.38 7.38 7.38 7.38 7.38 7.38 7.38 7.38 7.38 7.38 7.38 7.38 7.38 7.38 7.38 7.38 7.38 7.38 7.38 7.38 7.38 7.38 7.38 7.38 7.38 7.38 7.38 7.38 7.38 7.46 7.46 7.46 7.46 7.46 7.46 7.46 7.46 7.46 7.46 7.46 7.46 7.46 7.46 7.46 7.46 7.46 7.46 7.46 7.46 7.46 7.46 7.46 7.46 7.46 7.46 7.46 7.46 7.46 
7.12 7.12 7.12 7.12 7.12 7.12 7.12 7.12 7.12 7.12 7.12 7.38 7.38 7.38 7.38 7.38 7.38 7.38 7.38 7.38 7.38 7.38 7.38 7.38 7.38 7.38 7.38 7.38 7.38 7.38 7.38 7.38 7.38 7.38 7.38 7.38 7.38 7.38 7.38 7.38 7.38 7.38 7.38 7.38 7.38 7.38 7.38 7.38 7.38 7.38 7.38 7.38 7.38 7.38 7.38 7.38 7.38 7.38 7.38 7.38 7.38 7.38 7.38 7.38 7.38 7.38 7.38 7.38 7.38 7.38 7.38 7.46 7.46 7.46 7.46 7.46 7.46 7.46 7.46 7.46 7.46 7.46 7.46 7.46 7.46 7.46 7.46 7.46 7.46 7.46 7.46 7.46 7.46 7.46 7.46 7.46 7.46 7.46 7.46 7.46 
7.12 7.12 7.12 7.12 7.12 7.12 7.12 7.12 7.12 7.12 7.12 7.38 7.38 7.38 7.38 7.38 7.38 7.38 7.38 7.38 7.38 7.38 7.38 7.38 7.38 7.38 7.38 7.38 7.38 7.38 7.38 7.38 7.38 7.38 7.38 7.38 7.38 7.38 7.38 7.38 7.38 7.38 7.38 7.38 7.38 7.38 7.38 7.38 7.38 7.38 7.38 7.38 7.38 7.38 7.38 7.38 7.38 7.38 7.38 7.38 7.38 7.38 7.38 7.38 7.38 7.38 7.38 7.38 7.38 7.38 7.38 7.46 7.46 7.46 7.46 7.46 7.46 7.46 7.46 7.46 7.46 7.46 7.46 7.46 7.46 7.46 7.46 7.46 7.46 7.46 7.46 7.46 7.46 7.46 7.46 7.46 7.46 7.46 7.46 7.46 
7.12 7.12 7.12 7.12 7.12 7.12 7.12 7.12 7.12 7.12 7.12 7.38 7.38 7.38 7.38 7.38 7.38 7.38 7.38 7.38 7.38 7.38 7.38 7.38 7.38 7.38 7.38 7.38 7.38 7.38 7.38 7.38 7.38 7.38 7.38 7.38 7.38 7.38 7.38 7.38 7.38 7.38 7.38 7.38 7.38 7.38 7.38 7.38 7.38 7.38 7.38 7.38 7.38 7.38 7.38 7.38 7.38 7.38 7.38 7.38 7.38 7.38 7.38 7.38 7.38 7.38 7.38 7.38 7.38 7.38 7.38 7.46 7.46 7.46 7.46 7.46 7.46 7.46 7.46 7.46 7.46 7.46 7.46 7.46 7.46 7.46 7.46 7.46 7.46 7.46 7.46 7.46 7.46 7.46 7.46 7.46 7.46 7.46 7.46 7.46 
