ncols         100
nrows         100
xllcorner     -59982.863281
yllcorner     1851083.022172
cellsize      1000
NODATA_value  -9999
124.9 124.9 124.9 124.9 124.9 124.9 124.9 124.9 124.9 124.9 124.9 122.2 122.2 122.2 122.2 122.2 122.2 122.2 122.2 122.2 122.2 122.2 122.2 122.2 122.2 122.2 122.2 122.2 122.2 122.2 122.2 122.2 122.2 122.2 122.2 122.2 122.2 122.2 122.2 122.2 122.2 122.2 122.2 122.2 122.2 122.2 122.2 122.2 122.2 122.2 122.2 122.2 122.2 122.2 122.2 122.2 122.2 122.2 122.2 122.2 122.2 122.2 122.2 122.2 122.2 122.2 122.2 122.2 122.2 122.2 122.2 117.5 117.5 117.5 117.5 117.5 117.5 117.5 117.5 117.5 117.5 117.5 117.5 117.5 117.5 117.5 117.5 117.5 117.5 117.5 117.5 117.5 117.5 117.5 117.5 117.5 117.5 117.5 117.5 117.5 
124.9 124.9 124.9 124.9 124.9 124.9 124.9 124.9 124.9 124.9 124.9 122.2 122.2 122.2 122.2 122.2 122.2 122.2 122.2 122.2 122.2 122.2 122.2 122.2 122.2 122.2 122.2 122.2 122.2 122.2 122.2 122.2 122.2 122.2 122.2 122.2 122.2 122.2 122.2 122.2 122.2 122.2 122.2 122.2 122.2 122.2 122.2 122.2 122.2 122.2 122.2 122.2 122.2 122.2 122.2 122.2 122.2 122.2 122.2 122.2 122.2 122.2 122.2 122.2 122.2 122.2 122.2 122.2 122.2 122.2 122.2 117.5 117.5 117.5 117.5 117.5 117.5 117.5 117.5 117.5 117.5 117.5 117.5 117.5 117.5 117.5 117.5 117.5 117.5 117.5 117.5 117.5 117.5 117.5 117.5 117.5 117.5 117.5 117.5 117.5 
124.9 124.9 124.9 124.9 124.9 124.9 124.9 124.9 124.9 124.9 124.9 122.2 122.2 122.2 122.2 122.2 122.2 122.2 122.2 122.2 122.2 122.2 122.2 122.2 122.2 122.2 122.2 122.2 122.2 122.2 122.2 122.2 122.2 122.2 122.2 122.2 122.2 122.2 122.2 122.2 122.2 122.2 122.2 122.2 122.2 122.2 122.2 122.2 122.2 122.2 122.2 122.2 122.2 122.2 122.2 122.2 122.2 122.2 122.2 122.2 122.2 122.2 122.2 122.2 122.2 122.2 122.2 122.2 122.2 122.2 122.2 117.5 117.5 117.5 117.5 117.5 117.5 117.5 117.5 117.5 117.5 117.5 117.5 117.5 117.5 117.5 117.5 117.5 117.5 117.5 117.5 117.5 117.5 117.5 117.5 117.5 117.5 117.5 117.5 117.5 
124.9 124.9 124.9 124.9 124.9 124.9 124.9 124.9 124.9 124.9 124.9 122.2 122.2 122.2 122.2 122.2 122.2 122.2 122.2 122.2 122.2 122.2 122.2 122.2 122.2 122.2 122.2 122.2 122.2 122.2 122.2 122.2 122.2 122.2 122.2 122.2 122.2 122.2 122.2 122.2 122.2 122.2 122.2 122.2 122.2 122.2 122.2 122.2 122.2 122.2 122.2 122.2 122.2 122.2 122.2 122.2 122.2 122.2 122.2 122.2 122.2 122.2 122.2 122.2 122.2 122.2 122.2 122.2 122.2 122.2 122.2 117.5 117.5 117.5 117.5 117.5 117.5 117.5 117.5 117.5 117.5 117.5 117.5 117.5 117.5 117.5 117.5 117.5 117.5 117.5 117.5 117.5 117.5 117.5 117.5 117.5 117.5 117.5 117.5 117.5 
124.9 124.9 124.9 124.9 124.9 124.9 124.9 124.9 124.9 124.9 124.9 122.2 122.2 122.2 122.2 122.2 122.2 122.2 122.2 122.2 122.2 122.2 122.2 122.2 122.2 122.2 122.2 122.2 122.2 122.2 122.2 122.2 122.2 122.2 122.2 122.2 122.2 122.2 122.2 122.2 122.2 122.2 122.2 122.2 122.2 122.2 122.2 122.2 122.2 122.2 122.2 122.2 122.2 122.2 122.2 122.2 122.2 122.2 122.2 122.2 122.2 122.2 122.2 122.2 122.2 122.2 122.2 122.2 122.2 122.2 122.2 117.5 117.5 117.5 117.5 117.5 117.5 117.5 117.5 117.5 117.5 117.5 117.5 117.5 117.5 117.5 117.5 117.5 117.5 117.5 117.5 117.5 117.5 117.5 117.5 117.5 117.5 117.5 117.5 117.5 
124.9 124.9 124.9 124.9 124.9 124.9 124.9 124.9 124.9 124.9 124.9 122.2 122.2 122.2 122.2 122.2 122.2 122.2 122.2 122.2 122.2 122.2 122.2 122.2 122.2 122.2 122.2 122.2 122.2 122.2 122.2 122.2 122.2 122.2 122.2 122.2 122.2 122.2 122.2 122.2 122.2 122.2 122.2 122.2 122.2 122.2 122.2 122.2 122.2 122.2 122.2 122.2 122.2 122.2 122.2 122.2 122.2 122.2 122.2 122.2 122.2 122.2 122.2 122.2 122.2 122.2 122.2 122.2 122.2 122.2 122.2 117.5 117.5 117.5 117.5 117.5 117.5 117.5 117.5 117.5 117.5 117.5 117.5 117.5 117.5 117.5 117.5 117.5 117.5 117.5 117.5 117.5 117.5 117.5 117.5 117.5 117.5 117.5 117.5 117.5 
124.9 124.9 124.9 124.9 124.9 124.9 124.9 124.9 124.9 124.9 124.9 122.2 122.2 122.2 122.2 122.2 122.2 122.2 122.2 122.2 122.2 122.2 122.2 122.2 122.2 122.2 122.2 122.2 122.2 122.2 122.2 122.2 122.2 122.2 122.2 122.2 122.2 122.2 122.2 122.2 122.2 122.2 122.2 122.2 122.2 122.2 122.2 122.2 122.2 122.2 122.2 122.2 122.2 122.2 122.2 122.2 122.2 122.2 122.2 122.2 122.2 122.2 122.2 122.2 122.2 122.2 122.2 122.2 122.2 122.2 122.2 117.5 117.5 117.5 117.5 117.5 117.5 117.5 117.5 117.5 117.5 117.5 117.5 117.5 117.5 117.5 117.5 117.5 117.5 117.5 117.5 117.5 117.5 117.5 117.5 117.5 117.5 117.5 117.5 117.5 
124.9 124.9 124.9 124.9 124.9 124.9 124.9 124.9 124.9 124.9 124.9 122.2 122.2 122.2 122.2 122.2 122.2 122.2 122.2 122.2 122.2 122.2 122.2 122.2 122.2 122.2 122.2 122.2 122.2 122.2 122.2 122.2 122.2 122.2 122.2 122.2 122.2 122.2 122.2 122.2 122.2 122.2 122.2 122.2 122.2 122.2 122.2 122.2 122.2 122.2 122.2 122.2 122.2 122.2 122.2 122.2 122.2 122.2 122.2 122.2 122.2 122.2 122.2 122.2 122.2 122.2 122.2 122.2 122.2 122.2 122.2 117.5 117.5 117.5 117.5 117.5 117.5 117.5 117.5 117.5 117.5 117.5 117.5 117.5 117.5 117.5 117.5 117.5 117.5 117.5 117.5 117.5 117.5 117.5 117.5 117.5 117.5 117.5 117.5 117.5 
124.9 124.9 124.9 124.9 124.9 124.9 124.9 124.9 124.9 124.9 124.9 122.2 122.2 122.2 122.2 122.2 122.2 122.2 122.2 122.2 122.2 122.2 122.2 122.2 122.2 122.2 122.2 122.2 122.2 122.2 122.2 122.2 122.2 122.2 122.2 122.2 122.2 122.2 122.2 122.2 122.2 122.2 122.2 122.2 122.2 122.2 122.2 122.2 122.2 122.2 122.2 122.2 122.2 122.2 122.2 122.2 122.2 122.2 122.2 122.2 122.2 122.2 122.2 122.2 122.2 122.2 122.2 122.2 122.2 122.2 122.2 117.5 117.5 117.5 117.5 117.5 117.5 117.5 117.5 117.5 117.5 117.5 117.5 117.5 117.5 117.5 117.5 117.5 117.5 117.5 117.5 117.5 117.5 117.5 117.5 117.5 117.5 117.5 117.5 117.5 
132.3 132.3 132.3 132.3 132.3 132.3 132.3 132.3 132.3 132.3 132.3 131 131 131 131 131 131 131 131 131 131 131 131 131 131 131 131 131 131 131 131 131 131 131 131 131 131 131 131 131 131 131 131 131 131 131 131 131 131 131 131 131 131 131 131 131 131 131 131 131 131 131 131 131 131 131 131 131 131 131 131 125.9 125.9 125.9 125.9 125.9 125.9 125.9 125.9 125.9 125.9 125.9 125.9 125.9 125.9 125.9 125.9 125.9 125.9 125.9 125.9 125.9 125.9 125.9 125.9 125.9 125.9 125.9 125.9 125.9 
132.3 132.3 132.3 132.3 132.3 132.3 132.3 132.3 132.3 132.3 132.3 131 131 131 131 131 131 131 131 131 131 131 131 131 131 131 131 131 131 131 131 131 131 131 131 131 131 131 131 131 131 131 131 131 131 131 131 131 131 131 131 131 131 131 131 131 131 131 131 131 131 131 131 131 131 131 131 131 131 131 131 125.9 125.9 125.9 125.9 125.9 125.9 125.9 125.9 125.9 125.9 125.9 125.9 125.9 125.9 125.9 125.9 125.9 125.9 125.9 125.9 125.9 125.9 125.9 125.9 125.9 125.9 125.9 125.9 125.9 
132.3 132.3 132.3 132.3 132.3 132.3 132.3 132.3 132.3 132.3 132.3 131 131 131 131 131 131 131 131 131 131 131 131 131 131 131 131 131 131 131 131 131 131 131 131 131 131 131 131 131 131 131 131 131 131 131 131 131 131 131 131 131 131 131 131 131 131 131 131 131 131 131 131 131 131 131 131 131 131 131 131 125.9 125.9 125.9 125.9 125.9 125.9 125.9 125.9 125.9 125.9 125.9 125.9 125.9 125.9 125.9 125.9 125.9 125.9 125.9 125.9 125.9 125.9 125.9 125.9 125.9 125.9 125.9 125.9 125.9 
132.3 132.3 132.3 132.3 132.3 132.3 132.3 132.3 132.3 132.3 132.3 131 131 131 131 131 131 131 131 131 131 131 131 131 131 131 131 131 131 131 131 131 131 131 131 131 131 131 131 131 131 131 131 131 131 131 131 131 131 131 131 131 131 131 131 131 131 131 131 131 131 131 131 131 131 131 131 131 131 131 131 125.9 125.9 125.9 125.9 125.9 125.9 125.9 125.9 125.9 125.9 125.9 125.9 125.9 125.9 125.9 125.9 125.9 125.9 125.9 125.9 125.9 125.9 125.9 125.9 125.9 125.9 125.9 125.9 125.9 
132.3 132.3 132.3 132.3 132.3 132.3 132.3 132.3 132.3 132.3 132.3 131 131 131 131 131 131 131 131 131 131 131 131 131 131 131 131 131 131 131 131 131 131 131 131 131 131 131 131 131 131 131 131 131 131 131 131 131 131 131 131 131 131 131 131 131 131 131 131 131 131 131 131 131 131 131 131 131 131 131 131 125.9 125.9 125.9 125.9 125.9 125.9 125.9 125.9 125.9 125.9 125.9 125.9 125.9 125.9 125.9 125.9 125.9 125.9 125.9 125.9 125.9 125.9 125.9 125.9 125.9 125.9 125.9 125.9 125.9 
132.3 132.3 132.3 132.3 132.3 132.3 132.3 132.3 132.3 132.3 132.3 131 131 131 131 131 131 131 131 131 131 131 131 131 131 131 131 131 131 131 131 131 131 131 131 131 131 131 131 131 131 131 131 131 131 131 131 131 131 131 131 131 131 131 131 131 131 131 131 131 131 131 131 131 131 131 131 131 131 131 131 125.9 125.9 125.9 125.9 125.9 125.9 125.9 125.9 125.9 125.9 125.9 125.9 125.9 125.9 125.9 125.9 125.9 125.9 125.9 125.9 125.9 125.9 125.9 125.9 125.9 125.9 125.9 125.9 125.9 
132.3 132.3 132.3 132.3 132.3 132.3 132.3 132.3 132.3 132.3 132.3 131 131 131 131 131 131 131 131 131 131 131 131 131 131 131 131 131 131 131 131 131 131 131 131 131 131 131 131 131 131 131 131 131 131 131 131 131 131 131 131 131 131 131 131 131 131 131 131 131 131 131 131 131 131 131 131 131 131 131 131 125.9 125.9 125.9 125.9 125.9 125.9 125.9 125.9 125.9 125.9 125.9 125.9 125.9 125.9 125.9 125.9 125.9 125.9 125.9 125.9 125.9 125.9 125.9 125.9 125.9 125.9 125.9 125.9 125.9 
132.3 132.3 132.3 132.3 132.3 132.3 132.3 132.3 132.3 132.3 132.3 131 131 131 131 131 131 131 131 131 131 131 131 131 131 131 131 131 131 131 131 131 131 131 131 131 131 131 131 131 131 131 131 131 131 131 131 131 131 131 131 131 131 131 131 131 131 131 131 131 131 131 131 131 131 131 131 131 131 131 131 125.9 125.9 125.9 125.9 125.9 125.9 125.9 125.9 125.9 125.9 125.9 125.9 125.9 125.9 125.9 125.9 125.9 125.9 125.9 125.9 125.9 125.9 125.9 125.9 125.9 125.9 125.9 125.9 125.9 
132.3 132.3 132.3 132.3 132.3 132.3 132.3 132.3 132.3 132.3 132.3 131 131 131 131 131 131 131 131 131 131 131 131 131 131 131 131 131 131 131 131 131 131 131 131 131 131 131 131 131 131 131 131 131 131 131 131 131 131 131 131 131 131 131 131 131 131 131 131 131 131 131 131 131 131 131 131 131 131 131 131 125.9 125.9 125.9 125.9 125.9 125.9 125.9 125.9 125.9 125.9 125.9 125.9 125.9 125.9 125.9 125.9 125.9 125.9 125.9 125.9 125.9 125.9 125.9 125.9 125.9 125.9 125.9 125.9 125.9 
132.3 132.3 132.3 132.3 132.3 132.3 132.3 132.3 132.3 132.3 132.3 131 131 131 131 131 131 131 131 131 131 131 131 131 131 131 131 131 131 131 131 131 131 131 131 131 131 131 131 131 131 131 131 131 131 131 131 131 131 131 131 131 131 131 131 131 131 131 131 131 131 131 131 131 131 131 131 131 131 131 131 125.9 125.9 125.9 125.9 125.9 125.9 125.9 125.9 125.9 125.9 125.9 125.9 125.9 125.9 125.9 125.9 125.9 125.9 125.9 125.9 125.9 125.9 125.9 125.9 125.9 125.9 125.9 125.9 125.9 
132.3 132.3 132.3 132.3 132.3 132.3 132.3 132.3 132.3 132.3 132.3 131 131 131 131 131 131 131 131 131 131 131 131 131 131 131 131 131 131 131 131 131 131 131 131 131 131 131 131 131 131 131 131 131 131 131 131 131 131 131 131 131 131 131 131 131 131 131 131 131 131 131 131 131 131 131 131 131 131 131 131 125.9 125.9 125.9 125.9 125.9 125.9 125.9 125.9 125.9 125.9 125.9 125.9 125.9 125.9 125.9 125.9 125.9 125.9 125.9 125.9 125.9 125.9 125.9 125.9 125.9 125.9 125.9 125.9 125.9 
132.3 132.3 132.3 132.3 132.3 132.3 132.3 132.3 132.3 132.3 132.3 131 131 131 131 131 131 131 131 131 131 131 131 131 131 131 131 131 131 131 131 131 131 131 131 131 131 131 131 131 131 131 131 131 131 131 131 131 131 131 131 131 131 131 131 131 131 131 131 131 131 131 131 131 131 131 131 131 131 131 131 125.9 125.9 125.9 125.9 125.9 125.9 125.9 125.9 125.9 125.9 125.9 125.9 125.9 125.9 125.9 125.9 125.9 125.9 125.9 125.9 125.9 125.9 125.9 125.9 125.9 125.9 125.9 125.9 125.9 
132.3 132.3 132.3 132.3 132.3 132.3 132.3 132.3 132.3 132.3 132.3 131 131 131 131 131 131 131 131 131 131 131 131 131 131 131 131 131 131 131 131 131 131 131 131 131 131 131 131 131 131 131 131 131 131 131 131 131 131 131 131 131 131 131 131 131 131 131 131 131 131 131 131 131 131 131 131 131 131 131 131 125.9 125.9 125.9 125.9 125.9 125.9 125.9 125.9 125.9 125.9 125.9 125.9 125.9 125.9 125.9 125.9 125.9 125.9 125.9 125.9 125.9 125.9 125.9 125.9 125.9 125.9 125.9 125.9 125.9 
132.3 132.3 132.3 132.3 132.3 132.3 132.3 132.3 132.3 132.3 132.3 131 131 131 131 131 131 131 131 131 131 131 131 131 131 131 131 131 131 131 131 131 131 131 131 131 131 131 131 131 131 131 131 131 131 131 131 131 131 131 131 131 131 131 131 131 131 131 131 131 131 131 131 131 131 131 131 131 131 131 131 125.9 125.9 125.9 125.9 125.9 125.9 125.9 125.9 125.9 125.9 125.9 125.9 125.9 125.9 125.9 125.9 125.9 125.9 125.9 125.9 125.9 125.9 125.9 125.9 125.9 125.9 125.9 125.9 125.9 
132.3 132.3 132.3 132.3 132.3 132.3 132.3 132.3 132.3 132.3 132.3 131 131 131 131 131 131 131 131 131 131 131 131 131 131 131 131 131 131 131 131 131 131 131 131 131 131 131 131 131 131 131 131 131 131 131 131 131 131 131 131 131 131 131 131 131 131 131 131 131 131 131 131 131 131 131 131 131 131 131 131 125.9 125.9 125.9 125.9 125.9 125.9 125.9 125.9 125.9 125.9 125.9 125.9 125.9 125.9 125.9 125.9 125.9 125.9 125.9 125.9 125.9 125.9 125.9 125.9 125.9 125.9 125.9 125.9 125.9 
132.3 132.3 132.3 132.3 132.3 132.3 132.3 132.3 132.3 132.3 132.3 131 131 131 131 131 131 131 131 131 131 131 131 131 131 131 131 131 131 131 131 131 131 131 131 131 131 131 131 131 131 131 131 131 131 131 131 131 131 131 131 131 131 131 131 131 131 131 131 131 131 131 131 131 131 131 131 131 131 131 131 125.9 125.9 125.9 125.9 125.9 125.9 125.9 125.9 125.9 125.9 125.9 125.9 125.9 125.9 125.9 125.9 125.9 125.9 125.9 125.9 125.9 125.9 125.9 125.9 125.9 125.9 125.9 125.9 125.9 
132.3 132.3 132.3 132.3 132.3 132.3 132.3 132.3 132.3 132.3 132.3 131 131 131 131 131 131 131 131 131 131 131 131 131 131 131 131 131 131 131 131 131 131 131 131 131 131 131 131 131 131 131 131 131 131 131 131 131 131 131 131 131 131 131 131 131 131 131 131 131 131 131 131 131 131 131 131 131 131 131 131 125.9 125.9 125.9 125.9 125.9 125.9 125.9 125.9 125.9 125.9 125.9 125.9 125.9 125.9 125.9 125.9 125.9 125.9 125.9 125.9 125.9 125.9 125.9 125.9 125.9 125.9 125.9 125.9 125.9 
132.3 132.3 132.3 132.3 132.3 132.3 132.3 132.3 132.3 132.3 132.3 131 131 131 131 131 131 131 131 131 131 131 131 131 131 131 131 131 131 131 131 131 131 131 131 131 131 131 131 131 131 131 131 131 131 131 131 131 131 131 131 131 131 131 131 131 131 131 131 131 131 131 131 131 131 131 131 131 131 131 131 125.9 125.9 125.9 125.9 125.9 125.9 125.9 125.9 125.9 125.9 125.9 125.9 125.9 125.9 125.9 125.9 125.9 125.9 125.9 125.9 125.9 125.9 125.9 125.9 125.9 125.9 125.9 125.9 125.9 
132.3 132.3 132.3 132.3 132.3 132.3 132.3 132.3 132.3 132.3 132.3 131 131 131 131 131 131 131 131 131 131 131 131 131 131 131 131 131 131 131 131 131 131 131 131 131 131 131 131 131 131 131 131 131 131 131 131 131 131 131 131 131 131 131 131 131 131 131 131 131 131 131 131 131 131 131 131 131 131 131 131 125.9 125.9 125.9 125.9 125.9 125.9 125.9 125.9 125.9 125.9 125.9 125.9 125.9 125.9 125.9 125.9 125.9 125.9 125.9 125.9 125.9 125.9 125.9 125.9 125.9 125.9 125.9 125.9 125.9 
132.3 132.3 132.3 132.3 132.3 132.3 132.3 132.3 132.3 132.3 132.3 131 131 131 131 131 131 131 131 131 131 131 131 131 131 131 131 131 131 131 131 131 131 131 131 131 131 131 131 131 131 131 131 131 131 131 131 131 131 131 131 131 131 131 131 131 131 131 131 131 131 131 131 131 131 131 131 131 131 131 131 125.9 125.9 125.9 125.9 125.9 125.9 125.9 125.9 125.9 125.9 125.9 125.9 125.9 125.9 125.9 125.9 125.9 125.9 125.9 125.9 125.9 125.9 125.9 125.9 125.9 125.9 125.9 125.9 125.9 
132.3 132.3 132.3 132.3 132.3 132.3 132.3 132.3 132.3 132.3 132.3 131 131 131 131 131 131 131 131 131 131 131 131 131 131 131 131 131 131 131 131 131 131 131 131 131 131 131 131 131 131 131 131 131 131 131 131 131 131 131 131 131 131 131 131 131 131 131 131 131 131 131 131 131 131 131 131 131 131 131 131 125.9 125.9 125.9 125.9 125.9 125.9 125.9 125.9 125.9 125.9 125.9 125.9 125.9 125.9 125.9 125.9 125.9 125.9 125.9 125.9 125.9 125.9 125.9 125.9 125.9 125.9 125.9 125.9 125.9 
132.3 132.3 132.3 132.3 132.3 132.3 132.3 132.3 132.3 132.3 132.3 131 131 131 131 131 131 131 131 131 131 131 131 131 131 131 131 131 131 131 131 131 131 131 131 131 131 131 131 131 131 131 131 131 131 131 131 131 131 131 131 131 131 131 131 131 131 131 131 131 131 131 131 131 131 131 131 131 131 131 131 125.9 125.9 125.9 125.9 125.9 125.9 125.9 125.9 125.9 125.9 125.9 125.9 125.9 125.9 125.9 125.9 125.9 125.9 125.9 125.9 125.9 125.9 125.9 125.9 125.9 125.9 125.9 125.9 125.9 
132.3 132.3 132.3 132.3 132.3 132.3 132.3 132.3 132.3 132.3 132.3 131 131 131 131 131 131 131 131 131 131 131 131 131 131 131 131 131 131 131 131 131 131 131 131 131 131 131 131 131 131 131 131 131 131 131 131 131 131 131 131 131 131 131 131 131 131 131 131 131 131 131 131 131 131 131 131 131 131 131 131 125.9 125.9 125.9 125.9 125.9 125.9 125.9 125.9 125.9 125.9 125.9 125.9 125.9 125.9 125.9 125.9 125.9 125.9 125.9 125.9 125.9 125.9 125.9 125.9 125.9 125.9 125.9 125.9 125.9 
132.3 132.3 132.3 132.3 132.3 132.3 132.3 132.3 132.3 132.3 132.3 131 131 131 131 131 131 131 131 131 131 131 131 131 131 131 131 131 131 131 131 131 131 131 131 131 131 131 131 131 131 131 131 131 131 131 131 131 131 131 131 131 131 131 131 131 131 131 131 131 131 131 131 131 131 131 131 131 131 131 131 125.9 125.9 125.9 125.9 125.9 125.9 125.9 125.9 125.9 125.9 125.9 125.9 125.9 125.9 125.9 125.9 125.9 125.9 125.9 125.9 125.9 125.9 125.9 125.9 125.9 125.9 125.9 125.9 125.9 
132.3 132.3 132.3 132.3 132.3 132.3 132.3 132.3 132.3 132.3 132.3 131 131 131 131 131 131 131 131 131 131 131 131 131 131 131 131 131 131 131 131 131 131 131 131 131 131 131 131 131 131 131 131 131 131 131 131 131 131 131 131 131 131 131 131 131 131 131 131 131 131 131 131 131 131 131 131 131 131 131 131 125.9 125.9 125.9 125.9 125.9 125.9 125.9 125.9 125.9 125.9 125.9 125.9 125.9 125.9 125.9 125.9 125.9 125.9 125.9 125.9 125.9 125.9 125.9 125.9 125.9 125.9 125.9 125.9 125.9 
132.3 132.3 132.3 132.3 132.3 132.3 132.3 132.3 132.3 132.3 132.3 131 131 131 131 131 131 131 131 131 131 131 131 131 131 131 131 131 131 131 131 131 131 131 131 131 131 131 131 131 131 131 131 131 131 131 131 131 131 131 131 131 131 131 131 131 131 131 131 131 131 131 131 131 131 131 131 131 131 131 131 125.9 125.9 125.9 125.9 125.9 125.9 125.9 125.9 125.9 125.9 125.9 125.9 125.9 125.9 125.9 125.9 125.9 125.9 125.9 125.9 125.9 125.9 125.9 125.9 125.9 125.9 125.9 125.9 125.9 
132.3 132.3 132.3 132.3 132.3 132.3 132.3 132.3 132.3 132.3 132.3 131 131 131 131 131 131 131 131 131 131 131 131 131 131 131 131 131 131 131 131 131 131 131 131 131 131 131 131 131 131 131 131 131 131 131 131 131 131 131 131 131 131 131 131 131 131 131 131 131 131 131 131 131 131 131 131 131 131 131 131 125.9 125.9 125.9 125.9 125.9 125.9 125.9 125.9 125.9 125.9 125.9 125.9 125.9 125.9 125.9 125.9 125.9 125.9 125.9 125.9 125.9 125.9 125.9 125.9 125.9 125.9 125.9 125.9 125.9 
132.3 132.3 132.3 132.3 132.3 132.3 132.3 132.3 132.3 132.3 132.3 131 131 131 131 131 131 131 131 131 131 131 131 131 131 131 131 131 131 131 131 131 131 131 131 131 131 131 131 131 131 131 131 131 131 131 131 131 131 131 131 131 131 131 131 131 131 131 131 131 131 131 131 131 131 131 131 131 131 131 131 125.9 125.9 125.9 125.9 125.9 125.9 125.9 125.9 125.9 125.9 125.9 125.9 125.9 125.9 125.9 125.9 125.9 125.9 125.9 125.9 125.9 125.9 125.9 125.9 125.9 125.9 125.9 125.9 125.9 
132.3 132.3 132.3 132.3 132.3 132.3 132.3 132.3 132.3 132.3 132.3 131 131 131 131 131 131 131 131 131 131 131 131 131 131 131 131 131 131 131 131 131 131 131 131 131 131 131 131 131 131 131 131 131 131 131 131 131 131 131 131 131 131 131 131 131 131 131 131 131 131 131 131 131 131 131 131 131 131 131 131 125.9 125.9 125.9 125.9 125.9 125.9 125.9 125.9 125.9 125.9 125.9 125.9 125.9 125.9 125.9 125.9 125.9 125.9 125.9 125.9 125.9 125.9 125.9 125.9 125.9 125.9 125.9 125.9 125.9 
132.3 132.3 132.3 132.3 132.3 132.3 132.3 132.3 132.3 132.3 132.3 131 131 131 131 131 131 131 131 131 131 131 131 131 131 131 131 131 131 131 131 131 131 131 131 131 131 131 131 131 131 131 131 131 131 131 131 131 131 131 131 131 131 131 131 131 131 131 131 131 131 131 131 131 131 131 131 131 131 131 131 125.9 125.9 125.9 125.9 125.9 125.9 125.9 125.9 125.9 125.9 125.9 125.9 125.9 125.9 125.9 125.9 125.9 125.9 125.9 125.9 125.9 125.9 125.9 125.9 125.9 125.9 125.9 125.9 125.9 
132.3 132.3 132.3 132.3 132.3 132.3 132.3 132.3 132.3 132.3 132.3 131 131 131 131 131 131 131 131 131 131 131 131 131 131 131 131 131 131 131 131 131 131 131 131 131 131 131 131 131 131 131 131 131 131 131 131 131 131 131 131 131 131 131 131 131 131 131 131 131 131 131 131 131 131 131 131 131 131 131 131 125.9 125.9 125.9 125.9 125.9 125.9 125.9 125.9 125.9 125.9 125.9 125.9 125.9 125.9 125.9 125.9 125.9 125.9 125.9 125.9 125.9 125.9 125.9 125.9 125.9 125.9 125.9 125.9 125.9 
132.3 132.3 132.3 132.3 132.3 132.3 132.3 132.3 132.3 132.3 132.3 131 131 131 131 131 131 131 131 131 131 131 131 131 131 131 131 131 131 131 131 131 131 131 131 131 131 131 131 131 131 131 131 131 131 131 131 131 131 131 131 131 131 131 131 131 131 131 131 131 131 131 131 131 131 131 131 131 131 131 131 125.9 125.9 125.9 125.9 125.9 125.9 125.9 125.9 125.9 125.9 125.9 125.9 125.9 125.9 125.9 125.9 125.9 125.9 125.9 125.9 125.9 125.9 125.9 125.9 125.9 125.9 125.9 125.9 125.9 
132.3 132.3 132.3 132.3 132.3 132.3 132.3 132.3 132.3 132.3 132.3 131 131 131 131 131 131 131 131 131 131 131 131 131 131 131 131 131 131 131 131 131 131 131 131 131 131 131 131 131 131 131 131 131 131 131 131 131 131 131 131 131 131 131 131 131 131 131 131 131 131 131 131 131 131 131 131 131 131 131 131 125.9 125.9 125.9 125.9 125.9 125.9 125.9 125.9 125.9 125.9 125.9 125.9 125.9 125.9 125.9 125.9 125.9 125.9 125.9 125.9 125.9 125.9 125.9 125.9 125.9 125.9 125.9 125.9 125.9 
132.3 132.3 132.3 132.3 132.3 132.3 132.3 132.3 132.3 132.3 132.3 131 131 131 131 131 131 131 131 131 131 131 131 131 131 131 131 131 131 131 131 131 131 131 131 131 131 131 131 131 131 131 131 131 131 131 131 131 131 131 131 131 131 131 131 131 131 131 131 131 131 131 131 131 131 131 131 131 131 131 131 125.9 125.9 125.9 125.9 125.9 125.9 125.9 125.9 125.9 125.9 125.9 125.9 125.9 125.9 125.9 125.9 125.9 125.9 125.9 125.9 125.9 125.9 125.9 125.9 125.9 125.9 125.9 125.9 125.9 
132.3 132.3 132.3 132.3 132.3 132.3 132.3 132.3 132.3 132.3 132.3 131 131 131 131 131 131 131 131 131 131 131 131 131 131 131 131 131 131 131 131 131 131 131 131 131 131 131 131 131 131 131 131 131 131 131 131 131 131 131 131 131 131 131 131 131 131 131 131 131 131 131 131 131 131 131 131 131 131 131 131 125.9 125.9 125.9 125.9 125.9 125.9 125.9 125.9 125.9 125.9 125.9 125.9 125.9 125.9 125.9 125.9 125.9 125.9 125.9 125.9 125.9 125.9 125.9 125.9 125.9 125.9 125.9 125.9 125.9 
132.3 132.3 132.3 132.3 132.3 132.3 132.3 132.3 132.3 132.3 132.3 131 131 131 131 131 131 131 131 131 131 131 131 131 131 131 131 131 131 131 131 131 131 131 131 131 131 131 131 131 131 131 131 131 131 131 131 131 131 131 131 131 131 131 131 131 131 131 131 131 131 131 131 131 131 131 131 131 131 131 131 125.9 125.9 125.9 125.9 125.9 125.9 125.9 125.9 125.9 125.9 125.9 125.9 125.9 125.9 125.9 125.9 125.9 125.9 125.9 125.9 125.9 125.9 125.9 125.9 125.9 125.9 125.9 125.9 125.9 
132.3 132.3 132.3 132.3 132.3 132.3 132.3 132.3 132.3 132.3 132.3 131 131 131 131 131 131 131 131 131 131 131 131 131 131 131 131 131 131 131 131 131 131 131 131 131 131 131 131 131 131 131 131 131 131 131 131 131 131 131 131 131 131 131 131 131 131 131 131 131 131 131 131 131 131 131 131 131 131 131 131 125.9 125.9 125.9 125.9 125.9 125.9 125.9 125.9 125.9 125.9 125.9 125.9 125.9 125.9 125.9 125.9 125.9 125.9 125.9 125.9 125.9 125.9 125.9 125.9 125.9 125.9 125.9 125.9 125.9 
132.3 132.3 132.3 132.3 132.3 132.3 132.3 132.3 132.3 132.3 132.3 131 131 131 131 131 131 131 131 131 131 131 131 131 131 131 131 131 131 131 131 131 131 131 131 131 131 131 131 131 131 131 131 131 131 131 131 131 131 131 131 131 131 131 131 131 131 131 131 131 131 131 131 131 131 131 131 131 131 131 131 125.9 125.9 125.9 125.9 125.9 125.9 125.9 125.9 125.9 125.9 125.9 125.9 125.9 125.9 125.9 125.9 125.9 125.9 125.9 125.9 125.9 125.9 125.9 125.9 125.9 125.9 125.9 125.9 125.9 
132.3 132.3 132.3 132.3 132.3 132.3 132.3 132.3 132.3 132.3 132.3 131 131 131 131 131 131 131 131 131 131 131 131 131 131 131 131 131 131 131 131 131 131 131 131 131 131 131 131 131 131 131 131 131 131 131 131 131 131 131 131 131 131 131 131 131 131 131 131 131 131 131 131 131 131 131 131 131 131 131 131 125.9 125.9 125.9 125.9 125.9 125.9 125.9 125.9 125.9 125.9 125.9 125.9 125.9 125.9 125.9 125.9 125.9 125.9 125.9 125.9 125.9 125.9 125.9 125.9 125.9 125.9 125.9 125.9 125.9 
132.3 132.3 132.3 132.3 132.3 132.3 132.3 132.3 132.3 132.3 132.3 131 131 131 131 131 131 131 131 131 131 131 131 131 131 131 131 131 131 131 131 131 131 131 131 131 131 131 131 131 131 131 131 131 131 131 131 131 131 131 131 131 131 131 131 131 131 131 131 131 131 131 131 131 131 131 131 131 131 131 131 125.9 125.9 125.9 125.9 125.9 125.9 125.9 125.9 125.9 125.9 125.9 125.9 125.9 125.9 125.9 125.9 125.9 125.9 125.9 125.9 125.9 125.9 125.9 125.9 125.9 125.9 125.9 125.9 125.9 
132.3 132.3 132.3 132.3 132.3 132.3 132.3 132.3 132.3 132.3 132.3 131 131 131 131 131 131 131 131 131 131 131 131 131 131 131 131 131 131 131 131 131 131 131 131 131 131 131 131 131 131 131 131 131 131 131 131 131 131 131 131 131 131 131 131 131 131 131 131 131 131 131 131 131 131 131 131 131 131 131 131 125.9 125.9 125.9 125.9 125.9 125.9 125.9 125.9 125.9 125.9 125.9 125.9 125.9 125.9 125.9 125.9 125.9 125.9 125.9 125.9 125.9 125.9 125.9 125.9 125.9 125.9 125.9 125.9 125.9 
132.3 132.3 132.3 132.3 132.3 132.3 132.3 132.3 132.3 132.3 132.3 131 131 131 131 131 131 131 131 131 131 131 131 131 131 131 131 131 131 131 131 131 131 131 131 131 131 131 131 131 131 131 131 131 131 131 131 131 131 131 131 131 131 131 131 131 131 131 131 131 131 131 131 131 131 131 131 131 131 131 131 125.9 125.9 125.9 125.9 125.9 125.9 125.9 125.9 125.9 125.9 125.9 125.9 125.9 125.9 125.9 125.9 125.9 125.9 125.9 125.9 125.9 125.9 125.9 125.9 125.9 125.9 125.9 125.9 125.9 
132.3 132.3 132.3 132.3 132.3 132.3 132.3 132.3 132.3 132.3 132.3 131 131 131 131 131 131 131 131 131 131 131 131 131 131 131 131 131 131 131 131 131 131 131 131 131 131 131 131 131 131 131 131 131 131 131 131 131 131 131 131 131 131 131 131 131 131 131 131 131 131 131 131 131 131 131 131 131 131 131 131 125.9 125.9 125.9 125.9 125.9 125.9 125.9 125.9 125.9 125.9 125.9 125.9 125.9 125.9 125.9 125.9 125.9 125.9 125.9 125.9 125.9 125.9 125.9 125.9 125.9 125.9 125.9 125.9 125.9 
132.3 132.3 132.3 132.3 132.3 132.3 132.3 132.3 132.3 132.3 132.3 131 131 131 131 131 131 131 131 131 131 131 131 131 131 131 131 131 131 131 131 131 131 131 131 131 131 131 131 131 131 131 131 131 131 131 131 131 131 131 131 131 131 131 131 131 131 131 131 131 131 131 131 131 131 131 131 131 131 131 131 125.9 125.9 125.9 125.9 125.9 125.9 125.9 125.9 125.9 125.9 125.9 125.9 125.9 125.9 125.9 125.9 125.9 125.9 125.9 125.9 125.9 125.9 125.9 125.9 125.9 125.9 125.9 125.9 125.9 
132.3 132.3 132.3 132.3 132.3 132.3 132.3 132.3 132.3 132.3 132.3 131 131 131 131 131 131 131 131 131 131 131 131 131 131 131 131 131 131 131 131 131 131 131 131 131 131 131 131 131 131 131 131 131 131 131 131 131 131 131 131 131 131 131 131 131 131 131 131 131 131 131 131 131 131 131 131 131 131 131 131 125.9 125.9 125.9 125.9 125.9 125.9 125.9 125.9 125.9 125.9 125.9 125.9 125.9 125.9 125.9 125.9 125.9 125.9 125.9 125.9 125.9 125.9 125.9 125.9 125.9 125.9 125.9 125.9 125.9 
132.3 132.3 132.3 132.3 132.3 132.3 132.3 132.3 132.3 132.3 132.3 131 131 131 131 131 131 131 131 131 131 131 131 131 131 131 131 131 131 131 131 131 131 131 131 131 131 131 131 131 131 131 131 131 131 131 131 131 131 131 131 131 131 131 131 131 131 131 131 131 131 131 131 131 131 131 131 131 131 131 131 125.9 125.9 125.9 125.9 125.9 125.9 125.9 125.9 125.9 125.9 125.9 125.9 125.9 125.9 125.9 125.9 125.9 125.9 125.9 125.9 125.9 125.9 125.9 125.9 125.9 125.9 125.9 125.9 125.9 
132.3 132.3 132.3 132.3 132.3 132.3 132.3 132.3 132.3 132.3 132.3 131 131 131 131 131 131 131 131 131 131 131 131 131 131 131 131 131 131 131 131 131 131 131 131 131 131 131 131 131 131 131 131 131 131 131 131 131 131 131 131 131 131 131 131 131 131 131 131 131 131 131 131 131 131 131 131 131 131 131 131 125.9 125.9 125.9 125.9 125.9 125.9 125.9 125.9 125.9 125.9 125.9 125.9 125.9 125.9 125.9 125.9 125.9 125.9 125.9 125.9 125.9 125.9 125.9 125.9 125.9 125.9 125.9 125.9 125.9 
132.3 132.3 132.3 132.3 132.3 132.3 132.3 132.3 132.3 132.3 132.3 131 131 131 131 131 131 131 131 131 131 131 131 131 131 131 131 131 131 131 131 131 131 131 131 131 131 131 131 131 131 131 131 131 131 131 131 131 131 131 131 131 131 131 131 131 131 131 131 131 131 131 131 131 131 131 131 131 131 131 131 125.9 125.9 125.9 125.9 125.9 125.9 125.9 125.9 125.9 125.9 125.9 125.9 125.9 125.9 125.9 125.9 125.9 125.9 125.9 125.9 125.9 125.9 125.9 125.9 125.9 125.9 125.9 125.9 125.9 
132.3 132.3 132.3 132.3 132.3 132.3 132.3 132.3 132.3 132.3 132.3 131 131 131 131 131 131 131 131 131 131 131 131 131 131 131 131 131 131 131 131 131 131 131 131 131 131 131 131 131 131 131 131 131 131 131 131 131 131 131 131 131 131 131 131 131 131 131 131 131 131 131 131 131 131 131 131 131 131 131 131 125.9 125.9 125.9 125.9 125.9 125.9 125.9 125.9 125.9 125.9 125.9 125.9 125.9 125.9 125.9 125.9 125.9 125.9 125.9 125.9 125.9 125.9 125.9 125.9 125.9 125.9 125.9 125.9 125.9 
132.3 132.3 132.3 132.3 132.3 132.3 132.3 132.3 132.3 132.3 132.3 131 131 131 131 131 131 131 131 131 131 131 131 131 131 131 131 131 131 131 131 131 131 131 131 131 131 131 131 131 131 131 131 131 131 131 131 131 131 131 131 131 131 131 131 131 131 131 131 131 131 131 131 131 131 131 131 131 131 131 131 125.9 125.9 125.9 125.9 125.9 125.9 125.9 125.9 125.9 125.9 125.9 125.9 125.9 125.9 125.9 125.9 125.9 125.9 125.9 125.9 125.9 125.9 125.9 125.9 125.9 125.9 125.9 125.9 125.9 
132.3 132.3 132.3 132.3 132.3 132.3 132.3 132.3 132.3 132.3 132.3 131 131 131 131 131 131 131 131 131 131 131 131 131 131 131 131 131 131 131 131 131 131 131 131 131 131 131 131 131 131 131 131 131 131 131 131 131 131 131 131 131 131 131 131 131 131 131 131 131 131 131 131 131 131 131 131 131 131 131 131 125.9 125.9 125.9 125.9 125.9 125.9 125.9 125.9 125.9 125.9 125.9 125.9 125.9 125.9 125.9 125.9 125.9 125.9 125.9 125.9 125.9 125.9 125.9 125.9 125.9 125.9 125.9 125.9 125.9 
132.3 132.3 132.3 132.3 132.3 132.3 132.3 132.3 132.3 132.3 132.3 131 131 131 131 131 131 131 131 131 131 131 131 131 131 131 131 131 131 131 131 131 131 131 131 131 131 131 131 131 131 131 131 131 131 131 131 131 131 131 131 131 131 131 131 131 131 131 131 131 131 131 131 131 131 131 131 131 131 131 131 125.9 125.9 125.9 125.9 125.9 125.9 125.9 125.9 125.9 125.9 125.9 125.9 125.9 125.9 125.9 125.9 125.9 125.9 125.9 125.9 125.9 125.9 125.9 125.9 125.9 125.9 125.9 125.9 125.9 
132.3 132.3 132.3 132.3 132.3 132.3 132.3 132.3 132.3 132.3 132.3 131 131 131 131 131 131 131 131 131 131 131 131 131 131 131 131 131 131 131 131 131 131 131 131 131 131 131 131 131 131 131 131 131 131 131 131 131 131 131 131 131 131 131 131 131 131 131 131 131 131 131 131 131 131 131 131 131 131 131 131 125.9 125.9 125.9 125.9 125.9 125.9 125.9 125.9 125.9 125.9 125.9 125.9 125.9 125.9 125.9 125.9 125.9 125.9 125.9 125.9 125.9 125.9 125.9 125.9 125.9 125.9 125.9 125.9 125.9 
132.3 132.3 132.3 132.3 132.3 132.3 132.3 132.3 132.3 132.3 132.3 131 131 131 131 131 131 131 131 131 131 131 131 131 131 131 131 131 131 131 131 131 131 131 131 131 131 131 131 131 131 131 131 131 131 131 131 131 131 131 131 131 131 131 131 131 131 131 131 131 131 131 131 131 131 131 131 131 131 131 131 125.9 125.9 125.9 125.9 125.9 125.9 125.9 125.9 125.9 125.9 125.9 125.9 125.9 125.9 125.9 125.9 125.9 125.9 125.9 125.9 125.9 125.9 125.9 125.9 125.9 125.9 125.9 125.9 125.9 
132.3 132.3 132.3 132.3 132.3 132.3 132.3 132.3 132.3 132.3 132.3 131 131 131 131 131 131 131 131 131 131 131 131 131 131 131 131 131 131 131 131 131 131 131 131 131 131 131 131 131 131 131 131 131 131 131 131 131 131 131 131 131 131 131 131 131 131 131 131 131 131 131 131 131 131 131 131 131 131 131 131 125.9 125.9 125.9 125.9 125.9 125.9 125.9 125.9 125.9 125.9 125.9 125.9 125.9 125.9 125.9 125.9 125.9 125.9 125.9 125.9 125.9 125.9 125.9 125.9 125.9 125.9 125.9 125.9 125.9 
132.3 132.3 132.3 132.3 132.3 132.3 132.3 132.3 132.3 132.3 132.3 131 131 131 131 131 131 131 131 131 131 131 131 131 131 131 131 131 131 131 131 131 131 131 131 131 131 131 131 131 131 131 131 131 131 131 131 131 131 131 131 131 131 131 131 131 131 131 131 131 131 131 131 131 131 131 131 131 131 131 131 125.9 125.9 125.9 125.9 125.9 125.9 125.9 125.9 125.9 125.9 125.9 125.9 125.9 125.9 125.9 125.9 125.9 125.9 125.9 125.9 125.9 125.9 125.9 125.9 125.9 125.9 125.9 125.9 125.9 
132.3 132.3 132.3 132.3 132.3 132.3 132.3 132.3 132.3 132.3 132.3 131 131 131 131 131 131 131 131 131 131 131 131 131 131 131 131 131 131 131 131 131 131 131 131 131 131 131 131 131 131 131 131 131 131 131 131 131 131 131 131 131 131 131 131 131 131 131 131 131 131 131 131 131 131 131 131 131 131 131 131 125.9 125.9 125.9 125.9 125.9 125.9 125.9 125.9 125.9 125.9 125.9 125.9 125.9 125.9 125.9 125.9 125.9 125.9 125.9 125.9 125.9 125.9 125.9 125.9 125.9 125.9 125.9 125.9 125.9 
132.3 132.3 132.3 132.3 132.3 132.3 132.3 132.3 132.3 132.3 132.3 131 131 131 131 131 131 131 131 131 131 131 131 131 131 131 131 131 131 131 131 131 131 131 131 131 131 131 131 131 131 131 131 131 131 131 131 131 131 131 131 131 131 131 131 131 131 131 131 131 131 131 131 131 131 131 131 131 131 131 131 125.9 125.9 125.9 125.9 125.9 125.9 125.9 125.9 125.9 125.9 125.9 125.9 125.9 125.9 125.9 125.9 125.9 125.9 125.9 125.9 125.9 125.9 125.9 125.9 125.9 125.9 125.9 125.9 125.9 
132.3 132.3 132.3 132.3 132.3 132.3 132.3 132.3 132.3 132.3 132.3 131 131 131 131 131 131 131 131 131 131 131 131 131 131 131 131 131 131 131 131 131 131 131 131 131 131 131 131 131 131 131 131 131 131 131 131 131 131 131 131 131 131 131 131 131 131 131 131 131 131 131 131 131 131 131 131 131 131 131 131 125.9 125.9 125.9 125.9 125.9 125.9 125.9 125.9 125.9 125.9 125.9 125.9 125.9 125.9 125.9 125.9 125.9 125.9 125.9 125.9 125.9 125.9 125.9 125.9 125.9 125.9 125.9 125.9 125.9 
132.3 132.3 132.3 132.3 132.3 132.3 132.3 132.3 132.3 132.3 132.3 131 131 131 131 131 131 131 131 131 131 131 131 131 131 131 131 131 131 131 131 131 131 131 131 131 131 131 131 131 131 131 131 131 131 131 131 131 131 131 131 131 131 131 131 131 131 131 131 131 131 131 131 131 131 131 131 131 131 131 131 125.9 125.9 125.9 125.9 125.9 125.9 125.9 125.9 125.9 125.9 125.9 125.9 125.9 125.9 125.9 125.9 125.9 125.9 125.9 125.9 125.9 125.9 125.9 125.9 125.9 125.9 125.9 125.9 125.9 
153.9 153.9 153.9 153.9 153.9 153.9 153.9 153.9 153.9 153.9 153.9 150.4 150.4 150.4 150.4 150.4 150.4 150.4 150.4 150.4 150.4 150.4 150.4 150.4 150.4 150.4 150.4 150.4 150.4 150.4 150.4 150.4 150.4 150.4 150.4 150.4 150.4 150.4 150.4 150.4 150.4 150.4 150.4 150.4 150.4 150.4 150.4 150.4 150.4 150.4 150.4 150.4 150.4 150.4 150.4 150.4 150.4 150.4 150.4 150.4 150.4 150.4 150.4 150.4 150.4 150.4 150.4 150.4 150.4 150.4 150.4 140.5 140.5 140.5 140.5 140.5 140.5 140.5 140.5 140.5 140.5 140.5 140.5 140.5 140.5 140.5 140.5 140.5 140.5 140.5 140.5 140.5 140.5 140.5 140.5 140.5 140.5 140.5 140.5 140.5 
153.9 153.9 153.9 153.9 153.9 153.9 153.9 153.9 153.9 153.9 153.9 150.4 150.4 150.4 150.4 150.4 150.4 150.4 150.4 150.4 150.4 150.4 150.4 150.4 150.4 150.4 150.4 150.4 150.4 150.4 150.4 150.4 150.4 150.4 150.4 150.4 150.4 150.4 150.4 150.4 150.4 150.4 150.4 150.4 150.4 150.4 150.4 150.4 150.4 150.4 150.4 150.4 150.4 150.4 150.4 150.4 150.4 150.4 150.4 150.4 150.4 150.4 150.4 150.4 150.4 150.4 150.4 150.4 150.4 150.4 150.4 140.5 140.5 140.5 140.5 140.5 140.5 140.5 140.5 140.5 140.5 140.5 140.5 140.5 140.5 140.5 140.5 140.5 140.5 140.5 140.5 140.5 140.5 140.5 140.5 140.5 140.5 140.5 140.5 140.5 
153.9 153.9 153.9 153.9 153.9 153.9 153.9 153.9 153.9 153.9 153.9 150.4 150.4 150.4 150.4 150.4 150.4 150.4 150.4 150.4 150.4 150.4 150.4 150.4 150.4 150.4 150.4 150.4 150.4 150.4 150.4 150.4 150.4 150.4 150.4 150.4 150.4 150.4 150.4 150.4 150.4 150.4 150.4 150.4 150.4 150.4 150.4 150.4 150.4 150.4 150.4 150.4 150.4 150.4 150.4 150.4 150.4 150.4 150.4 150.4 150.4 150.4 150.4 150.4 150.4 150.4 150.4 150.4 150.4 150.4 150.4 140.5 140.5 140.5 140.5 140.5 140.5 140.5 140.5 140.5 140.5 140.5 140.5 140.5 140.5 140.5 140.5 140.5 140.5 140.5 140.5 140.5 140.5 140.5 140.5 140.5 140.5 140.5 140.5 140.5 
153.9 153.9 153.9 153.9 153.9 153.9 153.9 153.9 153.9 153.9 153.9 150.4 150.4 150.4 150.4 150.4 150.4 150.4 150.4 150.4 150.4 150.4 150.4 150.4 150.4 150.4 150.4 150.4 150.4 150.4 150.4 150.4 150.4 150.4 150.4 150.4 150.4 150.4 150.4 150.4 150.4 150.4 150.4 150.4 150.4 150.4 150.4 150.4 150.4 150.4 150.4 150.4 150.4 150.4 150.4 150.4 150.4 150.4 150.4 150.4 150.4 150.4 150.4 150.4 150.4 150.4 150.4 150.4 150.4 150.4 150.4 140.5 140.5 140.5 140.5 140.5 140.5 140.5 140.5 140.5 140.5 140.5 140.5 140.5 140.5 140.5 140.5 140.5 140.5 140.5 140.5 140.5 140.5 140.5 140.5 140.5 140.5 140.5 140.5 140.5 
153.9 153.9 153.9 153.9 153.9 153.9 153.9 153.9 153.9 153.9 153.9 150.4 150.4 150.4 150.4 150.4 150.4 150.4 150.4 150.4 150.4 150.4 150.4 150.4 150.4 150.4 150.4 150.4 150.4 150.4 150.4 150.4 150.4 150.4 150.4 150.4 150.4 150.4 150.4 150.4 150.4 150.4 150.4 150.4 150.4 150.4 150.4 150.4 150.4 150.4 150.4 150.4 150.4 150.4 150.4 150.4 150.4 150.4 150.4 150.4 150.4 150.4 150.4 150.4 150.4 150.4 150.4 150.4 150.4 150.4 150.4 140.5 140.5 140.5 140.5 140.5 140.5 140.5 140.5 140.5 140.5 140.5 140.5 140.5 140.5 140.5 140.5 140.5 140.5 140.5 140.5 140.5 140.5 140.5 140.5 140.5 140.5 140.5 140.5 140.5 
153.9 153.9 153.9 153.9 153.9 153.9 153.9 153.9 153.9 153.9 153.9 150.4 150.4 150.4 150.4 150.4 150.4 150.4 150.4 150.4 150.4 150.4 150.4 150.4 150.4 150.4 150.4 150.4 150.4 150.4 150.4 150.4 150.4 150.4 150.4 150.4 150.4 150.4 150.4 150.4 150.4 150.4 150.4 150.4 150.4 150.4 150.4 150.4 150.4 150.4 150.4 150.4 150.4 150.4 150.4 150.4 150.4 150.4 150.4 150.4 150.4 150.4 150.4 150.4 150.4 150.4 150.4 150.4 150.4 150.4 150.4 140.5 140.5 140.5 140.5 140.5 140.5 140.5 140.5 140.5 140.5 140.5 140.5 140.5 140.5 140.5 140.5 140.5 140.5 140.5 140.5 140.5 140.5 140.5 140.5 140.5 140.5 140.5 140.5 140.5 
153.9 153.9 153.9 153.9 153.9 153.9 153.9 153.9 153.9 153.9 153.9 150.4 150.4 150.4 150.4 150.4 150.4 150.4 150.4 150.4 150.4 150.4 150.4 150.4 150.4 150.4 150.4 150.4 150.4 150.4 150.4 150.4 150.4 150.4 150.4 150.4 150.4 150.4 150.4 150.4 150.4 150.4 150.4 150.4 150.4 150.4 150.4 150.4 150.4 150.4 150.4 150.4 150.4 150.4 150.4 150.4 150.4 150.4 150.4 150.4 150.4 150.4 150.4 150.4 150.4 150.4 150.4 150.4 150.4 150.4 150.4 140.5 140.5 140.5 140.5 140.5 140.5 140.5 140.5 140.5 140.5 140.5 140.5 140.5 140.5 140.5 140.5 140.5 140.5 140.5 140.5 140.5 140.5 140.5 140.5 140.5 140.5 140.5 140.5 140.5 
153.9 153.9 153.9 153.9 153.9 153.9 153.9 153.9 153.9 153.9 153.9 150.4 150.4 150.4 150.4 150.4 150.4 150.4 150.4 150.4 150.4 150.4 150.4 150.4 150.4 150.4 150.4 150.4 150.4 150.4 150.4 150.4 150.4 150.4 150.4 150.4 150.4 150.4 150.4 150.4 150.4 150.4 150.4 150.4 150.4 150.4 150.4 150.4 150.4 150.4 150.4 150.4 150.4 150.4 150.4 150.4 150.4 150.4 150.4 150.4 150.4 150.4 150.4 150.4 150.4 150.4 150.4 150.4 150.4 150.4 150.4 140.5 140.5 140.5 140.5 140.5 140.5 140.5 140.5 140.5 140.5 140.5 140.5 140.5 140.5 140.5 140.5 140.5 140.5 140.5 140.5 140.5 140.5 140.5 140.5 140.5 140.5 140.5 140.5 140.5 
153.9 153.9 153.9 153.9 153.9 153.9 153.9 153.9 153.9 153.9 153.9 150.4 150.4 150.4 150.4 150.4 150.4 150.4 150.4 150.4 150.4 150.4 150.4 150.4 150.4 150.4 150.4 150.4 150.4 150.4 150.4 150.4 150.4 150.4 150.4 150.4 150.4 150.4 150.4 150.4 150.4 150.4 150.4 150.4 150.4 150.4 150.4 150.4 150.4 150.4 150.4 150.4 150.4 150.4 150.4 150.4 150.4 150.4 150.4 150.4 150.4 150.4 150.4 150.4 150.4 150.4 150.4 150.4 150.4 150.4 150.4 140.5 140.5 140.5 140.5 140.5 140.5 140.5 140.5 140.5 140.5 140.5 140.5 140.5 140.5 140.5 140.5 140.5 140.5 140.5 140.5 140.5 140.5 140.5 140.5 140.5 140.5 140.5 140.5 140.5 
153.9 153.9 153.9 153.9 153.9 153.9 153.9 153.9 153.9 153.9 153.9 150.4 150.4 150.4 150.4 150.4 150.4 150.4 150.4 150.4 150.4 150.4 150.4 150.4 150.4 150.4 150.4 150.4 150.4 150.4 150.4 150.4 150.4 150.4 150.4 150.4 150.4 150.4 150.4 150.4 150.4 150.4 150.4 150.4 150.4 150.4 150.4 150.4 150.4 150.4 150.4 150.4 150.4 150.4 150.4 150.4 150.4 150.4 150.4 150.4 150.4 150.4 150.4 150.4 150.4 150.4 150.4 150.4 150.4 150.4 150.4 140.5 140.5 140.5 140.5 140.5 140.5 140.5 140.5 140.5 140.5 140.5 140.5 140.5 140.5 140.5 140.5 140.5 140.5 140.5 140.5 140.5 140.5 140.5 140.5 140.5 140.5 140.5 140.5 140.5 
153.9 153.9 153.9 153.9 153.9 153.9 153.9 153.9 153.9 153.9 153.9 150.4 150.4 150.4 150.4 150.4 150.4 150.4 150.4 150.4 150.4 150.4 150.4 150.4 150.4 150.4 150.4 150.4 150.4 150.4 150.4 150.4 150.4 150.4 150.4 150.4 150.4 150.4 150.4 150.4 150.4 150.4 150.4 150.4 150.4 150.4 150.4 150.4 150.4 150.4 150.4 150.4 150.4 150.4 150.4 150.4 150.4 150.4 150.4 150.4 150.4 150.4 150.4 150.4 150.4 150.4 150.4 150.4 150.4 150.4 150.4 140.5 140.5 140.5 140.5 140.5 140.5 140.5 140.5 140.5 140.5 140.5 140.5 140.5 140.5 140.5 140.5 140.5 140.5 140.5 140.5 140.5 140.5 140.5 140.5 140.5 140.5 140.5 140.5 140.5 
153.9 153.9 153.9 153.9 153.9 153.9 153.9 153.9 153.9 153.9 153.9 150.4 150.4 150.4 150.4 150.4 150.4 150.4 150.4 150.4 150.4 150.4 150.4 150.4 150.4 150.4 150.4 150.4 150.4 150.4 150.4 150.4 150.4 150.4 150.4 150.4 150.4 150.4 150.4 150.4 150.4 150.4 150.4 150.4 150.4 150.4 150.4 150.4 150.4 150.4 150.4 150.4 150.4 150.4 150.4 150.4 150.4 150.4 150.4 150.4 150.4 150.4 150.4 150.4 150.4 150.4 150.4 150.4 150.4 150.4 150.4 140.5 140.5 140.5 140.5 140.5 140.5 140.5 140.5 140.5 140.5 140.5 140.5 140.5 140.5 140.5 140.5 140.5 140.5 140.5 140.5 140.5 140.5 140.5 140.5 140.5 140.5 140.5 140.5 140.5 
153.9 153.9 153.9 153.9 153.9 153.9 153.9 153.9 153.9 153.9 153.9 150.4 150.4 150.4 150.4 150.4 150.4 150.4 150.4 150.4 150.4 150.4 150.4 150.4 150.4 150.4 150.4 150.4 150.4 150.4 150.4 150.4 150.4 150.4 150.4 150.4 150.4 150.4 150.4 150.4 150.4 150.4 150.4 150.4 150.4 150.4 150.4 150.4 150.4 150.4 150.4 150.4 150.4 150.4 150.4 150.4 150.4 150.4 150.4 150.4 150.4 150.4 150.4 150.4 150.4 150.4 150.4 150.4 150.4 150.4 150.4 140.5 140.5 140.5 140.5 140.5 140.5 140.5 140.5 140.5 140.5 140.5 140.5 140.5 140.5 140.5 140.5 140.5 140.5 140.5 140.5 140.5 140.5 140.5 140.5 140.5 140.5 140.5 140.5 140.5 
153.9 153.9 153.9 153.9 153.9 153.9 153.9 153.9 153.9 153.9 153.9 150.4 150.4 150.4 150.4 150.4 150.4 150.4 150.4 150.4 150.4 150.4 150.4 150.4 150.4 150.4 150.4 150.4 150.4 150.4 150.4 150.4 150.4 150.4 150.4 150.4 150.4 150.4 150.4 150.4 150.4 150.4 150.4 150.4 150.4 150.4 150.4 150.4 150.4 150.4 150.4 150.4 150.4 150.4 150.4 150.4 150.4 150.4 150.4 150.4 150.4 150.4 150.4 150.4 150.4 150.4 150.4 150.4 150.4 150.4 150.4 140.5 140.5 140.5 140.5 140.5 140.5 140.5 140.5 140.5 140.5 140.5 140.5 140.5 140.5 140.5 140.5 140.5 140.5 140.5 140.5 140.5 140.5 140.5 140.5 140.5 140.5 140.5 140.5 140.5 
153.9 153.9 153.9 153.9 153.9 153.9 153.9 153.9 153.9 153.9 153.9 150.4 150.4 150.4 150.4 150.4 150.4 150.4 150.4 150.4 150.4 150.4 150.4 150.4 150.4 150.4 150.4 150.4 150.4 150.4 150.4 150.4 150.4 150.4 150.4 150.4 150.4 150.4 150.4 150.4 150.4 150.4 150.4 150.4 150.4 150.4 150.4 150.4 150.4 150.4 150.4 150.4 150.4 150.4 150.4 150.4 150.4 150.4 150.4 150.4 150.4 150.4 150.4 150.4 150.4 150.4 150.4 150.4 150.4 150.4 150.4 140.5 140.5 140.5 140.5 140.5 140.5 140.5 140.5 140.5 140.5 140.5 140.5 140.5 140.5 140.5 140.5 140.5 140.5 140.5 140.5 140.5 140.5 140.5 140.5 140.5 140.5 140.5 140.5 140.5 
153.9 153.9 153.9 153.9 153.9 153.9 153.9 153.9 153.9 153.9 153.9 150.4 150.4 150.4 150.4 150.4 150.4 150.4 150.4 150.4 150.4 150.4 150.4 150.4 150.4 150.4 150.4 150.4 150.4 150.4 150.4 150.4 150.4 150.4 150.4 150.4 150.4 150.4 150.4 150.4 150.4 150.4 150.4 150.4 150.4 150.4 150.4 150.4 150.4 150.4 150.4 150.4 150.4 150.4 150.4 150.4 150.4 150.4 150.4 150.4 150.4 150.4 150.4 150.4 150.4 150.4 150.4 150.4 150.4 150.4 150.4 140.5 140.5 140.5 140.5 140.5 140.5 140.5 140.5 140.5 140.5 140.5 140.5 140.5 140.5 140.5 140.5 140.5 140.5 140.5 140.5 140.5 140.5 140.5 140.5 140.5 140.5 140.5 140.5 140.5 
153.9 153.9 153.9 153.9 153.9 153.9 153.9 153.9 153.9 153.9 153.9 150.4 150.4 150.4 150.4 150.4 150.4 150.4 150.4 150.4 150.4 150.4 150.4 150.4 150.4 150.4 150.4 150.4 150.4 150.4 150.4 150.4 150.4 150.4 150.4 150.4 150.4 150.4 150.4 150.4 150.4 150.4 150.4 150.4 150.4 150.4 150.4 150.4 150.4 150.4 150.4 150.4 150.4 150.4 150.4 150.4 150.4 150.4 150.4 150.4 150.4 150.4 150.4 150.4 150.4 150.4 150.4 150.4 150.4 150.4 150.4 140.5 140.5 140.5 140.5 140.5 140.5 140.5 140.5 140.5 140.5 140.5 140.5 140.5 140.5 140.5 140.5 140.5 140.5 140.5 140.5 140.5 140.5 140.5 140.5 140.5 140.5 140.5 140.5 140.5 
153.9 153.9 153.9 153.9 153.9 153.9 153.9 153.9 153.9 153.9 153.9 150.4 150.4 150.4 150.4 150.4 150.4 150.4 150.4 150.4 150.4 150.4 150.4 150.4 150.4 150.4 150.4 150.4 150.4 150.4 150.4 150.4 150.4 150.4 150.4 150.4 150.4 150.4 150.4 150.4 150.4 150.4 150.4 150.4 150.4 150.4 150.4 150.4 150.4 150.4 150.4 150.4 150.4 150.4 150.4 150.4 150.4 150.4 150.4 150.4 150.4 150.4 150.4 150.4 150.4 150.4 150.4 150.4 150.4 150.4 150.4 140.5 140.5 140.5 140.5 140.5 140.5 140.5 140.5 140.5 140.5 140.5 140.5 140.5 140.5 140.5 140.5 140.5 140.5 140.5 140.5 140.5 140.5 140.5 140.5 140.5 140.5 140.5 140.5 140.5 
153.9 153.9 153.9 153.9 153.9 153.9 153.9 153.9 153.9 153.9 153.9 150.4 150.4 150.4 150.4 150.4 150.4 150.4 150.4 150.4 150.4 150.4 150.4 150.4 150.4 150.4 150.4 150.4 150.4 150.4 150.4 150.4 150.4 150.4 150.4 150.4 150.4 150.4 150.4 150.4 150.4 150.4 150.4 150.4 150.4 150.4 150.4 150.4 150.4 150.4 150.4 150.4 150.4 150.4 150.4 150.4 150.4 150.4 150.4 150.4 150.4 150.4 150.4 150.4 150.4 150.4 150.4 150.4 150.4 150.4 150.4 140.5 140.5 140.5 140.5 140.5 140.5 140.5 140.5 140.5 140.5 140.5 140.5 140.5 140.5 140.5 140.5 140.5 140.5 140.5 140.5 140.5 140.5 140.5 140.5 140.5 140.5 140.5 140.5 140.5 
153.9 153.9 153.9 153.9 153.9 153.9 153.9 153.9 153.9 153.9 153.9 150.4 150.4 150.4 150.4 150.4 150.4 150.4 150.4 150.4 150.4 150.4 150.4 150.4 150.4 150.4 150.4 150.4 150.4 150.4 150.4 150.4 150.4 150.4 150.4 150.4 150.4 150.4 150.4 150.4 150.4 150.4 150.4 150.4 150.4 150.4 150.4 150.4 150.4 150.4 150.4 150.4 150.4 150.4 150.4 150.4 150.4 150.4 150.4 150.4 150.4 150.4 150.4 150.4 150.4 150.4 150.4 150.4 150.4 150.4 150.4 140.5 140.5 140.5 140.5 140.5 140.5 140.5 140.5 140.5 140.5 140.5 140.5 140.5 140.5 140.5 140.5 140.5 140.5 140.5 140.5 140.5 140.5 140.5 140.5 140.5 140.5 140.5 140.5 140.5 
153.9 153.9 153.9 153.9 153.9 153.9 153.9 153.9 153.9 153.9 153.9 150.4 150.4 150.4 150.4 150.4 150.4 150.4 150.4 150.4 150.4 150.4 150.4 150.4 150.4 150.4 150.4 150.4 150.4 150.4 150.4 150.4 150.4 150.4 150.4 150.4 150.4 150.4 150.4 150.4 150.4 150.4 150.4 150.4 150.4 150.4 150.4 150.4 150.4 150.4 150.4 150.4 150.4 150.4 150.4 150.4 150.4 150.4 150.4 150.4 150.4 150.4 150.4 150.4 150.4 150.4 150.4 150.4 150.4 150.4 150.4 140.5 140.5 140.5 140.5 140.5 140.5 140.5 140.5 140.5 140.5 140.5 140.5 140.5 140.5 140.5 140.5 140.5 140.5 140.5 140.5 140.5 140.5 140.5 140.5 140.5 140.5 140.5 140.5 140.5 
153.9 153.9 153.9 153.9 153.9 153.9 153.9 153.9 153.9 153.9 153.9 150.4 150.4 150.4 150.4 150.4 150.4 150.4 150.4 150.4 150.4 150.4 150.4 150.4 150.4 150.4 150.4 150.4 150.4 150.4 150.4 150.4 150.4 150.4 150.4 150.4 150.4 150.4 150.4 150.4 150.4 150.4 150.4 150.4 150.4 150.4 150.4 150.4 150.4 150.4 150.4 150.4 150.4 150.4 150.4 150.4 150.4 150.4 150.4 150.4 150.4 150.4 150.4 150.4 150.4 150.4 150.4 150.4 150.4 150.4 150.4 140.5 140.5 140.5 140.5 140.5 140.5 140.5 140.5 140.5 140.5 140.5 140.5 140.5 140.5 140.5 140.5 140.5 140.5 140.5 140.5 140.5 140.5 140.5 140.5 140.5 140.5 140.5 140.5 140.5 
153.9 153.9 153.9 153.9 153.9 153.9 153.9 153.9 153.9 153.9 153.9 150.4 150.4 150.4 150.4 150.4 150.4 150.4 150.4 150.4 150.4 150.4 150.4 150.4 150.4 150.4 150.4 150.4 150.4 150.4 150.4 150.4 150.4 150.4 150.4 150.4 150.4 150.4 150.4 150.4 150.4 150.4 150.4 150.4 150.4 150.4 150.4 150.4 150.4 150.4 150.4 150.4 150.4 150.4 150.4 150.4 150.4 150.4 150.4 150.4 150.4 150.4 150.4 150.4 150.4 150.4 150.4 150.4 150.4 150.4 150.4 140.5 140.5 140.5 140.5 140.5 140.5 140.5 140.5 140.5 140.5 140.5 140.5 140.5 140.5 140.5 140.5 140.5 140.5 140.5 140.5 140.5 140.5 140.5 140.5 140.5 140.5 140.5 140.5 140.5 
153.9 153.9 153.9 153.9 153.9 153.9 153.9 153.9 153.9 153.9 153.9 150.4 150.4 150.4 150.4 150.4 150.4 150.4 150.4 150.4 150.4 150.4 150.4 150.4 150.4 150.4 150.4 150.4 150.4 150.4 150.4 150.4 150.4 150.4 150.4 150.4 150.4 150.4 150.4 150.4 150.4 150.4 150.4 150.4 150.4 150.4 150.4 150.4 150.4 150.4 150.4 150.4 150.4 150.4 150.4 150.4 150.4 150.4 150.4 150.4 150.4 150.4 150.4 150.4 150.4 150.4 150.4 150.4 150.4 150.4 150.4 140.5 140.5 140.5 140.5 140.5 140.5 140.5 140.5 140.5 140.5 140.5 140.5 140.5 140.5 140.5 140.5 140.5 140.5 140.5 140.5 140.5 140.5 140.5 140.5 140.5 140.5 140.5 140.5 140.5 
153.9 153.9 153.9 153.9 153.9 153.9 153.9 153.9 153.9 153.9 153.9 150.4 150.4 150.4 150.4 150.4 150.4 150.4 150.4 150.4 150.4 150.4 150.4 150.4 150.4 150.4 150.4 150.4 150.4 150.4 150.4 150.4 150.4 150.4 150.4 150.4 150.4 150.4 150.4 150.4 150.4 150.4 150.4 150.4 150.4 150.4 150.4 150.4 150.4 150.4 150.4 150.4 150.4 150.4 150.4 150.4 150.4 150.4 150.4 150.4 150.4 150.4 150.4 150.4 150.4 150.4 150.4 150.4 150.4 150.4 150.4 140.5 140.5 140.5 140.5 140.5 140.5 140.5 140.5 140.5 140.5 140.5 140.5 140.5 140.5 140.5 140.5 140.5 140.5 140.5 140.5 140.5 140.5 140.5 140.5 140.5 140.5 140.5 140.5 140.5 
153.9 153.9 153.9 153.9 153.9 153.9 153.9 153.9 153.9 153.9 153.9 150.4 150.4 150.4 150.4 150.4 150.4 150.4 150.4 150.4 150.4 150.4 150.4 150.4 150.4 150.4 150.4 150.4 150.4 150.4 150.4 150.4 150.4 150.4 150.4 150.4 150.4 150.4 150.4 150.4 150.4 150.4 150.4 150.4 150.4 150.4 150.4 150.4 150.4 150.4 150.4 150.4 150.4 150.4 150.4 150.4 150.4 150.4 150.4 150.4 150.4 150.4 150.4 150.4 150.4 150.4 150.4 150.4 150.4 150.4 150.4 140.5 140.5 140.5 140.5 140.5 140.5 140.5 140.5 140.5 140.5 140.5 140.5 140.5 140.5 140.5 140.5 140.5 140.5 140.5 140.5 140.5 140.5 140.5 140.5 140.5 140.5 140.5 140.5 140.5 
153.9 153.9 153.9 153.9 153.9 153.9 153.9 153.9 153.9 153.9 153.9 150.4 150.4 150.4 150.4 150.4 150.4 150.4 150.4 150.4 150.4 150.4 150.4 150.4 150.4 150.4 150.4 150.4 150.4 150.4 150.4 150.4 150.4 150.4 150.4 150.4 150.4 150.4 150.4 150.4 150.4 150.4 150.4 150.4 150.4 150.4 150.4 150.4 150.4 150.4 150.4 150.4 150.4 150.4 150.4 150.4 150.4 150.4 150.4 150.4 150.4 150.4 150.4 150.4 150.4 150.4 150.4 150.4 150.4 150.4 150.4 140.5 140.5 140.5 140.5 140.5 140.5 140.5 140.5 140.5 140.5 140.5 140.5 140.5 140.5 140.5 140.5 140.5 140.5 140.5 140.5 140.5 140.5 140.5 140.5 140.5 140.5 140.5 140.5 140.5 
153.9 153.9 153.9 153.9 153.9 153.9 153.9 153.9 153.9 153.9 153.9 150.4 150.4 150.4 150.4 150.4 150.4 150.4 150.4 150.4 150.4 150.4 150.4 150.4 150.4 150.4 150.4 150.4 150.4 150.4 150.4 150.4 150.4 150.4 150.4 150.4 150.4 150.4 150.4 150.4 150.4 150.4 150.4 150.4 150.4 150.4 150.4 150.4 150.4 150.4 150.4 150.4 150.4 150.4 150.4 150.4 150.4 150.4 150.4 150.4 150.4 150.4 150.4 150.4 150.4 150.4 150.4 150.4 150.4 150.4 150.4 140.5 140.5 140.5 140.5 140.5 140.5 140.5 140.5 140.5 140.5 140.5 140.5 140.5 140.5 140.5 140.5 140.5 140.5 140.5 140.5 140.5 140.5 140.5 140.5 140.5 140.5 140.5 140.5 140.5 
153.9 153.9 153.9 153.9 153.9 153.9 153.9 153.9 153.9 153.9 153.9 150.4 150.4 150.4 150.4 150.4 150.4 150.4 150.4 150.4 150.4 150.4 150.4 150.4 150.4 150.4 150.4 150.4 150.4 150.4 150.4 150.4 150.4 150.4 150.4 150.4 150.4 150.4 150.4 150.4 150.4 150.4 150.4 150.4 150.4 150.4 150.4 150.4 150.4 150.4 150.4 150.4 150.4 150.4 150.4 150.4 150.4 150.4 150.4 150.4 150.4 150.4 150.4 150.4 150.4 150.4 150.4 150.4 150.4 150.4 150.4 140.5 140.5 140.5 140.5 140.5 140.5 140.5 140.5 140.5 140.5 140.5 140.5 140.5 140.5 140.5 140.5 140.5 140.5 140.5 140.5 140.5 140.5 140.5 140.5 140.5 140.5 140.5 140.5 140.5 
153.9 153.9 153.9 153.9 153.9 153.9 153.9 153.9 153.9 153.9 153.9 150.4 150.4 150.4 150.4 150.4 150.4 150.4 150.4 150.4 150.4 150.4 150.4 150.4 150.4 150.4 150.4 150.4 150.4 150.4 150.4 150.4 150.4 150.4 150.4 150.4 150.4 150.4 150.4 150.4 150.4 150.4 150.4 150.4 150.4 150.4 150.4 150.4 150.4 150.4 150.4 150.4 150.4 150.4 150.4 150.4 150.4 150.4 150.4 150.4 150.4 150.4 150.4 150.4 150.4 150.4 150.4 150.4 150.4 150.4 150.4 140.5 140.5 140.5 140.5 140.5 140.5 140.5 140.5 140.5 140.5 140.5 140.5 140.5 140.5 140.5 140.5 140.5 140.5 140.5 140.5 140.5 140.5 140.5 140.5 140.5 140.5 140.5 140.5 140.5 
153.9 153.9 153.9 153.9 153.9 153.9 153.9 153.9 153.9 153.9 153.9 150.4 150.4 150.4 150.4 150.4 150.4 150.4 150.4 150.4 150.4 150.4 150.4 150.4 150.4 150.4 150.4 150.4 150.4 150.4 150.4 150.4 150.4 150.4 150.4 150.4 150.4 150.4 150.4 150.4 150.4 150.4 150.4 150.4 150.4 150.4 150.4 150.4 150.4 150.4 150.4 150.4 150.4 150.4 150.4 150.4 150.4 150.4 150.4 150.4 150.4 150.4 150.4 150.4 150.4 150.4 150.4 150.4 150.4 150.4 150.4 140.5 140.5 140.5 140.5 140.5 140.5 140.5 140.5 140.5 140.5 140.5 140.5 140.5 140.5 140.5 140.5 140.5 140.5 140.5 140.5 140.5 140.5 140.5 140.5 140.5 140.5 140.5 140.5 140.5 
