ncols         100
nrows         100
xllcorner     -59982.863281
yllcorner     1851083.022172
cellsize      1000
NODATA_value  -9999
76.8 76.8 76.8 76.8 76.8 76.8 76.8 76.8 76.8 76.8 76.8 57.5 57.5 57.5 57.5 57.5 57.5 57.5 57.5 57.5 57.5 57.5 57.5 57.5 57.5 57.5 57.5 57.5 57.5 57.5 57.5 57.5 57.5 57.5 57.5 57.5 57.5 57.5 57.5 57.5 57.5 57.5 57.5 57.5 57.5 57.5 57.5 57.5 57.5 57.5 57.5 57.5 57.5 57.5 57.5 57.5 57.5 57.5 57.5 57.5 57.5 57.5 57.5 57.5 57.5 57.5 57.5 57.5 57.5 57.5 57.5 57.4 57.4 57.4 57.4 57.4 57.4 57.4 57.4 57.4 57.4 57.4 57.4 57.4 57.4 57.4 57.4 57.4 57.4 57.4 57.4 57.4 57.4 57.4 57.4 57.4 57.4 57.4 57.4 57.4 
76.8 76.8 76.8 76.8 76.8 76.8 76.8 76.8 76.8 76.8 76.8 57.5 57.5 57.5 57.5 57.5 57.5 57.5 57.5 57.5 57.5 57.5 57.5 57.5 57.5 57.5 57.5 57.5 57.5 57.5 57.5 57.5 57.5 57.5 57.5 57.5 57.5 57.5 57.5 57.5 57.5 57.5 57.5 57.5 57.5 57.5 57.5 57.5 57.5 57.5 57.5 57.5 57.5 57.5 57.5 57.5 57.5 57.5 57.5 57.5 57.5 57.5 57.5 57.5 57.5 57.5 57.5 57.5 57.5 57.5 57.5 57.4 57.4 57.4 57.4 57.4 57.4 57.4 57.4 57.4 57.4 57.4 57.4 57.4 57.4 57.4 57.4 57.4 57.4 57.4 57.4 57.4 57.4 57.4 57.4 57.4 57.4 57.4 57.4 57.4 
76.8 76.8 76.8 76.8 76.8 76.8 76.8 76.8 76.8 76.8 76.8 57.5 57.5 57.5 57.5 57.5 57.5 57.5 57.5 57.5 57.5 57.5 57.5 57.5 57.5 57.5 57.5 57.5 57.5 57.5 57.5 57.5 57.5 57.5 57.5 57.5 57.5 57.5 57.5 57.5 57.5 57.5 57.5 57.5 57.5 57.5 57.5 57.5 57.5 57.5 57.5 57.5 57.5 57.5 57.5 57.5 57.5 57.5 57.5 57.5 57.5 57.5 57.5 57.5 57.5 57.5 57.5 57.5 57.5 57.5 57.5 57.4 57.4 57.4 57.4 57.4 57.4 57.4 57.4 57.4 57.4 57.4 57.4 57.4 57.4 57.4 57.4 57.4 57.4 57.4 57.4 57.4 57.4 57.4 57.4 57.4 57.4 57.4 57.4 57.4 
76.8 76.8 76.8 76.8 76.8 76.8 76.8 76.8 76.8 76.8 76.8 57.5 57.5 57.5 57.5 57.5 57.5 57.5 57.5 57.5 57.5 57.5 57.5 57.5 57.5 57.5 57.5 57.5 57.5 57.5 57.5 57.5 57.5 57.5 57.5 57.5 57.5 57.5 57.5 57.5 57.5 57.5 57.5 57.5 57.5 57.5 57.5 57.5 57.5 57.5 57.5 57.5 57.5 57.5 57.5 57.5 57.5 57.5 57.5 57.5 57.5 57.5 57.5 57.5 57.5 57.5 57.5 57.5 57.5 57.5 57.5 57.4 57.4 57.4 57.4 57.4 57.4 57.4 57.4 57.4 57.4 57.4 57.4 57.4 57.4 57.4 57.4 57.4 57.4 57.4 57.4 57.4 57.4 57.4 57.4 57.4 57.4 57.4 57.4 57.4 
76.8 76.8 76.8 76.8 76.8 76.8 76.8 76.8 76.8 76.8 76.8 57.5 57.5 57.5 57.5 57.5 57.5 57.5 57.5 57.5 57.5 57.5 57.5 57.5 57.5 57.5 57.5 57.5 57.5 57.5 57.5 57.5 57.5 57.5 57.5 57.5 57.5 57.5 57.5 57.5 57.5 57.5 57.5 57.5 57.5 57.5 57.5 57.5 57.5 57.5 57.5 57.5 57.5 57.5 57.5 57.5 57.5 57.5 57.5 57.5 57.5 57.5 57.5 57.5 57.5 57.5 57.5 57.5 57.5 57.5 57.5 57.4 57.4 57.4 57.4 57.4 57.4 57.4 57.4 57.4 57.4 57.4 57.4 57.4 57.4 57.4 57.4 57.4 57.4 57.4 57.4 57.4 57.4 57.4 57.4 57.4 57.4 57.4 57.4 57.4 
76.8 76.8 76.8 76.8 76.8 76.8 76.8 76.8 76.8 76.8 76.8 57.5 57.5 57.5 57.5 57.5 57.5 57.5 57.5 57.5 57.5 57.5 57.5 57.5 57.5 57.5 57.5 57.5 57.5 57.5 57.5 57.5 57.5 57.5 57.5 57.5 57.5 57.5 57.5 57.5 57.5 57.5 57.5 57.5 57.5 57.5 57.5 57.5 57.5 57.5 57.5 57.5 57.5 57.5 57.5 57.5 57.5 57.5 57.5 57.5 57.5 57.5 57.5 57.5 57.5 57.5 57.5 57.5 57.5 57.5 57.5 57.4 57.4 57.4 57.4 57.4 57.4 57.4 57.4 57.4 57.4 57.4 57.4 57.4 57.4 57.4 57.4 57.4 57.4 57.4 57.4 57.4 57.4 57.4 57.4 57.4 57.4 57.4 57.4 57.4 
76.8 76.8 76.8 76.8 76.8 76.8 76.8 76.8 76.8 76.8 76.8 57.5 57.5 57.5 57.5 57.5 57.5 57.5 57.5 57.5 57.5 57.5 57.5 57.5 57.5 57.5 57.5 57.5 57.5 57.5 57.5 57.5 57.5 57.5 57.5 57.5 57.5 57.5 57.5 57.5 57.5 57.5 57.5 57.5 57.5 57.5 57.5 57.5 57.5 57.5 57.5 57.5 57.5 57.5 57.5 57.5 57.5 57.5 57.5 57.5 57.5 57.5 57.5 57.5 57.5 57.5 57.5 57.5 57.5 57.5 57.5 57.4 57.4 57.4 57.4 57.4 57.4 57.4 57.4 57.4 57.4 57.4 57.4 57.4 57.4 57.4 57.4 57.4 57.4 57.4 57.4 57.4 57.4 57.4 57.4 57.4 57.4 57.4 57.4 57.4 
76.8 76.8 76.8 76.8 76.8 76.8 76.8 76.8 76.8 76.8 76.8 57.5 57.5 57.5 57.5 57.5 57.5 57.5 57.5 57.5 57.5 57.5 57.5 57.5 57.5 57.5 57.5 57.5 57.5 57.5 57.5 57.5 57.5 57.5 57.5 57.5 57.5 57.5 57.5 57.5 57.5 57.5 57.5 57.5 57.5 57.5 57.5 57.5 57.5 57.5 57.5 57.5 57.5 57.5 57.5 57.5 57.5 57.5 57.5 57.5 57.5 57.5 57.5 57.5 57.5 57.5 57.5 57.5 57.5 57.5 57.5 57.4 57.4 57.4 57.4 57.4 57.4 57.4 57.4 57.4 57.4 57.4 57.4 57.4 57.4 57.4 57.4 57.4 57.4 57.4 57.4 57.4 57.4 57.4 57.4 57.4 57.4 57.4 57.4 57.4 
76.8 76.8 76.8 76.8 76.8 76.8 76.8 76.8 76.8 76.8 76.8 57.5 57.5 57.5 57.5 57.5 57.5 57.5 57.5 57.5 57.5 57.5 57.5 57.5 57.5 57.5 57.5 57.5 57.5 57.5 57.5 57.5 57.5 57.5 57.5 57.5 57.5 57.5 57.5 57.5 57.5 57.5 57.5 57.5 57.5 57.5 57.5 57.5 57.5 57.5 57.5 57.5 57.5 57.5 57.5 57.5 57.5 57.5 57.5 57.5 57.5 57.5 57.5 57.5 57.5 57.5 57.5 57.5 57.5 57.5 57.5 57.4 57.4 57.4 57.4 57.4 57.4 57.4 57.4 57.4 57.4 57.4 57.4 57.4 57.4 57.4 57.4 57.4 57.4 57.4 57.4 57.4 57.4 57.4 57.4 57.4 57.4 57.4 57.4 57.4 
83.5 83.5 83.5 83.5 83.5 83.5 83.5 83.5 83.5 83.5 83.5 75.6 75.6 75.6 75.6 75.6 75.6 75.6 75.6 75.6 75.6 75.6 75.6 75.6 75.6 75.6 75.6 75.6 75.6 75.6 75.6 75.6 75.6 75.6 75.6 75.6 75.6 75.6 75.6 75.6 75.6 75.6 75.6 75.6 75.6 75.6 75.6 75.6 75.6 75.6 75.6 75.6 75.6 75.6 75.6 75.6 75.6 75.6 75.6 75.6 75.6 75.6 75.6 75.6 75.6 75.6 75.6 75.6 75.6 75.6 75.6 76.8 76.8 76.8 76.8 76.8 76.8 76.8 76.8 76.8 76.8 76.8 76.8 76.8 76.8 76.8 76.8 76.8 76.8 76.8 76.8 76.8 76.8 76.8 76.8 76.8 76.8 76.8 76.8 76.8 
83.5 83.5 83.5 83.5 83.5 83.5 83.5 83.5 83.5 83.5 83.5 75.6 75.6 75.6 75.6 75.6 75.6 75.6 75.6 75.6 75.6 75.6 75.6 75.6 75.6 75.6 75.6 75.6 75.6 75.6 75.6 75.6 75.6 75.6 75.6 75.6 75.6 75.6 75.6 75.6 75.6 75.6 75.6 75.6 75.6 75.6 75.6 75.6 75.6 75.6 75.6 75.6 75.6 75.6 75.6 75.6 75.6 75.6 75.6 75.6 75.6 75.6 75.6 75.6 75.6 75.6 75.6 75.6 75.6 75.6 75.6 76.8 76.8 76.8 76.8 76.8 76.8 76.8 76.8 76.8 76.8 76.8 76.8 76.8 76.8 76.8 76.8 76.8 76.8 76.8 76.8 76.8 76.8 76.8 76.8 76.8 76.8 76.8 76.8 76.8 
83.5 83.5 83.5 83.5 83.5 83.5 83.5 83.5 83.5 83.5 83.5 75.6 75.6 75.6 75.6 75.6 75.6 75.6 75.6 75.6 75.6 75.6 75.6 75.6 75.6 75.6 75.6 75.6 75.6 75.6 75.6 75.6 75.6 75.6 75.6 75.6 75.6 75.6 75.6 75.6 75.6 75.6 75.6 75.6 75.6 75.6 75.6 75.6 75.6 75.6 75.6 75.6 75.6 75.6 75.6 75.6 75.6 75.6 75.6 75.6 75.6 75.6 75.6 75.6 75.6 75.6 75.6 75.6 75.6 75.6 75.6 76.8 76.8 76.8 76.8 76.8 76.8 76.8 76.8 76.8 76.8 76.8 76.8 76.8 76.8 76.8 76.8 76.8 76.8 76.8 76.8 76.8 76.8 76.8 76.8 76.8 76.8 76.8 76.8 76.8 
83.5 83.5 83.5 83.5 83.5 83.5 83.5 83.5 83.5 83.5 83.5 75.6 75.6 75.6 75.6 75.6 75.6 75.6 75.6 75.6 75.6 75.6 75.6 75.6 75.6 75.6 75.6 75.6 75.6 75.6 75.6 75.6 75.6 75.6 75.6 75.6 75.6 75.6 75.6 75.6 75.6 75.6 75.6 75.6 75.6 75.6 75.6 75.6 75.6 75.6 75.6 75.6 75.6 75.6 75.6 75.6 75.6 75.6 75.6 75.6 75.6 75.6 75.6 75.6 75.6 75.6 75.6 75.6 75.6 75.6 75.6 76.8 76.8 76.8 76.8 76.8 76.8 76.8 76.8 76.8 76.8 76.8 76.8 76.8 76.8 76.8 76.8 76.8 76.8 76.8 76.8 76.8 76.8 76.8 76.8 76.8 76.8 76.8 76.8 76.8 
83.5 83.5 83.5 83.5 83.5 83.5 83.5 83.5 83.5 83.5 83.5 75.6 75.6 75.6 75.6 75.6 75.6 75.6 75.6 75.6 75.6 75.6 75.6 75.6 75.6 75.6 75.6 75.6 75.6 75.6 75.6 75.6 75.6 75.6 75.6 75.6 75.6 75.6 75.6 75.6 75.6 75.6 75.6 75.6 75.6 75.6 75.6 75.6 75.6 75.6 75.6 75.6 75.6 75.6 75.6 75.6 75.6 75.6 75.6 75.6 75.6 75.6 75.6 75.6 75.6 75.6 75.6 75.6 75.6 75.6 75.6 76.8 76.8 76.8 76.8 76.8 76.8 76.8 76.8 76.8 76.8 76.8 76.8 76.8 76.8 76.8 76.8 76.8 76.8 76.8 76.8 76.8 76.8 76.8 76.8 76.8 76.8 76.8 76.8 76.8 
83.5 83.5 83.5 83.5 83.5 83.5 83.5 83.5 83.5 83.5 83.5 75.6 75.6 75.6 75.6 75.6 75.6 75.6 75.6 75.6 75.6 75.6 75.6 75.6 75.6 75.6 75.6 75.6 75.6 75.6 75.6 75.6 75.6 75.6 75.6 75.6 75.6 75.6 75.6 75.6 75.6 75.6 75.6 75.6 75.6 75.6 75.6 75.6 75.6 75.6 75.6 75.6 75.6 75.6 75.6 75.6 75.6 75.6 75.6 75.6 75.6 75.6 75.6 75.6 75.6 75.6 75.6 75.6 75.6 75.6 75.6 76.8 76.8 76.8 76.8 76.8 76.8 76.8 76.8 76.8 76.8 76.8 76.8 76.8 76.8 76.8 76.8 76.8 76.8 76.8 76.8 76.8 76.8 76.8 76.8 76.8 76.8 76.8 76.8 76.8 
83.5 83.5 83.5 83.5 83.5 83.5 83.5 83.5 83.5 83.5 83.5 75.6 75.6 75.6 75.6 75.6 75.6 75.6 75.6 75.6 75.6 75.6 75.6 75.6 75.6 75.6 75.6 75.6 75.6 75.6 75.6 75.6 75.6 75.6 75.6 75.6 75.6 75.6 75.6 75.6 75.6 75.6 75.6 75.6 75.6 75.6 75.6 75.6 75.6 75.6 75.6 75.6 75.6 75.6 75.6 75.6 75.6 75.6 75.6 75.6 75.6 75.6 75.6 75.6 75.6 75.6 75.6 75.6 75.6 75.6 75.6 76.8 76.8 76.8 76.8 76.8 76.8 76.8 76.8 76.8 76.8 76.8 76.8 76.8 76.8 76.8 76.8 76.8 76.8 76.8 76.8 76.8 76.8 76.8 76.8 76.8 76.8 76.8 76.8 76.8 
83.5 83.5 83.5 83.5 83.5 83.5 83.5 83.5 83.5 83.5 83.5 75.6 75.6 75.6 75.6 75.6 75.6 75.6 75.6 75.6 75.6 75.6 75.6 75.6 75.6 75.6 75.6 75.6 75.6 75.6 75.6 75.6 75.6 75.6 75.6 75.6 75.6 75.6 75.6 75.6 75.6 75.6 75.6 75.6 75.6 75.6 75.6 75.6 75.6 75.6 75.6 75.6 75.6 75.6 75.6 75.6 75.6 75.6 75.6 75.6 75.6 75.6 75.6 75.6 75.6 75.6 75.6 75.6 75.6 75.6 75.6 76.8 76.8 76.8 76.8 76.8 76.8 76.8 76.8 76.8 76.8 76.8 76.8 76.8 76.8 76.8 76.8 76.8 76.8 76.8 76.8 76.8 76.8 76.8 76.8 76.8 76.8 76.8 76.8 76.8 
83.5 83.5 83.5 83.5 83.5 83.5 83.5 83.5 83.5 83.5 83.5 75.6 75.6 75.6 75.6 75.6 75.6 75.6 75.6 75.6 75.6 75.6 75.6 75.6 75.6 75.6 75.6 75.6 75.6 75.6 75.6 75.6 75.6 75.6 75.6 75.6 75.6 75.6 75.6 75.6 75.6 75.6 75.6 75.6 75.6 75.6 75.6 75.6 75.6 75.6 75.6 75.6 75.6 75.6 75.6 75.6 75.6 75.6 75.6 75.6 75.6 75.6 75.6 75.6 75.6 75.6 75.6 75.6 75.6 75.6 75.6 76.8 76.8 76.8 76.8 76.8 76.8 76.8 76.8 76.8 76.8 76.8 76.8 76.8 76.8 76.8 76.8 76.8 76.8 76.8 76.8 76.8 76.8 76.8 76.8 76.8 76.8 76.8 76.8 76.8 
83.5 83.5 83.5 83.5 83.5 83.5 83.5 83.5 83.5 83.5 83.5 75.6 75.6 75.6 75.6 75.6 75.6 75.6 75.6 75.6 75.6 75.6 75.6 75.6 75.6 75.6 75.6 75.6 75.6 75.6 75.6 75.6 75.6 75.6 75.6 75.6 75.6 75.6 75.6 75.6 75.6 75.6 75.6 75.6 75.6 75.6 75.6 75.6 75.6 75.6 75.6 75.6 75.6 75.6 75.6 75.6 75.6 75.6 75.6 75.6 75.6 75.6 75.6 75.6 75.6 75.6 75.6 75.6 75.6 75.6 75.6 76.8 76.8 76.8 76.8 76.8 76.8 76.8 76.8 76.8 76.8 76.8 76.8 76.8 76.8 76.8 76.8 76.8 76.8 76.8 76.8 76.8 76.8 76.8 76.8 76.8 76.8 76.8 76.8 76.8 
83.5 83.5 83.5 83.5 83.5 83.5 83.5 83.5 83.5 83.5 83.5 75.6 75.6 75.6 75.6 75.6 75.6 75.6 75.6 75.6 75.6 75.6 75.6 75.6 75.6 75.6 75.6 75.6 75.6 75.6 75.6 75.6 75.6 75.6 75.6 75.6 75.6 75.6 75.6 75.6 75.6 75.6 75.6 75.6 75.6 75.6 75.6 75.6 75.6 75.6 75.6 75.6 75.6 75.6 75.6 75.6 75.6 75.6 75.6 75.6 75.6 75.6 75.6 75.6 75.6 75.6 75.6 75.6 75.6 75.6 75.6 76.8 76.8 76.8 76.8 76.8 76.8 76.8 76.8 76.8 76.8 76.8 76.8 76.8 76.8 76.8 76.8 76.8 76.8 76.8 76.8 76.8 76.8 76.8 76.8 76.8 76.8 76.8 76.8 76.8 
83.5 83.5 83.5 83.5 83.5 83.5 83.5 83.5 83.5 83.5 83.5 75.6 75.6 75.6 75.6 75.6 75.6 75.6 75.6 75.6 75.6 75.6 75.6 75.6 75.6 75.6 75.6 75.6 75.6 75.6 75.6 75.6 75.6 75.6 75.6 75.6 75.6 75.6 75.6 75.6 75.6 75.6 75.6 75.6 75.6 75.6 75.6 75.6 75.6 75.6 75.6 75.6 75.6 75.6 75.6 75.6 75.6 75.6 75.6 75.6 75.6 75.6 75.6 75.6 75.6 75.6 75.6 75.6 75.6 75.6 75.6 76.8 76.8 76.8 76.8 76.8 76.8 76.8 76.8 76.8 76.8 76.8 76.8 76.8 76.8 76.8 76.8 76.8 76.8 76.8 76.8 76.8 76.8 76.8 76.8 76.8 76.8 76.8 76.8 76.8 
83.5 83.5 83.5 83.5 83.5 83.5 83.5 83.5 83.5 83.5 83.5 75.6 75.6 75.6 75.6 75.6 75.6 75.6 75.6 75.6 75.6 75.6 75.6 75.6 75.6 75.6 75.6 75.6 75.6 75.6 75.6 75.6 75.6 75.6 75.6 75.6 75.6 75.6 75.6 75.6 75.6 75.6 75.6 75.6 75.6 75.6 75.6 75.6 75.6 75.6 75.6 75.6 75.6 75.6 75.6 75.6 75.6 75.6 75.6 75.6 75.6 75.6 75.6 75.6 75.6 75.6 75.6 75.6 75.6 75.6 75.6 76.8 76.8 76.8 76.8 76.8 76.8 76.8 76.8 76.8 76.8 76.8 76.8 76.8 76.8 76.8 76.8 76.8 76.8 76.8 76.8 76.8 76.8 76.8 76.8 76.8 76.8 76.8 76.8 76.8 
83.5 83.5 83.5 83.5 83.5 83.5 83.5 83.5 83.5 83.5 83.5 75.6 75.6 75.6 75.6 75.6 75.6 75.6 75.6 75.6 75.6 75.6 75.6 75.6 75.6 75.6 75.6 75.6 75.6 75.6 75.6 75.6 75.6 75.6 75.6 75.6 75.6 75.6 75.6 75.6 75.6 75.6 75.6 75.6 75.6 75.6 75.6 75.6 75.6 75.6 75.6 75.6 75.6 75.6 75.6 75.6 75.6 75.6 75.6 75.6 75.6 75.6 75.6 75.6 75.6 75.6 75.6 75.6 75.6 75.6 75.6 76.8 76.8 76.8 76.8 76.8 76.8 76.8 76.8 76.8 76.8 76.8 76.8 76.8 76.8 76.8 76.8 76.8 76.8 76.8 76.8 76.8 76.8 76.8 76.8 76.8 76.8 76.8 76.8 76.8 
83.5 83.5 83.5 83.5 83.5 83.5 83.5 83.5 83.5 83.5 83.5 75.6 75.6 75.6 75.6 75.6 75.6 75.6 75.6 75.6 75.6 75.6 75.6 75.6 75.6 75.6 75.6 75.6 75.6 75.6 75.6 75.6 75.6 75.6 75.6 75.6 75.6 75.6 75.6 75.6 75.6 75.6 75.6 75.6 75.6 75.6 75.6 75.6 75.6 75.6 75.6 75.6 75.6 75.6 75.6 75.6 75.6 75.6 75.6 75.6 75.6 75.6 75.6 75.6 75.6 75.6 75.6 75.6 75.6 75.6 75.6 76.8 76.8 76.8 76.8 76.8 76.8 76.8 76.8 76.8 76.8 76.8 76.8 76.8 76.8 76.8 76.8 76.8 76.8 76.8 76.8 76.8 76.8 76.8 76.8 76.8 76.8 76.8 76.8 76.8 
83.5 83.5 83.5 83.5 83.5 83.5 83.5 83.5 83.5 83.5 83.5 75.6 75.6 75.6 75.6 75.6 75.6 75.6 75.6 75.6 75.6 75.6 75.6 75.6 75.6 75.6 75.6 75.6 75.6 75.6 75.6 75.6 75.6 75.6 75.6 75.6 75.6 75.6 75.6 75.6 75.6 75.6 75.6 75.6 75.6 75.6 75.6 75.6 75.6 75.6 75.6 75.6 75.6 75.6 75.6 75.6 75.6 75.6 75.6 75.6 75.6 75.6 75.6 75.6 75.6 75.6 75.6 75.6 75.6 75.6 75.6 76.8 76.8 76.8 76.8 76.8 76.8 76.8 76.8 76.8 76.8 76.8 76.8 76.8 76.8 76.8 76.8 76.8 76.8 76.8 76.8 76.8 76.8 76.8 76.8 76.8 76.8 76.8 76.8 76.8 
83.5 83.5 83.5 83.5 83.5 83.5 83.5 83.5 83.5 83.5 83.5 75.6 75.6 75.6 75.6 75.6 75.6 75.6 75.6 75.6 75.6 75.6 75.6 75.6 75.6 75.6 75.6 75.6 75.6 75.6 75.6 75.6 75.6 75.6 75.6 75.6 75.6 75.6 75.6 75.6 75.6 75.6 75.6 75.6 75.6 75.6 75.6 75.6 75.6 75.6 75.6 75.6 75.6 75.6 75.6 75.6 75.6 75.6 75.6 75.6 75.6 75.6 75.6 75.6 75.6 75.6 75.6 75.6 75.6 75.6 75.6 76.8 76.8 76.8 76.8 76.8 76.8 76.8 76.8 76.8 76.8 76.8 76.8 76.8 76.8 76.8 76.8 76.8 76.8 76.8 76.8 76.8 76.8 76.8 76.8 76.8 76.8 76.8 76.8 76.8 
83.5 83.5 83.5 83.5 83.5 83.5 83.5 83.5 83.5 83.5 83.5 75.6 75.6 75.6 75.6 75.6 75.6 75.6 75.6 75.6 75.6 75.6 75.6 75.6 75.6 75.6 75.6 75.6 75.6 75.6 75.6 75.6 75.6 75.6 75.6 75.6 75.6 75.6 75.6 75.6 75.6 75.6 75.6 75.6 75.6 75.6 75.6 75.6 75.6 75.6 75.6 75.6 75.6 75.6 75.6 75.6 75.6 75.6 75.6 75.6 75.6 75.6 75.6 75.6 75.6 75.6 75.6 75.6 75.6 75.6 75.6 76.8 76.8 76.8 76.8 76.8 76.8 76.8 76.8 76.8 76.8 76.8 76.8 76.8 76.8 76.8 76.8 76.8 76.8 76.8 76.8 76.8 76.8 76.8 76.8 76.8 76.8 76.8 76.8 76.8 
83.5 83.5 83.5 83.5 83.5 83.5 83.5 83.5 83.5 83.5 83.5 75.6 75.6 75.6 75.6 75.6 75.6 75.6 75.6 75.6 75.6 75.6 75.6 75.6 75.6 75.6 75.6 75.6 75.6 75.6 75.6 75.6 75.6 75.6 75.6 75.6 75.6 75.6 75.6 75.6 75.6 75.6 75.6 75.6 75.6 75.6 75.6 75.6 75.6 75.6 75.6 75.6 75.6 75.6 75.6 75.6 75.6 75.6 75.6 75.6 75.6 75.6 75.6 75.6 75.6 75.6 75.6 75.6 75.6 75.6 75.6 76.8 76.8 76.8 76.8 76.8 76.8 76.8 76.8 76.8 76.8 76.8 76.8 76.8 76.8 76.8 76.8 76.8 76.8 76.8 76.8 76.8 76.8 76.8 76.8 76.8 76.8 76.8 76.8 76.8 
83.5 83.5 83.5 83.5 83.5 83.5 83.5 83.5 83.5 83.5 83.5 75.6 75.6 75.6 75.6 75.6 75.6 75.6 75.6 75.6 75.6 75.6 75.6 75.6 75.6 75.6 75.6 75.6 75.6 75.6 75.6 75.6 75.6 75.6 75.6 75.6 75.6 75.6 75.6 75.6 75.6 75.6 75.6 75.6 75.6 75.6 75.6 75.6 75.6 75.6 75.6 75.6 75.6 75.6 75.6 75.6 75.6 75.6 75.6 75.6 75.6 75.6 75.6 75.6 75.6 75.6 75.6 75.6 75.6 75.6 75.6 76.8 76.8 76.8 76.8 76.8 76.8 76.8 76.8 76.8 76.8 76.8 76.8 76.8 76.8 76.8 76.8 76.8 76.8 76.8 76.8 76.8 76.8 76.8 76.8 76.8 76.8 76.8 76.8 76.8 
83.5 83.5 83.5 83.5 83.5 83.5 83.5 83.5 83.5 83.5 83.5 75.6 75.6 75.6 75.6 75.6 75.6 75.6 75.6 75.6 75.6 75.6 75.6 75.6 75.6 75.6 75.6 75.6 75.6 75.6 75.6 75.6 75.6 75.6 75.6 75.6 75.6 75.6 75.6 75.6 75.6 75.6 75.6 75.6 75.6 75.6 75.6 75.6 75.6 75.6 75.6 75.6 75.6 75.6 75.6 75.6 75.6 75.6 75.6 75.6 75.6 75.6 75.6 75.6 75.6 75.6 75.6 75.6 75.6 75.6 75.6 76.8 76.8 76.8 76.8 76.8 76.8 76.8 76.8 76.8 76.8 76.8 76.8 76.8 76.8 76.8 76.8 76.8 76.8 76.8 76.8 76.8 76.8 76.8 76.8 76.8 76.8 76.8 76.8 76.8 
83.5 83.5 83.5 83.5 83.5 83.5 83.5 83.5 83.5 83.5 83.5 75.6 75.6 75.6 75.6 75.6 75.6 75.6 75.6 75.6 75.6 75.6 75.6 75.6 75.6 75.6 75.6 75.6 75.6 75.6 75.6 75.6 75.6 75.6 75.6 75.6 75.6 75.6 75.6 75.6 75.6 75.6 75.6 75.6 75.6 75.6 75.6 75.6 75.6 75.6 75.6 75.6 75.6 75.6 75.6 75.6 75.6 75.6 75.6 75.6 75.6 75.6 75.6 75.6 75.6 75.6 75.6 75.6 75.6 75.6 75.6 76.8 76.8 76.8 76.8 76.8 76.8 76.8 76.8 76.8 76.8 76.8 76.8 76.8 76.8 76.8 76.8 76.8 76.8 76.8 76.8 76.8 76.8 76.8 76.8 76.8 76.8 76.8 76.8 76.8 
83.5 83.5 83.5 83.5 83.5 83.5 83.5 83.5 83.5 83.5 83.5 75.6 75.6 75.6 75.6 75.6 75.6 75.6 75.6 75.6 75.6 75.6 75.6 75.6 75.6 75.6 75.6 75.6 75.6 75.6 75.6 75.6 75.6 75.6 75.6 75.6 75.6 75.6 75.6 75.6 75.6 75.6 75.6 75.6 75.6 75.6 75.6 75.6 75.6 75.6 75.6 75.6 75.6 75.6 75.6 75.6 75.6 75.6 75.6 75.6 75.6 75.6 75.6 75.6 75.6 75.6 75.6 75.6 75.6 75.6 75.6 76.8 76.8 76.8 76.8 76.8 76.8 76.8 76.8 76.8 76.8 76.8 76.8 76.8 76.8 76.8 76.8 76.8 76.8 76.8 76.8 76.8 76.8 76.8 76.8 76.8 76.8 76.8 76.8 76.8 
83.5 83.5 83.5 83.5 83.5 83.5 83.5 83.5 83.5 83.5 83.5 75.6 75.6 75.6 75.6 75.6 75.6 75.6 75.6 75.6 75.6 75.6 75.6 75.6 75.6 75.6 75.6 75.6 75.6 75.6 75.6 75.6 75.6 75.6 75.6 75.6 75.6 75.6 75.6 75.6 75.6 75.6 75.6 75.6 75.6 75.6 75.6 75.6 75.6 75.6 75.6 75.6 75.6 75.6 75.6 75.6 75.6 75.6 75.6 75.6 75.6 75.6 75.6 75.6 75.6 75.6 75.6 75.6 75.6 75.6 75.6 76.8 76.8 76.8 76.8 76.8 76.8 76.8 76.8 76.8 76.8 76.8 76.8 76.8 76.8 76.8 76.8 76.8 76.8 76.8 76.8 76.8 76.8 76.8 76.8 76.8 76.8 76.8 76.8 76.8 
83.5 83.5 83.5 83.5 83.5 83.5 83.5 83.5 83.5 83.5 83.5 75.6 75.6 75.6 75.6 75.6 75.6 75.6 75.6 75.6 75.6 75.6 75.6 75.6 75.6 75.6 75.6 75.6 75.6 75.6 75.6 75.6 75.6 75.6 75.6 75.6 75.6 75.6 75.6 75.6 75.6 75.6 75.6 75.6 75.6 75.6 75.6 75.6 75.6 75.6 75.6 75.6 75.6 75.6 75.6 75.6 75.6 75.6 75.6 75.6 75.6 75.6 75.6 75.6 75.6 75.6 75.6 75.6 75.6 75.6 75.6 76.8 76.8 76.8 76.8 76.8 76.8 76.8 76.8 76.8 76.8 76.8 76.8 76.8 76.8 76.8 76.8 76.8 76.8 76.8 76.8 76.8 76.8 76.8 76.8 76.8 76.8 76.8 76.8 76.8 
83.5 83.5 83.5 83.5 83.5 83.5 83.5 83.5 83.5 83.5 83.5 75.6 75.6 75.6 75.6 75.6 75.6 75.6 75.6 75.6 75.6 75.6 75.6 75.6 75.6 75.6 75.6 75.6 75.6 75.6 75.6 75.6 75.6 75.6 75.6 75.6 75.6 75.6 75.6 75.6 75.6 75.6 75.6 75.6 75.6 75.6 75.6 75.6 75.6 75.6 75.6 75.6 75.6 75.6 75.6 75.6 75.6 75.6 75.6 75.6 75.6 75.6 75.6 75.6 75.6 75.6 75.6 75.6 75.6 75.6 75.6 76.8 76.8 76.8 76.8 76.8 76.8 76.8 76.8 76.8 76.8 76.8 76.8 76.8 76.8 76.8 76.8 76.8 76.8 76.8 76.8 76.8 76.8 76.8 76.8 76.8 76.8 76.8 76.8 76.8 
83.5 83.5 83.5 83.5 83.5 83.5 83.5 83.5 83.5 83.5 83.5 75.6 75.6 75.6 75.6 75.6 75.6 75.6 75.6 75.6 75.6 75.6 75.6 75.6 75.6 75.6 75.6 75.6 75.6 75.6 75.6 75.6 75.6 75.6 75.6 75.6 75.6 75.6 75.6 75.6 75.6 75.6 75.6 75.6 75.6 75.6 75.6 75.6 75.6 75.6 75.6 75.6 75.6 75.6 75.6 75.6 75.6 75.6 75.6 75.6 75.6 75.6 75.6 75.6 75.6 75.6 75.6 75.6 75.6 75.6 75.6 76.8 76.8 76.8 76.8 76.8 76.8 76.8 76.8 76.8 76.8 76.8 76.8 76.8 76.8 76.8 76.8 76.8 76.8 76.8 76.8 76.8 76.8 76.8 76.8 76.8 76.8 76.8 76.8 76.8 
83.5 83.5 83.5 83.5 83.5 83.5 83.5 83.5 83.5 83.5 83.5 75.6 75.6 75.6 75.6 75.6 75.6 75.6 75.6 75.6 75.6 75.6 75.6 75.6 75.6 75.6 75.6 75.6 75.6 75.6 75.6 75.6 75.6 75.6 75.6 75.6 75.6 75.6 75.6 75.6 75.6 75.6 75.6 75.6 75.6 75.6 75.6 75.6 75.6 75.6 75.6 75.6 75.6 75.6 75.6 75.6 75.6 75.6 75.6 75.6 75.6 75.6 75.6 75.6 75.6 75.6 75.6 75.6 75.6 75.6 75.6 76.8 76.8 76.8 76.8 76.8 76.8 76.8 76.8 76.8 76.8 76.8 76.8 76.8 76.8 76.8 76.8 76.8 76.8 76.8 76.8 76.8 76.8 76.8 76.8 76.8 76.8 76.8 76.8 76.8 
83.5 83.5 83.5 83.5 83.5 83.5 83.5 83.5 83.5 83.5 83.5 75.6 75.6 75.6 75.6 75.6 75.6 75.6 75.6 75.6 75.6 75.6 75.6 75.6 75.6 75.6 75.6 75.6 75.6 75.6 75.6 75.6 75.6 75.6 75.6 75.6 75.6 75.6 75.6 75.6 75.6 75.6 75.6 75.6 75.6 75.6 75.6 75.6 75.6 75.6 75.6 75.6 75.6 75.6 75.6 75.6 75.6 75.6 75.6 75.6 75.6 75.6 75.6 75.6 75.6 75.6 75.6 75.6 75.6 75.6 75.6 76.8 76.8 76.8 76.8 76.8 76.8 76.8 76.8 76.8 76.8 76.8 76.8 76.8 76.8 76.8 76.8 76.8 76.8 76.8 76.8 76.8 76.8 76.8 76.8 76.8 76.8 76.8 76.8 76.8 
83.5 83.5 83.5 83.5 83.5 83.5 83.5 83.5 83.5 83.5 83.5 75.6 75.6 75.6 75.6 75.6 75.6 75.6 75.6 75.6 75.6 75.6 75.6 75.6 75.6 75.6 75.6 75.6 75.6 75.6 75.6 75.6 75.6 75.6 75.6 75.6 75.6 75.6 75.6 75.6 75.6 75.6 75.6 75.6 75.6 75.6 75.6 75.6 75.6 75.6 75.6 75.6 75.6 75.6 75.6 75.6 75.6 75.6 75.6 75.6 75.6 75.6 75.6 75.6 75.6 75.6 75.6 75.6 75.6 75.6 75.6 76.8 76.8 76.8 76.8 76.8 76.8 76.8 76.8 76.8 76.8 76.8 76.8 76.8 76.8 76.8 76.8 76.8 76.8 76.8 76.8 76.8 76.8 76.8 76.8 76.8 76.8 76.8 76.8 76.8 
83.5 83.5 83.5 83.5 83.5 83.5 83.5 83.5 83.5 83.5 83.5 75.6 75.6 75.6 75.6 75.6 75.6 75.6 75.6 75.6 75.6 75.6 75.6 75.6 75.6 75.6 75.6 75.6 75.6 75.6 75.6 75.6 75.6 75.6 75.6 75.6 75.6 75.6 75.6 75.6 75.6 75.6 75.6 75.6 75.6 75.6 75.6 75.6 75.6 75.6 75.6 75.6 75.6 75.6 75.6 75.6 75.6 75.6 75.6 75.6 75.6 75.6 75.6 75.6 75.6 75.6 75.6 75.6 75.6 75.6 75.6 76.8 76.8 76.8 76.8 76.8 76.8 76.8 76.8 76.8 76.8 76.8 76.8 76.8 76.8 76.8 76.8 76.8 76.8 76.8 76.8 76.8 76.8 76.8 76.8 76.8 76.8 76.8 76.8 76.8 
83.5 83.5 83.5 83.5 83.5 83.5 83.5 83.5 83.5 83.5 83.5 75.6 75.6 75.6 75.6 75.6 75.6 75.6 75.6 75.6 75.6 75.6 75.6 75.6 75.6 75.6 75.6 75.6 75.6 75.6 75.6 75.6 75.6 75.6 75.6 75.6 75.6 75.6 75.6 75.6 75.6 75.6 75.6 75.6 75.6 75.6 75.6 75.6 75.6 75.6 75.6 75.6 75.6 75.6 75.6 75.6 75.6 75.6 75.6 75.6 75.6 75.6 75.6 75.6 75.6 75.6 75.6 75.6 75.6 75.6 75.6 76.8 76.8 76.8 76.8 76.8 76.8 76.8 76.8 76.8 76.8 76.8 76.8 76.8 76.8 76.8 76.8 76.8 76.8 76.8 76.8 76.8 76.8 76.8 76.8 76.8 76.8 76.8 76.8 76.8 
83.5 83.5 83.5 83.5 83.5 83.5 83.5 83.5 83.5 83.5 83.5 75.6 75.6 75.6 75.6 75.6 75.6 75.6 75.6 75.6 75.6 75.6 75.6 75.6 75.6 75.6 75.6 75.6 75.6 75.6 75.6 75.6 75.6 75.6 75.6 75.6 75.6 75.6 75.6 75.6 75.6 75.6 75.6 75.6 75.6 75.6 75.6 75.6 75.6 75.6 75.6 75.6 75.6 75.6 75.6 75.6 75.6 75.6 75.6 75.6 75.6 75.6 75.6 75.6 75.6 75.6 75.6 75.6 75.6 75.6 75.6 76.8 76.8 76.8 76.8 76.8 76.8 76.8 76.8 76.8 76.8 76.8 76.8 76.8 76.8 76.8 76.8 76.8 76.8 76.8 76.8 76.8 76.8 76.8 76.8 76.8 76.8 76.8 76.8 76.8 
83.5 83.5 83.5 83.5 83.5 83.5 83.5 83.5 83.5 83.5 83.5 75.6 75.6 75.6 75.6 75.6 75.6 75.6 75.6 75.6 75.6 75.6 75.6 75.6 75.6 75.6 75.6 75.6 75.6 75.6 75.6 75.6 75.6 75.6 75.6 75.6 75.6 75.6 75.6 75.6 75.6 75.6 75.6 75.6 75.6 75.6 75.6 75.6 75.6 75.6 75.6 75.6 75.6 75.6 75.6 75.6 75.6 75.6 75.6 75.6 75.6 75.6 75.6 75.6 75.6 75.6 75.6 75.6 75.6 75.6 75.6 76.8 76.8 76.8 76.8 76.8 76.8 76.8 76.8 76.8 76.8 76.8 76.8 76.8 76.8 76.8 76.8 76.8 76.8 76.8 76.8 76.8 76.8 76.8 76.8 76.8 76.8 76.8 76.8 76.8 
83.5 83.5 83.5 83.5 83.5 83.5 83.5 83.5 83.5 83.5 83.5 75.6 75.6 75.6 75.6 75.6 75.6 75.6 75.6 75.6 75.6 75.6 75.6 75.6 75.6 75.6 75.6 75.6 75.6 75.6 75.6 75.6 75.6 75.6 75.6 75.6 75.6 75.6 75.6 75.6 75.6 75.6 75.6 75.6 75.6 75.6 75.6 75.6 75.6 75.6 75.6 75.6 75.6 75.6 75.6 75.6 75.6 75.6 75.6 75.6 75.6 75.6 75.6 75.6 75.6 75.6 75.6 75.6 75.6 75.6 75.6 76.8 76.8 76.8 76.8 76.8 76.8 76.8 76.8 76.8 76.8 76.8 76.8 76.8 76.8 76.8 76.8 76.8 76.8 76.8 76.8 76.8 76.8 76.8 76.8 76.8 76.8 76.8 76.8 76.8 
83.5 83.5 83.5 83.5 83.5 83.5 83.5 83.5 83.5 83.5 83.5 75.6 75.6 75.6 75.6 75.6 75.6 75.6 75.6 75.6 75.6 75.6 75.6 75.6 75.6 75.6 75.6 75.6 75.6 75.6 75.6 75.6 75.6 75.6 75.6 75.6 75.6 75.6 75.6 75.6 75.6 75.6 75.6 75.6 75.6 75.6 75.6 75.6 75.6 75.6 75.6 75.6 75.6 75.6 75.6 75.6 75.6 75.6 75.6 75.6 75.6 75.6 75.6 75.6 75.6 75.6 75.6 75.6 75.6 75.6 75.6 76.8 76.8 76.8 76.8 76.8 76.8 76.8 76.8 76.8 76.8 76.8 76.8 76.8 76.8 76.8 76.8 76.8 76.8 76.8 76.8 76.8 76.8 76.8 76.8 76.8 76.8 76.8 76.8 76.8 
83.5 83.5 83.5 83.5 83.5 83.5 83.5 83.5 83.5 83.5 83.5 75.6 75.6 75.6 75.6 75.6 75.6 75.6 75.6 75.6 75.6 75.6 75.6 75.6 75.6 75.6 75.6 75.6 75.6 75.6 75.6 75.6 75.6 75.6 75.6 75.6 75.6 75.6 75.6 75.6 75.6 75.6 75.6 75.6 75.6 75.6 75.6 75.6 75.6 75.6 75.6 75.6 75.6 75.6 75.6 75.6 75.6 75.6 75.6 75.6 75.6 75.6 75.6 75.6 75.6 75.6 75.6 75.6 75.6 75.6 75.6 76.8 76.8 76.8 76.8 76.8 76.8 76.8 76.8 76.8 76.8 76.8 76.8 76.8 76.8 76.8 76.8 76.8 76.8 76.8 76.8 76.8 76.8 76.8 76.8 76.8 76.8 76.8 76.8 76.8 
83.5 83.5 83.5 83.5 83.5 83.5 83.5 83.5 83.5 83.5 83.5 75.6 75.6 75.6 75.6 75.6 75.6 75.6 75.6 75.6 75.6 75.6 75.6 75.6 75.6 75.6 75.6 75.6 75.6 75.6 75.6 75.6 75.6 75.6 75.6 75.6 75.6 75.6 75.6 75.6 75.6 75.6 75.6 75.6 75.6 75.6 75.6 75.6 75.6 75.6 75.6 75.6 75.6 75.6 75.6 75.6 75.6 75.6 75.6 75.6 75.6 75.6 75.6 75.6 75.6 75.6 75.6 75.6 75.6 75.6 75.6 76.8 76.8 76.8 76.8 76.8 76.8 76.8 76.8 76.8 76.8 76.8 76.8 76.8 76.8 76.8 76.8 76.8 76.8 76.8 76.8 76.8 76.8 76.8 76.8 76.8 76.8 76.8 76.8 76.8 
83.5 83.5 83.5 83.5 83.5 83.5 83.5 83.5 83.5 83.5 83.5 75.6 75.6 75.6 75.6 75.6 75.6 75.6 75.6 75.6 75.6 75.6 75.6 75.6 75.6 75.6 75.6 75.6 75.6 75.6 75.6 75.6 75.6 75.6 75.6 75.6 75.6 75.6 75.6 75.6 75.6 75.6 75.6 75.6 75.6 75.6 75.6 75.6 75.6 75.6 75.6 75.6 75.6 75.6 75.6 75.6 75.6 75.6 75.6 75.6 75.6 75.6 75.6 75.6 75.6 75.6 75.6 75.6 75.6 75.6 75.6 76.8 76.8 76.8 76.8 76.8 76.8 76.8 76.8 76.8 76.8 76.8 76.8 76.8 76.8 76.8 76.8 76.8 76.8 76.8 76.8 76.8 76.8 76.8 76.8 76.8 76.8 76.8 76.8 76.8 
83.5 83.5 83.5 83.5 83.5 83.5 83.5 83.5 83.5 83.5 83.5 75.6 75.6 75.6 75.6 75.6 75.6 75.6 75.6 75.6 75.6 75.6 75.6 75.6 75.6 75.6 75.6 75.6 75.6 75.6 75.6 75.6 75.6 75.6 75.6 75.6 75.6 75.6 75.6 75.6 75.6 75.6 75.6 75.6 75.6 75.6 75.6 75.6 75.6 75.6 75.6 75.6 75.6 75.6 75.6 75.6 75.6 75.6 75.6 75.6 75.6 75.6 75.6 75.6 75.6 75.6 75.6 75.6 75.6 75.6 75.6 76.8 76.8 76.8 76.8 76.8 76.8 76.8 76.8 76.8 76.8 76.8 76.8 76.8 76.8 76.8 76.8 76.8 76.8 76.8 76.8 76.8 76.8 76.8 76.8 76.8 76.8 76.8 76.8 76.8 
83.5 83.5 83.5 83.5 83.5 83.5 83.5 83.5 83.5 83.5 83.5 75.6 75.6 75.6 75.6 75.6 75.6 75.6 75.6 75.6 75.6 75.6 75.6 75.6 75.6 75.6 75.6 75.6 75.6 75.6 75.6 75.6 75.6 75.6 75.6 75.6 75.6 75.6 75.6 75.6 75.6 75.6 75.6 75.6 75.6 75.6 75.6 75.6 75.6 75.6 75.6 75.6 75.6 75.6 75.6 75.6 75.6 75.6 75.6 75.6 75.6 75.6 75.6 75.6 75.6 75.6 75.6 75.6 75.6 75.6 75.6 76.8 76.8 76.8 76.8 76.8 76.8 76.8 76.8 76.8 76.8 76.8 76.8 76.8 76.8 76.8 76.8 76.8 76.8 76.8 76.8 76.8 76.8 76.8 76.8 76.8 76.8 76.8 76.8 76.8 
83.5 83.5 83.5 83.5 83.5 83.5 83.5 83.5 83.5 83.5 83.5 75.6 75.6 75.6 75.6 75.6 75.6 75.6 75.6 75.6 75.6 75.6 75.6 75.6 75.6 75.6 75.6 75.6 75.6 75.6 75.6 75.6 75.6 75.6 75.6 75.6 75.6 75.6 75.6 75.6 75.6 75.6 75.6 75.6 75.6 75.6 75.6 75.6 75.6 75.6 75.6 75.6 75.6 75.6 75.6 75.6 75.6 75.6 75.6 75.6 75.6 75.6 75.6 75.6 75.6 75.6 75.6 75.6 75.6 75.6 75.6 76.8 76.8 76.8 76.8 76.8 76.8 76.8 76.8 76.8 76.8 76.8 76.8 76.8 76.8 76.8 76.8 76.8 76.8 76.8 76.8 76.8 76.8 76.8 76.8 76.8 76.8 76.8 76.8 76.8 
83.5 83.5 83.5 83.5 83.5 83.5 83.5 83.5 83.5 83.5 83.5 75.6 75.6 75.6 75.6 75.6 75.6 75.6 75.6 75.6 75.6 75.6 75.6 75.6 75.6 75.6 75.6 75.6 75.6 75.6 75.6 75.6 75.6 75.6 75.6 75.6 75.6 75.6 75.6 75.6 75.6 75.6 75.6 75.6 75.6 75.6 75.6 75.6 75.6 75.6 75.6 75.6 75.6 75.6 75.6 75.6 75.6 75.6 75.6 75.6 75.6 75.6 75.6 75.6 75.6 75.6 75.6 75.6 75.6 75.6 75.6 76.8 76.8 76.8 76.8 76.8 76.8 76.8 76.8 76.8 76.8 76.8 76.8 76.8 76.8 76.8 76.8 76.8 76.8 76.8 76.8 76.8 76.8 76.8 76.8 76.8 76.8 76.8 76.8 76.8 
83.5 83.5 83.5 83.5 83.5 83.5 83.5 83.5 83.5 83.5 83.5 75.6 75.6 75.6 75.6 75.6 75.6 75.6 75.6 75.6 75.6 75.6 75.6 75.6 75.6 75.6 75.6 75.6 75.6 75.6 75.6 75.6 75.6 75.6 75.6 75.6 75.6 75.6 75.6 75.6 75.6 75.6 75.6 75.6 75.6 75.6 75.6 75.6 75.6 75.6 75.6 75.6 75.6 75.6 75.6 75.6 75.6 75.6 75.6 75.6 75.6 75.6 75.6 75.6 75.6 75.6 75.6 75.6 75.6 75.6 75.6 76.8 76.8 76.8 76.8 76.8 76.8 76.8 76.8 76.8 76.8 76.8 76.8 76.8 76.8 76.8 76.8 76.8 76.8 76.8 76.8 76.8 76.8 76.8 76.8 76.8 76.8 76.8 76.8 76.8 
83.5 83.5 83.5 83.5 83.5 83.5 83.5 83.5 83.5 83.5 83.5 75.6 75.6 75.6 75.6 75.6 75.6 75.6 75.6 75.6 75.6 75.6 75.6 75.6 75.6 75.6 75.6 75.6 75.6 75.6 75.6 75.6 75.6 75.6 75.6 75.6 75.6 75.6 75.6 75.6 75.6 75.6 75.6 75.6 75.6 75.6 75.6 75.6 75.6 75.6 75.6 75.6 75.6 75.6 75.6 75.6 75.6 75.6 75.6 75.6 75.6 75.6 75.6 75.6 75.6 75.6 75.6 75.6 75.6 75.6 75.6 76.8 76.8 76.8 76.8 76.8 76.8 76.8 76.8 76.8 76.8 76.8 76.8 76.8 76.8 76.8 76.8 76.8 76.8 76.8 76.8 76.8 76.8 76.8 76.8 76.8 76.8 76.8 76.8 76.8 
83.5 83.5 83.5 83.5 83.5 83.5 83.5 83.5 83.5 83.5 83.5 75.6 75.6 75.6 75.6 75.6 75.6 75.6 75.6 75.6 75.6 75.6 75.6 75.6 75.6 75.6 75.6 75.6 75.6 75.6 75.6 75.6 75.6 75.6 75.6 75.6 75.6 75.6 75.6 75.6 75.6 75.6 75.6 75.6 75.6 75.6 75.6 75.6 75.6 75.6 75.6 75.6 75.6 75.6 75.6 75.6 75.6 75.6 75.6 75.6 75.6 75.6 75.6 75.6 75.6 75.6 75.6 75.6 75.6 75.6 75.6 76.8 76.8 76.8 76.8 76.8 76.8 76.8 76.8 76.8 76.8 76.8 76.8 76.8 76.8 76.8 76.8 76.8 76.8 76.8 76.8 76.8 76.8 76.8 76.8 76.8 76.8 76.8 76.8 76.8 
83.5 83.5 83.5 83.5 83.5 83.5 83.5 83.5 83.5 83.5 83.5 75.6 75.6 75.6 75.6 75.6 75.6 75.6 75.6 75.6 75.6 75.6 75.6 75.6 75.6 75.6 75.6 75.6 75.6 75.6 75.6 75.6 75.6 75.6 75.6 75.6 75.6 75.6 75.6 75.6 75.6 75.6 75.6 75.6 75.6 75.6 75.6 75.6 75.6 75.6 75.6 75.6 75.6 75.6 75.6 75.6 75.6 75.6 75.6 75.6 75.6 75.6 75.6 75.6 75.6 75.6 75.6 75.6 75.6 75.6 75.6 76.8 76.8 76.8 76.8 76.8 76.8 76.8 76.8 76.8 76.8 76.8 76.8 76.8 76.8 76.8 76.8 76.8 76.8 76.8 76.8 76.8 76.8 76.8 76.8 76.8 76.8 76.8 76.8 76.8 
83.5 83.5 83.5 83.5 83.5 83.5 83.5 83.5 83.5 83.5 83.5 75.6 75.6 75.6 75.6 75.6 75.6 75.6 75.6 75.6 75.6 75.6 75.6 75.6 75.6 75.6 75.6 75.6 75.6 75.6 75.6 75.6 75.6 75.6 75.6 75.6 75.6 75.6 75.6 75.6 75.6 75.6 75.6 75.6 75.6 75.6 75.6 75.6 75.6 75.6 75.6 75.6 75.6 75.6 75.6 75.6 75.6 75.6 75.6 75.6 75.6 75.6 75.6 75.6 75.6 75.6 75.6 75.6 75.6 75.6 75.6 76.8 76.8 76.8 76.8 76.8 76.8 76.8 76.8 76.8 76.8 76.8 76.8 76.8 76.8 76.8 76.8 76.8 76.8 76.8 76.8 76.8 76.8 76.8 76.8 76.8 76.8 76.8 76.8 76.8 
83.5 83.5 83.5 83.5 83.5 83.5 83.5 83.5 83.5 83.5 83.5 75.6 75.6 75.6 75.6 75.6 75.6 75.6 75.6 75.6 75.6 75.6 75.6 75.6 75.6 75.6 75.6 75.6 75.6 75.6 75.6 75.6 75.6 75.6 75.6 75.6 75.6 75.6 75.6 75.6 75.6 75.6 75.6 75.6 75.6 75.6 75.6 75.6 75.6 75.6 75.6 75.6 75.6 75.6 75.6 75.6 75.6 75.6 75.6 75.6 75.6 75.6 75.6 75.6 75.6 75.6 75.6 75.6 75.6 75.6 75.6 76.8 76.8 76.8 76.8 76.8 76.8 76.8 76.8 76.8 76.8 76.8 76.8 76.8 76.8 76.8 76.8 76.8 76.8 76.8 76.8 76.8 76.8 76.8 76.8 76.8 76.8 76.8 76.8 76.8 
83.5 83.5 83.5 83.5 83.5 83.5 83.5 83.5 83.5 83.5 83.5 75.6 75.6 75.6 75.6 75.6 75.6 75.6 75.6 75.6 75.6 75.6 75.6 75.6 75.6 75.6 75.6 75.6 75.6 75.6 75.6 75.6 75.6 75.6 75.6 75.6 75.6 75.6 75.6 75.6 75.6 75.6 75.6 75.6 75.6 75.6 75.6 75.6 75.6 75.6 75.6 75.6 75.6 75.6 75.6 75.6 75.6 75.6 75.6 75.6 75.6 75.6 75.6 75.6 75.6 75.6 75.6 75.6 75.6 75.6 75.6 76.8 76.8 76.8 76.8 76.8 76.8 76.8 76.8 76.8 76.8 76.8 76.8 76.8 76.8 76.8 76.8 76.8 76.8 76.8 76.8 76.8 76.8 76.8 76.8 76.8 76.8 76.8 76.8 76.8 
83.5 83.5 83.5 83.5 83.5 83.5 83.5 83.5 83.5 83.5 83.5 75.6 75.6 75.6 75.6 75.6 75.6 75.6 75.6 75.6 75.6 75.6 75.6 75.6 75.6 75.6 75.6 75.6 75.6 75.6 75.6 75.6 75.6 75.6 75.6 75.6 75.6 75.6 75.6 75.6 75.6 75.6 75.6 75.6 75.6 75.6 75.6 75.6 75.6 75.6 75.6 75.6 75.6 75.6 75.6 75.6 75.6 75.6 75.6 75.6 75.6 75.6 75.6 75.6 75.6 75.6 75.6 75.6 75.6 75.6 75.6 76.8 76.8 76.8 76.8 76.8 76.8 76.8 76.8 76.8 76.8 76.8 76.8 76.8 76.8 76.8 76.8 76.8 76.8 76.8 76.8 76.8 76.8 76.8 76.8 76.8 76.8 76.8 76.8 76.8 
83.5 83.5 83.5 83.5 83.5 83.5 83.5 83.5 83.5 83.5 83.5 75.6 75.6 75.6 75.6 75.6 75.6 75.6 75.6 75.6 75.6 75.6 75.6 75.6 75.6 75.6 75.6 75.6 75.6 75.6 75.6 75.6 75.6 75.6 75.6 75.6 75.6 75.6 75.6 75.6 75.6 75.6 75.6 75.6 75.6 75.6 75.6 75.6 75.6 75.6 75.6 75.6 75.6 75.6 75.6 75.6 75.6 75.6 75.6 75.6 75.6 75.6 75.6 75.6 75.6 75.6 75.6 75.6 75.6 75.6 75.6 76.8 76.8 76.8 76.8 76.8 76.8 76.8 76.8 76.8 76.8 76.8 76.8 76.8 76.8 76.8 76.8 76.8 76.8 76.8 76.8 76.8 76.8 76.8 76.8 76.8 76.8 76.8 76.8 76.8 
83.5 83.5 83.5 83.5 83.5 83.5 83.5 83.5 83.5 83.5 83.5 75.6 75.6 75.6 75.6 75.6 75.6 75.6 75.6 75.6 75.6 75.6 75.6 75.6 75.6 75.6 75.6 75.6 75.6 75.6 75.6 75.6 75.6 75.6 75.6 75.6 75.6 75.6 75.6 75.6 75.6 75.6 75.6 75.6 75.6 75.6 75.6 75.6 75.6 75.6 75.6 75.6 75.6 75.6 75.6 75.6 75.6 75.6 75.6 75.6 75.6 75.6 75.6 75.6 75.6 75.6 75.6 75.6 75.6 75.6 75.6 76.8 76.8 76.8 76.8 76.8 76.8 76.8 76.8 76.8 76.8 76.8 76.8 76.8 76.8 76.8 76.8 76.8 76.8 76.8 76.8 76.8 76.8 76.8 76.8 76.8 76.8 76.8 76.8 76.8 
83.5 83.5 83.5 83.5 83.5 83.5 83.5 83.5 83.5 83.5 83.5 75.6 75.6 75.6 75.6 75.6 75.6 75.6 75.6 75.6 75.6 75.6 75.6 75.6 75.6 75.6 75.6 75.6 75.6 75.6 75.6 75.6 75.6 75.6 75.6 75.6 75.6 75.6 75.6 75.6 75.6 75.6 75.6 75.6 75.6 75.6 75.6 75.6 75.6 75.6 75.6 75.6 75.6 75.6 75.6 75.6 75.6 75.6 75.6 75.6 75.6 75.6 75.6 75.6 75.6 75.6 75.6 75.6 75.6 75.6 75.6 76.8 76.8 76.8 76.8 76.8 76.8 76.8 76.8 76.8 76.8 76.8 76.8 76.8 76.8 76.8 76.8 76.8 76.8 76.8 76.8 76.8 76.8 76.8 76.8 76.8 76.8 76.8 76.8 76.8 
83.5 83.5 83.5 83.5 83.5 83.5 83.5 83.5 83.5 83.5 83.5 75.6 75.6 75.6 75.6 75.6 75.6 75.6 75.6 75.6 75.6 75.6 75.6 75.6 75.6 75.6 75.6 75.6 75.6 75.6 75.6 75.6 75.6 75.6 75.6 75.6 75.6 75.6 75.6 75.6 75.6 75.6 75.6 75.6 75.6 75.6 75.6 75.6 75.6 75.6 75.6 75.6 75.6 75.6 75.6 75.6 75.6 75.6 75.6 75.6 75.6 75.6 75.6 75.6 75.6 75.6 75.6 75.6 75.6 75.6 75.6 76.8 76.8 76.8 76.8 76.8 76.8 76.8 76.8 76.8 76.8 76.8 76.8 76.8 76.8 76.8 76.8 76.8 76.8 76.8 76.8 76.8 76.8 76.8 76.8 76.8 76.8 76.8 76.8 76.8 
83.5 83.5 83.5 83.5 83.5 83.5 83.5 83.5 83.5 83.5 83.5 75.6 75.6 75.6 75.6 75.6 75.6 75.6 75.6 75.6 75.6 75.6 75.6 75.6 75.6 75.6 75.6 75.6 75.6 75.6 75.6 75.6 75.6 75.6 75.6 75.6 75.6 75.6 75.6 75.6 75.6 75.6 75.6 75.6 75.6 75.6 75.6 75.6 75.6 75.6 75.6 75.6 75.6 75.6 75.6 75.6 75.6 75.6 75.6 75.6 75.6 75.6 75.6 75.6 75.6 75.6 75.6 75.6 75.6 75.6 75.6 76.8 76.8 76.8 76.8 76.8 76.8 76.8 76.8 76.8 76.8 76.8 76.8 76.8 76.8 76.8 76.8 76.8 76.8 76.8 76.8 76.8 76.8 76.8 76.8 76.8 76.8 76.8 76.8 76.8 
83.5 83.5 83.5 83.5 83.5 83.5 83.5 83.5 83.5 83.5 83.5 75.6 75.6 75.6 75.6 75.6 75.6 75.6 75.6 75.6 75.6 75.6 75.6 75.6 75.6 75.6 75.6 75.6 75.6 75.6 75.6 75.6 75.6 75.6 75.6 75.6 75.6 75.6 75.6 75.6 75.6 75.6 75.6 75.6 75.6 75.6 75.6 75.6 75.6 75.6 75.6 75.6 75.6 75.6 75.6 75.6 75.6 75.6 75.6 75.6 75.6 75.6 75.6 75.6 75.6 75.6 75.6 75.6 75.6 75.6 75.6 76.8 76.8 76.8 76.8 76.8 76.8 76.8 76.8 76.8 76.8 76.8 76.8 76.8 76.8 76.8 76.8 76.8 76.8 76.8 76.8 76.8 76.8 76.8 76.8 76.8 76.8 76.8 76.8 76.8 
83.5 83.5 83.5 83.5 83.5 83.5 83.5 83.5 83.5 83.5 83.5 75.6 75.6 75.6 75.6 75.6 75.6 75.6 75.6 75.6 75.6 75.6 75.6 75.6 75.6 75.6 75.6 75.6 75.6 75.6 75.6 75.6 75.6 75.6 75.6 75.6 75.6 75.6 75.6 75.6 75.6 75.6 75.6 75.6 75.6 75.6 75.6 75.6 75.6 75.6 75.6 75.6 75.6 75.6 75.6 75.6 75.6 75.6 75.6 75.6 75.6 75.6 75.6 75.6 75.6 75.6 75.6 75.6 75.6 75.6 75.6 76.8 76.8 76.8 76.8 76.8 76.8 76.8 76.8 76.8 76.8 76.8 76.8 76.8 76.8 76.8 76.8 76.8 76.8 76.8 76.8 76.8 76.8 76.8 76.8 76.8 76.8 76.8 76.8 76.8 
83.5 83.5 83.5 83.5 83.5 83.5 83.5 83.5 83.5 83.5 83.5 75.6 75.6 75.6 75.6 75.6 75.6 75.6 75.6 75.6 75.6 75.6 75.6 75.6 75.6 75.6 75.6 75.6 75.6 75.6 75.6 75.6 75.6 75.6 75.6 75.6 75.6 75.6 75.6 75.6 75.6 75.6 75.6 75.6 75.6 75.6 75.6 75.6 75.6 75.6 75.6 75.6 75.6 75.6 75.6 75.6 75.6 75.6 75.6 75.6 75.6 75.6 75.6 75.6 75.6 75.6 75.6 75.6 75.6 75.6 75.6 76.8 76.8 76.8 76.8 76.8 76.8 76.8 76.8 76.8 76.8 76.8 76.8 76.8 76.8 76.8 76.8 76.8 76.8 76.8 76.8 76.8 76.8 76.8 76.8 76.8 76.8 76.8 76.8 76.8 
83.5 83.5 83.5 83.5 83.5 83.5 83.5 83.5 83.5 83.5 83.5 75.6 75.6 75.6 75.6 75.6 75.6 75.6 75.6 75.6 75.6 75.6 75.6 75.6 75.6 75.6 75.6 75.6 75.6 75.6 75.6 75.6 75.6 75.6 75.6 75.6 75.6 75.6 75.6 75.6 75.6 75.6 75.6 75.6 75.6 75.6 75.6 75.6 75.6 75.6 75.6 75.6 75.6 75.6 75.6 75.6 75.6 75.6 75.6 75.6 75.6 75.6 75.6 75.6 75.6 75.6 75.6 75.6 75.6 75.6 75.6 76.8 76.8 76.8 76.8 76.8 76.8 76.8 76.8 76.8 76.8 76.8 76.8 76.8 76.8 76.8 76.8 76.8 76.8 76.8 76.8 76.8 76.8 76.8 76.8 76.8 76.8 76.8 76.8 76.8 
129.8 129.8 129.8 129.8 129.8 129.8 129.8 129.8 129.8 129.8 129.8 126.2 126.2 126.2 126.2 126.2 126.2 126.2 126.2 126.2 126.2 126.2 126.2 126.2 126.2 126.2 126.2 126.2 126.2 126.2 126.2 126.2 126.2 126.2 126.2 126.2 126.2 126.2 126.2 126.2 126.2 126.2 126.2 126.2 126.2 126.2 126.2 126.2 126.2 126.2 126.2 126.2 126.2 126.2 126.2 126.2 126.2 126.2 126.2 126.2 126.2 126.2 126.2 126.2 126.2 126.2 126.2 126.2 126.2 126.2 126.2 113.1 113.1 113.1 113.1 113.1 113.1 113.1 113.1 113.1 113.1 113.1 113.1 113.1 113.1 113.1 113.1 113.1 113.1 113.1 113.1 113.1 113.1 113.1 113.1 113.1 113.1 113.1 113.1 113.1 
129.8 129.8 129.8 129.8 129.8 129.8 129.8 129.8 129.8 129.8 129.8 126.2 126.2 126.2 126.2 126.2 126.2 126.2 126.2 126.2 126.2 126.2 126.2 126.2 126.2 126.2 126.2 126.2 126.2 126.2 126.2 126.2 126.2 126.2 126.2 126.2 126.2 126.2 126.2 126.2 126.2 126.2 126.2 126.2 126.2 126.2 126.2 126.2 126.2 126.2 126.2 126.2 126.2 126.2 126.2 126.2 126.2 126.2 126.2 126.2 126.2 126.2 126.2 126.2 126.2 126.2 126.2 126.2 126.2 126.2 126.2 113.1 113.1 113.1 113.1 113.1 113.1 113.1 113.1 113.1 113.1 113.1 113.1 113.1 113.1 113.1 113.1 113.1 113.1 113.1 113.1 113.1 113.1 113.1 113.1 113.1 113.1 113.1 113.1 113.1 
129.8 129.8 129.8 129.8 129.8 129.8 129.8 129.8 129.8 129.8 129.8 126.2 126.2 126.2 126.2 126.2 126.2 126.2 126.2 126.2 126.2 126.2 126.2 126.2 126.2 126.2 126.2 126.2 126.2 126.2 126.2 126.2 126.2 126.2 126.2 126.2 126.2 126.2 126.2 126.2 126.2 126.2 126.2 126.2 126.2 126.2 126.2 126.2 126.2 126.2 126.2 126.2 126.2 126.2 126.2 126.2 126.2 126.2 126.2 126.2 126.2 126.2 126.2 126.2 126.2 126.2 126.2 126.2 126.2 126.2 126.2 113.1 113.1 113.1 113.1 113.1 113.1 113.1 113.1 113.1 113.1 113.1 113.1 113.1 113.1 113.1 113.1 113.1 113.1 113.1 113.1 113.1 113.1 113.1 113.1 113.1 113.1 113.1 113.1 113.1 
129.8 129.8 129.8 129.8 129.8 129.8 129.8 129.8 129.8 129.8 129.8 126.2 126.2 126.2 126.2 126.2 126.2 126.2 126.2 126.2 126.2 126.2 126.2 126.2 126.2 126.2 126.2 126.2 126.2 126.2 126.2 126.2 126.2 126.2 126.2 126.2 126.2 126.2 126.2 126.2 126.2 126.2 126.2 126.2 126.2 126.2 126.2 126.2 126.2 126.2 126.2 126.2 126.2 126.2 126.2 126.2 126.2 126.2 126.2 126.2 126.2 126.2 126.2 126.2 126.2 126.2 126.2 126.2 126.2 126.2 126.2 113.1 113.1 113.1 113.1 113.1 113.1 113.1 113.1 113.1 113.1 113.1 113.1 113.1 113.1 113.1 113.1 113.1 113.1 113.1 113.1 113.1 113.1 113.1 113.1 113.1 113.1 113.1 113.1 113.1 
129.8 129.8 129.8 129.8 129.8 129.8 129.8 129.8 129.8 129.8 129.8 126.2 126.2 126.2 126.2 126.2 126.2 126.2 126.2 126.2 126.2 126.2 126.2 126.2 126.2 126.2 126.2 126.2 126.2 126.2 126.2 126.2 126.2 126.2 126.2 126.2 126.2 126.2 126.2 126.2 126.2 126.2 126.2 126.2 126.2 126.2 126.2 126.2 126.2 126.2 126.2 126.2 126.2 126.2 126.2 126.2 126.2 126.2 126.2 126.2 126.2 126.2 126.2 126.2 126.2 126.2 126.2 126.2 126.2 126.2 126.2 113.1 113.1 113.1 113.1 113.1 113.1 113.1 113.1 113.1 113.1 113.1 113.1 113.1 113.1 113.1 113.1 113.1 113.1 113.1 113.1 113.1 113.1 113.1 113.1 113.1 113.1 113.1 113.1 113.1 
129.8 129.8 129.8 129.8 129.8 129.8 129.8 129.8 129.8 129.8 129.8 126.2 126.2 126.2 126.2 126.2 126.2 126.2 126.2 126.2 126.2 126.2 126.2 126.2 126.2 126.2 126.2 126.2 126.2 126.2 126.2 126.2 126.2 126.2 126.2 126.2 126.2 126.2 126.2 126.2 126.2 126.2 126.2 126.2 126.2 126.2 126.2 126.2 126.2 126.2 126.2 126.2 126.2 126.2 126.2 126.2 126.2 126.2 126.2 126.2 126.2 126.2 126.2 126.2 126.2 126.2 126.2 126.2 126.2 126.2 126.2 113.1 113.1 113.1 113.1 113.1 113.1 113.1 113.1 113.1 113.1 113.1 113.1 113.1 113.1 113.1 113.1 113.1 113.1 113.1 113.1 113.1 113.1 113.1 113.1 113.1 113.1 113.1 113.1 113.1 
129.8 129.8 129.8 129.8 129.8 129.8 129.8 129.8 129.8 129.8 129.8 126.2 126.2 126.2 126.2 126.2 126.2 126.2 126.2 126.2 126.2 126.2 126.2 126.2 126.2 126.2 126.2 126.2 126.2 126.2 126.2 126.2 126.2 126.2 126.2 126.2 126.2 126.2 126.2 126.2 126.2 126.2 126.2 126.2 126.2 126.2 126.2 126.2 126.2 126.2 126.2 126.2 126.2 126.2 126.2 126.2 126.2 126.2 126.2 126.2 126.2 126.2 126.2 126.2 126.2 126.2 126.2 126.2 126.2 126.2 126.2 113.1 113.1 113.1 113.1 113.1 113.1 113.1 113.1 113.1 113.1 113.1 113.1 113.1 113.1 113.1 113.1 113.1 113.1 113.1 113.1 113.1 113.1 113.1 113.1 113.1 113.1 113.1 113.1 113.1 
129.8 129.8 129.8 129.8 129.8 129.8 129.8 129.8 129.8 129.8 129.8 126.2 126.2 126.2 126.2 126.2 126.2 126.2 126.2 126.2 126.2 126.2 126.2 126.2 126.2 126.2 126.2 126.2 126.2 126.2 126.2 126.2 126.2 126.2 126.2 126.2 126.2 126.2 126.2 126.2 126.2 126.2 126.2 126.2 126.2 126.2 126.2 126.2 126.2 126.2 126.2 126.2 126.2 126.2 126.2 126.2 126.2 126.2 126.2 126.2 126.2 126.2 126.2 126.2 126.2 126.2 126.2 126.2 126.2 126.2 126.2 113.1 113.1 113.1 113.1 113.1 113.1 113.1 113.1 113.1 113.1 113.1 113.1 113.1 113.1 113.1 113.1 113.1 113.1 113.1 113.1 113.1 113.1 113.1 113.1 113.1 113.1 113.1 113.1 113.1 
129.8 129.8 129.8 129.8 129.8 129.8 129.8 129.8 129.8 129.8 129.8 126.2 126.2 126.2 126.2 126.2 126.2 126.2 126.2 126.2 126.2 126.2 126.2 126.2 126.2 126.2 126.2 126.2 126.2 126.2 126.2 126.2 126.2 126.2 126.2 126.2 126.2 126.2 126.2 126.2 126.2 126.2 126.2 126.2 126.2 126.2 126.2 126.2 126.2 126.2 126.2 126.2 126.2 126.2 126.2 126.2 126.2 126.2 126.2 126.2 126.2 126.2 126.2 126.2 126.2 126.2 126.2 126.2 126.2 126.2 126.2 113.1 113.1 113.1 113.1 113.1 113.1 113.1 113.1 113.1 113.1 113.1 113.1 113.1 113.1 113.1 113.1 113.1 113.1 113.1 113.1 113.1 113.1 113.1 113.1 113.1 113.1 113.1 113.1 113.1 
129.8 129.8 129.8 129.8 129.8 129.8 129.8 129.8 129.8 129.8 129.8 126.2 126.2 126.2 126.2 126.2 126.2 126.2 126.2 126.2 126.2 126.2 126.2 126.2 126.2 126.2 126.2 126.2 126.2 126.2 126.2 126.2 126.2 126.2 126.2 126.2 126.2 126.2 126.2 126.2 126.2 126.2 126.2 126.2 126.2 126.2 126.2 126.2 126.2 126.2 126.2 126.2 126.2 126.2 126.2 126.2 126.2 126.2 126.2 126.2 126.2 126.2 126.2 126.2 126.2 126.2 126.2 126.2 126.2 126.2 126.2 113.1 113.1 113.1 113.1 113.1 113.1 113.1 113.1 113.1 113.1 113.1 113.1 113.1 113.1 113.1 113.1 113.1 113.1 113.1 113.1 113.1 113.1 113.1 113.1 113.1 113.1 113.1 113.1 113.1 
129.8 129.8 129.8 129.8 129.8 129.8 129.8 129.8 129.8 129.8 129.8 126.2 126.2 126.2 126.2 126.2 126.2 126.2 126.2 126.2 126.2 126.2 126.2 126.2 126.2 126.2 126.2 126.2 126.2 126.2 126.2 126.2 126.2 126.2 126.2 126.2 126.2 126.2 126.2 126.2 126.2 126.2 126.2 126.2 126.2 126.2 126.2 126.2 126.2 126.2 126.2 126.2 126.2 126.2 126.2 126.2 126.2 126.2 126.2 126.2 126.2 126.2 126.2 126.2 126.2 126.2 126.2 126.2 126.2 126.2 126.2 113.1 113.1 113.1 113.1 113.1 113.1 113.1 113.1 113.1 113.1 113.1 113.1 113.1 113.1 113.1 113.1 113.1 113.1 113.1 113.1 113.1 113.1 113.1 113.1 113.1 113.1 113.1 113.1 113.1 
129.8 129.8 129.8 129.8 129.8 129.8 129.8 129.8 129.8 129.8 129.8 126.2 126.2 126.2 126.2 126.2 126.2 126.2 126.2 126.2 126.2 126.2 126.2 126.2 126.2 126.2 126.2 126.2 126.2 126.2 126.2 126.2 126.2 126.2 126.2 126.2 126.2 126.2 126.2 126.2 126.2 126.2 126.2 126.2 126.2 126.2 126.2 126.2 126.2 126.2 126.2 126.2 126.2 126.2 126.2 126.2 126.2 126.2 126.2 126.2 126.2 126.2 126.2 126.2 126.2 126.2 126.2 126.2 126.2 126.2 126.2 113.1 113.1 113.1 113.1 113.1 113.1 113.1 113.1 113.1 113.1 113.1 113.1 113.1 113.1 113.1 113.1 113.1 113.1 113.1 113.1 113.1 113.1 113.1 113.1 113.1 113.1 113.1 113.1 113.1 
129.8 129.8 129.8 129.8 129.8 129.8 129.8 129.8 129.8 129.8 129.8 126.2 126.2 126.2 126.2 126.2 126.2 126.2 126.2 126.2 126.2 126.2 126.2 126.2 126.2 126.2 126.2 126.2 126.2 126.2 126.2 126.2 126.2 126.2 126.2 126.2 126.2 126.2 126.2 126.2 126.2 126.2 126.2 126.2 126.2 126.2 126.2 126.2 126.2 126.2 126.2 126.2 126.2 126.2 126.2 126.2 126.2 126.2 126.2 126.2 126.2 126.2 126.2 126.2 126.2 126.2 126.2 126.2 126.2 126.2 126.2 113.1 113.1 113.1 113.1 113.1 113.1 113.1 113.1 113.1 113.1 113.1 113.1 113.1 113.1 113.1 113.1 113.1 113.1 113.1 113.1 113.1 113.1 113.1 113.1 113.1 113.1 113.1 113.1 113.1 
129.8 129.8 129.8 129.8 129.8 129.8 129.8 129.8 129.8 129.8 129.8 126.2 126.2 126.2 126.2 126.2 126.2 126.2 126.2 126.2 126.2 126.2 126.2 126.2 126.2 126.2 126.2 126.2 126.2 126.2 126.2 126.2 126.2 126.2 126.2 126.2 126.2 126.2 126.2 126.2 126.2 126.2 126.2 126.2 126.2 126.2 126.2 126.2 126.2 126.2 126.2 126.2 126.2 126.2 126.2 126.2 126.2 126.2 126.2 126.2 126.2 126.2 126.2 126.2 126.2 126.2 126.2 126.2 126.2 126.2 126.2 113.1 113.1 113.1 113.1 113.1 113.1 113.1 113.1 113.1 113.1 113.1 113.1 113.1 113.1 113.1 113.1 113.1 113.1 113.1 113.1 113.1 113.1 113.1 113.1 113.1 113.1 113.1 113.1 113.1 
129.8 129.8 129.8 129.8 129.8 129.8 129.8 129.8 129.8 129.8 129.8 126.2 126.2 126.2 126.2 126.2 126.2 126.2 126.2 126.2 126.2 126.2 126.2 126.2 126.2 126.2 126.2 126.2 126.2 126.2 126.2 126.2 126.2 126.2 126.2 126.2 126.2 126.2 126.2 126.2 126.2 126.2 126.2 126.2 126.2 126.2 126.2 126.2 126.2 126.2 126.2 126.2 126.2 126.2 126.2 126.2 126.2 126.2 126.2 126.2 126.2 126.2 126.2 126.2 126.2 126.2 126.2 126.2 126.2 126.2 126.2 113.1 113.1 113.1 113.1 113.1 113.1 113.1 113.1 113.1 113.1 113.1 113.1 113.1 113.1 113.1 113.1 113.1 113.1 113.1 113.1 113.1 113.1 113.1 113.1 113.1 113.1 113.1 113.1 113.1 
129.8 129.8 129.8 129.8 129.8 129.8 129.8 129.8 129.8 129.8 129.8 126.2 126.2 126.2 126.2 126.2 126.2 126.2 126.2 126.2 126.2 126.2 126.2 126.2 126.2 126.2 126.2 126.2 126.2 126.2 126.2 126.2 126.2 126.2 126.2 126.2 126.2 126.2 126.2 126.2 126.2 126.2 126.2 126.2 126.2 126.2 126.2 126.2 126.2 126.2 126.2 126.2 126.2 126.2 126.2 126.2 126.2 126.2 126.2 126.2 126.2 126.2 126.2 126.2 126.2 126.2 126.2 126.2 126.2 126.2 126.2 113.1 113.1 113.1 113.1 113.1 113.1 113.1 113.1 113.1 113.1 113.1 113.1 113.1 113.1 113.1 113.1 113.1 113.1 113.1 113.1 113.1 113.1 113.1 113.1 113.1 113.1 113.1 113.1 113.1 
129.8 129.8 129.8 129.8 129.8 129.8 129.8 129.8 129.8 129.8 129.8 126.2 126.2 126.2 126.2 126.2 126.2 126.2 126.2 126.2 126.2 126.2 126.2 126.2 126.2 126.2 126.2 126.2 126.2 126.2 126.2 126.2 126.2 126.2 126.2 126.2 126.2 126.2 126.2 126.2 126.2 126.2 126.2 126.2 126.2 126.2 126.2 126.2 126.2 126.2 126.2 126.2 126.2 126.2 126.2 126.2 126.2 126.2 126.2 126.2 126.2 126.2 126.2 126.2 126.2 126.2 126.2 126.2 126.2 126.2 126.2 113.1 113.1 113.1 113.1 113.1 113.1 113.1 113.1 113.1 113.1 113.1 113.1 113.1 113.1 113.1 113.1 113.1 113.1 113.1 113.1 113.1 113.1 113.1 113.1 113.1 113.1 113.1 113.1 113.1 
129.8 129.8 129.8 129.8 129.8 129.8 129.8 129.8 129.8 129.8 129.8 126.2 126.2 126.2 126.2 126.2 126.2 126.2 126.2 126.2 126.2 126.2 126.2 126.2 126.2 126.2 126.2 126.2 126.2 126.2 126.2 126.2 126.2 126.2 126.2 126.2 126.2 126.2 126.2 126.2 126.2 126.2 126.2 126.2 126.2 126.2 126.2 126.2 126.2 126.2 126.2 126.2 126.2 126.2 126.2 126.2 126.2 126.2 126.2 126.2 126.2 126.2 126.2 126.2 126.2 126.2 126.2 126.2 126.2 126.2 126.2 113.1 113.1 113.1 113.1 113.1 113.1 113.1 113.1 113.1 113.1 113.1 113.1 113.1 113.1 113.1 113.1 113.1 113.1 113.1 113.1 113.1 113.1 113.1 113.1 113.1 113.1 113.1 113.1 113.1 
129.8 129.8 129.8 129.8 129.8 129.8 129.8 129.8 129.8 129.8 129.8 126.2 126.2 126.2 126.2 126.2 126.2 126.2 126.2 126.2 126.2 126.2 126.2 126.2 126.2 126.2 126.2 126.2 126.2 126.2 126.2 126.2 126.2 126.2 126.2 126.2 126.2 126.2 126.2 126.2 126.2 126.2 126.2 126.2 126.2 126.2 126.2 126.2 126.2 126.2 126.2 126.2 126.2 126.2 126.2 126.2 126.2 126.2 126.2 126.2 126.2 126.2 126.2 126.2 126.2 126.2 126.2 126.2 126.2 126.2 126.2 113.1 113.1 113.1 113.1 113.1 113.1 113.1 113.1 113.1 113.1 113.1 113.1 113.1 113.1 113.1 113.1 113.1 113.1 113.1 113.1 113.1 113.1 113.1 113.1 113.1 113.1 113.1 113.1 113.1 
129.8 129.8 129.8 129.8 129.8 129.8 129.8 129.8 129.8 129.8 129.8 126.2 126.2 126.2 126.2 126.2 126.2 126.2 126.2 126.2 126.2 126.2 126.2 126.2 126.2 126.2 126.2 126.2 126.2 126.2 126.2 126.2 126.2 126.2 126.2 126.2 126.2 126.2 126.2 126.2 126.2 126.2 126.2 126.2 126.2 126.2 126.2 126.2 126.2 126.2 126.2 126.2 126.2 126.2 126.2 126.2 126.2 126.2 126.2 126.2 126.2 126.2 126.2 126.2 126.2 126.2 126.2 126.2 126.2 126.2 126.2 113.1 113.1 113.1 113.1 113.1 113.1 113.1 113.1 113.1 113.1 113.1 113.1 113.1 113.1 113.1 113.1 113.1 113.1 113.1 113.1 113.1 113.1 113.1 113.1 113.1 113.1 113.1 113.1 113.1 
129.8 129.8 129.8 129.8 129.8 129.8 129.8 129.8 129.8 129.8 129.8 126.2 126.2 126.2 126.2 126.2 126.2 126.2 126.2 126.2 126.2 126.2 126.2 126.2 126.2 126.2 126.2 126.2 126.2 126.2 126.2 126.2 126.2 126.2 126.2 126.2 126.2 126.2 126.2 126.2 126.2 126.2 126.2 126.2 126.2 126.2 126.2 126.2 126.2 126.2 126.2 126.2 126.2 126.2 126.2 126.2 126.2 126.2 126.2 126.2 126.2 126.2 126.2 126.2 126.2 126.2 126.2 126.2 126.2 126.2 126.2 113.1 113.1 113.1 113.1 113.1 113.1 113.1 113.1 113.1 113.1 113.1 113.1 113.1 113.1 113.1 113.1 113.1 113.1 113.1 113.1 113.1 113.1 113.1 113.1 113.1 113.1 113.1 113.1 113.1 
129.8 129.8 129.8 129.8 129.8 129.8 129.8 129.8 129.8 129.8 129.8 126.2 126.2 126.2 126.2 126.2 126.2 126.2 126.2 126.2 126.2 126.2 126.2 126.2 126.2 126.2 126.2 126.2 126.2 126.2 126.2 126.2 126.2 126.2 126.2 126.2 126.2 126.2 126.2 126.2 126.2 126.2 126.2 126.2 126.2 126.2 126.2 126.2 126.2 126.2 126.2 126.2 126.2 126.2 126.2 126.2 126.2 126.2 126.2 126.2 126.2 126.2 126.2 126.2 126.2 126.2 126.2 126.2 126.2 126.2 126.2 113.1 113.1 113.1 113.1 113.1 113.1 113.1 113.1 113.1 113.1 113.1 113.1 113.1 113.1 113.1 113.1 113.1 113.1 113.1 113.1 113.1 113.1 113.1 113.1 113.1 113.1 113.1 113.1 113.1 
129.8 129.8 129.8 129.8 129.8 129.8 129.8 129.8 129.8 129.8 129.8 126.2 126.2 126.2 126.2 126.2 126.2 126.2 126.2 126.2 126.2 126.2 126.2 126.2 126.2 126.2 126.2 126.2 126.2 126.2 126.2 126.2 126.2 126.2 126.2 126.2 126.2 126.2 126.2 126.2 126.2 126.2 126.2 126.2 126.2 126.2 126.2 126.2 126.2 126.2 126.2 126.2 126.2 126.2 126.2 126.2 126.2 126.2 126.2 126.2 126.2 126.2 126.2 126.2 126.2 126.2 126.2 126.2 126.2 126.2 126.2 113.1 113.1 113.1 113.1 113.1 113.1 113.1 113.1 113.1 113.1 113.1 113.1 113.1 113.1 113.1 113.1 113.1 113.1 113.1 113.1 113.1 113.1 113.1 113.1 113.1 113.1 113.1 113.1 113.1 
129.8 129.8 129.8 129.8 129.8 129.8 129.8 129.8 129.8 129.8 129.8 126.2 126.2 126.2 126.2 126.2 126.2 126.2 126.2 126.2 126.2 126.2 126.2 126.2 126.2 126.2 126.2 126.2 126.2 126.2 126.2 126.2 126.2 126.2 126.2 126.2 126.2 126.2 126.2 126.2 126.2 126.2 126.2 126.2 126.2 126.2 126.2 126.2 126.2 126.2 126.2 126.2 126.2 126.2 126.2 126.2 126.2 126.2 126.2 126.2 126.2 126.2 126.2 126.2 126.2 126.2 126.2 126.2 126.2 126.2 126.2 113.1 113.1 113.1 113.1 113.1 113.1 113.1 113.1 113.1 113.1 113.1 113.1 113.1 113.1 113.1 113.1 113.1 113.1 113.1 113.1 113.1 113.1 113.1 113.1 113.1 113.1 113.1 113.1 113.1 
129.8 129.8 129.8 129.8 129.8 129.8 129.8 129.8 129.8 129.8 129.8 126.2 126.2 126.2 126.2 126.2 126.2 126.2 126.2 126.2 126.2 126.2 126.2 126.2 126.2 126.2 126.2 126.2 126.2 126.2 126.2 126.2 126.2 126.2 126.2 126.2 126.2 126.2 126.2 126.2 126.2 126.2 126.2 126.2 126.2 126.2 126.2 126.2 126.2 126.2 126.2 126.2 126.2 126.2 126.2 126.2 126.2 126.2 126.2 126.2 126.2 126.2 126.2 126.2 126.2 126.2 126.2 126.2 126.2 126.2 126.2 113.1 113.1 113.1 113.1 113.1 113.1 113.1 113.1 113.1 113.1 113.1 113.1 113.1 113.1 113.1 113.1 113.1 113.1 113.1 113.1 113.1 113.1 113.1 113.1 113.1 113.1 113.1 113.1 113.1 
129.8 129.8 129.8 129.8 129.8 129.8 129.8 129.8 129.8 129.8 129.8 126.2 126.2 126.2 126.2 126.2 126.2 126.2 126.2 126.2 126.2 126.2 126.2 126.2 126.2 126.2 126.2 126.2 126.2 126.2 126.2 126.2 126.2 126.2 126.2 126.2 126.2 126.2 126.2 126.2 126.2 126.2 126.2 126.2 126.2 126.2 126.2 126.2 126.2 126.2 126.2 126.2 126.2 126.2 126.2 126.2 126.2 126.2 126.2 126.2 126.2 126.2 126.2 126.2 126.2 126.2 126.2 126.2 126.2 126.2 126.2 113.1 113.1 113.1 113.1 113.1 113.1 113.1 113.1 113.1 113.1 113.1 113.1 113.1 113.1 113.1 113.1 113.1 113.1 113.1 113.1 113.1 113.1 113.1 113.1 113.1 113.1 113.1 113.1 113.1 
129.8 129.8 129.8 129.8 129.8 129.8 129.8 129.8 129.8 129.8 129.8 126.2 126.2 126.2 126.2 126.2 126.2 126.2 126.2 126.2 126.2 126.2 126.2 126.2 126.2 126.2 126.2 126.2 126.2 126.2 126.2 126.2 126.2 126.2 126.2 126.2 126.2 126.2 126.2 126.2 126.2 126.2 126.2 126.2 126.2 126.2 126.2 126.2 126.2 126.2 126.2 126.2 126.2 126.2 126.2 126.2 126.2 126.2 126.2 126.2 126.2 126.2 126.2 126.2 126.2 126.2 126.2 126.2 126.2 126.2 126.2 113.1 113.1 113.1 113.1 113.1 113.1 113.1 113.1 113.1 113.1 113.1 113.1 113.1 113.1 113.1 113.1 113.1 113.1 113.1 113.1 113.1 113.1 113.1 113.1 113.1 113.1 113.1 113.1 113.1 
129.8 129.8 129.8 129.8 129.8 129.8 129.8 129.8 129.8 129.8 129.8 126.2 126.2 126.2 126.2 126.2 126.2 126.2 126.2 126.2 126.2 126.2 126.2 126.2 126.2 126.2 126.2 126.2 126.2 126.2 126.2 126.2 126.2 126.2 126.2 126.2 126.2 126.2 126.2 126.2 126.2 126.2 126.2 126.2 126.2 126.2 126.2 126.2 126.2 126.2 126.2 126.2 126.2 126.2 126.2 126.2 126.2 126.2 126.2 126.2 126.2 126.2 126.2 126.2 126.2 126.2 126.2 126.2 126.2 126.2 126.2 113.1 113.1 113.1 113.1 113.1 113.1 113.1 113.1 113.1 113.1 113.1 113.1 113.1 113.1 113.1 113.1 113.1 113.1 113.1 113.1 113.1 113.1 113.1 113.1 113.1 113.1 113.1 113.1 113.1 
129.8 129.8 129.8 129.8 129.8 129.8 129.8 129.8 129.8 129.8 129.8 126.2 126.2 126.2 126.2 126.2 126.2 126.2 126.2 126.2 126.2 126.2 126.2 126.2 126.2 126.2 126.2 126.2 126.2 126.2 126.2 126.2 126.2 126.2 126.2 126.2 126.2 126.2 126.2 126.2 126.2 126.2 126.2 126.2 126.2 126.2 126.2 126.2 126.2 126.2 126.2 126.2 126.2 126.2 126.2 126.2 126.2 126.2 126.2 126.2 126.2 126.2 126.2 126.2 126.2 126.2 126.2 126.2 126.2 126.2 126.2 113.1 113.1 113.1 113.1 113.1 113.1 113.1 113.1 113.1 113.1 113.1 113.1 113.1 113.1 113.1 113.1 113.1 113.1 113.1 113.1 113.1 113.1 113.1 113.1 113.1 113.1 113.1 113.1 113.1 
129.8 129.8 129.8 129.8 129.8 129.8 129.8 129.8 129.8 129.8 129.8 126.2 126.2 126.2 126.2 126.2 126.2 126.2 126.2 126.2 126.2 126.2 126.2 126.2 126.2 126.2 126.2 126.2 126.2 126.2 126.2 126.2 126.2 126.2 126.2 126.2 126.2 126.2 126.2 126.2 126.2 126.2 126.2 126.2 126.2 126.2 126.2 126.2 126.2 126.2 126.2 126.2 126.2 126.2 126.2 126.2 126.2 126.2 126.2 126.2 126.2 126.2 126.2 126.2 126.2 126.2 126.2 126.2 126.2 126.2 126.2 113.1 113.1 113.1 113.1 113.1 113.1 113.1 113.1 113.1 113.1 113.1 113.1 113.1 113.1 113.1 113.1 113.1 113.1 113.1 113.1 113.1 113.1 113.1 113.1 113.1 113.1 113.1 113.1 113.1 
129.8 129.8 129.8 129.8 129.8 129.8 129.8 129.8 129.8 129.8 129.8 126.2 126.2 126.2 126.2 126.2 126.2 126.2 126.2 126.2 126.2 126.2 126.2 126.2 126.2 126.2 126.2 126.2 126.2 126.2 126.2 126.2 126.2 126.2 126.2 126.2 126.2 126.2 126.2 126.2 126.2 126.2 126.2 126.2 126.2 126.2 126.2 126.2 126.2 126.2 126.2 126.2 126.2 126.2 126.2 126.2 126.2 126.2 126.2 126.2 126.2 126.2 126.2 126.2 126.2 126.2 126.2 126.2 126.2 126.2 126.2 113.1 113.1 113.1 113.1 113.1 113.1 113.1 113.1 113.1 113.1 113.1 113.1 113.1 113.1 113.1 113.1 113.1 113.1 113.1 113.1 113.1 113.1 113.1 113.1 113.1 113.1 113.1 113.1 113.1 
