ncols         100
nrows         100
xllcorner     -59982.863281
yllcorner     1851083.022172
cellsize      1000
NODATA_value  -9999
106.6 106.6 106.6 106.6 106.6 106.6 106.6 106.6 106.6 106.6 106.6 83.1 83.1 83.1 83.1 83.1 83.1 83.1 83.1 83.1 83.1 83.1 83.1 83.1 83.1 83.1 83.1 83.1 83.1 83.1 83.1 83.1 83.1 83.1 83.1 83.1 83.1 83.1 83.1 83.1 83.1 83.1 83.1 83.1 83.1 83.1 83.1 83.1 83.1 83.1 83.1 83.1 83.1 83.1 83.1 83.1 83.1 83.1 83.1 83.1 83.1 83.1 83.1 83.1 83.1 83.1 83.1 83.1 83.1 83.1 83.1 70.1 70.1 70.1 70.1 70.1 70.1 70.1 70.1 70.1 70.1 70.1 70.1 70.1 70.1 70.1 70.1 70.1 70.1 70.1 70.1 70.1 70.1 70.1 70.1 70.1 70.1 70.1 70.1 70.1 
106.6 106.6 106.6 106.6 106.6 106.6 106.6 106.6 106.6 106.6 106.6 83.1 83.1 83.1 83.1 83.1 83.1 83.1 83.1 83.1 83.1 83.1 83.1 83.1 83.1 83.1 83.1 83.1 83.1 83.1 83.1 83.1 83.1 83.1 83.1 83.1 83.1 83.1 83.1 83.1 83.1 83.1 83.1 83.1 83.1 83.1 83.1 83.1 83.1 83.1 83.1 83.1 83.1 83.1 83.1 83.1 83.1 83.1 83.1 83.1 83.1 83.1 83.1 83.1 83.1 83.1 83.1 83.1 83.1 83.1 83.1 70.1 70.1 70.1 70.1 70.1 70.1 70.1 70.1 70.1 70.1 70.1 70.1 70.1 70.1 70.1 70.1 70.1 70.1 70.1 70.1 70.1 70.1 70.1 70.1 70.1 70.1 70.1 70.1 70.1 
106.6 106.6 106.6 106.6 106.6 106.6 106.6 106.6 106.6 106.6 106.6 83.1 83.1 83.1 83.1 83.1 83.1 83.1 83.1 83.1 83.1 83.1 83.1 83.1 83.1 83.1 83.1 83.1 83.1 83.1 83.1 83.1 83.1 83.1 83.1 83.1 83.1 83.1 83.1 83.1 83.1 83.1 83.1 83.1 83.1 83.1 83.1 83.1 83.1 83.1 83.1 83.1 83.1 83.1 83.1 83.1 83.1 83.1 83.1 83.1 83.1 83.1 83.1 83.1 83.1 83.1 83.1 83.1 83.1 83.1 83.1 70.1 70.1 70.1 70.1 70.1 70.1 70.1 70.1 70.1 70.1 70.1 70.1 70.1 70.1 70.1 70.1 70.1 70.1 70.1 70.1 70.1 70.1 70.1 70.1 70.1 70.1 70.1 70.1 70.1 
106.6 106.6 106.6 106.6 106.6 106.6 106.6 106.6 106.6 106.6 106.6 83.1 83.1 83.1 83.1 83.1 83.1 83.1 83.1 83.1 83.1 83.1 83.1 83.1 83.1 83.1 83.1 83.1 83.1 83.1 83.1 83.1 83.1 83.1 83.1 83.1 83.1 83.1 83.1 83.1 83.1 83.1 83.1 83.1 83.1 83.1 83.1 83.1 83.1 83.1 83.1 83.1 83.1 83.1 83.1 83.1 83.1 83.1 83.1 83.1 83.1 83.1 83.1 83.1 83.1 83.1 83.1 83.1 83.1 83.1 83.1 70.1 70.1 70.1 70.1 70.1 70.1 70.1 70.1 70.1 70.1 70.1 70.1 70.1 70.1 70.1 70.1 70.1 70.1 70.1 70.1 70.1 70.1 70.1 70.1 70.1 70.1 70.1 70.1 70.1 
106.6 106.6 106.6 106.6 106.6 106.6 106.6 106.6 106.6 106.6 106.6 83.1 83.1 83.1 83.1 83.1 83.1 83.1 83.1 83.1 83.1 83.1 83.1 83.1 83.1 83.1 83.1 83.1 83.1 83.1 83.1 83.1 83.1 83.1 83.1 83.1 83.1 83.1 83.1 83.1 83.1 83.1 83.1 83.1 83.1 83.1 83.1 83.1 83.1 83.1 83.1 83.1 83.1 83.1 83.1 83.1 83.1 83.1 83.1 83.1 83.1 83.1 83.1 83.1 83.1 83.1 83.1 83.1 83.1 83.1 83.1 70.1 70.1 70.1 70.1 70.1 70.1 70.1 70.1 70.1 70.1 70.1 70.1 70.1 70.1 70.1 70.1 70.1 70.1 70.1 70.1 70.1 70.1 70.1 70.1 70.1 70.1 70.1 70.1 70.1 
106.6 106.6 106.6 106.6 106.6 106.6 106.6 106.6 106.6 106.6 106.6 83.1 83.1 83.1 83.1 83.1 83.1 83.1 83.1 83.1 83.1 83.1 83.1 83.1 83.1 83.1 83.1 83.1 83.1 83.1 83.1 83.1 83.1 83.1 83.1 83.1 83.1 83.1 83.1 83.1 83.1 83.1 83.1 83.1 83.1 83.1 83.1 83.1 83.1 83.1 83.1 83.1 83.1 83.1 83.1 83.1 83.1 83.1 83.1 83.1 83.1 83.1 83.1 83.1 83.1 83.1 83.1 83.1 83.1 83.1 83.1 70.1 70.1 70.1 70.1 70.1 70.1 70.1 70.1 70.1 70.1 70.1 70.1 70.1 70.1 70.1 70.1 70.1 70.1 70.1 70.1 70.1 70.1 70.1 70.1 70.1 70.1 70.1 70.1 70.1 
106.6 106.6 106.6 106.6 106.6 106.6 106.6 106.6 106.6 106.6 106.6 83.1 83.1 83.1 83.1 83.1 83.1 83.1 83.1 83.1 83.1 83.1 83.1 83.1 83.1 83.1 83.1 83.1 83.1 83.1 83.1 83.1 83.1 83.1 83.1 83.1 83.1 83.1 83.1 83.1 83.1 83.1 83.1 83.1 83.1 83.1 83.1 83.1 83.1 83.1 83.1 83.1 83.1 83.1 83.1 83.1 83.1 83.1 83.1 83.1 83.1 83.1 83.1 83.1 83.1 83.1 83.1 83.1 83.1 83.1 83.1 70.1 70.1 70.1 70.1 70.1 70.1 70.1 70.1 70.1 70.1 70.1 70.1 70.1 70.1 70.1 70.1 70.1 70.1 70.1 70.1 70.1 70.1 70.1 70.1 70.1 70.1 70.1 70.1 70.1 
106.6 106.6 106.6 106.6 106.6 106.6 106.6 106.6 106.6 106.6 106.6 83.1 83.1 83.1 83.1 83.1 83.1 83.1 83.1 83.1 83.1 83.1 83.1 83.1 83.1 83.1 83.1 83.1 83.1 83.1 83.1 83.1 83.1 83.1 83.1 83.1 83.1 83.1 83.1 83.1 83.1 83.1 83.1 83.1 83.1 83.1 83.1 83.1 83.1 83.1 83.1 83.1 83.1 83.1 83.1 83.1 83.1 83.1 83.1 83.1 83.1 83.1 83.1 83.1 83.1 83.1 83.1 83.1 83.1 83.1 83.1 70.1 70.1 70.1 70.1 70.1 70.1 70.1 70.1 70.1 70.1 70.1 70.1 70.1 70.1 70.1 70.1 70.1 70.1 70.1 70.1 70.1 70.1 70.1 70.1 70.1 70.1 70.1 70.1 70.1 
106.6 106.6 106.6 106.6 106.6 106.6 106.6 106.6 106.6 106.6 106.6 83.1 83.1 83.1 83.1 83.1 83.1 83.1 83.1 83.1 83.1 83.1 83.1 83.1 83.1 83.1 83.1 83.1 83.1 83.1 83.1 83.1 83.1 83.1 83.1 83.1 83.1 83.1 83.1 83.1 83.1 83.1 83.1 83.1 83.1 83.1 83.1 83.1 83.1 83.1 83.1 83.1 83.1 83.1 83.1 83.1 83.1 83.1 83.1 83.1 83.1 83.1 83.1 83.1 83.1 83.1 83.1 83.1 83.1 83.1 83.1 70.1 70.1 70.1 70.1 70.1 70.1 70.1 70.1 70.1 70.1 70.1 70.1 70.1 70.1 70.1 70.1 70.1 70.1 70.1 70.1 70.1 70.1 70.1 70.1 70.1 70.1 70.1 70.1 70.1 
106.5 106.5 106.5 106.5 106.5 106.5 106.5 106.5 106.5 106.5 106.5 93.2 93.2 93.2 93.2 93.2 93.2 93.2 93.2 93.2 93.2 93.2 93.2 93.2 93.2 93.2 93.2 93.2 93.2 93.2 93.2 93.2 93.2 93.2 93.2 93.2 93.2 93.2 93.2 93.2 93.2 93.2 93.2 93.2 93.2 93.2 93.2 93.2 93.2 93.2 93.2 93.2 93.2 93.2 93.2 93.2 93.2 93.2 93.2 93.2 93.2 93.2 93.2 93.2 93.2 93.2 93.2 93.2 93.2 93.2 93.2 78.5 78.5 78.5 78.5 78.5 78.5 78.5 78.5 78.5 78.5 78.5 78.5 78.5 78.5 78.5 78.5 78.5 78.5 78.5 78.5 78.5 78.5 78.5 78.5 78.5 78.5 78.5 78.5 78.5 
106.5 106.5 106.5 106.5 106.5 106.5 106.5 106.5 106.5 106.5 106.5 93.2 93.2 93.2 93.2 93.2 93.2 93.2 93.2 93.2 93.2 93.2 93.2 93.2 93.2 93.2 93.2 93.2 93.2 93.2 93.2 93.2 93.2 93.2 93.2 93.2 93.2 93.2 93.2 93.2 93.2 93.2 93.2 93.2 93.2 93.2 93.2 93.2 93.2 93.2 93.2 93.2 93.2 93.2 93.2 93.2 93.2 93.2 93.2 93.2 93.2 93.2 93.2 93.2 93.2 93.2 93.2 93.2 93.2 93.2 93.2 78.5 78.5 78.5 78.5 78.5 78.5 78.5 78.5 78.5 78.5 78.5 78.5 78.5 78.5 78.5 78.5 78.5 78.5 78.5 78.5 78.5 78.5 78.5 78.5 78.5 78.5 78.5 78.5 78.5 
106.5 106.5 106.5 106.5 106.5 106.5 106.5 106.5 106.5 106.5 106.5 93.2 93.2 93.2 93.2 93.2 93.2 93.2 93.2 93.2 93.2 93.2 93.2 93.2 93.2 93.2 93.2 93.2 93.2 93.2 93.2 93.2 93.2 93.2 93.2 93.2 93.2 93.2 93.2 93.2 93.2 93.2 93.2 93.2 93.2 93.2 93.2 93.2 93.2 93.2 93.2 93.2 93.2 93.2 93.2 93.2 93.2 93.2 93.2 93.2 93.2 93.2 93.2 93.2 93.2 93.2 93.2 93.2 93.2 93.2 93.2 78.5 78.5 78.5 78.5 78.5 78.5 78.5 78.5 78.5 78.5 78.5 78.5 78.5 78.5 78.5 78.5 78.5 78.5 78.5 78.5 78.5 78.5 78.5 78.5 78.5 78.5 78.5 78.5 78.5 
106.5 106.5 106.5 106.5 106.5 106.5 106.5 106.5 106.5 106.5 106.5 93.2 93.2 93.2 93.2 93.2 93.2 93.2 93.2 93.2 93.2 93.2 93.2 93.2 93.2 93.2 93.2 93.2 93.2 93.2 93.2 93.2 93.2 93.2 93.2 93.2 93.2 93.2 93.2 93.2 93.2 93.2 93.2 93.2 93.2 93.2 93.2 93.2 93.2 93.2 93.2 93.2 93.2 93.2 93.2 93.2 93.2 93.2 93.2 93.2 93.2 93.2 93.2 93.2 93.2 93.2 93.2 93.2 93.2 93.2 93.2 78.5 78.5 78.5 78.5 78.5 78.5 78.5 78.5 78.5 78.5 78.5 78.5 78.5 78.5 78.5 78.5 78.5 78.5 78.5 78.5 78.5 78.5 78.5 78.5 78.5 78.5 78.5 78.5 78.5 
106.5 106.5 106.5 106.5 106.5 106.5 106.5 106.5 106.5 106.5 106.5 93.2 93.2 93.2 93.2 93.2 93.2 93.2 93.2 93.2 93.2 93.2 93.2 93.2 93.2 93.2 93.2 93.2 93.2 93.2 93.2 93.2 93.2 93.2 93.2 93.2 93.2 93.2 93.2 93.2 93.2 93.2 93.2 93.2 93.2 93.2 93.2 93.2 93.2 93.2 93.2 93.2 93.2 93.2 93.2 93.2 93.2 93.2 93.2 93.2 93.2 93.2 93.2 93.2 93.2 93.2 93.2 93.2 93.2 93.2 93.2 78.5 78.5 78.5 78.5 78.5 78.5 78.5 78.5 78.5 78.5 78.5 78.5 78.5 78.5 78.5 78.5 78.5 78.5 78.5 78.5 78.5 78.5 78.5 78.5 78.5 78.5 78.5 78.5 78.5 
106.5 106.5 106.5 106.5 106.5 106.5 106.5 106.5 106.5 106.5 106.5 93.2 93.2 93.2 93.2 93.2 93.2 93.2 93.2 93.2 93.2 93.2 93.2 93.2 93.2 93.2 93.2 93.2 93.2 93.2 93.2 93.2 93.2 93.2 93.2 93.2 93.2 93.2 93.2 93.2 93.2 93.2 93.2 93.2 93.2 93.2 93.2 93.2 93.2 93.2 93.2 93.2 93.2 93.2 93.2 93.2 93.2 93.2 93.2 93.2 93.2 93.2 93.2 93.2 93.2 93.2 93.2 93.2 93.2 93.2 93.2 78.5 78.5 78.5 78.5 78.5 78.5 78.5 78.5 78.5 78.5 78.5 78.5 78.5 78.5 78.5 78.5 78.5 78.5 78.5 78.5 78.5 78.5 78.5 78.5 78.5 78.5 78.5 78.5 78.5 
106.5 106.5 106.5 106.5 106.5 106.5 106.5 106.5 106.5 106.5 106.5 93.2 93.2 93.2 93.2 93.2 93.2 93.2 93.2 93.2 93.2 93.2 93.2 93.2 93.2 93.2 93.2 93.2 93.2 93.2 93.2 93.2 93.2 93.2 93.2 93.2 93.2 93.2 93.2 93.2 93.2 93.2 93.2 93.2 93.2 93.2 93.2 93.2 93.2 93.2 93.2 93.2 93.2 93.2 93.2 93.2 93.2 93.2 93.2 93.2 93.2 93.2 93.2 93.2 93.2 93.2 93.2 93.2 93.2 93.2 93.2 78.5 78.5 78.5 78.5 78.5 78.5 78.5 78.5 78.5 78.5 78.5 78.5 78.5 78.5 78.5 78.5 78.5 78.5 78.5 78.5 78.5 78.5 78.5 78.5 78.5 78.5 78.5 78.5 78.5 
106.5 106.5 106.5 106.5 106.5 106.5 106.5 106.5 106.5 106.5 106.5 93.2 93.2 93.2 93.2 93.2 93.2 93.2 93.2 93.2 93.2 93.2 93.2 93.2 93.2 93.2 93.2 93.2 93.2 93.2 93.2 93.2 93.2 93.2 93.2 93.2 93.2 93.2 93.2 93.2 93.2 93.2 93.2 93.2 93.2 93.2 93.2 93.2 93.2 93.2 93.2 93.2 93.2 93.2 93.2 93.2 93.2 93.2 93.2 93.2 93.2 93.2 93.2 93.2 93.2 93.2 93.2 93.2 93.2 93.2 93.2 78.5 78.5 78.5 78.5 78.5 78.5 78.5 78.5 78.5 78.5 78.5 78.5 78.5 78.5 78.5 78.5 78.5 78.5 78.5 78.5 78.5 78.5 78.5 78.5 78.5 78.5 78.5 78.5 78.5 
106.5 106.5 106.5 106.5 106.5 106.5 106.5 106.5 106.5 106.5 106.5 93.2 93.2 93.2 93.2 93.2 93.2 93.2 93.2 93.2 93.2 93.2 93.2 93.2 93.2 93.2 93.2 93.2 93.2 93.2 93.2 93.2 93.2 93.2 93.2 93.2 93.2 93.2 93.2 93.2 93.2 93.2 93.2 93.2 93.2 93.2 93.2 93.2 93.2 93.2 93.2 93.2 93.2 93.2 93.2 93.2 93.2 93.2 93.2 93.2 93.2 93.2 93.2 93.2 93.2 93.2 93.2 93.2 93.2 93.2 93.2 78.5 78.5 78.5 78.5 78.5 78.5 78.5 78.5 78.5 78.5 78.5 78.5 78.5 78.5 78.5 78.5 78.5 78.5 78.5 78.5 78.5 78.5 78.5 78.5 78.5 78.5 78.5 78.5 78.5 
106.5 106.5 106.5 106.5 106.5 106.5 106.5 106.5 106.5 106.5 106.5 93.2 93.2 93.2 93.2 93.2 93.2 93.2 93.2 93.2 93.2 93.2 93.2 93.2 93.2 93.2 93.2 93.2 93.2 93.2 93.2 93.2 93.2 93.2 93.2 93.2 93.2 93.2 93.2 93.2 93.2 93.2 93.2 93.2 93.2 93.2 93.2 93.2 93.2 93.2 93.2 93.2 93.2 93.2 93.2 93.2 93.2 93.2 93.2 93.2 93.2 93.2 93.2 93.2 93.2 93.2 93.2 93.2 93.2 93.2 93.2 78.5 78.5 78.5 78.5 78.5 78.5 78.5 78.5 78.5 78.5 78.5 78.5 78.5 78.5 78.5 78.5 78.5 78.5 78.5 78.5 78.5 78.5 78.5 78.5 78.5 78.5 78.5 78.5 78.5 
106.5 106.5 106.5 106.5 106.5 106.5 106.5 106.5 106.5 106.5 106.5 93.2 93.2 93.2 93.2 93.2 93.2 93.2 93.2 93.2 93.2 93.2 93.2 93.2 93.2 93.2 93.2 93.2 93.2 93.2 93.2 93.2 93.2 93.2 93.2 93.2 93.2 93.2 93.2 93.2 93.2 93.2 93.2 93.2 93.2 93.2 93.2 93.2 93.2 93.2 93.2 93.2 93.2 93.2 93.2 93.2 93.2 93.2 93.2 93.2 93.2 93.2 93.2 93.2 93.2 93.2 93.2 93.2 93.2 93.2 93.2 78.5 78.5 78.5 78.5 78.5 78.5 78.5 78.5 78.5 78.5 78.5 78.5 78.5 78.5 78.5 78.5 78.5 78.5 78.5 78.5 78.5 78.5 78.5 78.5 78.5 78.5 78.5 78.5 78.5 
106.5 106.5 106.5 106.5 106.5 106.5 106.5 106.5 106.5 106.5 106.5 93.2 93.2 93.2 93.2 93.2 93.2 93.2 93.2 93.2 93.2 93.2 93.2 93.2 93.2 93.2 93.2 93.2 93.2 93.2 93.2 93.2 93.2 93.2 93.2 93.2 93.2 93.2 93.2 93.2 93.2 93.2 93.2 93.2 93.2 93.2 93.2 93.2 93.2 93.2 93.2 93.2 93.2 93.2 93.2 93.2 93.2 93.2 93.2 93.2 93.2 93.2 93.2 93.2 93.2 93.2 93.2 93.2 93.2 93.2 93.2 78.5 78.5 78.5 78.5 78.5 78.5 78.5 78.5 78.5 78.5 78.5 78.5 78.5 78.5 78.5 78.5 78.5 78.5 78.5 78.5 78.5 78.5 78.5 78.5 78.5 78.5 78.5 78.5 78.5 
106.5 106.5 106.5 106.5 106.5 106.5 106.5 106.5 106.5 106.5 106.5 93.2 93.2 93.2 93.2 93.2 93.2 93.2 93.2 93.2 93.2 93.2 93.2 93.2 93.2 93.2 93.2 93.2 93.2 93.2 93.2 93.2 93.2 93.2 93.2 93.2 93.2 93.2 93.2 93.2 93.2 93.2 93.2 93.2 93.2 93.2 93.2 93.2 93.2 93.2 93.2 93.2 93.2 93.2 93.2 93.2 93.2 93.2 93.2 93.2 93.2 93.2 93.2 93.2 93.2 93.2 93.2 93.2 93.2 93.2 93.2 78.5 78.5 78.5 78.5 78.5 78.5 78.5 78.5 78.5 78.5 78.5 78.5 78.5 78.5 78.5 78.5 78.5 78.5 78.5 78.5 78.5 78.5 78.5 78.5 78.5 78.5 78.5 78.5 78.5 
106.5 106.5 106.5 106.5 106.5 106.5 106.5 106.5 106.5 106.5 106.5 93.2 93.2 93.2 93.2 93.2 93.2 93.2 93.2 93.2 93.2 93.2 93.2 93.2 93.2 93.2 93.2 93.2 93.2 93.2 93.2 93.2 93.2 93.2 93.2 93.2 93.2 93.2 93.2 93.2 93.2 93.2 93.2 93.2 93.2 93.2 93.2 93.2 93.2 93.2 93.2 93.2 93.2 93.2 93.2 93.2 93.2 93.2 93.2 93.2 93.2 93.2 93.2 93.2 93.2 93.2 93.2 93.2 93.2 93.2 93.2 78.5 78.5 78.5 78.5 78.5 78.5 78.5 78.5 78.5 78.5 78.5 78.5 78.5 78.5 78.5 78.5 78.5 78.5 78.5 78.5 78.5 78.5 78.5 78.5 78.5 78.5 78.5 78.5 78.5 
106.5 106.5 106.5 106.5 106.5 106.5 106.5 106.5 106.5 106.5 106.5 93.2 93.2 93.2 93.2 93.2 93.2 93.2 93.2 93.2 93.2 93.2 93.2 93.2 93.2 93.2 93.2 93.2 93.2 93.2 93.2 93.2 93.2 93.2 93.2 93.2 93.2 93.2 93.2 93.2 93.2 93.2 93.2 93.2 93.2 93.2 93.2 93.2 93.2 93.2 93.2 93.2 93.2 93.2 93.2 93.2 93.2 93.2 93.2 93.2 93.2 93.2 93.2 93.2 93.2 93.2 93.2 93.2 93.2 93.2 93.2 78.5 78.5 78.5 78.5 78.5 78.5 78.5 78.5 78.5 78.5 78.5 78.5 78.5 78.5 78.5 78.5 78.5 78.5 78.5 78.5 78.5 78.5 78.5 78.5 78.5 78.5 78.5 78.5 78.5 
106.5 106.5 106.5 106.5 106.5 106.5 106.5 106.5 106.5 106.5 106.5 93.2 93.2 93.2 93.2 93.2 93.2 93.2 93.2 93.2 93.2 93.2 93.2 93.2 93.2 93.2 93.2 93.2 93.2 93.2 93.2 93.2 93.2 93.2 93.2 93.2 93.2 93.2 93.2 93.2 93.2 93.2 93.2 93.2 93.2 93.2 93.2 93.2 93.2 93.2 93.2 93.2 93.2 93.2 93.2 93.2 93.2 93.2 93.2 93.2 93.2 93.2 93.2 93.2 93.2 93.2 93.2 93.2 93.2 93.2 93.2 78.5 78.5 78.5 78.5 78.5 78.5 78.5 78.5 78.5 78.5 78.5 78.5 78.5 78.5 78.5 78.5 78.5 78.5 78.5 78.5 78.5 78.5 78.5 78.5 78.5 78.5 78.5 78.5 78.5 
106.5 106.5 106.5 106.5 106.5 106.5 106.5 106.5 106.5 106.5 106.5 93.2 93.2 93.2 93.2 93.2 93.2 93.2 93.2 93.2 93.2 93.2 93.2 93.2 93.2 93.2 93.2 93.2 93.2 93.2 93.2 93.2 93.2 93.2 93.2 93.2 93.2 93.2 93.2 93.2 93.2 93.2 93.2 93.2 93.2 93.2 93.2 93.2 93.2 93.2 93.2 93.2 93.2 93.2 93.2 93.2 93.2 93.2 93.2 93.2 93.2 93.2 93.2 93.2 93.2 93.2 93.2 93.2 93.2 93.2 93.2 78.5 78.5 78.5 78.5 78.5 78.5 78.5 78.5 78.5 78.5 78.5 78.5 78.5 78.5 78.5 78.5 78.5 78.5 78.5 78.5 78.5 78.5 78.5 78.5 78.5 78.5 78.5 78.5 78.5 
106.5 106.5 106.5 106.5 106.5 106.5 106.5 106.5 106.5 106.5 106.5 93.2 93.2 93.2 93.2 93.2 93.2 93.2 93.2 93.2 93.2 93.2 93.2 93.2 93.2 93.2 93.2 93.2 93.2 93.2 93.2 93.2 93.2 93.2 93.2 93.2 93.2 93.2 93.2 93.2 93.2 93.2 93.2 93.2 93.2 93.2 93.2 93.2 93.2 93.2 93.2 93.2 93.2 93.2 93.2 93.2 93.2 93.2 93.2 93.2 93.2 93.2 93.2 93.2 93.2 93.2 93.2 93.2 93.2 93.2 93.2 78.5 78.5 78.5 78.5 78.5 78.5 78.5 78.5 78.5 78.5 78.5 78.5 78.5 78.5 78.5 78.5 78.5 78.5 78.5 78.5 78.5 78.5 78.5 78.5 78.5 78.5 78.5 78.5 78.5 
106.5 106.5 106.5 106.5 106.5 106.5 106.5 106.5 106.5 106.5 106.5 93.2 93.2 93.2 93.2 93.2 93.2 93.2 93.2 93.2 93.2 93.2 93.2 93.2 93.2 93.2 93.2 93.2 93.2 93.2 93.2 93.2 93.2 93.2 93.2 93.2 93.2 93.2 93.2 93.2 93.2 93.2 93.2 93.2 93.2 93.2 93.2 93.2 93.2 93.2 93.2 93.2 93.2 93.2 93.2 93.2 93.2 93.2 93.2 93.2 93.2 93.2 93.2 93.2 93.2 93.2 93.2 93.2 93.2 93.2 93.2 78.5 78.5 78.5 78.5 78.5 78.5 78.5 78.5 78.5 78.5 78.5 78.5 78.5 78.5 78.5 78.5 78.5 78.5 78.5 78.5 78.5 78.5 78.5 78.5 78.5 78.5 78.5 78.5 78.5 
106.5 106.5 106.5 106.5 106.5 106.5 106.5 106.5 106.5 106.5 106.5 93.2 93.2 93.2 93.2 93.2 93.2 93.2 93.2 93.2 93.2 93.2 93.2 93.2 93.2 93.2 93.2 93.2 93.2 93.2 93.2 93.2 93.2 93.2 93.2 93.2 93.2 93.2 93.2 93.2 93.2 93.2 93.2 93.2 93.2 93.2 93.2 93.2 93.2 93.2 93.2 93.2 93.2 93.2 93.2 93.2 93.2 93.2 93.2 93.2 93.2 93.2 93.2 93.2 93.2 93.2 93.2 93.2 93.2 93.2 93.2 78.5 78.5 78.5 78.5 78.5 78.5 78.5 78.5 78.5 78.5 78.5 78.5 78.5 78.5 78.5 78.5 78.5 78.5 78.5 78.5 78.5 78.5 78.5 78.5 78.5 78.5 78.5 78.5 78.5 
106.5 106.5 106.5 106.5 106.5 106.5 106.5 106.5 106.5 106.5 106.5 93.2 93.2 93.2 93.2 93.2 93.2 93.2 93.2 93.2 93.2 93.2 93.2 93.2 93.2 93.2 93.2 93.2 93.2 93.2 93.2 93.2 93.2 93.2 93.2 93.2 93.2 93.2 93.2 93.2 93.2 93.2 93.2 93.2 93.2 93.2 93.2 93.2 93.2 93.2 93.2 93.2 93.2 93.2 93.2 93.2 93.2 93.2 93.2 93.2 93.2 93.2 93.2 93.2 93.2 93.2 93.2 93.2 93.2 93.2 93.2 78.5 78.5 78.5 78.5 78.5 78.5 78.5 78.5 78.5 78.5 78.5 78.5 78.5 78.5 78.5 78.5 78.5 78.5 78.5 78.5 78.5 78.5 78.5 78.5 78.5 78.5 78.5 78.5 78.5 
106.5 106.5 106.5 106.5 106.5 106.5 106.5 106.5 106.5 106.5 106.5 93.2 93.2 93.2 93.2 93.2 93.2 93.2 93.2 93.2 93.2 93.2 93.2 93.2 93.2 93.2 93.2 93.2 93.2 93.2 93.2 93.2 93.2 93.2 93.2 93.2 93.2 93.2 93.2 93.2 93.2 93.2 93.2 93.2 93.2 93.2 93.2 93.2 93.2 93.2 93.2 93.2 93.2 93.2 93.2 93.2 93.2 93.2 93.2 93.2 93.2 93.2 93.2 93.2 93.2 93.2 93.2 93.2 93.2 93.2 93.2 78.5 78.5 78.5 78.5 78.5 78.5 78.5 78.5 78.5 78.5 78.5 78.5 78.5 78.5 78.5 78.5 78.5 78.5 78.5 78.5 78.5 78.5 78.5 78.5 78.5 78.5 78.5 78.5 78.5 
106.5 106.5 106.5 106.5 106.5 106.5 106.5 106.5 106.5 106.5 106.5 93.2 93.2 93.2 93.2 93.2 93.2 93.2 93.2 93.2 93.2 93.2 93.2 93.2 93.2 93.2 93.2 93.2 93.2 93.2 93.2 93.2 93.2 93.2 93.2 93.2 93.2 93.2 93.2 93.2 93.2 93.2 93.2 93.2 93.2 93.2 93.2 93.2 93.2 93.2 93.2 93.2 93.2 93.2 93.2 93.2 93.2 93.2 93.2 93.2 93.2 93.2 93.2 93.2 93.2 93.2 93.2 93.2 93.2 93.2 93.2 78.5 78.5 78.5 78.5 78.5 78.5 78.5 78.5 78.5 78.5 78.5 78.5 78.5 78.5 78.5 78.5 78.5 78.5 78.5 78.5 78.5 78.5 78.5 78.5 78.5 78.5 78.5 78.5 78.5 
106.5 106.5 106.5 106.5 106.5 106.5 106.5 106.5 106.5 106.5 106.5 93.2 93.2 93.2 93.2 93.2 93.2 93.2 93.2 93.2 93.2 93.2 93.2 93.2 93.2 93.2 93.2 93.2 93.2 93.2 93.2 93.2 93.2 93.2 93.2 93.2 93.2 93.2 93.2 93.2 93.2 93.2 93.2 93.2 93.2 93.2 93.2 93.2 93.2 93.2 93.2 93.2 93.2 93.2 93.2 93.2 93.2 93.2 93.2 93.2 93.2 93.2 93.2 93.2 93.2 93.2 93.2 93.2 93.2 93.2 93.2 78.5 78.5 78.5 78.5 78.5 78.5 78.5 78.5 78.5 78.5 78.5 78.5 78.5 78.5 78.5 78.5 78.5 78.5 78.5 78.5 78.5 78.5 78.5 78.5 78.5 78.5 78.5 78.5 78.5 
106.5 106.5 106.5 106.5 106.5 106.5 106.5 106.5 106.5 106.5 106.5 93.2 93.2 93.2 93.2 93.2 93.2 93.2 93.2 93.2 93.2 93.2 93.2 93.2 93.2 93.2 93.2 93.2 93.2 93.2 93.2 93.2 93.2 93.2 93.2 93.2 93.2 93.2 93.2 93.2 93.2 93.2 93.2 93.2 93.2 93.2 93.2 93.2 93.2 93.2 93.2 93.2 93.2 93.2 93.2 93.2 93.2 93.2 93.2 93.2 93.2 93.2 93.2 93.2 93.2 93.2 93.2 93.2 93.2 93.2 93.2 78.5 78.5 78.5 78.5 78.5 78.5 78.5 78.5 78.5 78.5 78.5 78.5 78.5 78.5 78.5 78.5 78.5 78.5 78.5 78.5 78.5 78.5 78.5 78.5 78.5 78.5 78.5 78.5 78.5 
106.5 106.5 106.5 106.5 106.5 106.5 106.5 106.5 106.5 106.5 106.5 93.2 93.2 93.2 93.2 93.2 93.2 93.2 93.2 93.2 93.2 93.2 93.2 93.2 93.2 93.2 93.2 93.2 93.2 93.2 93.2 93.2 93.2 93.2 93.2 93.2 93.2 93.2 93.2 93.2 93.2 93.2 93.2 93.2 93.2 93.2 93.2 93.2 93.2 93.2 93.2 93.2 93.2 93.2 93.2 93.2 93.2 93.2 93.2 93.2 93.2 93.2 93.2 93.2 93.2 93.2 93.2 93.2 93.2 93.2 93.2 78.5 78.5 78.5 78.5 78.5 78.5 78.5 78.5 78.5 78.5 78.5 78.5 78.5 78.5 78.5 78.5 78.5 78.5 78.5 78.5 78.5 78.5 78.5 78.5 78.5 78.5 78.5 78.5 78.5 
106.5 106.5 106.5 106.5 106.5 106.5 106.5 106.5 106.5 106.5 106.5 93.2 93.2 93.2 93.2 93.2 93.2 93.2 93.2 93.2 93.2 93.2 93.2 93.2 93.2 93.2 93.2 93.2 93.2 93.2 93.2 93.2 93.2 93.2 93.2 93.2 93.2 93.2 93.2 93.2 93.2 93.2 93.2 93.2 93.2 93.2 93.2 93.2 93.2 93.2 93.2 93.2 93.2 93.2 93.2 93.2 93.2 93.2 93.2 93.2 93.2 93.2 93.2 93.2 93.2 93.2 93.2 93.2 93.2 93.2 93.2 78.5 78.5 78.5 78.5 78.5 78.5 78.5 78.5 78.5 78.5 78.5 78.5 78.5 78.5 78.5 78.5 78.5 78.5 78.5 78.5 78.5 78.5 78.5 78.5 78.5 78.5 78.5 78.5 78.5 
106.5 106.5 106.5 106.5 106.5 106.5 106.5 106.5 106.5 106.5 106.5 93.2 93.2 93.2 93.2 93.2 93.2 93.2 93.2 93.2 93.2 93.2 93.2 93.2 93.2 93.2 93.2 93.2 93.2 93.2 93.2 93.2 93.2 93.2 93.2 93.2 93.2 93.2 93.2 93.2 93.2 93.2 93.2 93.2 93.2 93.2 93.2 93.2 93.2 93.2 93.2 93.2 93.2 93.2 93.2 93.2 93.2 93.2 93.2 93.2 93.2 93.2 93.2 93.2 93.2 93.2 93.2 93.2 93.2 93.2 93.2 78.5 78.5 78.5 78.5 78.5 78.5 78.5 78.5 78.5 78.5 78.5 78.5 78.5 78.5 78.5 78.5 78.5 78.5 78.5 78.5 78.5 78.5 78.5 78.5 78.5 78.5 78.5 78.5 78.5 
106.5 106.5 106.5 106.5 106.5 106.5 106.5 106.5 106.5 106.5 106.5 93.2 93.2 93.2 93.2 93.2 93.2 93.2 93.2 93.2 93.2 93.2 93.2 93.2 93.2 93.2 93.2 93.2 93.2 93.2 93.2 93.2 93.2 93.2 93.2 93.2 93.2 93.2 93.2 93.2 93.2 93.2 93.2 93.2 93.2 93.2 93.2 93.2 93.2 93.2 93.2 93.2 93.2 93.2 93.2 93.2 93.2 93.2 93.2 93.2 93.2 93.2 93.2 93.2 93.2 93.2 93.2 93.2 93.2 93.2 93.2 78.5 78.5 78.5 78.5 78.5 78.5 78.5 78.5 78.5 78.5 78.5 78.5 78.5 78.5 78.5 78.5 78.5 78.5 78.5 78.5 78.5 78.5 78.5 78.5 78.5 78.5 78.5 78.5 78.5 
106.5 106.5 106.5 106.5 106.5 106.5 106.5 106.5 106.5 106.5 106.5 93.2 93.2 93.2 93.2 93.2 93.2 93.2 93.2 93.2 93.2 93.2 93.2 93.2 93.2 93.2 93.2 93.2 93.2 93.2 93.2 93.2 93.2 93.2 93.2 93.2 93.2 93.2 93.2 93.2 93.2 93.2 93.2 93.2 93.2 93.2 93.2 93.2 93.2 93.2 93.2 93.2 93.2 93.2 93.2 93.2 93.2 93.2 93.2 93.2 93.2 93.2 93.2 93.2 93.2 93.2 93.2 93.2 93.2 93.2 93.2 78.5 78.5 78.5 78.5 78.5 78.5 78.5 78.5 78.5 78.5 78.5 78.5 78.5 78.5 78.5 78.5 78.5 78.5 78.5 78.5 78.5 78.5 78.5 78.5 78.5 78.5 78.5 78.5 78.5 
106.5 106.5 106.5 106.5 106.5 106.5 106.5 106.5 106.5 106.5 106.5 93.2 93.2 93.2 93.2 93.2 93.2 93.2 93.2 93.2 93.2 93.2 93.2 93.2 93.2 93.2 93.2 93.2 93.2 93.2 93.2 93.2 93.2 93.2 93.2 93.2 93.2 93.2 93.2 93.2 93.2 93.2 93.2 93.2 93.2 93.2 93.2 93.2 93.2 93.2 93.2 93.2 93.2 93.2 93.2 93.2 93.2 93.2 93.2 93.2 93.2 93.2 93.2 93.2 93.2 93.2 93.2 93.2 93.2 93.2 93.2 78.5 78.5 78.5 78.5 78.5 78.5 78.5 78.5 78.5 78.5 78.5 78.5 78.5 78.5 78.5 78.5 78.5 78.5 78.5 78.5 78.5 78.5 78.5 78.5 78.5 78.5 78.5 78.5 78.5 
106.5 106.5 106.5 106.5 106.5 106.5 106.5 106.5 106.5 106.5 106.5 93.2 93.2 93.2 93.2 93.2 93.2 93.2 93.2 93.2 93.2 93.2 93.2 93.2 93.2 93.2 93.2 93.2 93.2 93.2 93.2 93.2 93.2 93.2 93.2 93.2 93.2 93.2 93.2 93.2 93.2 93.2 93.2 93.2 93.2 93.2 93.2 93.2 93.2 93.2 93.2 93.2 93.2 93.2 93.2 93.2 93.2 93.2 93.2 93.2 93.2 93.2 93.2 93.2 93.2 93.2 93.2 93.2 93.2 93.2 93.2 78.5 78.5 78.5 78.5 78.5 78.5 78.5 78.5 78.5 78.5 78.5 78.5 78.5 78.5 78.5 78.5 78.5 78.5 78.5 78.5 78.5 78.5 78.5 78.5 78.5 78.5 78.5 78.5 78.5 
106.5 106.5 106.5 106.5 106.5 106.5 106.5 106.5 106.5 106.5 106.5 93.2 93.2 93.2 93.2 93.2 93.2 93.2 93.2 93.2 93.2 93.2 93.2 93.2 93.2 93.2 93.2 93.2 93.2 93.2 93.2 93.2 93.2 93.2 93.2 93.2 93.2 93.2 93.2 93.2 93.2 93.2 93.2 93.2 93.2 93.2 93.2 93.2 93.2 93.2 93.2 93.2 93.2 93.2 93.2 93.2 93.2 93.2 93.2 93.2 93.2 93.2 93.2 93.2 93.2 93.2 93.2 93.2 93.2 93.2 93.2 78.5 78.5 78.5 78.5 78.5 78.5 78.5 78.5 78.5 78.5 78.5 78.5 78.5 78.5 78.5 78.5 78.5 78.5 78.5 78.5 78.5 78.5 78.5 78.5 78.5 78.5 78.5 78.5 78.5 
106.5 106.5 106.5 106.5 106.5 106.5 106.5 106.5 106.5 106.5 106.5 93.2 93.2 93.2 93.2 93.2 93.2 93.2 93.2 93.2 93.2 93.2 93.2 93.2 93.2 93.2 93.2 93.2 93.2 93.2 93.2 93.2 93.2 93.2 93.2 93.2 93.2 93.2 93.2 93.2 93.2 93.2 93.2 93.2 93.2 93.2 93.2 93.2 93.2 93.2 93.2 93.2 93.2 93.2 93.2 93.2 93.2 93.2 93.2 93.2 93.2 93.2 93.2 93.2 93.2 93.2 93.2 93.2 93.2 93.2 93.2 78.5 78.5 78.5 78.5 78.5 78.5 78.5 78.5 78.5 78.5 78.5 78.5 78.5 78.5 78.5 78.5 78.5 78.5 78.5 78.5 78.5 78.5 78.5 78.5 78.5 78.5 78.5 78.5 78.5 
106.5 106.5 106.5 106.5 106.5 106.5 106.5 106.5 106.5 106.5 106.5 93.2 93.2 93.2 93.2 93.2 93.2 93.2 93.2 93.2 93.2 93.2 93.2 93.2 93.2 93.2 93.2 93.2 93.2 93.2 93.2 93.2 93.2 93.2 93.2 93.2 93.2 93.2 93.2 93.2 93.2 93.2 93.2 93.2 93.2 93.2 93.2 93.2 93.2 93.2 93.2 93.2 93.2 93.2 93.2 93.2 93.2 93.2 93.2 93.2 93.2 93.2 93.2 93.2 93.2 93.2 93.2 93.2 93.2 93.2 93.2 78.5 78.5 78.5 78.5 78.5 78.5 78.5 78.5 78.5 78.5 78.5 78.5 78.5 78.5 78.5 78.5 78.5 78.5 78.5 78.5 78.5 78.5 78.5 78.5 78.5 78.5 78.5 78.5 78.5 
106.5 106.5 106.5 106.5 106.5 106.5 106.5 106.5 106.5 106.5 106.5 93.2 93.2 93.2 93.2 93.2 93.2 93.2 93.2 93.2 93.2 93.2 93.2 93.2 93.2 93.2 93.2 93.2 93.2 93.2 93.2 93.2 93.2 93.2 93.2 93.2 93.2 93.2 93.2 93.2 93.2 93.2 93.2 93.2 93.2 93.2 93.2 93.2 93.2 93.2 93.2 93.2 93.2 93.2 93.2 93.2 93.2 93.2 93.2 93.2 93.2 93.2 93.2 93.2 93.2 93.2 93.2 93.2 93.2 93.2 93.2 78.5 78.5 78.5 78.5 78.5 78.5 78.5 78.5 78.5 78.5 78.5 78.5 78.5 78.5 78.5 78.5 78.5 78.5 78.5 78.5 78.5 78.5 78.5 78.5 78.5 78.5 78.5 78.5 78.5 
106.5 106.5 106.5 106.5 106.5 106.5 106.5 106.5 106.5 106.5 106.5 93.2 93.2 93.2 93.2 93.2 93.2 93.2 93.2 93.2 93.2 93.2 93.2 93.2 93.2 93.2 93.2 93.2 93.2 93.2 93.2 93.2 93.2 93.2 93.2 93.2 93.2 93.2 93.2 93.2 93.2 93.2 93.2 93.2 93.2 93.2 93.2 93.2 93.2 93.2 93.2 93.2 93.2 93.2 93.2 93.2 93.2 93.2 93.2 93.2 93.2 93.2 93.2 93.2 93.2 93.2 93.2 93.2 93.2 93.2 93.2 78.5 78.5 78.5 78.5 78.5 78.5 78.5 78.5 78.5 78.5 78.5 78.5 78.5 78.5 78.5 78.5 78.5 78.5 78.5 78.5 78.5 78.5 78.5 78.5 78.5 78.5 78.5 78.5 78.5 
106.5 106.5 106.5 106.5 106.5 106.5 106.5 106.5 106.5 106.5 106.5 93.2 93.2 93.2 93.2 93.2 93.2 93.2 93.2 93.2 93.2 93.2 93.2 93.2 93.2 93.2 93.2 93.2 93.2 93.2 93.2 93.2 93.2 93.2 93.2 93.2 93.2 93.2 93.2 93.2 93.2 93.2 93.2 93.2 93.2 93.2 93.2 93.2 93.2 93.2 93.2 93.2 93.2 93.2 93.2 93.2 93.2 93.2 93.2 93.2 93.2 93.2 93.2 93.2 93.2 93.2 93.2 93.2 93.2 93.2 93.2 78.5 78.5 78.5 78.5 78.5 78.5 78.5 78.5 78.5 78.5 78.5 78.5 78.5 78.5 78.5 78.5 78.5 78.5 78.5 78.5 78.5 78.5 78.5 78.5 78.5 78.5 78.5 78.5 78.5 
106.5 106.5 106.5 106.5 106.5 106.5 106.5 106.5 106.5 106.5 106.5 93.2 93.2 93.2 93.2 93.2 93.2 93.2 93.2 93.2 93.2 93.2 93.2 93.2 93.2 93.2 93.2 93.2 93.2 93.2 93.2 93.2 93.2 93.2 93.2 93.2 93.2 93.2 93.2 93.2 93.2 93.2 93.2 93.2 93.2 93.2 93.2 93.2 93.2 93.2 93.2 93.2 93.2 93.2 93.2 93.2 93.2 93.2 93.2 93.2 93.2 93.2 93.2 93.2 93.2 93.2 93.2 93.2 93.2 93.2 93.2 78.5 78.5 78.5 78.5 78.5 78.5 78.5 78.5 78.5 78.5 78.5 78.5 78.5 78.5 78.5 78.5 78.5 78.5 78.5 78.5 78.5 78.5 78.5 78.5 78.5 78.5 78.5 78.5 78.5 
106.5 106.5 106.5 106.5 106.5 106.5 106.5 106.5 106.5 106.5 106.5 93.2 93.2 93.2 93.2 93.2 93.2 93.2 93.2 93.2 93.2 93.2 93.2 93.2 93.2 93.2 93.2 93.2 93.2 93.2 93.2 93.2 93.2 93.2 93.2 93.2 93.2 93.2 93.2 93.2 93.2 93.2 93.2 93.2 93.2 93.2 93.2 93.2 93.2 93.2 93.2 93.2 93.2 93.2 93.2 93.2 93.2 93.2 93.2 93.2 93.2 93.2 93.2 93.2 93.2 93.2 93.2 93.2 93.2 93.2 93.2 78.5 78.5 78.5 78.5 78.5 78.5 78.5 78.5 78.5 78.5 78.5 78.5 78.5 78.5 78.5 78.5 78.5 78.5 78.5 78.5 78.5 78.5 78.5 78.5 78.5 78.5 78.5 78.5 78.5 
106.5 106.5 106.5 106.5 106.5 106.5 106.5 106.5 106.5 106.5 106.5 93.2 93.2 93.2 93.2 93.2 93.2 93.2 93.2 93.2 93.2 93.2 93.2 93.2 93.2 93.2 93.2 93.2 93.2 93.2 93.2 93.2 93.2 93.2 93.2 93.2 93.2 93.2 93.2 93.2 93.2 93.2 93.2 93.2 93.2 93.2 93.2 93.2 93.2 93.2 93.2 93.2 93.2 93.2 93.2 93.2 93.2 93.2 93.2 93.2 93.2 93.2 93.2 93.2 93.2 93.2 93.2 93.2 93.2 93.2 93.2 78.5 78.5 78.5 78.5 78.5 78.5 78.5 78.5 78.5 78.5 78.5 78.5 78.5 78.5 78.5 78.5 78.5 78.5 78.5 78.5 78.5 78.5 78.5 78.5 78.5 78.5 78.5 78.5 78.5 
106.5 106.5 106.5 106.5 106.5 106.5 106.5 106.5 106.5 106.5 106.5 93.2 93.2 93.2 93.2 93.2 93.2 93.2 93.2 93.2 93.2 93.2 93.2 93.2 93.2 93.2 93.2 93.2 93.2 93.2 93.2 93.2 93.2 93.2 93.2 93.2 93.2 93.2 93.2 93.2 93.2 93.2 93.2 93.2 93.2 93.2 93.2 93.2 93.2 93.2 93.2 93.2 93.2 93.2 93.2 93.2 93.2 93.2 93.2 93.2 93.2 93.2 93.2 93.2 93.2 93.2 93.2 93.2 93.2 93.2 93.2 78.5 78.5 78.5 78.5 78.5 78.5 78.5 78.5 78.5 78.5 78.5 78.5 78.5 78.5 78.5 78.5 78.5 78.5 78.5 78.5 78.5 78.5 78.5 78.5 78.5 78.5 78.5 78.5 78.5 
106.5 106.5 106.5 106.5 106.5 106.5 106.5 106.5 106.5 106.5 106.5 93.2 93.2 93.2 93.2 93.2 93.2 93.2 93.2 93.2 93.2 93.2 93.2 93.2 93.2 93.2 93.2 93.2 93.2 93.2 93.2 93.2 93.2 93.2 93.2 93.2 93.2 93.2 93.2 93.2 93.2 93.2 93.2 93.2 93.2 93.2 93.2 93.2 93.2 93.2 93.2 93.2 93.2 93.2 93.2 93.2 93.2 93.2 93.2 93.2 93.2 93.2 93.2 93.2 93.2 93.2 93.2 93.2 93.2 93.2 93.2 78.5 78.5 78.5 78.5 78.5 78.5 78.5 78.5 78.5 78.5 78.5 78.5 78.5 78.5 78.5 78.5 78.5 78.5 78.5 78.5 78.5 78.5 78.5 78.5 78.5 78.5 78.5 78.5 78.5 
106.5 106.5 106.5 106.5 106.5 106.5 106.5 106.5 106.5 106.5 106.5 93.2 93.2 93.2 93.2 93.2 93.2 93.2 93.2 93.2 93.2 93.2 93.2 93.2 93.2 93.2 93.2 93.2 93.2 93.2 93.2 93.2 93.2 93.2 93.2 93.2 93.2 93.2 93.2 93.2 93.2 93.2 93.2 93.2 93.2 93.2 93.2 93.2 93.2 93.2 93.2 93.2 93.2 93.2 93.2 93.2 93.2 93.2 93.2 93.2 93.2 93.2 93.2 93.2 93.2 93.2 93.2 93.2 93.2 93.2 93.2 78.5 78.5 78.5 78.5 78.5 78.5 78.5 78.5 78.5 78.5 78.5 78.5 78.5 78.5 78.5 78.5 78.5 78.5 78.5 78.5 78.5 78.5 78.5 78.5 78.5 78.5 78.5 78.5 78.5 
106.5 106.5 106.5 106.5 106.5 106.5 106.5 106.5 106.5 106.5 106.5 93.2 93.2 93.2 93.2 93.2 93.2 93.2 93.2 93.2 93.2 93.2 93.2 93.2 93.2 93.2 93.2 93.2 93.2 93.2 93.2 93.2 93.2 93.2 93.2 93.2 93.2 93.2 93.2 93.2 93.2 93.2 93.2 93.2 93.2 93.2 93.2 93.2 93.2 93.2 93.2 93.2 93.2 93.2 93.2 93.2 93.2 93.2 93.2 93.2 93.2 93.2 93.2 93.2 93.2 93.2 93.2 93.2 93.2 93.2 93.2 78.5 78.5 78.5 78.5 78.5 78.5 78.5 78.5 78.5 78.5 78.5 78.5 78.5 78.5 78.5 78.5 78.5 78.5 78.5 78.5 78.5 78.5 78.5 78.5 78.5 78.5 78.5 78.5 78.5 
106.5 106.5 106.5 106.5 106.5 106.5 106.5 106.5 106.5 106.5 106.5 93.2 93.2 93.2 93.2 93.2 93.2 93.2 93.2 93.2 93.2 93.2 93.2 93.2 93.2 93.2 93.2 93.2 93.2 93.2 93.2 93.2 93.2 93.2 93.2 93.2 93.2 93.2 93.2 93.2 93.2 93.2 93.2 93.2 93.2 93.2 93.2 93.2 93.2 93.2 93.2 93.2 93.2 93.2 93.2 93.2 93.2 93.2 93.2 93.2 93.2 93.2 93.2 93.2 93.2 93.2 93.2 93.2 93.2 93.2 93.2 78.5 78.5 78.5 78.5 78.5 78.5 78.5 78.5 78.5 78.5 78.5 78.5 78.5 78.5 78.5 78.5 78.5 78.5 78.5 78.5 78.5 78.5 78.5 78.5 78.5 78.5 78.5 78.5 78.5 
106.5 106.5 106.5 106.5 106.5 106.5 106.5 106.5 106.5 106.5 106.5 93.2 93.2 93.2 93.2 93.2 93.2 93.2 93.2 93.2 93.2 93.2 93.2 93.2 93.2 93.2 93.2 93.2 93.2 93.2 93.2 93.2 93.2 93.2 93.2 93.2 93.2 93.2 93.2 93.2 93.2 93.2 93.2 93.2 93.2 93.2 93.2 93.2 93.2 93.2 93.2 93.2 93.2 93.2 93.2 93.2 93.2 93.2 93.2 93.2 93.2 93.2 93.2 93.2 93.2 93.2 93.2 93.2 93.2 93.2 93.2 78.5 78.5 78.5 78.5 78.5 78.5 78.5 78.5 78.5 78.5 78.5 78.5 78.5 78.5 78.5 78.5 78.5 78.5 78.5 78.5 78.5 78.5 78.5 78.5 78.5 78.5 78.5 78.5 78.5 
106.5 106.5 106.5 106.5 106.5 106.5 106.5 106.5 106.5 106.5 106.5 93.2 93.2 93.2 93.2 93.2 93.2 93.2 93.2 93.2 93.2 93.2 93.2 93.2 93.2 93.2 93.2 93.2 93.2 93.2 93.2 93.2 93.2 93.2 93.2 93.2 93.2 93.2 93.2 93.2 93.2 93.2 93.2 93.2 93.2 93.2 93.2 93.2 93.2 93.2 93.2 93.2 93.2 93.2 93.2 93.2 93.2 93.2 93.2 93.2 93.2 93.2 93.2 93.2 93.2 93.2 93.2 93.2 93.2 93.2 93.2 78.5 78.5 78.5 78.5 78.5 78.5 78.5 78.5 78.5 78.5 78.5 78.5 78.5 78.5 78.5 78.5 78.5 78.5 78.5 78.5 78.5 78.5 78.5 78.5 78.5 78.5 78.5 78.5 78.5 
106.5 106.5 106.5 106.5 106.5 106.5 106.5 106.5 106.5 106.5 106.5 93.2 93.2 93.2 93.2 93.2 93.2 93.2 93.2 93.2 93.2 93.2 93.2 93.2 93.2 93.2 93.2 93.2 93.2 93.2 93.2 93.2 93.2 93.2 93.2 93.2 93.2 93.2 93.2 93.2 93.2 93.2 93.2 93.2 93.2 93.2 93.2 93.2 93.2 93.2 93.2 93.2 93.2 93.2 93.2 93.2 93.2 93.2 93.2 93.2 93.2 93.2 93.2 93.2 93.2 93.2 93.2 93.2 93.2 93.2 93.2 78.5 78.5 78.5 78.5 78.5 78.5 78.5 78.5 78.5 78.5 78.5 78.5 78.5 78.5 78.5 78.5 78.5 78.5 78.5 78.5 78.5 78.5 78.5 78.5 78.5 78.5 78.5 78.5 78.5 
106.5 106.5 106.5 106.5 106.5 106.5 106.5 106.5 106.5 106.5 106.5 93.2 93.2 93.2 93.2 93.2 93.2 93.2 93.2 93.2 93.2 93.2 93.2 93.2 93.2 93.2 93.2 93.2 93.2 93.2 93.2 93.2 93.2 93.2 93.2 93.2 93.2 93.2 93.2 93.2 93.2 93.2 93.2 93.2 93.2 93.2 93.2 93.2 93.2 93.2 93.2 93.2 93.2 93.2 93.2 93.2 93.2 93.2 93.2 93.2 93.2 93.2 93.2 93.2 93.2 93.2 93.2 93.2 93.2 93.2 93.2 78.5 78.5 78.5 78.5 78.5 78.5 78.5 78.5 78.5 78.5 78.5 78.5 78.5 78.5 78.5 78.5 78.5 78.5 78.5 78.5 78.5 78.5 78.5 78.5 78.5 78.5 78.5 78.5 78.5 
106.5 106.5 106.5 106.5 106.5 106.5 106.5 106.5 106.5 106.5 106.5 93.2 93.2 93.2 93.2 93.2 93.2 93.2 93.2 93.2 93.2 93.2 93.2 93.2 93.2 93.2 93.2 93.2 93.2 93.2 93.2 93.2 93.2 93.2 93.2 93.2 93.2 93.2 93.2 93.2 93.2 93.2 93.2 93.2 93.2 93.2 93.2 93.2 93.2 93.2 93.2 93.2 93.2 93.2 93.2 93.2 93.2 93.2 93.2 93.2 93.2 93.2 93.2 93.2 93.2 93.2 93.2 93.2 93.2 93.2 93.2 78.5 78.5 78.5 78.5 78.5 78.5 78.5 78.5 78.5 78.5 78.5 78.5 78.5 78.5 78.5 78.5 78.5 78.5 78.5 78.5 78.5 78.5 78.5 78.5 78.5 78.5 78.5 78.5 78.5 
106.5 106.5 106.5 106.5 106.5 106.5 106.5 106.5 106.5 106.5 106.5 93.2 93.2 93.2 93.2 93.2 93.2 93.2 93.2 93.2 93.2 93.2 93.2 93.2 93.2 93.2 93.2 93.2 93.2 93.2 93.2 93.2 93.2 93.2 93.2 93.2 93.2 93.2 93.2 93.2 93.2 93.2 93.2 93.2 93.2 93.2 93.2 93.2 93.2 93.2 93.2 93.2 93.2 93.2 93.2 93.2 93.2 93.2 93.2 93.2 93.2 93.2 93.2 93.2 93.2 93.2 93.2 93.2 93.2 93.2 93.2 78.5 78.5 78.5 78.5 78.5 78.5 78.5 78.5 78.5 78.5 78.5 78.5 78.5 78.5 78.5 78.5 78.5 78.5 78.5 78.5 78.5 78.5 78.5 78.5 78.5 78.5 78.5 78.5 78.5 
106.5 106.5 106.5 106.5 106.5 106.5 106.5 106.5 106.5 106.5 106.5 93.2 93.2 93.2 93.2 93.2 93.2 93.2 93.2 93.2 93.2 93.2 93.2 93.2 93.2 93.2 93.2 93.2 93.2 93.2 93.2 93.2 93.2 93.2 93.2 93.2 93.2 93.2 93.2 93.2 93.2 93.2 93.2 93.2 93.2 93.2 93.2 93.2 93.2 93.2 93.2 93.2 93.2 93.2 93.2 93.2 93.2 93.2 93.2 93.2 93.2 93.2 93.2 93.2 93.2 93.2 93.2 93.2 93.2 93.2 93.2 78.5 78.5 78.5 78.5 78.5 78.5 78.5 78.5 78.5 78.5 78.5 78.5 78.5 78.5 78.5 78.5 78.5 78.5 78.5 78.5 78.5 78.5 78.5 78.5 78.5 78.5 78.5 78.5 78.5 
106.5 106.5 106.5 106.5 106.5 106.5 106.5 106.5 106.5 106.5 106.5 93.2 93.2 93.2 93.2 93.2 93.2 93.2 93.2 93.2 93.2 93.2 93.2 93.2 93.2 93.2 93.2 93.2 93.2 93.2 93.2 93.2 93.2 93.2 93.2 93.2 93.2 93.2 93.2 93.2 93.2 93.2 93.2 93.2 93.2 93.2 93.2 93.2 93.2 93.2 93.2 93.2 93.2 93.2 93.2 93.2 93.2 93.2 93.2 93.2 93.2 93.2 93.2 93.2 93.2 93.2 93.2 93.2 93.2 93.2 93.2 78.5 78.5 78.5 78.5 78.5 78.5 78.5 78.5 78.5 78.5 78.5 78.5 78.5 78.5 78.5 78.5 78.5 78.5 78.5 78.5 78.5 78.5 78.5 78.5 78.5 78.5 78.5 78.5 78.5 
106.5 106.5 106.5 106.5 106.5 106.5 106.5 106.5 106.5 106.5 106.5 93.2 93.2 93.2 93.2 93.2 93.2 93.2 93.2 93.2 93.2 93.2 93.2 93.2 93.2 93.2 93.2 93.2 93.2 93.2 93.2 93.2 93.2 93.2 93.2 93.2 93.2 93.2 93.2 93.2 93.2 93.2 93.2 93.2 93.2 93.2 93.2 93.2 93.2 93.2 93.2 93.2 93.2 93.2 93.2 93.2 93.2 93.2 93.2 93.2 93.2 93.2 93.2 93.2 93.2 93.2 93.2 93.2 93.2 93.2 93.2 78.5 78.5 78.5 78.5 78.5 78.5 78.5 78.5 78.5 78.5 78.5 78.5 78.5 78.5 78.5 78.5 78.5 78.5 78.5 78.5 78.5 78.5 78.5 78.5 78.5 78.5 78.5 78.5 78.5 
106.5 106.5 106.5 106.5 106.5 106.5 106.5 106.5 106.5 106.5 106.5 93.2 93.2 93.2 93.2 93.2 93.2 93.2 93.2 93.2 93.2 93.2 93.2 93.2 93.2 93.2 93.2 93.2 93.2 93.2 93.2 93.2 93.2 93.2 93.2 93.2 93.2 93.2 93.2 93.2 93.2 93.2 93.2 93.2 93.2 93.2 93.2 93.2 93.2 93.2 93.2 93.2 93.2 93.2 93.2 93.2 93.2 93.2 93.2 93.2 93.2 93.2 93.2 93.2 93.2 93.2 93.2 93.2 93.2 93.2 93.2 78.5 78.5 78.5 78.5 78.5 78.5 78.5 78.5 78.5 78.5 78.5 78.5 78.5 78.5 78.5 78.5 78.5 78.5 78.5 78.5 78.5 78.5 78.5 78.5 78.5 78.5 78.5 78.5 78.5 
106.5 106.5 106.5 106.5 106.5 106.5 106.5 106.5 106.5 106.5 106.5 93.2 93.2 93.2 93.2 93.2 93.2 93.2 93.2 93.2 93.2 93.2 93.2 93.2 93.2 93.2 93.2 93.2 93.2 93.2 93.2 93.2 93.2 93.2 93.2 93.2 93.2 93.2 93.2 93.2 93.2 93.2 93.2 93.2 93.2 93.2 93.2 93.2 93.2 93.2 93.2 93.2 93.2 93.2 93.2 93.2 93.2 93.2 93.2 93.2 93.2 93.2 93.2 93.2 93.2 93.2 93.2 93.2 93.2 93.2 93.2 78.5 78.5 78.5 78.5 78.5 78.5 78.5 78.5 78.5 78.5 78.5 78.5 78.5 78.5 78.5 78.5 78.5 78.5 78.5 78.5 78.5 78.5 78.5 78.5 78.5 78.5 78.5 78.5 78.5 
106.5 106.5 106.5 106.5 106.5 106.5 106.5 106.5 106.5 106.5 106.5 93.2 93.2 93.2 93.2 93.2 93.2 93.2 93.2 93.2 93.2 93.2 93.2 93.2 93.2 93.2 93.2 93.2 93.2 93.2 93.2 93.2 93.2 93.2 93.2 93.2 93.2 93.2 93.2 93.2 93.2 93.2 93.2 93.2 93.2 93.2 93.2 93.2 93.2 93.2 93.2 93.2 93.2 93.2 93.2 93.2 93.2 93.2 93.2 93.2 93.2 93.2 93.2 93.2 93.2 93.2 93.2 93.2 93.2 93.2 93.2 78.5 78.5 78.5 78.5 78.5 78.5 78.5 78.5 78.5 78.5 78.5 78.5 78.5 78.5 78.5 78.5 78.5 78.5 78.5 78.5 78.5 78.5 78.5 78.5 78.5 78.5 78.5 78.5 78.5 
106.5 106.5 106.5 106.5 106.5 106.5 106.5 106.5 106.5 106.5 106.5 93.2 93.2 93.2 93.2 93.2 93.2 93.2 93.2 93.2 93.2 93.2 93.2 93.2 93.2 93.2 93.2 93.2 93.2 93.2 93.2 93.2 93.2 93.2 93.2 93.2 93.2 93.2 93.2 93.2 93.2 93.2 93.2 93.2 93.2 93.2 93.2 93.2 93.2 93.2 93.2 93.2 93.2 93.2 93.2 93.2 93.2 93.2 93.2 93.2 93.2 93.2 93.2 93.2 93.2 93.2 93.2 93.2 93.2 93.2 93.2 78.5 78.5 78.5 78.5 78.5 78.5 78.5 78.5 78.5 78.5 78.5 78.5 78.5 78.5 78.5 78.5 78.5 78.5 78.5 78.5 78.5 78.5 78.5 78.5 78.5 78.5 78.5 78.5 78.5 
106.5 106.5 106.5 106.5 106.5 106.5 106.5 106.5 106.5 106.5 106.5 93.2 93.2 93.2 93.2 93.2 93.2 93.2 93.2 93.2 93.2 93.2 93.2 93.2 93.2 93.2 93.2 93.2 93.2 93.2 93.2 93.2 93.2 93.2 93.2 93.2 93.2 93.2 93.2 93.2 93.2 93.2 93.2 93.2 93.2 93.2 93.2 93.2 93.2 93.2 93.2 93.2 93.2 93.2 93.2 93.2 93.2 93.2 93.2 93.2 93.2 93.2 93.2 93.2 93.2 93.2 93.2 93.2 93.2 93.2 93.2 78.5 78.5 78.5 78.5 78.5 78.5 78.5 78.5 78.5 78.5 78.5 78.5 78.5 78.5 78.5 78.5 78.5 78.5 78.5 78.5 78.5 78.5 78.5 78.5 78.5 78.5 78.5 78.5 78.5 
134.8 134.8 134.8 134.8 134.8 134.8 134.8 134.8 134.8 134.8 134.8 120 120 120 120 120 120 120 120 120 120 120 120 120 120 120 120 120 120 120 120 120 120 120 120 120 120 120 120 120 120 120 120 120 120 120 120 120 120 120 120 120 120 120 120 120 120 120 120 120 120 120 120 120 120 120 120 120 120 120 120 100 100 100 100 100 100 100 100 100 100 100 100 100 100 100 100 100 100 100 100 100 100 100 100 100 100 100 100 100 
134.8 134.8 134.8 134.8 134.8 134.8 134.8 134.8 134.8 134.8 134.8 120 120 120 120 120 120 120 120 120 120 120 120 120 120 120 120 120 120 120 120 120 120 120 120 120 120 120 120 120 120 120 120 120 120 120 120 120 120 120 120 120 120 120 120 120 120 120 120 120 120 120 120 120 120 120 120 120 120 120 120 100 100 100 100 100 100 100 100 100 100 100 100 100 100 100 100 100 100 100 100 100 100 100 100 100 100 100 100 100 
134.8 134.8 134.8 134.8 134.8 134.8 134.8 134.8 134.8 134.8 134.8 120 120 120 120 120 120 120 120 120 120 120 120 120 120 120 120 120 120 120 120 120 120 120 120 120 120 120 120 120 120 120 120 120 120 120 120 120 120 120 120 120 120 120 120 120 120 120 120 120 120 120 120 120 120 120 120 120 120 120 120 100 100 100 100 100 100 100 100 100 100 100 100 100 100 100 100 100 100 100 100 100 100 100 100 100 100 100 100 100 
134.8 134.8 134.8 134.8 134.8 134.8 134.8 134.8 134.8 134.8 134.8 120 120 120 120 120 120 120 120 120 120 120 120 120 120 120 120 120 120 120 120 120 120 120 120 120 120 120 120 120 120 120 120 120 120 120 120 120 120 120 120 120 120 120 120 120 120 120 120 120 120 120 120 120 120 120 120 120 120 120 120 100 100 100 100 100 100 100 100 100 100 100 100 100 100 100 100 100 100 100 100 100 100 100 100 100 100 100 100 100 
134.8 134.8 134.8 134.8 134.8 134.8 134.8 134.8 134.8 134.8 134.8 120 120 120 120 120 120 120 120 120 120 120 120 120 120 120 120 120 120 120 120 120 120 120 120 120 120 120 120 120 120 120 120 120 120 120 120 120 120 120 120 120 120 120 120 120 120 120 120 120 120 120 120 120 120 120 120 120 120 120 120 100 100 100 100 100 100 100 100 100 100 100 100 100 100 100 100 100 100 100 100 100 100 100 100 100 100 100 100 100 
134.8 134.8 134.8 134.8 134.8 134.8 134.8 134.8 134.8 134.8 134.8 120 120 120 120 120 120 120 120 120 120 120 120 120 120 120 120 120 120 120 120 120 120 120 120 120 120 120 120 120 120 120 120 120 120 120 120 120 120 120 120 120 120 120 120 120 120 120 120 120 120 120 120 120 120 120 120 120 120 120 120 100 100 100 100 100 100 100 100 100 100 100 100 100 100 100 100 100 100 100 100 100 100 100 100 100 100 100 100 100 
134.8 134.8 134.8 134.8 134.8 134.8 134.8 134.8 134.8 134.8 134.8 120 120 120 120 120 120 120 120 120 120 120 120 120 120 120 120 120 120 120 120 120 120 120 120 120 120 120 120 120 120 120 120 120 120 120 120 120 120 120 120 120 120 120 120 120 120 120 120 120 120 120 120 120 120 120 120 120 120 120 120 100 100 100 100 100 100 100 100 100 100 100 100 100 100 100 100 100 100 100 100 100 100 100 100 100 100 100 100 100 
134.8 134.8 134.8 134.8 134.8 134.8 134.8 134.8 134.8 134.8 134.8 120 120 120 120 120 120 120 120 120 120 120 120 120 120 120 120 120 120 120 120 120 120 120 120 120 120 120 120 120 120 120 120 120 120 120 120 120 120 120 120 120 120 120 120 120 120 120 120 120 120 120 120 120 120 120 120 120 120 120 120 100 100 100 100 100 100 100 100 100 100 100 100 100 100 100 100 100 100 100 100 100 100 100 100 100 100 100 100 100 
134.8 134.8 134.8 134.8 134.8 134.8 134.8 134.8 134.8 134.8 134.8 120 120 120 120 120 120 120 120 120 120 120 120 120 120 120 120 120 120 120 120 120 120 120 120 120 120 120 120 120 120 120 120 120 120 120 120 120 120 120 120 120 120 120 120 120 120 120 120 120 120 120 120 120 120 120 120 120 120 120 120 100 100 100 100 100 100 100 100 100 100 100 100 100 100 100 100 100 100 100 100 100 100 100 100 100 100 100 100 100 
134.8 134.8 134.8 134.8 134.8 134.8 134.8 134.8 134.8 134.8 134.8 120 120 120 120 120 120 120 120 120 120 120 120 120 120 120 120 120 120 120 120 120 120 120 120 120 120 120 120 120 120 120 120 120 120 120 120 120 120 120 120 120 120 120 120 120 120 120 120 120 120 120 120 120 120 120 120 120 120 120 120 100 100 100 100 100 100 100 100 100 100 100 100 100 100 100 100 100 100 100 100 100 100 100 100 100 100 100 100 100 
134.8 134.8 134.8 134.8 134.8 134.8 134.8 134.8 134.8 134.8 134.8 120 120 120 120 120 120 120 120 120 120 120 120 120 120 120 120 120 120 120 120 120 120 120 120 120 120 120 120 120 120 120 120 120 120 120 120 120 120 120 120 120 120 120 120 120 120 120 120 120 120 120 120 120 120 120 120 120 120 120 120 100 100 100 100 100 100 100 100 100 100 100 100 100 100 100 100 100 100 100 100 100 100 100 100 100 100 100 100 100 
134.8 134.8 134.8 134.8 134.8 134.8 134.8 134.8 134.8 134.8 134.8 120 120 120 120 120 120 120 120 120 120 120 120 120 120 120 120 120 120 120 120 120 120 120 120 120 120 120 120 120 120 120 120 120 120 120 120 120 120 120 120 120 120 120 120 120 120 120 120 120 120 120 120 120 120 120 120 120 120 120 120 100 100 100 100 100 100 100 100 100 100 100 100 100 100 100 100 100 100 100 100 100 100 100 100 100 100 100 100 100 
134.8 134.8 134.8 134.8 134.8 134.8 134.8 134.8 134.8 134.8 134.8 120 120 120 120 120 120 120 120 120 120 120 120 120 120 120 120 120 120 120 120 120 120 120 120 120 120 120 120 120 120 120 120 120 120 120 120 120 120 120 120 120 120 120 120 120 120 120 120 120 120 120 120 120 120 120 120 120 120 120 120 100 100 100 100 100 100 100 100 100 100 100 100 100 100 100 100 100 100 100 100 100 100 100 100 100 100 100 100 100 
134.8 134.8 134.8 134.8 134.8 134.8 134.8 134.8 134.8 134.8 134.8 120 120 120 120 120 120 120 120 120 120 120 120 120 120 120 120 120 120 120 120 120 120 120 120 120 120 120 120 120 120 120 120 120 120 120 120 120 120 120 120 120 120 120 120 120 120 120 120 120 120 120 120 120 120 120 120 120 120 120 120 100 100 100 100 100 100 100 100 100 100 100 100 100 100 100 100 100 100 100 100 100 100 100 100 100 100 100 100 100 
134.8 134.8 134.8 134.8 134.8 134.8 134.8 134.8 134.8 134.8 134.8 120 120 120 120 120 120 120 120 120 120 120 120 120 120 120 120 120 120 120 120 120 120 120 120 120 120 120 120 120 120 120 120 120 120 120 120 120 120 120 120 120 120 120 120 120 120 120 120 120 120 120 120 120 120 120 120 120 120 120 120 100 100 100 100 100 100 100 100 100 100 100 100 100 100 100 100 100 100 100 100 100 100 100 100 100 100 100 100 100 
134.8 134.8 134.8 134.8 134.8 134.8 134.8 134.8 134.8 134.8 134.8 120 120 120 120 120 120 120 120 120 120 120 120 120 120 120 120 120 120 120 120 120 120 120 120 120 120 120 120 120 120 120 120 120 120 120 120 120 120 120 120 120 120 120 120 120 120 120 120 120 120 120 120 120 120 120 120 120 120 120 120 100 100 100 100 100 100 100 100 100 100 100 100 100 100 100 100 100 100 100 100 100 100 100 100 100 100 100 100 100 
134.8 134.8 134.8 134.8 134.8 134.8 134.8 134.8 134.8 134.8 134.8 120 120 120 120 120 120 120 120 120 120 120 120 120 120 120 120 120 120 120 120 120 120 120 120 120 120 120 120 120 120 120 120 120 120 120 120 120 120 120 120 120 120 120 120 120 120 120 120 120 120 120 120 120 120 120 120 120 120 120 120 100 100 100 100 100 100 100 100 100 100 100 100 100 100 100 100 100 100 100 100 100 100 100 100 100 100 100 100 100 
134.8 134.8 134.8 134.8 134.8 134.8 134.8 134.8 134.8 134.8 134.8 120 120 120 120 120 120 120 120 120 120 120 120 120 120 120 120 120 120 120 120 120 120 120 120 120 120 120 120 120 120 120 120 120 120 120 120 120 120 120 120 120 120 120 120 120 120 120 120 120 120 120 120 120 120 120 120 120 120 120 120 100 100 100 100 100 100 100 100 100 100 100 100 100 100 100 100 100 100 100 100 100 100 100 100 100 100 100 100 100 
134.8 134.8 134.8 134.8 134.8 134.8 134.8 134.8 134.8 134.8 134.8 120 120 120 120 120 120 120 120 120 120 120 120 120 120 120 120 120 120 120 120 120 120 120 120 120 120 120 120 120 120 120 120 120 120 120 120 120 120 120 120 120 120 120 120 120 120 120 120 120 120 120 120 120 120 120 120 120 120 120 120 100 100 100 100 100 100 100 100 100 100 100 100 100 100 100 100 100 100 100 100 100 100 100 100 100 100 100 100 100 
134.8 134.8 134.8 134.8 134.8 134.8 134.8 134.8 134.8 134.8 134.8 120 120 120 120 120 120 120 120 120 120 120 120 120 120 120 120 120 120 120 120 120 120 120 120 120 120 120 120 120 120 120 120 120 120 120 120 120 120 120 120 120 120 120 120 120 120 120 120 120 120 120 120 120 120 120 120 120 120 120 120 100 100 100 100 100 100 100 100 100 100 100 100 100 100 100 100 100 100 100 100 100 100 100 100 100 100 100 100 100 
134.8 134.8 134.8 134.8 134.8 134.8 134.8 134.8 134.8 134.8 134.8 120 120 120 120 120 120 120 120 120 120 120 120 120 120 120 120 120 120 120 120 120 120 120 120 120 120 120 120 120 120 120 120 120 120 120 120 120 120 120 120 120 120 120 120 120 120 120 120 120 120 120 120 120 120 120 120 120 120 120 120 100 100 100 100 100 100 100 100 100 100 100 100 100 100 100 100 100 100 100 100 100 100 100 100 100 100 100 100 100 
134.8 134.8 134.8 134.8 134.8 134.8 134.8 134.8 134.8 134.8 134.8 120 120 120 120 120 120 120 120 120 120 120 120 120 120 120 120 120 120 120 120 120 120 120 120 120 120 120 120 120 120 120 120 120 120 120 120 120 120 120 120 120 120 120 120 120 120 120 120 120 120 120 120 120 120 120 120 120 120 120 120 100 100 100 100 100 100 100 100 100 100 100 100 100 100 100 100 100 100 100 100 100 100 100 100 100 100 100 100 100 
134.8 134.8 134.8 134.8 134.8 134.8 134.8 134.8 134.8 134.8 134.8 120 120 120 120 120 120 120 120 120 120 120 120 120 120 120 120 120 120 120 120 120 120 120 120 120 120 120 120 120 120 120 120 120 120 120 120 120 120 120 120 120 120 120 120 120 120 120 120 120 120 120 120 120 120 120 120 120 120 120 120 100 100 100 100 100 100 100 100 100 100 100 100 100 100 100 100 100 100 100 100 100 100 100 100 100 100 100 100 100 
134.8 134.8 134.8 134.8 134.8 134.8 134.8 134.8 134.8 134.8 134.8 120 120 120 120 120 120 120 120 120 120 120 120 120 120 120 120 120 120 120 120 120 120 120 120 120 120 120 120 120 120 120 120 120 120 120 120 120 120 120 120 120 120 120 120 120 120 120 120 120 120 120 120 120 120 120 120 120 120 120 120 100 100 100 100 100 100 100 100 100 100 100 100 100 100 100 100 100 100 100 100 100 100 100 100 100 100 100 100 100 
134.8 134.8 134.8 134.8 134.8 134.8 134.8 134.8 134.8 134.8 134.8 120 120 120 120 120 120 120 120 120 120 120 120 120 120 120 120 120 120 120 120 120 120 120 120 120 120 120 120 120 120 120 120 120 120 120 120 120 120 120 120 120 120 120 120 120 120 120 120 120 120 120 120 120 120 120 120 120 120 120 120 100 100 100 100 100 100 100 100 100 100 100 100 100 100 100 100 100 100 100 100 100 100 100 100 100 100 100 100 100 
134.8 134.8 134.8 134.8 134.8 134.8 134.8 134.8 134.8 134.8 134.8 120 120 120 120 120 120 120 120 120 120 120 120 120 120 120 120 120 120 120 120 120 120 120 120 120 120 120 120 120 120 120 120 120 120 120 120 120 120 120 120 120 120 120 120 120 120 120 120 120 120 120 120 120 120 120 120 120 120 120 120 100 100 100 100 100 100 100 100 100 100 100 100 100 100 100 100 100 100 100 100 100 100 100 100 100 100 100 100 100 
134.8 134.8 134.8 134.8 134.8 134.8 134.8 134.8 134.8 134.8 134.8 120 120 120 120 120 120 120 120 120 120 120 120 120 120 120 120 120 120 120 120 120 120 120 120 120 120 120 120 120 120 120 120 120 120 120 120 120 120 120 120 120 120 120 120 120 120 120 120 120 120 120 120 120 120 120 120 120 120 120 120 100 100 100 100 100 100 100 100 100 100 100 100 100 100 100 100 100 100 100 100 100 100 100 100 100 100 100 100 100 
134.8 134.8 134.8 134.8 134.8 134.8 134.8 134.8 134.8 134.8 134.8 120 120 120 120 120 120 120 120 120 120 120 120 120 120 120 120 120 120 120 120 120 120 120 120 120 120 120 120 120 120 120 120 120 120 120 120 120 120 120 120 120 120 120 120 120 120 120 120 120 120 120 120 120 120 120 120 120 120 120 120 100 100 100 100 100 100 100 100 100 100 100 100 100 100 100 100 100 100 100 100 100 100 100 100 100 100 100 100 100 
134.8 134.8 134.8 134.8 134.8 134.8 134.8 134.8 134.8 134.8 134.8 120 120 120 120 120 120 120 120 120 120 120 120 120 120 120 120 120 120 120 120 120 120 120 120 120 120 120 120 120 120 120 120 120 120 120 120 120 120 120 120 120 120 120 120 120 120 120 120 120 120 120 120 120 120 120 120 120 120 120 120 100 100 100 100 100 100 100 100 100 100 100 100 100 100 100 100 100 100 100 100 100 100 100 100 100 100 100 100 100 
134.8 134.8 134.8 134.8 134.8 134.8 134.8 134.8 134.8 134.8 134.8 120 120 120 120 120 120 120 120 120 120 120 120 120 120 120 120 120 120 120 120 120 120 120 120 120 120 120 120 120 120 120 120 120 120 120 120 120 120 120 120 120 120 120 120 120 120 120 120 120 120 120 120 120 120 120 120 120 120 120 120 100 100 100 100 100 100 100 100 100 100 100 100 100 100 100 100 100 100 100 100 100 100 100 100 100 100 100 100 100 
134.8 134.8 134.8 134.8 134.8 134.8 134.8 134.8 134.8 134.8 134.8 120 120 120 120 120 120 120 120 120 120 120 120 120 120 120 120 120 120 120 120 120 120 120 120 120 120 120 120 120 120 120 120 120 120 120 120 120 120 120 120 120 120 120 120 120 120 120 120 120 120 120 120 120 120 120 120 120 120 120 120 100 100 100 100 100 100 100 100 100 100 100 100 100 100 100 100 100 100 100 100 100 100 100 100 100 100 100 100 100 
