ncols         100
nrows         100
xllcorner     -59982.863281
yllcorner     1851083.022172
cellsize      1000
NODATA_value  -9999
79 79 79 79 79 79 79 79 79 79 79 63.5 63.5 63.5 63.5 63.5 63.5 63.5 63.5 63.5 63.5 63.5 63.5 63.5 63.5 63.5 63.5 63.5 63.5 63.5 63.5 63.5 63.5 63.5 63.5 63.5 63.5 63.5 63.5 63.5 63.5 63.5 63.5 63.5 63.5 63.5 63.5 63.5 63.5 63.5 63.5 63.5 63.5 63.5 63.5 63.5 63.5 63.5 63.5 63.5 63.5 63.5 63.5 63.5 63.5 63.5 63.5 63.5 63.5 63.5 63.5 55.2 55.2 55.2 55.2 55.2 55.2 55.2 55.2 55.2 55.2 55.2 55.2 55.2 55.2 55.2 55.2 55.2 55.2 55.2 55.2 55.2 55.2 55.2 55.2 55.2 55.2 55.2 55.2 55.2 
79 79 79 79 79 79 79 79 79 79 79 63.5 63.5 63.5 63.5 63.5 63.5 63.5 63.5 63.5 63.5 63.5 63.5 63.5 63.5 63.5 63.5 63.5 63.5 63.5 63.5 63.5 63.5 63.5 63.5 63.5 63.5 63.5 63.5 63.5 63.5 63.5 63.5 63.5 63.5 63.5 63.5 63.5 63.5 63.5 63.5 63.5 63.5 63.5 63.5 63.5 63.5 63.5 63.5 63.5 63.5 63.5 63.5 63.5 63.5 63.5 63.5 63.5 63.5 63.5 63.5 55.2 55.2 55.2 55.2 55.2 55.2 55.2 55.2 55.2 55.2 55.2 55.2 55.2 55.2 55.2 55.2 55.2 55.2 55.2 55.2 55.2 55.2 55.2 55.2 55.2 55.2 55.2 55.2 55.2 
79 79 79 79 79 79 79 79 79 79 79 63.5 63.5 63.5 63.5 63.5 63.5 63.5 63.5 63.5 63.5 63.5 63.5 63.5 63.5 63.5 63.5 63.5 63.5 63.5 63.5 63.5 63.5 63.5 63.5 63.5 63.5 63.5 63.5 63.5 63.5 63.5 63.5 63.5 63.5 63.5 63.5 63.5 63.5 63.5 63.5 63.5 63.5 63.5 63.5 63.5 63.5 63.5 63.5 63.5 63.5 63.5 63.5 63.5 63.5 63.5 63.5 63.5 63.5 63.5 63.5 55.2 55.2 55.2 55.2 55.2 55.2 55.2 55.2 55.2 55.2 55.2 55.2 55.2 55.2 55.2 55.2 55.2 55.2 55.2 55.2 55.2 55.2 55.2 55.2 55.2 55.2 55.2 55.2 55.2 
79 79 79 79 79 79 79 79 79 79 79 63.5 63.5 63.5 63.5 63.5 63.5 63.5 63.5 63.5 63.5 63.5 63.5 63.5 63.5 63.5 63.5 63.5 63.5 63.5 63.5 63.5 63.5 63.5 63.5 63.5 63.5 63.5 63.5 63.5 63.5 63.5 63.5 63.5 63.5 63.5 63.5 63.5 63.5 63.5 63.5 63.5 63.5 63.5 63.5 63.5 63.5 63.5 63.5 63.5 63.5 63.5 63.5 63.5 63.5 63.5 63.5 63.5 63.5 63.5 63.5 55.2 55.2 55.2 55.2 55.2 55.2 55.2 55.2 55.2 55.2 55.2 55.2 55.2 55.2 55.2 55.2 55.2 55.2 55.2 55.2 55.2 55.2 55.2 55.2 55.2 55.2 55.2 55.2 55.2 
79 79 79 79 79 79 79 79 79 79 79 63.5 63.5 63.5 63.5 63.5 63.5 63.5 63.5 63.5 63.5 63.5 63.5 63.5 63.5 63.5 63.5 63.5 63.5 63.5 63.5 63.5 63.5 63.5 63.5 63.5 63.5 63.5 63.5 63.5 63.5 63.5 63.5 63.5 63.5 63.5 63.5 63.5 63.5 63.5 63.5 63.5 63.5 63.5 63.5 63.5 63.5 63.5 63.5 63.5 63.5 63.5 63.5 63.5 63.5 63.5 63.5 63.5 63.5 63.5 63.5 55.2 55.2 55.2 55.2 55.2 55.2 55.2 55.2 55.2 55.2 55.2 55.2 55.2 55.2 55.2 55.2 55.2 55.2 55.2 55.2 55.2 55.2 55.2 55.2 55.2 55.2 55.2 55.2 55.2 
79 79 79 79 79 79 79 79 79 79 79 63.5 63.5 63.5 63.5 63.5 63.5 63.5 63.5 63.5 63.5 63.5 63.5 63.5 63.5 63.5 63.5 63.5 63.5 63.5 63.5 63.5 63.5 63.5 63.5 63.5 63.5 63.5 63.5 63.5 63.5 63.5 63.5 63.5 63.5 63.5 63.5 63.5 63.5 63.5 63.5 63.5 63.5 63.5 63.5 63.5 63.5 63.5 63.5 63.5 63.5 63.5 63.5 63.5 63.5 63.5 63.5 63.5 63.5 63.5 63.5 55.2 55.2 55.2 55.2 55.2 55.2 55.2 55.2 55.2 55.2 55.2 55.2 55.2 55.2 55.2 55.2 55.2 55.2 55.2 55.2 55.2 55.2 55.2 55.2 55.2 55.2 55.2 55.2 55.2 
79 79 79 79 79 79 79 79 79 79 79 63.5 63.5 63.5 63.5 63.5 63.5 63.5 63.5 63.5 63.5 63.5 63.5 63.5 63.5 63.5 63.5 63.5 63.5 63.5 63.5 63.5 63.5 63.5 63.5 63.5 63.5 63.5 63.5 63.5 63.5 63.5 63.5 63.5 63.5 63.5 63.5 63.5 63.5 63.5 63.5 63.5 63.5 63.5 63.5 63.5 63.5 63.5 63.5 63.5 63.5 63.5 63.5 63.5 63.5 63.5 63.5 63.5 63.5 63.5 63.5 55.2 55.2 55.2 55.2 55.2 55.2 55.2 55.2 55.2 55.2 55.2 55.2 55.2 55.2 55.2 55.2 55.2 55.2 55.2 55.2 55.2 55.2 55.2 55.2 55.2 55.2 55.2 55.2 55.2 
79 79 79 79 79 79 79 79 79 79 79 63.5 63.5 63.5 63.5 63.5 63.5 63.5 63.5 63.5 63.5 63.5 63.5 63.5 63.5 63.5 63.5 63.5 63.5 63.5 63.5 63.5 63.5 63.5 63.5 63.5 63.5 63.5 63.5 63.5 63.5 63.5 63.5 63.5 63.5 63.5 63.5 63.5 63.5 63.5 63.5 63.5 63.5 63.5 63.5 63.5 63.5 63.5 63.5 63.5 63.5 63.5 63.5 63.5 63.5 63.5 63.5 63.5 63.5 63.5 63.5 55.2 55.2 55.2 55.2 55.2 55.2 55.2 55.2 55.2 55.2 55.2 55.2 55.2 55.2 55.2 55.2 55.2 55.2 55.2 55.2 55.2 55.2 55.2 55.2 55.2 55.2 55.2 55.2 55.2 
79 79 79 79 79 79 79 79 79 79 79 63.5 63.5 63.5 63.5 63.5 63.5 63.5 63.5 63.5 63.5 63.5 63.5 63.5 63.5 63.5 63.5 63.5 63.5 63.5 63.5 63.5 63.5 63.5 63.5 63.5 63.5 63.5 63.5 63.5 63.5 63.5 63.5 63.5 63.5 63.5 63.5 63.5 63.5 63.5 63.5 63.5 63.5 63.5 63.5 63.5 63.5 63.5 63.5 63.5 63.5 63.5 63.5 63.5 63.5 63.5 63.5 63.5 63.5 63.5 63.5 55.2 55.2 55.2 55.2 55.2 55.2 55.2 55.2 55.2 55.2 55.2 55.2 55.2 55.2 55.2 55.2 55.2 55.2 55.2 55.2 55.2 55.2 55.2 55.2 55.2 55.2 55.2 55.2 55.2 
82.2 82.2 82.2 82.2 82.2 82.2 82.2 82.2 82.2 82.2 82.2 76.1 76.1 76.1 76.1 76.1 76.1 76.1 76.1 76.1 76.1 76.1 76.1 76.1 76.1 76.1 76.1 76.1 76.1 76.1 76.1 76.1 76.1 76.1 76.1 76.1 76.1 76.1 76.1 76.1 76.1 76.1 76.1 76.1 76.1 76.1 76.1 76.1 76.1 76.1 76.1 76.1 76.1 76.1 76.1 76.1 76.1 76.1 76.1 76.1 76.1 76.1 76.1 76.1 76.1 76.1 76.1 76.1 76.1 76.1 76.1 65.9 65.9 65.9 65.9 65.9 65.9 65.9 65.9 65.9 65.9 65.9 65.9 65.9 65.9 65.9 65.9 65.9 65.9 65.9 65.9 65.9 65.9 65.9 65.9 65.9 65.9 65.9 65.9 65.9 
82.2 82.2 82.2 82.2 82.2 82.2 82.2 82.2 82.2 82.2 82.2 76.1 76.1 76.1 76.1 76.1 76.1 76.1 76.1 76.1 76.1 76.1 76.1 76.1 76.1 76.1 76.1 76.1 76.1 76.1 76.1 76.1 76.1 76.1 76.1 76.1 76.1 76.1 76.1 76.1 76.1 76.1 76.1 76.1 76.1 76.1 76.1 76.1 76.1 76.1 76.1 76.1 76.1 76.1 76.1 76.1 76.1 76.1 76.1 76.1 76.1 76.1 76.1 76.1 76.1 76.1 76.1 76.1 76.1 76.1 76.1 65.9 65.9 65.9 65.9 65.9 65.9 65.9 65.9 65.9 65.9 65.9 65.9 65.9 65.9 65.9 65.9 65.9 65.9 65.9 65.9 65.9 65.9 65.9 65.9 65.9 65.9 65.9 65.9 65.9 
82.2 82.2 82.2 82.2 82.2 82.2 82.2 82.2 82.2 82.2 82.2 76.1 76.1 76.1 76.1 76.1 76.1 76.1 76.1 76.1 76.1 76.1 76.1 76.1 76.1 76.1 76.1 76.1 76.1 76.1 76.1 76.1 76.1 76.1 76.1 76.1 76.1 76.1 76.1 76.1 76.1 76.1 76.1 76.1 76.1 76.1 76.1 76.1 76.1 76.1 76.1 76.1 76.1 76.1 76.1 76.1 76.1 76.1 76.1 76.1 76.1 76.1 76.1 76.1 76.1 76.1 76.1 76.1 76.1 76.1 76.1 65.9 65.9 65.9 65.9 65.9 65.9 65.9 65.9 65.9 65.9 65.9 65.9 65.9 65.9 65.9 65.9 65.9 65.9 65.9 65.9 65.9 65.9 65.9 65.9 65.9 65.9 65.9 65.9 65.9 
82.2 82.2 82.2 82.2 82.2 82.2 82.2 82.2 82.2 82.2 82.2 76.1 76.1 76.1 76.1 76.1 76.1 76.1 76.1 76.1 76.1 76.1 76.1 76.1 76.1 76.1 76.1 76.1 76.1 76.1 76.1 76.1 76.1 76.1 76.1 76.1 76.1 76.1 76.1 76.1 76.1 76.1 76.1 76.1 76.1 76.1 76.1 76.1 76.1 76.1 76.1 76.1 76.1 76.1 76.1 76.1 76.1 76.1 76.1 76.1 76.1 76.1 76.1 76.1 76.1 76.1 76.1 76.1 76.1 76.1 76.1 65.9 65.9 65.9 65.9 65.9 65.9 65.9 65.9 65.9 65.9 65.9 65.9 65.9 65.9 65.9 65.9 65.9 65.9 65.9 65.9 65.9 65.9 65.9 65.9 65.9 65.9 65.9 65.9 65.9 
82.2 82.2 82.2 82.2 82.2 82.2 82.2 82.2 82.2 82.2 82.2 76.1 76.1 76.1 76.1 76.1 76.1 76.1 76.1 76.1 76.1 76.1 76.1 76.1 76.1 76.1 76.1 76.1 76.1 76.1 76.1 76.1 76.1 76.1 76.1 76.1 76.1 76.1 76.1 76.1 76.1 76.1 76.1 76.1 76.1 76.1 76.1 76.1 76.1 76.1 76.1 76.1 76.1 76.1 76.1 76.1 76.1 76.1 76.1 76.1 76.1 76.1 76.1 76.1 76.1 76.1 76.1 76.1 76.1 76.1 76.1 65.9 65.9 65.9 65.9 65.9 65.9 65.9 65.9 65.9 65.9 65.9 65.9 65.9 65.9 65.9 65.9 65.9 65.9 65.9 65.9 65.9 65.9 65.9 65.9 65.9 65.9 65.9 65.9 65.9 
82.2 82.2 82.2 82.2 82.2 82.2 82.2 82.2 82.2 82.2 82.2 76.1 76.1 76.1 76.1 76.1 76.1 76.1 76.1 76.1 76.1 76.1 76.1 76.1 76.1 76.1 76.1 76.1 76.1 76.1 76.1 76.1 76.1 76.1 76.1 76.1 76.1 76.1 76.1 76.1 76.1 76.1 76.1 76.1 76.1 76.1 76.1 76.1 76.1 76.1 76.1 76.1 76.1 76.1 76.1 76.1 76.1 76.1 76.1 76.1 76.1 76.1 76.1 76.1 76.1 76.1 76.1 76.1 76.1 76.1 76.1 65.9 65.9 65.9 65.9 65.9 65.9 65.9 65.9 65.9 65.9 65.9 65.9 65.9 65.9 65.9 65.9 65.9 65.9 65.9 65.9 65.9 65.9 65.9 65.9 65.9 65.9 65.9 65.9 65.9 
82.2 82.2 82.2 82.2 82.2 82.2 82.2 82.2 82.2 82.2 82.2 76.1 76.1 76.1 76.1 76.1 76.1 76.1 76.1 76.1 76.1 76.1 76.1 76.1 76.1 76.1 76.1 76.1 76.1 76.1 76.1 76.1 76.1 76.1 76.1 76.1 76.1 76.1 76.1 76.1 76.1 76.1 76.1 76.1 76.1 76.1 76.1 76.1 76.1 76.1 76.1 76.1 76.1 76.1 76.1 76.1 76.1 76.1 76.1 76.1 76.1 76.1 76.1 76.1 76.1 76.1 76.1 76.1 76.1 76.1 76.1 65.9 65.9 65.9 65.9 65.9 65.9 65.9 65.9 65.9 65.9 65.9 65.9 65.9 65.9 65.9 65.9 65.9 65.9 65.9 65.9 65.9 65.9 65.9 65.9 65.9 65.9 65.9 65.9 65.9 
82.2 82.2 82.2 82.2 82.2 82.2 82.2 82.2 82.2 82.2 82.2 76.1 76.1 76.1 76.1 76.1 76.1 76.1 76.1 76.1 76.1 76.1 76.1 76.1 76.1 76.1 76.1 76.1 76.1 76.1 76.1 76.1 76.1 76.1 76.1 76.1 76.1 76.1 76.1 76.1 76.1 76.1 76.1 76.1 76.1 76.1 76.1 76.1 76.1 76.1 76.1 76.1 76.1 76.1 76.1 76.1 76.1 76.1 76.1 76.1 76.1 76.1 76.1 76.1 76.1 76.1 76.1 76.1 76.1 76.1 76.1 65.9 65.9 65.9 65.9 65.9 65.9 65.9 65.9 65.9 65.9 65.9 65.9 65.9 65.9 65.9 65.9 65.9 65.9 65.9 65.9 65.9 65.9 65.9 65.9 65.9 65.9 65.9 65.9 65.9 
82.2 82.2 82.2 82.2 82.2 82.2 82.2 82.2 82.2 82.2 82.2 76.1 76.1 76.1 76.1 76.1 76.1 76.1 76.1 76.1 76.1 76.1 76.1 76.1 76.1 76.1 76.1 76.1 76.1 76.1 76.1 76.1 76.1 76.1 76.1 76.1 76.1 76.1 76.1 76.1 76.1 76.1 76.1 76.1 76.1 76.1 76.1 76.1 76.1 76.1 76.1 76.1 76.1 76.1 76.1 76.1 76.1 76.1 76.1 76.1 76.1 76.1 76.1 76.1 76.1 76.1 76.1 76.1 76.1 76.1 76.1 65.9 65.9 65.9 65.9 65.9 65.9 65.9 65.9 65.9 65.9 65.9 65.9 65.9 65.9 65.9 65.9 65.9 65.9 65.9 65.9 65.9 65.9 65.9 65.9 65.9 65.9 65.9 65.9 65.9 
82.2 82.2 82.2 82.2 82.2 82.2 82.2 82.2 82.2 82.2 82.2 76.1 76.1 76.1 76.1 76.1 76.1 76.1 76.1 76.1 76.1 76.1 76.1 76.1 76.1 76.1 76.1 76.1 76.1 76.1 76.1 76.1 76.1 76.1 76.1 76.1 76.1 76.1 76.1 76.1 76.1 76.1 76.1 76.1 76.1 76.1 76.1 76.1 76.1 76.1 76.1 76.1 76.1 76.1 76.1 76.1 76.1 76.1 76.1 76.1 76.1 76.1 76.1 76.1 76.1 76.1 76.1 76.1 76.1 76.1 76.1 65.9 65.9 65.9 65.9 65.9 65.9 65.9 65.9 65.9 65.9 65.9 65.9 65.9 65.9 65.9 65.9 65.9 65.9 65.9 65.9 65.9 65.9 65.9 65.9 65.9 65.9 65.9 65.9 65.9 
82.2 82.2 82.2 82.2 82.2 82.2 82.2 82.2 82.2 82.2 82.2 76.1 76.1 76.1 76.1 76.1 76.1 76.1 76.1 76.1 76.1 76.1 76.1 76.1 76.1 76.1 76.1 76.1 76.1 76.1 76.1 76.1 76.1 76.1 76.1 76.1 76.1 76.1 76.1 76.1 76.1 76.1 76.1 76.1 76.1 76.1 76.1 76.1 76.1 76.1 76.1 76.1 76.1 76.1 76.1 76.1 76.1 76.1 76.1 76.1 76.1 76.1 76.1 76.1 76.1 76.1 76.1 76.1 76.1 76.1 76.1 65.9 65.9 65.9 65.9 65.9 65.9 65.9 65.9 65.9 65.9 65.9 65.9 65.9 65.9 65.9 65.9 65.9 65.9 65.9 65.9 65.9 65.9 65.9 65.9 65.9 65.9 65.9 65.9 65.9 
82.2 82.2 82.2 82.2 82.2 82.2 82.2 82.2 82.2 82.2 82.2 76.1 76.1 76.1 76.1 76.1 76.1 76.1 76.1 76.1 76.1 76.1 76.1 76.1 76.1 76.1 76.1 76.1 76.1 76.1 76.1 76.1 76.1 76.1 76.1 76.1 76.1 76.1 76.1 76.1 76.1 76.1 76.1 76.1 76.1 76.1 76.1 76.1 76.1 76.1 76.1 76.1 76.1 76.1 76.1 76.1 76.1 76.1 76.1 76.1 76.1 76.1 76.1 76.1 76.1 76.1 76.1 76.1 76.1 76.1 76.1 65.9 65.9 65.9 65.9 65.9 65.9 65.9 65.9 65.9 65.9 65.9 65.9 65.9 65.9 65.9 65.9 65.9 65.9 65.9 65.9 65.9 65.9 65.9 65.9 65.9 65.9 65.9 65.9 65.9 
82.2 82.2 82.2 82.2 82.2 82.2 82.2 82.2 82.2 82.2 82.2 76.1 76.1 76.1 76.1 76.1 76.1 76.1 76.1 76.1 76.1 76.1 76.1 76.1 76.1 76.1 76.1 76.1 76.1 76.1 76.1 76.1 76.1 76.1 76.1 76.1 76.1 76.1 76.1 76.1 76.1 76.1 76.1 76.1 76.1 76.1 76.1 76.1 76.1 76.1 76.1 76.1 76.1 76.1 76.1 76.1 76.1 76.1 76.1 76.1 76.1 76.1 76.1 76.1 76.1 76.1 76.1 76.1 76.1 76.1 76.1 65.9 65.9 65.9 65.9 65.9 65.9 65.9 65.9 65.9 65.9 65.9 65.9 65.9 65.9 65.9 65.9 65.9 65.9 65.9 65.9 65.9 65.9 65.9 65.9 65.9 65.9 65.9 65.9 65.9 
82.2 82.2 82.2 82.2 82.2 82.2 82.2 82.2 82.2 82.2 82.2 76.1 76.1 76.1 76.1 76.1 76.1 76.1 76.1 76.1 76.1 76.1 76.1 76.1 76.1 76.1 76.1 76.1 76.1 76.1 76.1 76.1 76.1 76.1 76.1 76.1 76.1 76.1 76.1 76.1 76.1 76.1 76.1 76.1 76.1 76.1 76.1 76.1 76.1 76.1 76.1 76.1 76.1 76.1 76.1 76.1 76.1 76.1 76.1 76.1 76.1 76.1 76.1 76.1 76.1 76.1 76.1 76.1 76.1 76.1 76.1 65.9 65.9 65.9 65.9 65.9 65.9 65.9 65.9 65.9 65.9 65.9 65.9 65.9 65.9 65.9 65.9 65.9 65.9 65.9 65.9 65.9 65.9 65.9 65.9 65.9 65.9 65.9 65.9 65.9 
82.2 82.2 82.2 82.2 82.2 82.2 82.2 82.2 82.2 82.2 82.2 76.1 76.1 76.1 76.1 76.1 76.1 76.1 76.1 76.1 76.1 76.1 76.1 76.1 76.1 76.1 76.1 76.1 76.1 76.1 76.1 76.1 76.1 76.1 76.1 76.1 76.1 76.1 76.1 76.1 76.1 76.1 76.1 76.1 76.1 76.1 76.1 76.1 76.1 76.1 76.1 76.1 76.1 76.1 76.1 76.1 76.1 76.1 76.1 76.1 76.1 76.1 76.1 76.1 76.1 76.1 76.1 76.1 76.1 76.1 76.1 65.9 65.9 65.9 65.9 65.9 65.9 65.9 65.9 65.9 65.9 65.9 65.9 65.9 65.9 65.9 65.9 65.9 65.9 65.9 65.9 65.9 65.9 65.9 65.9 65.9 65.9 65.9 65.9 65.9 
82.2 82.2 82.2 82.2 82.2 82.2 82.2 82.2 82.2 82.2 82.2 76.1 76.1 76.1 76.1 76.1 76.1 76.1 76.1 76.1 76.1 76.1 76.1 76.1 76.1 76.1 76.1 76.1 76.1 76.1 76.1 76.1 76.1 76.1 76.1 76.1 76.1 76.1 76.1 76.1 76.1 76.1 76.1 76.1 76.1 76.1 76.1 76.1 76.1 76.1 76.1 76.1 76.1 76.1 76.1 76.1 76.1 76.1 76.1 76.1 76.1 76.1 76.1 76.1 76.1 76.1 76.1 76.1 76.1 76.1 76.1 65.9 65.9 65.9 65.9 65.9 65.9 65.9 65.9 65.9 65.9 65.9 65.9 65.9 65.9 65.9 65.9 65.9 65.9 65.9 65.9 65.9 65.9 65.9 65.9 65.9 65.9 65.9 65.9 65.9 
82.2 82.2 82.2 82.2 82.2 82.2 82.2 82.2 82.2 82.2 82.2 76.1 76.1 76.1 76.1 76.1 76.1 76.1 76.1 76.1 76.1 76.1 76.1 76.1 76.1 76.1 76.1 76.1 76.1 76.1 76.1 76.1 76.1 76.1 76.1 76.1 76.1 76.1 76.1 76.1 76.1 76.1 76.1 76.1 76.1 76.1 76.1 76.1 76.1 76.1 76.1 76.1 76.1 76.1 76.1 76.1 76.1 76.1 76.1 76.1 76.1 76.1 76.1 76.1 76.1 76.1 76.1 76.1 76.1 76.1 76.1 65.9 65.9 65.9 65.9 65.9 65.9 65.9 65.9 65.9 65.9 65.9 65.9 65.9 65.9 65.9 65.9 65.9 65.9 65.9 65.9 65.9 65.9 65.9 65.9 65.9 65.9 65.9 65.9 65.9 
82.2 82.2 82.2 82.2 82.2 82.2 82.2 82.2 82.2 82.2 82.2 76.1 76.1 76.1 76.1 76.1 76.1 76.1 76.1 76.1 76.1 76.1 76.1 76.1 76.1 76.1 76.1 76.1 76.1 76.1 76.1 76.1 76.1 76.1 76.1 76.1 76.1 76.1 76.1 76.1 76.1 76.1 76.1 76.1 76.1 76.1 76.1 76.1 76.1 76.1 76.1 76.1 76.1 76.1 76.1 76.1 76.1 76.1 76.1 76.1 76.1 76.1 76.1 76.1 76.1 76.1 76.1 76.1 76.1 76.1 76.1 65.9 65.9 65.9 65.9 65.9 65.9 65.9 65.9 65.9 65.9 65.9 65.9 65.9 65.9 65.9 65.9 65.9 65.9 65.9 65.9 65.9 65.9 65.9 65.9 65.9 65.9 65.9 65.9 65.9 
82.2 82.2 82.2 82.2 82.2 82.2 82.2 82.2 82.2 82.2 82.2 76.1 76.1 76.1 76.1 76.1 76.1 76.1 76.1 76.1 76.1 76.1 76.1 76.1 76.1 76.1 76.1 76.1 76.1 76.1 76.1 76.1 76.1 76.1 76.1 76.1 76.1 76.1 76.1 76.1 76.1 76.1 76.1 76.1 76.1 76.1 76.1 76.1 76.1 76.1 76.1 76.1 76.1 76.1 76.1 76.1 76.1 76.1 76.1 76.1 76.1 76.1 76.1 76.1 76.1 76.1 76.1 76.1 76.1 76.1 76.1 65.9 65.9 65.9 65.9 65.9 65.9 65.9 65.9 65.9 65.9 65.9 65.9 65.9 65.9 65.9 65.9 65.9 65.9 65.9 65.9 65.9 65.9 65.9 65.9 65.9 65.9 65.9 65.9 65.9 
82.2 82.2 82.2 82.2 82.2 82.2 82.2 82.2 82.2 82.2 82.2 76.1 76.1 76.1 76.1 76.1 76.1 76.1 76.1 76.1 76.1 76.1 76.1 76.1 76.1 76.1 76.1 76.1 76.1 76.1 76.1 76.1 76.1 76.1 76.1 76.1 76.1 76.1 76.1 76.1 76.1 76.1 76.1 76.1 76.1 76.1 76.1 76.1 76.1 76.1 76.1 76.1 76.1 76.1 76.1 76.1 76.1 76.1 76.1 76.1 76.1 76.1 76.1 76.1 76.1 76.1 76.1 76.1 76.1 76.1 76.1 65.9 65.9 65.9 65.9 65.9 65.9 65.9 65.9 65.9 65.9 65.9 65.9 65.9 65.9 65.9 65.9 65.9 65.9 65.9 65.9 65.9 65.9 65.9 65.9 65.9 65.9 65.9 65.9 65.9 
82.2 82.2 82.2 82.2 82.2 82.2 82.2 82.2 82.2 82.2 82.2 76.1 76.1 76.1 76.1 76.1 76.1 76.1 76.1 76.1 76.1 76.1 76.1 76.1 76.1 76.1 76.1 76.1 76.1 76.1 76.1 76.1 76.1 76.1 76.1 76.1 76.1 76.1 76.1 76.1 76.1 76.1 76.1 76.1 76.1 76.1 76.1 76.1 76.1 76.1 76.1 76.1 76.1 76.1 76.1 76.1 76.1 76.1 76.1 76.1 76.1 76.1 76.1 76.1 76.1 76.1 76.1 76.1 76.1 76.1 76.1 65.9 65.9 65.9 65.9 65.9 65.9 65.9 65.9 65.9 65.9 65.9 65.9 65.9 65.9 65.9 65.9 65.9 65.9 65.9 65.9 65.9 65.9 65.9 65.9 65.9 65.9 65.9 65.9 65.9 
82.2 82.2 82.2 82.2 82.2 82.2 82.2 82.2 82.2 82.2 82.2 76.1 76.1 76.1 76.1 76.1 76.1 76.1 76.1 76.1 76.1 76.1 76.1 76.1 76.1 76.1 76.1 76.1 76.1 76.1 76.1 76.1 76.1 76.1 76.1 76.1 76.1 76.1 76.1 76.1 76.1 76.1 76.1 76.1 76.1 76.1 76.1 76.1 76.1 76.1 76.1 76.1 76.1 76.1 76.1 76.1 76.1 76.1 76.1 76.1 76.1 76.1 76.1 76.1 76.1 76.1 76.1 76.1 76.1 76.1 76.1 65.9 65.9 65.9 65.9 65.9 65.9 65.9 65.9 65.9 65.9 65.9 65.9 65.9 65.9 65.9 65.9 65.9 65.9 65.9 65.9 65.9 65.9 65.9 65.9 65.9 65.9 65.9 65.9 65.9 
82.2 82.2 82.2 82.2 82.2 82.2 82.2 82.2 82.2 82.2 82.2 76.1 76.1 76.1 76.1 76.1 76.1 76.1 76.1 76.1 76.1 76.1 76.1 76.1 76.1 76.1 76.1 76.1 76.1 76.1 76.1 76.1 76.1 76.1 76.1 76.1 76.1 76.1 76.1 76.1 76.1 76.1 76.1 76.1 76.1 76.1 76.1 76.1 76.1 76.1 76.1 76.1 76.1 76.1 76.1 76.1 76.1 76.1 76.1 76.1 76.1 76.1 76.1 76.1 76.1 76.1 76.1 76.1 76.1 76.1 76.1 65.9 65.9 65.9 65.9 65.9 65.9 65.9 65.9 65.9 65.9 65.9 65.9 65.9 65.9 65.9 65.9 65.9 65.9 65.9 65.9 65.9 65.9 65.9 65.9 65.9 65.9 65.9 65.9 65.9 
82.2 82.2 82.2 82.2 82.2 82.2 82.2 82.2 82.2 82.2 82.2 76.1 76.1 76.1 76.1 76.1 76.1 76.1 76.1 76.1 76.1 76.1 76.1 76.1 76.1 76.1 76.1 76.1 76.1 76.1 76.1 76.1 76.1 76.1 76.1 76.1 76.1 76.1 76.1 76.1 76.1 76.1 76.1 76.1 76.1 76.1 76.1 76.1 76.1 76.1 76.1 76.1 76.1 76.1 76.1 76.1 76.1 76.1 76.1 76.1 76.1 76.1 76.1 76.1 76.1 76.1 76.1 76.1 76.1 76.1 76.1 65.9 65.9 65.9 65.9 65.9 65.9 65.9 65.9 65.9 65.9 65.9 65.9 65.9 65.9 65.9 65.9 65.9 65.9 65.9 65.9 65.9 65.9 65.9 65.9 65.9 65.9 65.9 65.9 65.9 
82.2 82.2 82.2 82.2 82.2 82.2 82.2 82.2 82.2 82.2 82.2 76.1 76.1 76.1 76.1 76.1 76.1 76.1 76.1 76.1 76.1 76.1 76.1 76.1 76.1 76.1 76.1 76.1 76.1 76.1 76.1 76.1 76.1 76.1 76.1 76.1 76.1 76.1 76.1 76.1 76.1 76.1 76.1 76.1 76.1 76.1 76.1 76.1 76.1 76.1 76.1 76.1 76.1 76.1 76.1 76.1 76.1 76.1 76.1 76.1 76.1 76.1 76.1 76.1 76.1 76.1 76.1 76.1 76.1 76.1 76.1 65.9 65.9 65.9 65.9 65.9 65.9 65.9 65.9 65.9 65.9 65.9 65.9 65.9 65.9 65.9 65.9 65.9 65.9 65.9 65.9 65.9 65.9 65.9 65.9 65.9 65.9 65.9 65.9 65.9 
82.2 82.2 82.2 82.2 82.2 82.2 82.2 82.2 82.2 82.2 82.2 76.1 76.1 76.1 76.1 76.1 76.1 76.1 76.1 76.1 76.1 76.1 76.1 76.1 76.1 76.1 76.1 76.1 76.1 76.1 76.1 76.1 76.1 76.1 76.1 76.1 76.1 76.1 76.1 76.1 76.1 76.1 76.1 76.1 76.1 76.1 76.1 76.1 76.1 76.1 76.1 76.1 76.1 76.1 76.1 76.1 76.1 76.1 76.1 76.1 76.1 76.1 76.1 76.1 76.1 76.1 76.1 76.1 76.1 76.1 76.1 65.9 65.9 65.9 65.9 65.9 65.9 65.9 65.9 65.9 65.9 65.9 65.9 65.9 65.9 65.9 65.9 65.9 65.9 65.9 65.9 65.9 65.9 65.9 65.9 65.9 65.9 65.9 65.9 65.9 
82.2 82.2 82.2 82.2 82.2 82.2 82.2 82.2 82.2 82.2 82.2 76.1 76.1 76.1 76.1 76.1 76.1 76.1 76.1 76.1 76.1 76.1 76.1 76.1 76.1 76.1 76.1 76.1 76.1 76.1 76.1 76.1 76.1 76.1 76.1 76.1 76.1 76.1 76.1 76.1 76.1 76.1 76.1 76.1 76.1 76.1 76.1 76.1 76.1 76.1 76.1 76.1 76.1 76.1 76.1 76.1 76.1 76.1 76.1 76.1 76.1 76.1 76.1 76.1 76.1 76.1 76.1 76.1 76.1 76.1 76.1 65.9 65.9 65.9 65.9 65.9 65.9 65.9 65.9 65.9 65.9 65.9 65.9 65.9 65.9 65.9 65.9 65.9 65.9 65.9 65.9 65.9 65.9 65.9 65.9 65.9 65.9 65.9 65.9 65.9 
82.2 82.2 82.2 82.2 82.2 82.2 82.2 82.2 82.2 82.2 82.2 76.1 76.1 76.1 76.1 76.1 76.1 76.1 76.1 76.1 76.1 76.1 76.1 76.1 76.1 76.1 76.1 76.1 76.1 76.1 76.1 76.1 76.1 76.1 76.1 76.1 76.1 76.1 76.1 76.1 76.1 76.1 76.1 76.1 76.1 76.1 76.1 76.1 76.1 76.1 76.1 76.1 76.1 76.1 76.1 76.1 76.1 76.1 76.1 76.1 76.1 76.1 76.1 76.1 76.1 76.1 76.1 76.1 76.1 76.1 76.1 65.9 65.9 65.9 65.9 65.9 65.9 65.9 65.9 65.9 65.9 65.9 65.9 65.9 65.9 65.9 65.9 65.9 65.9 65.9 65.9 65.9 65.9 65.9 65.9 65.9 65.9 65.9 65.9 65.9 
82.2 82.2 82.2 82.2 82.2 82.2 82.2 82.2 82.2 82.2 82.2 76.1 76.1 76.1 76.1 76.1 76.1 76.1 76.1 76.1 76.1 76.1 76.1 76.1 76.1 76.1 76.1 76.1 76.1 76.1 76.1 76.1 76.1 76.1 76.1 76.1 76.1 76.1 76.1 76.1 76.1 76.1 76.1 76.1 76.1 76.1 76.1 76.1 76.1 76.1 76.1 76.1 76.1 76.1 76.1 76.1 76.1 76.1 76.1 76.1 76.1 76.1 76.1 76.1 76.1 76.1 76.1 76.1 76.1 76.1 76.1 65.9 65.9 65.9 65.9 65.9 65.9 65.9 65.9 65.9 65.9 65.9 65.9 65.9 65.9 65.9 65.9 65.9 65.9 65.9 65.9 65.9 65.9 65.9 65.9 65.9 65.9 65.9 65.9 65.9 
82.2 82.2 82.2 82.2 82.2 82.2 82.2 82.2 82.2 82.2 82.2 76.1 76.1 76.1 76.1 76.1 76.1 76.1 76.1 76.1 76.1 76.1 76.1 76.1 76.1 76.1 76.1 76.1 76.1 76.1 76.1 76.1 76.1 76.1 76.1 76.1 76.1 76.1 76.1 76.1 76.1 76.1 76.1 76.1 76.1 76.1 76.1 76.1 76.1 76.1 76.1 76.1 76.1 76.1 76.1 76.1 76.1 76.1 76.1 76.1 76.1 76.1 76.1 76.1 76.1 76.1 76.1 76.1 76.1 76.1 76.1 65.9 65.9 65.9 65.9 65.9 65.9 65.9 65.9 65.9 65.9 65.9 65.9 65.9 65.9 65.9 65.9 65.9 65.9 65.9 65.9 65.9 65.9 65.9 65.9 65.9 65.9 65.9 65.9 65.9 
82.2 82.2 82.2 82.2 82.2 82.2 82.2 82.2 82.2 82.2 82.2 76.1 76.1 76.1 76.1 76.1 76.1 76.1 76.1 76.1 76.1 76.1 76.1 76.1 76.1 76.1 76.1 76.1 76.1 76.1 76.1 76.1 76.1 76.1 76.1 76.1 76.1 76.1 76.1 76.1 76.1 76.1 76.1 76.1 76.1 76.1 76.1 76.1 76.1 76.1 76.1 76.1 76.1 76.1 76.1 76.1 76.1 76.1 76.1 76.1 76.1 76.1 76.1 76.1 76.1 76.1 76.1 76.1 76.1 76.1 76.1 65.9 65.9 65.9 65.9 65.9 65.9 65.9 65.9 65.9 65.9 65.9 65.9 65.9 65.9 65.9 65.9 65.9 65.9 65.9 65.9 65.9 65.9 65.9 65.9 65.9 65.9 65.9 65.9 65.9 
82.2 82.2 82.2 82.2 82.2 82.2 82.2 82.2 82.2 82.2 82.2 76.1 76.1 76.1 76.1 76.1 76.1 76.1 76.1 76.1 76.1 76.1 76.1 76.1 76.1 76.1 76.1 76.1 76.1 76.1 76.1 76.1 76.1 76.1 76.1 76.1 76.1 76.1 76.1 76.1 76.1 76.1 76.1 76.1 76.1 76.1 76.1 76.1 76.1 76.1 76.1 76.1 76.1 76.1 76.1 76.1 76.1 76.1 76.1 76.1 76.1 76.1 76.1 76.1 76.1 76.1 76.1 76.1 76.1 76.1 76.1 65.9 65.9 65.9 65.9 65.9 65.9 65.9 65.9 65.9 65.9 65.9 65.9 65.9 65.9 65.9 65.9 65.9 65.9 65.9 65.9 65.9 65.9 65.9 65.9 65.9 65.9 65.9 65.9 65.9 
82.2 82.2 82.2 82.2 82.2 82.2 82.2 82.2 82.2 82.2 82.2 76.1 76.1 76.1 76.1 76.1 76.1 76.1 76.1 76.1 76.1 76.1 76.1 76.1 76.1 76.1 76.1 76.1 76.1 76.1 76.1 76.1 76.1 76.1 76.1 76.1 76.1 76.1 76.1 76.1 76.1 76.1 76.1 76.1 76.1 76.1 76.1 76.1 76.1 76.1 76.1 76.1 76.1 76.1 76.1 76.1 76.1 76.1 76.1 76.1 76.1 76.1 76.1 76.1 76.1 76.1 76.1 76.1 76.1 76.1 76.1 65.9 65.9 65.9 65.9 65.9 65.9 65.9 65.9 65.9 65.9 65.9 65.9 65.9 65.9 65.9 65.9 65.9 65.9 65.9 65.9 65.9 65.9 65.9 65.9 65.9 65.9 65.9 65.9 65.9 
82.2 82.2 82.2 82.2 82.2 82.2 82.2 82.2 82.2 82.2 82.2 76.1 76.1 76.1 76.1 76.1 76.1 76.1 76.1 76.1 76.1 76.1 76.1 76.1 76.1 76.1 76.1 76.1 76.1 76.1 76.1 76.1 76.1 76.1 76.1 76.1 76.1 76.1 76.1 76.1 76.1 76.1 76.1 76.1 76.1 76.1 76.1 76.1 76.1 76.1 76.1 76.1 76.1 76.1 76.1 76.1 76.1 76.1 76.1 76.1 76.1 76.1 76.1 76.1 76.1 76.1 76.1 76.1 76.1 76.1 76.1 65.9 65.9 65.9 65.9 65.9 65.9 65.9 65.9 65.9 65.9 65.9 65.9 65.9 65.9 65.9 65.9 65.9 65.9 65.9 65.9 65.9 65.9 65.9 65.9 65.9 65.9 65.9 65.9 65.9 
82.2 82.2 82.2 82.2 82.2 82.2 82.2 82.2 82.2 82.2 82.2 76.1 76.1 76.1 76.1 76.1 76.1 76.1 76.1 76.1 76.1 76.1 76.1 76.1 76.1 76.1 76.1 76.1 76.1 76.1 76.1 76.1 76.1 76.1 76.1 76.1 76.1 76.1 76.1 76.1 76.1 76.1 76.1 76.1 76.1 76.1 76.1 76.1 76.1 76.1 76.1 76.1 76.1 76.1 76.1 76.1 76.1 76.1 76.1 76.1 76.1 76.1 76.1 76.1 76.1 76.1 76.1 76.1 76.1 76.1 76.1 65.9 65.9 65.9 65.9 65.9 65.9 65.9 65.9 65.9 65.9 65.9 65.9 65.9 65.9 65.9 65.9 65.9 65.9 65.9 65.9 65.9 65.9 65.9 65.9 65.9 65.9 65.9 65.9 65.9 
82.2 82.2 82.2 82.2 82.2 82.2 82.2 82.2 82.2 82.2 82.2 76.1 76.1 76.1 76.1 76.1 76.1 76.1 76.1 76.1 76.1 76.1 76.1 76.1 76.1 76.1 76.1 76.1 76.1 76.1 76.1 76.1 76.1 76.1 76.1 76.1 76.1 76.1 76.1 76.1 76.1 76.1 76.1 76.1 76.1 76.1 76.1 76.1 76.1 76.1 76.1 76.1 76.1 76.1 76.1 76.1 76.1 76.1 76.1 76.1 76.1 76.1 76.1 76.1 76.1 76.1 76.1 76.1 76.1 76.1 76.1 65.9 65.9 65.9 65.9 65.9 65.9 65.9 65.9 65.9 65.9 65.9 65.9 65.9 65.9 65.9 65.9 65.9 65.9 65.9 65.9 65.9 65.9 65.9 65.9 65.9 65.9 65.9 65.9 65.9 
82.2 82.2 82.2 82.2 82.2 82.2 82.2 82.2 82.2 82.2 82.2 76.1 76.1 76.1 76.1 76.1 76.1 76.1 76.1 76.1 76.1 76.1 76.1 76.1 76.1 76.1 76.1 76.1 76.1 76.1 76.1 76.1 76.1 76.1 76.1 76.1 76.1 76.1 76.1 76.1 76.1 76.1 76.1 76.1 76.1 76.1 76.1 76.1 76.1 76.1 76.1 76.1 76.1 76.1 76.1 76.1 76.1 76.1 76.1 76.1 76.1 76.1 76.1 76.1 76.1 76.1 76.1 76.1 76.1 76.1 76.1 65.9 65.9 65.9 65.9 65.9 65.9 65.9 65.9 65.9 65.9 65.9 65.9 65.9 65.9 65.9 65.9 65.9 65.9 65.9 65.9 65.9 65.9 65.9 65.9 65.9 65.9 65.9 65.9 65.9 
82.2 82.2 82.2 82.2 82.2 82.2 82.2 82.2 82.2 82.2 82.2 76.1 76.1 76.1 76.1 76.1 76.1 76.1 76.1 76.1 76.1 76.1 76.1 76.1 76.1 76.1 76.1 76.1 76.1 76.1 76.1 76.1 76.1 76.1 76.1 76.1 76.1 76.1 76.1 76.1 76.1 76.1 76.1 76.1 76.1 76.1 76.1 76.1 76.1 76.1 76.1 76.1 76.1 76.1 76.1 76.1 76.1 76.1 76.1 76.1 76.1 76.1 76.1 76.1 76.1 76.1 76.1 76.1 76.1 76.1 76.1 65.9 65.9 65.9 65.9 65.9 65.9 65.9 65.9 65.9 65.9 65.9 65.9 65.9 65.9 65.9 65.9 65.9 65.9 65.9 65.9 65.9 65.9 65.9 65.9 65.9 65.9 65.9 65.9 65.9 
82.2 82.2 82.2 82.2 82.2 82.2 82.2 82.2 82.2 82.2 82.2 76.1 76.1 76.1 76.1 76.1 76.1 76.1 76.1 76.1 76.1 76.1 76.1 76.1 76.1 76.1 76.1 76.1 76.1 76.1 76.1 76.1 76.1 76.1 76.1 76.1 76.1 76.1 76.1 76.1 76.1 76.1 76.1 76.1 76.1 76.1 76.1 76.1 76.1 76.1 76.1 76.1 76.1 76.1 76.1 76.1 76.1 76.1 76.1 76.1 76.1 76.1 76.1 76.1 76.1 76.1 76.1 76.1 76.1 76.1 76.1 65.9 65.9 65.9 65.9 65.9 65.9 65.9 65.9 65.9 65.9 65.9 65.9 65.9 65.9 65.9 65.9 65.9 65.9 65.9 65.9 65.9 65.9 65.9 65.9 65.9 65.9 65.9 65.9 65.9 
82.2 82.2 82.2 82.2 82.2 82.2 82.2 82.2 82.2 82.2 82.2 76.1 76.1 76.1 76.1 76.1 76.1 76.1 76.1 76.1 76.1 76.1 76.1 76.1 76.1 76.1 76.1 76.1 76.1 76.1 76.1 76.1 76.1 76.1 76.1 76.1 76.1 76.1 76.1 76.1 76.1 76.1 76.1 76.1 76.1 76.1 76.1 76.1 76.1 76.1 76.1 76.1 76.1 76.1 76.1 76.1 76.1 76.1 76.1 76.1 76.1 76.1 76.1 76.1 76.1 76.1 76.1 76.1 76.1 76.1 76.1 65.9 65.9 65.9 65.9 65.9 65.9 65.9 65.9 65.9 65.9 65.9 65.9 65.9 65.9 65.9 65.9 65.9 65.9 65.9 65.9 65.9 65.9 65.9 65.9 65.9 65.9 65.9 65.9 65.9 
82.2 82.2 82.2 82.2 82.2 82.2 82.2 82.2 82.2 82.2 82.2 76.1 76.1 76.1 76.1 76.1 76.1 76.1 76.1 76.1 76.1 76.1 76.1 76.1 76.1 76.1 76.1 76.1 76.1 76.1 76.1 76.1 76.1 76.1 76.1 76.1 76.1 76.1 76.1 76.1 76.1 76.1 76.1 76.1 76.1 76.1 76.1 76.1 76.1 76.1 76.1 76.1 76.1 76.1 76.1 76.1 76.1 76.1 76.1 76.1 76.1 76.1 76.1 76.1 76.1 76.1 76.1 76.1 76.1 76.1 76.1 65.9 65.9 65.9 65.9 65.9 65.9 65.9 65.9 65.9 65.9 65.9 65.9 65.9 65.9 65.9 65.9 65.9 65.9 65.9 65.9 65.9 65.9 65.9 65.9 65.9 65.9 65.9 65.9 65.9 
82.2 82.2 82.2 82.2 82.2 82.2 82.2 82.2 82.2 82.2 82.2 76.1 76.1 76.1 76.1 76.1 76.1 76.1 76.1 76.1 76.1 76.1 76.1 76.1 76.1 76.1 76.1 76.1 76.1 76.1 76.1 76.1 76.1 76.1 76.1 76.1 76.1 76.1 76.1 76.1 76.1 76.1 76.1 76.1 76.1 76.1 76.1 76.1 76.1 76.1 76.1 76.1 76.1 76.1 76.1 76.1 76.1 76.1 76.1 76.1 76.1 76.1 76.1 76.1 76.1 76.1 76.1 76.1 76.1 76.1 76.1 65.9 65.9 65.9 65.9 65.9 65.9 65.9 65.9 65.9 65.9 65.9 65.9 65.9 65.9 65.9 65.9 65.9 65.9 65.9 65.9 65.9 65.9 65.9 65.9 65.9 65.9 65.9 65.9 65.9 
82.2 82.2 82.2 82.2 82.2 82.2 82.2 82.2 82.2 82.2 82.2 76.1 76.1 76.1 76.1 76.1 76.1 76.1 76.1 76.1 76.1 76.1 76.1 76.1 76.1 76.1 76.1 76.1 76.1 76.1 76.1 76.1 76.1 76.1 76.1 76.1 76.1 76.1 76.1 76.1 76.1 76.1 76.1 76.1 76.1 76.1 76.1 76.1 76.1 76.1 76.1 76.1 76.1 76.1 76.1 76.1 76.1 76.1 76.1 76.1 76.1 76.1 76.1 76.1 76.1 76.1 76.1 76.1 76.1 76.1 76.1 65.9 65.9 65.9 65.9 65.9 65.9 65.9 65.9 65.9 65.9 65.9 65.9 65.9 65.9 65.9 65.9 65.9 65.9 65.9 65.9 65.9 65.9 65.9 65.9 65.9 65.9 65.9 65.9 65.9 
82.2 82.2 82.2 82.2 82.2 82.2 82.2 82.2 82.2 82.2 82.2 76.1 76.1 76.1 76.1 76.1 76.1 76.1 76.1 76.1 76.1 76.1 76.1 76.1 76.1 76.1 76.1 76.1 76.1 76.1 76.1 76.1 76.1 76.1 76.1 76.1 76.1 76.1 76.1 76.1 76.1 76.1 76.1 76.1 76.1 76.1 76.1 76.1 76.1 76.1 76.1 76.1 76.1 76.1 76.1 76.1 76.1 76.1 76.1 76.1 76.1 76.1 76.1 76.1 76.1 76.1 76.1 76.1 76.1 76.1 76.1 65.9 65.9 65.9 65.9 65.9 65.9 65.9 65.9 65.9 65.9 65.9 65.9 65.9 65.9 65.9 65.9 65.9 65.9 65.9 65.9 65.9 65.9 65.9 65.9 65.9 65.9 65.9 65.9 65.9 
82.2 82.2 82.2 82.2 82.2 82.2 82.2 82.2 82.2 82.2 82.2 76.1 76.1 76.1 76.1 76.1 76.1 76.1 76.1 76.1 76.1 76.1 76.1 76.1 76.1 76.1 76.1 76.1 76.1 76.1 76.1 76.1 76.1 76.1 76.1 76.1 76.1 76.1 76.1 76.1 76.1 76.1 76.1 76.1 76.1 76.1 76.1 76.1 76.1 76.1 76.1 76.1 76.1 76.1 76.1 76.1 76.1 76.1 76.1 76.1 76.1 76.1 76.1 76.1 76.1 76.1 76.1 76.1 76.1 76.1 76.1 65.9 65.9 65.9 65.9 65.9 65.9 65.9 65.9 65.9 65.9 65.9 65.9 65.9 65.9 65.9 65.9 65.9 65.9 65.9 65.9 65.9 65.9 65.9 65.9 65.9 65.9 65.9 65.9 65.9 
82.2 82.2 82.2 82.2 82.2 82.2 82.2 82.2 82.2 82.2 82.2 76.1 76.1 76.1 76.1 76.1 76.1 76.1 76.1 76.1 76.1 76.1 76.1 76.1 76.1 76.1 76.1 76.1 76.1 76.1 76.1 76.1 76.1 76.1 76.1 76.1 76.1 76.1 76.1 76.1 76.1 76.1 76.1 76.1 76.1 76.1 76.1 76.1 76.1 76.1 76.1 76.1 76.1 76.1 76.1 76.1 76.1 76.1 76.1 76.1 76.1 76.1 76.1 76.1 76.1 76.1 76.1 76.1 76.1 76.1 76.1 65.9 65.9 65.9 65.9 65.9 65.9 65.9 65.9 65.9 65.9 65.9 65.9 65.9 65.9 65.9 65.9 65.9 65.9 65.9 65.9 65.9 65.9 65.9 65.9 65.9 65.9 65.9 65.9 65.9 
82.2 82.2 82.2 82.2 82.2 82.2 82.2 82.2 82.2 82.2 82.2 76.1 76.1 76.1 76.1 76.1 76.1 76.1 76.1 76.1 76.1 76.1 76.1 76.1 76.1 76.1 76.1 76.1 76.1 76.1 76.1 76.1 76.1 76.1 76.1 76.1 76.1 76.1 76.1 76.1 76.1 76.1 76.1 76.1 76.1 76.1 76.1 76.1 76.1 76.1 76.1 76.1 76.1 76.1 76.1 76.1 76.1 76.1 76.1 76.1 76.1 76.1 76.1 76.1 76.1 76.1 76.1 76.1 76.1 76.1 76.1 65.9 65.9 65.9 65.9 65.9 65.9 65.9 65.9 65.9 65.9 65.9 65.9 65.9 65.9 65.9 65.9 65.9 65.9 65.9 65.9 65.9 65.9 65.9 65.9 65.9 65.9 65.9 65.9 65.9 
82.2 82.2 82.2 82.2 82.2 82.2 82.2 82.2 82.2 82.2 82.2 76.1 76.1 76.1 76.1 76.1 76.1 76.1 76.1 76.1 76.1 76.1 76.1 76.1 76.1 76.1 76.1 76.1 76.1 76.1 76.1 76.1 76.1 76.1 76.1 76.1 76.1 76.1 76.1 76.1 76.1 76.1 76.1 76.1 76.1 76.1 76.1 76.1 76.1 76.1 76.1 76.1 76.1 76.1 76.1 76.1 76.1 76.1 76.1 76.1 76.1 76.1 76.1 76.1 76.1 76.1 76.1 76.1 76.1 76.1 76.1 65.9 65.9 65.9 65.9 65.9 65.9 65.9 65.9 65.9 65.9 65.9 65.9 65.9 65.9 65.9 65.9 65.9 65.9 65.9 65.9 65.9 65.9 65.9 65.9 65.9 65.9 65.9 65.9 65.9 
82.2 82.2 82.2 82.2 82.2 82.2 82.2 82.2 82.2 82.2 82.2 76.1 76.1 76.1 76.1 76.1 76.1 76.1 76.1 76.1 76.1 76.1 76.1 76.1 76.1 76.1 76.1 76.1 76.1 76.1 76.1 76.1 76.1 76.1 76.1 76.1 76.1 76.1 76.1 76.1 76.1 76.1 76.1 76.1 76.1 76.1 76.1 76.1 76.1 76.1 76.1 76.1 76.1 76.1 76.1 76.1 76.1 76.1 76.1 76.1 76.1 76.1 76.1 76.1 76.1 76.1 76.1 76.1 76.1 76.1 76.1 65.9 65.9 65.9 65.9 65.9 65.9 65.9 65.9 65.9 65.9 65.9 65.9 65.9 65.9 65.9 65.9 65.9 65.9 65.9 65.9 65.9 65.9 65.9 65.9 65.9 65.9 65.9 65.9 65.9 
82.2 82.2 82.2 82.2 82.2 82.2 82.2 82.2 82.2 82.2 82.2 76.1 76.1 76.1 76.1 76.1 76.1 76.1 76.1 76.1 76.1 76.1 76.1 76.1 76.1 76.1 76.1 76.1 76.1 76.1 76.1 76.1 76.1 76.1 76.1 76.1 76.1 76.1 76.1 76.1 76.1 76.1 76.1 76.1 76.1 76.1 76.1 76.1 76.1 76.1 76.1 76.1 76.1 76.1 76.1 76.1 76.1 76.1 76.1 76.1 76.1 76.1 76.1 76.1 76.1 76.1 76.1 76.1 76.1 76.1 76.1 65.9 65.9 65.9 65.9 65.9 65.9 65.9 65.9 65.9 65.9 65.9 65.9 65.9 65.9 65.9 65.9 65.9 65.9 65.9 65.9 65.9 65.9 65.9 65.9 65.9 65.9 65.9 65.9 65.9 
82.2 82.2 82.2 82.2 82.2 82.2 82.2 82.2 82.2 82.2 82.2 76.1 76.1 76.1 76.1 76.1 76.1 76.1 76.1 76.1 76.1 76.1 76.1 76.1 76.1 76.1 76.1 76.1 76.1 76.1 76.1 76.1 76.1 76.1 76.1 76.1 76.1 76.1 76.1 76.1 76.1 76.1 76.1 76.1 76.1 76.1 76.1 76.1 76.1 76.1 76.1 76.1 76.1 76.1 76.1 76.1 76.1 76.1 76.1 76.1 76.1 76.1 76.1 76.1 76.1 76.1 76.1 76.1 76.1 76.1 76.1 65.9 65.9 65.9 65.9 65.9 65.9 65.9 65.9 65.9 65.9 65.9 65.9 65.9 65.9 65.9 65.9 65.9 65.9 65.9 65.9 65.9 65.9 65.9 65.9 65.9 65.9 65.9 65.9 65.9 
82.2 82.2 82.2 82.2 82.2 82.2 82.2 82.2 82.2 82.2 82.2 76.1 76.1 76.1 76.1 76.1 76.1 76.1 76.1 76.1 76.1 76.1 76.1 76.1 76.1 76.1 76.1 76.1 76.1 76.1 76.1 76.1 76.1 76.1 76.1 76.1 76.1 76.1 76.1 76.1 76.1 76.1 76.1 76.1 76.1 76.1 76.1 76.1 76.1 76.1 76.1 76.1 76.1 76.1 76.1 76.1 76.1 76.1 76.1 76.1 76.1 76.1 76.1 76.1 76.1 76.1 76.1 76.1 76.1 76.1 76.1 65.9 65.9 65.9 65.9 65.9 65.9 65.9 65.9 65.9 65.9 65.9 65.9 65.9 65.9 65.9 65.9 65.9 65.9 65.9 65.9 65.9 65.9 65.9 65.9 65.9 65.9 65.9 65.9 65.9 
82.2 82.2 82.2 82.2 82.2 82.2 82.2 82.2 82.2 82.2 82.2 76.1 76.1 76.1 76.1 76.1 76.1 76.1 76.1 76.1 76.1 76.1 76.1 76.1 76.1 76.1 76.1 76.1 76.1 76.1 76.1 76.1 76.1 76.1 76.1 76.1 76.1 76.1 76.1 76.1 76.1 76.1 76.1 76.1 76.1 76.1 76.1 76.1 76.1 76.1 76.1 76.1 76.1 76.1 76.1 76.1 76.1 76.1 76.1 76.1 76.1 76.1 76.1 76.1 76.1 76.1 76.1 76.1 76.1 76.1 76.1 65.9 65.9 65.9 65.9 65.9 65.9 65.9 65.9 65.9 65.9 65.9 65.9 65.9 65.9 65.9 65.9 65.9 65.9 65.9 65.9 65.9 65.9 65.9 65.9 65.9 65.9 65.9 65.9 65.9 
82.2 82.2 82.2 82.2 82.2 82.2 82.2 82.2 82.2 82.2 82.2 76.1 76.1 76.1 76.1 76.1 76.1 76.1 76.1 76.1 76.1 76.1 76.1 76.1 76.1 76.1 76.1 76.1 76.1 76.1 76.1 76.1 76.1 76.1 76.1 76.1 76.1 76.1 76.1 76.1 76.1 76.1 76.1 76.1 76.1 76.1 76.1 76.1 76.1 76.1 76.1 76.1 76.1 76.1 76.1 76.1 76.1 76.1 76.1 76.1 76.1 76.1 76.1 76.1 76.1 76.1 76.1 76.1 76.1 76.1 76.1 65.9 65.9 65.9 65.9 65.9 65.9 65.9 65.9 65.9 65.9 65.9 65.9 65.9 65.9 65.9 65.9 65.9 65.9 65.9 65.9 65.9 65.9 65.9 65.9 65.9 65.9 65.9 65.9 65.9 
82.2 82.2 82.2 82.2 82.2 82.2 82.2 82.2 82.2 82.2 82.2 76.1 76.1 76.1 76.1 76.1 76.1 76.1 76.1 76.1 76.1 76.1 76.1 76.1 76.1 76.1 76.1 76.1 76.1 76.1 76.1 76.1 76.1 76.1 76.1 76.1 76.1 76.1 76.1 76.1 76.1 76.1 76.1 76.1 76.1 76.1 76.1 76.1 76.1 76.1 76.1 76.1 76.1 76.1 76.1 76.1 76.1 76.1 76.1 76.1 76.1 76.1 76.1 76.1 76.1 76.1 76.1 76.1 76.1 76.1 76.1 65.9 65.9 65.9 65.9 65.9 65.9 65.9 65.9 65.9 65.9 65.9 65.9 65.9 65.9 65.9 65.9 65.9 65.9 65.9 65.9 65.9 65.9 65.9 65.9 65.9 65.9 65.9 65.9 65.9 
82.2 82.2 82.2 82.2 82.2 82.2 82.2 82.2 82.2 82.2 82.2 76.1 76.1 76.1 76.1 76.1 76.1 76.1 76.1 76.1 76.1 76.1 76.1 76.1 76.1 76.1 76.1 76.1 76.1 76.1 76.1 76.1 76.1 76.1 76.1 76.1 76.1 76.1 76.1 76.1 76.1 76.1 76.1 76.1 76.1 76.1 76.1 76.1 76.1 76.1 76.1 76.1 76.1 76.1 76.1 76.1 76.1 76.1 76.1 76.1 76.1 76.1 76.1 76.1 76.1 76.1 76.1 76.1 76.1 76.1 76.1 65.9 65.9 65.9 65.9 65.9 65.9 65.9 65.9 65.9 65.9 65.9 65.9 65.9 65.9 65.9 65.9 65.9 65.9 65.9 65.9 65.9 65.9 65.9 65.9 65.9 65.9 65.9 65.9 65.9 
82.2 82.2 82.2 82.2 82.2 82.2 82.2 82.2 82.2 82.2 82.2 76.1 76.1 76.1 76.1 76.1 76.1 76.1 76.1 76.1 76.1 76.1 76.1 76.1 76.1 76.1 76.1 76.1 76.1 76.1 76.1 76.1 76.1 76.1 76.1 76.1 76.1 76.1 76.1 76.1 76.1 76.1 76.1 76.1 76.1 76.1 76.1 76.1 76.1 76.1 76.1 76.1 76.1 76.1 76.1 76.1 76.1 76.1 76.1 76.1 76.1 76.1 76.1 76.1 76.1 76.1 76.1 76.1 76.1 76.1 76.1 65.9 65.9 65.9 65.9 65.9 65.9 65.9 65.9 65.9 65.9 65.9 65.9 65.9 65.9 65.9 65.9 65.9 65.9 65.9 65.9 65.9 65.9 65.9 65.9 65.9 65.9 65.9 65.9 65.9 
82.2 82.2 82.2 82.2 82.2 82.2 82.2 82.2 82.2 82.2 82.2 76.1 76.1 76.1 76.1 76.1 76.1 76.1 76.1 76.1 76.1 76.1 76.1 76.1 76.1 76.1 76.1 76.1 76.1 76.1 76.1 76.1 76.1 76.1 76.1 76.1 76.1 76.1 76.1 76.1 76.1 76.1 76.1 76.1 76.1 76.1 76.1 76.1 76.1 76.1 76.1 76.1 76.1 76.1 76.1 76.1 76.1 76.1 76.1 76.1 76.1 76.1 76.1 76.1 76.1 76.1 76.1 76.1 76.1 76.1 76.1 65.9 65.9 65.9 65.9 65.9 65.9 65.9 65.9 65.9 65.9 65.9 65.9 65.9 65.9 65.9 65.9 65.9 65.9 65.9 65.9 65.9 65.9 65.9 65.9 65.9 65.9 65.9 65.9 65.9 
82.2 82.2 82.2 82.2 82.2 82.2 82.2 82.2 82.2 82.2 82.2 76.1 76.1 76.1 76.1 76.1 76.1 76.1 76.1 76.1 76.1 76.1 76.1 76.1 76.1 76.1 76.1 76.1 76.1 76.1 76.1 76.1 76.1 76.1 76.1 76.1 76.1 76.1 76.1 76.1 76.1 76.1 76.1 76.1 76.1 76.1 76.1 76.1 76.1 76.1 76.1 76.1 76.1 76.1 76.1 76.1 76.1 76.1 76.1 76.1 76.1 76.1 76.1 76.1 76.1 76.1 76.1 76.1 76.1 76.1 76.1 65.9 65.9 65.9 65.9 65.9 65.9 65.9 65.9 65.9 65.9 65.9 65.9 65.9 65.9 65.9 65.9 65.9 65.9 65.9 65.9 65.9 65.9 65.9 65.9 65.9 65.9 65.9 65.9 65.9 
82.2 82.2 82.2 82.2 82.2 82.2 82.2 82.2 82.2 82.2 82.2 76.1 76.1 76.1 76.1 76.1 76.1 76.1 76.1 76.1 76.1 76.1 76.1 76.1 76.1 76.1 76.1 76.1 76.1 76.1 76.1 76.1 76.1 76.1 76.1 76.1 76.1 76.1 76.1 76.1 76.1 76.1 76.1 76.1 76.1 76.1 76.1 76.1 76.1 76.1 76.1 76.1 76.1 76.1 76.1 76.1 76.1 76.1 76.1 76.1 76.1 76.1 76.1 76.1 76.1 76.1 76.1 76.1 76.1 76.1 76.1 65.9 65.9 65.9 65.9 65.9 65.9 65.9 65.9 65.9 65.9 65.9 65.9 65.9 65.9 65.9 65.9 65.9 65.9 65.9 65.9 65.9 65.9 65.9 65.9 65.9 65.9 65.9 65.9 65.9 
112.2 112.2 112.2 112.2 112.2 112.2 112.2 112.2 112.2 112.2 112.2 108.8 108.8 108.8 108.8 108.8 108.8 108.8 108.8 108.8 108.8 108.8 108.8 108.8 108.8 108.8 108.8 108.8 108.8 108.8 108.8 108.8 108.8 108.8 108.8 108.8 108.8 108.8 108.8 108.8 108.8 108.8 108.8 108.8 108.8 108.8 108.8 108.8 108.8 108.8 108.8 108.8 108.8 108.8 108.8 108.8 108.8 108.8 108.8 108.8 108.8 108.8 108.8 108.8 108.8 108.8 108.8 108.8 108.8 108.8 108.8 93.2 93.2 93.2 93.2 93.2 93.2 93.2 93.2 93.2 93.2 93.2 93.2 93.2 93.2 93.2 93.2 93.2 93.2 93.2 93.2 93.2 93.2 93.2 93.2 93.2 93.2 93.2 93.2 93.2 
112.2 112.2 112.2 112.2 112.2 112.2 112.2 112.2 112.2 112.2 112.2 108.8 108.8 108.8 108.8 108.8 108.8 108.8 108.8 108.8 108.8 108.8 108.8 108.8 108.8 108.8 108.8 108.8 108.8 108.8 108.8 108.8 108.8 108.8 108.8 108.8 108.8 108.8 108.8 108.8 108.8 108.8 108.8 108.8 108.8 108.8 108.8 108.8 108.8 108.8 108.8 108.8 108.8 108.8 108.8 108.8 108.8 108.8 108.8 108.8 108.8 108.8 108.8 108.8 108.8 108.8 108.8 108.8 108.8 108.8 108.8 93.2 93.2 93.2 93.2 93.2 93.2 93.2 93.2 93.2 93.2 93.2 93.2 93.2 93.2 93.2 93.2 93.2 93.2 93.2 93.2 93.2 93.2 93.2 93.2 93.2 93.2 93.2 93.2 93.2 
112.2 112.2 112.2 112.2 112.2 112.2 112.2 112.2 112.2 112.2 112.2 108.8 108.8 108.8 108.8 108.8 108.8 108.8 108.8 108.8 108.8 108.8 108.8 108.8 108.8 108.8 108.8 108.8 108.8 108.8 108.8 108.8 108.8 108.8 108.8 108.8 108.8 108.8 108.8 108.8 108.8 108.8 108.8 108.8 108.8 108.8 108.8 108.8 108.8 108.8 108.8 108.8 108.8 108.8 108.8 108.8 108.8 108.8 108.8 108.8 108.8 108.8 108.8 108.8 108.8 108.8 108.8 108.8 108.8 108.8 108.8 93.2 93.2 93.2 93.2 93.2 93.2 93.2 93.2 93.2 93.2 93.2 93.2 93.2 93.2 93.2 93.2 93.2 93.2 93.2 93.2 93.2 93.2 93.2 93.2 93.2 93.2 93.2 93.2 93.2 
112.2 112.2 112.2 112.2 112.2 112.2 112.2 112.2 112.2 112.2 112.2 108.8 108.8 108.8 108.8 108.8 108.8 108.8 108.8 108.8 108.8 108.8 108.8 108.8 108.8 108.8 108.8 108.8 108.8 108.8 108.8 108.8 108.8 108.8 108.8 108.8 108.8 108.8 108.8 108.8 108.8 108.8 108.8 108.8 108.8 108.8 108.8 108.8 108.8 108.8 108.8 108.8 108.8 108.8 108.8 108.8 108.8 108.8 108.8 108.8 108.8 108.8 108.8 108.8 108.8 108.8 108.8 108.8 108.8 108.8 108.8 93.2 93.2 93.2 93.2 93.2 93.2 93.2 93.2 93.2 93.2 93.2 93.2 93.2 93.2 93.2 93.2 93.2 93.2 93.2 93.2 93.2 93.2 93.2 93.2 93.2 93.2 93.2 93.2 93.2 
112.2 112.2 112.2 112.2 112.2 112.2 112.2 112.2 112.2 112.2 112.2 108.8 108.8 108.8 108.8 108.8 108.8 108.8 108.8 108.8 108.8 108.8 108.8 108.8 108.8 108.8 108.8 108.8 108.8 108.8 108.8 108.8 108.8 108.8 108.8 108.8 108.8 108.8 108.8 108.8 108.8 108.8 108.8 108.8 108.8 108.8 108.8 108.8 108.8 108.8 108.8 108.8 108.8 108.8 108.8 108.8 108.8 108.8 108.8 108.8 108.8 108.8 108.8 108.8 108.8 108.8 108.8 108.8 108.8 108.8 108.8 93.2 93.2 93.2 93.2 93.2 93.2 93.2 93.2 93.2 93.2 93.2 93.2 93.2 93.2 93.2 93.2 93.2 93.2 93.2 93.2 93.2 93.2 93.2 93.2 93.2 93.2 93.2 93.2 93.2 
112.2 112.2 112.2 112.2 112.2 112.2 112.2 112.2 112.2 112.2 112.2 108.8 108.8 108.8 108.8 108.8 108.8 108.8 108.8 108.8 108.8 108.8 108.8 108.8 108.8 108.8 108.8 108.8 108.8 108.8 108.8 108.8 108.8 108.8 108.8 108.8 108.8 108.8 108.8 108.8 108.8 108.8 108.8 108.8 108.8 108.8 108.8 108.8 108.8 108.8 108.8 108.8 108.8 108.8 108.8 108.8 108.8 108.8 108.8 108.8 108.8 108.8 108.8 108.8 108.8 108.8 108.8 108.8 108.8 108.8 108.8 93.2 93.2 93.2 93.2 93.2 93.2 93.2 93.2 93.2 93.2 93.2 93.2 93.2 93.2 93.2 93.2 93.2 93.2 93.2 93.2 93.2 93.2 93.2 93.2 93.2 93.2 93.2 93.2 93.2 
112.2 112.2 112.2 112.2 112.2 112.2 112.2 112.2 112.2 112.2 112.2 108.8 108.8 108.8 108.8 108.8 108.8 108.8 108.8 108.8 108.8 108.8 108.8 108.8 108.8 108.8 108.8 108.8 108.8 108.8 108.8 108.8 108.8 108.8 108.8 108.8 108.8 108.8 108.8 108.8 108.8 108.8 108.8 108.8 108.8 108.8 108.8 108.8 108.8 108.8 108.8 108.8 108.8 108.8 108.8 108.8 108.8 108.8 108.8 108.8 108.8 108.8 108.8 108.8 108.8 108.8 108.8 108.8 108.8 108.8 108.8 93.2 93.2 93.2 93.2 93.2 93.2 93.2 93.2 93.2 93.2 93.2 93.2 93.2 93.2 93.2 93.2 93.2 93.2 93.2 93.2 93.2 93.2 93.2 93.2 93.2 93.2 93.2 93.2 93.2 
112.2 112.2 112.2 112.2 112.2 112.2 112.2 112.2 112.2 112.2 112.2 108.8 108.8 108.8 108.8 108.8 108.8 108.8 108.8 108.8 108.8 108.8 108.8 108.8 108.8 108.8 108.8 108.8 108.8 108.8 108.8 108.8 108.8 108.8 108.8 108.8 108.8 108.8 108.8 108.8 108.8 108.8 108.8 108.8 108.8 108.8 108.8 108.8 108.8 108.8 108.8 108.8 108.8 108.8 108.8 108.8 108.8 108.8 108.8 108.8 108.8 108.8 108.8 108.8 108.8 108.8 108.8 108.8 108.8 108.8 108.8 93.2 93.2 93.2 93.2 93.2 93.2 93.2 93.2 93.2 93.2 93.2 93.2 93.2 93.2 93.2 93.2 93.2 93.2 93.2 93.2 93.2 93.2 93.2 93.2 93.2 93.2 93.2 93.2 93.2 
112.2 112.2 112.2 112.2 112.2 112.2 112.2 112.2 112.2 112.2 112.2 108.8 108.8 108.8 108.8 108.8 108.8 108.8 108.8 108.8 108.8 108.8 108.8 108.8 108.8 108.8 108.8 108.8 108.8 108.8 108.8 108.8 108.8 108.8 108.8 108.8 108.8 108.8 108.8 108.8 108.8 108.8 108.8 108.8 108.8 108.8 108.8 108.8 108.8 108.8 108.8 108.8 108.8 108.8 108.8 108.8 108.8 108.8 108.8 108.8 108.8 108.8 108.8 108.8 108.8 108.8 108.8 108.8 108.8 108.8 108.8 93.2 93.2 93.2 93.2 93.2 93.2 93.2 93.2 93.2 93.2 93.2 93.2 93.2 93.2 93.2 93.2 93.2 93.2 93.2 93.2 93.2 93.2 93.2 93.2 93.2 93.2 93.2 93.2 93.2 
112.2 112.2 112.2 112.2 112.2 112.2 112.2 112.2 112.2 112.2 112.2 108.8 108.8 108.8 108.8 108.8 108.8 108.8 108.8 108.8 108.8 108.8 108.8 108.8 108.8 108.8 108.8 108.8 108.8 108.8 108.8 108.8 108.8 108.8 108.8 108.8 108.8 108.8 108.8 108.8 108.8 108.8 108.8 108.8 108.8 108.8 108.8 108.8 108.8 108.8 108.8 108.8 108.8 108.8 108.8 108.8 108.8 108.8 108.8 108.8 108.8 108.8 108.8 108.8 108.8 108.8 108.8 108.8 108.8 108.8 108.8 93.2 93.2 93.2 93.2 93.2 93.2 93.2 93.2 93.2 93.2 93.2 93.2 93.2 93.2 93.2 93.2 93.2 93.2 93.2 93.2 93.2 93.2 93.2 93.2 93.2 93.2 93.2 93.2 93.2 
112.2 112.2 112.2 112.2 112.2 112.2 112.2 112.2 112.2 112.2 112.2 108.8 108.8 108.8 108.8 108.8 108.8 108.8 108.8 108.8 108.8 108.8 108.8 108.8 108.8 108.8 108.8 108.8 108.8 108.8 108.8 108.8 108.8 108.8 108.8 108.8 108.8 108.8 108.8 108.8 108.8 108.8 108.8 108.8 108.8 108.8 108.8 108.8 108.8 108.8 108.8 108.8 108.8 108.8 108.8 108.8 108.8 108.8 108.8 108.8 108.8 108.8 108.8 108.8 108.8 108.8 108.8 108.8 108.8 108.8 108.8 93.2 93.2 93.2 93.2 93.2 93.2 93.2 93.2 93.2 93.2 93.2 93.2 93.2 93.2 93.2 93.2 93.2 93.2 93.2 93.2 93.2 93.2 93.2 93.2 93.2 93.2 93.2 93.2 93.2 
112.2 112.2 112.2 112.2 112.2 112.2 112.2 112.2 112.2 112.2 112.2 108.8 108.8 108.8 108.8 108.8 108.8 108.8 108.8 108.8 108.8 108.8 108.8 108.8 108.8 108.8 108.8 108.8 108.8 108.8 108.8 108.8 108.8 108.8 108.8 108.8 108.8 108.8 108.8 108.8 108.8 108.8 108.8 108.8 108.8 108.8 108.8 108.8 108.8 108.8 108.8 108.8 108.8 108.8 108.8 108.8 108.8 108.8 108.8 108.8 108.8 108.8 108.8 108.8 108.8 108.8 108.8 108.8 108.8 108.8 108.8 93.2 93.2 93.2 93.2 93.2 93.2 93.2 93.2 93.2 93.2 93.2 93.2 93.2 93.2 93.2 93.2 93.2 93.2 93.2 93.2 93.2 93.2 93.2 93.2 93.2 93.2 93.2 93.2 93.2 
112.2 112.2 112.2 112.2 112.2 112.2 112.2 112.2 112.2 112.2 112.2 108.8 108.8 108.8 108.8 108.8 108.8 108.8 108.8 108.8 108.8 108.8 108.8 108.8 108.8 108.8 108.8 108.8 108.8 108.8 108.8 108.8 108.8 108.8 108.8 108.8 108.8 108.8 108.8 108.8 108.8 108.8 108.8 108.8 108.8 108.8 108.8 108.8 108.8 108.8 108.8 108.8 108.8 108.8 108.8 108.8 108.8 108.8 108.8 108.8 108.8 108.8 108.8 108.8 108.8 108.8 108.8 108.8 108.8 108.8 108.8 93.2 93.2 93.2 93.2 93.2 93.2 93.2 93.2 93.2 93.2 93.2 93.2 93.2 93.2 93.2 93.2 93.2 93.2 93.2 93.2 93.2 93.2 93.2 93.2 93.2 93.2 93.2 93.2 93.2 
112.2 112.2 112.2 112.2 112.2 112.2 112.2 112.2 112.2 112.2 112.2 108.8 108.8 108.8 108.8 108.8 108.8 108.8 108.8 108.8 108.8 108.8 108.8 108.8 108.8 108.8 108.8 108.8 108.8 108.8 108.8 108.8 108.8 108.8 108.8 108.8 108.8 108.8 108.8 108.8 108.8 108.8 108.8 108.8 108.8 108.8 108.8 108.8 108.8 108.8 108.8 108.8 108.8 108.8 108.8 108.8 108.8 108.8 108.8 108.8 108.8 108.8 108.8 108.8 108.8 108.8 108.8 108.8 108.8 108.8 108.8 93.2 93.2 93.2 93.2 93.2 93.2 93.2 93.2 93.2 93.2 93.2 93.2 93.2 93.2 93.2 93.2 93.2 93.2 93.2 93.2 93.2 93.2 93.2 93.2 93.2 93.2 93.2 93.2 93.2 
112.2 112.2 112.2 112.2 112.2 112.2 112.2 112.2 112.2 112.2 112.2 108.8 108.8 108.8 108.8 108.8 108.8 108.8 108.8 108.8 108.8 108.8 108.8 108.8 108.8 108.8 108.8 108.8 108.8 108.8 108.8 108.8 108.8 108.8 108.8 108.8 108.8 108.8 108.8 108.8 108.8 108.8 108.8 108.8 108.8 108.8 108.8 108.8 108.8 108.8 108.8 108.8 108.8 108.8 108.8 108.8 108.8 108.8 108.8 108.8 108.8 108.8 108.8 108.8 108.8 108.8 108.8 108.8 108.8 108.8 108.8 93.2 93.2 93.2 93.2 93.2 93.2 93.2 93.2 93.2 93.2 93.2 93.2 93.2 93.2 93.2 93.2 93.2 93.2 93.2 93.2 93.2 93.2 93.2 93.2 93.2 93.2 93.2 93.2 93.2 
112.2 112.2 112.2 112.2 112.2 112.2 112.2 112.2 112.2 112.2 112.2 108.8 108.8 108.8 108.8 108.8 108.8 108.8 108.8 108.8 108.8 108.8 108.8 108.8 108.8 108.8 108.8 108.8 108.8 108.8 108.8 108.8 108.8 108.8 108.8 108.8 108.8 108.8 108.8 108.8 108.8 108.8 108.8 108.8 108.8 108.8 108.8 108.8 108.8 108.8 108.8 108.8 108.8 108.8 108.8 108.8 108.8 108.8 108.8 108.8 108.8 108.8 108.8 108.8 108.8 108.8 108.8 108.8 108.8 108.8 108.8 93.2 93.2 93.2 93.2 93.2 93.2 93.2 93.2 93.2 93.2 93.2 93.2 93.2 93.2 93.2 93.2 93.2 93.2 93.2 93.2 93.2 93.2 93.2 93.2 93.2 93.2 93.2 93.2 93.2 
112.2 112.2 112.2 112.2 112.2 112.2 112.2 112.2 112.2 112.2 112.2 108.8 108.8 108.8 108.8 108.8 108.8 108.8 108.8 108.8 108.8 108.8 108.8 108.8 108.8 108.8 108.8 108.8 108.8 108.8 108.8 108.8 108.8 108.8 108.8 108.8 108.8 108.8 108.8 108.8 108.8 108.8 108.8 108.8 108.8 108.8 108.8 108.8 108.8 108.8 108.8 108.8 108.8 108.8 108.8 108.8 108.8 108.8 108.8 108.8 108.8 108.8 108.8 108.8 108.8 108.8 108.8 108.8 108.8 108.8 108.8 93.2 93.2 93.2 93.2 93.2 93.2 93.2 93.2 93.2 93.2 93.2 93.2 93.2 93.2 93.2 93.2 93.2 93.2 93.2 93.2 93.2 93.2 93.2 93.2 93.2 93.2 93.2 93.2 93.2 
112.2 112.2 112.2 112.2 112.2 112.2 112.2 112.2 112.2 112.2 112.2 108.8 108.8 108.8 108.8 108.8 108.8 108.8 108.8 108.8 108.8 108.8 108.8 108.8 108.8 108.8 108.8 108.8 108.8 108.8 108.8 108.8 108.8 108.8 108.8 108.8 108.8 108.8 108.8 108.8 108.8 108.8 108.8 108.8 108.8 108.8 108.8 108.8 108.8 108.8 108.8 108.8 108.8 108.8 108.8 108.8 108.8 108.8 108.8 108.8 108.8 108.8 108.8 108.8 108.8 108.8 108.8 108.8 108.8 108.8 108.8 93.2 93.2 93.2 93.2 93.2 93.2 93.2 93.2 93.2 93.2 93.2 93.2 93.2 93.2 93.2 93.2 93.2 93.2 93.2 93.2 93.2 93.2 93.2 93.2 93.2 93.2 93.2 93.2 93.2 
112.2 112.2 112.2 112.2 112.2 112.2 112.2 112.2 112.2 112.2 112.2 108.8 108.8 108.8 108.8 108.8 108.8 108.8 108.8 108.8 108.8 108.8 108.8 108.8 108.8 108.8 108.8 108.8 108.8 108.8 108.8 108.8 108.8 108.8 108.8 108.8 108.8 108.8 108.8 108.8 108.8 108.8 108.8 108.8 108.8 108.8 108.8 108.8 108.8 108.8 108.8 108.8 108.8 108.8 108.8 108.8 108.8 108.8 108.8 108.8 108.8 108.8 108.8 108.8 108.8 108.8 108.8 108.8 108.8 108.8 108.8 93.2 93.2 93.2 93.2 93.2 93.2 93.2 93.2 93.2 93.2 93.2 93.2 93.2 93.2 93.2 93.2 93.2 93.2 93.2 93.2 93.2 93.2 93.2 93.2 93.2 93.2 93.2 93.2 93.2 
112.2 112.2 112.2 112.2 112.2 112.2 112.2 112.2 112.2 112.2 112.2 108.8 108.8 108.8 108.8 108.8 108.8 108.8 108.8 108.8 108.8 108.8 108.8 108.8 108.8 108.8 108.8 108.8 108.8 108.8 108.8 108.8 108.8 108.8 108.8 108.8 108.8 108.8 108.8 108.8 108.8 108.8 108.8 108.8 108.8 108.8 108.8 108.8 108.8 108.8 108.8 108.8 108.8 108.8 108.8 108.8 108.8 108.8 108.8 108.8 108.8 108.8 108.8 108.8 108.8 108.8 108.8 108.8 108.8 108.8 108.8 93.2 93.2 93.2 93.2 93.2 93.2 93.2 93.2 93.2 93.2 93.2 93.2 93.2 93.2 93.2 93.2 93.2 93.2 93.2 93.2 93.2 93.2 93.2 93.2 93.2 93.2 93.2 93.2 93.2 
112.2 112.2 112.2 112.2 112.2 112.2 112.2 112.2 112.2 112.2 112.2 108.8 108.8 108.8 108.8 108.8 108.8 108.8 108.8 108.8 108.8 108.8 108.8 108.8 108.8 108.8 108.8 108.8 108.8 108.8 108.8 108.8 108.8 108.8 108.8 108.8 108.8 108.8 108.8 108.8 108.8 108.8 108.8 108.8 108.8 108.8 108.8 108.8 108.8 108.8 108.8 108.8 108.8 108.8 108.8 108.8 108.8 108.8 108.8 108.8 108.8 108.8 108.8 108.8 108.8 108.8 108.8 108.8 108.8 108.8 108.8 93.2 93.2 93.2 93.2 93.2 93.2 93.2 93.2 93.2 93.2 93.2 93.2 93.2 93.2 93.2 93.2 93.2 93.2 93.2 93.2 93.2 93.2 93.2 93.2 93.2 93.2 93.2 93.2 93.2 
112.2 112.2 112.2 112.2 112.2 112.2 112.2 112.2 112.2 112.2 112.2 108.8 108.8 108.8 108.8 108.8 108.8 108.8 108.8 108.8 108.8 108.8 108.8 108.8 108.8 108.8 108.8 108.8 108.8 108.8 108.8 108.8 108.8 108.8 108.8 108.8 108.8 108.8 108.8 108.8 108.8 108.8 108.8 108.8 108.8 108.8 108.8 108.8 108.8 108.8 108.8 108.8 108.8 108.8 108.8 108.8 108.8 108.8 108.8 108.8 108.8 108.8 108.8 108.8 108.8 108.8 108.8 108.8 108.8 108.8 108.8 93.2 93.2 93.2 93.2 93.2 93.2 93.2 93.2 93.2 93.2 93.2 93.2 93.2 93.2 93.2 93.2 93.2 93.2 93.2 93.2 93.2 93.2 93.2 93.2 93.2 93.2 93.2 93.2 93.2 
112.2 112.2 112.2 112.2 112.2 112.2 112.2 112.2 112.2 112.2 112.2 108.8 108.8 108.8 108.8 108.8 108.8 108.8 108.8 108.8 108.8 108.8 108.8 108.8 108.8 108.8 108.8 108.8 108.8 108.8 108.8 108.8 108.8 108.8 108.8 108.8 108.8 108.8 108.8 108.8 108.8 108.8 108.8 108.8 108.8 108.8 108.8 108.8 108.8 108.8 108.8 108.8 108.8 108.8 108.8 108.8 108.8 108.8 108.8 108.8 108.8 108.8 108.8 108.8 108.8 108.8 108.8 108.8 108.8 108.8 108.8 93.2 93.2 93.2 93.2 93.2 93.2 93.2 93.2 93.2 93.2 93.2 93.2 93.2 93.2 93.2 93.2 93.2 93.2 93.2 93.2 93.2 93.2 93.2 93.2 93.2 93.2 93.2 93.2 93.2 
112.2 112.2 112.2 112.2 112.2 112.2 112.2 112.2 112.2 112.2 112.2 108.8 108.8 108.8 108.8 108.8 108.8 108.8 108.8 108.8 108.8 108.8 108.8 108.8 108.8 108.8 108.8 108.8 108.8 108.8 108.8 108.8 108.8 108.8 108.8 108.8 108.8 108.8 108.8 108.8 108.8 108.8 108.8 108.8 108.8 108.8 108.8 108.8 108.8 108.8 108.8 108.8 108.8 108.8 108.8 108.8 108.8 108.8 108.8 108.8 108.8 108.8 108.8 108.8 108.8 108.8 108.8 108.8 108.8 108.8 108.8 93.2 93.2 93.2 93.2 93.2 93.2 93.2 93.2 93.2 93.2 93.2 93.2 93.2 93.2 93.2 93.2 93.2 93.2 93.2 93.2 93.2 93.2 93.2 93.2 93.2 93.2 93.2 93.2 93.2 
112.2 112.2 112.2 112.2 112.2 112.2 112.2 112.2 112.2 112.2 112.2 108.8 108.8 108.8 108.8 108.8 108.8 108.8 108.8 108.8 108.8 108.8 108.8 108.8 108.8 108.8 108.8 108.8 108.8 108.8 108.8 108.8 108.8 108.8 108.8 108.8 108.8 108.8 108.8 108.8 108.8 108.8 108.8 108.8 108.8 108.8 108.8 108.8 108.8 108.8 108.8 108.8 108.8 108.8 108.8 108.8 108.8 108.8 108.8 108.8 108.8 108.8 108.8 108.8 108.8 108.8 108.8 108.8 108.8 108.8 108.8 93.2 93.2 93.2 93.2 93.2 93.2 93.2 93.2 93.2 93.2 93.2 93.2 93.2 93.2 93.2 93.2 93.2 93.2 93.2 93.2 93.2 93.2 93.2 93.2 93.2 93.2 93.2 93.2 93.2 
112.2 112.2 112.2 112.2 112.2 112.2 112.2 112.2 112.2 112.2 112.2 108.8 108.8 108.8 108.8 108.8 108.8 108.8 108.8 108.8 108.8 108.8 108.8 108.8 108.8 108.8 108.8 108.8 108.8 108.8 108.8 108.8 108.8 108.8 108.8 108.8 108.8 108.8 108.8 108.8 108.8 108.8 108.8 108.8 108.8 108.8 108.8 108.8 108.8 108.8 108.8 108.8 108.8 108.8 108.8 108.8 108.8 108.8 108.8 108.8 108.8 108.8 108.8 108.8 108.8 108.8 108.8 108.8 108.8 108.8 108.8 93.2 93.2 93.2 93.2 93.2 93.2 93.2 93.2 93.2 93.2 93.2 93.2 93.2 93.2 93.2 93.2 93.2 93.2 93.2 93.2 93.2 93.2 93.2 93.2 93.2 93.2 93.2 93.2 93.2 
112.2 112.2 112.2 112.2 112.2 112.2 112.2 112.2 112.2 112.2 112.2 108.8 108.8 108.8 108.8 108.8 108.8 108.8 108.8 108.8 108.8 108.8 108.8 108.8 108.8 108.8 108.8 108.8 108.8 108.8 108.8 108.8 108.8 108.8 108.8 108.8 108.8 108.8 108.8 108.8 108.8 108.8 108.8 108.8 108.8 108.8 108.8 108.8 108.8 108.8 108.8 108.8 108.8 108.8 108.8 108.8 108.8 108.8 108.8 108.8 108.8 108.8 108.8 108.8 108.8 108.8 108.8 108.8 108.8 108.8 108.8 93.2 93.2 93.2 93.2 93.2 93.2 93.2 93.2 93.2 93.2 93.2 93.2 93.2 93.2 93.2 93.2 93.2 93.2 93.2 93.2 93.2 93.2 93.2 93.2 93.2 93.2 93.2 93.2 93.2 
112.2 112.2 112.2 112.2 112.2 112.2 112.2 112.2 112.2 112.2 112.2 108.8 108.8 108.8 108.8 108.8 108.8 108.8 108.8 108.8 108.8 108.8 108.8 108.8 108.8 108.8 108.8 108.8 108.8 108.8 108.8 108.8 108.8 108.8 108.8 108.8 108.8 108.8 108.8 108.8 108.8 108.8 108.8 108.8 108.8 108.8 108.8 108.8 108.8 108.8 108.8 108.8 108.8 108.8 108.8 108.8 108.8 108.8 108.8 108.8 108.8 108.8 108.8 108.8 108.8 108.8 108.8 108.8 108.8 108.8 108.8 93.2 93.2 93.2 93.2 93.2 93.2 93.2 93.2 93.2 93.2 93.2 93.2 93.2 93.2 93.2 93.2 93.2 93.2 93.2 93.2 93.2 93.2 93.2 93.2 93.2 93.2 93.2 93.2 93.2 
112.2 112.2 112.2 112.2 112.2 112.2 112.2 112.2 112.2 112.2 112.2 108.8 108.8 108.8 108.8 108.8 108.8 108.8 108.8 108.8 108.8 108.8 108.8 108.8 108.8 108.8 108.8 108.8 108.8 108.8 108.8 108.8 108.8 108.8 108.8 108.8 108.8 108.8 108.8 108.8 108.8 108.8 108.8 108.8 108.8 108.8 108.8 108.8 108.8 108.8 108.8 108.8 108.8 108.8 108.8 108.8 108.8 108.8 108.8 108.8 108.8 108.8 108.8 108.8 108.8 108.8 108.8 108.8 108.8 108.8 108.8 93.2 93.2 93.2 93.2 93.2 93.2 93.2 93.2 93.2 93.2 93.2 93.2 93.2 93.2 93.2 93.2 93.2 93.2 93.2 93.2 93.2 93.2 93.2 93.2 93.2 93.2 93.2 93.2 93.2 
112.2 112.2 112.2 112.2 112.2 112.2 112.2 112.2 112.2 112.2 112.2 108.8 108.8 108.8 108.8 108.8 108.8 108.8 108.8 108.8 108.8 108.8 108.8 108.8 108.8 108.8 108.8 108.8 108.8 108.8 108.8 108.8 108.8 108.8 108.8 108.8 108.8 108.8 108.8 108.8 108.8 108.8 108.8 108.8 108.8 108.8 108.8 108.8 108.8 108.8 108.8 108.8 108.8 108.8 108.8 108.8 108.8 108.8 108.8 108.8 108.8 108.8 108.8 108.8 108.8 108.8 108.8 108.8 108.8 108.8 108.8 93.2 93.2 93.2 93.2 93.2 93.2 93.2 93.2 93.2 93.2 93.2 93.2 93.2 93.2 93.2 93.2 93.2 93.2 93.2 93.2 93.2 93.2 93.2 93.2 93.2 93.2 93.2 93.2 93.2 
112.2 112.2 112.2 112.2 112.2 112.2 112.2 112.2 112.2 112.2 112.2 108.8 108.8 108.8 108.8 108.8 108.8 108.8 108.8 108.8 108.8 108.8 108.8 108.8 108.8 108.8 108.8 108.8 108.8 108.8 108.8 108.8 108.8 108.8 108.8 108.8 108.8 108.8 108.8 108.8 108.8 108.8 108.8 108.8 108.8 108.8 108.8 108.8 108.8 108.8 108.8 108.8 108.8 108.8 108.8 108.8 108.8 108.8 108.8 108.8 108.8 108.8 108.8 108.8 108.8 108.8 108.8 108.8 108.8 108.8 108.8 93.2 93.2 93.2 93.2 93.2 93.2 93.2 93.2 93.2 93.2 93.2 93.2 93.2 93.2 93.2 93.2 93.2 93.2 93.2 93.2 93.2 93.2 93.2 93.2 93.2 93.2 93.2 93.2 93.2 
