ncols         100
nrows         100
xllcorner     -59982.863281
yllcorner     1851083.022172
cellsize      1000
NODATA_value  -9999
104.7 104.7 104.7 104.7 104.7 104.7 104.7 104.7 104.7 104.7 104.7 85.9 85.9 85.9 85.9 85.9 85.9 85.9 85.9 85.9 85.9 85.9 85.9 85.9 85.9 85.9 85.9 85.9 85.9 85.9 85.9 85.9 85.9 85.9 85.9 85.9 85.9 85.9 85.9 85.9 85.9 85.9 85.9 85.9 85.9 85.9 85.9 85.9 85.9 85.9 85.9 85.9 85.9 85.9 85.9 85.9 85.9 85.9 85.9 85.9 85.9 85.9 85.9 85.9 85.9 85.9 85.9 85.9 85.9 85.9 85.9 71.8 71.8 71.8 71.8 71.8 71.8 71.8 71.8 71.8 71.8 71.8 71.8 71.8 71.8 71.8 71.8 71.8 71.8 71.8 71.8 71.8 71.8 71.8 71.8 71.8 71.8 71.8 71.8 71.8 
104.7 104.7 104.7 104.7 104.7 104.7 104.7 104.7 104.7 104.7 104.7 85.9 85.9 85.9 85.9 85.9 85.9 85.9 85.9 85.9 85.9 85.9 85.9 85.9 85.9 85.9 85.9 85.9 85.9 85.9 85.9 85.9 85.9 85.9 85.9 85.9 85.9 85.9 85.9 85.9 85.9 85.9 85.9 85.9 85.9 85.9 85.9 85.9 85.9 85.9 85.9 85.9 85.9 85.9 85.9 85.9 85.9 85.9 85.9 85.9 85.9 85.9 85.9 85.9 85.9 85.9 85.9 85.9 85.9 85.9 85.9 71.8 71.8 71.8 71.8 71.8 71.8 71.8 71.8 71.8 71.8 71.8 71.8 71.8 71.8 71.8 71.8 71.8 71.8 71.8 71.8 71.8 71.8 71.8 71.8 71.8 71.8 71.8 71.8 71.8 
104.7 104.7 104.7 104.7 104.7 104.7 104.7 104.7 104.7 104.7 104.7 85.9 85.9 85.9 85.9 85.9 85.9 85.9 85.9 85.9 85.9 85.9 85.9 85.9 85.9 85.9 85.9 85.9 85.9 85.9 85.9 85.9 85.9 85.9 85.9 85.9 85.9 85.9 85.9 85.9 85.9 85.9 85.9 85.9 85.9 85.9 85.9 85.9 85.9 85.9 85.9 85.9 85.9 85.9 85.9 85.9 85.9 85.9 85.9 85.9 85.9 85.9 85.9 85.9 85.9 85.9 85.9 85.9 85.9 85.9 85.9 71.8 71.8 71.8 71.8 71.8 71.8 71.8 71.8 71.8 71.8 71.8 71.8 71.8 71.8 71.8 71.8 71.8 71.8 71.8 71.8 71.8 71.8 71.8 71.8 71.8 71.8 71.8 71.8 71.8 
104.7 104.7 104.7 104.7 104.7 104.7 104.7 104.7 104.7 104.7 104.7 85.9 85.9 85.9 85.9 85.9 85.9 85.9 85.9 85.9 85.9 85.9 85.9 85.9 85.9 85.9 85.9 85.9 85.9 85.9 85.9 85.9 85.9 85.9 85.9 85.9 85.9 85.9 85.9 85.9 85.9 85.9 85.9 85.9 85.9 85.9 85.9 85.9 85.9 85.9 85.9 85.9 85.9 85.9 85.9 85.9 85.9 85.9 85.9 85.9 85.9 85.9 85.9 85.9 85.9 85.9 85.9 85.9 85.9 85.9 85.9 71.8 71.8 71.8 71.8 71.8 71.8 71.8 71.8 71.8 71.8 71.8 71.8 71.8 71.8 71.8 71.8 71.8 71.8 71.8 71.8 71.8 71.8 71.8 71.8 71.8 71.8 71.8 71.8 71.8 
104.7 104.7 104.7 104.7 104.7 104.7 104.7 104.7 104.7 104.7 104.7 85.9 85.9 85.9 85.9 85.9 85.9 85.9 85.9 85.9 85.9 85.9 85.9 85.9 85.9 85.9 85.9 85.9 85.9 85.9 85.9 85.9 85.9 85.9 85.9 85.9 85.9 85.9 85.9 85.9 85.9 85.9 85.9 85.9 85.9 85.9 85.9 85.9 85.9 85.9 85.9 85.9 85.9 85.9 85.9 85.9 85.9 85.9 85.9 85.9 85.9 85.9 85.9 85.9 85.9 85.9 85.9 85.9 85.9 85.9 85.9 71.8 71.8 71.8 71.8 71.8 71.8 71.8 71.8 71.8 71.8 71.8 71.8 71.8 71.8 71.8 71.8 71.8 71.8 71.8 71.8 71.8 71.8 71.8 71.8 71.8 71.8 71.8 71.8 71.8 
104.7 104.7 104.7 104.7 104.7 104.7 104.7 104.7 104.7 104.7 104.7 85.9 85.9 85.9 85.9 85.9 85.9 85.9 85.9 85.9 85.9 85.9 85.9 85.9 85.9 85.9 85.9 85.9 85.9 85.9 85.9 85.9 85.9 85.9 85.9 85.9 85.9 85.9 85.9 85.9 85.9 85.9 85.9 85.9 85.9 85.9 85.9 85.9 85.9 85.9 85.9 85.9 85.9 85.9 85.9 85.9 85.9 85.9 85.9 85.9 85.9 85.9 85.9 85.9 85.9 85.9 85.9 85.9 85.9 85.9 85.9 71.8 71.8 71.8 71.8 71.8 71.8 71.8 71.8 71.8 71.8 71.8 71.8 71.8 71.8 71.8 71.8 71.8 71.8 71.8 71.8 71.8 71.8 71.8 71.8 71.8 71.8 71.8 71.8 71.8 
104.7 104.7 104.7 104.7 104.7 104.7 104.7 104.7 104.7 104.7 104.7 85.9 85.9 85.9 85.9 85.9 85.9 85.9 85.9 85.9 85.9 85.9 85.9 85.9 85.9 85.9 85.9 85.9 85.9 85.9 85.9 85.9 85.9 85.9 85.9 85.9 85.9 85.9 85.9 85.9 85.9 85.9 85.9 85.9 85.9 85.9 85.9 85.9 85.9 85.9 85.9 85.9 85.9 85.9 85.9 85.9 85.9 85.9 85.9 85.9 85.9 85.9 85.9 85.9 85.9 85.9 85.9 85.9 85.9 85.9 85.9 71.8 71.8 71.8 71.8 71.8 71.8 71.8 71.8 71.8 71.8 71.8 71.8 71.8 71.8 71.8 71.8 71.8 71.8 71.8 71.8 71.8 71.8 71.8 71.8 71.8 71.8 71.8 71.8 71.8 
104.7 104.7 104.7 104.7 104.7 104.7 104.7 104.7 104.7 104.7 104.7 85.9 85.9 85.9 85.9 85.9 85.9 85.9 85.9 85.9 85.9 85.9 85.9 85.9 85.9 85.9 85.9 85.9 85.9 85.9 85.9 85.9 85.9 85.9 85.9 85.9 85.9 85.9 85.9 85.9 85.9 85.9 85.9 85.9 85.9 85.9 85.9 85.9 85.9 85.9 85.9 85.9 85.9 85.9 85.9 85.9 85.9 85.9 85.9 85.9 85.9 85.9 85.9 85.9 85.9 85.9 85.9 85.9 85.9 85.9 85.9 71.8 71.8 71.8 71.8 71.8 71.8 71.8 71.8 71.8 71.8 71.8 71.8 71.8 71.8 71.8 71.8 71.8 71.8 71.8 71.8 71.8 71.8 71.8 71.8 71.8 71.8 71.8 71.8 71.8 
104.7 104.7 104.7 104.7 104.7 104.7 104.7 104.7 104.7 104.7 104.7 85.9 85.9 85.9 85.9 85.9 85.9 85.9 85.9 85.9 85.9 85.9 85.9 85.9 85.9 85.9 85.9 85.9 85.9 85.9 85.9 85.9 85.9 85.9 85.9 85.9 85.9 85.9 85.9 85.9 85.9 85.9 85.9 85.9 85.9 85.9 85.9 85.9 85.9 85.9 85.9 85.9 85.9 85.9 85.9 85.9 85.9 85.9 85.9 85.9 85.9 85.9 85.9 85.9 85.9 85.9 85.9 85.9 85.9 85.9 85.9 71.8 71.8 71.8 71.8 71.8 71.8 71.8 71.8 71.8 71.8 71.8 71.8 71.8 71.8 71.8 71.8 71.8 71.8 71.8 71.8 71.8 71.8 71.8 71.8 71.8 71.8 71.8 71.8 71.8 
106 106 106 106 106 106 106 106 106 106 106 95.1 95.1 95.1 95.1 95.1 95.1 95.1 95.1 95.1 95.1 95.1 95.1 95.1 95.1 95.1 95.1 95.1 95.1 95.1 95.1 95.1 95.1 95.1 95.1 95.1 95.1 95.1 95.1 95.1 95.1 95.1 95.1 95.1 95.1 95.1 95.1 95.1 95.1 95.1 95.1 95.1 95.1 95.1 95.1 95.1 95.1 95.1 95.1 95.1 95.1 95.1 95.1 95.1 95.1 95.1 95.1 95.1 95.1 95.1 95.1 77.9 77.9 77.9 77.9 77.9 77.9 77.9 77.9 77.9 77.9 77.9 77.9 77.9 77.9 77.9 77.9 77.9 77.9 77.9 77.9 77.9 77.9 77.9 77.9 77.9 77.9 77.9 77.9 77.9 
106 106 106 106 106 106 106 106 106 106 106 95.1 95.1 95.1 95.1 95.1 95.1 95.1 95.1 95.1 95.1 95.1 95.1 95.1 95.1 95.1 95.1 95.1 95.1 95.1 95.1 95.1 95.1 95.1 95.1 95.1 95.1 95.1 95.1 95.1 95.1 95.1 95.1 95.1 95.1 95.1 95.1 95.1 95.1 95.1 95.1 95.1 95.1 95.1 95.1 95.1 95.1 95.1 95.1 95.1 95.1 95.1 95.1 95.1 95.1 95.1 95.1 95.1 95.1 95.1 95.1 77.9 77.9 77.9 77.9 77.9 77.9 77.9 77.9 77.9 77.9 77.9 77.9 77.9 77.9 77.9 77.9 77.9 77.9 77.9 77.9 77.9 77.9 77.9 77.9 77.9 77.9 77.9 77.9 77.9 
106 106 106 106 106 106 106 106 106 106 106 95.1 95.1 95.1 95.1 95.1 95.1 95.1 95.1 95.1 95.1 95.1 95.1 95.1 95.1 95.1 95.1 95.1 95.1 95.1 95.1 95.1 95.1 95.1 95.1 95.1 95.1 95.1 95.1 95.1 95.1 95.1 95.1 95.1 95.1 95.1 95.1 95.1 95.1 95.1 95.1 95.1 95.1 95.1 95.1 95.1 95.1 95.1 95.1 95.1 95.1 95.1 95.1 95.1 95.1 95.1 95.1 95.1 95.1 95.1 95.1 77.9 77.9 77.9 77.9 77.9 77.9 77.9 77.9 77.9 77.9 77.9 77.9 77.9 77.9 77.9 77.9 77.9 77.9 77.9 77.9 77.9 77.9 77.9 77.9 77.9 77.9 77.9 77.9 77.9 
106 106 106 106 106 106 106 106 106 106 106 95.1 95.1 95.1 95.1 95.1 95.1 95.1 95.1 95.1 95.1 95.1 95.1 95.1 95.1 95.1 95.1 95.1 95.1 95.1 95.1 95.1 95.1 95.1 95.1 95.1 95.1 95.1 95.1 95.1 95.1 95.1 95.1 95.1 95.1 95.1 95.1 95.1 95.1 95.1 95.1 95.1 95.1 95.1 95.1 95.1 95.1 95.1 95.1 95.1 95.1 95.1 95.1 95.1 95.1 95.1 95.1 95.1 95.1 95.1 95.1 77.9 77.9 77.9 77.9 77.9 77.9 77.9 77.9 77.9 77.9 77.9 77.9 77.9 77.9 77.9 77.9 77.9 77.9 77.9 77.9 77.9 77.9 77.9 77.9 77.9 77.9 77.9 77.9 77.9 
106 106 106 106 106 106 106 106 106 106 106 95.1 95.1 95.1 95.1 95.1 95.1 95.1 95.1 95.1 95.1 95.1 95.1 95.1 95.1 95.1 95.1 95.1 95.1 95.1 95.1 95.1 95.1 95.1 95.1 95.1 95.1 95.1 95.1 95.1 95.1 95.1 95.1 95.1 95.1 95.1 95.1 95.1 95.1 95.1 95.1 95.1 95.1 95.1 95.1 95.1 95.1 95.1 95.1 95.1 95.1 95.1 95.1 95.1 95.1 95.1 95.1 95.1 95.1 95.1 95.1 77.9 77.9 77.9 77.9 77.9 77.9 77.9 77.9 77.9 77.9 77.9 77.9 77.9 77.9 77.9 77.9 77.9 77.9 77.9 77.9 77.9 77.9 77.9 77.9 77.9 77.9 77.9 77.9 77.9 
106 106 106 106 106 106 106 106 106 106 106 95.1 95.1 95.1 95.1 95.1 95.1 95.1 95.1 95.1 95.1 95.1 95.1 95.1 95.1 95.1 95.1 95.1 95.1 95.1 95.1 95.1 95.1 95.1 95.1 95.1 95.1 95.1 95.1 95.1 95.1 95.1 95.1 95.1 95.1 95.1 95.1 95.1 95.1 95.1 95.1 95.1 95.1 95.1 95.1 95.1 95.1 95.1 95.1 95.1 95.1 95.1 95.1 95.1 95.1 95.1 95.1 95.1 95.1 95.1 95.1 77.9 77.9 77.9 77.9 77.9 77.9 77.9 77.9 77.9 77.9 77.9 77.9 77.9 77.9 77.9 77.9 77.9 77.9 77.9 77.9 77.9 77.9 77.9 77.9 77.9 77.9 77.9 77.9 77.9 
106 106 106 106 106 106 106 106 106 106 106 95.1 95.1 95.1 95.1 95.1 95.1 95.1 95.1 95.1 95.1 95.1 95.1 95.1 95.1 95.1 95.1 95.1 95.1 95.1 95.1 95.1 95.1 95.1 95.1 95.1 95.1 95.1 95.1 95.1 95.1 95.1 95.1 95.1 95.1 95.1 95.1 95.1 95.1 95.1 95.1 95.1 95.1 95.1 95.1 95.1 95.1 95.1 95.1 95.1 95.1 95.1 95.1 95.1 95.1 95.1 95.1 95.1 95.1 95.1 95.1 77.9 77.9 77.9 77.9 77.9 77.9 77.9 77.9 77.9 77.9 77.9 77.9 77.9 77.9 77.9 77.9 77.9 77.9 77.9 77.9 77.9 77.9 77.9 77.9 77.9 77.9 77.9 77.9 77.9 
106 106 106 106 106 106 106 106 106 106 106 95.1 95.1 95.1 95.1 95.1 95.1 95.1 95.1 95.1 95.1 95.1 95.1 95.1 95.1 95.1 95.1 95.1 95.1 95.1 95.1 95.1 95.1 95.1 95.1 95.1 95.1 95.1 95.1 95.1 95.1 95.1 95.1 95.1 95.1 95.1 95.1 95.1 95.1 95.1 95.1 95.1 95.1 95.1 95.1 95.1 95.1 95.1 95.1 95.1 95.1 95.1 95.1 95.1 95.1 95.1 95.1 95.1 95.1 95.1 95.1 77.9 77.9 77.9 77.9 77.9 77.9 77.9 77.9 77.9 77.9 77.9 77.9 77.9 77.9 77.9 77.9 77.9 77.9 77.9 77.9 77.9 77.9 77.9 77.9 77.9 77.9 77.9 77.9 77.9 
106 106 106 106 106 106 106 106 106 106 106 95.1 95.1 95.1 95.1 95.1 95.1 95.1 95.1 95.1 95.1 95.1 95.1 95.1 95.1 95.1 95.1 95.1 95.1 95.1 95.1 95.1 95.1 95.1 95.1 95.1 95.1 95.1 95.1 95.1 95.1 95.1 95.1 95.1 95.1 95.1 95.1 95.1 95.1 95.1 95.1 95.1 95.1 95.1 95.1 95.1 95.1 95.1 95.1 95.1 95.1 95.1 95.1 95.1 95.1 95.1 95.1 95.1 95.1 95.1 95.1 77.9 77.9 77.9 77.9 77.9 77.9 77.9 77.9 77.9 77.9 77.9 77.9 77.9 77.9 77.9 77.9 77.9 77.9 77.9 77.9 77.9 77.9 77.9 77.9 77.9 77.9 77.9 77.9 77.9 
106 106 106 106 106 106 106 106 106 106 106 95.1 95.1 95.1 95.1 95.1 95.1 95.1 95.1 95.1 95.1 95.1 95.1 95.1 95.1 95.1 95.1 95.1 95.1 95.1 95.1 95.1 95.1 95.1 95.1 95.1 95.1 95.1 95.1 95.1 95.1 95.1 95.1 95.1 95.1 95.1 95.1 95.1 95.1 95.1 95.1 95.1 95.1 95.1 95.1 95.1 95.1 95.1 95.1 95.1 95.1 95.1 95.1 95.1 95.1 95.1 95.1 95.1 95.1 95.1 95.1 77.9 77.9 77.9 77.9 77.9 77.9 77.9 77.9 77.9 77.9 77.9 77.9 77.9 77.9 77.9 77.9 77.9 77.9 77.9 77.9 77.9 77.9 77.9 77.9 77.9 77.9 77.9 77.9 77.9 
106 106 106 106 106 106 106 106 106 106 106 95.1 95.1 95.1 95.1 95.1 95.1 95.1 95.1 95.1 95.1 95.1 95.1 95.1 95.1 95.1 95.1 95.1 95.1 95.1 95.1 95.1 95.1 95.1 95.1 95.1 95.1 95.1 95.1 95.1 95.1 95.1 95.1 95.1 95.1 95.1 95.1 95.1 95.1 95.1 95.1 95.1 95.1 95.1 95.1 95.1 95.1 95.1 95.1 95.1 95.1 95.1 95.1 95.1 95.1 95.1 95.1 95.1 95.1 95.1 95.1 77.9 77.9 77.9 77.9 77.9 77.9 77.9 77.9 77.9 77.9 77.9 77.9 77.9 77.9 77.9 77.9 77.9 77.9 77.9 77.9 77.9 77.9 77.9 77.9 77.9 77.9 77.9 77.9 77.9 
106 106 106 106 106 106 106 106 106 106 106 95.1 95.1 95.1 95.1 95.1 95.1 95.1 95.1 95.1 95.1 95.1 95.1 95.1 95.1 95.1 95.1 95.1 95.1 95.1 95.1 95.1 95.1 95.1 95.1 95.1 95.1 95.1 95.1 95.1 95.1 95.1 95.1 95.1 95.1 95.1 95.1 95.1 95.1 95.1 95.1 95.1 95.1 95.1 95.1 95.1 95.1 95.1 95.1 95.1 95.1 95.1 95.1 95.1 95.1 95.1 95.1 95.1 95.1 95.1 95.1 77.9 77.9 77.9 77.9 77.9 77.9 77.9 77.9 77.9 77.9 77.9 77.9 77.9 77.9 77.9 77.9 77.9 77.9 77.9 77.9 77.9 77.9 77.9 77.9 77.9 77.9 77.9 77.9 77.9 
106 106 106 106 106 106 106 106 106 106 106 95.1 95.1 95.1 95.1 95.1 95.1 95.1 95.1 95.1 95.1 95.1 95.1 95.1 95.1 95.1 95.1 95.1 95.1 95.1 95.1 95.1 95.1 95.1 95.1 95.1 95.1 95.1 95.1 95.1 95.1 95.1 95.1 95.1 95.1 95.1 95.1 95.1 95.1 95.1 95.1 95.1 95.1 95.1 95.1 95.1 95.1 95.1 95.1 95.1 95.1 95.1 95.1 95.1 95.1 95.1 95.1 95.1 95.1 95.1 95.1 77.9 77.9 77.9 77.9 77.9 77.9 77.9 77.9 77.9 77.9 77.9 77.9 77.9 77.9 77.9 77.9 77.9 77.9 77.9 77.9 77.9 77.9 77.9 77.9 77.9 77.9 77.9 77.9 77.9 
106 106 106 106 106 106 106 106 106 106 106 95.1 95.1 95.1 95.1 95.1 95.1 95.1 95.1 95.1 95.1 95.1 95.1 95.1 95.1 95.1 95.1 95.1 95.1 95.1 95.1 95.1 95.1 95.1 95.1 95.1 95.1 95.1 95.1 95.1 95.1 95.1 95.1 95.1 95.1 95.1 95.1 95.1 95.1 95.1 95.1 95.1 95.1 95.1 95.1 95.1 95.1 95.1 95.1 95.1 95.1 95.1 95.1 95.1 95.1 95.1 95.1 95.1 95.1 95.1 95.1 77.9 77.9 77.9 77.9 77.9 77.9 77.9 77.9 77.9 77.9 77.9 77.9 77.9 77.9 77.9 77.9 77.9 77.9 77.9 77.9 77.9 77.9 77.9 77.9 77.9 77.9 77.9 77.9 77.9 
106 106 106 106 106 106 106 106 106 106 106 95.1 95.1 95.1 95.1 95.1 95.1 95.1 95.1 95.1 95.1 95.1 95.1 95.1 95.1 95.1 95.1 95.1 95.1 95.1 95.1 95.1 95.1 95.1 95.1 95.1 95.1 95.1 95.1 95.1 95.1 95.1 95.1 95.1 95.1 95.1 95.1 95.1 95.1 95.1 95.1 95.1 95.1 95.1 95.1 95.1 95.1 95.1 95.1 95.1 95.1 95.1 95.1 95.1 95.1 95.1 95.1 95.1 95.1 95.1 95.1 77.9 77.9 77.9 77.9 77.9 77.9 77.9 77.9 77.9 77.9 77.9 77.9 77.9 77.9 77.9 77.9 77.9 77.9 77.9 77.9 77.9 77.9 77.9 77.9 77.9 77.9 77.9 77.9 77.9 
106 106 106 106 106 106 106 106 106 106 106 95.1 95.1 95.1 95.1 95.1 95.1 95.1 95.1 95.1 95.1 95.1 95.1 95.1 95.1 95.1 95.1 95.1 95.1 95.1 95.1 95.1 95.1 95.1 95.1 95.1 95.1 95.1 95.1 95.1 95.1 95.1 95.1 95.1 95.1 95.1 95.1 95.1 95.1 95.1 95.1 95.1 95.1 95.1 95.1 95.1 95.1 95.1 95.1 95.1 95.1 95.1 95.1 95.1 95.1 95.1 95.1 95.1 95.1 95.1 95.1 77.9 77.9 77.9 77.9 77.9 77.9 77.9 77.9 77.9 77.9 77.9 77.9 77.9 77.9 77.9 77.9 77.9 77.9 77.9 77.9 77.9 77.9 77.9 77.9 77.9 77.9 77.9 77.9 77.9 
106 106 106 106 106 106 106 106 106 106 106 95.1 95.1 95.1 95.1 95.1 95.1 95.1 95.1 95.1 95.1 95.1 95.1 95.1 95.1 95.1 95.1 95.1 95.1 95.1 95.1 95.1 95.1 95.1 95.1 95.1 95.1 95.1 95.1 95.1 95.1 95.1 95.1 95.1 95.1 95.1 95.1 95.1 95.1 95.1 95.1 95.1 95.1 95.1 95.1 95.1 95.1 95.1 95.1 95.1 95.1 95.1 95.1 95.1 95.1 95.1 95.1 95.1 95.1 95.1 95.1 77.9 77.9 77.9 77.9 77.9 77.9 77.9 77.9 77.9 77.9 77.9 77.9 77.9 77.9 77.9 77.9 77.9 77.9 77.9 77.9 77.9 77.9 77.9 77.9 77.9 77.9 77.9 77.9 77.9 
106 106 106 106 106 106 106 106 106 106 106 95.1 95.1 95.1 95.1 95.1 95.1 95.1 95.1 95.1 95.1 95.1 95.1 95.1 95.1 95.1 95.1 95.1 95.1 95.1 95.1 95.1 95.1 95.1 95.1 95.1 95.1 95.1 95.1 95.1 95.1 95.1 95.1 95.1 95.1 95.1 95.1 95.1 95.1 95.1 95.1 95.1 95.1 95.1 95.1 95.1 95.1 95.1 95.1 95.1 95.1 95.1 95.1 95.1 95.1 95.1 95.1 95.1 95.1 95.1 95.1 77.9 77.9 77.9 77.9 77.9 77.9 77.9 77.9 77.9 77.9 77.9 77.9 77.9 77.9 77.9 77.9 77.9 77.9 77.9 77.9 77.9 77.9 77.9 77.9 77.9 77.9 77.9 77.9 77.9 
106 106 106 106 106 106 106 106 106 106 106 95.1 95.1 95.1 95.1 95.1 95.1 95.1 95.1 95.1 95.1 95.1 95.1 95.1 95.1 95.1 95.1 95.1 95.1 95.1 95.1 95.1 95.1 95.1 95.1 95.1 95.1 95.1 95.1 95.1 95.1 95.1 95.1 95.1 95.1 95.1 95.1 95.1 95.1 95.1 95.1 95.1 95.1 95.1 95.1 95.1 95.1 95.1 95.1 95.1 95.1 95.1 95.1 95.1 95.1 95.1 95.1 95.1 95.1 95.1 95.1 77.9 77.9 77.9 77.9 77.9 77.9 77.9 77.9 77.9 77.9 77.9 77.9 77.9 77.9 77.9 77.9 77.9 77.9 77.9 77.9 77.9 77.9 77.9 77.9 77.9 77.9 77.9 77.9 77.9 
106 106 106 106 106 106 106 106 106 106 106 95.1 95.1 95.1 95.1 95.1 95.1 95.1 95.1 95.1 95.1 95.1 95.1 95.1 95.1 95.1 95.1 95.1 95.1 95.1 95.1 95.1 95.1 95.1 95.1 95.1 95.1 95.1 95.1 95.1 95.1 95.1 95.1 95.1 95.1 95.1 95.1 95.1 95.1 95.1 95.1 95.1 95.1 95.1 95.1 95.1 95.1 95.1 95.1 95.1 95.1 95.1 95.1 95.1 95.1 95.1 95.1 95.1 95.1 95.1 95.1 77.9 77.9 77.9 77.9 77.9 77.9 77.9 77.9 77.9 77.9 77.9 77.9 77.9 77.9 77.9 77.9 77.9 77.9 77.9 77.9 77.9 77.9 77.9 77.9 77.9 77.9 77.9 77.9 77.9 
106 106 106 106 106 106 106 106 106 106 106 95.1 95.1 95.1 95.1 95.1 95.1 95.1 95.1 95.1 95.1 95.1 95.1 95.1 95.1 95.1 95.1 95.1 95.1 95.1 95.1 95.1 95.1 95.1 95.1 95.1 95.1 95.1 95.1 95.1 95.1 95.1 95.1 95.1 95.1 95.1 95.1 95.1 95.1 95.1 95.1 95.1 95.1 95.1 95.1 95.1 95.1 95.1 95.1 95.1 95.1 95.1 95.1 95.1 95.1 95.1 95.1 95.1 95.1 95.1 95.1 77.9 77.9 77.9 77.9 77.9 77.9 77.9 77.9 77.9 77.9 77.9 77.9 77.9 77.9 77.9 77.9 77.9 77.9 77.9 77.9 77.9 77.9 77.9 77.9 77.9 77.9 77.9 77.9 77.9 
106 106 106 106 106 106 106 106 106 106 106 95.1 95.1 95.1 95.1 95.1 95.1 95.1 95.1 95.1 95.1 95.1 95.1 95.1 95.1 95.1 95.1 95.1 95.1 95.1 95.1 95.1 95.1 95.1 95.1 95.1 95.1 95.1 95.1 95.1 95.1 95.1 95.1 95.1 95.1 95.1 95.1 95.1 95.1 95.1 95.1 95.1 95.1 95.1 95.1 95.1 95.1 95.1 95.1 95.1 95.1 95.1 95.1 95.1 95.1 95.1 95.1 95.1 95.1 95.1 95.1 77.9 77.9 77.9 77.9 77.9 77.9 77.9 77.9 77.9 77.9 77.9 77.9 77.9 77.9 77.9 77.9 77.9 77.9 77.9 77.9 77.9 77.9 77.9 77.9 77.9 77.9 77.9 77.9 77.9 
106 106 106 106 106 106 106 106 106 106 106 95.1 95.1 95.1 95.1 95.1 95.1 95.1 95.1 95.1 95.1 95.1 95.1 95.1 95.1 95.1 95.1 95.1 95.1 95.1 95.1 95.1 95.1 95.1 95.1 95.1 95.1 95.1 95.1 95.1 95.1 95.1 95.1 95.1 95.1 95.1 95.1 95.1 95.1 95.1 95.1 95.1 95.1 95.1 95.1 95.1 95.1 95.1 95.1 95.1 95.1 95.1 95.1 95.1 95.1 95.1 95.1 95.1 95.1 95.1 95.1 77.9 77.9 77.9 77.9 77.9 77.9 77.9 77.9 77.9 77.9 77.9 77.9 77.9 77.9 77.9 77.9 77.9 77.9 77.9 77.9 77.9 77.9 77.9 77.9 77.9 77.9 77.9 77.9 77.9 
106 106 106 106 106 106 106 106 106 106 106 95.1 95.1 95.1 95.1 95.1 95.1 95.1 95.1 95.1 95.1 95.1 95.1 95.1 95.1 95.1 95.1 95.1 95.1 95.1 95.1 95.1 95.1 95.1 95.1 95.1 95.1 95.1 95.1 95.1 95.1 95.1 95.1 95.1 95.1 95.1 95.1 95.1 95.1 95.1 95.1 95.1 95.1 95.1 95.1 95.1 95.1 95.1 95.1 95.1 95.1 95.1 95.1 95.1 95.1 95.1 95.1 95.1 95.1 95.1 95.1 77.9 77.9 77.9 77.9 77.9 77.9 77.9 77.9 77.9 77.9 77.9 77.9 77.9 77.9 77.9 77.9 77.9 77.9 77.9 77.9 77.9 77.9 77.9 77.9 77.9 77.9 77.9 77.9 77.9 
106 106 106 106 106 106 106 106 106 106 106 95.1 95.1 95.1 95.1 95.1 95.1 95.1 95.1 95.1 95.1 95.1 95.1 95.1 95.1 95.1 95.1 95.1 95.1 95.1 95.1 95.1 95.1 95.1 95.1 95.1 95.1 95.1 95.1 95.1 95.1 95.1 95.1 95.1 95.1 95.1 95.1 95.1 95.1 95.1 95.1 95.1 95.1 95.1 95.1 95.1 95.1 95.1 95.1 95.1 95.1 95.1 95.1 95.1 95.1 95.1 95.1 95.1 95.1 95.1 95.1 77.9 77.9 77.9 77.9 77.9 77.9 77.9 77.9 77.9 77.9 77.9 77.9 77.9 77.9 77.9 77.9 77.9 77.9 77.9 77.9 77.9 77.9 77.9 77.9 77.9 77.9 77.9 77.9 77.9 
106 106 106 106 106 106 106 106 106 106 106 95.1 95.1 95.1 95.1 95.1 95.1 95.1 95.1 95.1 95.1 95.1 95.1 95.1 95.1 95.1 95.1 95.1 95.1 95.1 95.1 95.1 95.1 95.1 95.1 95.1 95.1 95.1 95.1 95.1 95.1 95.1 95.1 95.1 95.1 95.1 95.1 95.1 95.1 95.1 95.1 95.1 95.1 95.1 95.1 95.1 95.1 95.1 95.1 95.1 95.1 95.1 95.1 95.1 95.1 95.1 95.1 95.1 95.1 95.1 95.1 77.9 77.9 77.9 77.9 77.9 77.9 77.9 77.9 77.9 77.9 77.9 77.9 77.9 77.9 77.9 77.9 77.9 77.9 77.9 77.9 77.9 77.9 77.9 77.9 77.9 77.9 77.9 77.9 77.9 
106 106 106 106 106 106 106 106 106 106 106 95.1 95.1 95.1 95.1 95.1 95.1 95.1 95.1 95.1 95.1 95.1 95.1 95.1 95.1 95.1 95.1 95.1 95.1 95.1 95.1 95.1 95.1 95.1 95.1 95.1 95.1 95.1 95.1 95.1 95.1 95.1 95.1 95.1 95.1 95.1 95.1 95.1 95.1 95.1 95.1 95.1 95.1 95.1 95.1 95.1 95.1 95.1 95.1 95.1 95.1 95.1 95.1 95.1 95.1 95.1 95.1 95.1 95.1 95.1 95.1 77.9 77.9 77.9 77.9 77.9 77.9 77.9 77.9 77.9 77.9 77.9 77.9 77.9 77.9 77.9 77.9 77.9 77.9 77.9 77.9 77.9 77.9 77.9 77.9 77.9 77.9 77.9 77.9 77.9 
106 106 106 106 106 106 106 106 106 106 106 95.1 95.1 95.1 95.1 95.1 95.1 95.1 95.1 95.1 95.1 95.1 95.1 95.1 95.1 95.1 95.1 95.1 95.1 95.1 95.1 95.1 95.1 95.1 95.1 95.1 95.1 95.1 95.1 95.1 95.1 95.1 95.1 95.1 95.1 95.1 95.1 95.1 95.1 95.1 95.1 95.1 95.1 95.1 95.1 95.1 95.1 95.1 95.1 95.1 95.1 95.1 95.1 95.1 95.1 95.1 95.1 95.1 95.1 95.1 95.1 77.9 77.9 77.9 77.9 77.9 77.9 77.9 77.9 77.9 77.9 77.9 77.9 77.9 77.9 77.9 77.9 77.9 77.9 77.9 77.9 77.9 77.9 77.9 77.9 77.9 77.9 77.9 77.9 77.9 
106 106 106 106 106 106 106 106 106 106 106 95.1 95.1 95.1 95.1 95.1 95.1 95.1 95.1 95.1 95.1 95.1 95.1 95.1 95.1 95.1 95.1 95.1 95.1 95.1 95.1 95.1 95.1 95.1 95.1 95.1 95.1 95.1 95.1 95.1 95.1 95.1 95.1 95.1 95.1 95.1 95.1 95.1 95.1 95.1 95.1 95.1 95.1 95.1 95.1 95.1 95.1 95.1 95.1 95.1 95.1 95.1 95.1 95.1 95.1 95.1 95.1 95.1 95.1 95.1 95.1 77.9 77.9 77.9 77.9 77.9 77.9 77.9 77.9 77.9 77.9 77.9 77.9 77.9 77.9 77.9 77.9 77.9 77.9 77.9 77.9 77.9 77.9 77.9 77.9 77.9 77.9 77.9 77.9 77.9 
106 106 106 106 106 106 106 106 106 106 106 95.1 95.1 95.1 95.1 95.1 95.1 95.1 95.1 95.1 95.1 95.1 95.1 95.1 95.1 95.1 95.1 95.1 95.1 95.1 95.1 95.1 95.1 95.1 95.1 95.1 95.1 95.1 95.1 95.1 95.1 95.1 95.1 95.1 95.1 95.1 95.1 95.1 95.1 95.1 95.1 95.1 95.1 95.1 95.1 95.1 95.1 95.1 95.1 95.1 95.1 95.1 95.1 95.1 95.1 95.1 95.1 95.1 95.1 95.1 95.1 77.9 77.9 77.9 77.9 77.9 77.9 77.9 77.9 77.9 77.9 77.9 77.9 77.9 77.9 77.9 77.9 77.9 77.9 77.9 77.9 77.9 77.9 77.9 77.9 77.9 77.9 77.9 77.9 77.9 
106 106 106 106 106 106 106 106 106 106 106 95.1 95.1 95.1 95.1 95.1 95.1 95.1 95.1 95.1 95.1 95.1 95.1 95.1 95.1 95.1 95.1 95.1 95.1 95.1 95.1 95.1 95.1 95.1 95.1 95.1 95.1 95.1 95.1 95.1 95.1 95.1 95.1 95.1 95.1 95.1 95.1 95.1 95.1 95.1 95.1 95.1 95.1 95.1 95.1 95.1 95.1 95.1 95.1 95.1 95.1 95.1 95.1 95.1 95.1 95.1 95.1 95.1 95.1 95.1 95.1 77.9 77.9 77.9 77.9 77.9 77.9 77.9 77.9 77.9 77.9 77.9 77.9 77.9 77.9 77.9 77.9 77.9 77.9 77.9 77.9 77.9 77.9 77.9 77.9 77.9 77.9 77.9 77.9 77.9 
106 106 106 106 106 106 106 106 106 106 106 95.1 95.1 95.1 95.1 95.1 95.1 95.1 95.1 95.1 95.1 95.1 95.1 95.1 95.1 95.1 95.1 95.1 95.1 95.1 95.1 95.1 95.1 95.1 95.1 95.1 95.1 95.1 95.1 95.1 95.1 95.1 95.1 95.1 95.1 95.1 95.1 95.1 95.1 95.1 95.1 95.1 95.1 95.1 95.1 95.1 95.1 95.1 95.1 95.1 95.1 95.1 95.1 95.1 95.1 95.1 95.1 95.1 95.1 95.1 95.1 77.9 77.9 77.9 77.9 77.9 77.9 77.9 77.9 77.9 77.9 77.9 77.9 77.9 77.9 77.9 77.9 77.9 77.9 77.9 77.9 77.9 77.9 77.9 77.9 77.9 77.9 77.9 77.9 77.9 
106 106 106 106 106 106 106 106 106 106 106 95.1 95.1 95.1 95.1 95.1 95.1 95.1 95.1 95.1 95.1 95.1 95.1 95.1 95.1 95.1 95.1 95.1 95.1 95.1 95.1 95.1 95.1 95.1 95.1 95.1 95.1 95.1 95.1 95.1 95.1 95.1 95.1 95.1 95.1 95.1 95.1 95.1 95.1 95.1 95.1 95.1 95.1 95.1 95.1 95.1 95.1 95.1 95.1 95.1 95.1 95.1 95.1 95.1 95.1 95.1 95.1 95.1 95.1 95.1 95.1 77.9 77.9 77.9 77.9 77.9 77.9 77.9 77.9 77.9 77.9 77.9 77.9 77.9 77.9 77.9 77.9 77.9 77.9 77.9 77.9 77.9 77.9 77.9 77.9 77.9 77.9 77.9 77.9 77.9 
106 106 106 106 106 106 106 106 106 106 106 95.1 95.1 95.1 95.1 95.1 95.1 95.1 95.1 95.1 95.1 95.1 95.1 95.1 95.1 95.1 95.1 95.1 95.1 95.1 95.1 95.1 95.1 95.1 95.1 95.1 95.1 95.1 95.1 95.1 95.1 95.1 95.1 95.1 95.1 95.1 95.1 95.1 95.1 95.1 95.1 95.1 95.1 95.1 95.1 95.1 95.1 95.1 95.1 95.1 95.1 95.1 95.1 95.1 95.1 95.1 95.1 95.1 95.1 95.1 95.1 77.9 77.9 77.9 77.9 77.9 77.9 77.9 77.9 77.9 77.9 77.9 77.9 77.9 77.9 77.9 77.9 77.9 77.9 77.9 77.9 77.9 77.9 77.9 77.9 77.9 77.9 77.9 77.9 77.9 
106 106 106 106 106 106 106 106 106 106 106 95.1 95.1 95.1 95.1 95.1 95.1 95.1 95.1 95.1 95.1 95.1 95.1 95.1 95.1 95.1 95.1 95.1 95.1 95.1 95.1 95.1 95.1 95.1 95.1 95.1 95.1 95.1 95.1 95.1 95.1 95.1 95.1 95.1 95.1 95.1 95.1 95.1 95.1 95.1 95.1 95.1 95.1 95.1 95.1 95.1 95.1 95.1 95.1 95.1 95.1 95.1 95.1 95.1 95.1 95.1 95.1 95.1 95.1 95.1 95.1 77.9 77.9 77.9 77.9 77.9 77.9 77.9 77.9 77.9 77.9 77.9 77.9 77.9 77.9 77.9 77.9 77.9 77.9 77.9 77.9 77.9 77.9 77.9 77.9 77.9 77.9 77.9 77.9 77.9 
106 106 106 106 106 106 106 106 106 106 106 95.1 95.1 95.1 95.1 95.1 95.1 95.1 95.1 95.1 95.1 95.1 95.1 95.1 95.1 95.1 95.1 95.1 95.1 95.1 95.1 95.1 95.1 95.1 95.1 95.1 95.1 95.1 95.1 95.1 95.1 95.1 95.1 95.1 95.1 95.1 95.1 95.1 95.1 95.1 95.1 95.1 95.1 95.1 95.1 95.1 95.1 95.1 95.1 95.1 95.1 95.1 95.1 95.1 95.1 95.1 95.1 95.1 95.1 95.1 95.1 77.9 77.9 77.9 77.9 77.9 77.9 77.9 77.9 77.9 77.9 77.9 77.9 77.9 77.9 77.9 77.9 77.9 77.9 77.9 77.9 77.9 77.9 77.9 77.9 77.9 77.9 77.9 77.9 77.9 
106 106 106 106 106 106 106 106 106 106 106 95.1 95.1 95.1 95.1 95.1 95.1 95.1 95.1 95.1 95.1 95.1 95.1 95.1 95.1 95.1 95.1 95.1 95.1 95.1 95.1 95.1 95.1 95.1 95.1 95.1 95.1 95.1 95.1 95.1 95.1 95.1 95.1 95.1 95.1 95.1 95.1 95.1 95.1 95.1 95.1 95.1 95.1 95.1 95.1 95.1 95.1 95.1 95.1 95.1 95.1 95.1 95.1 95.1 95.1 95.1 95.1 95.1 95.1 95.1 95.1 77.9 77.9 77.9 77.9 77.9 77.9 77.9 77.9 77.9 77.9 77.9 77.9 77.9 77.9 77.9 77.9 77.9 77.9 77.9 77.9 77.9 77.9 77.9 77.9 77.9 77.9 77.9 77.9 77.9 
106 106 106 106 106 106 106 106 106 106 106 95.1 95.1 95.1 95.1 95.1 95.1 95.1 95.1 95.1 95.1 95.1 95.1 95.1 95.1 95.1 95.1 95.1 95.1 95.1 95.1 95.1 95.1 95.1 95.1 95.1 95.1 95.1 95.1 95.1 95.1 95.1 95.1 95.1 95.1 95.1 95.1 95.1 95.1 95.1 95.1 95.1 95.1 95.1 95.1 95.1 95.1 95.1 95.1 95.1 95.1 95.1 95.1 95.1 95.1 95.1 95.1 95.1 95.1 95.1 95.1 77.9 77.9 77.9 77.9 77.9 77.9 77.9 77.9 77.9 77.9 77.9 77.9 77.9 77.9 77.9 77.9 77.9 77.9 77.9 77.9 77.9 77.9 77.9 77.9 77.9 77.9 77.9 77.9 77.9 
106 106 106 106 106 106 106 106 106 106 106 95.1 95.1 95.1 95.1 95.1 95.1 95.1 95.1 95.1 95.1 95.1 95.1 95.1 95.1 95.1 95.1 95.1 95.1 95.1 95.1 95.1 95.1 95.1 95.1 95.1 95.1 95.1 95.1 95.1 95.1 95.1 95.1 95.1 95.1 95.1 95.1 95.1 95.1 95.1 95.1 95.1 95.1 95.1 95.1 95.1 95.1 95.1 95.1 95.1 95.1 95.1 95.1 95.1 95.1 95.1 95.1 95.1 95.1 95.1 95.1 77.9 77.9 77.9 77.9 77.9 77.9 77.9 77.9 77.9 77.9 77.9 77.9 77.9 77.9 77.9 77.9 77.9 77.9 77.9 77.9 77.9 77.9 77.9 77.9 77.9 77.9 77.9 77.9 77.9 
106 106 106 106 106 106 106 106 106 106 106 95.1 95.1 95.1 95.1 95.1 95.1 95.1 95.1 95.1 95.1 95.1 95.1 95.1 95.1 95.1 95.1 95.1 95.1 95.1 95.1 95.1 95.1 95.1 95.1 95.1 95.1 95.1 95.1 95.1 95.1 95.1 95.1 95.1 95.1 95.1 95.1 95.1 95.1 95.1 95.1 95.1 95.1 95.1 95.1 95.1 95.1 95.1 95.1 95.1 95.1 95.1 95.1 95.1 95.1 95.1 95.1 95.1 95.1 95.1 95.1 77.9 77.9 77.9 77.9 77.9 77.9 77.9 77.9 77.9 77.9 77.9 77.9 77.9 77.9 77.9 77.9 77.9 77.9 77.9 77.9 77.9 77.9 77.9 77.9 77.9 77.9 77.9 77.9 77.9 
106 106 106 106 106 106 106 106 106 106 106 95.1 95.1 95.1 95.1 95.1 95.1 95.1 95.1 95.1 95.1 95.1 95.1 95.1 95.1 95.1 95.1 95.1 95.1 95.1 95.1 95.1 95.1 95.1 95.1 95.1 95.1 95.1 95.1 95.1 95.1 95.1 95.1 95.1 95.1 95.1 95.1 95.1 95.1 95.1 95.1 95.1 95.1 95.1 95.1 95.1 95.1 95.1 95.1 95.1 95.1 95.1 95.1 95.1 95.1 95.1 95.1 95.1 95.1 95.1 95.1 77.9 77.9 77.9 77.9 77.9 77.9 77.9 77.9 77.9 77.9 77.9 77.9 77.9 77.9 77.9 77.9 77.9 77.9 77.9 77.9 77.9 77.9 77.9 77.9 77.9 77.9 77.9 77.9 77.9 
106 106 106 106 106 106 106 106 106 106 106 95.1 95.1 95.1 95.1 95.1 95.1 95.1 95.1 95.1 95.1 95.1 95.1 95.1 95.1 95.1 95.1 95.1 95.1 95.1 95.1 95.1 95.1 95.1 95.1 95.1 95.1 95.1 95.1 95.1 95.1 95.1 95.1 95.1 95.1 95.1 95.1 95.1 95.1 95.1 95.1 95.1 95.1 95.1 95.1 95.1 95.1 95.1 95.1 95.1 95.1 95.1 95.1 95.1 95.1 95.1 95.1 95.1 95.1 95.1 95.1 77.9 77.9 77.9 77.9 77.9 77.9 77.9 77.9 77.9 77.9 77.9 77.9 77.9 77.9 77.9 77.9 77.9 77.9 77.9 77.9 77.9 77.9 77.9 77.9 77.9 77.9 77.9 77.9 77.9 
106 106 106 106 106 106 106 106 106 106 106 95.1 95.1 95.1 95.1 95.1 95.1 95.1 95.1 95.1 95.1 95.1 95.1 95.1 95.1 95.1 95.1 95.1 95.1 95.1 95.1 95.1 95.1 95.1 95.1 95.1 95.1 95.1 95.1 95.1 95.1 95.1 95.1 95.1 95.1 95.1 95.1 95.1 95.1 95.1 95.1 95.1 95.1 95.1 95.1 95.1 95.1 95.1 95.1 95.1 95.1 95.1 95.1 95.1 95.1 95.1 95.1 95.1 95.1 95.1 95.1 77.9 77.9 77.9 77.9 77.9 77.9 77.9 77.9 77.9 77.9 77.9 77.9 77.9 77.9 77.9 77.9 77.9 77.9 77.9 77.9 77.9 77.9 77.9 77.9 77.9 77.9 77.9 77.9 77.9 
106 106 106 106 106 106 106 106 106 106 106 95.1 95.1 95.1 95.1 95.1 95.1 95.1 95.1 95.1 95.1 95.1 95.1 95.1 95.1 95.1 95.1 95.1 95.1 95.1 95.1 95.1 95.1 95.1 95.1 95.1 95.1 95.1 95.1 95.1 95.1 95.1 95.1 95.1 95.1 95.1 95.1 95.1 95.1 95.1 95.1 95.1 95.1 95.1 95.1 95.1 95.1 95.1 95.1 95.1 95.1 95.1 95.1 95.1 95.1 95.1 95.1 95.1 95.1 95.1 95.1 77.9 77.9 77.9 77.9 77.9 77.9 77.9 77.9 77.9 77.9 77.9 77.9 77.9 77.9 77.9 77.9 77.9 77.9 77.9 77.9 77.9 77.9 77.9 77.9 77.9 77.9 77.9 77.9 77.9 
106 106 106 106 106 106 106 106 106 106 106 95.1 95.1 95.1 95.1 95.1 95.1 95.1 95.1 95.1 95.1 95.1 95.1 95.1 95.1 95.1 95.1 95.1 95.1 95.1 95.1 95.1 95.1 95.1 95.1 95.1 95.1 95.1 95.1 95.1 95.1 95.1 95.1 95.1 95.1 95.1 95.1 95.1 95.1 95.1 95.1 95.1 95.1 95.1 95.1 95.1 95.1 95.1 95.1 95.1 95.1 95.1 95.1 95.1 95.1 95.1 95.1 95.1 95.1 95.1 95.1 77.9 77.9 77.9 77.9 77.9 77.9 77.9 77.9 77.9 77.9 77.9 77.9 77.9 77.9 77.9 77.9 77.9 77.9 77.9 77.9 77.9 77.9 77.9 77.9 77.9 77.9 77.9 77.9 77.9 
106 106 106 106 106 106 106 106 106 106 106 95.1 95.1 95.1 95.1 95.1 95.1 95.1 95.1 95.1 95.1 95.1 95.1 95.1 95.1 95.1 95.1 95.1 95.1 95.1 95.1 95.1 95.1 95.1 95.1 95.1 95.1 95.1 95.1 95.1 95.1 95.1 95.1 95.1 95.1 95.1 95.1 95.1 95.1 95.1 95.1 95.1 95.1 95.1 95.1 95.1 95.1 95.1 95.1 95.1 95.1 95.1 95.1 95.1 95.1 95.1 95.1 95.1 95.1 95.1 95.1 77.9 77.9 77.9 77.9 77.9 77.9 77.9 77.9 77.9 77.9 77.9 77.9 77.9 77.9 77.9 77.9 77.9 77.9 77.9 77.9 77.9 77.9 77.9 77.9 77.9 77.9 77.9 77.9 77.9 
106 106 106 106 106 106 106 106 106 106 106 95.1 95.1 95.1 95.1 95.1 95.1 95.1 95.1 95.1 95.1 95.1 95.1 95.1 95.1 95.1 95.1 95.1 95.1 95.1 95.1 95.1 95.1 95.1 95.1 95.1 95.1 95.1 95.1 95.1 95.1 95.1 95.1 95.1 95.1 95.1 95.1 95.1 95.1 95.1 95.1 95.1 95.1 95.1 95.1 95.1 95.1 95.1 95.1 95.1 95.1 95.1 95.1 95.1 95.1 95.1 95.1 95.1 95.1 95.1 95.1 77.9 77.9 77.9 77.9 77.9 77.9 77.9 77.9 77.9 77.9 77.9 77.9 77.9 77.9 77.9 77.9 77.9 77.9 77.9 77.9 77.9 77.9 77.9 77.9 77.9 77.9 77.9 77.9 77.9 
106 106 106 106 106 106 106 106 106 106 106 95.1 95.1 95.1 95.1 95.1 95.1 95.1 95.1 95.1 95.1 95.1 95.1 95.1 95.1 95.1 95.1 95.1 95.1 95.1 95.1 95.1 95.1 95.1 95.1 95.1 95.1 95.1 95.1 95.1 95.1 95.1 95.1 95.1 95.1 95.1 95.1 95.1 95.1 95.1 95.1 95.1 95.1 95.1 95.1 95.1 95.1 95.1 95.1 95.1 95.1 95.1 95.1 95.1 95.1 95.1 95.1 95.1 95.1 95.1 95.1 77.9 77.9 77.9 77.9 77.9 77.9 77.9 77.9 77.9 77.9 77.9 77.9 77.9 77.9 77.9 77.9 77.9 77.9 77.9 77.9 77.9 77.9 77.9 77.9 77.9 77.9 77.9 77.9 77.9 
106 106 106 106 106 106 106 106 106 106 106 95.1 95.1 95.1 95.1 95.1 95.1 95.1 95.1 95.1 95.1 95.1 95.1 95.1 95.1 95.1 95.1 95.1 95.1 95.1 95.1 95.1 95.1 95.1 95.1 95.1 95.1 95.1 95.1 95.1 95.1 95.1 95.1 95.1 95.1 95.1 95.1 95.1 95.1 95.1 95.1 95.1 95.1 95.1 95.1 95.1 95.1 95.1 95.1 95.1 95.1 95.1 95.1 95.1 95.1 95.1 95.1 95.1 95.1 95.1 95.1 77.9 77.9 77.9 77.9 77.9 77.9 77.9 77.9 77.9 77.9 77.9 77.9 77.9 77.9 77.9 77.9 77.9 77.9 77.9 77.9 77.9 77.9 77.9 77.9 77.9 77.9 77.9 77.9 77.9 
106 106 106 106 106 106 106 106 106 106 106 95.1 95.1 95.1 95.1 95.1 95.1 95.1 95.1 95.1 95.1 95.1 95.1 95.1 95.1 95.1 95.1 95.1 95.1 95.1 95.1 95.1 95.1 95.1 95.1 95.1 95.1 95.1 95.1 95.1 95.1 95.1 95.1 95.1 95.1 95.1 95.1 95.1 95.1 95.1 95.1 95.1 95.1 95.1 95.1 95.1 95.1 95.1 95.1 95.1 95.1 95.1 95.1 95.1 95.1 95.1 95.1 95.1 95.1 95.1 95.1 77.9 77.9 77.9 77.9 77.9 77.9 77.9 77.9 77.9 77.9 77.9 77.9 77.9 77.9 77.9 77.9 77.9 77.9 77.9 77.9 77.9 77.9 77.9 77.9 77.9 77.9 77.9 77.9 77.9 
106 106 106 106 106 106 106 106 106 106 106 95.1 95.1 95.1 95.1 95.1 95.1 95.1 95.1 95.1 95.1 95.1 95.1 95.1 95.1 95.1 95.1 95.1 95.1 95.1 95.1 95.1 95.1 95.1 95.1 95.1 95.1 95.1 95.1 95.1 95.1 95.1 95.1 95.1 95.1 95.1 95.1 95.1 95.1 95.1 95.1 95.1 95.1 95.1 95.1 95.1 95.1 95.1 95.1 95.1 95.1 95.1 95.1 95.1 95.1 95.1 95.1 95.1 95.1 95.1 95.1 77.9 77.9 77.9 77.9 77.9 77.9 77.9 77.9 77.9 77.9 77.9 77.9 77.9 77.9 77.9 77.9 77.9 77.9 77.9 77.9 77.9 77.9 77.9 77.9 77.9 77.9 77.9 77.9 77.9 
106 106 106 106 106 106 106 106 106 106 106 95.1 95.1 95.1 95.1 95.1 95.1 95.1 95.1 95.1 95.1 95.1 95.1 95.1 95.1 95.1 95.1 95.1 95.1 95.1 95.1 95.1 95.1 95.1 95.1 95.1 95.1 95.1 95.1 95.1 95.1 95.1 95.1 95.1 95.1 95.1 95.1 95.1 95.1 95.1 95.1 95.1 95.1 95.1 95.1 95.1 95.1 95.1 95.1 95.1 95.1 95.1 95.1 95.1 95.1 95.1 95.1 95.1 95.1 95.1 95.1 77.9 77.9 77.9 77.9 77.9 77.9 77.9 77.9 77.9 77.9 77.9 77.9 77.9 77.9 77.9 77.9 77.9 77.9 77.9 77.9 77.9 77.9 77.9 77.9 77.9 77.9 77.9 77.9 77.9 
106 106 106 106 106 106 106 106 106 106 106 95.1 95.1 95.1 95.1 95.1 95.1 95.1 95.1 95.1 95.1 95.1 95.1 95.1 95.1 95.1 95.1 95.1 95.1 95.1 95.1 95.1 95.1 95.1 95.1 95.1 95.1 95.1 95.1 95.1 95.1 95.1 95.1 95.1 95.1 95.1 95.1 95.1 95.1 95.1 95.1 95.1 95.1 95.1 95.1 95.1 95.1 95.1 95.1 95.1 95.1 95.1 95.1 95.1 95.1 95.1 95.1 95.1 95.1 95.1 95.1 77.9 77.9 77.9 77.9 77.9 77.9 77.9 77.9 77.9 77.9 77.9 77.9 77.9 77.9 77.9 77.9 77.9 77.9 77.9 77.9 77.9 77.9 77.9 77.9 77.9 77.9 77.9 77.9 77.9 
106 106 106 106 106 106 106 106 106 106 106 95.1 95.1 95.1 95.1 95.1 95.1 95.1 95.1 95.1 95.1 95.1 95.1 95.1 95.1 95.1 95.1 95.1 95.1 95.1 95.1 95.1 95.1 95.1 95.1 95.1 95.1 95.1 95.1 95.1 95.1 95.1 95.1 95.1 95.1 95.1 95.1 95.1 95.1 95.1 95.1 95.1 95.1 95.1 95.1 95.1 95.1 95.1 95.1 95.1 95.1 95.1 95.1 95.1 95.1 95.1 95.1 95.1 95.1 95.1 95.1 77.9 77.9 77.9 77.9 77.9 77.9 77.9 77.9 77.9 77.9 77.9 77.9 77.9 77.9 77.9 77.9 77.9 77.9 77.9 77.9 77.9 77.9 77.9 77.9 77.9 77.9 77.9 77.9 77.9 
106 106 106 106 106 106 106 106 106 106 106 95.1 95.1 95.1 95.1 95.1 95.1 95.1 95.1 95.1 95.1 95.1 95.1 95.1 95.1 95.1 95.1 95.1 95.1 95.1 95.1 95.1 95.1 95.1 95.1 95.1 95.1 95.1 95.1 95.1 95.1 95.1 95.1 95.1 95.1 95.1 95.1 95.1 95.1 95.1 95.1 95.1 95.1 95.1 95.1 95.1 95.1 95.1 95.1 95.1 95.1 95.1 95.1 95.1 95.1 95.1 95.1 95.1 95.1 95.1 95.1 77.9 77.9 77.9 77.9 77.9 77.9 77.9 77.9 77.9 77.9 77.9 77.9 77.9 77.9 77.9 77.9 77.9 77.9 77.9 77.9 77.9 77.9 77.9 77.9 77.9 77.9 77.9 77.9 77.9 
106 106 106 106 106 106 106 106 106 106 106 95.1 95.1 95.1 95.1 95.1 95.1 95.1 95.1 95.1 95.1 95.1 95.1 95.1 95.1 95.1 95.1 95.1 95.1 95.1 95.1 95.1 95.1 95.1 95.1 95.1 95.1 95.1 95.1 95.1 95.1 95.1 95.1 95.1 95.1 95.1 95.1 95.1 95.1 95.1 95.1 95.1 95.1 95.1 95.1 95.1 95.1 95.1 95.1 95.1 95.1 95.1 95.1 95.1 95.1 95.1 95.1 95.1 95.1 95.1 95.1 77.9 77.9 77.9 77.9 77.9 77.9 77.9 77.9 77.9 77.9 77.9 77.9 77.9 77.9 77.9 77.9 77.9 77.9 77.9 77.9 77.9 77.9 77.9 77.9 77.9 77.9 77.9 77.9 77.9 
106 106 106 106 106 106 106 106 106 106 106 95.1 95.1 95.1 95.1 95.1 95.1 95.1 95.1 95.1 95.1 95.1 95.1 95.1 95.1 95.1 95.1 95.1 95.1 95.1 95.1 95.1 95.1 95.1 95.1 95.1 95.1 95.1 95.1 95.1 95.1 95.1 95.1 95.1 95.1 95.1 95.1 95.1 95.1 95.1 95.1 95.1 95.1 95.1 95.1 95.1 95.1 95.1 95.1 95.1 95.1 95.1 95.1 95.1 95.1 95.1 95.1 95.1 95.1 95.1 95.1 77.9 77.9 77.9 77.9 77.9 77.9 77.9 77.9 77.9 77.9 77.9 77.9 77.9 77.9 77.9 77.9 77.9 77.9 77.9 77.9 77.9 77.9 77.9 77.9 77.9 77.9 77.9 77.9 77.9 
106 106 106 106 106 106 106 106 106 106 106 95.1 95.1 95.1 95.1 95.1 95.1 95.1 95.1 95.1 95.1 95.1 95.1 95.1 95.1 95.1 95.1 95.1 95.1 95.1 95.1 95.1 95.1 95.1 95.1 95.1 95.1 95.1 95.1 95.1 95.1 95.1 95.1 95.1 95.1 95.1 95.1 95.1 95.1 95.1 95.1 95.1 95.1 95.1 95.1 95.1 95.1 95.1 95.1 95.1 95.1 95.1 95.1 95.1 95.1 95.1 95.1 95.1 95.1 95.1 95.1 77.9 77.9 77.9 77.9 77.9 77.9 77.9 77.9 77.9 77.9 77.9 77.9 77.9 77.9 77.9 77.9 77.9 77.9 77.9 77.9 77.9 77.9 77.9 77.9 77.9 77.9 77.9 77.9 77.9 
106 106 106 106 106 106 106 106 106 106 106 95.1 95.1 95.1 95.1 95.1 95.1 95.1 95.1 95.1 95.1 95.1 95.1 95.1 95.1 95.1 95.1 95.1 95.1 95.1 95.1 95.1 95.1 95.1 95.1 95.1 95.1 95.1 95.1 95.1 95.1 95.1 95.1 95.1 95.1 95.1 95.1 95.1 95.1 95.1 95.1 95.1 95.1 95.1 95.1 95.1 95.1 95.1 95.1 95.1 95.1 95.1 95.1 95.1 95.1 95.1 95.1 95.1 95.1 95.1 95.1 77.9 77.9 77.9 77.9 77.9 77.9 77.9 77.9 77.9 77.9 77.9 77.9 77.9 77.9 77.9 77.9 77.9 77.9 77.9 77.9 77.9 77.9 77.9 77.9 77.9 77.9 77.9 77.9 77.9 
106 106 106 106 106 106 106 106 106 106 106 95.1 95.1 95.1 95.1 95.1 95.1 95.1 95.1 95.1 95.1 95.1 95.1 95.1 95.1 95.1 95.1 95.1 95.1 95.1 95.1 95.1 95.1 95.1 95.1 95.1 95.1 95.1 95.1 95.1 95.1 95.1 95.1 95.1 95.1 95.1 95.1 95.1 95.1 95.1 95.1 95.1 95.1 95.1 95.1 95.1 95.1 95.1 95.1 95.1 95.1 95.1 95.1 95.1 95.1 95.1 95.1 95.1 95.1 95.1 95.1 77.9 77.9 77.9 77.9 77.9 77.9 77.9 77.9 77.9 77.9 77.9 77.9 77.9 77.9 77.9 77.9 77.9 77.9 77.9 77.9 77.9 77.9 77.9 77.9 77.9 77.9 77.9 77.9 77.9 
135.7 135.7 135.7 135.7 135.7 135.7 135.7 135.7 135.7 135.7 135.7 123 123 123 123 123 123 123 123 123 123 123 123 123 123 123 123 123 123 123 123 123 123 123 123 123 123 123 123 123 123 123 123 123 123 123 123 123 123 123 123 123 123 123 123 123 123 123 123 123 123 123 123 123 123 123 123 123 123 123 123 97.3 97.3 97.3 97.3 97.3 97.3 97.3 97.3 97.3 97.3 97.3 97.3 97.3 97.3 97.3 97.3 97.3 97.3 97.3 97.3 97.3 97.3 97.3 97.3 97.3 97.3 97.3 97.3 97.3 
135.7 135.7 135.7 135.7 135.7 135.7 135.7 135.7 135.7 135.7 135.7 123 123 123 123 123 123 123 123 123 123 123 123 123 123 123 123 123 123 123 123 123 123 123 123 123 123 123 123 123 123 123 123 123 123 123 123 123 123 123 123 123 123 123 123 123 123 123 123 123 123 123 123 123 123 123 123 123 123 123 123 97.3 97.3 97.3 97.3 97.3 97.3 97.3 97.3 97.3 97.3 97.3 97.3 97.3 97.3 97.3 97.3 97.3 97.3 97.3 97.3 97.3 97.3 97.3 97.3 97.3 97.3 97.3 97.3 97.3 
135.7 135.7 135.7 135.7 135.7 135.7 135.7 135.7 135.7 135.7 135.7 123 123 123 123 123 123 123 123 123 123 123 123 123 123 123 123 123 123 123 123 123 123 123 123 123 123 123 123 123 123 123 123 123 123 123 123 123 123 123 123 123 123 123 123 123 123 123 123 123 123 123 123 123 123 123 123 123 123 123 123 97.3 97.3 97.3 97.3 97.3 97.3 97.3 97.3 97.3 97.3 97.3 97.3 97.3 97.3 97.3 97.3 97.3 97.3 97.3 97.3 97.3 97.3 97.3 97.3 97.3 97.3 97.3 97.3 97.3 
135.7 135.7 135.7 135.7 135.7 135.7 135.7 135.7 135.7 135.7 135.7 123 123 123 123 123 123 123 123 123 123 123 123 123 123 123 123 123 123 123 123 123 123 123 123 123 123 123 123 123 123 123 123 123 123 123 123 123 123 123 123 123 123 123 123 123 123 123 123 123 123 123 123 123 123 123 123 123 123 123 123 97.3 97.3 97.3 97.3 97.3 97.3 97.3 97.3 97.3 97.3 97.3 97.3 97.3 97.3 97.3 97.3 97.3 97.3 97.3 97.3 97.3 97.3 97.3 97.3 97.3 97.3 97.3 97.3 97.3 
135.7 135.7 135.7 135.7 135.7 135.7 135.7 135.7 135.7 135.7 135.7 123 123 123 123 123 123 123 123 123 123 123 123 123 123 123 123 123 123 123 123 123 123 123 123 123 123 123 123 123 123 123 123 123 123 123 123 123 123 123 123 123 123 123 123 123 123 123 123 123 123 123 123 123 123 123 123 123 123 123 123 97.3 97.3 97.3 97.3 97.3 97.3 97.3 97.3 97.3 97.3 97.3 97.3 97.3 97.3 97.3 97.3 97.3 97.3 97.3 97.3 97.3 97.3 97.3 97.3 97.3 97.3 97.3 97.3 97.3 
135.7 135.7 135.7 135.7 135.7 135.7 135.7 135.7 135.7 135.7 135.7 123 123 123 123 123 123 123 123 123 123 123 123 123 123 123 123 123 123 123 123 123 123 123 123 123 123 123 123 123 123 123 123 123 123 123 123 123 123 123 123 123 123 123 123 123 123 123 123 123 123 123 123 123 123 123 123 123 123 123 123 97.3 97.3 97.3 97.3 97.3 97.3 97.3 97.3 97.3 97.3 97.3 97.3 97.3 97.3 97.3 97.3 97.3 97.3 97.3 97.3 97.3 97.3 97.3 97.3 97.3 97.3 97.3 97.3 97.3 
135.7 135.7 135.7 135.7 135.7 135.7 135.7 135.7 135.7 135.7 135.7 123 123 123 123 123 123 123 123 123 123 123 123 123 123 123 123 123 123 123 123 123 123 123 123 123 123 123 123 123 123 123 123 123 123 123 123 123 123 123 123 123 123 123 123 123 123 123 123 123 123 123 123 123 123 123 123 123 123 123 123 97.3 97.3 97.3 97.3 97.3 97.3 97.3 97.3 97.3 97.3 97.3 97.3 97.3 97.3 97.3 97.3 97.3 97.3 97.3 97.3 97.3 97.3 97.3 97.3 97.3 97.3 97.3 97.3 97.3 
135.7 135.7 135.7 135.7 135.7 135.7 135.7 135.7 135.7 135.7 135.7 123 123 123 123 123 123 123 123 123 123 123 123 123 123 123 123 123 123 123 123 123 123 123 123 123 123 123 123 123 123 123 123 123 123 123 123 123 123 123 123 123 123 123 123 123 123 123 123 123 123 123 123 123 123 123 123 123 123 123 123 97.3 97.3 97.3 97.3 97.3 97.3 97.3 97.3 97.3 97.3 97.3 97.3 97.3 97.3 97.3 97.3 97.3 97.3 97.3 97.3 97.3 97.3 97.3 97.3 97.3 97.3 97.3 97.3 97.3 
135.7 135.7 135.7 135.7 135.7 135.7 135.7 135.7 135.7 135.7 135.7 123 123 123 123 123 123 123 123 123 123 123 123 123 123 123 123 123 123 123 123 123 123 123 123 123 123 123 123 123 123 123 123 123 123 123 123 123 123 123 123 123 123 123 123 123 123 123 123 123 123 123 123 123 123 123 123 123 123 123 123 97.3 97.3 97.3 97.3 97.3 97.3 97.3 97.3 97.3 97.3 97.3 97.3 97.3 97.3 97.3 97.3 97.3 97.3 97.3 97.3 97.3 97.3 97.3 97.3 97.3 97.3 97.3 97.3 97.3 
135.7 135.7 135.7 135.7 135.7 135.7 135.7 135.7 135.7 135.7 135.7 123 123 123 123 123 123 123 123 123 123 123 123 123 123 123 123 123 123 123 123 123 123 123 123 123 123 123 123 123 123 123 123 123 123 123 123 123 123 123 123 123 123 123 123 123 123 123 123 123 123 123 123 123 123 123 123 123 123 123 123 97.3 97.3 97.3 97.3 97.3 97.3 97.3 97.3 97.3 97.3 97.3 97.3 97.3 97.3 97.3 97.3 97.3 97.3 97.3 97.3 97.3 97.3 97.3 97.3 97.3 97.3 97.3 97.3 97.3 
135.7 135.7 135.7 135.7 135.7 135.7 135.7 135.7 135.7 135.7 135.7 123 123 123 123 123 123 123 123 123 123 123 123 123 123 123 123 123 123 123 123 123 123 123 123 123 123 123 123 123 123 123 123 123 123 123 123 123 123 123 123 123 123 123 123 123 123 123 123 123 123 123 123 123 123 123 123 123 123 123 123 97.3 97.3 97.3 97.3 97.3 97.3 97.3 97.3 97.3 97.3 97.3 97.3 97.3 97.3 97.3 97.3 97.3 97.3 97.3 97.3 97.3 97.3 97.3 97.3 97.3 97.3 97.3 97.3 97.3 
135.7 135.7 135.7 135.7 135.7 135.7 135.7 135.7 135.7 135.7 135.7 123 123 123 123 123 123 123 123 123 123 123 123 123 123 123 123 123 123 123 123 123 123 123 123 123 123 123 123 123 123 123 123 123 123 123 123 123 123 123 123 123 123 123 123 123 123 123 123 123 123 123 123 123 123 123 123 123 123 123 123 97.3 97.3 97.3 97.3 97.3 97.3 97.3 97.3 97.3 97.3 97.3 97.3 97.3 97.3 97.3 97.3 97.3 97.3 97.3 97.3 97.3 97.3 97.3 97.3 97.3 97.3 97.3 97.3 97.3 
135.7 135.7 135.7 135.7 135.7 135.7 135.7 135.7 135.7 135.7 135.7 123 123 123 123 123 123 123 123 123 123 123 123 123 123 123 123 123 123 123 123 123 123 123 123 123 123 123 123 123 123 123 123 123 123 123 123 123 123 123 123 123 123 123 123 123 123 123 123 123 123 123 123 123 123 123 123 123 123 123 123 97.3 97.3 97.3 97.3 97.3 97.3 97.3 97.3 97.3 97.3 97.3 97.3 97.3 97.3 97.3 97.3 97.3 97.3 97.3 97.3 97.3 97.3 97.3 97.3 97.3 97.3 97.3 97.3 97.3 
135.7 135.7 135.7 135.7 135.7 135.7 135.7 135.7 135.7 135.7 135.7 123 123 123 123 123 123 123 123 123 123 123 123 123 123 123 123 123 123 123 123 123 123 123 123 123 123 123 123 123 123 123 123 123 123 123 123 123 123 123 123 123 123 123 123 123 123 123 123 123 123 123 123 123 123 123 123 123 123 123 123 97.3 97.3 97.3 97.3 97.3 97.3 97.3 97.3 97.3 97.3 97.3 97.3 97.3 97.3 97.3 97.3 97.3 97.3 97.3 97.3 97.3 97.3 97.3 97.3 97.3 97.3 97.3 97.3 97.3 
135.7 135.7 135.7 135.7 135.7 135.7 135.7 135.7 135.7 135.7 135.7 123 123 123 123 123 123 123 123 123 123 123 123 123 123 123 123 123 123 123 123 123 123 123 123 123 123 123 123 123 123 123 123 123 123 123 123 123 123 123 123 123 123 123 123 123 123 123 123 123 123 123 123 123 123 123 123 123 123 123 123 97.3 97.3 97.3 97.3 97.3 97.3 97.3 97.3 97.3 97.3 97.3 97.3 97.3 97.3 97.3 97.3 97.3 97.3 97.3 97.3 97.3 97.3 97.3 97.3 97.3 97.3 97.3 97.3 97.3 
135.7 135.7 135.7 135.7 135.7 135.7 135.7 135.7 135.7 135.7 135.7 123 123 123 123 123 123 123 123 123 123 123 123 123 123 123 123 123 123 123 123 123 123 123 123 123 123 123 123 123 123 123 123 123 123 123 123 123 123 123 123 123 123 123 123 123 123 123 123 123 123 123 123 123 123 123 123 123 123 123 123 97.3 97.3 97.3 97.3 97.3 97.3 97.3 97.3 97.3 97.3 97.3 97.3 97.3 97.3 97.3 97.3 97.3 97.3 97.3 97.3 97.3 97.3 97.3 97.3 97.3 97.3 97.3 97.3 97.3 
135.7 135.7 135.7 135.7 135.7 135.7 135.7 135.7 135.7 135.7 135.7 123 123 123 123 123 123 123 123 123 123 123 123 123 123 123 123 123 123 123 123 123 123 123 123 123 123 123 123 123 123 123 123 123 123 123 123 123 123 123 123 123 123 123 123 123 123 123 123 123 123 123 123 123 123 123 123 123 123 123 123 97.3 97.3 97.3 97.3 97.3 97.3 97.3 97.3 97.3 97.3 97.3 97.3 97.3 97.3 97.3 97.3 97.3 97.3 97.3 97.3 97.3 97.3 97.3 97.3 97.3 97.3 97.3 97.3 97.3 
135.7 135.7 135.7 135.7 135.7 135.7 135.7 135.7 135.7 135.7 135.7 123 123 123 123 123 123 123 123 123 123 123 123 123 123 123 123 123 123 123 123 123 123 123 123 123 123 123 123 123 123 123 123 123 123 123 123 123 123 123 123 123 123 123 123 123 123 123 123 123 123 123 123 123 123 123 123 123 123 123 123 97.3 97.3 97.3 97.3 97.3 97.3 97.3 97.3 97.3 97.3 97.3 97.3 97.3 97.3 97.3 97.3 97.3 97.3 97.3 97.3 97.3 97.3 97.3 97.3 97.3 97.3 97.3 97.3 97.3 
135.7 135.7 135.7 135.7 135.7 135.7 135.7 135.7 135.7 135.7 135.7 123 123 123 123 123 123 123 123 123 123 123 123 123 123 123 123 123 123 123 123 123 123 123 123 123 123 123 123 123 123 123 123 123 123 123 123 123 123 123 123 123 123 123 123 123 123 123 123 123 123 123 123 123 123 123 123 123 123 123 123 97.3 97.3 97.3 97.3 97.3 97.3 97.3 97.3 97.3 97.3 97.3 97.3 97.3 97.3 97.3 97.3 97.3 97.3 97.3 97.3 97.3 97.3 97.3 97.3 97.3 97.3 97.3 97.3 97.3 
135.7 135.7 135.7 135.7 135.7 135.7 135.7 135.7 135.7 135.7 135.7 123 123 123 123 123 123 123 123 123 123 123 123 123 123 123 123 123 123 123 123 123 123 123 123 123 123 123 123 123 123 123 123 123 123 123 123 123 123 123 123 123 123 123 123 123 123 123 123 123 123 123 123 123 123 123 123 123 123 123 123 97.3 97.3 97.3 97.3 97.3 97.3 97.3 97.3 97.3 97.3 97.3 97.3 97.3 97.3 97.3 97.3 97.3 97.3 97.3 97.3 97.3 97.3 97.3 97.3 97.3 97.3 97.3 97.3 97.3 
135.7 135.7 135.7 135.7 135.7 135.7 135.7 135.7 135.7 135.7 135.7 123 123 123 123 123 123 123 123 123 123 123 123 123 123 123 123 123 123 123 123 123 123 123 123 123 123 123 123 123 123 123 123 123 123 123 123 123 123 123 123 123 123 123 123 123 123 123 123 123 123 123 123 123 123 123 123 123 123 123 123 97.3 97.3 97.3 97.3 97.3 97.3 97.3 97.3 97.3 97.3 97.3 97.3 97.3 97.3 97.3 97.3 97.3 97.3 97.3 97.3 97.3 97.3 97.3 97.3 97.3 97.3 97.3 97.3 97.3 
135.7 135.7 135.7 135.7 135.7 135.7 135.7 135.7 135.7 135.7 135.7 123 123 123 123 123 123 123 123 123 123 123 123 123 123 123 123 123 123 123 123 123 123 123 123 123 123 123 123 123 123 123 123 123 123 123 123 123 123 123 123 123 123 123 123 123 123 123 123 123 123 123 123 123 123 123 123 123 123 123 123 97.3 97.3 97.3 97.3 97.3 97.3 97.3 97.3 97.3 97.3 97.3 97.3 97.3 97.3 97.3 97.3 97.3 97.3 97.3 97.3 97.3 97.3 97.3 97.3 97.3 97.3 97.3 97.3 97.3 
135.7 135.7 135.7 135.7 135.7 135.7 135.7 135.7 135.7 135.7 135.7 123 123 123 123 123 123 123 123 123 123 123 123 123 123 123 123 123 123 123 123 123 123 123 123 123 123 123 123 123 123 123 123 123 123 123 123 123 123 123 123 123 123 123 123 123 123 123 123 123 123 123 123 123 123 123 123 123 123 123 123 97.3 97.3 97.3 97.3 97.3 97.3 97.3 97.3 97.3 97.3 97.3 97.3 97.3 97.3 97.3 97.3 97.3 97.3 97.3 97.3 97.3 97.3 97.3 97.3 97.3 97.3 97.3 97.3 97.3 
135.7 135.7 135.7 135.7 135.7 135.7 135.7 135.7 135.7 135.7 135.7 123 123 123 123 123 123 123 123 123 123 123 123 123 123 123 123 123 123 123 123 123 123 123 123 123 123 123 123 123 123 123 123 123 123 123 123 123 123 123 123 123 123 123 123 123 123 123 123 123 123 123 123 123 123 123 123 123 123 123 123 97.3 97.3 97.3 97.3 97.3 97.3 97.3 97.3 97.3 97.3 97.3 97.3 97.3 97.3 97.3 97.3 97.3 97.3 97.3 97.3 97.3 97.3 97.3 97.3 97.3 97.3 97.3 97.3 97.3 
135.7 135.7 135.7 135.7 135.7 135.7 135.7 135.7 135.7 135.7 135.7 123 123 123 123 123 123 123 123 123 123 123 123 123 123 123 123 123 123 123 123 123 123 123 123 123 123 123 123 123 123 123 123 123 123 123 123 123 123 123 123 123 123 123 123 123 123 123 123 123 123 123 123 123 123 123 123 123 123 123 123 97.3 97.3 97.3 97.3 97.3 97.3 97.3 97.3 97.3 97.3 97.3 97.3 97.3 97.3 97.3 97.3 97.3 97.3 97.3 97.3 97.3 97.3 97.3 97.3 97.3 97.3 97.3 97.3 97.3 
135.7 135.7 135.7 135.7 135.7 135.7 135.7 135.7 135.7 135.7 135.7 123 123 123 123 123 123 123 123 123 123 123 123 123 123 123 123 123 123 123 123 123 123 123 123 123 123 123 123 123 123 123 123 123 123 123 123 123 123 123 123 123 123 123 123 123 123 123 123 123 123 123 123 123 123 123 123 123 123 123 123 97.3 97.3 97.3 97.3 97.3 97.3 97.3 97.3 97.3 97.3 97.3 97.3 97.3 97.3 97.3 97.3 97.3 97.3 97.3 97.3 97.3 97.3 97.3 97.3 97.3 97.3 97.3 97.3 97.3 
135.7 135.7 135.7 135.7 135.7 135.7 135.7 135.7 135.7 135.7 135.7 123 123 123 123 123 123 123 123 123 123 123 123 123 123 123 123 123 123 123 123 123 123 123 123 123 123 123 123 123 123 123 123 123 123 123 123 123 123 123 123 123 123 123 123 123 123 123 123 123 123 123 123 123 123 123 123 123 123 123 123 97.3 97.3 97.3 97.3 97.3 97.3 97.3 97.3 97.3 97.3 97.3 97.3 97.3 97.3 97.3 97.3 97.3 97.3 97.3 97.3 97.3 97.3 97.3 97.3 97.3 97.3 97.3 97.3 97.3 
135.7 135.7 135.7 135.7 135.7 135.7 135.7 135.7 135.7 135.7 135.7 123 123 123 123 123 123 123 123 123 123 123 123 123 123 123 123 123 123 123 123 123 123 123 123 123 123 123 123 123 123 123 123 123 123 123 123 123 123 123 123 123 123 123 123 123 123 123 123 123 123 123 123 123 123 123 123 123 123 123 123 97.3 97.3 97.3 97.3 97.3 97.3 97.3 97.3 97.3 97.3 97.3 97.3 97.3 97.3 97.3 97.3 97.3 97.3 97.3 97.3 97.3 97.3 97.3 97.3 97.3 97.3 97.3 97.3 97.3 
135.7 135.7 135.7 135.7 135.7 135.7 135.7 135.7 135.7 135.7 135.7 123 123 123 123 123 123 123 123 123 123 123 123 123 123 123 123 123 123 123 123 123 123 123 123 123 123 123 123 123 123 123 123 123 123 123 123 123 123 123 123 123 123 123 123 123 123 123 123 123 123 123 123 123 123 123 123 123 123 123 123 97.3 97.3 97.3 97.3 97.3 97.3 97.3 97.3 97.3 97.3 97.3 97.3 97.3 97.3 97.3 97.3 97.3 97.3 97.3 97.3 97.3 97.3 97.3 97.3 97.3 97.3 97.3 97.3 97.3 
135.7 135.7 135.7 135.7 135.7 135.7 135.7 135.7 135.7 135.7 135.7 123 123 123 123 123 123 123 123 123 123 123 123 123 123 123 123 123 123 123 123 123 123 123 123 123 123 123 123 123 123 123 123 123 123 123 123 123 123 123 123 123 123 123 123 123 123 123 123 123 123 123 123 123 123 123 123 123 123 123 123 97.3 97.3 97.3 97.3 97.3 97.3 97.3 97.3 97.3 97.3 97.3 97.3 97.3 97.3 97.3 97.3 97.3 97.3 97.3 97.3 97.3 97.3 97.3 97.3 97.3 97.3 97.3 97.3 97.3 
135.7 135.7 135.7 135.7 135.7 135.7 135.7 135.7 135.7 135.7 135.7 123 123 123 123 123 123 123 123 123 123 123 123 123 123 123 123 123 123 123 123 123 123 123 123 123 123 123 123 123 123 123 123 123 123 123 123 123 123 123 123 123 123 123 123 123 123 123 123 123 123 123 123 123 123 123 123 123 123 123 123 97.3 97.3 97.3 97.3 97.3 97.3 97.3 97.3 97.3 97.3 97.3 97.3 97.3 97.3 97.3 97.3 97.3 97.3 97.3 97.3 97.3 97.3 97.3 97.3 97.3 97.3 97.3 97.3 97.3 
