ncols         100
nrows         100
xllcorner     -59982.863281
yllcorner     1851083.022172
cellsize      1000
NODATA_value  -9999
2.88 2.88 2.88 2.88 2.88 2.88 2.88 2.88 2.88 2.88 2.88 2.18 2.18 2.18 2.18 2.18 2.18 2.18 2.18 2.18 2.18 2.18 2.18 2.18 2.18 2.18 2.18 2.18 2.18 2.18 2.18 2.18 2.18 2.18 2.18 2.18 2.18 2.18 2.18 2.18 2.18 2.18 2.18 2.18 2.18 2.18 2.18 2.18 2.18 2.18 2.18 2.18 2.18 2.18 2.18 2.18 2.18 2.18 2.18 2.18 2.18 2.18 2.18 2.18 2.18 2.18 2.18 2.18 2.18 2.18 2.18 2.34 2.34 2.34 2.34 2.34 2.34 2.34 2.34 2.34 2.34 2.34 2.34 2.34 2.34 2.34 2.34 2.34 2.34 2.34 2.34 2.34 2.34 2.34 2.34 2.34 2.34 2.34 2.34 2.34 
2.88 2.88 2.88 2.88 2.88 2.88 2.88 2.88 2.88 2.88 2.88 2.18 2.18 2.18 2.18 2.18 2.18 2.18 2.18 2.18 2.18 2.18 2.18 2.18 2.18 2.18 2.18 2.18 2.18 2.18 2.18 2.18 2.18 2.18 2.18 2.18 2.18 2.18 2.18 2.18 2.18 2.18 2.18 2.18 2.18 2.18 2.18 2.18 2.18 2.18 2.18 2.18 2.18 2.18 2.18 2.18 2.18 2.18 2.18 2.18 2.18 2.18 2.18 2.18 2.18 2.18 2.18 2.18 2.18 2.18 2.18 2.34 2.34 2.34 2.34 2.34 2.34 2.34 2.34 2.34 2.34 2.34 2.34 2.34 2.34 2.34 2.34 2.34 2.34 2.34 2.34 2.34 2.34 2.34 2.34 2.34 2.34 2.34 2.34 2.34 
2.88 2.88 2.88 2.88 2.88 2.88 2.88 2.88 2.88 2.88 2.88 2.18 2.18 2.18 2.18 2.18 2.18 2.18 2.18 2.18 2.18 2.18 2.18 2.18 2.18 2.18 2.18 2.18 2.18 2.18 2.18 2.18 2.18 2.18 2.18 2.18 2.18 2.18 2.18 2.18 2.18 2.18 2.18 2.18 2.18 2.18 2.18 2.18 2.18 2.18 2.18 2.18 2.18 2.18 2.18 2.18 2.18 2.18 2.18 2.18 2.18 2.18 2.18 2.18 2.18 2.18 2.18 2.18 2.18 2.18 2.18 2.34 2.34 2.34 2.34 2.34 2.34 2.34 2.34 2.34 2.34 2.34 2.34 2.34 2.34 2.34 2.34 2.34 2.34 2.34 2.34 2.34 2.34 2.34 2.34 2.34 2.34 2.34 2.34 2.34 
2.88 2.88 2.88 2.88 2.88 2.88 2.88 2.88 2.88 2.88 2.88 2.18 2.18 2.18 2.18 2.18 2.18 2.18 2.18 2.18 2.18 2.18 2.18 2.18 2.18 2.18 2.18 2.18 2.18 2.18 2.18 2.18 2.18 2.18 2.18 2.18 2.18 2.18 2.18 2.18 2.18 2.18 2.18 2.18 2.18 2.18 2.18 2.18 2.18 2.18 2.18 2.18 2.18 2.18 2.18 2.18 2.18 2.18 2.18 2.18 2.18 2.18 2.18 2.18 2.18 2.18 2.18 2.18 2.18 2.18 2.18 2.34 2.34 2.34 2.34 2.34 2.34 2.34 2.34 2.34 2.34 2.34 2.34 2.34 2.34 2.34 2.34 2.34 2.34 2.34 2.34 2.34 2.34 2.34 2.34 2.34 2.34 2.34 2.34 2.34 
2.88 2.88 2.88 2.88 2.88 2.88 2.88 2.88 2.88 2.88 2.88 2.18 2.18 2.18 2.18 2.18 2.18 2.18 2.18 2.18 2.18 2.18 2.18 2.18 2.18 2.18 2.18 2.18 2.18 2.18 2.18 2.18 2.18 2.18 2.18 2.18 2.18 2.18 2.18 2.18 2.18 2.18 2.18 2.18 2.18 2.18 2.18 2.18 2.18 2.18 2.18 2.18 2.18 2.18 2.18 2.18 2.18 2.18 2.18 2.18 2.18 2.18 2.18 2.18 2.18 2.18 2.18 2.18 2.18 2.18 2.18 2.34 2.34 2.34 2.34 2.34 2.34 2.34 2.34 2.34 2.34 2.34 2.34 2.34 2.34 2.34 2.34 2.34 2.34 2.34 2.34 2.34 2.34 2.34 2.34 2.34 2.34 2.34 2.34 2.34 
2.88 2.88 2.88 2.88 2.88 2.88 2.88 2.88 2.88 2.88 2.88 2.18 2.18 2.18 2.18 2.18 2.18 2.18 2.18 2.18 2.18 2.18 2.18 2.18 2.18 2.18 2.18 2.18 2.18 2.18 2.18 2.18 2.18 2.18 2.18 2.18 2.18 2.18 2.18 2.18 2.18 2.18 2.18 2.18 2.18 2.18 2.18 2.18 2.18 2.18 2.18 2.18 2.18 2.18 2.18 2.18 2.18 2.18 2.18 2.18 2.18 2.18 2.18 2.18 2.18 2.18 2.18 2.18 2.18 2.18 2.18 2.34 2.34 2.34 2.34 2.34 2.34 2.34 2.34 2.34 2.34 2.34 2.34 2.34 2.34 2.34 2.34 2.34 2.34 2.34 2.34 2.34 2.34 2.34 2.34 2.34 2.34 2.34 2.34 2.34 
2.88 2.88 2.88 2.88 2.88 2.88 2.88 2.88 2.88 2.88 2.88 2.18 2.18 2.18 2.18 2.18 2.18 2.18 2.18 2.18 2.18 2.18 2.18 2.18 2.18 2.18 2.18 2.18 2.18 2.18 2.18 2.18 2.18 2.18 2.18 2.18 2.18 2.18 2.18 2.18 2.18 2.18 2.18 2.18 2.18 2.18 2.18 2.18 2.18 2.18 2.18 2.18 2.18 2.18 2.18 2.18 2.18 2.18 2.18 2.18 2.18 2.18 2.18 2.18 2.18 2.18 2.18 2.18 2.18 2.18 2.18 2.34 2.34 2.34 2.34 2.34 2.34 2.34 2.34 2.34 2.34 2.34 2.34 2.34 2.34 2.34 2.34 2.34 2.34 2.34 2.34 2.34 2.34 2.34 2.34 2.34 2.34 2.34 2.34 2.34 
2.88 2.88 2.88 2.88 2.88 2.88 2.88 2.88 2.88 2.88 2.88 2.18 2.18 2.18 2.18 2.18 2.18 2.18 2.18 2.18 2.18 2.18 2.18 2.18 2.18 2.18 2.18 2.18 2.18 2.18 2.18 2.18 2.18 2.18 2.18 2.18 2.18 2.18 2.18 2.18 2.18 2.18 2.18 2.18 2.18 2.18 2.18 2.18 2.18 2.18 2.18 2.18 2.18 2.18 2.18 2.18 2.18 2.18 2.18 2.18 2.18 2.18 2.18 2.18 2.18 2.18 2.18 2.18 2.18 2.18 2.18 2.34 2.34 2.34 2.34 2.34 2.34 2.34 2.34 2.34 2.34 2.34 2.34 2.34 2.34 2.34 2.34 2.34 2.34 2.34 2.34 2.34 2.34 2.34 2.34 2.34 2.34 2.34 2.34 2.34 
2.88 2.88 2.88 2.88 2.88 2.88 2.88 2.88 2.88 2.88 2.88 2.18 2.18 2.18 2.18 2.18 2.18 2.18 2.18 2.18 2.18 2.18 2.18 2.18 2.18 2.18 2.18 2.18 2.18 2.18 2.18 2.18 2.18 2.18 2.18 2.18 2.18 2.18 2.18 2.18 2.18 2.18 2.18 2.18 2.18 2.18 2.18 2.18 2.18 2.18 2.18 2.18 2.18 2.18 2.18 2.18 2.18 2.18 2.18 2.18 2.18 2.18 2.18 2.18 2.18 2.18 2.18 2.18 2.18 2.18 2.18 2.34 2.34 2.34 2.34 2.34 2.34 2.34 2.34 2.34 2.34 2.34 2.34 2.34 2.34 2.34 2.34 2.34 2.34 2.34 2.34 2.34 2.34 2.34 2.34 2.34 2.34 2.34 2.34 2.34 
3.1 3.1 3.1 3.1 3.1 3.1 3.1 3.1 3.1 3.1 3.1 3.38 3.38 3.38 3.38 3.38 3.38 3.38 3.38 3.38 3.38 3.38 3.38 3.38 3.38 3.38 3.38 3.38 3.38 3.38 3.38 3.38 3.38 3.38 3.38 3.38 3.38 3.38 3.38 3.38 3.38 3.38 3.38 3.38 3.38 3.38 3.38 3.38 3.38 3.38 3.38 3.38 3.38 3.38 3.38 3.38 3.38 3.38 3.38 3.38 3.38 3.38 3.38 3.38 3.38 3.38 3.38 3.38 3.38 3.38 3.38 3.92 3.92 3.92 3.92 3.92 3.92 3.92 3.92 3.92 3.92 3.92 3.92 3.92 3.92 3.92 3.92 3.92 3.92 3.92 3.92 3.92 3.92 3.92 3.92 3.92 3.92 3.92 3.92 3.92 
3.1 3.1 3.1 3.1 3.1 3.1 3.1 3.1 3.1 3.1 3.1 3.38 3.38 3.38 3.38 3.38 3.38 3.38 3.38 3.38 3.38 3.38 3.38 3.38 3.38 3.38 3.38 3.38 3.38 3.38 3.38 3.38 3.38 3.38 3.38 3.38 3.38 3.38 3.38 3.38 3.38 3.38 3.38 3.38 3.38 3.38 3.38 3.38 3.38 3.38 3.38 3.38 3.38 3.38 3.38 3.38 3.38 3.38 3.38 3.38 3.38 3.38 3.38 3.38 3.38 3.38 3.38 3.38 3.38 3.38 3.38 3.92 3.92 3.92 3.92 3.92 3.92 3.92 3.92 3.92 3.92 3.92 3.92 3.92 3.92 3.92 3.92 3.92 3.92 3.92 3.92 3.92 3.92 3.92 3.92 3.92 3.92 3.92 3.92 3.92 
3.1 3.1 3.1 3.1 3.1 3.1 3.1 3.1 3.1 3.1 3.1 3.38 3.38 3.38 3.38 3.38 3.38 3.38 3.38 3.38 3.38 3.38 3.38 3.38 3.38 3.38 3.38 3.38 3.38 3.38 3.38 3.38 3.38 3.38 3.38 3.38 3.38 3.38 3.38 3.38 3.38 3.38 3.38 3.38 3.38 3.38 3.38 3.38 3.38 3.38 3.38 3.38 3.38 3.38 3.38 3.38 3.38 3.38 3.38 3.38 3.38 3.38 3.38 3.38 3.38 3.38 3.38 3.38 3.38 3.38 3.38 3.92 3.92 3.92 3.92 3.92 3.92 3.92 3.92 3.92 3.92 3.92 3.92 3.92 3.92 3.92 3.92 3.92 3.92 3.92 3.92 3.92 3.92 3.92 3.92 3.92 3.92 3.92 3.92 3.92 
3.1 3.1 3.1 3.1 3.1 3.1 3.1 3.1 3.1 3.1 3.1 3.38 3.38 3.38 3.38 3.38 3.38 3.38 3.38 3.38 3.38 3.38 3.38 3.38 3.38 3.38 3.38 3.38 3.38 3.38 3.38 3.38 3.38 3.38 3.38 3.38 3.38 3.38 3.38 3.38 3.38 3.38 3.38 3.38 3.38 3.38 3.38 3.38 3.38 3.38 3.38 3.38 3.38 3.38 3.38 3.38 3.38 3.38 3.38 3.38 3.38 3.38 3.38 3.38 3.38 3.38 3.38 3.38 3.38 3.38 3.38 3.92 3.92 3.92 3.92 3.92 3.92 3.92 3.92 3.92 3.92 3.92 3.92 3.92 3.92 3.92 3.92 3.92 3.92 3.92 3.92 3.92 3.92 3.92 3.92 3.92 3.92 3.92 3.92 3.92 
3.1 3.1 3.1 3.1 3.1 3.1 3.1 3.1 3.1 3.1 3.1 3.38 3.38 3.38 3.38 3.38 3.38 3.38 3.38 3.38 3.38 3.38 3.38 3.38 3.38 3.38 3.38 3.38 3.38 3.38 3.38 3.38 3.38 3.38 3.38 3.38 3.38 3.38 3.38 3.38 3.38 3.38 3.38 3.38 3.38 3.38 3.38 3.38 3.38 3.38 3.38 3.38 3.38 3.38 3.38 3.38 3.38 3.38 3.38 3.38 3.38 3.38 3.38 3.38 3.38 3.38 3.38 3.38 3.38 3.38 3.38 3.92 3.92 3.92 3.92 3.92 3.92 3.92 3.92 3.92 3.92 3.92 3.92 3.92 3.92 3.92 3.92 3.92 3.92 3.92 3.92 3.92 3.92 3.92 3.92 3.92 3.92 3.92 3.92 3.92 
3.1 3.1 3.1 3.1 3.1 3.1 3.1 3.1 3.1 3.1 3.1 3.38 3.38 3.38 3.38 3.38 3.38 3.38 3.38 3.38 3.38 3.38 3.38 3.38 3.38 3.38 3.38 3.38 3.38 3.38 3.38 3.38 3.38 3.38 3.38 3.38 3.38 3.38 3.38 3.38 3.38 3.38 3.38 3.38 3.38 3.38 3.38 3.38 3.38 3.38 3.38 3.38 3.38 3.38 3.38 3.38 3.38 3.38 3.38 3.38 3.38 3.38 3.38 3.38 3.38 3.38 3.38 3.38 3.38 3.38 3.38 3.92 3.92 3.92 3.92 3.92 3.92 3.92 3.92 3.92 3.92 3.92 3.92 3.92 3.92 3.92 3.92 3.92 3.92 3.92 3.92 3.92 3.92 3.92 3.92 3.92 3.92 3.92 3.92 3.92 
3.1 3.1 3.1 3.1 3.1 3.1 3.1 3.1 3.1 3.1 3.1 3.38 3.38 3.38 3.38 3.38 3.38 3.38 3.38 3.38 3.38 3.38 3.38 3.38 3.38 3.38 3.38 3.38 3.38 3.38 3.38 3.38 3.38 3.38 3.38 3.38 3.38 3.38 3.38 3.38 3.38 3.38 3.38 3.38 3.38 3.38 3.38 3.38 3.38 3.38 3.38 3.38 3.38 3.38 3.38 3.38 3.38 3.38 3.38 3.38 3.38 3.38 3.38 3.38 3.38 3.38 3.38 3.38 3.38 3.38 3.38 3.92 3.92 3.92 3.92 3.92 3.92 3.92 3.92 3.92 3.92 3.92 3.92 3.92 3.92 3.92 3.92 3.92 3.92 3.92 3.92 3.92 3.92 3.92 3.92 3.92 3.92 3.92 3.92 3.92 
3.1 3.1 3.1 3.1 3.1 3.1 3.1 3.1 3.1 3.1 3.1 3.38 3.38 3.38 3.38 3.38 3.38 3.38 3.38 3.38 3.38 3.38 3.38 3.38 3.38 3.38 3.38 3.38 3.38 3.38 3.38 3.38 3.38 3.38 3.38 3.38 3.38 3.38 3.38 3.38 3.38 3.38 3.38 3.38 3.38 3.38 3.38 3.38 3.38 3.38 3.38 3.38 3.38 3.38 3.38 3.38 3.38 3.38 3.38 3.38 3.38 3.38 3.38 3.38 3.38 3.38 3.38 3.38 3.38 3.38 3.38 3.92 3.92 3.92 3.92 3.92 3.92 3.92 3.92 3.92 3.92 3.92 3.92 3.92 3.92 3.92 3.92 3.92 3.92 3.92 3.92 3.92 3.92 3.92 3.92 3.92 3.92 3.92 3.92 3.92 
3.1 3.1 3.1 3.1 3.1 3.1 3.1 3.1 3.1 3.1 3.1 3.38 3.38 3.38 3.38 3.38 3.38 3.38 3.38 3.38 3.38 3.38 3.38 3.38 3.38 3.38 3.38 3.38 3.38 3.38 3.38 3.38 3.38 3.38 3.38 3.38 3.38 3.38 3.38 3.38 3.38 3.38 3.38 3.38 3.38 3.38 3.38 3.38 3.38 3.38 3.38 3.38 3.38 3.38 3.38 3.38 3.38 3.38 3.38 3.38 3.38 3.38 3.38 3.38 3.38 3.38 3.38 3.38 3.38 3.38 3.38 3.92 3.92 3.92 3.92 3.92 3.92 3.92 3.92 3.92 3.92 3.92 3.92 3.92 3.92 3.92 3.92 3.92 3.92 3.92 3.92 3.92 3.92 3.92 3.92 3.92 3.92 3.92 3.92 3.92 
3.1 3.1 3.1 3.1 3.1 3.1 3.1 3.1 3.1 3.1 3.1 3.38 3.38 3.38 3.38 3.38 3.38 3.38 3.38 3.38 3.38 3.38 3.38 3.38 3.38 3.38 3.38 3.38 3.38 3.38 3.38 3.38 3.38 3.38 3.38 3.38 3.38 3.38 3.38 3.38 3.38 3.38 3.38 3.38 3.38 3.38 3.38 3.38 3.38 3.38 3.38 3.38 3.38 3.38 3.38 3.38 3.38 3.38 3.38 3.38 3.38 3.38 3.38 3.38 3.38 3.38 3.38 3.38 3.38 3.38 3.38 3.92 3.92 3.92 3.92 3.92 3.92 3.92 3.92 3.92 3.92 3.92 3.92 3.92 3.92 3.92 3.92 3.92 3.92 3.92 3.92 3.92 3.92 3.92 3.92 3.92 3.92 3.92 3.92 3.92 
3.1 3.1 3.1 3.1 3.1 3.1 3.1 3.1 3.1 3.1 3.1 3.38 3.38 3.38 3.38 3.38 3.38 3.38 3.38 3.38 3.38 3.38 3.38 3.38 3.38 3.38 3.38 3.38 3.38 3.38 3.38 3.38 3.38 3.38 3.38 3.38 3.38 3.38 3.38 3.38 3.38 3.38 3.38 3.38 3.38 3.38 3.38 3.38 3.38 3.38 3.38 3.38 3.38 3.38 3.38 3.38 3.38 3.38 3.38 3.38 3.38 3.38 3.38 3.38 3.38 3.38 3.38 3.38 3.38 3.38 3.38 3.92 3.92 3.92 3.92 3.92 3.92 3.92 3.92 3.92 3.92 3.92 3.92 3.92 3.92 3.92 3.92 3.92 3.92 3.92 3.92 3.92 3.92 3.92 3.92 3.92 3.92 3.92 3.92 3.92 
3.1 3.1 3.1 3.1 3.1 3.1 3.1 3.1 3.1 3.1 3.1 3.38 3.38 3.38 3.38 3.38 3.38 3.38 3.38 3.38 3.38 3.38 3.38 3.38 3.38 3.38 3.38 3.38 3.38 3.38 3.38 3.38 3.38 3.38 3.38 3.38 3.38 3.38 3.38 3.38 3.38 3.38 3.38 3.38 3.38 3.38 3.38 3.38 3.38 3.38 3.38 3.38 3.38 3.38 3.38 3.38 3.38 3.38 3.38 3.38 3.38 3.38 3.38 3.38 3.38 3.38 3.38 3.38 3.38 3.38 3.38 3.92 3.92 3.92 3.92 3.92 3.92 3.92 3.92 3.92 3.92 3.92 3.92 3.92 3.92 3.92 3.92 3.92 3.92 3.92 3.92 3.92 3.92 3.92 3.92 3.92 3.92 3.92 3.92 3.92 
3.1 3.1 3.1 3.1 3.1 3.1 3.1 3.1 3.1 3.1 3.1 3.38 3.38 3.38 3.38 3.38 3.38 3.38 3.38 3.38 3.38 3.38 3.38 3.38 3.38 3.38 3.38 3.38 3.38 3.38 3.38 3.38 3.38 3.38 3.38 3.38 3.38 3.38 3.38 3.38 3.38 3.38 3.38 3.38 3.38 3.38 3.38 3.38 3.38 3.38 3.38 3.38 3.38 3.38 3.38 3.38 3.38 3.38 3.38 3.38 3.38 3.38 3.38 3.38 3.38 3.38 3.38 3.38 3.38 3.38 3.38 3.92 3.92 3.92 3.92 3.92 3.92 3.92 3.92 3.92 3.92 3.92 3.92 3.92 3.92 3.92 3.92 3.92 3.92 3.92 3.92 3.92 3.92 3.92 3.92 3.92 3.92 3.92 3.92 3.92 
3.1 3.1 3.1 3.1 3.1 3.1 3.1 3.1 3.1 3.1 3.1 3.38 3.38 3.38 3.38 3.38 3.38 3.38 3.38 3.38 3.38 3.38 3.38 3.38 3.38 3.38 3.38 3.38 3.38 3.38 3.38 3.38 3.38 3.38 3.38 3.38 3.38 3.38 3.38 3.38 3.38 3.38 3.38 3.38 3.38 3.38 3.38 3.38 3.38 3.38 3.38 3.38 3.38 3.38 3.38 3.38 3.38 3.38 3.38 3.38 3.38 3.38 3.38 3.38 3.38 3.38 3.38 3.38 3.38 3.38 3.38 3.92 3.92 3.92 3.92 3.92 3.92 3.92 3.92 3.92 3.92 3.92 3.92 3.92 3.92 3.92 3.92 3.92 3.92 3.92 3.92 3.92 3.92 3.92 3.92 3.92 3.92 3.92 3.92 3.92 
3.1 3.1 3.1 3.1 3.1 3.1 3.1 3.1 3.1 3.1 3.1 3.38 3.38 3.38 3.38 3.38 3.38 3.38 3.38 3.38 3.38 3.38 3.38 3.38 3.38 3.38 3.38 3.38 3.38 3.38 3.38 3.38 3.38 3.38 3.38 3.38 3.38 3.38 3.38 3.38 3.38 3.38 3.38 3.38 3.38 3.38 3.38 3.38 3.38 3.38 3.38 3.38 3.38 3.38 3.38 3.38 3.38 3.38 3.38 3.38 3.38 3.38 3.38 3.38 3.38 3.38 3.38 3.38 3.38 3.38 3.38 3.92 3.92 3.92 3.92 3.92 3.92 3.92 3.92 3.92 3.92 3.92 3.92 3.92 3.92 3.92 3.92 3.92 3.92 3.92 3.92 3.92 3.92 3.92 3.92 3.92 3.92 3.92 3.92 3.92 
3.1 3.1 3.1 3.1 3.1 3.1 3.1 3.1 3.1 3.1 3.1 3.38 3.38 3.38 3.38 3.38 3.38 3.38 3.38 3.38 3.38 3.38 3.38 3.38 3.38 3.38 3.38 3.38 3.38 3.38 3.38 3.38 3.38 3.38 3.38 3.38 3.38 3.38 3.38 3.38 3.38 3.38 3.38 3.38 3.38 3.38 3.38 3.38 3.38 3.38 3.38 3.38 3.38 3.38 3.38 3.38 3.38 3.38 3.38 3.38 3.38 3.38 3.38 3.38 3.38 3.38 3.38 3.38 3.38 3.38 3.38 3.92 3.92 3.92 3.92 3.92 3.92 3.92 3.92 3.92 3.92 3.92 3.92 3.92 3.92 3.92 3.92 3.92 3.92 3.92 3.92 3.92 3.92 3.92 3.92 3.92 3.92 3.92 3.92 3.92 
3.1 3.1 3.1 3.1 3.1 3.1 3.1 3.1 3.1 3.1 3.1 3.38 3.38 3.38 3.38 3.38 3.38 3.38 3.38 3.38 3.38 3.38 3.38 3.38 3.38 3.38 3.38 3.38 3.38 3.38 3.38 3.38 3.38 3.38 3.38 3.38 3.38 3.38 3.38 3.38 3.38 3.38 3.38 3.38 3.38 3.38 3.38 3.38 3.38 3.38 3.38 3.38 3.38 3.38 3.38 3.38 3.38 3.38 3.38 3.38 3.38 3.38 3.38 3.38 3.38 3.38 3.38 3.38 3.38 3.38 3.38 3.92 3.92 3.92 3.92 3.92 3.92 3.92 3.92 3.92 3.92 3.92 3.92 3.92 3.92 3.92 3.92 3.92 3.92 3.92 3.92 3.92 3.92 3.92 3.92 3.92 3.92 3.92 3.92 3.92 
3.1 3.1 3.1 3.1 3.1 3.1 3.1 3.1 3.1 3.1 3.1 3.38 3.38 3.38 3.38 3.38 3.38 3.38 3.38 3.38 3.38 3.38 3.38 3.38 3.38 3.38 3.38 3.38 3.38 3.38 3.38 3.38 3.38 3.38 3.38 3.38 3.38 3.38 3.38 3.38 3.38 3.38 3.38 3.38 3.38 3.38 3.38 3.38 3.38 3.38 3.38 3.38 3.38 3.38 3.38 3.38 3.38 3.38 3.38 3.38 3.38 3.38 3.38 3.38 3.38 3.38 3.38 3.38 3.38 3.38 3.38 3.92 3.92 3.92 3.92 3.92 3.92 3.92 3.92 3.92 3.92 3.92 3.92 3.92 3.92 3.92 3.92 3.92 3.92 3.92 3.92 3.92 3.92 3.92 3.92 3.92 3.92 3.92 3.92 3.92 
3.1 3.1 3.1 3.1 3.1 3.1 3.1 3.1 3.1 3.1 3.1 3.38 3.38 3.38 3.38 3.38 3.38 3.38 3.38 3.38 3.38 3.38 3.38 3.38 3.38 3.38 3.38 3.38 3.38 3.38 3.38 3.38 3.38 3.38 3.38 3.38 3.38 3.38 3.38 3.38 3.38 3.38 3.38 3.38 3.38 3.38 3.38 3.38 3.38 3.38 3.38 3.38 3.38 3.38 3.38 3.38 3.38 3.38 3.38 3.38 3.38 3.38 3.38 3.38 3.38 3.38 3.38 3.38 3.38 3.38 3.38 3.92 3.92 3.92 3.92 3.92 3.92 3.92 3.92 3.92 3.92 3.92 3.92 3.92 3.92 3.92 3.92 3.92 3.92 3.92 3.92 3.92 3.92 3.92 3.92 3.92 3.92 3.92 3.92 3.92 
3.1 3.1 3.1 3.1 3.1 3.1 3.1 3.1 3.1 3.1 3.1 3.38 3.38 3.38 3.38 3.38 3.38 3.38 3.38 3.38 3.38 3.38 3.38 3.38 3.38 3.38 3.38 3.38 3.38 3.38 3.38 3.38 3.38 3.38 3.38 3.38 3.38 3.38 3.38 3.38 3.38 3.38 3.38 3.38 3.38 3.38 3.38 3.38 3.38 3.38 3.38 3.38 3.38 3.38 3.38 3.38 3.38 3.38 3.38 3.38 3.38 3.38 3.38 3.38 3.38 3.38 3.38 3.38 3.38 3.38 3.38 3.92 3.92 3.92 3.92 3.92 3.92 3.92 3.92 3.92 3.92 3.92 3.92 3.92 3.92 3.92 3.92 3.92 3.92 3.92 3.92 3.92 3.92 3.92 3.92 3.92 3.92 3.92 3.92 3.92 
3.1 3.1 3.1 3.1 3.1 3.1 3.1 3.1 3.1 3.1 3.1 3.38 3.38 3.38 3.38 3.38 3.38 3.38 3.38 3.38 3.38 3.38 3.38 3.38 3.38 3.38 3.38 3.38 3.38 3.38 3.38 3.38 3.38 3.38 3.38 3.38 3.38 3.38 3.38 3.38 3.38 3.38 3.38 3.38 3.38 3.38 3.38 3.38 3.38 3.38 3.38 3.38 3.38 3.38 3.38 3.38 3.38 3.38 3.38 3.38 3.38 3.38 3.38 3.38 3.38 3.38 3.38 3.38 3.38 3.38 3.38 3.92 3.92 3.92 3.92 3.92 3.92 3.92 3.92 3.92 3.92 3.92 3.92 3.92 3.92 3.92 3.92 3.92 3.92 3.92 3.92 3.92 3.92 3.92 3.92 3.92 3.92 3.92 3.92 3.92 
3.1 3.1 3.1 3.1 3.1 3.1 3.1 3.1 3.1 3.1 3.1 3.38 3.38 3.38 3.38 3.38 3.38 3.38 3.38 3.38 3.38 3.38 3.38 3.38 3.38 3.38 3.38 3.38 3.38 3.38 3.38 3.38 3.38 3.38 3.38 3.38 3.38 3.38 3.38 3.38 3.38 3.38 3.38 3.38 3.38 3.38 3.38 3.38 3.38 3.38 3.38 3.38 3.38 3.38 3.38 3.38 3.38 3.38 3.38 3.38 3.38 3.38 3.38 3.38 3.38 3.38 3.38 3.38 3.38 3.38 3.38 3.92 3.92 3.92 3.92 3.92 3.92 3.92 3.92 3.92 3.92 3.92 3.92 3.92 3.92 3.92 3.92 3.92 3.92 3.92 3.92 3.92 3.92 3.92 3.92 3.92 3.92 3.92 3.92 3.92 
3.1 3.1 3.1 3.1 3.1 3.1 3.1 3.1 3.1 3.1 3.1 3.38 3.38 3.38 3.38 3.38 3.38 3.38 3.38 3.38 3.38 3.38 3.38 3.38 3.38 3.38 3.38 3.38 3.38 3.38 3.38 3.38 3.38 3.38 3.38 3.38 3.38 3.38 3.38 3.38 3.38 3.38 3.38 3.38 3.38 3.38 3.38 3.38 3.38 3.38 3.38 3.38 3.38 3.38 3.38 3.38 3.38 3.38 3.38 3.38 3.38 3.38 3.38 3.38 3.38 3.38 3.38 3.38 3.38 3.38 3.38 3.92 3.92 3.92 3.92 3.92 3.92 3.92 3.92 3.92 3.92 3.92 3.92 3.92 3.92 3.92 3.92 3.92 3.92 3.92 3.92 3.92 3.92 3.92 3.92 3.92 3.92 3.92 3.92 3.92 
3.1 3.1 3.1 3.1 3.1 3.1 3.1 3.1 3.1 3.1 3.1 3.38 3.38 3.38 3.38 3.38 3.38 3.38 3.38 3.38 3.38 3.38 3.38 3.38 3.38 3.38 3.38 3.38 3.38 3.38 3.38 3.38 3.38 3.38 3.38 3.38 3.38 3.38 3.38 3.38 3.38 3.38 3.38 3.38 3.38 3.38 3.38 3.38 3.38 3.38 3.38 3.38 3.38 3.38 3.38 3.38 3.38 3.38 3.38 3.38 3.38 3.38 3.38 3.38 3.38 3.38 3.38 3.38 3.38 3.38 3.38 3.92 3.92 3.92 3.92 3.92 3.92 3.92 3.92 3.92 3.92 3.92 3.92 3.92 3.92 3.92 3.92 3.92 3.92 3.92 3.92 3.92 3.92 3.92 3.92 3.92 3.92 3.92 3.92 3.92 
3.1 3.1 3.1 3.1 3.1 3.1 3.1 3.1 3.1 3.1 3.1 3.38 3.38 3.38 3.38 3.38 3.38 3.38 3.38 3.38 3.38 3.38 3.38 3.38 3.38 3.38 3.38 3.38 3.38 3.38 3.38 3.38 3.38 3.38 3.38 3.38 3.38 3.38 3.38 3.38 3.38 3.38 3.38 3.38 3.38 3.38 3.38 3.38 3.38 3.38 3.38 3.38 3.38 3.38 3.38 3.38 3.38 3.38 3.38 3.38 3.38 3.38 3.38 3.38 3.38 3.38 3.38 3.38 3.38 3.38 3.38 3.92 3.92 3.92 3.92 3.92 3.92 3.92 3.92 3.92 3.92 3.92 3.92 3.92 3.92 3.92 3.92 3.92 3.92 3.92 3.92 3.92 3.92 3.92 3.92 3.92 3.92 3.92 3.92 3.92 
3.1 3.1 3.1 3.1 3.1 3.1 3.1 3.1 3.1 3.1 3.1 3.38 3.38 3.38 3.38 3.38 3.38 3.38 3.38 3.38 3.38 3.38 3.38 3.38 3.38 3.38 3.38 3.38 3.38 3.38 3.38 3.38 3.38 3.38 3.38 3.38 3.38 3.38 3.38 3.38 3.38 3.38 3.38 3.38 3.38 3.38 3.38 3.38 3.38 3.38 3.38 3.38 3.38 3.38 3.38 3.38 3.38 3.38 3.38 3.38 3.38 3.38 3.38 3.38 3.38 3.38 3.38 3.38 3.38 3.38 3.38 3.92 3.92 3.92 3.92 3.92 3.92 3.92 3.92 3.92 3.92 3.92 3.92 3.92 3.92 3.92 3.92 3.92 3.92 3.92 3.92 3.92 3.92 3.92 3.92 3.92 3.92 3.92 3.92 3.92 
3.1 3.1 3.1 3.1 3.1 3.1 3.1 3.1 3.1 3.1 3.1 3.38 3.38 3.38 3.38 3.38 3.38 3.38 3.38 3.38 3.38 3.38 3.38 3.38 3.38 3.38 3.38 3.38 3.38 3.38 3.38 3.38 3.38 3.38 3.38 3.38 3.38 3.38 3.38 3.38 3.38 3.38 3.38 3.38 3.38 3.38 3.38 3.38 3.38 3.38 3.38 3.38 3.38 3.38 3.38 3.38 3.38 3.38 3.38 3.38 3.38 3.38 3.38 3.38 3.38 3.38 3.38 3.38 3.38 3.38 3.38 3.92 3.92 3.92 3.92 3.92 3.92 3.92 3.92 3.92 3.92 3.92 3.92 3.92 3.92 3.92 3.92 3.92 3.92 3.92 3.92 3.92 3.92 3.92 3.92 3.92 3.92 3.92 3.92 3.92 
3.1 3.1 3.1 3.1 3.1 3.1 3.1 3.1 3.1 3.1 3.1 3.38 3.38 3.38 3.38 3.38 3.38 3.38 3.38 3.38 3.38 3.38 3.38 3.38 3.38 3.38 3.38 3.38 3.38 3.38 3.38 3.38 3.38 3.38 3.38 3.38 3.38 3.38 3.38 3.38 3.38 3.38 3.38 3.38 3.38 3.38 3.38 3.38 3.38 3.38 3.38 3.38 3.38 3.38 3.38 3.38 3.38 3.38 3.38 3.38 3.38 3.38 3.38 3.38 3.38 3.38 3.38 3.38 3.38 3.38 3.38 3.92 3.92 3.92 3.92 3.92 3.92 3.92 3.92 3.92 3.92 3.92 3.92 3.92 3.92 3.92 3.92 3.92 3.92 3.92 3.92 3.92 3.92 3.92 3.92 3.92 3.92 3.92 3.92 3.92 
3.1 3.1 3.1 3.1 3.1 3.1 3.1 3.1 3.1 3.1 3.1 3.38 3.38 3.38 3.38 3.38 3.38 3.38 3.38 3.38 3.38 3.38 3.38 3.38 3.38 3.38 3.38 3.38 3.38 3.38 3.38 3.38 3.38 3.38 3.38 3.38 3.38 3.38 3.38 3.38 3.38 3.38 3.38 3.38 3.38 3.38 3.38 3.38 3.38 3.38 3.38 3.38 3.38 3.38 3.38 3.38 3.38 3.38 3.38 3.38 3.38 3.38 3.38 3.38 3.38 3.38 3.38 3.38 3.38 3.38 3.38 3.92 3.92 3.92 3.92 3.92 3.92 3.92 3.92 3.92 3.92 3.92 3.92 3.92 3.92 3.92 3.92 3.92 3.92 3.92 3.92 3.92 3.92 3.92 3.92 3.92 3.92 3.92 3.92 3.92 
3.1 3.1 3.1 3.1 3.1 3.1 3.1 3.1 3.1 3.1 3.1 3.38 3.38 3.38 3.38 3.38 3.38 3.38 3.38 3.38 3.38 3.38 3.38 3.38 3.38 3.38 3.38 3.38 3.38 3.38 3.38 3.38 3.38 3.38 3.38 3.38 3.38 3.38 3.38 3.38 3.38 3.38 3.38 3.38 3.38 3.38 3.38 3.38 3.38 3.38 3.38 3.38 3.38 3.38 3.38 3.38 3.38 3.38 3.38 3.38 3.38 3.38 3.38 3.38 3.38 3.38 3.38 3.38 3.38 3.38 3.38 3.92 3.92 3.92 3.92 3.92 3.92 3.92 3.92 3.92 3.92 3.92 3.92 3.92 3.92 3.92 3.92 3.92 3.92 3.92 3.92 3.92 3.92 3.92 3.92 3.92 3.92 3.92 3.92 3.92 
3.1 3.1 3.1 3.1 3.1 3.1 3.1 3.1 3.1 3.1 3.1 3.38 3.38 3.38 3.38 3.38 3.38 3.38 3.38 3.38 3.38 3.38 3.38 3.38 3.38 3.38 3.38 3.38 3.38 3.38 3.38 3.38 3.38 3.38 3.38 3.38 3.38 3.38 3.38 3.38 3.38 3.38 3.38 3.38 3.38 3.38 3.38 3.38 3.38 3.38 3.38 3.38 3.38 3.38 3.38 3.38 3.38 3.38 3.38 3.38 3.38 3.38 3.38 3.38 3.38 3.38 3.38 3.38 3.38 3.38 3.38 3.92 3.92 3.92 3.92 3.92 3.92 3.92 3.92 3.92 3.92 3.92 3.92 3.92 3.92 3.92 3.92 3.92 3.92 3.92 3.92 3.92 3.92 3.92 3.92 3.92 3.92 3.92 3.92 3.92 
3.1 3.1 3.1 3.1 3.1 3.1 3.1 3.1 3.1 3.1 3.1 3.38 3.38 3.38 3.38 3.38 3.38 3.38 3.38 3.38 3.38 3.38 3.38 3.38 3.38 3.38 3.38 3.38 3.38 3.38 3.38 3.38 3.38 3.38 3.38 3.38 3.38 3.38 3.38 3.38 3.38 3.38 3.38 3.38 3.38 3.38 3.38 3.38 3.38 3.38 3.38 3.38 3.38 3.38 3.38 3.38 3.38 3.38 3.38 3.38 3.38 3.38 3.38 3.38 3.38 3.38 3.38 3.38 3.38 3.38 3.38 3.92 3.92 3.92 3.92 3.92 3.92 3.92 3.92 3.92 3.92 3.92 3.92 3.92 3.92 3.92 3.92 3.92 3.92 3.92 3.92 3.92 3.92 3.92 3.92 3.92 3.92 3.92 3.92 3.92 
3.1 3.1 3.1 3.1 3.1 3.1 3.1 3.1 3.1 3.1 3.1 3.38 3.38 3.38 3.38 3.38 3.38 3.38 3.38 3.38 3.38 3.38 3.38 3.38 3.38 3.38 3.38 3.38 3.38 3.38 3.38 3.38 3.38 3.38 3.38 3.38 3.38 3.38 3.38 3.38 3.38 3.38 3.38 3.38 3.38 3.38 3.38 3.38 3.38 3.38 3.38 3.38 3.38 3.38 3.38 3.38 3.38 3.38 3.38 3.38 3.38 3.38 3.38 3.38 3.38 3.38 3.38 3.38 3.38 3.38 3.38 3.92 3.92 3.92 3.92 3.92 3.92 3.92 3.92 3.92 3.92 3.92 3.92 3.92 3.92 3.92 3.92 3.92 3.92 3.92 3.92 3.92 3.92 3.92 3.92 3.92 3.92 3.92 3.92 3.92 
3.1 3.1 3.1 3.1 3.1 3.1 3.1 3.1 3.1 3.1 3.1 3.38 3.38 3.38 3.38 3.38 3.38 3.38 3.38 3.38 3.38 3.38 3.38 3.38 3.38 3.38 3.38 3.38 3.38 3.38 3.38 3.38 3.38 3.38 3.38 3.38 3.38 3.38 3.38 3.38 3.38 3.38 3.38 3.38 3.38 3.38 3.38 3.38 3.38 3.38 3.38 3.38 3.38 3.38 3.38 3.38 3.38 3.38 3.38 3.38 3.38 3.38 3.38 3.38 3.38 3.38 3.38 3.38 3.38 3.38 3.38 3.92 3.92 3.92 3.92 3.92 3.92 3.92 3.92 3.92 3.92 3.92 3.92 3.92 3.92 3.92 3.92 3.92 3.92 3.92 3.92 3.92 3.92 3.92 3.92 3.92 3.92 3.92 3.92 3.92 
3.1 3.1 3.1 3.1 3.1 3.1 3.1 3.1 3.1 3.1 3.1 3.38 3.38 3.38 3.38 3.38 3.38 3.38 3.38 3.38 3.38 3.38 3.38 3.38 3.38 3.38 3.38 3.38 3.38 3.38 3.38 3.38 3.38 3.38 3.38 3.38 3.38 3.38 3.38 3.38 3.38 3.38 3.38 3.38 3.38 3.38 3.38 3.38 3.38 3.38 3.38 3.38 3.38 3.38 3.38 3.38 3.38 3.38 3.38 3.38 3.38 3.38 3.38 3.38 3.38 3.38 3.38 3.38 3.38 3.38 3.38 3.92 3.92 3.92 3.92 3.92 3.92 3.92 3.92 3.92 3.92 3.92 3.92 3.92 3.92 3.92 3.92 3.92 3.92 3.92 3.92 3.92 3.92 3.92 3.92 3.92 3.92 3.92 3.92 3.92 
3.1 3.1 3.1 3.1 3.1 3.1 3.1 3.1 3.1 3.1 3.1 3.38 3.38 3.38 3.38 3.38 3.38 3.38 3.38 3.38 3.38 3.38 3.38 3.38 3.38 3.38 3.38 3.38 3.38 3.38 3.38 3.38 3.38 3.38 3.38 3.38 3.38 3.38 3.38 3.38 3.38 3.38 3.38 3.38 3.38 3.38 3.38 3.38 3.38 3.38 3.38 3.38 3.38 3.38 3.38 3.38 3.38 3.38 3.38 3.38 3.38 3.38 3.38 3.38 3.38 3.38 3.38 3.38 3.38 3.38 3.38 3.92 3.92 3.92 3.92 3.92 3.92 3.92 3.92 3.92 3.92 3.92 3.92 3.92 3.92 3.92 3.92 3.92 3.92 3.92 3.92 3.92 3.92 3.92 3.92 3.92 3.92 3.92 3.92 3.92 
3.1 3.1 3.1 3.1 3.1 3.1 3.1 3.1 3.1 3.1 3.1 3.38 3.38 3.38 3.38 3.38 3.38 3.38 3.38 3.38 3.38 3.38 3.38 3.38 3.38 3.38 3.38 3.38 3.38 3.38 3.38 3.38 3.38 3.38 3.38 3.38 3.38 3.38 3.38 3.38 3.38 3.38 3.38 3.38 3.38 3.38 3.38 3.38 3.38 3.38 3.38 3.38 3.38 3.38 3.38 3.38 3.38 3.38 3.38 3.38 3.38 3.38 3.38 3.38 3.38 3.38 3.38 3.38 3.38 3.38 3.38 3.92 3.92 3.92 3.92 3.92 3.92 3.92 3.92 3.92 3.92 3.92 3.92 3.92 3.92 3.92 3.92 3.92 3.92 3.92 3.92 3.92 3.92 3.92 3.92 3.92 3.92 3.92 3.92 3.92 
3.1 3.1 3.1 3.1 3.1 3.1 3.1 3.1 3.1 3.1 3.1 3.38 3.38 3.38 3.38 3.38 3.38 3.38 3.38 3.38 3.38 3.38 3.38 3.38 3.38 3.38 3.38 3.38 3.38 3.38 3.38 3.38 3.38 3.38 3.38 3.38 3.38 3.38 3.38 3.38 3.38 3.38 3.38 3.38 3.38 3.38 3.38 3.38 3.38 3.38 3.38 3.38 3.38 3.38 3.38 3.38 3.38 3.38 3.38 3.38 3.38 3.38 3.38 3.38 3.38 3.38 3.38 3.38 3.38 3.38 3.38 3.92 3.92 3.92 3.92 3.92 3.92 3.92 3.92 3.92 3.92 3.92 3.92 3.92 3.92 3.92 3.92 3.92 3.92 3.92 3.92 3.92 3.92 3.92 3.92 3.92 3.92 3.92 3.92 3.92 
3.1 3.1 3.1 3.1 3.1 3.1 3.1 3.1 3.1 3.1 3.1 3.38 3.38 3.38 3.38 3.38 3.38 3.38 3.38 3.38 3.38 3.38 3.38 3.38 3.38 3.38 3.38 3.38 3.38 3.38 3.38 3.38 3.38 3.38 3.38 3.38 3.38 3.38 3.38 3.38 3.38 3.38 3.38 3.38 3.38 3.38 3.38 3.38 3.38 3.38 3.38 3.38 3.38 3.38 3.38 3.38 3.38 3.38 3.38 3.38 3.38 3.38 3.38 3.38 3.38 3.38 3.38 3.38 3.38 3.38 3.38 3.92 3.92 3.92 3.92 3.92 3.92 3.92 3.92 3.92 3.92 3.92 3.92 3.92 3.92 3.92 3.92 3.92 3.92 3.92 3.92 3.92 3.92 3.92 3.92 3.92 3.92 3.92 3.92 3.92 
3.1 3.1 3.1 3.1 3.1 3.1 3.1 3.1 3.1 3.1 3.1 3.38 3.38 3.38 3.38 3.38 3.38 3.38 3.38 3.38 3.38 3.38 3.38 3.38 3.38 3.38 3.38 3.38 3.38 3.38 3.38 3.38 3.38 3.38 3.38 3.38 3.38 3.38 3.38 3.38 3.38 3.38 3.38 3.38 3.38 3.38 3.38 3.38 3.38 3.38 3.38 3.38 3.38 3.38 3.38 3.38 3.38 3.38 3.38 3.38 3.38 3.38 3.38 3.38 3.38 3.38 3.38 3.38 3.38 3.38 3.38 3.92 3.92 3.92 3.92 3.92 3.92 3.92 3.92 3.92 3.92 3.92 3.92 3.92 3.92 3.92 3.92 3.92 3.92 3.92 3.92 3.92 3.92 3.92 3.92 3.92 3.92 3.92 3.92 3.92 
3.1 3.1 3.1 3.1 3.1 3.1 3.1 3.1 3.1 3.1 3.1 3.38 3.38 3.38 3.38 3.38 3.38 3.38 3.38 3.38 3.38 3.38 3.38 3.38 3.38 3.38 3.38 3.38 3.38 3.38 3.38 3.38 3.38 3.38 3.38 3.38 3.38 3.38 3.38 3.38 3.38 3.38 3.38 3.38 3.38 3.38 3.38 3.38 3.38 3.38 3.38 3.38 3.38 3.38 3.38 3.38 3.38 3.38 3.38 3.38 3.38 3.38 3.38 3.38 3.38 3.38 3.38 3.38 3.38 3.38 3.38 3.92 3.92 3.92 3.92 3.92 3.92 3.92 3.92 3.92 3.92 3.92 3.92 3.92 3.92 3.92 3.92 3.92 3.92 3.92 3.92 3.92 3.92 3.92 3.92 3.92 3.92 3.92 3.92 3.92 
3.1 3.1 3.1 3.1 3.1 3.1 3.1 3.1 3.1 3.1 3.1 3.38 3.38 3.38 3.38 3.38 3.38 3.38 3.38 3.38 3.38 3.38 3.38 3.38 3.38 3.38 3.38 3.38 3.38 3.38 3.38 3.38 3.38 3.38 3.38 3.38 3.38 3.38 3.38 3.38 3.38 3.38 3.38 3.38 3.38 3.38 3.38 3.38 3.38 3.38 3.38 3.38 3.38 3.38 3.38 3.38 3.38 3.38 3.38 3.38 3.38 3.38 3.38 3.38 3.38 3.38 3.38 3.38 3.38 3.38 3.38 3.92 3.92 3.92 3.92 3.92 3.92 3.92 3.92 3.92 3.92 3.92 3.92 3.92 3.92 3.92 3.92 3.92 3.92 3.92 3.92 3.92 3.92 3.92 3.92 3.92 3.92 3.92 3.92 3.92 
3.1 3.1 3.1 3.1 3.1 3.1 3.1 3.1 3.1 3.1 3.1 3.38 3.38 3.38 3.38 3.38 3.38 3.38 3.38 3.38 3.38 3.38 3.38 3.38 3.38 3.38 3.38 3.38 3.38 3.38 3.38 3.38 3.38 3.38 3.38 3.38 3.38 3.38 3.38 3.38 3.38 3.38 3.38 3.38 3.38 3.38 3.38 3.38 3.38 3.38 3.38 3.38 3.38 3.38 3.38 3.38 3.38 3.38 3.38 3.38 3.38 3.38 3.38 3.38 3.38 3.38 3.38 3.38 3.38 3.38 3.38 3.92 3.92 3.92 3.92 3.92 3.92 3.92 3.92 3.92 3.92 3.92 3.92 3.92 3.92 3.92 3.92 3.92 3.92 3.92 3.92 3.92 3.92 3.92 3.92 3.92 3.92 3.92 3.92 3.92 
3.1 3.1 3.1 3.1 3.1 3.1 3.1 3.1 3.1 3.1 3.1 3.38 3.38 3.38 3.38 3.38 3.38 3.38 3.38 3.38 3.38 3.38 3.38 3.38 3.38 3.38 3.38 3.38 3.38 3.38 3.38 3.38 3.38 3.38 3.38 3.38 3.38 3.38 3.38 3.38 3.38 3.38 3.38 3.38 3.38 3.38 3.38 3.38 3.38 3.38 3.38 3.38 3.38 3.38 3.38 3.38 3.38 3.38 3.38 3.38 3.38 3.38 3.38 3.38 3.38 3.38 3.38 3.38 3.38 3.38 3.38 3.92 3.92 3.92 3.92 3.92 3.92 3.92 3.92 3.92 3.92 3.92 3.92 3.92 3.92 3.92 3.92 3.92 3.92 3.92 3.92 3.92 3.92 3.92 3.92 3.92 3.92 3.92 3.92 3.92 
3.1 3.1 3.1 3.1 3.1 3.1 3.1 3.1 3.1 3.1 3.1 3.38 3.38 3.38 3.38 3.38 3.38 3.38 3.38 3.38 3.38 3.38 3.38 3.38 3.38 3.38 3.38 3.38 3.38 3.38 3.38 3.38 3.38 3.38 3.38 3.38 3.38 3.38 3.38 3.38 3.38 3.38 3.38 3.38 3.38 3.38 3.38 3.38 3.38 3.38 3.38 3.38 3.38 3.38 3.38 3.38 3.38 3.38 3.38 3.38 3.38 3.38 3.38 3.38 3.38 3.38 3.38 3.38 3.38 3.38 3.38 3.92 3.92 3.92 3.92 3.92 3.92 3.92 3.92 3.92 3.92 3.92 3.92 3.92 3.92 3.92 3.92 3.92 3.92 3.92 3.92 3.92 3.92 3.92 3.92 3.92 3.92 3.92 3.92 3.92 
3.1 3.1 3.1 3.1 3.1 3.1 3.1 3.1 3.1 3.1 3.1 3.38 3.38 3.38 3.38 3.38 3.38 3.38 3.38 3.38 3.38 3.38 3.38 3.38 3.38 3.38 3.38 3.38 3.38 3.38 3.38 3.38 3.38 3.38 3.38 3.38 3.38 3.38 3.38 3.38 3.38 3.38 3.38 3.38 3.38 3.38 3.38 3.38 3.38 3.38 3.38 3.38 3.38 3.38 3.38 3.38 3.38 3.38 3.38 3.38 3.38 3.38 3.38 3.38 3.38 3.38 3.38 3.38 3.38 3.38 3.38 3.92 3.92 3.92 3.92 3.92 3.92 3.92 3.92 3.92 3.92 3.92 3.92 3.92 3.92 3.92 3.92 3.92 3.92 3.92 3.92 3.92 3.92 3.92 3.92 3.92 3.92 3.92 3.92 3.92 
3.1 3.1 3.1 3.1 3.1 3.1 3.1 3.1 3.1 3.1 3.1 3.38 3.38 3.38 3.38 3.38 3.38 3.38 3.38 3.38 3.38 3.38 3.38 3.38 3.38 3.38 3.38 3.38 3.38 3.38 3.38 3.38 3.38 3.38 3.38 3.38 3.38 3.38 3.38 3.38 3.38 3.38 3.38 3.38 3.38 3.38 3.38 3.38 3.38 3.38 3.38 3.38 3.38 3.38 3.38 3.38 3.38 3.38 3.38 3.38 3.38 3.38 3.38 3.38 3.38 3.38 3.38 3.38 3.38 3.38 3.38 3.92 3.92 3.92 3.92 3.92 3.92 3.92 3.92 3.92 3.92 3.92 3.92 3.92 3.92 3.92 3.92 3.92 3.92 3.92 3.92 3.92 3.92 3.92 3.92 3.92 3.92 3.92 3.92 3.92 
3.1 3.1 3.1 3.1 3.1 3.1 3.1 3.1 3.1 3.1 3.1 3.38 3.38 3.38 3.38 3.38 3.38 3.38 3.38 3.38 3.38 3.38 3.38 3.38 3.38 3.38 3.38 3.38 3.38 3.38 3.38 3.38 3.38 3.38 3.38 3.38 3.38 3.38 3.38 3.38 3.38 3.38 3.38 3.38 3.38 3.38 3.38 3.38 3.38 3.38 3.38 3.38 3.38 3.38 3.38 3.38 3.38 3.38 3.38 3.38 3.38 3.38 3.38 3.38 3.38 3.38 3.38 3.38 3.38 3.38 3.38 3.92 3.92 3.92 3.92 3.92 3.92 3.92 3.92 3.92 3.92 3.92 3.92 3.92 3.92 3.92 3.92 3.92 3.92 3.92 3.92 3.92 3.92 3.92 3.92 3.92 3.92 3.92 3.92 3.92 
3.1 3.1 3.1 3.1 3.1 3.1 3.1 3.1 3.1 3.1 3.1 3.38 3.38 3.38 3.38 3.38 3.38 3.38 3.38 3.38 3.38 3.38 3.38 3.38 3.38 3.38 3.38 3.38 3.38 3.38 3.38 3.38 3.38 3.38 3.38 3.38 3.38 3.38 3.38 3.38 3.38 3.38 3.38 3.38 3.38 3.38 3.38 3.38 3.38 3.38 3.38 3.38 3.38 3.38 3.38 3.38 3.38 3.38 3.38 3.38 3.38 3.38 3.38 3.38 3.38 3.38 3.38 3.38 3.38 3.38 3.38 3.92 3.92 3.92 3.92 3.92 3.92 3.92 3.92 3.92 3.92 3.92 3.92 3.92 3.92 3.92 3.92 3.92 3.92 3.92 3.92 3.92 3.92 3.92 3.92 3.92 3.92 3.92 3.92 3.92 
3.1 3.1 3.1 3.1 3.1 3.1 3.1 3.1 3.1 3.1 3.1 3.38 3.38 3.38 3.38 3.38 3.38 3.38 3.38 3.38 3.38 3.38 3.38 3.38 3.38 3.38 3.38 3.38 3.38 3.38 3.38 3.38 3.38 3.38 3.38 3.38 3.38 3.38 3.38 3.38 3.38 3.38 3.38 3.38 3.38 3.38 3.38 3.38 3.38 3.38 3.38 3.38 3.38 3.38 3.38 3.38 3.38 3.38 3.38 3.38 3.38 3.38 3.38 3.38 3.38 3.38 3.38 3.38 3.38 3.38 3.38 3.92 3.92 3.92 3.92 3.92 3.92 3.92 3.92 3.92 3.92 3.92 3.92 3.92 3.92 3.92 3.92 3.92 3.92 3.92 3.92 3.92 3.92 3.92 3.92 3.92 3.92 3.92 3.92 3.92 
3.1 3.1 3.1 3.1 3.1 3.1 3.1 3.1 3.1 3.1 3.1 3.38 3.38 3.38 3.38 3.38 3.38 3.38 3.38 3.38 3.38 3.38 3.38 3.38 3.38 3.38 3.38 3.38 3.38 3.38 3.38 3.38 3.38 3.38 3.38 3.38 3.38 3.38 3.38 3.38 3.38 3.38 3.38 3.38 3.38 3.38 3.38 3.38 3.38 3.38 3.38 3.38 3.38 3.38 3.38 3.38 3.38 3.38 3.38 3.38 3.38 3.38 3.38 3.38 3.38 3.38 3.38 3.38 3.38 3.38 3.38 3.92 3.92 3.92 3.92 3.92 3.92 3.92 3.92 3.92 3.92 3.92 3.92 3.92 3.92 3.92 3.92 3.92 3.92 3.92 3.92 3.92 3.92 3.92 3.92 3.92 3.92 3.92 3.92 3.92 
3.1 3.1 3.1 3.1 3.1 3.1 3.1 3.1 3.1 3.1 3.1 3.38 3.38 3.38 3.38 3.38 3.38 3.38 3.38 3.38 3.38 3.38 3.38 3.38 3.38 3.38 3.38 3.38 3.38 3.38 3.38 3.38 3.38 3.38 3.38 3.38 3.38 3.38 3.38 3.38 3.38 3.38 3.38 3.38 3.38 3.38 3.38 3.38 3.38 3.38 3.38 3.38 3.38 3.38 3.38 3.38 3.38 3.38 3.38 3.38 3.38 3.38 3.38 3.38 3.38 3.38 3.38 3.38 3.38 3.38 3.38 3.92 3.92 3.92 3.92 3.92 3.92 3.92 3.92 3.92 3.92 3.92 3.92 3.92 3.92 3.92 3.92 3.92 3.92 3.92 3.92 3.92 3.92 3.92 3.92 3.92 3.92 3.92 3.92 3.92 
3.1 3.1 3.1 3.1 3.1 3.1 3.1 3.1 3.1 3.1 3.1 3.38 3.38 3.38 3.38 3.38 3.38 3.38 3.38 3.38 3.38 3.38 3.38 3.38 3.38 3.38 3.38 3.38 3.38 3.38 3.38 3.38 3.38 3.38 3.38 3.38 3.38 3.38 3.38 3.38 3.38 3.38 3.38 3.38 3.38 3.38 3.38 3.38 3.38 3.38 3.38 3.38 3.38 3.38 3.38 3.38 3.38 3.38 3.38 3.38 3.38 3.38 3.38 3.38 3.38 3.38 3.38 3.38 3.38 3.38 3.38 3.92 3.92 3.92 3.92 3.92 3.92 3.92 3.92 3.92 3.92 3.92 3.92 3.92 3.92 3.92 3.92 3.92 3.92 3.92 3.92 3.92 3.92 3.92 3.92 3.92 3.92 3.92 3.92 3.92 
3.1 3.1 3.1 3.1 3.1 3.1 3.1 3.1 3.1 3.1 3.1 3.38 3.38 3.38 3.38 3.38 3.38 3.38 3.38 3.38 3.38 3.38 3.38 3.38 3.38 3.38 3.38 3.38 3.38 3.38 3.38 3.38 3.38 3.38 3.38 3.38 3.38 3.38 3.38 3.38 3.38 3.38 3.38 3.38 3.38 3.38 3.38 3.38 3.38 3.38 3.38 3.38 3.38 3.38 3.38 3.38 3.38 3.38 3.38 3.38 3.38 3.38 3.38 3.38 3.38 3.38 3.38 3.38 3.38 3.38 3.38 3.92 3.92 3.92 3.92 3.92 3.92 3.92 3.92 3.92 3.92 3.92 3.92 3.92 3.92 3.92 3.92 3.92 3.92 3.92 3.92 3.92 3.92 3.92 3.92 3.92 3.92 3.92 3.92 3.92 
3.1 3.1 3.1 3.1 3.1 3.1 3.1 3.1 3.1 3.1 3.1 3.38 3.38 3.38 3.38 3.38 3.38 3.38 3.38 3.38 3.38 3.38 3.38 3.38 3.38 3.38 3.38 3.38 3.38 3.38 3.38 3.38 3.38 3.38 3.38 3.38 3.38 3.38 3.38 3.38 3.38 3.38 3.38 3.38 3.38 3.38 3.38 3.38 3.38 3.38 3.38 3.38 3.38 3.38 3.38 3.38 3.38 3.38 3.38 3.38 3.38 3.38 3.38 3.38 3.38 3.38 3.38 3.38 3.38 3.38 3.38 3.92 3.92 3.92 3.92 3.92 3.92 3.92 3.92 3.92 3.92 3.92 3.92 3.92 3.92 3.92 3.92 3.92 3.92 3.92 3.92 3.92 3.92 3.92 3.92 3.92 3.92 3.92 3.92 3.92 
3.1 3.1 3.1 3.1 3.1 3.1 3.1 3.1 3.1 3.1 3.1 3.38 3.38 3.38 3.38 3.38 3.38 3.38 3.38 3.38 3.38 3.38 3.38 3.38 3.38 3.38 3.38 3.38 3.38 3.38 3.38 3.38 3.38 3.38 3.38 3.38 3.38 3.38 3.38 3.38 3.38 3.38 3.38 3.38 3.38 3.38 3.38 3.38 3.38 3.38 3.38 3.38 3.38 3.38 3.38 3.38 3.38 3.38 3.38 3.38 3.38 3.38 3.38 3.38 3.38 3.38 3.38 3.38 3.38 3.38 3.38 3.92 3.92 3.92 3.92 3.92 3.92 3.92 3.92 3.92 3.92 3.92 3.92 3.92 3.92 3.92 3.92 3.92 3.92 3.92 3.92 3.92 3.92 3.92 3.92 3.92 3.92 3.92 3.92 3.92 
3.1 3.1 3.1 3.1 3.1 3.1 3.1 3.1 3.1 3.1 3.1 3.38 3.38 3.38 3.38 3.38 3.38 3.38 3.38 3.38 3.38 3.38 3.38 3.38 3.38 3.38 3.38 3.38 3.38 3.38 3.38 3.38 3.38 3.38 3.38 3.38 3.38 3.38 3.38 3.38 3.38 3.38 3.38 3.38 3.38 3.38 3.38 3.38 3.38 3.38 3.38 3.38 3.38 3.38 3.38 3.38 3.38 3.38 3.38 3.38 3.38 3.38 3.38 3.38 3.38 3.38 3.38 3.38 3.38 3.38 3.38 3.92 3.92 3.92 3.92 3.92 3.92 3.92 3.92 3.92 3.92 3.92 3.92 3.92 3.92 3.92 3.92 3.92 3.92 3.92 3.92 3.92 3.92 3.92 3.92 3.92 3.92 3.92 3.92 3.92 
3.1 3.1 3.1 3.1 3.1 3.1 3.1 3.1 3.1 3.1 3.1 3.38 3.38 3.38 3.38 3.38 3.38 3.38 3.38 3.38 3.38 3.38 3.38 3.38 3.38 3.38 3.38 3.38 3.38 3.38 3.38 3.38 3.38 3.38 3.38 3.38 3.38 3.38 3.38 3.38 3.38 3.38 3.38 3.38 3.38 3.38 3.38 3.38 3.38 3.38 3.38 3.38 3.38 3.38 3.38 3.38 3.38 3.38 3.38 3.38 3.38 3.38 3.38 3.38 3.38 3.38 3.38 3.38 3.38 3.38 3.38 3.92 3.92 3.92 3.92 3.92 3.92 3.92 3.92 3.92 3.92 3.92 3.92 3.92 3.92 3.92 3.92 3.92 3.92 3.92 3.92 3.92 3.92 3.92 3.92 3.92 3.92 3.92 3.92 3.92 
3.1 3.1 3.1 3.1 3.1 3.1 3.1 3.1 3.1 3.1 3.1 3.38 3.38 3.38 3.38 3.38 3.38 3.38 3.38 3.38 3.38 3.38 3.38 3.38 3.38 3.38 3.38 3.38 3.38 3.38 3.38 3.38 3.38 3.38 3.38 3.38 3.38 3.38 3.38 3.38 3.38 3.38 3.38 3.38 3.38 3.38 3.38 3.38 3.38 3.38 3.38 3.38 3.38 3.38 3.38 3.38 3.38 3.38 3.38 3.38 3.38 3.38 3.38 3.38 3.38 3.38 3.38 3.38 3.38 3.38 3.38 3.92 3.92 3.92 3.92 3.92 3.92 3.92 3.92 3.92 3.92 3.92 3.92 3.92 3.92 3.92 3.92 3.92 3.92 3.92 3.92 3.92 3.92 3.92 3.92 3.92 3.92 3.92 3.92 3.92 
3.1 3.1 3.1 3.1 3.1 3.1 3.1 3.1 3.1 3.1 3.1 3.38 3.38 3.38 3.38 3.38 3.38 3.38 3.38 3.38 3.38 3.38 3.38 3.38 3.38 3.38 3.38 3.38 3.38 3.38 3.38 3.38 3.38 3.38 3.38 3.38 3.38 3.38 3.38 3.38 3.38 3.38 3.38 3.38 3.38 3.38 3.38 3.38 3.38 3.38 3.38 3.38 3.38 3.38 3.38 3.38 3.38 3.38 3.38 3.38 3.38 3.38 3.38 3.38 3.38 3.38 3.38 3.38 3.38 3.38 3.38 3.92 3.92 3.92 3.92 3.92 3.92 3.92 3.92 3.92 3.92 3.92 3.92 3.92 3.92 3.92 3.92 3.92 3.92 3.92 3.92 3.92 3.92 3.92 3.92 3.92 3.92 3.92 3.92 3.92 
6.38 6.38 6.38 6.38 6.38 6.38 6.38 6.38 6.38 6.38 6.38 6.36 6.36 6.36 6.36 6.36 6.36 6.36 6.36 6.36 6.36 6.36 6.36 6.36 6.36 6.36 6.36 6.36 6.36 6.36 6.36 6.36 6.36 6.36 6.36 6.36 6.36 6.36 6.36 6.36 6.36 6.36 6.36 6.36 6.36 6.36 6.36 6.36 6.36 6.36 6.36 6.36 6.36 6.36 6.36 6.36 6.36 6.36 6.36 6.36 6.36 6.36 6.36 6.36 6.36 6.36 6.36 6.36 6.36 6.36 6.36 6.48 6.48 6.48 6.48 6.48 6.48 6.48 6.48 6.48 6.48 6.48 6.48 6.48 6.48 6.48 6.48 6.48 6.48 6.48 6.48 6.48 6.48 6.48 6.48 6.48 6.48 6.48 6.48 6.48 
6.38 6.38 6.38 6.38 6.38 6.38 6.38 6.38 6.38 6.38 6.38 6.36 6.36 6.36 6.36 6.36 6.36 6.36 6.36 6.36 6.36 6.36 6.36 6.36 6.36 6.36 6.36 6.36 6.36 6.36 6.36 6.36 6.36 6.36 6.36 6.36 6.36 6.36 6.36 6.36 6.36 6.36 6.36 6.36 6.36 6.36 6.36 6.36 6.36 6.36 6.36 6.36 6.36 6.36 6.36 6.36 6.36 6.36 6.36 6.36 6.36 6.36 6.36 6.36 6.36 6.36 6.36 6.36 6.36 6.36 6.36 6.48 6.48 6.48 6.48 6.48 6.48 6.48 6.48 6.48 6.48 6.48 6.48 6.48 6.48 6.48 6.48 6.48 6.48 6.48 6.48 6.48 6.48 6.48 6.48 6.48 6.48 6.48 6.48 6.48 
6.38 6.38 6.38 6.38 6.38 6.38 6.38 6.38 6.38 6.38 6.38 6.36 6.36 6.36 6.36 6.36 6.36 6.36 6.36 6.36 6.36 6.36 6.36 6.36 6.36 6.36 6.36 6.36 6.36 6.36 6.36 6.36 6.36 6.36 6.36 6.36 6.36 6.36 6.36 6.36 6.36 6.36 6.36 6.36 6.36 6.36 6.36 6.36 6.36 6.36 6.36 6.36 6.36 6.36 6.36 6.36 6.36 6.36 6.36 6.36 6.36 6.36 6.36 6.36 6.36 6.36 6.36 6.36 6.36 6.36 6.36 6.48 6.48 6.48 6.48 6.48 6.48 6.48 6.48 6.48 6.48 6.48 6.48 6.48 6.48 6.48 6.48 6.48 6.48 6.48 6.48 6.48 6.48 6.48 6.48 6.48 6.48 6.48 6.48 6.48 
6.38 6.38 6.38 6.38 6.38 6.38 6.38 6.38 6.38 6.38 6.38 6.36 6.36 6.36 6.36 6.36 6.36 6.36 6.36 6.36 6.36 6.36 6.36 6.36 6.36 6.36 6.36 6.36 6.36 6.36 6.36 6.36 6.36 6.36 6.36 6.36 6.36 6.36 6.36 6.36 6.36 6.36 6.36 6.36 6.36 6.36 6.36 6.36 6.36 6.36 6.36 6.36 6.36 6.36 6.36 6.36 6.36 6.36 6.36 6.36 6.36 6.36 6.36 6.36 6.36 6.36 6.36 6.36 6.36 6.36 6.36 6.48 6.48 6.48 6.48 6.48 6.48 6.48 6.48 6.48 6.48 6.48 6.48 6.48 6.48 6.48 6.48 6.48 6.48 6.48 6.48 6.48 6.48 6.48 6.48 6.48 6.48 6.48 6.48 6.48 
6.38 6.38 6.38 6.38 6.38 6.38 6.38 6.38 6.38 6.38 6.38 6.36 6.36 6.36 6.36 6.36 6.36 6.36 6.36 6.36 6.36 6.36 6.36 6.36 6.36 6.36 6.36 6.36 6.36 6.36 6.36 6.36 6.36 6.36 6.36 6.36 6.36 6.36 6.36 6.36 6.36 6.36 6.36 6.36 6.36 6.36 6.36 6.36 6.36 6.36 6.36 6.36 6.36 6.36 6.36 6.36 6.36 6.36 6.36 6.36 6.36 6.36 6.36 6.36 6.36 6.36 6.36 6.36 6.36 6.36 6.36 6.48 6.48 6.48 6.48 6.48 6.48 6.48 6.48 6.48 6.48 6.48 6.48 6.48 6.48 6.48 6.48 6.48 6.48 6.48 6.48 6.48 6.48 6.48 6.48 6.48 6.48 6.48 6.48 6.48 
6.38 6.38 6.38 6.38 6.38 6.38 6.38 6.38 6.38 6.38 6.38 6.36 6.36 6.36 6.36 6.36 6.36 6.36 6.36 6.36 6.36 6.36 6.36 6.36 6.36 6.36 6.36 6.36 6.36 6.36 6.36 6.36 6.36 6.36 6.36 6.36 6.36 6.36 6.36 6.36 6.36 6.36 6.36 6.36 6.36 6.36 6.36 6.36 6.36 6.36 6.36 6.36 6.36 6.36 6.36 6.36 6.36 6.36 6.36 6.36 6.36 6.36 6.36 6.36 6.36 6.36 6.36 6.36 6.36 6.36 6.36 6.48 6.48 6.48 6.48 6.48 6.48 6.48 6.48 6.48 6.48 6.48 6.48 6.48 6.48 6.48 6.48 6.48 6.48 6.48 6.48 6.48 6.48 6.48 6.48 6.48 6.48 6.48 6.48 6.48 
6.38 6.38 6.38 6.38 6.38 6.38 6.38 6.38 6.38 6.38 6.38 6.36 6.36 6.36 6.36 6.36 6.36 6.36 6.36 6.36 6.36 6.36 6.36 6.36 6.36 6.36 6.36 6.36 6.36 6.36 6.36 6.36 6.36 6.36 6.36 6.36 6.36 6.36 6.36 6.36 6.36 6.36 6.36 6.36 6.36 6.36 6.36 6.36 6.36 6.36 6.36 6.36 6.36 6.36 6.36 6.36 6.36 6.36 6.36 6.36 6.36 6.36 6.36 6.36 6.36 6.36 6.36 6.36 6.36 6.36 6.36 6.48 6.48 6.48 6.48 6.48 6.48 6.48 6.48 6.48 6.48 6.48 6.48 6.48 6.48 6.48 6.48 6.48 6.48 6.48 6.48 6.48 6.48 6.48 6.48 6.48 6.48 6.48 6.48 6.48 
6.38 6.38 6.38 6.38 6.38 6.38 6.38 6.38 6.38 6.38 6.38 6.36 6.36 6.36 6.36 6.36 6.36 6.36 6.36 6.36 6.36 6.36 6.36 6.36 6.36 6.36 6.36 6.36 6.36 6.36 6.36 6.36 6.36 6.36 6.36 6.36 6.36 6.36 6.36 6.36 6.36 6.36 6.36 6.36 6.36 6.36 6.36 6.36 6.36 6.36 6.36 6.36 6.36 6.36 6.36 6.36 6.36 6.36 6.36 6.36 6.36 6.36 6.36 6.36 6.36 6.36 6.36 6.36 6.36 6.36 6.36 6.48 6.48 6.48 6.48 6.48 6.48 6.48 6.48 6.48 6.48 6.48 6.48 6.48 6.48 6.48 6.48 6.48 6.48 6.48 6.48 6.48 6.48 6.48 6.48 6.48 6.48 6.48 6.48 6.48 
6.38 6.38 6.38 6.38 6.38 6.38 6.38 6.38 6.38 6.38 6.38 6.36 6.36 6.36 6.36 6.36 6.36 6.36 6.36 6.36 6.36 6.36 6.36 6.36 6.36 6.36 6.36 6.36 6.36 6.36 6.36 6.36 6.36 6.36 6.36 6.36 6.36 6.36 6.36 6.36 6.36 6.36 6.36 6.36 6.36 6.36 6.36 6.36 6.36 6.36 6.36 6.36 6.36 6.36 6.36 6.36 6.36 6.36 6.36 6.36 6.36 6.36 6.36 6.36 6.36 6.36 6.36 6.36 6.36 6.36 6.36 6.48 6.48 6.48 6.48 6.48 6.48 6.48 6.48 6.48 6.48 6.48 6.48 6.48 6.48 6.48 6.48 6.48 6.48 6.48 6.48 6.48 6.48 6.48 6.48 6.48 6.48 6.48 6.48 6.48 
6.38 6.38 6.38 6.38 6.38 6.38 6.38 6.38 6.38 6.38 6.38 6.36 6.36 6.36 6.36 6.36 6.36 6.36 6.36 6.36 6.36 6.36 6.36 6.36 6.36 6.36 6.36 6.36 6.36 6.36 6.36 6.36 6.36 6.36 6.36 6.36 6.36 6.36 6.36 6.36 6.36 6.36 6.36 6.36 6.36 6.36 6.36 6.36 6.36 6.36 6.36 6.36 6.36 6.36 6.36 6.36 6.36 6.36 6.36 6.36 6.36 6.36 6.36 6.36 6.36 6.36 6.36 6.36 6.36 6.36 6.36 6.48 6.48 6.48 6.48 6.48 6.48 6.48 6.48 6.48 6.48 6.48 6.48 6.48 6.48 6.48 6.48 6.48 6.48 6.48 6.48 6.48 6.48 6.48 6.48 6.48 6.48 6.48 6.48 6.48 
6.38 6.38 6.38 6.38 6.38 6.38 6.38 6.38 6.38 6.38 6.38 6.36 6.36 6.36 6.36 6.36 6.36 6.36 6.36 6.36 6.36 6.36 6.36 6.36 6.36 6.36 6.36 6.36 6.36 6.36 6.36 6.36 6.36 6.36 6.36 6.36 6.36 6.36 6.36 6.36 6.36 6.36 6.36 6.36 6.36 6.36 6.36 6.36 6.36 6.36 6.36 6.36 6.36 6.36 6.36 6.36 6.36 6.36 6.36 6.36 6.36 6.36 6.36 6.36 6.36 6.36 6.36 6.36 6.36 6.36 6.36 6.48 6.48 6.48 6.48 6.48 6.48 6.48 6.48 6.48 6.48 6.48 6.48 6.48 6.48 6.48 6.48 6.48 6.48 6.48 6.48 6.48 6.48 6.48 6.48 6.48 6.48 6.48 6.48 6.48 
6.38 6.38 6.38 6.38 6.38 6.38 6.38 6.38 6.38 6.38 6.38 6.36 6.36 6.36 6.36 6.36 6.36 6.36 6.36 6.36 6.36 6.36 6.36 6.36 6.36 6.36 6.36 6.36 6.36 6.36 6.36 6.36 6.36 6.36 6.36 6.36 6.36 6.36 6.36 6.36 6.36 6.36 6.36 6.36 6.36 6.36 6.36 6.36 6.36 6.36 6.36 6.36 6.36 6.36 6.36 6.36 6.36 6.36 6.36 6.36 6.36 6.36 6.36 6.36 6.36 6.36 6.36 6.36 6.36 6.36 6.36 6.48 6.48 6.48 6.48 6.48 6.48 6.48 6.48 6.48 6.48 6.48 6.48 6.48 6.48 6.48 6.48 6.48 6.48 6.48 6.48 6.48 6.48 6.48 6.48 6.48 6.48 6.48 6.48 6.48 
6.38 6.38 6.38 6.38 6.38 6.38 6.38 6.38 6.38 6.38 6.38 6.36 6.36 6.36 6.36 6.36 6.36 6.36 6.36 6.36 6.36 6.36 6.36 6.36 6.36 6.36 6.36 6.36 6.36 6.36 6.36 6.36 6.36 6.36 6.36 6.36 6.36 6.36 6.36 6.36 6.36 6.36 6.36 6.36 6.36 6.36 6.36 6.36 6.36 6.36 6.36 6.36 6.36 6.36 6.36 6.36 6.36 6.36 6.36 6.36 6.36 6.36 6.36 6.36 6.36 6.36 6.36 6.36 6.36 6.36 6.36 6.48 6.48 6.48 6.48 6.48 6.48 6.48 6.48 6.48 6.48 6.48 6.48 6.48 6.48 6.48 6.48 6.48 6.48 6.48 6.48 6.48 6.48 6.48 6.48 6.48 6.48 6.48 6.48 6.48 
6.38 6.38 6.38 6.38 6.38 6.38 6.38 6.38 6.38 6.38 6.38 6.36 6.36 6.36 6.36 6.36 6.36 6.36 6.36 6.36 6.36 6.36 6.36 6.36 6.36 6.36 6.36 6.36 6.36 6.36 6.36 6.36 6.36 6.36 6.36 6.36 6.36 6.36 6.36 6.36 6.36 6.36 6.36 6.36 6.36 6.36 6.36 6.36 6.36 6.36 6.36 6.36 6.36 6.36 6.36 6.36 6.36 6.36 6.36 6.36 6.36 6.36 6.36 6.36 6.36 6.36 6.36 6.36 6.36 6.36 6.36 6.48 6.48 6.48 6.48 6.48 6.48 6.48 6.48 6.48 6.48 6.48 6.48 6.48 6.48 6.48 6.48 6.48 6.48 6.48 6.48 6.48 6.48 6.48 6.48 6.48 6.48 6.48 6.48 6.48 
6.38 6.38 6.38 6.38 6.38 6.38 6.38 6.38 6.38 6.38 6.38 6.36 6.36 6.36 6.36 6.36 6.36 6.36 6.36 6.36 6.36 6.36 6.36 6.36 6.36 6.36 6.36 6.36 6.36 6.36 6.36 6.36 6.36 6.36 6.36 6.36 6.36 6.36 6.36 6.36 6.36 6.36 6.36 6.36 6.36 6.36 6.36 6.36 6.36 6.36 6.36 6.36 6.36 6.36 6.36 6.36 6.36 6.36 6.36 6.36 6.36 6.36 6.36 6.36 6.36 6.36 6.36 6.36 6.36 6.36 6.36 6.48 6.48 6.48 6.48 6.48 6.48 6.48 6.48 6.48 6.48 6.48 6.48 6.48 6.48 6.48 6.48 6.48 6.48 6.48 6.48 6.48 6.48 6.48 6.48 6.48 6.48 6.48 6.48 6.48 
6.38 6.38 6.38 6.38 6.38 6.38 6.38 6.38 6.38 6.38 6.38 6.36 6.36 6.36 6.36 6.36 6.36 6.36 6.36 6.36 6.36 6.36 6.36 6.36 6.36 6.36 6.36 6.36 6.36 6.36 6.36 6.36 6.36 6.36 6.36 6.36 6.36 6.36 6.36 6.36 6.36 6.36 6.36 6.36 6.36 6.36 6.36 6.36 6.36 6.36 6.36 6.36 6.36 6.36 6.36 6.36 6.36 6.36 6.36 6.36 6.36 6.36 6.36 6.36 6.36 6.36 6.36 6.36 6.36 6.36 6.36 6.48 6.48 6.48 6.48 6.48 6.48 6.48 6.48 6.48 6.48 6.48 6.48 6.48 6.48 6.48 6.48 6.48 6.48 6.48 6.48 6.48 6.48 6.48 6.48 6.48 6.48 6.48 6.48 6.48 
6.38 6.38 6.38 6.38 6.38 6.38 6.38 6.38 6.38 6.38 6.38 6.36 6.36 6.36 6.36 6.36 6.36 6.36 6.36 6.36 6.36 6.36 6.36 6.36 6.36 6.36 6.36 6.36 6.36 6.36 6.36 6.36 6.36 6.36 6.36 6.36 6.36 6.36 6.36 6.36 6.36 6.36 6.36 6.36 6.36 6.36 6.36 6.36 6.36 6.36 6.36 6.36 6.36 6.36 6.36 6.36 6.36 6.36 6.36 6.36 6.36 6.36 6.36 6.36 6.36 6.36 6.36 6.36 6.36 6.36 6.36 6.48 6.48 6.48 6.48 6.48 6.48 6.48 6.48 6.48 6.48 6.48 6.48 6.48 6.48 6.48 6.48 6.48 6.48 6.48 6.48 6.48 6.48 6.48 6.48 6.48 6.48 6.48 6.48 6.48 
6.38 6.38 6.38 6.38 6.38 6.38 6.38 6.38 6.38 6.38 6.38 6.36 6.36 6.36 6.36 6.36 6.36 6.36 6.36 6.36 6.36 6.36 6.36 6.36 6.36 6.36 6.36 6.36 6.36 6.36 6.36 6.36 6.36 6.36 6.36 6.36 6.36 6.36 6.36 6.36 6.36 6.36 6.36 6.36 6.36 6.36 6.36 6.36 6.36 6.36 6.36 6.36 6.36 6.36 6.36 6.36 6.36 6.36 6.36 6.36 6.36 6.36 6.36 6.36 6.36 6.36 6.36 6.36 6.36 6.36 6.36 6.48 6.48 6.48 6.48 6.48 6.48 6.48 6.48 6.48 6.48 6.48 6.48 6.48 6.48 6.48 6.48 6.48 6.48 6.48 6.48 6.48 6.48 6.48 6.48 6.48 6.48 6.48 6.48 6.48 
6.38 6.38 6.38 6.38 6.38 6.38 6.38 6.38 6.38 6.38 6.38 6.36 6.36 6.36 6.36 6.36 6.36 6.36 6.36 6.36 6.36 6.36 6.36 6.36 6.36 6.36 6.36 6.36 6.36 6.36 6.36 6.36 6.36 6.36 6.36 6.36 6.36 6.36 6.36 6.36 6.36 6.36 6.36 6.36 6.36 6.36 6.36 6.36 6.36 6.36 6.36 6.36 6.36 6.36 6.36 6.36 6.36 6.36 6.36 6.36 6.36 6.36 6.36 6.36 6.36 6.36 6.36 6.36 6.36 6.36 6.36 6.48 6.48 6.48 6.48 6.48 6.48 6.48 6.48 6.48 6.48 6.48 6.48 6.48 6.48 6.48 6.48 6.48 6.48 6.48 6.48 6.48 6.48 6.48 6.48 6.48 6.48 6.48 6.48 6.48 
6.38 6.38 6.38 6.38 6.38 6.38 6.38 6.38 6.38 6.38 6.38 6.36 6.36 6.36 6.36 6.36 6.36 6.36 6.36 6.36 6.36 6.36 6.36 6.36 6.36 6.36 6.36 6.36 6.36 6.36 6.36 6.36 6.36 6.36 6.36 6.36 6.36 6.36 6.36 6.36 6.36 6.36 6.36 6.36 6.36 6.36 6.36 6.36 6.36 6.36 6.36 6.36 6.36 6.36 6.36 6.36 6.36 6.36 6.36 6.36 6.36 6.36 6.36 6.36 6.36 6.36 6.36 6.36 6.36 6.36 6.36 6.48 6.48 6.48 6.48 6.48 6.48 6.48 6.48 6.48 6.48 6.48 6.48 6.48 6.48 6.48 6.48 6.48 6.48 6.48 6.48 6.48 6.48 6.48 6.48 6.48 6.48 6.48 6.48 6.48 
6.38 6.38 6.38 6.38 6.38 6.38 6.38 6.38 6.38 6.38 6.38 6.36 6.36 6.36 6.36 6.36 6.36 6.36 6.36 6.36 6.36 6.36 6.36 6.36 6.36 6.36 6.36 6.36 6.36 6.36 6.36 6.36 6.36 6.36 6.36 6.36 6.36 6.36 6.36 6.36 6.36 6.36 6.36 6.36 6.36 6.36 6.36 6.36 6.36 6.36 6.36 6.36 6.36 6.36 6.36 6.36 6.36 6.36 6.36 6.36 6.36 6.36 6.36 6.36 6.36 6.36 6.36 6.36 6.36 6.36 6.36 6.48 6.48 6.48 6.48 6.48 6.48 6.48 6.48 6.48 6.48 6.48 6.48 6.48 6.48 6.48 6.48 6.48 6.48 6.48 6.48 6.48 6.48 6.48 6.48 6.48 6.48 6.48 6.48 6.48 
6.38 6.38 6.38 6.38 6.38 6.38 6.38 6.38 6.38 6.38 6.38 6.36 6.36 6.36 6.36 6.36 6.36 6.36 6.36 6.36 6.36 6.36 6.36 6.36 6.36 6.36 6.36 6.36 6.36 6.36 6.36 6.36 6.36 6.36 6.36 6.36 6.36 6.36 6.36 6.36 6.36 6.36 6.36 6.36 6.36 6.36 6.36 6.36 6.36 6.36 6.36 6.36 6.36 6.36 6.36 6.36 6.36 6.36 6.36 6.36 6.36 6.36 6.36 6.36 6.36 6.36 6.36 6.36 6.36 6.36 6.36 6.48 6.48 6.48 6.48 6.48 6.48 6.48 6.48 6.48 6.48 6.48 6.48 6.48 6.48 6.48 6.48 6.48 6.48 6.48 6.48 6.48 6.48 6.48 6.48 6.48 6.48 6.48 6.48 6.48 
6.38 6.38 6.38 6.38 6.38 6.38 6.38 6.38 6.38 6.38 6.38 6.36 6.36 6.36 6.36 6.36 6.36 6.36 6.36 6.36 6.36 6.36 6.36 6.36 6.36 6.36 6.36 6.36 6.36 6.36 6.36 6.36 6.36 6.36 6.36 6.36 6.36 6.36 6.36 6.36 6.36 6.36 6.36 6.36 6.36 6.36 6.36 6.36 6.36 6.36 6.36 6.36 6.36 6.36 6.36 6.36 6.36 6.36 6.36 6.36 6.36 6.36 6.36 6.36 6.36 6.36 6.36 6.36 6.36 6.36 6.36 6.48 6.48 6.48 6.48 6.48 6.48 6.48 6.48 6.48 6.48 6.48 6.48 6.48 6.48 6.48 6.48 6.48 6.48 6.48 6.48 6.48 6.48 6.48 6.48 6.48 6.48 6.48 6.48 6.48 
6.38 6.38 6.38 6.38 6.38 6.38 6.38 6.38 6.38 6.38 6.38 6.36 6.36 6.36 6.36 6.36 6.36 6.36 6.36 6.36 6.36 6.36 6.36 6.36 6.36 6.36 6.36 6.36 6.36 6.36 6.36 6.36 6.36 6.36 6.36 6.36 6.36 6.36 6.36 6.36 6.36 6.36 6.36 6.36 6.36 6.36 6.36 6.36 6.36 6.36 6.36 6.36 6.36 6.36 6.36 6.36 6.36 6.36 6.36 6.36 6.36 6.36 6.36 6.36 6.36 6.36 6.36 6.36 6.36 6.36 6.36 6.48 6.48 6.48 6.48 6.48 6.48 6.48 6.48 6.48 6.48 6.48 6.48 6.48 6.48 6.48 6.48 6.48 6.48 6.48 6.48 6.48 6.48 6.48 6.48 6.48 6.48 6.48 6.48 6.48 
6.38 6.38 6.38 6.38 6.38 6.38 6.38 6.38 6.38 6.38 6.38 6.36 6.36 6.36 6.36 6.36 6.36 6.36 6.36 6.36 6.36 6.36 6.36 6.36 6.36 6.36 6.36 6.36 6.36 6.36 6.36 6.36 6.36 6.36 6.36 6.36 6.36 6.36 6.36 6.36 6.36 6.36 6.36 6.36 6.36 6.36 6.36 6.36 6.36 6.36 6.36 6.36 6.36 6.36 6.36 6.36 6.36 6.36 6.36 6.36 6.36 6.36 6.36 6.36 6.36 6.36 6.36 6.36 6.36 6.36 6.36 6.48 6.48 6.48 6.48 6.48 6.48 6.48 6.48 6.48 6.48 6.48 6.48 6.48 6.48 6.48 6.48 6.48 6.48 6.48 6.48 6.48 6.48 6.48 6.48 6.48 6.48 6.48 6.48 6.48 
6.38 6.38 6.38 6.38 6.38 6.38 6.38 6.38 6.38 6.38 6.38 6.36 6.36 6.36 6.36 6.36 6.36 6.36 6.36 6.36 6.36 6.36 6.36 6.36 6.36 6.36 6.36 6.36 6.36 6.36 6.36 6.36 6.36 6.36 6.36 6.36 6.36 6.36 6.36 6.36 6.36 6.36 6.36 6.36 6.36 6.36 6.36 6.36 6.36 6.36 6.36 6.36 6.36 6.36 6.36 6.36 6.36 6.36 6.36 6.36 6.36 6.36 6.36 6.36 6.36 6.36 6.36 6.36 6.36 6.36 6.36 6.48 6.48 6.48 6.48 6.48 6.48 6.48 6.48 6.48 6.48 6.48 6.48 6.48 6.48 6.48 6.48 6.48 6.48 6.48 6.48 6.48 6.48 6.48 6.48 6.48 6.48 6.48 6.48 6.48 
6.38 6.38 6.38 6.38 6.38 6.38 6.38 6.38 6.38 6.38 6.38 6.36 6.36 6.36 6.36 6.36 6.36 6.36 6.36 6.36 6.36 6.36 6.36 6.36 6.36 6.36 6.36 6.36 6.36 6.36 6.36 6.36 6.36 6.36 6.36 6.36 6.36 6.36 6.36 6.36 6.36 6.36 6.36 6.36 6.36 6.36 6.36 6.36 6.36 6.36 6.36 6.36 6.36 6.36 6.36 6.36 6.36 6.36 6.36 6.36 6.36 6.36 6.36 6.36 6.36 6.36 6.36 6.36 6.36 6.36 6.36 6.48 6.48 6.48 6.48 6.48 6.48 6.48 6.48 6.48 6.48 6.48 6.48 6.48 6.48 6.48 6.48 6.48 6.48 6.48 6.48 6.48 6.48 6.48 6.48 6.48 6.48 6.48 6.48 6.48 
6.38 6.38 6.38 6.38 6.38 6.38 6.38 6.38 6.38 6.38 6.38 6.36 6.36 6.36 6.36 6.36 6.36 6.36 6.36 6.36 6.36 6.36 6.36 6.36 6.36 6.36 6.36 6.36 6.36 6.36 6.36 6.36 6.36 6.36 6.36 6.36 6.36 6.36 6.36 6.36 6.36 6.36 6.36 6.36 6.36 6.36 6.36 6.36 6.36 6.36 6.36 6.36 6.36 6.36 6.36 6.36 6.36 6.36 6.36 6.36 6.36 6.36 6.36 6.36 6.36 6.36 6.36 6.36 6.36 6.36 6.36 6.48 6.48 6.48 6.48 6.48 6.48 6.48 6.48 6.48 6.48 6.48 6.48 6.48 6.48 6.48 6.48 6.48 6.48 6.48 6.48 6.48 6.48 6.48 6.48 6.48 6.48 6.48 6.48 6.48 
6.38 6.38 6.38 6.38 6.38 6.38 6.38 6.38 6.38 6.38 6.38 6.36 6.36 6.36 6.36 6.36 6.36 6.36 6.36 6.36 6.36 6.36 6.36 6.36 6.36 6.36 6.36 6.36 6.36 6.36 6.36 6.36 6.36 6.36 6.36 6.36 6.36 6.36 6.36 6.36 6.36 6.36 6.36 6.36 6.36 6.36 6.36 6.36 6.36 6.36 6.36 6.36 6.36 6.36 6.36 6.36 6.36 6.36 6.36 6.36 6.36 6.36 6.36 6.36 6.36 6.36 6.36 6.36 6.36 6.36 6.36 6.48 6.48 6.48 6.48 6.48 6.48 6.48 6.48 6.48 6.48 6.48 6.48 6.48 6.48 6.48 6.48 6.48 6.48 6.48 6.48 6.48 6.48 6.48 6.48 6.48 6.48 6.48 6.48 6.48 
6.38 6.38 6.38 6.38 6.38 6.38 6.38 6.38 6.38 6.38 6.38 6.36 6.36 6.36 6.36 6.36 6.36 6.36 6.36 6.36 6.36 6.36 6.36 6.36 6.36 6.36 6.36 6.36 6.36 6.36 6.36 6.36 6.36 6.36 6.36 6.36 6.36 6.36 6.36 6.36 6.36 6.36 6.36 6.36 6.36 6.36 6.36 6.36 6.36 6.36 6.36 6.36 6.36 6.36 6.36 6.36 6.36 6.36 6.36 6.36 6.36 6.36 6.36 6.36 6.36 6.36 6.36 6.36 6.36 6.36 6.36 6.48 6.48 6.48 6.48 6.48 6.48 6.48 6.48 6.48 6.48 6.48 6.48 6.48 6.48 6.48 6.48 6.48 6.48 6.48 6.48 6.48 6.48 6.48 6.48 6.48 6.48 6.48 6.48 6.48 
6.38 6.38 6.38 6.38 6.38 6.38 6.38 6.38 6.38 6.38 6.38 6.36 6.36 6.36 6.36 6.36 6.36 6.36 6.36 6.36 6.36 6.36 6.36 6.36 6.36 6.36 6.36 6.36 6.36 6.36 6.36 6.36 6.36 6.36 6.36 6.36 6.36 6.36 6.36 6.36 6.36 6.36 6.36 6.36 6.36 6.36 6.36 6.36 6.36 6.36 6.36 6.36 6.36 6.36 6.36 6.36 6.36 6.36 6.36 6.36 6.36 6.36 6.36 6.36 6.36 6.36 6.36 6.36 6.36 6.36 6.36 6.48 6.48 6.48 6.48 6.48 6.48 6.48 6.48 6.48 6.48 6.48 6.48 6.48 6.48 6.48 6.48 6.48 6.48 6.48 6.48 6.48 6.48 6.48 6.48 6.48 6.48 6.48 6.48 6.48 
