ncols         100
nrows         100
xllcorner     -59982.863281
yllcorner     1851083.022172
cellsize      1000
NODATA_value  -9999
3.42 3.42 3.42 3.42 3.42 3.42 3.42 3.42 3.42 3.42 3.42 2.66 2.66 2.66 2.66 2.66 2.66 2.66 2.66 2.66 2.66 2.66 2.66 2.66 2.66 2.66 2.66 2.66 2.66 2.66 2.66 2.66 2.66 2.66 2.66 2.66 2.66 2.66 2.66 2.66 2.66 2.66 2.66 2.66 2.66 2.66 2.66 2.66 2.66 2.66 2.66 2.66 2.66 2.66 2.66 2.66 2.66 2.66 2.66 2.66 2.66 2.66 2.66 2.66 2.66 2.66 2.66 2.66 2.66 2.66 2.66 2.8 2.8 2.8 2.8 2.8 2.8 2.8 2.8 2.8 2.8 2.8 2.8 2.8 2.8 2.8 2.8 2.8 2.8 2.8 2.8 2.8 2.8 2.8 2.8 2.8 2.8 2.8 2.8 2.8 
3.42 3.42 3.42 3.42 3.42 3.42 3.42 3.42 3.42 3.42 3.42 2.66 2.66 2.66 2.66 2.66 2.66 2.66 2.66 2.66 2.66 2.66 2.66 2.66 2.66 2.66 2.66 2.66 2.66 2.66 2.66 2.66 2.66 2.66 2.66 2.66 2.66 2.66 2.66 2.66 2.66 2.66 2.66 2.66 2.66 2.66 2.66 2.66 2.66 2.66 2.66 2.66 2.66 2.66 2.66 2.66 2.66 2.66 2.66 2.66 2.66 2.66 2.66 2.66 2.66 2.66 2.66 2.66 2.66 2.66 2.66 2.8 2.8 2.8 2.8 2.8 2.8 2.8 2.8 2.8 2.8 2.8 2.8 2.8 2.8 2.8 2.8 2.8 2.8 2.8 2.8 2.8 2.8 2.8 2.8 2.8 2.8 2.8 2.8 2.8 
3.42 3.42 3.42 3.42 3.42 3.42 3.42 3.42 3.42 3.42 3.42 2.66 2.66 2.66 2.66 2.66 2.66 2.66 2.66 2.66 2.66 2.66 2.66 2.66 2.66 2.66 2.66 2.66 2.66 2.66 2.66 2.66 2.66 2.66 2.66 2.66 2.66 2.66 2.66 2.66 2.66 2.66 2.66 2.66 2.66 2.66 2.66 2.66 2.66 2.66 2.66 2.66 2.66 2.66 2.66 2.66 2.66 2.66 2.66 2.66 2.66 2.66 2.66 2.66 2.66 2.66 2.66 2.66 2.66 2.66 2.66 2.8 2.8 2.8 2.8 2.8 2.8 2.8 2.8 2.8 2.8 2.8 2.8 2.8 2.8 2.8 2.8 2.8 2.8 2.8 2.8 2.8 2.8 2.8 2.8 2.8 2.8 2.8 2.8 2.8 
3.42 3.42 3.42 3.42 3.42 3.42 3.42 3.42 3.42 3.42 3.42 2.66 2.66 2.66 2.66 2.66 2.66 2.66 2.66 2.66 2.66 2.66 2.66 2.66 2.66 2.66 2.66 2.66 2.66 2.66 2.66 2.66 2.66 2.66 2.66 2.66 2.66 2.66 2.66 2.66 2.66 2.66 2.66 2.66 2.66 2.66 2.66 2.66 2.66 2.66 2.66 2.66 2.66 2.66 2.66 2.66 2.66 2.66 2.66 2.66 2.66 2.66 2.66 2.66 2.66 2.66 2.66 2.66 2.66 2.66 2.66 2.8 2.8 2.8 2.8 2.8 2.8 2.8 2.8 2.8 2.8 2.8 2.8 2.8 2.8 2.8 2.8 2.8 2.8 2.8 2.8 2.8 2.8 2.8 2.8 2.8 2.8 2.8 2.8 2.8 
3.42 3.42 3.42 3.42 3.42 3.42 3.42 3.42 3.42 3.42 3.42 2.66 2.66 2.66 2.66 2.66 2.66 2.66 2.66 2.66 2.66 2.66 2.66 2.66 2.66 2.66 2.66 2.66 2.66 2.66 2.66 2.66 2.66 2.66 2.66 2.66 2.66 2.66 2.66 2.66 2.66 2.66 2.66 2.66 2.66 2.66 2.66 2.66 2.66 2.66 2.66 2.66 2.66 2.66 2.66 2.66 2.66 2.66 2.66 2.66 2.66 2.66 2.66 2.66 2.66 2.66 2.66 2.66 2.66 2.66 2.66 2.8 2.8 2.8 2.8 2.8 2.8 2.8 2.8 2.8 2.8 2.8 2.8 2.8 2.8 2.8 2.8 2.8 2.8 2.8 2.8 2.8 2.8 2.8 2.8 2.8 2.8 2.8 2.8 2.8 
3.42 3.42 3.42 3.42 3.42 3.42 3.42 3.42 3.42 3.42 3.42 2.66 2.66 2.66 2.66 2.66 2.66 2.66 2.66 2.66 2.66 2.66 2.66 2.66 2.66 2.66 2.66 2.66 2.66 2.66 2.66 2.66 2.66 2.66 2.66 2.66 2.66 2.66 2.66 2.66 2.66 2.66 2.66 2.66 2.66 2.66 2.66 2.66 2.66 2.66 2.66 2.66 2.66 2.66 2.66 2.66 2.66 2.66 2.66 2.66 2.66 2.66 2.66 2.66 2.66 2.66 2.66 2.66 2.66 2.66 2.66 2.8 2.8 2.8 2.8 2.8 2.8 2.8 2.8 2.8 2.8 2.8 2.8 2.8 2.8 2.8 2.8 2.8 2.8 2.8 2.8 2.8 2.8 2.8 2.8 2.8 2.8 2.8 2.8 2.8 
3.42 3.42 3.42 3.42 3.42 3.42 3.42 3.42 3.42 3.42 3.42 2.66 2.66 2.66 2.66 2.66 2.66 2.66 2.66 2.66 2.66 2.66 2.66 2.66 2.66 2.66 2.66 2.66 2.66 2.66 2.66 2.66 2.66 2.66 2.66 2.66 2.66 2.66 2.66 2.66 2.66 2.66 2.66 2.66 2.66 2.66 2.66 2.66 2.66 2.66 2.66 2.66 2.66 2.66 2.66 2.66 2.66 2.66 2.66 2.66 2.66 2.66 2.66 2.66 2.66 2.66 2.66 2.66 2.66 2.66 2.66 2.8 2.8 2.8 2.8 2.8 2.8 2.8 2.8 2.8 2.8 2.8 2.8 2.8 2.8 2.8 2.8 2.8 2.8 2.8 2.8 2.8 2.8 2.8 2.8 2.8 2.8 2.8 2.8 2.8 
3.42 3.42 3.42 3.42 3.42 3.42 3.42 3.42 3.42 3.42 3.42 2.66 2.66 2.66 2.66 2.66 2.66 2.66 2.66 2.66 2.66 2.66 2.66 2.66 2.66 2.66 2.66 2.66 2.66 2.66 2.66 2.66 2.66 2.66 2.66 2.66 2.66 2.66 2.66 2.66 2.66 2.66 2.66 2.66 2.66 2.66 2.66 2.66 2.66 2.66 2.66 2.66 2.66 2.66 2.66 2.66 2.66 2.66 2.66 2.66 2.66 2.66 2.66 2.66 2.66 2.66 2.66 2.66 2.66 2.66 2.66 2.8 2.8 2.8 2.8 2.8 2.8 2.8 2.8 2.8 2.8 2.8 2.8 2.8 2.8 2.8 2.8 2.8 2.8 2.8 2.8 2.8 2.8 2.8 2.8 2.8 2.8 2.8 2.8 2.8 
3.42 3.42 3.42 3.42 3.42 3.42 3.42 3.42 3.42 3.42 3.42 2.66 2.66 2.66 2.66 2.66 2.66 2.66 2.66 2.66 2.66 2.66 2.66 2.66 2.66 2.66 2.66 2.66 2.66 2.66 2.66 2.66 2.66 2.66 2.66 2.66 2.66 2.66 2.66 2.66 2.66 2.66 2.66 2.66 2.66 2.66 2.66 2.66 2.66 2.66 2.66 2.66 2.66 2.66 2.66 2.66 2.66 2.66 2.66 2.66 2.66 2.66 2.66 2.66 2.66 2.66 2.66 2.66 2.66 2.66 2.66 2.8 2.8 2.8 2.8 2.8 2.8 2.8 2.8 2.8 2.8 2.8 2.8 2.8 2.8 2.8 2.8 2.8 2.8 2.8 2.8 2.8 2.8 2.8 2.8 2.8 2.8 2.8 2.8 2.8 
3.6 3.6 3.6 3.6 3.6 3.6 3.6 3.6 3.6 3.6 3.6 3.84 3.84 3.84 3.84 3.84 3.84 3.84 3.84 3.84 3.84 3.84 3.84 3.84 3.84 3.84 3.84 3.84 3.84 3.84 3.84 3.84 3.84 3.84 3.84 3.84 3.84 3.84 3.84 3.84 3.84 3.84 3.84 3.84 3.84 3.84 3.84 3.84 3.84 3.84 3.84 3.84 3.84 3.84 3.84 3.84 3.84 3.84 3.84 3.84 3.84 3.84 3.84 3.84 3.84 3.84 3.84 3.84 3.84 3.84 3.84 4.34 4.34 4.34 4.34 4.34 4.34 4.34 4.34 4.34 4.34 4.34 4.34 4.34 4.34 4.34 4.34 4.34 4.34 4.34 4.34 4.34 4.34 4.34 4.34 4.34 4.34 4.34 4.34 4.34 
3.6 3.6 3.6 3.6 3.6 3.6 3.6 3.6 3.6 3.6 3.6 3.84 3.84 3.84 3.84 3.84 3.84 3.84 3.84 3.84 3.84 3.84 3.84 3.84 3.84 3.84 3.84 3.84 3.84 3.84 3.84 3.84 3.84 3.84 3.84 3.84 3.84 3.84 3.84 3.84 3.84 3.84 3.84 3.84 3.84 3.84 3.84 3.84 3.84 3.84 3.84 3.84 3.84 3.84 3.84 3.84 3.84 3.84 3.84 3.84 3.84 3.84 3.84 3.84 3.84 3.84 3.84 3.84 3.84 3.84 3.84 4.34 4.34 4.34 4.34 4.34 4.34 4.34 4.34 4.34 4.34 4.34 4.34 4.34 4.34 4.34 4.34 4.34 4.34 4.34 4.34 4.34 4.34 4.34 4.34 4.34 4.34 4.34 4.34 4.34 
3.6 3.6 3.6 3.6 3.6 3.6 3.6 3.6 3.6 3.6 3.6 3.84 3.84 3.84 3.84 3.84 3.84 3.84 3.84 3.84 3.84 3.84 3.84 3.84 3.84 3.84 3.84 3.84 3.84 3.84 3.84 3.84 3.84 3.84 3.84 3.84 3.84 3.84 3.84 3.84 3.84 3.84 3.84 3.84 3.84 3.84 3.84 3.84 3.84 3.84 3.84 3.84 3.84 3.84 3.84 3.84 3.84 3.84 3.84 3.84 3.84 3.84 3.84 3.84 3.84 3.84 3.84 3.84 3.84 3.84 3.84 4.34 4.34 4.34 4.34 4.34 4.34 4.34 4.34 4.34 4.34 4.34 4.34 4.34 4.34 4.34 4.34 4.34 4.34 4.34 4.34 4.34 4.34 4.34 4.34 4.34 4.34 4.34 4.34 4.34 
3.6 3.6 3.6 3.6 3.6 3.6 3.6 3.6 3.6 3.6 3.6 3.84 3.84 3.84 3.84 3.84 3.84 3.84 3.84 3.84 3.84 3.84 3.84 3.84 3.84 3.84 3.84 3.84 3.84 3.84 3.84 3.84 3.84 3.84 3.84 3.84 3.84 3.84 3.84 3.84 3.84 3.84 3.84 3.84 3.84 3.84 3.84 3.84 3.84 3.84 3.84 3.84 3.84 3.84 3.84 3.84 3.84 3.84 3.84 3.84 3.84 3.84 3.84 3.84 3.84 3.84 3.84 3.84 3.84 3.84 3.84 4.34 4.34 4.34 4.34 4.34 4.34 4.34 4.34 4.34 4.34 4.34 4.34 4.34 4.34 4.34 4.34 4.34 4.34 4.34 4.34 4.34 4.34 4.34 4.34 4.34 4.34 4.34 4.34 4.34 
3.6 3.6 3.6 3.6 3.6 3.6 3.6 3.6 3.6 3.6 3.6 3.84 3.84 3.84 3.84 3.84 3.84 3.84 3.84 3.84 3.84 3.84 3.84 3.84 3.84 3.84 3.84 3.84 3.84 3.84 3.84 3.84 3.84 3.84 3.84 3.84 3.84 3.84 3.84 3.84 3.84 3.84 3.84 3.84 3.84 3.84 3.84 3.84 3.84 3.84 3.84 3.84 3.84 3.84 3.84 3.84 3.84 3.84 3.84 3.84 3.84 3.84 3.84 3.84 3.84 3.84 3.84 3.84 3.84 3.84 3.84 4.34 4.34 4.34 4.34 4.34 4.34 4.34 4.34 4.34 4.34 4.34 4.34 4.34 4.34 4.34 4.34 4.34 4.34 4.34 4.34 4.34 4.34 4.34 4.34 4.34 4.34 4.34 4.34 4.34 
3.6 3.6 3.6 3.6 3.6 3.6 3.6 3.6 3.6 3.6 3.6 3.84 3.84 3.84 3.84 3.84 3.84 3.84 3.84 3.84 3.84 3.84 3.84 3.84 3.84 3.84 3.84 3.84 3.84 3.84 3.84 3.84 3.84 3.84 3.84 3.84 3.84 3.84 3.84 3.84 3.84 3.84 3.84 3.84 3.84 3.84 3.84 3.84 3.84 3.84 3.84 3.84 3.84 3.84 3.84 3.84 3.84 3.84 3.84 3.84 3.84 3.84 3.84 3.84 3.84 3.84 3.84 3.84 3.84 3.84 3.84 4.34 4.34 4.34 4.34 4.34 4.34 4.34 4.34 4.34 4.34 4.34 4.34 4.34 4.34 4.34 4.34 4.34 4.34 4.34 4.34 4.34 4.34 4.34 4.34 4.34 4.34 4.34 4.34 4.34 
3.6 3.6 3.6 3.6 3.6 3.6 3.6 3.6 3.6 3.6 3.6 3.84 3.84 3.84 3.84 3.84 3.84 3.84 3.84 3.84 3.84 3.84 3.84 3.84 3.84 3.84 3.84 3.84 3.84 3.84 3.84 3.84 3.84 3.84 3.84 3.84 3.84 3.84 3.84 3.84 3.84 3.84 3.84 3.84 3.84 3.84 3.84 3.84 3.84 3.84 3.84 3.84 3.84 3.84 3.84 3.84 3.84 3.84 3.84 3.84 3.84 3.84 3.84 3.84 3.84 3.84 3.84 3.84 3.84 3.84 3.84 4.34 4.34 4.34 4.34 4.34 4.34 4.34 4.34 4.34 4.34 4.34 4.34 4.34 4.34 4.34 4.34 4.34 4.34 4.34 4.34 4.34 4.34 4.34 4.34 4.34 4.34 4.34 4.34 4.34 
3.6 3.6 3.6 3.6 3.6 3.6 3.6 3.6 3.6 3.6 3.6 3.84 3.84 3.84 3.84 3.84 3.84 3.84 3.84 3.84 3.84 3.84 3.84 3.84 3.84 3.84 3.84 3.84 3.84 3.84 3.84 3.84 3.84 3.84 3.84 3.84 3.84 3.84 3.84 3.84 3.84 3.84 3.84 3.84 3.84 3.84 3.84 3.84 3.84 3.84 3.84 3.84 3.84 3.84 3.84 3.84 3.84 3.84 3.84 3.84 3.84 3.84 3.84 3.84 3.84 3.84 3.84 3.84 3.84 3.84 3.84 4.34 4.34 4.34 4.34 4.34 4.34 4.34 4.34 4.34 4.34 4.34 4.34 4.34 4.34 4.34 4.34 4.34 4.34 4.34 4.34 4.34 4.34 4.34 4.34 4.34 4.34 4.34 4.34 4.34 
3.6 3.6 3.6 3.6 3.6 3.6 3.6 3.6 3.6 3.6 3.6 3.84 3.84 3.84 3.84 3.84 3.84 3.84 3.84 3.84 3.84 3.84 3.84 3.84 3.84 3.84 3.84 3.84 3.84 3.84 3.84 3.84 3.84 3.84 3.84 3.84 3.84 3.84 3.84 3.84 3.84 3.84 3.84 3.84 3.84 3.84 3.84 3.84 3.84 3.84 3.84 3.84 3.84 3.84 3.84 3.84 3.84 3.84 3.84 3.84 3.84 3.84 3.84 3.84 3.84 3.84 3.84 3.84 3.84 3.84 3.84 4.34 4.34 4.34 4.34 4.34 4.34 4.34 4.34 4.34 4.34 4.34 4.34 4.34 4.34 4.34 4.34 4.34 4.34 4.34 4.34 4.34 4.34 4.34 4.34 4.34 4.34 4.34 4.34 4.34 
3.6 3.6 3.6 3.6 3.6 3.6 3.6 3.6 3.6 3.6 3.6 3.84 3.84 3.84 3.84 3.84 3.84 3.84 3.84 3.84 3.84 3.84 3.84 3.84 3.84 3.84 3.84 3.84 3.84 3.84 3.84 3.84 3.84 3.84 3.84 3.84 3.84 3.84 3.84 3.84 3.84 3.84 3.84 3.84 3.84 3.84 3.84 3.84 3.84 3.84 3.84 3.84 3.84 3.84 3.84 3.84 3.84 3.84 3.84 3.84 3.84 3.84 3.84 3.84 3.84 3.84 3.84 3.84 3.84 3.84 3.84 4.34 4.34 4.34 4.34 4.34 4.34 4.34 4.34 4.34 4.34 4.34 4.34 4.34 4.34 4.34 4.34 4.34 4.34 4.34 4.34 4.34 4.34 4.34 4.34 4.34 4.34 4.34 4.34 4.34 
3.6 3.6 3.6 3.6 3.6 3.6 3.6 3.6 3.6 3.6 3.6 3.84 3.84 3.84 3.84 3.84 3.84 3.84 3.84 3.84 3.84 3.84 3.84 3.84 3.84 3.84 3.84 3.84 3.84 3.84 3.84 3.84 3.84 3.84 3.84 3.84 3.84 3.84 3.84 3.84 3.84 3.84 3.84 3.84 3.84 3.84 3.84 3.84 3.84 3.84 3.84 3.84 3.84 3.84 3.84 3.84 3.84 3.84 3.84 3.84 3.84 3.84 3.84 3.84 3.84 3.84 3.84 3.84 3.84 3.84 3.84 4.34 4.34 4.34 4.34 4.34 4.34 4.34 4.34 4.34 4.34 4.34 4.34 4.34 4.34 4.34 4.34 4.34 4.34 4.34 4.34 4.34 4.34 4.34 4.34 4.34 4.34 4.34 4.34 4.34 
3.6 3.6 3.6 3.6 3.6 3.6 3.6 3.6 3.6 3.6 3.6 3.84 3.84 3.84 3.84 3.84 3.84 3.84 3.84 3.84 3.84 3.84 3.84 3.84 3.84 3.84 3.84 3.84 3.84 3.84 3.84 3.84 3.84 3.84 3.84 3.84 3.84 3.84 3.84 3.84 3.84 3.84 3.84 3.84 3.84 3.84 3.84 3.84 3.84 3.84 3.84 3.84 3.84 3.84 3.84 3.84 3.84 3.84 3.84 3.84 3.84 3.84 3.84 3.84 3.84 3.84 3.84 3.84 3.84 3.84 3.84 4.34 4.34 4.34 4.34 4.34 4.34 4.34 4.34 4.34 4.34 4.34 4.34 4.34 4.34 4.34 4.34 4.34 4.34 4.34 4.34 4.34 4.34 4.34 4.34 4.34 4.34 4.34 4.34 4.34 
3.6 3.6 3.6 3.6 3.6 3.6 3.6 3.6 3.6 3.6 3.6 3.84 3.84 3.84 3.84 3.84 3.84 3.84 3.84 3.84 3.84 3.84 3.84 3.84 3.84 3.84 3.84 3.84 3.84 3.84 3.84 3.84 3.84 3.84 3.84 3.84 3.84 3.84 3.84 3.84 3.84 3.84 3.84 3.84 3.84 3.84 3.84 3.84 3.84 3.84 3.84 3.84 3.84 3.84 3.84 3.84 3.84 3.84 3.84 3.84 3.84 3.84 3.84 3.84 3.84 3.84 3.84 3.84 3.84 3.84 3.84 4.34 4.34 4.34 4.34 4.34 4.34 4.34 4.34 4.34 4.34 4.34 4.34 4.34 4.34 4.34 4.34 4.34 4.34 4.34 4.34 4.34 4.34 4.34 4.34 4.34 4.34 4.34 4.34 4.34 
3.6 3.6 3.6 3.6 3.6 3.6 3.6 3.6 3.6 3.6 3.6 3.84 3.84 3.84 3.84 3.84 3.84 3.84 3.84 3.84 3.84 3.84 3.84 3.84 3.84 3.84 3.84 3.84 3.84 3.84 3.84 3.84 3.84 3.84 3.84 3.84 3.84 3.84 3.84 3.84 3.84 3.84 3.84 3.84 3.84 3.84 3.84 3.84 3.84 3.84 3.84 3.84 3.84 3.84 3.84 3.84 3.84 3.84 3.84 3.84 3.84 3.84 3.84 3.84 3.84 3.84 3.84 3.84 3.84 3.84 3.84 4.34 4.34 4.34 4.34 4.34 4.34 4.34 4.34 4.34 4.34 4.34 4.34 4.34 4.34 4.34 4.34 4.34 4.34 4.34 4.34 4.34 4.34 4.34 4.34 4.34 4.34 4.34 4.34 4.34 
3.6 3.6 3.6 3.6 3.6 3.6 3.6 3.6 3.6 3.6 3.6 3.84 3.84 3.84 3.84 3.84 3.84 3.84 3.84 3.84 3.84 3.84 3.84 3.84 3.84 3.84 3.84 3.84 3.84 3.84 3.84 3.84 3.84 3.84 3.84 3.84 3.84 3.84 3.84 3.84 3.84 3.84 3.84 3.84 3.84 3.84 3.84 3.84 3.84 3.84 3.84 3.84 3.84 3.84 3.84 3.84 3.84 3.84 3.84 3.84 3.84 3.84 3.84 3.84 3.84 3.84 3.84 3.84 3.84 3.84 3.84 4.34 4.34 4.34 4.34 4.34 4.34 4.34 4.34 4.34 4.34 4.34 4.34 4.34 4.34 4.34 4.34 4.34 4.34 4.34 4.34 4.34 4.34 4.34 4.34 4.34 4.34 4.34 4.34 4.34 
3.6 3.6 3.6 3.6 3.6 3.6 3.6 3.6 3.6 3.6 3.6 3.84 3.84 3.84 3.84 3.84 3.84 3.84 3.84 3.84 3.84 3.84 3.84 3.84 3.84 3.84 3.84 3.84 3.84 3.84 3.84 3.84 3.84 3.84 3.84 3.84 3.84 3.84 3.84 3.84 3.84 3.84 3.84 3.84 3.84 3.84 3.84 3.84 3.84 3.84 3.84 3.84 3.84 3.84 3.84 3.84 3.84 3.84 3.84 3.84 3.84 3.84 3.84 3.84 3.84 3.84 3.84 3.84 3.84 3.84 3.84 4.34 4.34 4.34 4.34 4.34 4.34 4.34 4.34 4.34 4.34 4.34 4.34 4.34 4.34 4.34 4.34 4.34 4.34 4.34 4.34 4.34 4.34 4.34 4.34 4.34 4.34 4.34 4.34 4.34 
3.6 3.6 3.6 3.6 3.6 3.6 3.6 3.6 3.6 3.6 3.6 3.84 3.84 3.84 3.84 3.84 3.84 3.84 3.84 3.84 3.84 3.84 3.84 3.84 3.84 3.84 3.84 3.84 3.84 3.84 3.84 3.84 3.84 3.84 3.84 3.84 3.84 3.84 3.84 3.84 3.84 3.84 3.84 3.84 3.84 3.84 3.84 3.84 3.84 3.84 3.84 3.84 3.84 3.84 3.84 3.84 3.84 3.84 3.84 3.84 3.84 3.84 3.84 3.84 3.84 3.84 3.84 3.84 3.84 3.84 3.84 4.34 4.34 4.34 4.34 4.34 4.34 4.34 4.34 4.34 4.34 4.34 4.34 4.34 4.34 4.34 4.34 4.34 4.34 4.34 4.34 4.34 4.34 4.34 4.34 4.34 4.34 4.34 4.34 4.34 
3.6 3.6 3.6 3.6 3.6 3.6 3.6 3.6 3.6 3.6 3.6 3.84 3.84 3.84 3.84 3.84 3.84 3.84 3.84 3.84 3.84 3.84 3.84 3.84 3.84 3.84 3.84 3.84 3.84 3.84 3.84 3.84 3.84 3.84 3.84 3.84 3.84 3.84 3.84 3.84 3.84 3.84 3.84 3.84 3.84 3.84 3.84 3.84 3.84 3.84 3.84 3.84 3.84 3.84 3.84 3.84 3.84 3.84 3.84 3.84 3.84 3.84 3.84 3.84 3.84 3.84 3.84 3.84 3.84 3.84 3.84 4.34 4.34 4.34 4.34 4.34 4.34 4.34 4.34 4.34 4.34 4.34 4.34 4.34 4.34 4.34 4.34 4.34 4.34 4.34 4.34 4.34 4.34 4.34 4.34 4.34 4.34 4.34 4.34 4.34 
3.6 3.6 3.6 3.6 3.6 3.6 3.6 3.6 3.6 3.6 3.6 3.84 3.84 3.84 3.84 3.84 3.84 3.84 3.84 3.84 3.84 3.84 3.84 3.84 3.84 3.84 3.84 3.84 3.84 3.84 3.84 3.84 3.84 3.84 3.84 3.84 3.84 3.84 3.84 3.84 3.84 3.84 3.84 3.84 3.84 3.84 3.84 3.84 3.84 3.84 3.84 3.84 3.84 3.84 3.84 3.84 3.84 3.84 3.84 3.84 3.84 3.84 3.84 3.84 3.84 3.84 3.84 3.84 3.84 3.84 3.84 4.34 4.34 4.34 4.34 4.34 4.34 4.34 4.34 4.34 4.34 4.34 4.34 4.34 4.34 4.34 4.34 4.34 4.34 4.34 4.34 4.34 4.34 4.34 4.34 4.34 4.34 4.34 4.34 4.34 
3.6 3.6 3.6 3.6 3.6 3.6 3.6 3.6 3.6 3.6 3.6 3.84 3.84 3.84 3.84 3.84 3.84 3.84 3.84 3.84 3.84 3.84 3.84 3.84 3.84 3.84 3.84 3.84 3.84 3.84 3.84 3.84 3.84 3.84 3.84 3.84 3.84 3.84 3.84 3.84 3.84 3.84 3.84 3.84 3.84 3.84 3.84 3.84 3.84 3.84 3.84 3.84 3.84 3.84 3.84 3.84 3.84 3.84 3.84 3.84 3.84 3.84 3.84 3.84 3.84 3.84 3.84 3.84 3.84 3.84 3.84 4.34 4.34 4.34 4.34 4.34 4.34 4.34 4.34 4.34 4.34 4.34 4.34 4.34 4.34 4.34 4.34 4.34 4.34 4.34 4.34 4.34 4.34 4.34 4.34 4.34 4.34 4.34 4.34 4.34 
3.6 3.6 3.6 3.6 3.6 3.6 3.6 3.6 3.6 3.6 3.6 3.84 3.84 3.84 3.84 3.84 3.84 3.84 3.84 3.84 3.84 3.84 3.84 3.84 3.84 3.84 3.84 3.84 3.84 3.84 3.84 3.84 3.84 3.84 3.84 3.84 3.84 3.84 3.84 3.84 3.84 3.84 3.84 3.84 3.84 3.84 3.84 3.84 3.84 3.84 3.84 3.84 3.84 3.84 3.84 3.84 3.84 3.84 3.84 3.84 3.84 3.84 3.84 3.84 3.84 3.84 3.84 3.84 3.84 3.84 3.84 4.34 4.34 4.34 4.34 4.34 4.34 4.34 4.34 4.34 4.34 4.34 4.34 4.34 4.34 4.34 4.34 4.34 4.34 4.34 4.34 4.34 4.34 4.34 4.34 4.34 4.34 4.34 4.34 4.34 
3.6 3.6 3.6 3.6 3.6 3.6 3.6 3.6 3.6 3.6 3.6 3.84 3.84 3.84 3.84 3.84 3.84 3.84 3.84 3.84 3.84 3.84 3.84 3.84 3.84 3.84 3.84 3.84 3.84 3.84 3.84 3.84 3.84 3.84 3.84 3.84 3.84 3.84 3.84 3.84 3.84 3.84 3.84 3.84 3.84 3.84 3.84 3.84 3.84 3.84 3.84 3.84 3.84 3.84 3.84 3.84 3.84 3.84 3.84 3.84 3.84 3.84 3.84 3.84 3.84 3.84 3.84 3.84 3.84 3.84 3.84 4.34 4.34 4.34 4.34 4.34 4.34 4.34 4.34 4.34 4.34 4.34 4.34 4.34 4.34 4.34 4.34 4.34 4.34 4.34 4.34 4.34 4.34 4.34 4.34 4.34 4.34 4.34 4.34 4.34 
3.6 3.6 3.6 3.6 3.6 3.6 3.6 3.6 3.6 3.6 3.6 3.84 3.84 3.84 3.84 3.84 3.84 3.84 3.84 3.84 3.84 3.84 3.84 3.84 3.84 3.84 3.84 3.84 3.84 3.84 3.84 3.84 3.84 3.84 3.84 3.84 3.84 3.84 3.84 3.84 3.84 3.84 3.84 3.84 3.84 3.84 3.84 3.84 3.84 3.84 3.84 3.84 3.84 3.84 3.84 3.84 3.84 3.84 3.84 3.84 3.84 3.84 3.84 3.84 3.84 3.84 3.84 3.84 3.84 3.84 3.84 4.34 4.34 4.34 4.34 4.34 4.34 4.34 4.34 4.34 4.34 4.34 4.34 4.34 4.34 4.34 4.34 4.34 4.34 4.34 4.34 4.34 4.34 4.34 4.34 4.34 4.34 4.34 4.34 4.34 
3.6 3.6 3.6 3.6 3.6 3.6 3.6 3.6 3.6 3.6 3.6 3.84 3.84 3.84 3.84 3.84 3.84 3.84 3.84 3.84 3.84 3.84 3.84 3.84 3.84 3.84 3.84 3.84 3.84 3.84 3.84 3.84 3.84 3.84 3.84 3.84 3.84 3.84 3.84 3.84 3.84 3.84 3.84 3.84 3.84 3.84 3.84 3.84 3.84 3.84 3.84 3.84 3.84 3.84 3.84 3.84 3.84 3.84 3.84 3.84 3.84 3.84 3.84 3.84 3.84 3.84 3.84 3.84 3.84 3.84 3.84 4.34 4.34 4.34 4.34 4.34 4.34 4.34 4.34 4.34 4.34 4.34 4.34 4.34 4.34 4.34 4.34 4.34 4.34 4.34 4.34 4.34 4.34 4.34 4.34 4.34 4.34 4.34 4.34 4.34 
3.6 3.6 3.6 3.6 3.6 3.6 3.6 3.6 3.6 3.6 3.6 3.84 3.84 3.84 3.84 3.84 3.84 3.84 3.84 3.84 3.84 3.84 3.84 3.84 3.84 3.84 3.84 3.84 3.84 3.84 3.84 3.84 3.84 3.84 3.84 3.84 3.84 3.84 3.84 3.84 3.84 3.84 3.84 3.84 3.84 3.84 3.84 3.84 3.84 3.84 3.84 3.84 3.84 3.84 3.84 3.84 3.84 3.84 3.84 3.84 3.84 3.84 3.84 3.84 3.84 3.84 3.84 3.84 3.84 3.84 3.84 4.34 4.34 4.34 4.34 4.34 4.34 4.34 4.34 4.34 4.34 4.34 4.34 4.34 4.34 4.34 4.34 4.34 4.34 4.34 4.34 4.34 4.34 4.34 4.34 4.34 4.34 4.34 4.34 4.34 
3.6 3.6 3.6 3.6 3.6 3.6 3.6 3.6 3.6 3.6 3.6 3.84 3.84 3.84 3.84 3.84 3.84 3.84 3.84 3.84 3.84 3.84 3.84 3.84 3.84 3.84 3.84 3.84 3.84 3.84 3.84 3.84 3.84 3.84 3.84 3.84 3.84 3.84 3.84 3.84 3.84 3.84 3.84 3.84 3.84 3.84 3.84 3.84 3.84 3.84 3.84 3.84 3.84 3.84 3.84 3.84 3.84 3.84 3.84 3.84 3.84 3.84 3.84 3.84 3.84 3.84 3.84 3.84 3.84 3.84 3.84 4.34 4.34 4.34 4.34 4.34 4.34 4.34 4.34 4.34 4.34 4.34 4.34 4.34 4.34 4.34 4.34 4.34 4.34 4.34 4.34 4.34 4.34 4.34 4.34 4.34 4.34 4.34 4.34 4.34 
3.6 3.6 3.6 3.6 3.6 3.6 3.6 3.6 3.6 3.6 3.6 3.84 3.84 3.84 3.84 3.84 3.84 3.84 3.84 3.84 3.84 3.84 3.84 3.84 3.84 3.84 3.84 3.84 3.84 3.84 3.84 3.84 3.84 3.84 3.84 3.84 3.84 3.84 3.84 3.84 3.84 3.84 3.84 3.84 3.84 3.84 3.84 3.84 3.84 3.84 3.84 3.84 3.84 3.84 3.84 3.84 3.84 3.84 3.84 3.84 3.84 3.84 3.84 3.84 3.84 3.84 3.84 3.84 3.84 3.84 3.84 4.34 4.34 4.34 4.34 4.34 4.34 4.34 4.34 4.34 4.34 4.34 4.34 4.34 4.34 4.34 4.34 4.34 4.34 4.34 4.34 4.34 4.34 4.34 4.34 4.34 4.34 4.34 4.34 4.34 
3.6 3.6 3.6 3.6 3.6 3.6 3.6 3.6 3.6 3.6 3.6 3.84 3.84 3.84 3.84 3.84 3.84 3.84 3.84 3.84 3.84 3.84 3.84 3.84 3.84 3.84 3.84 3.84 3.84 3.84 3.84 3.84 3.84 3.84 3.84 3.84 3.84 3.84 3.84 3.84 3.84 3.84 3.84 3.84 3.84 3.84 3.84 3.84 3.84 3.84 3.84 3.84 3.84 3.84 3.84 3.84 3.84 3.84 3.84 3.84 3.84 3.84 3.84 3.84 3.84 3.84 3.84 3.84 3.84 3.84 3.84 4.34 4.34 4.34 4.34 4.34 4.34 4.34 4.34 4.34 4.34 4.34 4.34 4.34 4.34 4.34 4.34 4.34 4.34 4.34 4.34 4.34 4.34 4.34 4.34 4.34 4.34 4.34 4.34 4.34 
3.6 3.6 3.6 3.6 3.6 3.6 3.6 3.6 3.6 3.6 3.6 3.84 3.84 3.84 3.84 3.84 3.84 3.84 3.84 3.84 3.84 3.84 3.84 3.84 3.84 3.84 3.84 3.84 3.84 3.84 3.84 3.84 3.84 3.84 3.84 3.84 3.84 3.84 3.84 3.84 3.84 3.84 3.84 3.84 3.84 3.84 3.84 3.84 3.84 3.84 3.84 3.84 3.84 3.84 3.84 3.84 3.84 3.84 3.84 3.84 3.84 3.84 3.84 3.84 3.84 3.84 3.84 3.84 3.84 3.84 3.84 4.34 4.34 4.34 4.34 4.34 4.34 4.34 4.34 4.34 4.34 4.34 4.34 4.34 4.34 4.34 4.34 4.34 4.34 4.34 4.34 4.34 4.34 4.34 4.34 4.34 4.34 4.34 4.34 4.34 
3.6 3.6 3.6 3.6 3.6 3.6 3.6 3.6 3.6 3.6 3.6 3.84 3.84 3.84 3.84 3.84 3.84 3.84 3.84 3.84 3.84 3.84 3.84 3.84 3.84 3.84 3.84 3.84 3.84 3.84 3.84 3.84 3.84 3.84 3.84 3.84 3.84 3.84 3.84 3.84 3.84 3.84 3.84 3.84 3.84 3.84 3.84 3.84 3.84 3.84 3.84 3.84 3.84 3.84 3.84 3.84 3.84 3.84 3.84 3.84 3.84 3.84 3.84 3.84 3.84 3.84 3.84 3.84 3.84 3.84 3.84 4.34 4.34 4.34 4.34 4.34 4.34 4.34 4.34 4.34 4.34 4.34 4.34 4.34 4.34 4.34 4.34 4.34 4.34 4.34 4.34 4.34 4.34 4.34 4.34 4.34 4.34 4.34 4.34 4.34 
3.6 3.6 3.6 3.6 3.6 3.6 3.6 3.6 3.6 3.6 3.6 3.84 3.84 3.84 3.84 3.84 3.84 3.84 3.84 3.84 3.84 3.84 3.84 3.84 3.84 3.84 3.84 3.84 3.84 3.84 3.84 3.84 3.84 3.84 3.84 3.84 3.84 3.84 3.84 3.84 3.84 3.84 3.84 3.84 3.84 3.84 3.84 3.84 3.84 3.84 3.84 3.84 3.84 3.84 3.84 3.84 3.84 3.84 3.84 3.84 3.84 3.84 3.84 3.84 3.84 3.84 3.84 3.84 3.84 3.84 3.84 4.34 4.34 4.34 4.34 4.34 4.34 4.34 4.34 4.34 4.34 4.34 4.34 4.34 4.34 4.34 4.34 4.34 4.34 4.34 4.34 4.34 4.34 4.34 4.34 4.34 4.34 4.34 4.34 4.34 
3.6 3.6 3.6 3.6 3.6 3.6 3.6 3.6 3.6 3.6 3.6 3.84 3.84 3.84 3.84 3.84 3.84 3.84 3.84 3.84 3.84 3.84 3.84 3.84 3.84 3.84 3.84 3.84 3.84 3.84 3.84 3.84 3.84 3.84 3.84 3.84 3.84 3.84 3.84 3.84 3.84 3.84 3.84 3.84 3.84 3.84 3.84 3.84 3.84 3.84 3.84 3.84 3.84 3.84 3.84 3.84 3.84 3.84 3.84 3.84 3.84 3.84 3.84 3.84 3.84 3.84 3.84 3.84 3.84 3.84 3.84 4.34 4.34 4.34 4.34 4.34 4.34 4.34 4.34 4.34 4.34 4.34 4.34 4.34 4.34 4.34 4.34 4.34 4.34 4.34 4.34 4.34 4.34 4.34 4.34 4.34 4.34 4.34 4.34 4.34 
3.6 3.6 3.6 3.6 3.6 3.6 3.6 3.6 3.6 3.6 3.6 3.84 3.84 3.84 3.84 3.84 3.84 3.84 3.84 3.84 3.84 3.84 3.84 3.84 3.84 3.84 3.84 3.84 3.84 3.84 3.84 3.84 3.84 3.84 3.84 3.84 3.84 3.84 3.84 3.84 3.84 3.84 3.84 3.84 3.84 3.84 3.84 3.84 3.84 3.84 3.84 3.84 3.84 3.84 3.84 3.84 3.84 3.84 3.84 3.84 3.84 3.84 3.84 3.84 3.84 3.84 3.84 3.84 3.84 3.84 3.84 4.34 4.34 4.34 4.34 4.34 4.34 4.34 4.34 4.34 4.34 4.34 4.34 4.34 4.34 4.34 4.34 4.34 4.34 4.34 4.34 4.34 4.34 4.34 4.34 4.34 4.34 4.34 4.34 4.34 
3.6 3.6 3.6 3.6 3.6 3.6 3.6 3.6 3.6 3.6 3.6 3.84 3.84 3.84 3.84 3.84 3.84 3.84 3.84 3.84 3.84 3.84 3.84 3.84 3.84 3.84 3.84 3.84 3.84 3.84 3.84 3.84 3.84 3.84 3.84 3.84 3.84 3.84 3.84 3.84 3.84 3.84 3.84 3.84 3.84 3.84 3.84 3.84 3.84 3.84 3.84 3.84 3.84 3.84 3.84 3.84 3.84 3.84 3.84 3.84 3.84 3.84 3.84 3.84 3.84 3.84 3.84 3.84 3.84 3.84 3.84 4.34 4.34 4.34 4.34 4.34 4.34 4.34 4.34 4.34 4.34 4.34 4.34 4.34 4.34 4.34 4.34 4.34 4.34 4.34 4.34 4.34 4.34 4.34 4.34 4.34 4.34 4.34 4.34 4.34 
3.6 3.6 3.6 3.6 3.6 3.6 3.6 3.6 3.6 3.6 3.6 3.84 3.84 3.84 3.84 3.84 3.84 3.84 3.84 3.84 3.84 3.84 3.84 3.84 3.84 3.84 3.84 3.84 3.84 3.84 3.84 3.84 3.84 3.84 3.84 3.84 3.84 3.84 3.84 3.84 3.84 3.84 3.84 3.84 3.84 3.84 3.84 3.84 3.84 3.84 3.84 3.84 3.84 3.84 3.84 3.84 3.84 3.84 3.84 3.84 3.84 3.84 3.84 3.84 3.84 3.84 3.84 3.84 3.84 3.84 3.84 4.34 4.34 4.34 4.34 4.34 4.34 4.34 4.34 4.34 4.34 4.34 4.34 4.34 4.34 4.34 4.34 4.34 4.34 4.34 4.34 4.34 4.34 4.34 4.34 4.34 4.34 4.34 4.34 4.34 
3.6 3.6 3.6 3.6 3.6 3.6 3.6 3.6 3.6 3.6 3.6 3.84 3.84 3.84 3.84 3.84 3.84 3.84 3.84 3.84 3.84 3.84 3.84 3.84 3.84 3.84 3.84 3.84 3.84 3.84 3.84 3.84 3.84 3.84 3.84 3.84 3.84 3.84 3.84 3.84 3.84 3.84 3.84 3.84 3.84 3.84 3.84 3.84 3.84 3.84 3.84 3.84 3.84 3.84 3.84 3.84 3.84 3.84 3.84 3.84 3.84 3.84 3.84 3.84 3.84 3.84 3.84 3.84 3.84 3.84 3.84 4.34 4.34 4.34 4.34 4.34 4.34 4.34 4.34 4.34 4.34 4.34 4.34 4.34 4.34 4.34 4.34 4.34 4.34 4.34 4.34 4.34 4.34 4.34 4.34 4.34 4.34 4.34 4.34 4.34 
3.6 3.6 3.6 3.6 3.6 3.6 3.6 3.6 3.6 3.6 3.6 3.84 3.84 3.84 3.84 3.84 3.84 3.84 3.84 3.84 3.84 3.84 3.84 3.84 3.84 3.84 3.84 3.84 3.84 3.84 3.84 3.84 3.84 3.84 3.84 3.84 3.84 3.84 3.84 3.84 3.84 3.84 3.84 3.84 3.84 3.84 3.84 3.84 3.84 3.84 3.84 3.84 3.84 3.84 3.84 3.84 3.84 3.84 3.84 3.84 3.84 3.84 3.84 3.84 3.84 3.84 3.84 3.84 3.84 3.84 3.84 4.34 4.34 4.34 4.34 4.34 4.34 4.34 4.34 4.34 4.34 4.34 4.34 4.34 4.34 4.34 4.34 4.34 4.34 4.34 4.34 4.34 4.34 4.34 4.34 4.34 4.34 4.34 4.34 4.34 
3.6 3.6 3.6 3.6 3.6 3.6 3.6 3.6 3.6 3.6 3.6 3.84 3.84 3.84 3.84 3.84 3.84 3.84 3.84 3.84 3.84 3.84 3.84 3.84 3.84 3.84 3.84 3.84 3.84 3.84 3.84 3.84 3.84 3.84 3.84 3.84 3.84 3.84 3.84 3.84 3.84 3.84 3.84 3.84 3.84 3.84 3.84 3.84 3.84 3.84 3.84 3.84 3.84 3.84 3.84 3.84 3.84 3.84 3.84 3.84 3.84 3.84 3.84 3.84 3.84 3.84 3.84 3.84 3.84 3.84 3.84 4.34 4.34 4.34 4.34 4.34 4.34 4.34 4.34 4.34 4.34 4.34 4.34 4.34 4.34 4.34 4.34 4.34 4.34 4.34 4.34 4.34 4.34 4.34 4.34 4.34 4.34 4.34 4.34 4.34 
3.6 3.6 3.6 3.6 3.6 3.6 3.6 3.6 3.6 3.6 3.6 3.84 3.84 3.84 3.84 3.84 3.84 3.84 3.84 3.84 3.84 3.84 3.84 3.84 3.84 3.84 3.84 3.84 3.84 3.84 3.84 3.84 3.84 3.84 3.84 3.84 3.84 3.84 3.84 3.84 3.84 3.84 3.84 3.84 3.84 3.84 3.84 3.84 3.84 3.84 3.84 3.84 3.84 3.84 3.84 3.84 3.84 3.84 3.84 3.84 3.84 3.84 3.84 3.84 3.84 3.84 3.84 3.84 3.84 3.84 3.84 4.34 4.34 4.34 4.34 4.34 4.34 4.34 4.34 4.34 4.34 4.34 4.34 4.34 4.34 4.34 4.34 4.34 4.34 4.34 4.34 4.34 4.34 4.34 4.34 4.34 4.34 4.34 4.34 4.34 
3.6 3.6 3.6 3.6 3.6 3.6 3.6 3.6 3.6 3.6 3.6 3.84 3.84 3.84 3.84 3.84 3.84 3.84 3.84 3.84 3.84 3.84 3.84 3.84 3.84 3.84 3.84 3.84 3.84 3.84 3.84 3.84 3.84 3.84 3.84 3.84 3.84 3.84 3.84 3.84 3.84 3.84 3.84 3.84 3.84 3.84 3.84 3.84 3.84 3.84 3.84 3.84 3.84 3.84 3.84 3.84 3.84 3.84 3.84 3.84 3.84 3.84 3.84 3.84 3.84 3.84 3.84 3.84 3.84 3.84 3.84 4.34 4.34 4.34 4.34 4.34 4.34 4.34 4.34 4.34 4.34 4.34 4.34 4.34 4.34 4.34 4.34 4.34 4.34 4.34 4.34 4.34 4.34 4.34 4.34 4.34 4.34 4.34 4.34 4.34 
3.6 3.6 3.6 3.6 3.6 3.6 3.6 3.6 3.6 3.6 3.6 3.84 3.84 3.84 3.84 3.84 3.84 3.84 3.84 3.84 3.84 3.84 3.84 3.84 3.84 3.84 3.84 3.84 3.84 3.84 3.84 3.84 3.84 3.84 3.84 3.84 3.84 3.84 3.84 3.84 3.84 3.84 3.84 3.84 3.84 3.84 3.84 3.84 3.84 3.84 3.84 3.84 3.84 3.84 3.84 3.84 3.84 3.84 3.84 3.84 3.84 3.84 3.84 3.84 3.84 3.84 3.84 3.84 3.84 3.84 3.84 4.34 4.34 4.34 4.34 4.34 4.34 4.34 4.34 4.34 4.34 4.34 4.34 4.34 4.34 4.34 4.34 4.34 4.34 4.34 4.34 4.34 4.34 4.34 4.34 4.34 4.34 4.34 4.34 4.34 
3.6 3.6 3.6 3.6 3.6 3.6 3.6 3.6 3.6 3.6 3.6 3.84 3.84 3.84 3.84 3.84 3.84 3.84 3.84 3.84 3.84 3.84 3.84 3.84 3.84 3.84 3.84 3.84 3.84 3.84 3.84 3.84 3.84 3.84 3.84 3.84 3.84 3.84 3.84 3.84 3.84 3.84 3.84 3.84 3.84 3.84 3.84 3.84 3.84 3.84 3.84 3.84 3.84 3.84 3.84 3.84 3.84 3.84 3.84 3.84 3.84 3.84 3.84 3.84 3.84 3.84 3.84 3.84 3.84 3.84 3.84 4.34 4.34 4.34 4.34 4.34 4.34 4.34 4.34 4.34 4.34 4.34 4.34 4.34 4.34 4.34 4.34 4.34 4.34 4.34 4.34 4.34 4.34 4.34 4.34 4.34 4.34 4.34 4.34 4.34 
3.6 3.6 3.6 3.6 3.6 3.6 3.6 3.6 3.6 3.6 3.6 3.84 3.84 3.84 3.84 3.84 3.84 3.84 3.84 3.84 3.84 3.84 3.84 3.84 3.84 3.84 3.84 3.84 3.84 3.84 3.84 3.84 3.84 3.84 3.84 3.84 3.84 3.84 3.84 3.84 3.84 3.84 3.84 3.84 3.84 3.84 3.84 3.84 3.84 3.84 3.84 3.84 3.84 3.84 3.84 3.84 3.84 3.84 3.84 3.84 3.84 3.84 3.84 3.84 3.84 3.84 3.84 3.84 3.84 3.84 3.84 4.34 4.34 4.34 4.34 4.34 4.34 4.34 4.34 4.34 4.34 4.34 4.34 4.34 4.34 4.34 4.34 4.34 4.34 4.34 4.34 4.34 4.34 4.34 4.34 4.34 4.34 4.34 4.34 4.34 
3.6 3.6 3.6 3.6 3.6 3.6 3.6 3.6 3.6 3.6 3.6 3.84 3.84 3.84 3.84 3.84 3.84 3.84 3.84 3.84 3.84 3.84 3.84 3.84 3.84 3.84 3.84 3.84 3.84 3.84 3.84 3.84 3.84 3.84 3.84 3.84 3.84 3.84 3.84 3.84 3.84 3.84 3.84 3.84 3.84 3.84 3.84 3.84 3.84 3.84 3.84 3.84 3.84 3.84 3.84 3.84 3.84 3.84 3.84 3.84 3.84 3.84 3.84 3.84 3.84 3.84 3.84 3.84 3.84 3.84 3.84 4.34 4.34 4.34 4.34 4.34 4.34 4.34 4.34 4.34 4.34 4.34 4.34 4.34 4.34 4.34 4.34 4.34 4.34 4.34 4.34 4.34 4.34 4.34 4.34 4.34 4.34 4.34 4.34 4.34 
3.6 3.6 3.6 3.6 3.6 3.6 3.6 3.6 3.6 3.6 3.6 3.84 3.84 3.84 3.84 3.84 3.84 3.84 3.84 3.84 3.84 3.84 3.84 3.84 3.84 3.84 3.84 3.84 3.84 3.84 3.84 3.84 3.84 3.84 3.84 3.84 3.84 3.84 3.84 3.84 3.84 3.84 3.84 3.84 3.84 3.84 3.84 3.84 3.84 3.84 3.84 3.84 3.84 3.84 3.84 3.84 3.84 3.84 3.84 3.84 3.84 3.84 3.84 3.84 3.84 3.84 3.84 3.84 3.84 3.84 3.84 4.34 4.34 4.34 4.34 4.34 4.34 4.34 4.34 4.34 4.34 4.34 4.34 4.34 4.34 4.34 4.34 4.34 4.34 4.34 4.34 4.34 4.34 4.34 4.34 4.34 4.34 4.34 4.34 4.34 
3.6 3.6 3.6 3.6 3.6 3.6 3.6 3.6 3.6 3.6 3.6 3.84 3.84 3.84 3.84 3.84 3.84 3.84 3.84 3.84 3.84 3.84 3.84 3.84 3.84 3.84 3.84 3.84 3.84 3.84 3.84 3.84 3.84 3.84 3.84 3.84 3.84 3.84 3.84 3.84 3.84 3.84 3.84 3.84 3.84 3.84 3.84 3.84 3.84 3.84 3.84 3.84 3.84 3.84 3.84 3.84 3.84 3.84 3.84 3.84 3.84 3.84 3.84 3.84 3.84 3.84 3.84 3.84 3.84 3.84 3.84 4.34 4.34 4.34 4.34 4.34 4.34 4.34 4.34 4.34 4.34 4.34 4.34 4.34 4.34 4.34 4.34 4.34 4.34 4.34 4.34 4.34 4.34 4.34 4.34 4.34 4.34 4.34 4.34 4.34 
3.6 3.6 3.6 3.6 3.6 3.6 3.6 3.6 3.6 3.6 3.6 3.84 3.84 3.84 3.84 3.84 3.84 3.84 3.84 3.84 3.84 3.84 3.84 3.84 3.84 3.84 3.84 3.84 3.84 3.84 3.84 3.84 3.84 3.84 3.84 3.84 3.84 3.84 3.84 3.84 3.84 3.84 3.84 3.84 3.84 3.84 3.84 3.84 3.84 3.84 3.84 3.84 3.84 3.84 3.84 3.84 3.84 3.84 3.84 3.84 3.84 3.84 3.84 3.84 3.84 3.84 3.84 3.84 3.84 3.84 3.84 4.34 4.34 4.34 4.34 4.34 4.34 4.34 4.34 4.34 4.34 4.34 4.34 4.34 4.34 4.34 4.34 4.34 4.34 4.34 4.34 4.34 4.34 4.34 4.34 4.34 4.34 4.34 4.34 4.34 
3.6 3.6 3.6 3.6 3.6 3.6 3.6 3.6 3.6 3.6 3.6 3.84 3.84 3.84 3.84 3.84 3.84 3.84 3.84 3.84 3.84 3.84 3.84 3.84 3.84 3.84 3.84 3.84 3.84 3.84 3.84 3.84 3.84 3.84 3.84 3.84 3.84 3.84 3.84 3.84 3.84 3.84 3.84 3.84 3.84 3.84 3.84 3.84 3.84 3.84 3.84 3.84 3.84 3.84 3.84 3.84 3.84 3.84 3.84 3.84 3.84 3.84 3.84 3.84 3.84 3.84 3.84 3.84 3.84 3.84 3.84 4.34 4.34 4.34 4.34 4.34 4.34 4.34 4.34 4.34 4.34 4.34 4.34 4.34 4.34 4.34 4.34 4.34 4.34 4.34 4.34 4.34 4.34 4.34 4.34 4.34 4.34 4.34 4.34 4.34 
3.6 3.6 3.6 3.6 3.6 3.6 3.6 3.6 3.6 3.6 3.6 3.84 3.84 3.84 3.84 3.84 3.84 3.84 3.84 3.84 3.84 3.84 3.84 3.84 3.84 3.84 3.84 3.84 3.84 3.84 3.84 3.84 3.84 3.84 3.84 3.84 3.84 3.84 3.84 3.84 3.84 3.84 3.84 3.84 3.84 3.84 3.84 3.84 3.84 3.84 3.84 3.84 3.84 3.84 3.84 3.84 3.84 3.84 3.84 3.84 3.84 3.84 3.84 3.84 3.84 3.84 3.84 3.84 3.84 3.84 3.84 4.34 4.34 4.34 4.34 4.34 4.34 4.34 4.34 4.34 4.34 4.34 4.34 4.34 4.34 4.34 4.34 4.34 4.34 4.34 4.34 4.34 4.34 4.34 4.34 4.34 4.34 4.34 4.34 4.34 
3.6 3.6 3.6 3.6 3.6 3.6 3.6 3.6 3.6 3.6 3.6 3.84 3.84 3.84 3.84 3.84 3.84 3.84 3.84 3.84 3.84 3.84 3.84 3.84 3.84 3.84 3.84 3.84 3.84 3.84 3.84 3.84 3.84 3.84 3.84 3.84 3.84 3.84 3.84 3.84 3.84 3.84 3.84 3.84 3.84 3.84 3.84 3.84 3.84 3.84 3.84 3.84 3.84 3.84 3.84 3.84 3.84 3.84 3.84 3.84 3.84 3.84 3.84 3.84 3.84 3.84 3.84 3.84 3.84 3.84 3.84 4.34 4.34 4.34 4.34 4.34 4.34 4.34 4.34 4.34 4.34 4.34 4.34 4.34 4.34 4.34 4.34 4.34 4.34 4.34 4.34 4.34 4.34 4.34 4.34 4.34 4.34 4.34 4.34 4.34 
3.6 3.6 3.6 3.6 3.6 3.6 3.6 3.6 3.6 3.6 3.6 3.84 3.84 3.84 3.84 3.84 3.84 3.84 3.84 3.84 3.84 3.84 3.84 3.84 3.84 3.84 3.84 3.84 3.84 3.84 3.84 3.84 3.84 3.84 3.84 3.84 3.84 3.84 3.84 3.84 3.84 3.84 3.84 3.84 3.84 3.84 3.84 3.84 3.84 3.84 3.84 3.84 3.84 3.84 3.84 3.84 3.84 3.84 3.84 3.84 3.84 3.84 3.84 3.84 3.84 3.84 3.84 3.84 3.84 3.84 3.84 4.34 4.34 4.34 4.34 4.34 4.34 4.34 4.34 4.34 4.34 4.34 4.34 4.34 4.34 4.34 4.34 4.34 4.34 4.34 4.34 4.34 4.34 4.34 4.34 4.34 4.34 4.34 4.34 4.34 
3.6 3.6 3.6 3.6 3.6 3.6 3.6 3.6 3.6 3.6 3.6 3.84 3.84 3.84 3.84 3.84 3.84 3.84 3.84 3.84 3.84 3.84 3.84 3.84 3.84 3.84 3.84 3.84 3.84 3.84 3.84 3.84 3.84 3.84 3.84 3.84 3.84 3.84 3.84 3.84 3.84 3.84 3.84 3.84 3.84 3.84 3.84 3.84 3.84 3.84 3.84 3.84 3.84 3.84 3.84 3.84 3.84 3.84 3.84 3.84 3.84 3.84 3.84 3.84 3.84 3.84 3.84 3.84 3.84 3.84 3.84 4.34 4.34 4.34 4.34 4.34 4.34 4.34 4.34 4.34 4.34 4.34 4.34 4.34 4.34 4.34 4.34 4.34 4.34 4.34 4.34 4.34 4.34 4.34 4.34 4.34 4.34 4.34 4.34 4.34 
3.6 3.6 3.6 3.6 3.6 3.6 3.6 3.6 3.6 3.6 3.6 3.84 3.84 3.84 3.84 3.84 3.84 3.84 3.84 3.84 3.84 3.84 3.84 3.84 3.84 3.84 3.84 3.84 3.84 3.84 3.84 3.84 3.84 3.84 3.84 3.84 3.84 3.84 3.84 3.84 3.84 3.84 3.84 3.84 3.84 3.84 3.84 3.84 3.84 3.84 3.84 3.84 3.84 3.84 3.84 3.84 3.84 3.84 3.84 3.84 3.84 3.84 3.84 3.84 3.84 3.84 3.84 3.84 3.84 3.84 3.84 4.34 4.34 4.34 4.34 4.34 4.34 4.34 4.34 4.34 4.34 4.34 4.34 4.34 4.34 4.34 4.34 4.34 4.34 4.34 4.34 4.34 4.34 4.34 4.34 4.34 4.34 4.34 4.34 4.34 
3.6 3.6 3.6 3.6 3.6 3.6 3.6 3.6 3.6 3.6 3.6 3.84 3.84 3.84 3.84 3.84 3.84 3.84 3.84 3.84 3.84 3.84 3.84 3.84 3.84 3.84 3.84 3.84 3.84 3.84 3.84 3.84 3.84 3.84 3.84 3.84 3.84 3.84 3.84 3.84 3.84 3.84 3.84 3.84 3.84 3.84 3.84 3.84 3.84 3.84 3.84 3.84 3.84 3.84 3.84 3.84 3.84 3.84 3.84 3.84 3.84 3.84 3.84 3.84 3.84 3.84 3.84 3.84 3.84 3.84 3.84 4.34 4.34 4.34 4.34 4.34 4.34 4.34 4.34 4.34 4.34 4.34 4.34 4.34 4.34 4.34 4.34 4.34 4.34 4.34 4.34 4.34 4.34 4.34 4.34 4.34 4.34 4.34 4.34 4.34 
3.6 3.6 3.6 3.6 3.6 3.6 3.6 3.6 3.6 3.6 3.6 3.84 3.84 3.84 3.84 3.84 3.84 3.84 3.84 3.84 3.84 3.84 3.84 3.84 3.84 3.84 3.84 3.84 3.84 3.84 3.84 3.84 3.84 3.84 3.84 3.84 3.84 3.84 3.84 3.84 3.84 3.84 3.84 3.84 3.84 3.84 3.84 3.84 3.84 3.84 3.84 3.84 3.84 3.84 3.84 3.84 3.84 3.84 3.84 3.84 3.84 3.84 3.84 3.84 3.84 3.84 3.84 3.84 3.84 3.84 3.84 4.34 4.34 4.34 4.34 4.34 4.34 4.34 4.34 4.34 4.34 4.34 4.34 4.34 4.34 4.34 4.34 4.34 4.34 4.34 4.34 4.34 4.34 4.34 4.34 4.34 4.34 4.34 4.34 4.34 
3.6 3.6 3.6 3.6 3.6 3.6 3.6 3.6 3.6 3.6 3.6 3.84 3.84 3.84 3.84 3.84 3.84 3.84 3.84 3.84 3.84 3.84 3.84 3.84 3.84 3.84 3.84 3.84 3.84 3.84 3.84 3.84 3.84 3.84 3.84 3.84 3.84 3.84 3.84 3.84 3.84 3.84 3.84 3.84 3.84 3.84 3.84 3.84 3.84 3.84 3.84 3.84 3.84 3.84 3.84 3.84 3.84 3.84 3.84 3.84 3.84 3.84 3.84 3.84 3.84 3.84 3.84 3.84 3.84 3.84 3.84 4.34 4.34 4.34 4.34 4.34 4.34 4.34 4.34 4.34 4.34 4.34 4.34 4.34 4.34 4.34 4.34 4.34 4.34 4.34 4.34 4.34 4.34 4.34 4.34 4.34 4.34 4.34 4.34 4.34 
3.6 3.6 3.6 3.6 3.6 3.6 3.6 3.6 3.6 3.6 3.6 3.84 3.84 3.84 3.84 3.84 3.84 3.84 3.84 3.84 3.84 3.84 3.84 3.84 3.84 3.84 3.84 3.84 3.84 3.84 3.84 3.84 3.84 3.84 3.84 3.84 3.84 3.84 3.84 3.84 3.84 3.84 3.84 3.84 3.84 3.84 3.84 3.84 3.84 3.84 3.84 3.84 3.84 3.84 3.84 3.84 3.84 3.84 3.84 3.84 3.84 3.84 3.84 3.84 3.84 3.84 3.84 3.84 3.84 3.84 3.84 4.34 4.34 4.34 4.34 4.34 4.34 4.34 4.34 4.34 4.34 4.34 4.34 4.34 4.34 4.34 4.34 4.34 4.34 4.34 4.34 4.34 4.34 4.34 4.34 4.34 4.34 4.34 4.34 4.34 
3.6 3.6 3.6 3.6 3.6 3.6 3.6 3.6 3.6 3.6 3.6 3.84 3.84 3.84 3.84 3.84 3.84 3.84 3.84 3.84 3.84 3.84 3.84 3.84 3.84 3.84 3.84 3.84 3.84 3.84 3.84 3.84 3.84 3.84 3.84 3.84 3.84 3.84 3.84 3.84 3.84 3.84 3.84 3.84 3.84 3.84 3.84 3.84 3.84 3.84 3.84 3.84 3.84 3.84 3.84 3.84 3.84 3.84 3.84 3.84 3.84 3.84 3.84 3.84 3.84 3.84 3.84 3.84 3.84 3.84 3.84 4.34 4.34 4.34 4.34 4.34 4.34 4.34 4.34 4.34 4.34 4.34 4.34 4.34 4.34 4.34 4.34 4.34 4.34 4.34 4.34 4.34 4.34 4.34 4.34 4.34 4.34 4.34 4.34 4.34 
3.6 3.6 3.6 3.6 3.6 3.6 3.6 3.6 3.6 3.6 3.6 3.84 3.84 3.84 3.84 3.84 3.84 3.84 3.84 3.84 3.84 3.84 3.84 3.84 3.84 3.84 3.84 3.84 3.84 3.84 3.84 3.84 3.84 3.84 3.84 3.84 3.84 3.84 3.84 3.84 3.84 3.84 3.84 3.84 3.84 3.84 3.84 3.84 3.84 3.84 3.84 3.84 3.84 3.84 3.84 3.84 3.84 3.84 3.84 3.84 3.84 3.84 3.84 3.84 3.84 3.84 3.84 3.84 3.84 3.84 3.84 4.34 4.34 4.34 4.34 4.34 4.34 4.34 4.34 4.34 4.34 4.34 4.34 4.34 4.34 4.34 4.34 4.34 4.34 4.34 4.34 4.34 4.34 4.34 4.34 4.34 4.34 4.34 4.34 4.34 
3.6 3.6 3.6 3.6 3.6 3.6 3.6 3.6 3.6 3.6 3.6 3.84 3.84 3.84 3.84 3.84 3.84 3.84 3.84 3.84 3.84 3.84 3.84 3.84 3.84 3.84 3.84 3.84 3.84 3.84 3.84 3.84 3.84 3.84 3.84 3.84 3.84 3.84 3.84 3.84 3.84 3.84 3.84 3.84 3.84 3.84 3.84 3.84 3.84 3.84 3.84 3.84 3.84 3.84 3.84 3.84 3.84 3.84 3.84 3.84 3.84 3.84 3.84 3.84 3.84 3.84 3.84 3.84 3.84 3.84 3.84 4.34 4.34 4.34 4.34 4.34 4.34 4.34 4.34 4.34 4.34 4.34 4.34 4.34 4.34 4.34 4.34 4.34 4.34 4.34 4.34 4.34 4.34 4.34 4.34 4.34 4.34 4.34 4.34 4.34 
6.92 6.92 6.92 6.92 6.92 6.92 6.92 6.92 6.92 6.92 6.92 7.1 7.1 7.1 7.1 7.1 7.1 7.1 7.1 7.1 7.1 7.1 7.1 7.1 7.1 7.1 7.1 7.1 7.1 7.1 7.1 7.1 7.1 7.1 7.1 7.1 7.1 7.1 7.1 7.1 7.1 7.1 7.1 7.1 7.1 7.1 7.1 7.1 7.1 7.1 7.1 7.1 7.1 7.1 7.1 7.1 7.1 7.1 7.1 7.1 7.1 7.1 7.1 7.1 7.1 7.1 7.1 7.1 7.1 7.1 7.1 6.98 6.98 6.98 6.98 6.98 6.98 6.98 6.98 6.98 6.98 6.98 6.98 6.98 6.98 6.98 6.98 6.98 6.98 6.98 6.98 6.98 6.98 6.98 6.98 6.98 6.98 6.98 6.98 6.98 
6.92 6.92 6.92 6.92 6.92 6.92 6.92 6.92 6.92 6.92 6.92 7.1 7.1 7.1 7.1 7.1 7.1 7.1 7.1 7.1 7.1 7.1 7.1 7.1 7.1 7.1 7.1 7.1 7.1 7.1 7.1 7.1 7.1 7.1 7.1 7.1 7.1 7.1 7.1 7.1 7.1 7.1 7.1 7.1 7.1 7.1 7.1 7.1 7.1 7.1 7.1 7.1 7.1 7.1 7.1 7.1 7.1 7.1 7.1 7.1 7.1 7.1 7.1 7.1 7.1 7.1 7.1 7.1 7.1 7.1 7.1 6.98 6.98 6.98 6.98 6.98 6.98 6.98 6.98 6.98 6.98 6.98 6.98 6.98 6.98 6.98 6.98 6.98 6.98 6.98 6.98 6.98 6.98 6.98 6.98 6.98 6.98 6.98 6.98 6.98 
6.92 6.92 6.92 6.92 6.92 6.92 6.92 6.92 6.92 6.92 6.92 7.1 7.1 7.1 7.1 7.1 7.1 7.1 7.1 7.1 7.1 7.1 7.1 7.1 7.1 7.1 7.1 7.1 7.1 7.1 7.1 7.1 7.1 7.1 7.1 7.1 7.1 7.1 7.1 7.1 7.1 7.1 7.1 7.1 7.1 7.1 7.1 7.1 7.1 7.1 7.1 7.1 7.1 7.1 7.1 7.1 7.1 7.1 7.1 7.1 7.1 7.1 7.1 7.1 7.1 7.1 7.1 7.1 7.1 7.1 7.1 6.98 6.98 6.98 6.98 6.98 6.98 6.98 6.98 6.98 6.98 6.98 6.98 6.98 6.98 6.98 6.98 6.98 6.98 6.98 6.98 6.98 6.98 6.98 6.98 6.98 6.98 6.98 6.98 6.98 
6.92 6.92 6.92 6.92 6.92 6.92 6.92 6.92 6.92 6.92 6.92 7.1 7.1 7.1 7.1 7.1 7.1 7.1 7.1 7.1 7.1 7.1 7.1 7.1 7.1 7.1 7.1 7.1 7.1 7.1 7.1 7.1 7.1 7.1 7.1 7.1 7.1 7.1 7.1 7.1 7.1 7.1 7.1 7.1 7.1 7.1 7.1 7.1 7.1 7.1 7.1 7.1 7.1 7.1 7.1 7.1 7.1 7.1 7.1 7.1 7.1 7.1 7.1 7.1 7.1 7.1 7.1 7.1 7.1 7.1 7.1 6.98 6.98 6.98 6.98 6.98 6.98 6.98 6.98 6.98 6.98 6.98 6.98 6.98 6.98 6.98 6.98 6.98 6.98 6.98 6.98 6.98 6.98 6.98 6.98 6.98 6.98 6.98 6.98 6.98 
6.92 6.92 6.92 6.92 6.92 6.92 6.92 6.92 6.92 6.92 6.92 7.1 7.1 7.1 7.1 7.1 7.1 7.1 7.1 7.1 7.1 7.1 7.1 7.1 7.1 7.1 7.1 7.1 7.1 7.1 7.1 7.1 7.1 7.1 7.1 7.1 7.1 7.1 7.1 7.1 7.1 7.1 7.1 7.1 7.1 7.1 7.1 7.1 7.1 7.1 7.1 7.1 7.1 7.1 7.1 7.1 7.1 7.1 7.1 7.1 7.1 7.1 7.1 7.1 7.1 7.1 7.1 7.1 7.1 7.1 7.1 6.98 6.98 6.98 6.98 6.98 6.98 6.98 6.98 6.98 6.98 6.98 6.98 6.98 6.98 6.98 6.98 6.98 6.98 6.98 6.98 6.98 6.98 6.98 6.98 6.98 6.98 6.98 6.98 6.98 
6.92 6.92 6.92 6.92 6.92 6.92 6.92 6.92 6.92 6.92 6.92 7.1 7.1 7.1 7.1 7.1 7.1 7.1 7.1 7.1 7.1 7.1 7.1 7.1 7.1 7.1 7.1 7.1 7.1 7.1 7.1 7.1 7.1 7.1 7.1 7.1 7.1 7.1 7.1 7.1 7.1 7.1 7.1 7.1 7.1 7.1 7.1 7.1 7.1 7.1 7.1 7.1 7.1 7.1 7.1 7.1 7.1 7.1 7.1 7.1 7.1 7.1 7.1 7.1 7.1 7.1 7.1 7.1 7.1 7.1 7.1 6.98 6.98 6.98 6.98 6.98 6.98 6.98 6.98 6.98 6.98 6.98 6.98 6.98 6.98 6.98 6.98 6.98 6.98 6.98 6.98 6.98 6.98 6.98 6.98 6.98 6.98 6.98 6.98 6.98 
6.92 6.92 6.92 6.92 6.92 6.92 6.92 6.92 6.92 6.92 6.92 7.1 7.1 7.1 7.1 7.1 7.1 7.1 7.1 7.1 7.1 7.1 7.1 7.1 7.1 7.1 7.1 7.1 7.1 7.1 7.1 7.1 7.1 7.1 7.1 7.1 7.1 7.1 7.1 7.1 7.1 7.1 7.1 7.1 7.1 7.1 7.1 7.1 7.1 7.1 7.1 7.1 7.1 7.1 7.1 7.1 7.1 7.1 7.1 7.1 7.1 7.1 7.1 7.1 7.1 7.1 7.1 7.1 7.1 7.1 7.1 6.98 6.98 6.98 6.98 6.98 6.98 6.98 6.98 6.98 6.98 6.98 6.98 6.98 6.98 6.98 6.98 6.98 6.98 6.98 6.98 6.98 6.98 6.98 6.98 6.98 6.98 6.98 6.98 6.98 
6.92 6.92 6.92 6.92 6.92 6.92 6.92 6.92 6.92 6.92 6.92 7.1 7.1 7.1 7.1 7.1 7.1 7.1 7.1 7.1 7.1 7.1 7.1 7.1 7.1 7.1 7.1 7.1 7.1 7.1 7.1 7.1 7.1 7.1 7.1 7.1 7.1 7.1 7.1 7.1 7.1 7.1 7.1 7.1 7.1 7.1 7.1 7.1 7.1 7.1 7.1 7.1 7.1 7.1 7.1 7.1 7.1 7.1 7.1 7.1 7.1 7.1 7.1 7.1 7.1 7.1 7.1 7.1 7.1 7.1 7.1 6.98 6.98 6.98 6.98 6.98 6.98 6.98 6.98 6.98 6.98 6.98 6.98 6.98 6.98 6.98 6.98 6.98 6.98 6.98 6.98 6.98 6.98 6.98 6.98 6.98 6.98 6.98 6.98 6.98 
6.92 6.92 6.92 6.92 6.92 6.92 6.92 6.92 6.92 6.92 6.92 7.1 7.1 7.1 7.1 7.1 7.1 7.1 7.1 7.1 7.1 7.1 7.1 7.1 7.1 7.1 7.1 7.1 7.1 7.1 7.1 7.1 7.1 7.1 7.1 7.1 7.1 7.1 7.1 7.1 7.1 7.1 7.1 7.1 7.1 7.1 7.1 7.1 7.1 7.1 7.1 7.1 7.1 7.1 7.1 7.1 7.1 7.1 7.1 7.1 7.1 7.1 7.1 7.1 7.1 7.1 7.1 7.1 7.1 7.1 7.1 6.98 6.98 6.98 6.98 6.98 6.98 6.98 6.98 6.98 6.98 6.98 6.98 6.98 6.98 6.98 6.98 6.98 6.98 6.98 6.98 6.98 6.98 6.98 6.98 6.98 6.98 6.98 6.98 6.98 
6.92 6.92 6.92 6.92 6.92 6.92 6.92 6.92 6.92 6.92 6.92 7.1 7.1 7.1 7.1 7.1 7.1 7.1 7.1 7.1 7.1 7.1 7.1 7.1 7.1 7.1 7.1 7.1 7.1 7.1 7.1 7.1 7.1 7.1 7.1 7.1 7.1 7.1 7.1 7.1 7.1 7.1 7.1 7.1 7.1 7.1 7.1 7.1 7.1 7.1 7.1 7.1 7.1 7.1 7.1 7.1 7.1 7.1 7.1 7.1 7.1 7.1 7.1 7.1 7.1 7.1 7.1 7.1 7.1 7.1 7.1 6.98 6.98 6.98 6.98 6.98 6.98 6.98 6.98 6.98 6.98 6.98 6.98 6.98 6.98 6.98 6.98 6.98 6.98 6.98 6.98 6.98 6.98 6.98 6.98 6.98 6.98 6.98 6.98 6.98 
6.92 6.92 6.92 6.92 6.92 6.92 6.92 6.92 6.92 6.92 6.92 7.1 7.1 7.1 7.1 7.1 7.1 7.1 7.1 7.1 7.1 7.1 7.1 7.1 7.1 7.1 7.1 7.1 7.1 7.1 7.1 7.1 7.1 7.1 7.1 7.1 7.1 7.1 7.1 7.1 7.1 7.1 7.1 7.1 7.1 7.1 7.1 7.1 7.1 7.1 7.1 7.1 7.1 7.1 7.1 7.1 7.1 7.1 7.1 7.1 7.1 7.1 7.1 7.1 7.1 7.1 7.1 7.1 7.1 7.1 7.1 6.98 6.98 6.98 6.98 6.98 6.98 6.98 6.98 6.98 6.98 6.98 6.98 6.98 6.98 6.98 6.98 6.98 6.98 6.98 6.98 6.98 6.98 6.98 6.98 6.98 6.98 6.98 6.98 6.98 
6.92 6.92 6.92 6.92 6.92 6.92 6.92 6.92 6.92 6.92 6.92 7.1 7.1 7.1 7.1 7.1 7.1 7.1 7.1 7.1 7.1 7.1 7.1 7.1 7.1 7.1 7.1 7.1 7.1 7.1 7.1 7.1 7.1 7.1 7.1 7.1 7.1 7.1 7.1 7.1 7.1 7.1 7.1 7.1 7.1 7.1 7.1 7.1 7.1 7.1 7.1 7.1 7.1 7.1 7.1 7.1 7.1 7.1 7.1 7.1 7.1 7.1 7.1 7.1 7.1 7.1 7.1 7.1 7.1 7.1 7.1 6.98 6.98 6.98 6.98 6.98 6.98 6.98 6.98 6.98 6.98 6.98 6.98 6.98 6.98 6.98 6.98 6.98 6.98 6.98 6.98 6.98 6.98 6.98 6.98 6.98 6.98 6.98 6.98 6.98 
6.92 6.92 6.92 6.92 6.92 6.92 6.92 6.92 6.92 6.92 6.92 7.1 7.1 7.1 7.1 7.1 7.1 7.1 7.1 7.1 7.1 7.1 7.1 7.1 7.1 7.1 7.1 7.1 7.1 7.1 7.1 7.1 7.1 7.1 7.1 7.1 7.1 7.1 7.1 7.1 7.1 7.1 7.1 7.1 7.1 7.1 7.1 7.1 7.1 7.1 7.1 7.1 7.1 7.1 7.1 7.1 7.1 7.1 7.1 7.1 7.1 7.1 7.1 7.1 7.1 7.1 7.1 7.1 7.1 7.1 7.1 6.98 6.98 6.98 6.98 6.98 6.98 6.98 6.98 6.98 6.98 6.98 6.98 6.98 6.98 6.98 6.98 6.98 6.98 6.98 6.98 6.98 6.98 6.98 6.98 6.98 6.98 6.98 6.98 6.98 
6.92 6.92 6.92 6.92 6.92 6.92 6.92 6.92 6.92 6.92 6.92 7.1 7.1 7.1 7.1 7.1 7.1 7.1 7.1 7.1 7.1 7.1 7.1 7.1 7.1 7.1 7.1 7.1 7.1 7.1 7.1 7.1 7.1 7.1 7.1 7.1 7.1 7.1 7.1 7.1 7.1 7.1 7.1 7.1 7.1 7.1 7.1 7.1 7.1 7.1 7.1 7.1 7.1 7.1 7.1 7.1 7.1 7.1 7.1 7.1 7.1 7.1 7.1 7.1 7.1 7.1 7.1 7.1 7.1 7.1 7.1 6.98 6.98 6.98 6.98 6.98 6.98 6.98 6.98 6.98 6.98 6.98 6.98 6.98 6.98 6.98 6.98 6.98 6.98 6.98 6.98 6.98 6.98 6.98 6.98 6.98 6.98 6.98 6.98 6.98 
6.92 6.92 6.92 6.92 6.92 6.92 6.92 6.92 6.92 6.92 6.92 7.1 7.1 7.1 7.1 7.1 7.1 7.1 7.1 7.1 7.1 7.1 7.1 7.1 7.1 7.1 7.1 7.1 7.1 7.1 7.1 7.1 7.1 7.1 7.1 7.1 7.1 7.1 7.1 7.1 7.1 7.1 7.1 7.1 7.1 7.1 7.1 7.1 7.1 7.1 7.1 7.1 7.1 7.1 7.1 7.1 7.1 7.1 7.1 7.1 7.1 7.1 7.1 7.1 7.1 7.1 7.1 7.1 7.1 7.1 7.1 6.98 6.98 6.98 6.98 6.98 6.98 6.98 6.98 6.98 6.98 6.98 6.98 6.98 6.98 6.98 6.98 6.98 6.98 6.98 6.98 6.98 6.98 6.98 6.98 6.98 6.98 6.98 6.98 6.98 
6.92 6.92 6.92 6.92 6.92 6.92 6.92 6.92 6.92 6.92 6.92 7.1 7.1 7.1 7.1 7.1 7.1 7.1 7.1 7.1 7.1 7.1 7.1 7.1 7.1 7.1 7.1 7.1 7.1 7.1 7.1 7.1 7.1 7.1 7.1 7.1 7.1 7.1 7.1 7.1 7.1 7.1 7.1 7.1 7.1 7.1 7.1 7.1 7.1 7.1 7.1 7.1 7.1 7.1 7.1 7.1 7.1 7.1 7.1 7.1 7.1 7.1 7.1 7.1 7.1 7.1 7.1 7.1 7.1 7.1 7.1 6.98 6.98 6.98 6.98 6.98 6.98 6.98 6.98 6.98 6.98 6.98 6.98 6.98 6.98 6.98 6.98 6.98 6.98 6.98 6.98 6.98 6.98 6.98 6.98 6.98 6.98 6.98 6.98 6.98 
6.92 6.92 6.92 6.92 6.92 6.92 6.92 6.92 6.92 6.92 6.92 7.1 7.1 7.1 7.1 7.1 7.1 7.1 7.1 7.1 7.1 7.1 7.1 7.1 7.1 7.1 7.1 7.1 7.1 7.1 7.1 7.1 7.1 7.1 7.1 7.1 7.1 7.1 7.1 7.1 7.1 7.1 7.1 7.1 7.1 7.1 7.1 7.1 7.1 7.1 7.1 7.1 7.1 7.1 7.1 7.1 7.1 7.1 7.1 7.1 7.1 7.1 7.1 7.1 7.1 7.1 7.1 7.1 7.1 7.1 7.1 6.98 6.98 6.98 6.98 6.98 6.98 6.98 6.98 6.98 6.98 6.98 6.98 6.98 6.98 6.98 6.98 6.98 6.98 6.98 6.98 6.98 6.98 6.98 6.98 6.98 6.98 6.98 6.98 6.98 
6.92 6.92 6.92 6.92 6.92 6.92 6.92 6.92 6.92 6.92 6.92 7.1 7.1 7.1 7.1 7.1 7.1 7.1 7.1 7.1 7.1 7.1 7.1 7.1 7.1 7.1 7.1 7.1 7.1 7.1 7.1 7.1 7.1 7.1 7.1 7.1 7.1 7.1 7.1 7.1 7.1 7.1 7.1 7.1 7.1 7.1 7.1 7.1 7.1 7.1 7.1 7.1 7.1 7.1 7.1 7.1 7.1 7.1 7.1 7.1 7.1 7.1 7.1 7.1 7.1 7.1 7.1 7.1 7.1 7.1 7.1 6.98 6.98 6.98 6.98 6.98 6.98 6.98 6.98 6.98 6.98 6.98 6.98 6.98 6.98 6.98 6.98 6.98 6.98 6.98 6.98 6.98 6.98 6.98 6.98 6.98 6.98 6.98 6.98 6.98 
6.92 6.92 6.92 6.92 6.92 6.92 6.92 6.92 6.92 6.92 6.92 7.1 7.1 7.1 7.1 7.1 7.1 7.1 7.1 7.1 7.1 7.1 7.1 7.1 7.1 7.1 7.1 7.1 7.1 7.1 7.1 7.1 7.1 7.1 7.1 7.1 7.1 7.1 7.1 7.1 7.1 7.1 7.1 7.1 7.1 7.1 7.1 7.1 7.1 7.1 7.1 7.1 7.1 7.1 7.1 7.1 7.1 7.1 7.1 7.1 7.1 7.1 7.1 7.1 7.1 7.1 7.1 7.1 7.1 7.1 7.1 6.98 6.98 6.98 6.98 6.98 6.98 6.98 6.98 6.98 6.98 6.98 6.98 6.98 6.98 6.98 6.98 6.98 6.98 6.98 6.98 6.98 6.98 6.98 6.98 6.98 6.98 6.98 6.98 6.98 
6.92 6.92 6.92 6.92 6.92 6.92 6.92 6.92 6.92 6.92 6.92 7.1 7.1 7.1 7.1 7.1 7.1 7.1 7.1 7.1 7.1 7.1 7.1 7.1 7.1 7.1 7.1 7.1 7.1 7.1 7.1 7.1 7.1 7.1 7.1 7.1 7.1 7.1 7.1 7.1 7.1 7.1 7.1 7.1 7.1 7.1 7.1 7.1 7.1 7.1 7.1 7.1 7.1 7.1 7.1 7.1 7.1 7.1 7.1 7.1 7.1 7.1 7.1 7.1 7.1 7.1 7.1 7.1 7.1 7.1 7.1 6.98 6.98 6.98 6.98 6.98 6.98 6.98 6.98 6.98 6.98 6.98 6.98 6.98 6.98 6.98 6.98 6.98 6.98 6.98 6.98 6.98 6.98 6.98 6.98 6.98 6.98 6.98 6.98 6.98 
6.92 6.92 6.92 6.92 6.92 6.92 6.92 6.92 6.92 6.92 6.92 7.1 7.1 7.1 7.1 7.1 7.1 7.1 7.1 7.1 7.1 7.1 7.1 7.1 7.1 7.1 7.1 7.1 7.1 7.1 7.1 7.1 7.1 7.1 7.1 7.1 7.1 7.1 7.1 7.1 7.1 7.1 7.1 7.1 7.1 7.1 7.1 7.1 7.1 7.1 7.1 7.1 7.1 7.1 7.1 7.1 7.1 7.1 7.1 7.1 7.1 7.1 7.1 7.1 7.1 7.1 7.1 7.1 7.1 7.1 7.1 6.98 6.98 6.98 6.98 6.98 6.98 6.98 6.98 6.98 6.98 6.98 6.98 6.98 6.98 6.98 6.98 6.98 6.98 6.98 6.98 6.98 6.98 6.98 6.98 6.98 6.98 6.98 6.98 6.98 
6.92 6.92 6.92 6.92 6.92 6.92 6.92 6.92 6.92 6.92 6.92 7.1 7.1 7.1 7.1 7.1 7.1 7.1 7.1 7.1 7.1 7.1 7.1 7.1 7.1 7.1 7.1 7.1 7.1 7.1 7.1 7.1 7.1 7.1 7.1 7.1 7.1 7.1 7.1 7.1 7.1 7.1 7.1 7.1 7.1 7.1 7.1 7.1 7.1 7.1 7.1 7.1 7.1 7.1 7.1 7.1 7.1 7.1 7.1 7.1 7.1 7.1 7.1 7.1 7.1 7.1 7.1 7.1 7.1 7.1 7.1 6.98 6.98 6.98 6.98 6.98 6.98 6.98 6.98 6.98 6.98 6.98 6.98 6.98 6.98 6.98 6.98 6.98 6.98 6.98 6.98 6.98 6.98 6.98 6.98 6.98 6.98 6.98 6.98 6.98 
6.92 6.92 6.92 6.92 6.92 6.92 6.92 6.92 6.92 6.92 6.92 7.1 7.1 7.1 7.1 7.1 7.1 7.1 7.1 7.1 7.1 7.1 7.1 7.1 7.1 7.1 7.1 7.1 7.1 7.1 7.1 7.1 7.1 7.1 7.1 7.1 7.1 7.1 7.1 7.1 7.1 7.1 7.1 7.1 7.1 7.1 7.1 7.1 7.1 7.1 7.1 7.1 7.1 7.1 7.1 7.1 7.1 7.1 7.1 7.1 7.1 7.1 7.1 7.1 7.1 7.1 7.1 7.1 7.1 7.1 7.1 6.98 6.98 6.98 6.98 6.98 6.98 6.98 6.98 6.98 6.98 6.98 6.98 6.98 6.98 6.98 6.98 6.98 6.98 6.98 6.98 6.98 6.98 6.98 6.98 6.98 6.98 6.98 6.98 6.98 
6.92 6.92 6.92 6.92 6.92 6.92 6.92 6.92 6.92 6.92 6.92 7.1 7.1 7.1 7.1 7.1 7.1 7.1 7.1 7.1 7.1 7.1 7.1 7.1 7.1 7.1 7.1 7.1 7.1 7.1 7.1 7.1 7.1 7.1 7.1 7.1 7.1 7.1 7.1 7.1 7.1 7.1 7.1 7.1 7.1 7.1 7.1 7.1 7.1 7.1 7.1 7.1 7.1 7.1 7.1 7.1 7.1 7.1 7.1 7.1 7.1 7.1 7.1 7.1 7.1 7.1 7.1 7.1 7.1 7.1 7.1 6.98 6.98 6.98 6.98 6.98 6.98 6.98 6.98 6.98 6.98 6.98 6.98 6.98 6.98 6.98 6.98 6.98 6.98 6.98 6.98 6.98 6.98 6.98 6.98 6.98 6.98 6.98 6.98 6.98 
6.92 6.92 6.92 6.92 6.92 6.92 6.92 6.92 6.92 6.92 6.92 7.1 7.1 7.1 7.1 7.1 7.1 7.1 7.1 7.1 7.1 7.1 7.1 7.1 7.1 7.1 7.1 7.1 7.1 7.1 7.1 7.1 7.1 7.1 7.1 7.1 7.1 7.1 7.1 7.1 7.1 7.1 7.1 7.1 7.1 7.1 7.1 7.1 7.1 7.1 7.1 7.1 7.1 7.1 7.1 7.1 7.1 7.1 7.1 7.1 7.1 7.1 7.1 7.1 7.1 7.1 7.1 7.1 7.1 7.1 7.1 6.98 6.98 6.98 6.98 6.98 6.98 6.98 6.98 6.98 6.98 6.98 6.98 6.98 6.98 6.98 6.98 6.98 6.98 6.98 6.98 6.98 6.98 6.98 6.98 6.98 6.98 6.98 6.98 6.98 
6.92 6.92 6.92 6.92 6.92 6.92 6.92 6.92 6.92 6.92 6.92 7.1 7.1 7.1 7.1 7.1 7.1 7.1 7.1 7.1 7.1 7.1 7.1 7.1 7.1 7.1 7.1 7.1 7.1 7.1 7.1 7.1 7.1 7.1 7.1 7.1 7.1 7.1 7.1 7.1 7.1 7.1 7.1 7.1 7.1 7.1 7.1 7.1 7.1 7.1 7.1 7.1 7.1 7.1 7.1 7.1 7.1 7.1 7.1 7.1 7.1 7.1 7.1 7.1 7.1 7.1 7.1 7.1 7.1 7.1 7.1 6.98 6.98 6.98 6.98 6.98 6.98 6.98 6.98 6.98 6.98 6.98 6.98 6.98 6.98 6.98 6.98 6.98 6.98 6.98 6.98 6.98 6.98 6.98 6.98 6.98 6.98 6.98 6.98 6.98 
6.92 6.92 6.92 6.92 6.92 6.92 6.92 6.92 6.92 6.92 6.92 7.1 7.1 7.1 7.1 7.1 7.1 7.1 7.1 7.1 7.1 7.1 7.1 7.1 7.1 7.1 7.1 7.1 7.1 7.1 7.1 7.1 7.1 7.1 7.1 7.1 7.1 7.1 7.1 7.1 7.1 7.1 7.1 7.1 7.1 7.1 7.1 7.1 7.1 7.1 7.1 7.1 7.1 7.1 7.1 7.1 7.1 7.1 7.1 7.1 7.1 7.1 7.1 7.1 7.1 7.1 7.1 7.1 7.1 7.1 7.1 6.98 6.98 6.98 6.98 6.98 6.98 6.98 6.98 6.98 6.98 6.98 6.98 6.98 6.98 6.98 6.98 6.98 6.98 6.98 6.98 6.98 6.98 6.98 6.98 6.98 6.98 6.98 6.98 6.98 
6.92 6.92 6.92 6.92 6.92 6.92 6.92 6.92 6.92 6.92 6.92 7.1 7.1 7.1 7.1 7.1 7.1 7.1 7.1 7.1 7.1 7.1 7.1 7.1 7.1 7.1 7.1 7.1 7.1 7.1 7.1 7.1 7.1 7.1 7.1 7.1 7.1 7.1 7.1 7.1 7.1 7.1 7.1 7.1 7.1 7.1 7.1 7.1 7.1 7.1 7.1 7.1 7.1 7.1 7.1 7.1 7.1 7.1 7.1 7.1 7.1 7.1 7.1 7.1 7.1 7.1 7.1 7.1 7.1 7.1 7.1 6.98 6.98 6.98 6.98 6.98 6.98 6.98 6.98 6.98 6.98 6.98 6.98 6.98 6.98 6.98 6.98 6.98 6.98 6.98 6.98 6.98 6.98 6.98 6.98 6.98 6.98 6.98 6.98 6.98 
6.92 6.92 6.92 6.92 6.92 6.92 6.92 6.92 6.92 6.92 6.92 7.1 7.1 7.1 7.1 7.1 7.1 7.1 7.1 7.1 7.1 7.1 7.1 7.1 7.1 7.1 7.1 7.1 7.1 7.1 7.1 7.1 7.1 7.1 7.1 7.1 7.1 7.1 7.1 7.1 7.1 7.1 7.1 7.1 7.1 7.1 7.1 7.1 7.1 7.1 7.1 7.1 7.1 7.1 7.1 7.1 7.1 7.1 7.1 7.1 7.1 7.1 7.1 7.1 7.1 7.1 7.1 7.1 7.1 7.1 7.1 6.98 6.98 6.98 6.98 6.98 6.98 6.98 6.98 6.98 6.98 6.98 6.98 6.98 6.98 6.98 6.98 6.98 6.98 6.98 6.98 6.98 6.98 6.98 6.98 6.98 6.98 6.98 6.98 6.98 
6.92 6.92 6.92 6.92 6.92 6.92 6.92 6.92 6.92 6.92 6.92 7.1 7.1 7.1 7.1 7.1 7.1 7.1 7.1 7.1 7.1 7.1 7.1 7.1 7.1 7.1 7.1 7.1 7.1 7.1 7.1 7.1 7.1 7.1 7.1 7.1 7.1 7.1 7.1 7.1 7.1 7.1 7.1 7.1 7.1 7.1 7.1 7.1 7.1 7.1 7.1 7.1 7.1 7.1 7.1 7.1 7.1 7.1 7.1 7.1 7.1 7.1 7.1 7.1 7.1 7.1 7.1 7.1 7.1 7.1 7.1 6.98 6.98 6.98 6.98 6.98 6.98 6.98 6.98 6.98 6.98 6.98 6.98 6.98 6.98 6.98 6.98 6.98 6.98 6.98 6.98 6.98 6.98 6.98 6.98 6.98 6.98 6.98 6.98 6.98 
6.92 6.92 6.92 6.92 6.92 6.92 6.92 6.92 6.92 6.92 6.92 7.1 7.1 7.1 7.1 7.1 7.1 7.1 7.1 7.1 7.1 7.1 7.1 7.1 7.1 7.1 7.1 7.1 7.1 7.1 7.1 7.1 7.1 7.1 7.1 7.1 7.1 7.1 7.1 7.1 7.1 7.1 7.1 7.1 7.1 7.1 7.1 7.1 7.1 7.1 7.1 7.1 7.1 7.1 7.1 7.1 7.1 7.1 7.1 7.1 7.1 7.1 7.1 7.1 7.1 7.1 7.1 7.1 7.1 7.1 7.1 6.98 6.98 6.98 6.98 6.98 6.98 6.98 6.98 6.98 6.98 6.98 6.98 6.98 6.98 6.98 6.98 6.98 6.98 6.98 6.98 6.98 6.98 6.98 6.98 6.98 6.98 6.98 6.98 6.98 
