ncols         100
nrows         100
xllcorner     -59982.863281
yllcorner     1851083.022172
cellsize      1000
NODATA_value  -9999
101.1 101.1 101.1 101.1 101.1 101.1 101.1 101.1 101.1 101.1 101.1 102.2 102.2 102.2 102.2 102.2 102.2 102.2 102.2 102.2 102.2 102.2 102.2 102.2 102.2 102.2 102.2 102.2 102.2 102.2 102.2 102.2 102.2 102.2 102.2 102.2 102.2 102.2 102.2 102.2 102.2 102.2 102.2 102.2 102.2 102.2 102.2 102.2 102.2 102.2 102.2 102.2 102.2 102.2 102.2 102.2 102.2 102.2 102.2 102.2 102.2 102.2 102.2 102.2 102.2 102.2 102.2 102.2 102.2 102.2 102.2 94.8 94.8 94.8 94.8 94.8 94.8 94.8 94.8 94.8 94.8 94.8 94.8 94.8 94.8 94.8 94.8 94.8 94.8 94.8 94.8 94.8 94.8 94.8 94.8 94.8 94.8 94.8 94.8 94.8 
101.1 101.1 101.1 101.1 101.1 101.1 101.1 101.1 101.1 101.1 101.1 102.2 102.2 102.2 102.2 102.2 102.2 102.2 102.2 102.2 102.2 102.2 102.2 102.2 102.2 102.2 102.2 102.2 102.2 102.2 102.2 102.2 102.2 102.2 102.2 102.2 102.2 102.2 102.2 102.2 102.2 102.2 102.2 102.2 102.2 102.2 102.2 102.2 102.2 102.2 102.2 102.2 102.2 102.2 102.2 102.2 102.2 102.2 102.2 102.2 102.2 102.2 102.2 102.2 102.2 102.2 102.2 102.2 102.2 102.2 102.2 94.8 94.8 94.8 94.8 94.8 94.8 94.8 94.8 94.8 94.8 94.8 94.8 94.8 94.8 94.8 94.8 94.8 94.8 94.8 94.8 94.8 94.8 94.8 94.8 94.8 94.8 94.8 94.8 94.8 
101.1 101.1 101.1 101.1 101.1 101.1 101.1 101.1 101.1 101.1 101.1 102.2 102.2 102.2 102.2 102.2 102.2 102.2 102.2 102.2 102.2 102.2 102.2 102.2 102.2 102.2 102.2 102.2 102.2 102.2 102.2 102.2 102.2 102.2 102.2 102.2 102.2 102.2 102.2 102.2 102.2 102.2 102.2 102.2 102.2 102.2 102.2 102.2 102.2 102.2 102.2 102.2 102.2 102.2 102.2 102.2 102.2 102.2 102.2 102.2 102.2 102.2 102.2 102.2 102.2 102.2 102.2 102.2 102.2 102.2 102.2 94.8 94.8 94.8 94.8 94.8 94.8 94.8 94.8 94.8 94.8 94.8 94.8 94.8 94.8 94.8 94.8 94.8 94.8 94.8 94.8 94.8 94.8 94.8 94.8 94.8 94.8 94.8 94.8 94.8 
101.1 101.1 101.1 101.1 101.1 101.1 101.1 101.1 101.1 101.1 101.1 102.2 102.2 102.2 102.2 102.2 102.2 102.2 102.2 102.2 102.2 102.2 102.2 102.2 102.2 102.2 102.2 102.2 102.2 102.2 102.2 102.2 102.2 102.2 102.2 102.2 102.2 102.2 102.2 102.2 102.2 102.2 102.2 102.2 102.2 102.2 102.2 102.2 102.2 102.2 102.2 102.2 102.2 102.2 102.2 102.2 102.2 102.2 102.2 102.2 102.2 102.2 102.2 102.2 102.2 102.2 102.2 102.2 102.2 102.2 102.2 94.8 94.8 94.8 94.8 94.8 94.8 94.8 94.8 94.8 94.8 94.8 94.8 94.8 94.8 94.8 94.8 94.8 94.8 94.8 94.8 94.8 94.8 94.8 94.8 94.8 94.8 94.8 94.8 94.8 
101.1 101.1 101.1 101.1 101.1 101.1 101.1 101.1 101.1 101.1 101.1 102.2 102.2 102.2 102.2 102.2 102.2 102.2 102.2 102.2 102.2 102.2 102.2 102.2 102.2 102.2 102.2 102.2 102.2 102.2 102.2 102.2 102.2 102.2 102.2 102.2 102.2 102.2 102.2 102.2 102.2 102.2 102.2 102.2 102.2 102.2 102.2 102.2 102.2 102.2 102.2 102.2 102.2 102.2 102.2 102.2 102.2 102.2 102.2 102.2 102.2 102.2 102.2 102.2 102.2 102.2 102.2 102.2 102.2 102.2 102.2 94.8 94.8 94.8 94.8 94.8 94.8 94.8 94.8 94.8 94.8 94.8 94.8 94.8 94.8 94.8 94.8 94.8 94.8 94.8 94.8 94.8 94.8 94.8 94.8 94.8 94.8 94.8 94.8 94.8 
101.1 101.1 101.1 101.1 101.1 101.1 101.1 101.1 101.1 101.1 101.1 102.2 102.2 102.2 102.2 102.2 102.2 102.2 102.2 102.2 102.2 102.2 102.2 102.2 102.2 102.2 102.2 102.2 102.2 102.2 102.2 102.2 102.2 102.2 102.2 102.2 102.2 102.2 102.2 102.2 102.2 102.2 102.2 102.2 102.2 102.2 102.2 102.2 102.2 102.2 102.2 102.2 102.2 102.2 102.2 102.2 102.2 102.2 102.2 102.2 102.2 102.2 102.2 102.2 102.2 102.2 102.2 102.2 102.2 102.2 102.2 94.8 94.8 94.8 94.8 94.8 94.8 94.8 94.8 94.8 94.8 94.8 94.8 94.8 94.8 94.8 94.8 94.8 94.8 94.8 94.8 94.8 94.8 94.8 94.8 94.8 94.8 94.8 94.8 94.8 
101.1 101.1 101.1 101.1 101.1 101.1 101.1 101.1 101.1 101.1 101.1 102.2 102.2 102.2 102.2 102.2 102.2 102.2 102.2 102.2 102.2 102.2 102.2 102.2 102.2 102.2 102.2 102.2 102.2 102.2 102.2 102.2 102.2 102.2 102.2 102.2 102.2 102.2 102.2 102.2 102.2 102.2 102.2 102.2 102.2 102.2 102.2 102.2 102.2 102.2 102.2 102.2 102.2 102.2 102.2 102.2 102.2 102.2 102.2 102.2 102.2 102.2 102.2 102.2 102.2 102.2 102.2 102.2 102.2 102.2 102.2 94.8 94.8 94.8 94.8 94.8 94.8 94.8 94.8 94.8 94.8 94.8 94.8 94.8 94.8 94.8 94.8 94.8 94.8 94.8 94.8 94.8 94.8 94.8 94.8 94.8 94.8 94.8 94.8 94.8 
101.1 101.1 101.1 101.1 101.1 101.1 101.1 101.1 101.1 101.1 101.1 102.2 102.2 102.2 102.2 102.2 102.2 102.2 102.2 102.2 102.2 102.2 102.2 102.2 102.2 102.2 102.2 102.2 102.2 102.2 102.2 102.2 102.2 102.2 102.2 102.2 102.2 102.2 102.2 102.2 102.2 102.2 102.2 102.2 102.2 102.2 102.2 102.2 102.2 102.2 102.2 102.2 102.2 102.2 102.2 102.2 102.2 102.2 102.2 102.2 102.2 102.2 102.2 102.2 102.2 102.2 102.2 102.2 102.2 102.2 102.2 94.8 94.8 94.8 94.8 94.8 94.8 94.8 94.8 94.8 94.8 94.8 94.8 94.8 94.8 94.8 94.8 94.8 94.8 94.8 94.8 94.8 94.8 94.8 94.8 94.8 94.8 94.8 94.8 94.8 
101.1 101.1 101.1 101.1 101.1 101.1 101.1 101.1 101.1 101.1 101.1 102.2 102.2 102.2 102.2 102.2 102.2 102.2 102.2 102.2 102.2 102.2 102.2 102.2 102.2 102.2 102.2 102.2 102.2 102.2 102.2 102.2 102.2 102.2 102.2 102.2 102.2 102.2 102.2 102.2 102.2 102.2 102.2 102.2 102.2 102.2 102.2 102.2 102.2 102.2 102.2 102.2 102.2 102.2 102.2 102.2 102.2 102.2 102.2 102.2 102.2 102.2 102.2 102.2 102.2 102.2 102.2 102.2 102.2 102.2 102.2 94.8 94.8 94.8 94.8 94.8 94.8 94.8 94.8 94.8 94.8 94.8 94.8 94.8 94.8 94.8 94.8 94.8 94.8 94.8 94.8 94.8 94.8 94.8 94.8 94.8 94.8 94.8 94.8 94.8 
112.6 112.6 112.6 112.6 112.6 112.6 112.6 112.6 112.6 112.6 112.6 119.3 119.3 119.3 119.3 119.3 119.3 119.3 119.3 119.3 119.3 119.3 119.3 119.3 119.3 119.3 119.3 119.3 119.3 119.3 119.3 119.3 119.3 119.3 119.3 119.3 119.3 119.3 119.3 119.3 119.3 119.3 119.3 119.3 119.3 119.3 119.3 119.3 119.3 119.3 119.3 119.3 119.3 119.3 119.3 119.3 119.3 119.3 119.3 119.3 119.3 119.3 119.3 119.3 119.3 119.3 119.3 119.3 119.3 119.3 119.3 110.3 110.3 110.3 110.3 110.3 110.3 110.3 110.3 110.3 110.3 110.3 110.3 110.3 110.3 110.3 110.3 110.3 110.3 110.3 110.3 110.3 110.3 110.3 110.3 110.3 110.3 110.3 110.3 110.3 
112.6 112.6 112.6 112.6 112.6 112.6 112.6 112.6 112.6 112.6 112.6 119.3 119.3 119.3 119.3 119.3 119.3 119.3 119.3 119.3 119.3 119.3 119.3 119.3 119.3 119.3 119.3 119.3 119.3 119.3 119.3 119.3 119.3 119.3 119.3 119.3 119.3 119.3 119.3 119.3 119.3 119.3 119.3 119.3 119.3 119.3 119.3 119.3 119.3 119.3 119.3 119.3 119.3 119.3 119.3 119.3 119.3 119.3 119.3 119.3 119.3 119.3 119.3 119.3 119.3 119.3 119.3 119.3 119.3 119.3 119.3 110.3 110.3 110.3 110.3 110.3 110.3 110.3 110.3 110.3 110.3 110.3 110.3 110.3 110.3 110.3 110.3 110.3 110.3 110.3 110.3 110.3 110.3 110.3 110.3 110.3 110.3 110.3 110.3 110.3 
112.6 112.6 112.6 112.6 112.6 112.6 112.6 112.6 112.6 112.6 112.6 119.3 119.3 119.3 119.3 119.3 119.3 119.3 119.3 119.3 119.3 119.3 119.3 119.3 119.3 119.3 119.3 119.3 119.3 119.3 119.3 119.3 119.3 119.3 119.3 119.3 119.3 119.3 119.3 119.3 119.3 119.3 119.3 119.3 119.3 119.3 119.3 119.3 119.3 119.3 119.3 119.3 119.3 119.3 119.3 119.3 119.3 119.3 119.3 119.3 119.3 119.3 119.3 119.3 119.3 119.3 119.3 119.3 119.3 119.3 119.3 110.3 110.3 110.3 110.3 110.3 110.3 110.3 110.3 110.3 110.3 110.3 110.3 110.3 110.3 110.3 110.3 110.3 110.3 110.3 110.3 110.3 110.3 110.3 110.3 110.3 110.3 110.3 110.3 110.3 
112.6 112.6 112.6 112.6 112.6 112.6 112.6 112.6 112.6 112.6 112.6 119.3 119.3 119.3 119.3 119.3 119.3 119.3 119.3 119.3 119.3 119.3 119.3 119.3 119.3 119.3 119.3 119.3 119.3 119.3 119.3 119.3 119.3 119.3 119.3 119.3 119.3 119.3 119.3 119.3 119.3 119.3 119.3 119.3 119.3 119.3 119.3 119.3 119.3 119.3 119.3 119.3 119.3 119.3 119.3 119.3 119.3 119.3 119.3 119.3 119.3 119.3 119.3 119.3 119.3 119.3 119.3 119.3 119.3 119.3 119.3 110.3 110.3 110.3 110.3 110.3 110.3 110.3 110.3 110.3 110.3 110.3 110.3 110.3 110.3 110.3 110.3 110.3 110.3 110.3 110.3 110.3 110.3 110.3 110.3 110.3 110.3 110.3 110.3 110.3 
112.6 112.6 112.6 112.6 112.6 112.6 112.6 112.6 112.6 112.6 112.6 119.3 119.3 119.3 119.3 119.3 119.3 119.3 119.3 119.3 119.3 119.3 119.3 119.3 119.3 119.3 119.3 119.3 119.3 119.3 119.3 119.3 119.3 119.3 119.3 119.3 119.3 119.3 119.3 119.3 119.3 119.3 119.3 119.3 119.3 119.3 119.3 119.3 119.3 119.3 119.3 119.3 119.3 119.3 119.3 119.3 119.3 119.3 119.3 119.3 119.3 119.3 119.3 119.3 119.3 119.3 119.3 119.3 119.3 119.3 119.3 110.3 110.3 110.3 110.3 110.3 110.3 110.3 110.3 110.3 110.3 110.3 110.3 110.3 110.3 110.3 110.3 110.3 110.3 110.3 110.3 110.3 110.3 110.3 110.3 110.3 110.3 110.3 110.3 110.3 
112.6 112.6 112.6 112.6 112.6 112.6 112.6 112.6 112.6 112.6 112.6 119.3 119.3 119.3 119.3 119.3 119.3 119.3 119.3 119.3 119.3 119.3 119.3 119.3 119.3 119.3 119.3 119.3 119.3 119.3 119.3 119.3 119.3 119.3 119.3 119.3 119.3 119.3 119.3 119.3 119.3 119.3 119.3 119.3 119.3 119.3 119.3 119.3 119.3 119.3 119.3 119.3 119.3 119.3 119.3 119.3 119.3 119.3 119.3 119.3 119.3 119.3 119.3 119.3 119.3 119.3 119.3 119.3 119.3 119.3 119.3 110.3 110.3 110.3 110.3 110.3 110.3 110.3 110.3 110.3 110.3 110.3 110.3 110.3 110.3 110.3 110.3 110.3 110.3 110.3 110.3 110.3 110.3 110.3 110.3 110.3 110.3 110.3 110.3 110.3 
112.6 112.6 112.6 112.6 112.6 112.6 112.6 112.6 112.6 112.6 112.6 119.3 119.3 119.3 119.3 119.3 119.3 119.3 119.3 119.3 119.3 119.3 119.3 119.3 119.3 119.3 119.3 119.3 119.3 119.3 119.3 119.3 119.3 119.3 119.3 119.3 119.3 119.3 119.3 119.3 119.3 119.3 119.3 119.3 119.3 119.3 119.3 119.3 119.3 119.3 119.3 119.3 119.3 119.3 119.3 119.3 119.3 119.3 119.3 119.3 119.3 119.3 119.3 119.3 119.3 119.3 119.3 119.3 119.3 119.3 119.3 110.3 110.3 110.3 110.3 110.3 110.3 110.3 110.3 110.3 110.3 110.3 110.3 110.3 110.3 110.3 110.3 110.3 110.3 110.3 110.3 110.3 110.3 110.3 110.3 110.3 110.3 110.3 110.3 110.3 
112.6 112.6 112.6 112.6 112.6 112.6 112.6 112.6 112.6 112.6 112.6 119.3 119.3 119.3 119.3 119.3 119.3 119.3 119.3 119.3 119.3 119.3 119.3 119.3 119.3 119.3 119.3 119.3 119.3 119.3 119.3 119.3 119.3 119.3 119.3 119.3 119.3 119.3 119.3 119.3 119.3 119.3 119.3 119.3 119.3 119.3 119.3 119.3 119.3 119.3 119.3 119.3 119.3 119.3 119.3 119.3 119.3 119.3 119.3 119.3 119.3 119.3 119.3 119.3 119.3 119.3 119.3 119.3 119.3 119.3 119.3 110.3 110.3 110.3 110.3 110.3 110.3 110.3 110.3 110.3 110.3 110.3 110.3 110.3 110.3 110.3 110.3 110.3 110.3 110.3 110.3 110.3 110.3 110.3 110.3 110.3 110.3 110.3 110.3 110.3 
112.6 112.6 112.6 112.6 112.6 112.6 112.6 112.6 112.6 112.6 112.6 119.3 119.3 119.3 119.3 119.3 119.3 119.3 119.3 119.3 119.3 119.3 119.3 119.3 119.3 119.3 119.3 119.3 119.3 119.3 119.3 119.3 119.3 119.3 119.3 119.3 119.3 119.3 119.3 119.3 119.3 119.3 119.3 119.3 119.3 119.3 119.3 119.3 119.3 119.3 119.3 119.3 119.3 119.3 119.3 119.3 119.3 119.3 119.3 119.3 119.3 119.3 119.3 119.3 119.3 119.3 119.3 119.3 119.3 119.3 119.3 110.3 110.3 110.3 110.3 110.3 110.3 110.3 110.3 110.3 110.3 110.3 110.3 110.3 110.3 110.3 110.3 110.3 110.3 110.3 110.3 110.3 110.3 110.3 110.3 110.3 110.3 110.3 110.3 110.3 
112.6 112.6 112.6 112.6 112.6 112.6 112.6 112.6 112.6 112.6 112.6 119.3 119.3 119.3 119.3 119.3 119.3 119.3 119.3 119.3 119.3 119.3 119.3 119.3 119.3 119.3 119.3 119.3 119.3 119.3 119.3 119.3 119.3 119.3 119.3 119.3 119.3 119.3 119.3 119.3 119.3 119.3 119.3 119.3 119.3 119.3 119.3 119.3 119.3 119.3 119.3 119.3 119.3 119.3 119.3 119.3 119.3 119.3 119.3 119.3 119.3 119.3 119.3 119.3 119.3 119.3 119.3 119.3 119.3 119.3 119.3 110.3 110.3 110.3 110.3 110.3 110.3 110.3 110.3 110.3 110.3 110.3 110.3 110.3 110.3 110.3 110.3 110.3 110.3 110.3 110.3 110.3 110.3 110.3 110.3 110.3 110.3 110.3 110.3 110.3 
112.6 112.6 112.6 112.6 112.6 112.6 112.6 112.6 112.6 112.6 112.6 119.3 119.3 119.3 119.3 119.3 119.3 119.3 119.3 119.3 119.3 119.3 119.3 119.3 119.3 119.3 119.3 119.3 119.3 119.3 119.3 119.3 119.3 119.3 119.3 119.3 119.3 119.3 119.3 119.3 119.3 119.3 119.3 119.3 119.3 119.3 119.3 119.3 119.3 119.3 119.3 119.3 119.3 119.3 119.3 119.3 119.3 119.3 119.3 119.3 119.3 119.3 119.3 119.3 119.3 119.3 119.3 119.3 119.3 119.3 119.3 110.3 110.3 110.3 110.3 110.3 110.3 110.3 110.3 110.3 110.3 110.3 110.3 110.3 110.3 110.3 110.3 110.3 110.3 110.3 110.3 110.3 110.3 110.3 110.3 110.3 110.3 110.3 110.3 110.3 
112.6 112.6 112.6 112.6 112.6 112.6 112.6 112.6 112.6 112.6 112.6 119.3 119.3 119.3 119.3 119.3 119.3 119.3 119.3 119.3 119.3 119.3 119.3 119.3 119.3 119.3 119.3 119.3 119.3 119.3 119.3 119.3 119.3 119.3 119.3 119.3 119.3 119.3 119.3 119.3 119.3 119.3 119.3 119.3 119.3 119.3 119.3 119.3 119.3 119.3 119.3 119.3 119.3 119.3 119.3 119.3 119.3 119.3 119.3 119.3 119.3 119.3 119.3 119.3 119.3 119.3 119.3 119.3 119.3 119.3 119.3 110.3 110.3 110.3 110.3 110.3 110.3 110.3 110.3 110.3 110.3 110.3 110.3 110.3 110.3 110.3 110.3 110.3 110.3 110.3 110.3 110.3 110.3 110.3 110.3 110.3 110.3 110.3 110.3 110.3 
112.6 112.6 112.6 112.6 112.6 112.6 112.6 112.6 112.6 112.6 112.6 119.3 119.3 119.3 119.3 119.3 119.3 119.3 119.3 119.3 119.3 119.3 119.3 119.3 119.3 119.3 119.3 119.3 119.3 119.3 119.3 119.3 119.3 119.3 119.3 119.3 119.3 119.3 119.3 119.3 119.3 119.3 119.3 119.3 119.3 119.3 119.3 119.3 119.3 119.3 119.3 119.3 119.3 119.3 119.3 119.3 119.3 119.3 119.3 119.3 119.3 119.3 119.3 119.3 119.3 119.3 119.3 119.3 119.3 119.3 119.3 110.3 110.3 110.3 110.3 110.3 110.3 110.3 110.3 110.3 110.3 110.3 110.3 110.3 110.3 110.3 110.3 110.3 110.3 110.3 110.3 110.3 110.3 110.3 110.3 110.3 110.3 110.3 110.3 110.3 
112.6 112.6 112.6 112.6 112.6 112.6 112.6 112.6 112.6 112.6 112.6 119.3 119.3 119.3 119.3 119.3 119.3 119.3 119.3 119.3 119.3 119.3 119.3 119.3 119.3 119.3 119.3 119.3 119.3 119.3 119.3 119.3 119.3 119.3 119.3 119.3 119.3 119.3 119.3 119.3 119.3 119.3 119.3 119.3 119.3 119.3 119.3 119.3 119.3 119.3 119.3 119.3 119.3 119.3 119.3 119.3 119.3 119.3 119.3 119.3 119.3 119.3 119.3 119.3 119.3 119.3 119.3 119.3 119.3 119.3 119.3 110.3 110.3 110.3 110.3 110.3 110.3 110.3 110.3 110.3 110.3 110.3 110.3 110.3 110.3 110.3 110.3 110.3 110.3 110.3 110.3 110.3 110.3 110.3 110.3 110.3 110.3 110.3 110.3 110.3 
112.6 112.6 112.6 112.6 112.6 112.6 112.6 112.6 112.6 112.6 112.6 119.3 119.3 119.3 119.3 119.3 119.3 119.3 119.3 119.3 119.3 119.3 119.3 119.3 119.3 119.3 119.3 119.3 119.3 119.3 119.3 119.3 119.3 119.3 119.3 119.3 119.3 119.3 119.3 119.3 119.3 119.3 119.3 119.3 119.3 119.3 119.3 119.3 119.3 119.3 119.3 119.3 119.3 119.3 119.3 119.3 119.3 119.3 119.3 119.3 119.3 119.3 119.3 119.3 119.3 119.3 119.3 119.3 119.3 119.3 119.3 110.3 110.3 110.3 110.3 110.3 110.3 110.3 110.3 110.3 110.3 110.3 110.3 110.3 110.3 110.3 110.3 110.3 110.3 110.3 110.3 110.3 110.3 110.3 110.3 110.3 110.3 110.3 110.3 110.3 
112.6 112.6 112.6 112.6 112.6 112.6 112.6 112.6 112.6 112.6 112.6 119.3 119.3 119.3 119.3 119.3 119.3 119.3 119.3 119.3 119.3 119.3 119.3 119.3 119.3 119.3 119.3 119.3 119.3 119.3 119.3 119.3 119.3 119.3 119.3 119.3 119.3 119.3 119.3 119.3 119.3 119.3 119.3 119.3 119.3 119.3 119.3 119.3 119.3 119.3 119.3 119.3 119.3 119.3 119.3 119.3 119.3 119.3 119.3 119.3 119.3 119.3 119.3 119.3 119.3 119.3 119.3 119.3 119.3 119.3 119.3 110.3 110.3 110.3 110.3 110.3 110.3 110.3 110.3 110.3 110.3 110.3 110.3 110.3 110.3 110.3 110.3 110.3 110.3 110.3 110.3 110.3 110.3 110.3 110.3 110.3 110.3 110.3 110.3 110.3 
112.6 112.6 112.6 112.6 112.6 112.6 112.6 112.6 112.6 112.6 112.6 119.3 119.3 119.3 119.3 119.3 119.3 119.3 119.3 119.3 119.3 119.3 119.3 119.3 119.3 119.3 119.3 119.3 119.3 119.3 119.3 119.3 119.3 119.3 119.3 119.3 119.3 119.3 119.3 119.3 119.3 119.3 119.3 119.3 119.3 119.3 119.3 119.3 119.3 119.3 119.3 119.3 119.3 119.3 119.3 119.3 119.3 119.3 119.3 119.3 119.3 119.3 119.3 119.3 119.3 119.3 119.3 119.3 119.3 119.3 119.3 110.3 110.3 110.3 110.3 110.3 110.3 110.3 110.3 110.3 110.3 110.3 110.3 110.3 110.3 110.3 110.3 110.3 110.3 110.3 110.3 110.3 110.3 110.3 110.3 110.3 110.3 110.3 110.3 110.3 
112.6 112.6 112.6 112.6 112.6 112.6 112.6 112.6 112.6 112.6 112.6 119.3 119.3 119.3 119.3 119.3 119.3 119.3 119.3 119.3 119.3 119.3 119.3 119.3 119.3 119.3 119.3 119.3 119.3 119.3 119.3 119.3 119.3 119.3 119.3 119.3 119.3 119.3 119.3 119.3 119.3 119.3 119.3 119.3 119.3 119.3 119.3 119.3 119.3 119.3 119.3 119.3 119.3 119.3 119.3 119.3 119.3 119.3 119.3 119.3 119.3 119.3 119.3 119.3 119.3 119.3 119.3 119.3 119.3 119.3 119.3 110.3 110.3 110.3 110.3 110.3 110.3 110.3 110.3 110.3 110.3 110.3 110.3 110.3 110.3 110.3 110.3 110.3 110.3 110.3 110.3 110.3 110.3 110.3 110.3 110.3 110.3 110.3 110.3 110.3 
112.6 112.6 112.6 112.6 112.6 112.6 112.6 112.6 112.6 112.6 112.6 119.3 119.3 119.3 119.3 119.3 119.3 119.3 119.3 119.3 119.3 119.3 119.3 119.3 119.3 119.3 119.3 119.3 119.3 119.3 119.3 119.3 119.3 119.3 119.3 119.3 119.3 119.3 119.3 119.3 119.3 119.3 119.3 119.3 119.3 119.3 119.3 119.3 119.3 119.3 119.3 119.3 119.3 119.3 119.3 119.3 119.3 119.3 119.3 119.3 119.3 119.3 119.3 119.3 119.3 119.3 119.3 119.3 119.3 119.3 119.3 110.3 110.3 110.3 110.3 110.3 110.3 110.3 110.3 110.3 110.3 110.3 110.3 110.3 110.3 110.3 110.3 110.3 110.3 110.3 110.3 110.3 110.3 110.3 110.3 110.3 110.3 110.3 110.3 110.3 
112.6 112.6 112.6 112.6 112.6 112.6 112.6 112.6 112.6 112.6 112.6 119.3 119.3 119.3 119.3 119.3 119.3 119.3 119.3 119.3 119.3 119.3 119.3 119.3 119.3 119.3 119.3 119.3 119.3 119.3 119.3 119.3 119.3 119.3 119.3 119.3 119.3 119.3 119.3 119.3 119.3 119.3 119.3 119.3 119.3 119.3 119.3 119.3 119.3 119.3 119.3 119.3 119.3 119.3 119.3 119.3 119.3 119.3 119.3 119.3 119.3 119.3 119.3 119.3 119.3 119.3 119.3 119.3 119.3 119.3 119.3 110.3 110.3 110.3 110.3 110.3 110.3 110.3 110.3 110.3 110.3 110.3 110.3 110.3 110.3 110.3 110.3 110.3 110.3 110.3 110.3 110.3 110.3 110.3 110.3 110.3 110.3 110.3 110.3 110.3 
112.6 112.6 112.6 112.6 112.6 112.6 112.6 112.6 112.6 112.6 112.6 119.3 119.3 119.3 119.3 119.3 119.3 119.3 119.3 119.3 119.3 119.3 119.3 119.3 119.3 119.3 119.3 119.3 119.3 119.3 119.3 119.3 119.3 119.3 119.3 119.3 119.3 119.3 119.3 119.3 119.3 119.3 119.3 119.3 119.3 119.3 119.3 119.3 119.3 119.3 119.3 119.3 119.3 119.3 119.3 119.3 119.3 119.3 119.3 119.3 119.3 119.3 119.3 119.3 119.3 119.3 119.3 119.3 119.3 119.3 119.3 110.3 110.3 110.3 110.3 110.3 110.3 110.3 110.3 110.3 110.3 110.3 110.3 110.3 110.3 110.3 110.3 110.3 110.3 110.3 110.3 110.3 110.3 110.3 110.3 110.3 110.3 110.3 110.3 110.3 
112.6 112.6 112.6 112.6 112.6 112.6 112.6 112.6 112.6 112.6 112.6 119.3 119.3 119.3 119.3 119.3 119.3 119.3 119.3 119.3 119.3 119.3 119.3 119.3 119.3 119.3 119.3 119.3 119.3 119.3 119.3 119.3 119.3 119.3 119.3 119.3 119.3 119.3 119.3 119.3 119.3 119.3 119.3 119.3 119.3 119.3 119.3 119.3 119.3 119.3 119.3 119.3 119.3 119.3 119.3 119.3 119.3 119.3 119.3 119.3 119.3 119.3 119.3 119.3 119.3 119.3 119.3 119.3 119.3 119.3 119.3 110.3 110.3 110.3 110.3 110.3 110.3 110.3 110.3 110.3 110.3 110.3 110.3 110.3 110.3 110.3 110.3 110.3 110.3 110.3 110.3 110.3 110.3 110.3 110.3 110.3 110.3 110.3 110.3 110.3 
112.6 112.6 112.6 112.6 112.6 112.6 112.6 112.6 112.6 112.6 112.6 119.3 119.3 119.3 119.3 119.3 119.3 119.3 119.3 119.3 119.3 119.3 119.3 119.3 119.3 119.3 119.3 119.3 119.3 119.3 119.3 119.3 119.3 119.3 119.3 119.3 119.3 119.3 119.3 119.3 119.3 119.3 119.3 119.3 119.3 119.3 119.3 119.3 119.3 119.3 119.3 119.3 119.3 119.3 119.3 119.3 119.3 119.3 119.3 119.3 119.3 119.3 119.3 119.3 119.3 119.3 119.3 119.3 119.3 119.3 119.3 110.3 110.3 110.3 110.3 110.3 110.3 110.3 110.3 110.3 110.3 110.3 110.3 110.3 110.3 110.3 110.3 110.3 110.3 110.3 110.3 110.3 110.3 110.3 110.3 110.3 110.3 110.3 110.3 110.3 
112.6 112.6 112.6 112.6 112.6 112.6 112.6 112.6 112.6 112.6 112.6 119.3 119.3 119.3 119.3 119.3 119.3 119.3 119.3 119.3 119.3 119.3 119.3 119.3 119.3 119.3 119.3 119.3 119.3 119.3 119.3 119.3 119.3 119.3 119.3 119.3 119.3 119.3 119.3 119.3 119.3 119.3 119.3 119.3 119.3 119.3 119.3 119.3 119.3 119.3 119.3 119.3 119.3 119.3 119.3 119.3 119.3 119.3 119.3 119.3 119.3 119.3 119.3 119.3 119.3 119.3 119.3 119.3 119.3 119.3 119.3 110.3 110.3 110.3 110.3 110.3 110.3 110.3 110.3 110.3 110.3 110.3 110.3 110.3 110.3 110.3 110.3 110.3 110.3 110.3 110.3 110.3 110.3 110.3 110.3 110.3 110.3 110.3 110.3 110.3 
112.6 112.6 112.6 112.6 112.6 112.6 112.6 112.6 112.6 112.6 112.6 119.3 119.3 119.3 119.3 119.3 119.3 119.3 119.3 119.3 119.3 119.3 119.3 119.3 119.3 119.3 119.3 119.3 119.3 119.3 119.3 119.3 119.3 119.3 119.3 119.3 119.3 119.3 119.3 119.3 119.3 119.3 119.3 119.3 119.3 119.3 119.3 119.3 119.3 119.3 119.3 119.3 119.3 119.3 119.3 119.3 119.3 119.3 119.3 119.3 119.3 119.3 119.3 119.3 119.3 119.3 119.3 119.3 119.3 119.3 119.3 110.3 110.3 110.3 110.3 110.3 110.3 110.3 110.3 110.3 110.3 110.3 110.3 110.3 110.3 110.3 110.3 110.3 110.3 110.3 110.3 110.3 110.3 110.3 110.3 110.3 110.3 110.3 110.3 110.3 
112.6 112.6 112.6 112.6 112.6 112.6 112.6 112.6 112.6 112.6 112.6 119.3 119.3 119.3 119.3 119.3 119.3 119.3 119.3 119.3 119.3 119.3 119.3 119.3 119.3 119.3 119.3 119.3 119.3 119.3 119.3 119.3 119.3 119.3 119.3 119.3 119.3 119.3 119.3 119.3 119.3 119.3 119.3 119.3 119.3 119.3 119.3 119.3 119.3 119.3 119.3 119.3 119.3 119.3 119.3 119.3 119.3 119.3 119.3 119.3 119.3 119.3 119.3 119.3 119.3 119.3 119.3 119.3 119.3 119.3 119.3 110.3 110.3 110.3 110.3 110.3 110.3 110.3 110.3 110.3 110.3 110.3 110.3 110.3 110.3 110.3 110.3 110.3 110.3 110.3 110.3 110.3 110.3 110.3 110.3 110.3 110.3 110.3 110.3 110.3 
112.6 112.6 112.6 112.6 112.6 112.6 112.6 112.6 112.6 112.6 112.6 119.3 119.3 119.3 119.3 119.3 119.3 119.3 119.3 119.3 119.3 119.3 119.3 119.3 119.3 119.3 119.3 119.3 119.3 119.3 119.3 119.3 119.3 119.3 119.3 119.3 119.3 119.3 119.3 119.3 119.3 119.3 119.3 119.3 119.3 119.3 119.3 119.3 119.3 119.3 119.3 119.3 119.3 119.3 119.3 119.3 119.3 119.3 119.3 119.3 119.3 119.3 119.3 119.3 119.3 119.3 119.3 119.3 119.3 119.3 119.3 110.3 110.3 110.3 110.3 110.3 110.3 110.3 110.3 110.3 110.3 110.3 110.3 110.3 110.3 110.3 110.3 110.3 110.3 110.3 110.3 110.3 110.3 110.3 110.3 110.3 110.3 110.3 110.3 110.3 
112.6 112.6 112.6 112.6 112.6 112.6 112.6 112.6 112.6 112.6 112.6 119.3 119.3 119.3 119.3 119.3 119.3 119.3 119.3 119.3 119.3 119.3 119.3 119.3 119.3 119.3 119.3 119.3 119.3 119.3 119.3 119.3 119.3 119.3 119.3 119.3 119.3 119.3 119.3 119.3 119.3 119.3 119.3 119.3 119.3 119.3 119.3 119.3 119.3 119.3 119.3 119.3 119.3 119.3 119.3 119.3 119.3 119.3 119.3 119.3 119.3 119.3 119.3 119.3 119.3 119.3 119.3 119.3 119.3 119.3 119.3 110.3 110.3 110.3 110.3 110.3 110.3 110.3 110.3 110.3 110.3 110.3 110.3 110.3 110.3 110.3 110.3 110.3 110.3 110.3 110.3 110.3 110.3 110.3 110.3 110.3 110.3 110.3 110.3 110.3 
112.6 112.6 112.6 112.6 112.6 112.6 112.6 112.6 112.6 112.6 112.6 119.3 119.3 119.3 119.3 119.3 119.3 119.3 119.3 119.3 119.3 119.3 119.3 119.3 119.3 119.3 119.3 119.3 119.3 119.3 119.3 119.3 119.3 119.3 119.3 119.3 119.3 119.3 119.3 119.3 119.3 119.3 119.3 119.3 119.3 119.3 119.3 119.3 119.3 119.3 119.3 119.3 119.3 119.3 119.3 119.3 119.3 119.3 119.3 119.3 119.3 119.3 119.3 119.3 119.3 119.3 119.3 119.3 119.3 119.3 119.3 110.3 110.3 110.3 110.3 110.3 110.3 110.3 110.3 110.3 110.3 110.3 110.3 110.3 110.3 110.3 110.3 110.3 110.3 110.3 110.3 110.3 110.3 110.3 110.3 110.3 110.3 110.3 110.3 110.3 
112.6 112.6 112.6 112.6 112.6 112.6 112.6 112.6 112.6 112.6 112.6 119.3 119.3 119.3 119.3 119.3 119.3 119.3 119.3 119.3 119.3 119.3 119.3 119.3 119.3 119.3 119.3 119.3 119.3 119.3 119.3 119.3 119.3 119.3 119.3 119.3 119.3 119.3 119.3 119.3 119.3 119.3 119.3 119.3 119.3 119.3 119.3 119.3 119.3 119.3 119.3 119.3 119.3 119.3 119.3 119.3 119.3 119.3 119.3 119.3 119.3 119.3 119.3 119.3 119.3 119.3 119.3 119.3 119.3 119.3 119.3 110.3 110.3 110.3 110.3 110.3 110.3 110.3 110.3 110.3 110.3 110.3 110.3 110.3 110.3 110.3 110.3 110.3 110.3 110.3 110.3 110.3 110.3 110.3 110.3 110.3 110.3 110.3 110.3 110.3 
112.6 112.6 112.6 112.6 112.6 112.6 112.6 112.6 112.6 112.6 112.6 119.3 119.3 119.3 119.3 119.3 119.3 119.3 119.3 119.3 119.3 119.3 119.3 119.3 119.3 119.3 119.3 119.3 119.3 119.3 119.3 119.3 119.3 119.3 119.3 119.3 119.3 119.3 119.3 119.3 119.3 119.3 119.3 119.3 119.3 119.3 119.3 119.3 119.3 119.3 119.3 119.3 119.3 119.3 119.3 119.3 119.3 119.3 119.3 119.3 119.3 119.3 119.3 119.3 119.3 119.3 119.3 119.3 119.3 119.3 119.3 110.3 110.3 110.3 110.3 110.3 110.3 110.3 110.3 110.3 110.3 110.3 110.3 110.3 110.3 110.3 110.3 110.3 110.3 110.3 110.3 110.3 110.3 110.3 110.3 110.3 110.3 110.3 110.3 110.3 
112.6 112.6 112.6 112.6 112.6 112.6 112.6 112.6 112.6 112.6 112.6 119.3 119.3 119.3 119.3 119.3 119.3 119.3 119.3 119.3 119.3 119.3 119.3 119.3 119.3 119.3 119.3 119.3 119.3 119.3 119.3 119.3 119.3 119.3 119.3 119.3 119.3 119.3 119.3 119.3 119.3 119.3 119.3 119.3 119.3 119.3 119.3 119.3 119.3 119.3 119.3 119.3 119.3 119.3 119.3 119.3 119.3 119.3 119.3 119.3 119.3 119.3 119.3 119.3 119.3 119.3 119.3 119.3 119.3 119.3 119.3 110.3 110.3 110.3 110.3 110.3 110.3 110.3 110.3 110.3 110.3 110.3 110.3 110.3 110.3 110.3 110.3 110.3 110.3 110.3 110.3 110.3 110.3 110.3 110.3 110.3 110.3 110.3 110.3 110.3 
112.6 112.6 112.6 112.6 112.6 112.6 112.6 112.6 112.6 112.6 112.6 119.3 119.3 119.3 119.3 119.3 119.3 119.3 119.3 119.3 119.3 119.3 119.3 119.3 119.3 119.3 119.3 119.3 119.3 119.3 119.3 119.3 119.3 119.3 119.3 119.3 119.3 119.3 119.3 119.3 119.3 119.3 119.3 119.3 119.3 119.3 119.3 119.3 119.3 119.3 119.3 119.3 119.3 119.3 119.3 119.3 119.3 119.3 119.3 119.3 119.3 119.3 119.3 119.3 119.3 119.3 119.3 119.3 119.3 119.3 119.3 110.3 110.3 110.3 110.3 110.3 110.3 110.3 110.3 110.3 110.3 110.3 110.3 110.3 110.3 110.3 110.3 110.3 110.3 110.3 110.3 110.3 110.3 110.3 110.3 110.3 110.3 110.3 110.3 110.3 
112.6 112.6 112.6 112.6 112.6 112.6 112.6 112.6 112.6 112.6 112.6 119.3 119.3 119.3 119.3 119.3 119.3 119.3 119.3 119.3 119.3 119.3 119.3 119.3 119.3 119.3 119.3 119.3 119.3 119.3 119.3 119.3 119.3 119.3 119.3 119.3 119.3 119.3 119.3 119.3 119.3 119.3 119.3 119.3 119.3 119.3 119.3 119.3 119.3 119.3 119.3 119.3 119.3 119.3 119.3 119.3 119.3 119.3 119.3 119.3 119.3 119.3 119.3 119.3 119.3 119.3 119.3 119.3 119.3 119.3 119.3 110.3 110.3 110.3 110.3 110.3 110.3 110.3 110.3 110.3 110.3 110.3 110.3 110.3 110.3 110.3 110.3 110.3 110.3 110.3 110.3 110.3 110.3 110.3 110.3 110.3 110.3 110.3 110.3 110.3 
112.6 112.6 112.6 112.6 112.6 112.6 112.6 112.6 112.6 112.6 112.6 119.3 119.3 119.3 119.3 119.3 119.3 119.3 119.3 119.3 119.3 119.3 119.3 119.3 119.3 119.3 119.3 119.3 119.3 119.3 119.3 119.3 119.3 119.3 119.3 119.3 119.3 119.3 119.3 119.3 119.3 119.3 119.3 119.3 119.3 119.3 119.3 119.3 119.3 119.3 119.3 119.3 119.3 119.3 119.3 119.3 119.3 119.3 119.3 119.3 119.3 119.3 119.3 119.3 119.3 119.3 119.3 119.3 119.3 119.3 119.3 110.3 110.3 110.3 110.3 110.3 110.3 110.3 110.3 110.3 110.3 110.3 110.3 110.3 110.3 110.3 110.3 110.3 110.3 110.3 110.3 110.3 110.3 110.3 110.3 110.3 110.3 110.3 110.3 110.3 
112.6 112.6 112.6 112.6 112.6 112.6 112.6 112.6 112.6 112.6 112.6 119.3 119.3 119.3 119.3 119.3 119.3 119.3 119.3 119.3 119.3 119.3 119.3 119.3 119.3 119.3 119.3 119.3 119.3 119.3 119.3 119.3 119.3 119.3 119.3 119.3 119.3 119.3 119.3 119.3 119.3 119.3 119.3 119.3 119.3 119.3 119.3 119.3 119.3 119.3 119.3 119.3 119.3 119.3 119.3 119.3 119.3 119.3 119.3 119.3 119.3 119.3 119.3 119.3 119.3 119.3 119.3 119.3 119.3 119.3 119.3 110.3 110.3 110.3 110.3 110.3 110.3 110.3 110.3 110.3 110.3 110.3 110.3 110.3 110.3 110.3 110.3 110.3 110.3 110.3 110.3 110.3 110.3 110.3 110.3 110.3 110.3 110.3 110.3 110.3 
112.6 112.6 112.6 112.6 112.6 112.6 112.6 112.6 112.6 112.6 112.6 119.3 119.3 119.3 119.3 119.3 119.3 119.3 119.3 119.3 119.3 119.3 119.3 119.3 119.3 119.3 119.3 119.3 119.3 119.3 119.3 119.3 119.3 119.3 119.3 119.3 119.3 119.3 119.3 119.3 119.3 119.3 119.3 119.3 119.3 119.3 119.3 119.3 119.3 119.3 119.3 119.3 119.3 119.3 119.3 119.3 119.3 119.3 119.3 119.3 119.3 119.3 119.3 119.3 119.3 119.3 119.3 119.3 119.3 119.3 119.3 110.3 110.3 110.3 110.3 110.3 110.3 110.3 110.3 110.3 110.3 110.3 110.3 110.3 110.3 110.3 110.3 110.3 110.3 110.3 110.3 110.3 110.3 110.3 110.3 110.3 110.3 110.3 110.3 110.3 
112.6 112.6 112.6 112.6 112.6 112.6 112.6 112.6 112.6 112.6 112.6 119.3 119.3 119.3 119.3 119.3 119.3 119.3 119.3 119.3 119.3 119.3 119.3 119.3 119.3 119.3 119.3 119.3 119.3 119.3 119.3 119.3 119.3 119.3 119.3 119.3 119.3 119.3 119.3 119.3 119.3 119.3 119.3 119.3 119.3 119.3 119.3 119.3 119.3 119.3 119.3 119.3 119.3 119.3 119.3 119.3 119.3 119.3 119.3 119.3 119.3 119.3 119.3 119.3 119.3 119.3 119.3 119.3 119.3 119.3 119.3 110.3 110.3 110.3 110.3 110.3 110.3 110.3 110.3 110.3 110.3 110.3 110.3 110.3 110.3 110.3 110.3 110.3 110.3 110.3 110.3 110.3 110.3 110.3 110.3 110.3 110.3 110.3 110.3 110.3 
112.6 112.6 112.6 112.6 112.6 112.6 112.6 112.6 112.6 112.6 112.6 119.3 119.3 119.3 119.3 119.3 119.3 119.3 119.3 119.3 119.3 119.3 119.3 119.3 119.3 119.3 119.3 119.3 119.3 119.3 119.3 119.3 119.3 119.3 119.3 119.3 119.3 119.3 119.3 119.3 119.3 119.3 119.3 119.3 119.3 119.3 119.3 119.3 119.3 119.3 119.3 119.3 119.3 119.3 119.3 119.3 119.3 119.3 119.3 119.3 119.3 119.3 119.3 119.3 119.3 119.3 119.3 119.3 119.3 119.3 119.3 110.3 110.3 110.3 110.3 110.3 110.3 110.3 110.3 110.3 110.3 110.3 110.3 110.3 110.3 110.3 110.3 110.3 110.3 110.3 110.3 110.3 110.3 110.3 110.3 110.3 110.3 110.3 110.3 110.3 
112.6 112.6 112.6 112.6 112.6 112.6 112.6 112.6 112.6 112.6 112.6 119.3 119.3 119.3 119.3 119.3 119.3 119.3 119.3 119.3 119.3 119.3 119.3 119.3 119.3 119.3 119.3 119.3 119.3 119.3 119.3 119.3 119.3 119.3 119.3 119.3 119.3 119.3 119.3 119.3 119.3 119.3 119.3 119.3 119.3 119.3 119.3 119.3 119.3 119.3 119.3 119.3 119.3 119.3 119.3 119.3 119.3 119.3 119.3 119.3 119.3 119.3 119.3 119.3 119.3 119.3 119.3 119.3 119.3 119.3 119.3 110.3 110.3 110.3 110.3 110.3 110.3 110.3 110.3 110.3 110.3 110.3 110.3 110.3 110.3 110.3 110.3 110.3 110.3 110.3 110.3 110.3 110.3 110.3 110.3 110.3 110.3 110.3 110.3 110.3 
112.6 112.6 112.6 112.6 112.6 112.6 112.6 112.6 112.6 112.6 112.6 119.3 119.3 119.3 119.3 119.3 119.3 119.3 119.3 119.3 119.3 119.3 119.3 119.3 119.3 119.3 119.3 119.3 119.3 119.3 119.3 119.3 119.3 119.3 119.3 119.3 119.3 119.3 119.3 119.3 119.3 119.3 119.3 119.3 119.3 119.3 119.3 119.3 119.3 119.3 119.3 119.3 119.3 119.3 119.3 119.3 119.3 119.3 119.3 119.3 119.3 119.3 119.3 119.3 119.3 119.3 119.3 119.3 119.3 119.3 119.3 110.3 110.3 110.3 110.3 110.3 110.3 110.3 110.3 110.3 110.3 110.3 110.3 110.3 110.3 110.3 110.3 110.3 110.3 110.3 110.3 110.3 110.3 110.3 110.3 110.3 110.3 110.3 110.3 110.3 
112.6 112.6 112.6 112.6 112.6 112.6 112.6 112.6 112.6 112.6 112.6 119.3 119.3 119.3 119.3 119.3 119.3 119.3 119.3 119.3 119.3 119.3 119.3 119.3 119.3 119.3 119.3 119.3 119.3 119.3 119.3 119.3 119.3 119.3 119.3 119.3 119.3 119.3 119.3 119.3 119.3 119.3 119.3 119.3 119.3 119.3 119.3 119.3 119.3 119.3 119.3 119.3 119.3 119.3 119.3 119.3 119.3 119.3 119.3 119.3 119.3 119.3 119.3 119.3 119.3 119.3 119.3 119.3 119.3 119.3 119.3 110.3 110.3 110.3 110.3 110.3 110.3 110.3 110.3 110.3 110.3 110.3 110.3 110.3 110.3 110.3 110.3 110.3 110.3 110.3 110.3 110.3 110.3 110.3 110.3 110.3 110.3 110.3 110.3 110.3 
112.6 112.6 112.6 112.6 112.6 112.6 112.6 112.6 112.6 112.6 112.6 119.3 119.3 119.3 119.3 119.3 119.3 119.3 119.3 119.3 119.3 119.3 119.3 119.3 119.3 119.3 119.3 119.3 119.3 119.3 119.3 119.3 119.3 119.3 119.3 119.3 119.3 119.3 119.3 119.3 119.3 119.3 119.3 119.3 119.3 119.3 119.3 119.3 119.3 119.3 119.3 119.3 119.3 119.3 119.3 119.3 119.3 119.3 119.3 119.3 119.3 119.3 119.3 119.3 119.3 119.3 119.3 119.3 119.3 119.3 119.3 110.3 110.3 110.3 110.3 110.3 110.3 110.3 110.3 110.3 110.3 110.3 110.3 110.3 110.3 110.3 110.3 110.3 110.3 110.3 110.3 110.3 110.3 110.3 110.3 110.3 110.3 110.3 110.3 110.3 
112.6 112.6 112.6 112.6 112.6 112.6 112.6 112.6 112.6 112.6 112.6 119.3 119.3 119.3 119.3 119.3 119.3 119.3 119.3 119.3 119.3 119.3 119.3 119.3 119.3 119.3 119.3 119.3 119.3 119.3 119.3 119.3 119.3 119.3 119.3 119.3 119.3 119.3 119.3 119.3 119.3 119.3 119.3 119.3 119.3 119.3 119.3 119.3 119.3 119.3 119.3 119.3 119.3 119.3 119.3 119.3 119.3 119.3 119.3 119.3 119.3 119.3 119.3 119.3 119.3 119.3 119.3 119.3 119.3 119.3 119.3 110.3 110.3 110.3 110.3 110.3 110.3 110.3 110.3 110.3 110.3 110.3 110.3 110.3 110.3 110.3 110.3 110.3 110.3 110.3 110.3 110.3 110.3 110.3 110.3 110.3 110.3 110.3 110.3 110.3 
112.6 112.6 112.6 112.6 112.6 112.6 112.6 112.6 112.6 112.6 112.6 119.3 119.3 119.3 119.3 119.3 119.3 119.3 119.3 119.3 119.3 119.3 119.3 119.3 119.3 119.3 119.3 119.3 119.3 119.3 119.3 119.3 119.3 119.3 119.3 119.3 119.3 119.3 119.3 119.3 119.3 119.3 119.3 119.3 119.3 119.3 119.3 119.3 119.3 119.3 119.3 119.3 119.3 119.3 119.3 119.3 119.3 119.3 119.3 119.3 119.3 119.3 119.3 119.3 119.3 119.3 119.3 119.3 119.3 119.3 119.3 110.3 110.3 110.3 110.3 110.3 110.3 110.3 110.3 110.3 110.3 110.3 110.3 110.3 110.3 110.3 110.3 110.3 110.3 110.3 110.3 110.3 110.3 110.3 110.3 110.3 110.3 110.3 110.3 110.3 
112.6 112.6 112.6 112.6 112.6 112.6 112.6 112.6 112.6 112.6 112.6 119.3 119.3 119.3 119.3 119.3 119.3 119.3 119.3 119.3 119.3 119.3 119.3 119.3 119.3 119.3 119.3 119.3 119.3 119.3 119.3 119.3 119.3 119.3 119.3 119.3 119.3 119.3 119.3 119.3 119.3 119.3 119.3 119.3 119.3 119.3 119.3 119.3 119.3 119.3 119.3 119.3 119.3 119.3 119.3 119.3 119.3 119.3 119.3 119.3 119.3 119.3 119.3 119.3 119.3 119.3 119.3 119.3 119.3 119.3 119.3 110.3 110.3 110.3 110.3 110.3 110.3 110.3 110.3 110.3 110.3 110.3 110.3 110.3 110.3 110.3 110.3 110.3 110.3 110.3 110.3 110.3 110.3 110.3 110.3 110.3 110.3 110.3 110.3 110.3 
112.6 112.6 112.6 112.6 112.6 112.6 112.6 112.6 112.6 112.6 112.6 119.3 119.3 119.3 119.3 119.3 119.3 119.3 119.3 119.3 119.3 119.3 119.3 119.3 119.3 119.3 119.3 119.3 119.3 119.3 119.3 119.3 119.3 119.3 119.3 119.3 119.3 119.3 119.3 119.3 119.3 119.3 119.3 119.3 119.3 119.3 119.3 119.3 119.3 119.3 119.3 119.3 119.3 119.3 119.3 119.3 119.3 119.3 119.3 119.3 119.3 119.3 119.3 119.3 119.3 119.3 119.3 119.3 119.3 119.3 119.3 110.3 110.3 110.3 110.3 110.3 110.3 110.3 110.3 110.3 110.3 110.3 110.3 110.3 110.3 110.3 110.3 110.3 110.3 110.3 110.3 110.3 110.3 110.3 110.3 110.3 110.3 110.3 110.3 110.3 
112.6 112.6 112.6 112.6 112.6 112.6 112.6 112.6 112.6 112.6 112.6 119.3 119.3 119.3 119.3 119.3 119.3 119.3 119.3 119.3 119.3 119.3 119.3 119.3 119.3 119.3 119.3 119.3 119.3 119.3 119.3 119.3 119.3 119.3 119.3 119.3 119.3 119.3 119.3 119.3 119.3 119.3 119.3 119.3 119.3 119.3 119.3 119.3 119.3 119.3 119.3 119.3 119.3 119.3 119.3 119.3 119.3 119.3 119.3 119.3 119.3 119.3 119.3 119.3 119.3 119.3 119.3 119.3 119.3 119.3 119.3 110.3 110.3 110.3 110.3 110.3 110.3 110.3 110.3 110.3 110.3 110.3 110.3 110.3 110.3 110.3 110.3 110.3 110.3 110.3 110.3 110.3 110.3 110.3 110.3 110.3 110.3 110.3 110.3 110.3 
112.6 112.6 112.6 112.6 112.6 112.6 112.6 112.6 112.6 112.6 112.6 119.3 119.3 119.3 119.3 119.3 119.3 119.3 119.3 119.3 119.3 119.3 119.3 119.3 119.3 119.3 119.3 119.3 119.3 119.3 119.3 119.3 119.3 119.3 119.3 119.3 119.3 119.3 119.3 119.3 119.3 119.3 119.3 119.3 119.3 119.3 119.3 119.3 119.3 119.3 119.3 119.3 119.3 119.3 119.3 119.3 119.3 119.3 119.3 119.3 119.3 119.3 119.3 119.3 119.3 119.3 119.3 119.3 119.3 119.3 119.3 110.3 110.3 110.3 110.3 110.3 110.3 110.3 110.3 110.3 110.3 110.3 110.3 110.3 110.3 110.3 110.3 110.3 110.3 110.3 110.3 110.3 110.3 110.3 110.3 110.3 110.3 110.3 110.3 110.3 
112.6 112.6 112.6 112.6 112.6 112.6 112.6 112.6 112.6 112.6 112.6 119.3 119.3 119.3 119.3 119.3 119.3 119.3 119.3 119.3 119.3 119.3 119.3 119.3 119.3 119.3 119.3 119.3 119.3 119.3 119.3 119.3 119.3 119.3 119.3 119.3 119.3 119.3 119.3 119.3 119.3 119.3 119.3 119.3 119.3 119.3 119.3 119.3 119.3 119.3 119.3 119.3 119.3 119.3 119.3 119.3 119.3 119.3 119.3 119.3 119.3 119.3 119.3 119.3 119.3 119.3 119.3 119.3 119.3 119.3 119.3 110.3 110.3 110.3 110.3 110.3 110.3 110.3 110.3 110.3 110.3 110.3 110.3 110.3 110.3 110.3 110.3 110.3 110.3 110.3 110.3 110.3 110.3 110.3 110.3 110.3 110.3 110.3 110.3 110.3 
112.6 112.6 112.6 112.6 112.6 112.6 112.6 112.6 112.6 112.6 112.6 119.3 119.3 119.3 119.3 119.3 119.3 119.3 119.3 119.3 119.3 119.3 119.3 119.3 119.3 119.3 119.3 119.3 119.3 119.3 119.3 119.3 119.3 119.3 119.3 119.3 119.3 119.3 119.3 119.3 119.3 119.3 119.3 119.3 119.3 119.3 119.3 119.3 119.3 119.3 119.3 119.3 119.3 119.3 119.3 119.3 119.3 119.3 119.3 119.3 119.3 119.3 119.3 119.3 119.3 119.3 119.3 119.3 119.3 119.3 119.3 110.3 110.3 110.3 110.3 110.3 110.3 110.3 110.3 110.3 110.3 110.3 110.3 110.3 110.3 110.3 110.3 110.3 110.3 110.3 110.3 110.3 110.3 110.3 110.3 110.3 110.3 110.3 110.3 110.3 
112.6 112.6 112.6 112.6 112.6 112.6 112.6 112.6 112.6 112.6 112.6 119.3 119.3 119.3 119.3 119.3 119.3 119.3 119.3 119.3 119.3 119.3 119.3 119.3 119.3 119.3 119.3 119.3 119.3 119.3 119.3 119.3 119.3 119.3 119.3 119.3 119.3 119.3 119.3 119.3 119.3 119.3 119.3 119.3 119.3 119.3 119.3 119.3 119.3 119.3 119.3 119.3 119.3 119.3 119.3 119.3 119.3 119.3 119.3 119.3 119.3 119.3 119.3 119.3 119.3 119.3 119.3 119.3 119.3 119.3 119.3 110.3 110.3 110.3 110.3 110.3 110.3 110.3 110.3 110.3 110.3 110.3 110.3 110.3 110.3 110.3 110.3 110.3 110.3 110.3 110.3 110.3 110.3 110.3 110.3 110.3 110.3 110.3 110.3 110.3 
112.6 112.6 112.6 112.6 112.6 112.6 112.6 112.6 112.6 112.6 112.6 119.3 119.3 119.3 119.3 119.3 119.3 119.3 119.3 119.3 119.3 119.3 119.3 119.3 119.3 119.3 119.3 119.3 119.3 119.3 119.3 119.3 119.3 119.3 119.3 119.3 119.3 119.3 119.3 119.3 119.3 119.3 119.3 119.3 119.3 119.3 119.3 119.3 119.3 119.3 119.3 119.3 119.3 119.3 119.3 119.3 119.3 119.3 119.3 119.3 119.3 119.3 119.3 119.3 119.3 119.3 119.3 119.3 119.3 119.3 119.3 110.3 110.3 110.3 110.3 110.3 110.3 110.3 110.3 110.3 110.3 110.3 110.3 110.3 110.3 110.3 110.3 110.3 110.3 110.3 110.3 110.3 110.3 110.3 110.3 110.3 110.3 110.3 110.3 110.3 
112.6 112.6 112.6 112.6 112.6 112.6 112.6 112.6 112.6 112.6 112.6 119.3 119.3 119.3 119.3 119.3 119.3 119.3 119.3 119.3 119.3 119.3 119.3 119.3 119.3 119.3 119.3 119.3 119.3 119.3 119.3 119.3 119.3 119.3 119.3 119.3 119.3 119.3 119.3 119.3 119.3 119.3 119.3 119.3 119.3 119.3 119.3 119.3 119.3 119.3 119.3 119.3 119.3 119.3 119.3 119.3 119.3 119.3 119.3 119.3 119.3 119.3 119.3 119.3 119.3 119.3 119.3 119.3 119.3 119.3 119.3 110.3 110.3 110.3 110.3 110.3 110.3 110.3 110.3 110.3 110.3 110.3 110.3 110.3 110.3 110.3 110.3 110.3 110.3 110.3 110.3 110.3 110.3 110.3 110.3 110.3 110.3 110.3 110.3 110.3 
112.6 112.6 112.6 112.6 112.6 112.6 112.6 112.6 112.6 112.6 112.6 119.3 119.3 119.3 119.3 119.3 119.3 119.3 119.3 119.3 119.3 119.3 119.3 119.3 119.3 119.3 119.3 119.3 119.3 119.3 119.3 119.3 119.3 119.3 119.3 119.3 119.3 119.3 119.3 119.3 119.3 119.3 119.3 119.3 119.3 119.3 119.3 119.3 119.3 119.3 119.3 119.3 119.3 119.3 119.3 119.3 119.3 119.3 119.3 119.3 119.3 119.3 119.3 119.3 119.3 119.3 119.3 119.3 119.3 119.3 119.3 110.3 110.3 110.3 110.3 110.3 110.3 110.3 110.3 110.3 110.3 110.3 110.3 110.3 110.3 110.3 110.3 110.3 110.3 110.3 110.3 110.3 110.3 110.3 110.3 110.3 110.3 110.3 110.3 110.3 
112.6 112.6 112.6 112.6 112.6 112.6 112.6 112.6 112.6 112.6 112.6 119.3 119.3 119.3 119.3 119.3 119.3 119.3 119.3 119.3 119.3 119.3 119.3 119.3 119.3 119.3 119.3 119.3 119.3 119.3 119.3 119.3 119.3 119.3 119.3 119.3 119.3 119.3 119.3 119.3 119.3 119.3 119.3 119.3 119.3 119.3 119.3 119.3 119.3 119.3 119.3 119.3 119.3 119.3 119.3 119.3 119.3 119.3 119.3 119.3 119.3 119.3 119.3 119.3 119.3 119.3 119.3 119.3 119.3 119.3 119.3 110.3 110.3 110.3 110.3 110.3 110.3 110.3 110.3 110.3 110.3 110.3 110.3 110.3 110.3 110.3 110.3 110.3 110.3 110.3 110.3 110.3 110.3 110.3 110.3 110.3 110.3 110.3 110.3 110.3 
112.6 112.6 112.6 112.6 112.6 112.6 112.6 112.6 112.6 112.6 112.6 119.3 119.3 119.3 119.3 119.3 119.3 119.3 119.3 119.3 119.3 119.3 119.3 119.3 119.3 119.3 119.3 119.3 119.3 119.3 119.3 119.3 119.3 119.3 119.3 119.3 119.3 119.3 119.3 119.3 119.3 119.3 119.3 119.3 119.3 119.3 119.3 119.3 119.3 119.3 119.3 119.3 119.3 119.3 119.3 119.3 119.3 119.3 119.3 119.3 119.3 119.3 119.3 119.3 119.3 119.3 119.3 119.3 119.3 119.3 119.3 110.3 110.3 110.3 110.3 110.3 110.3 110.3 110.3 110.3 110.3 110.3 110.3 110.3 110.3 110.3 110.3 110.3 110.3 110.3 110.3 110.3 110.3 110.3 110.3 110.3 110.3 110.3 110.3 110.3 
112.6 112.6 112.6 112.6 112.6 112.6 112.6 112.6 112.6 112.6 112.6 119.3 119.3 119.3 119.3 119.3 119.3 119.3 119.3 119.3 119.3 119.3 119.3 119.3 119.3 119.3 119.3 119.3 119.3 119.3 119.3 119.3 119.3 119.3 119.3 119.3 119.3 119.3 119.3 119.3 119.3 119.3 119.3 119.3 119.3 119.3 119.3 119.3 119.3 119.3 119.3 119.3 119.3 119.3 119.3 119.3 119.3 119.3 119.3 119.3 119.3 119.3 119.3 119.3 119.3 119.3 119.3 119.3 119.3 119.3 119.3 110.3 110.3 110.3 110.3 110.3 110.3 110.3 110.3 110.3 110.3 110.3 110.3 110.3 110.3 110.3 110.3 110.3 110.3 110.3 110.3 110.3 110.3 110.3 110.3 110.3 110.3 110.3 110.3 110.3 
112.6 112.6 112.6 112.6 112.6 112.6 112.6 112.6 112.6 112.6 112.6 119.3 119.3 119.3 119.3 119.3 119.3 119.3 119.3 119.3 119.3 119.3 119.3 119.3 119.3 119.3 119.3 119.3 119.3 119.3 119.3 119.3 119.3 119.3 119.3 119.3 119.3 119.3 119.3 119.3 119.3 119.3 119.3 119.3 119.3 119.3 119.3 119.3 119.3 119.3 119.3 119.3 119.3 119.3 119.3 119.3 119.3 119.3 119.3 119.3 119.3 119.3 119.3 119.3 119.3 119.3 119.3 119.3 119.3 119.3 119.3 110.3 110.3 110.3 110.3 110.3 110.3 110.3 110.3 110.3 110.3 110.3 110.3 110.3 110.3 110.3 110.3 110.3 110.3 110.3 110.3 110.3 110.3 110.3 110.3 110.3 110.3 110.3 110.3 110.3 
112.6 112.6 112.6 112.6 112.6 112.6 112.6 112.6 112.6 112.6 112.6 119.3 119.3 119.3 119.3 119.3 119.3 119.3 119.3 119.3 119.3 119.3 119.3 119.3 119.3 119.3 119.3 119.3 119.3 119.3 119.3 119.3 119.3 119.3 119.3 119.3 119.3 119.3 119.3 119.3 119.3 119.3 119.3 119.3 119.3 119.3 119.3 119.3 119.3 119.3 119.3 119.3 119.3 119.3 119.3 119.3 119.3 119.3 119.3 119.3 119.3 119.3 119.3 119.3 119.3 119.3 119.3 119.3 119.3 119.3 119.3 110.3 110.3 110.3 110.3 110.3 110.3 110.3 110.3 110.3 110.3 110.3 110.3 110.3 110.3 110.3 110.3 110.3 110.3 110.3 110.3 110.3 110.3 110.3 110.3 110.3 110.3 110.3 110.3 110.3 
143.8 143.8 143.8 143.8 143.8 143.8 143.8 143.8 143.8 143.8 143.8 151.4 151.4 151.4 151.4 151.4 151.4 151.4 151.4 151.4 151.4 151.4 151.4 151.4 151.4 151.4 151.4 151.4 151.4 151.4 151.4 151.4 151.4 151.4 151.4 151.4 151.4 151.4 151.4 151.4 151.4 151.4 151.4 151.4 151.4 151.4 151.4 151.4 151.4 151.4 151.4 151.4 151.4 151.4 151.4 151.4 151.4 151.4 151.4 151.4 151.4 151.4 151.4 151.4 151.4 151.4 151.4 151.4 151.4 151.4 151.4 140.6 140.6 140.6 140.6 140.6 140.6 140.6 140.6 140.6 140.6 140.6 140.6 140.6 140.6 140.6 140.6 140.6 140.6 140.6 140.6 140.6 140.6 140.6 140.6 140.6 140.6 140.6 140.6 140.6 
143.8 143.8 143.8 143.8 143.8 143.8 143.8 143.8 143.8 143.8 143.8 151.4 151.4 151.4 151.4 151.4 151.4 151.4 151.4 151.4 151.4 151.4 151.4 151.4 151.4 151.4 151.4 151.4 151.4 151.4 151.4 151.4 151.4 151.4 151.4 151.4 151.4 151.4 151.4 151.4 151.4 151.4 151.4 151.4 151.4 151.4 151.4 151.4 151.4 151.4 151.4 151.4 151.4 151.4 151.4 151.4 151.4 151.4 151.4 151.4 151.4 151.4 151.4 151.4 151.4 151.4 151.4 151.4 151.4 151.4 151.4 140.6 140.6 140.6 140.6 140.6 140.6 140.6 140.6 140.6 140.6 140.6 140.6 140.6 140.6 140.6 140.6 140.6 140.6 140.6 140.6 140.6 140.6 140.6 140.6 140.6 140.6 140.6 140.6 140.6 
143.8 143.8 143.8 143.8 143.8 143.8 143.8 143.8 143.8 143.8 143.8 151.4 151.4 151.4 151.4 151.4 151.4 151.4 151.4 151.4 151.4 151.4 151.4 151.4 151.4 151.4 151.4 151.4 151.4 151.4 151.4 151.4 151.4 151.4 151.4 151.4 151.4 151.4 151.4 151.4 151.4 151.4 151.4 151.4 151.4 151.4 151.4 151.4 151.4 151.4 151.4 151.4 151.4 151.4 151.4 151.4 151.4 151.4 151.4 151.4 151.4 151.4 151.4 151.4 151.4 151.4 151.4 151.4 151.4 151.4 151.4 140.6 140.6 140.6 140.6 140.6 140.6 140.6 140.6 140.6 140.6 140.6 140.6 140.6 140.6 140.6 140.6 140.6 140.6 140.6 140.6 140.6 140.6 140.6 140.6 140.6 140.6 140.6 140.6 140.6 
143.8 143.8 143.8 143.8 143.8 143.8 143.8 143.8 143.8 143.8 143.8 151.4 151.4 151.4 151.4 151.4 151.4 151.4 151.4 151.4 151.4 151.4 151.4 151.4 151.4 151.4 151.4 151.4 151.4 151.4 151.4 151.4 151.4 151.4 151.4 151.4 151.4 151.4 151.4 151.4 151.4 151.4 151.4 151.4 151.4 151.4 151.4 151.4 151.4 151.4 151.4 151.4 151.4 151.4 151.4 151.4 151.4 151.4 151.4 151.4 151.4 151.4 151.4 151.4 151.4 151.4 151.4 151.4 151.4 151.4 151.4 140.6 140.6 140.6 140.6 140.6 140.6 140.6 140.6 140.6 140.6 140.6 140.6 140.6 140.6 140.6 140.6 140.6 140.6 140.6 140.6 140.6 140.6 140.6 140.6 140.6 140.6 140.6 140.6 140.6 
143.8 143.8 143.8 143.8 143.8 143.8 143.8 143.8 143.8 143.8 143.8 151.4 151.4 151.4 151.4 151.4 151.4 151.4 151.4 151.4 151.4 151.4 151.4 151.4 151.4 151.4 151.4 151.4 151.4 151.4 151.4 151.4 151.4 151.4 151.4 151.4 151.4 151.4 151.4 151.4 151.4 151.4 151.4 151.4 151.4 151.4 151.4 151.4 151.4 151.4 151.4 151.4 151.4 151.4 151.4 151.4 151.4 151.4 151.4 151.4 151.4 151.4 151.4 151.4 151.4 151.4 151.4 151.4 151.4 151.4 151.4 140.6 140.6 140.6 140.6 140.6 140.6 140.6 140.6 140.6 140.6 140.6 140.6 140.6 140.6 140.6 140.6 140.6 140.6 140.6 140.6 140.6 140.6 140.6 140.6 140.6 140.6 140.6 140.6 140.6 
143.8 143.8 143.8 143.8 143.8 143.8 143.8 143.8 143.8 143.8 143.8 151.4 151.4 151.4 151.4 151.4 151.4 151.4 151.4 151.4 151.4 151.4 151.4 151.4 151.4 151.4 151.4 151.4 151.4 151.4 151.4 151.4 151.4 151.4 151.4 151.4 151.4 151.4 151.4 151.4 151.4 151.4 151.4 151.4 151.4 151.4 151.4 151.4 151.4 151.4 151.4 151.4 151.4 151.4 151.4 151.4 151.4 151.4 151.4 151.4 151.4 151.4 151.4 151.4 151.4 151.4 151.4 151.4 151.4 151.4 151.4 140.6 140.6 140.6 140.6 140.6 140.6 140.6 140.6 140.6 140.6 140.6 140.6 140.6 140.6 140.6 140.6 140.6 140.6 140.6 140.6 140.6 140.6 140.6 140.6 140.6 140.6 140.6 140.6 140.6 
143.8 143.8 143.8 143.8 143.8 143.8 143.8 143.8 143.8 143.8 143.8 151.4 151.4 151.4 151.4 151.4 151.4 151.4 151.4 151.4 151.4 151.4 151.4 151.4 151.4 151.4 151.4 151.4 151.4 151.4 151.4 151.4 151.4 151.4 151.4 151.4 151.4 151.4 151.4 151.4 151.4 151.4 151.4 151.4 151.4 151.4 151.4 151.4 151.4 151.4 151.4 151.4 151.4 151.4 151.4 151.4 151.4 151.4 151.4 151.4 151.4 151.4 151.4 151.4 151.4 151.4 151.4 151.4 151.4 151.4 151.4 140.6 140.6 140.6 140.6 140.6 140.6 140.6 140.6 140.6 140.6 140.6 140.6 140.6 140.6 140.6 140.6 140.6 140.6 140.6 140.6 140.6 140.6 140.6 140.6 140.6 140.6 140.6 140.6 140.6 
143.8 143.8 143.8 143.8 143.8 143.8 143.8 143.8 143.8 143.8 143.8 151.4 151.4 151.4 151.4 151.4 151.4 151.4 151.4 151.4 151.4 151.4 151.4 151.4 151.4 151.4 151.4 151.4 151.4 151.4 151.4 151.4 151.4 151.4 151.4 151.4 151.4 151.4 151.4 151.4 151.4 151.4 151.4 151.4 151.4 151.4 151.4 151.4 151.4 151.4 151.4 151.4 151.4 151.4 151.4 151.4 151.4 151.4 151.4 151.4 151.4 151.4 151.4 151.4 151.4 151.4 151.4 151.4 151.4 151.4 151.4 140.6 140.6 140.6 140.6 140.6 140.6 140.6 140.6 140.6 140.6 140.6 140.6 140.6 140.6 140.6 140.6 140.6 140.6 140.6 140.6 140.6 140.6 140.6 140.6 140.6 140.6 140.6 140.6 140.6 
143.8 143.8 143.8 143.8 143.8 143.8 143.8 143.8 143.8 143.8 143.8 151.4 151.4 151.4 151.4 151.4 151.4 151.4 151.4 151.4 151.4 151.4 151.4 151.4 151.4 151.4 151.4 151.4 151.4 151.4 151.4 151.4 151.4 151.4 151.4 151.4 151.4 151.4 151.4 151.4 151.4 151.4 151.4 151.4 151.4 151.4 151.4 151.4 151.4 151.4 151.4 151.4 151.4 151.4 151.4 151.4 151.4 151.4 151.4 151.4 151.4 151.4 151.4 151.4 151.4 151.4 151.4 151.4 151.4 151.4 151.4 140.6 140.6 140.6 140.6 140.6 140.6 140.6 140.6 140.6 140.6 140.6 140.6 140.6 140.6 140.6 140.6 140.6 140.6 140.6 140.6 140.6 140.6 140.6 140.6 140.6 140.6 140.6 140.6 140.6 
143.8 143.8 143.8 143.8 143.8 143.8 143.8 143.8 143.8 143.8 143.8 151.4 151.4 151.4 151.4 151.4 151.4 151.4 151.4 151.4 151.4 151.4 151.4 151.4 151.4 151.4 151.4 151.4 151.4 151.4 151.4 151.4 151.4 151.4 151.4 151.4 151.4 151.4 151.4 151.4 151.4 151.4 151.4 151.4 151.4 151.4 151.4 151.4 151.4 151.4 151.4 151.4 151.4 151.4 151.4 151.4 151.4 151.4 151.4 151.4 151.4 151.4 151.4 151.4 151.4 151.4 151.4 151.4 151.4 151.4 151.4 140.6 140.6 140.6 140.6 140.6 140.6 140.6 140.6 140.6 140.6 140.6 140.6 140.6 140.6 140.6 140.6 140.6 140.6 140.6 140.6 140.6 140.6 140.6 140.6 140.6 140.6 140.6 140.6 140.6 
143.8 143.8 143.8 143.8 143.8 143.8 143.8 143.8 143.8 143.8 143.8 151.4 151.4 151.4 151.4 151.4 151.4 151.4 151.4 151.4 151.4 151.4 151.4 151.4 151.4 151.4 151.4 151.4 151.4 151.4 151.4 151.4 151.4 151.4 151.4 151.4 151.4 151.4 151.4 151.4 151.4 151.4 151.4 151.4 151.4 151.4 151.4 151.4 151.4 151.4 151.4 151.4 151.4 151.4 151.4 151.4 151.4 151.4 151.4 151.4 151.4 151.4 151.4 151.4 151.4 151.4 151.4 151.4 151.4 151.4 151.4 140.6 140.6 140.6 140.6 140.6 140.6 140.6 140.6 140.6 140.6 140.6 140.6 140.6 140.6 140.6 140.6 140.6 140.6 140.6 140.6 140.6 140.6 140.6 140.6 140.6 140.6 140.6 140.6 140.6 
143.8 143.8 143.8 143.8 143.8 143.8 143.8 143.8 143.8 143.8 143.8 151.4 151.4 151.4 151.4 151.4 151.4 151.4 151.4 151.4 151.4 151.4 151.4 151.4 151.4 151.4 151.4 151.4 151.4 151.4 151.4 151.4 151.4 151.4 151.4 151.4 151.4 151.4 151.4 151.4 151.4 151.4 151.4 151.4 151.4 151.4 151.4 151.4 151.4 151.4 151.4 151.4 151.4 151.4 151.4 151.4 151.4 151.4 151.4 151.4 151.4 151.4 151.4 151.4 151.4 151.4 151.4 151.4 151.4 151.4 151.4 140.6 140.6 140.6 140.6 140.6 140.6 140.6 140.6 140.6 140.6 140.6 140.6 140.6 140.6 140.6 140.6 140.6 140.6 140.6 140.6 140.6 140.6 140.6 140.6 140.6 140.6 140.6 140.6 140.6 
143.8 143.8 143.8 143.8 143.8 143.8 143.8 143.8 143.8 143.8 143.8 151.4 151.4 151.4 151.4 151.4 151.4 151.4 151.4 151.4 151.4 151.4 151.4 151.4 151.4 151.4 151.4 151.4 151.4 151.4 151.4 151.4 151.4 151.4 151.4 151.4 151.4 151.4 151.4 151.4 151.4 151.4 151.4 151.4 151.4 151.4 151.4 151.4 151.4 151.4 151.4 151.4 151.4 151.4 151.4 151.4 151.4 151.4 151.4 151.4 151.4 151.4 151.4 151.4 151.4 151.4 151.4 151.4 151.4 151.4 151.4 140.6 140.6 140.6 140.6 140.6 140.6 140.6 140.6 140.6 140.6 140.6 140.6 140.6 140.6 140.6 140.6 140.6 140.6 140.6 140.6 140.6 140.6 140.6 140.6 140.6 140.6 140.6 140.6 140.6 
143.8 143.8 143.8 143.8 143.8 143.8 143.8 143.8 143.8 143.8 143.8 151.4 151.4 151.4 151.4 151.4 151.4 151.4 151.4 151.4 151.4 151.4 151.4 151.4 151.4 151.4 151.4 151.4 151.4 151.4 151.4 151.4 151.4 151.4 151.4 151.4 151.4 151.4 151.4 151.4 151.4 151.4 151.4 151.4 151.4 151.4 151.4 151.4 151.4 151.4 151.4 151.4 151.4 151.4 151.4 151.4 151.4 151.4 151.4 151.4 151.4 151.4 151.4 151.4 151.4 151.4 151.4 151.4 151.4 151.4 151.4 140.6 140.6 140.6 140.6 140.6 140.6 140.6 140.6 140.6 140.6 140.6 140.6 140.6 140.6 140.6 140.6 140.6 140.6 140.6 140.6 140.6 140.6 140.6 140.6 140.6 140.6 140.6 140.6 140.6 
143.8 143.8 143.8 143.8 143.8 143.8 143.8 143.8 143.8 143.8 143.8 151.4 151.4 151.4 151.4 151.4 151.4 151.4 151.4 151.4 151.4 151.4 151.4 151.4 151.4 151.4 151.4 151.4 151.4 151.4 151.4 151.4 151.4 151.4 151.4 151.4 151.4 151.4 151.4 151.4 151.4 151.4 151.4 151.4 151.4 151.4 151.4 151.4 151.4 151.4 151.4 151.4 151.4 151.4 151.4 151.4 151.4 151.4 151.4 151.4 151.4 151.4 151.4 151.4 151.4 151.4 151.4 151.4 151.4 151.4 151.4 140.6 140.6 140.6 140.6 140.6 140.6 140.6 140.6 140.6 140.6 140.6 140.6 140.6 140.6 140.6 140.6 140.6 140.6 140.6 140.6 140.6 140.6 140.6 140.6 140.6 140.6 140.6 140.6 140.6 
143.8 143.8 143.8 143.8 143.8 143.8 143.8 143.8 143.8 143.8 143.8 151.4 151.4 151.4 151.4 151.4 151.4 151.4 151.4 151.4 151.4 151.4 151.4 151.4 151.4 151.4 151.4 151.4 151.4 151.4 151.4 151.4 151.4 151.4 151.4 151.4 151.4 151.4 151.4 151.4 151.4 151.4 151.4 151.4 151.4 151.4 151.4 151.4 151.4 151.4 151.4 151.4 151.4 151.4 151.4 151.4 151.4 151.4 151.4 151.4 151.4 151.4 151.4 151.4 151.4 151.4 151.4 151.4 151.4 151.4 151.4 140.6 140.6 140.6 140.6 140.6 140.6 140.6 140.6 140.6 140.6 140.6 140.6 140.6 140.6 140.6 140.6 140.6 140.6 140.6 140.6 140.6 140.6 140.6 140.6 140.6 140.6 140.6 140.6 140.6 
143.8 143.8 143.8 143.8 143.8 143.8 143.8 143.8 143.8 143.8 143.8 151.4 151.4 151.4 151.4 151.4 151.4 151.4 151.4 151.4 151.4 151.4 151.4 151.4 151.4 151.4 151.4 151.4 151.4 151.4 151.4 151.4 151.4 151.4 151.4 151.4 151.4 151.4 151.4 151.4 151.4 151.4 151.4 151.4 151.4 151.4 151.4 151.4 151.4 151.4 151.4 151.4 151.4 151.4 151.4 151.4 151.4 151.4 151.4 151.4 151.4 151.4 151.4 151.4 151.4 151.4 151.4 151.4 151.4 151.4 151.4 140.6 140.6 140.6 140.6 140.6 140.6 140.6 140.6 140.6 140.6 140.6 140.6 140.6 140.6 140.6 140.6 140.6 140.6 140.6 140.6 140.6 140.6 140.6 140.6 140.6 140.6 140.6 140.6 140.6 
143.8 143.8 143.8 143.8 143.8 143.8 143.8 143.8 143.8 143.8 143.8 151.4 151.4 151.4 151.4 151.4 151.4 151.4 151.4 151.4 151.4 151.4 151.4 151.4 151.4 151.4 151.4 151.4 151.4 151.4 151.4 151.4 151.4 151.4 151.4 151.4 151.4 151.4 151.4 151.4 151.4 151.4 151.4 151.4 151.4 151.4 151.4 151.4 151.4 151.4 151.4 151.4 151.4 151.4 151.4 151.4 151.4 151.4 151.4 151.4 151.4 151.4 151.4 151.4 151.4 151.4 151.4 151.4 151.4 151.4 151.4 140.6 140.6 140.6 140.6 140.6 140.6 140.6 140.6 140.6 140.6 140.6 140.6 140.6 140.6 140.6 140.6 140.6 140.6 140.6 140.6 140.6 140.6 140.6 140.6 140.6 140.6 140.6 140.6 140.6 
143.8 143.8 143.8 143.8 143.8 143.8 143.8 143.8 143.8 143.8 143.8 151.4 151.4 151.4 151.4 151.4 151.4 151.4 151.4 151.4 151.4 151.4 151.4 151.4 151.4 151.4 151.4 151.4 151.4 151.4 151.4 151.4 151.4 151.4 151.4 151.4 151.4 151.4 151.4 151.4 151.4 151.4 151.4 151.4 151.4 151.4 151.4 151.4 151.4 151.4 151.4 151.4 151.4 151.4 151.4 151.4 151.4 151.4 151.4 151.4 151.4 151.4 151.4 151.4 151.4 151.4 151.4 151.4 151.4 151.4 151.4 140.6 140.6 140.6 140.6 140.6 140.6 140.6 140.6 140.6 140.6 140.6 140.6 140.6 140.6 140.6 140.6 140.6 140.6 140.6 140.6 140.6 140.6 140.6 140.6 140.6 140.6 140.6 140.6 140.6 
143.8 143.8 143.8 143.8 143.8 143.8 143.8 143.8 143.8 143.8 143.8 151.4 151.4 151.4 151.4 151.4 151.4 151.4 151.4 151.4 151.4 151.4 151.4 151.4 151.4 151.4 151.4 151.4 151.4 151.4 151.4 151.4 151.4 151.4 151.4 151.4 151.4 151.4 151.4 151.4 151.4 151.4 151.4 151.4 151.4 151.4 151.4 151.4 151.4 151.4 151.4 151.4 151.4 151.4 151.4 151.4 151.4 151.4 151.4 151.4 151.4 151.4 151.4 151.4 151.4 151.4 151.4 151.4 151.4 151.4 151.4 140.6 140.6 140.6 140.6 140.6 140.6 140.6 140.6 140.6 140.6 140.6 140.6 140.6 140.6 140.6 140.6 140.6 140.6 140.6 140.6 140.6 140.6 140.6 140.6 140.6 140.6 140.6 140.6 140.6 
143.8 143.8 143.8 143.8 143.8 143.8 143.8 143.8 143.8 143.8 143.8 151.4 151.4 151.4 151.4 151.4 151.4 151.4 151.4 151.4 151.4 151.4 151.4 151.4 151.4 151.4 151.4 151.4 151.4 151.4 151.4 151.4 151.4 151.4 151.4 151.4 151.4 151.4 151.4 151.4 151.4 151.4 151.4 151.4 151.4 151.4 151.4 151.4 151.4 151.4 151.4 151.4 151.4 151.4 151.4 151.4 151.4 151.4 151.4 151.4 151.4 151.4 151.4 151.4 151.4 151.4 151.4 151.4 151.4 151.4 151.4 140.6 140.6 140.6 140.6 140.6 140.6 140.6 140.6 140.6 140.6 140.6 140.6 140.6 140.6 140.6 140.6 140.6 140.6 140.6 140.6 140.6 140.6 140.6 140.6 140.6 140.6 140.6 140.6 140.6 
143.8 143.8 143.8 143.8 143.8 143.8 143.8 143.8 143.8 143.8 143.8 151.4 151.4 151.4 151.4 151.4 151.4 151.4 151.4 151.4 151.4 151.4 151.4 151.4 151.4 151.4 151.4 151.4 151.4 151.4 151.4 151.4 151.4 151.4 151.4 151.4 151.4 151.4 151.4 151.4 151.4 151.4 151.4 151.4 151.4 151.4 151.4 151.4 151.4 151.4 151.4 151.4 151.4 151.4 151.4 151.4 151.4 151.4 151.4 151.4 151.4 151.4 151.4 151.4 151.4 151.4 151.4 151.4 151.4 151.4 151.4 140.6 140.6 140.6 140.6 140.6 140.6 140.6 140.6 140.6 140.6 140.6 140.6 140.6 140.6 140.6 140.6 140.6 140.6 140.6 140.6 140.6 140.6 140.6 140.6 140.6 140.6 140.6 140.6 140.6 
143.8 143.8 143.8 143.8 143.8 143.8 143.8 143.8 143.8 143.8 143.8 151.4 151.4 151.4 151.4 151.4 151.4 151.4 151.4 151.4 151.4 151.4 151.4 151.4 151.4 151.4 151.4 151.4 151.4 151.4 151.4 151.4 151.4 151.4 151.4 151.4 151.4 151.4 151.4 151.4 151.4 151.4 151.4 151.4 151.4 151.4 151.4 151.4 151.4 151.4 151.4 151.4 151.4 151.4 151.4 151.4 151.4 151.4 151.4 151.4 151.4 151.4 151.4 151.4 151.4 151.4 151.4 151.4 151.4 151.4 151.4 140.6 140.6 140.6 140.6 140.6 140.6 140.6 140.6 140.6 140.6 140.6 140.6 140.6 140.6 140.6 140.6 140.6 140.6 140.6 140.6 140.6 140.6 140.6 140.6 140.6 140.6 140.6 140.6 140.6 
143.8 143.8 143.8 143.8 143.8 143.8 143.8 143.8 143.8 143.8 143.8 151.4 151.4 151.4 151.4 151.4 151.4 151.4 151.4 151.4 151.4 151.4 151.4 151.4 151.4 151.4 151.4 151.4 151.4 151.4 151.4 151.4 151.4 151.4 151.4 151.4 151.4 151.4 151.4 151.4 151.4 151.4 151.4 151.4 151.4 151.4 151.4 151.4 151.4 151.4 151.4 151.4 151.4 151.4 151.4 151.4 151.4 151.4 151.4 151.4 151.4 151.4 151.4 151.4 151.4 151.4 151.4 151.4 151.4 151.4 151.4 140.6 140.6 140.6 140.6 140.6 140.6 140.6 140.6 140.6 140.6 140.6 140.6 140.6 140.6 140.6 140.6 140.6 140.6 140.6 140.6 140.6 140.6 140.6 140.6 140.6 140.6 140.6 140.6 140.6 
143.8 143.8 143.8 143.8 143.8 143.8 143.8 143.8 143.8 143.8 143.8 151.4 151.4 151.4 151.4 151.4 151.4 151.4 151.4 151.4 151.4 151.4 151.4 151.4 151.4 151.4 151.4 151.4 151.4 151.4 151.4 151.4 151.4 151.4 151.4 151.4 151.4 151.4 151.4 151.4 151.4 151.4 151.4 151.4 151.4 151.4 151.4 151.4 151.4 151.4 151.4 151.4 151.4 151.4 151.4 151.4 151.4 151.4 151.4 151.4 151.4 151.4 151.4 151.4 151.4 151.4 151.4 151.4 151.4 151.4 151.4 140.6 140.6 140.6 140.6 140.6 140.6 140.6 140.6 140.6 140.6 140.6 140.6 140.6 140.6 140.6 140.6 140.6 140.6 140.6 140.6 140.6 140.6 140.6 140.6 140.6 140.6 140.6 140.6 140.6 
143.8 143.8 143.8 143.8 143.8 143.8 143.8 143.8 143.8 143.8 143.8 151.4 151.4 151.4 151.4 151.4 151.4 151.4 151.4 151.4 151.4 151.4 151.4 151.4 151.4 151.4 151.4 151.4 151.4 151.4 151.4 151.4 151.4 151.4 151.4 151.4 151.4 151.4 151.4 151.4 151.4 151.4 151.4 151.4 151.4 151.4 151.4 151.4 151.4 151.4 151.4 151.4 151.4 151.4 151.4 151.4 151.4 151.4 151.4 151.4 151.4 151.4 151.4 151.4 151.4 151.4 151.4 151.4 151.4 151.4 151.4 140.6 140.6 140.6 140.6 140.6 140.6 140.6 140.6 140.6 140.6 140.6 140.6 140.6 140.6 140.6 140.6 140.6 140.6 140.6 140.6 140.6 140.6 140.6 140.6 140.6 140.6 140.6 140.6 140.6 
143.8 143.8 143.8 143.8 143.8 143.8 143.8 143.8 143.8 143.8 143.8 151.4 151.4 151.4 151.4 151.4 151.4 151.4 151.4 151.4 151.4 151.4 151.4 151.4 151.4 151.4 151.4 151.4 151.4 151.4 151.4 151.4 151.4 151.4 151.4 151.4 151.4 151.4 151.4 151.4 151.4 151.4 151.4 151.4 151.4 151.4 151.4 151.4 151.4 151.4 151.4 151.4 151.4 151.4 151.4 151.4 151.4 151.4 151.4 151.4 151.4 151.4 151.4 151.4 151.4 151.4 151.4 151.4 151.4 151.4 151.4 140.6 140.6 140.6 140.6 140.6 140.6 140.6 140.6 140.6 140.6 140.6 140.6 140.6 140.6 140.6 140.6 140.6 140.6 140.6 140.6 140.6 140.6 140.6 140.6 140.6 140.6 140.6 140.6 140.6 
143.8 143.8 143.8 143.8 143.8 143.8 143.8 143.8 143.8 143.8 143.8 151.4 151.4 151.4 151.4 151.4 151.4 151.4 151.4 151.4 151.4 151.4 151.4 151.4 151.4 151.4 151.4 151.4 151.4 151.4 151.4 151.4 151.4 151.4 151.4 151.4 151.4 151.4 151.4 151.4 151.4 151.4 151.4 151.4 151.4 151.4 151.4 151.4 151.4 151.4 151.4 151.4 151.4 151.4 151.4 151.4 151.4 151.4 151.4 151.4 151.4 151.4 151.4 151.4 151.4 151.4 151.4 151.4 151.4 151.4 151.4 140.6 140.6 140.6 140.6 140.6 140.6 140.6 140.6 140.6 140.6 140.6 140.6 140.6 140.6 140.6 140.6 140.6 140.6 140.6 140.6 140.6 140.6 140.6 140.6 140.6 140.6 140.6 140.6 140.6 
143.8 143.8 143.8 143.8 143.8 143.8 143.8 143.8 143.8 143.8 143.8 151.4 151.4 151.4 151.4 151.4 151.4 151.4 151.4 151.4 151.4 151.4 151.4 151.4 151.4 151.4 151.4 151.4 151.4 151.4 151.4 151.4 151.4 151.4 151.4 151.4 151.4 151.4 151.4 151.4 151.4 151.4 151.4 151.4 151.4 151.4 151.4 151.4 151.4 151.4 151.4 151.4 151.4 151.4 151.4 151.4 151.4 151.4 151.4 151.4 151.4 151.4 151.4 151.4 151.4 151.4 151.4 151.4 151.4 151.4 151.4 140.6 140.6 140.6 140.6 140.6 140.6 140.6 140.6 140.6 140.6 140.6 140.6 140.6 140.6 140.6 140.6 140.6 140.6 140.6 140.6 140.6 140.6 140.6 140.6 140.6 140.6 140.6 140.6 140.6 
143.8 143.8 143.8 143.8 143.8 143.8 143.8 143.8 143.8 143.8 143.8 151.4 151.4 151.4 151.4 151.4 151.4 151.4 151.4 151.4 151.4 151.4 151.4 151.4 151.4 151.4 151.4 151.4 151.4 151.4 151.4 151.4 151.4 151.4 151.4 151.4 151.4 151.4 151.4 151.4 151.4 151.4 151.4 151.4 151.4 151.4 151.4 151.4 151.4 151.4 151.4 151.4 151.4 151.4 151.4 151.4 151.4 151.4 151.4 151.4 151.4 151.4 151.4 151.4 151.4 151.4 151.4 151.4 151.4 151.4 151.4 140.6 140.6 140.6 140.6 140.6 140.6 140.6 140.6 140.6 140.6 140.6 140.6 140.6 140.6 140.6 140.6 140.6 140.6 140.6 140.6 140.6 140.6 140.6 140.6 140.6 140.6 140.6 140.6 140.6 
143.8 143.8 143.8 143.8 143.8 143.8 143.8 143.8 143.8 143.8 143.8 151.4 151.4 151.4 151.4 151.4 151.4 151.4 151.4 151.4 151.4 151.4 151.4 151.4 151.4 151.4 151.4 151.4 151.4 151.4 151.4 151.4 151.4 151.4 151.4 151.4 151.4 151.4 151.4 151.4 151.4 151.4 151.4 151.4 151.4 151.4 151.4 151.4 151.4 151.4 151.4 151.4 151.4 151.4 151.4 151.4 151.4 151.4 151.4 151.4 151.4 151.4 151.4 151.4 151.4 151.4 151.4 151.4 151.4 151.4 151.4 140.6 140.6 140.6 140.6 140.6 140.6 140.6 140.6 140.6 140.6 140.6 140.6 140.6 140.6 140.6 140.6 140.6 140.6 140.6 140.6 140.6 140.6 140.6 140.6 140.6 140.6 140.6 140.6 140.6 
