ncols         100
nrows         100
xllcorner     -59982.863281
yllcorner     1851083.022172
cellsize      1000
NODATA_value  -9999
2.82 2.82 2.82 2.82 2.82 2.82 2.82 2.82 2.82 2.82 2.82 1.42 1.42 1.42 1.42 1.42 1.42 1.42 1.42 1.42 1.42 1.42 1.42 1.42 1.42 1.42 1.42 1.42 1.42 1.42 1.42 1.42 1.42 1.42 1.42 1.42 1.42 1.42 1.42 1.42 1.42 1.42 1.42 1.42 1.42 1.42 1.42 1.42 1.42 1.42 1.42 1.42 1.42 1.42 1.42 1.42 1.42 1.42 1.42 1.42 1.42 1.42 1.42 1.42 1.42 1.42 1.42 1.42 1.42 1.42 1.42 1.06 1.06 1.06 1.06 1.06 1.06 1.06 1.06 1.06 1.06 1.06 1.06 1.06 1.06 1.06 1.06 1.06 1.06 1.06 1.06 1.06 1.06 1.06 1.06 1.06 1.06 1.06 1.06 1.06 
2.82 2.82 2.82 2.82 2.82 2.82 2.82 2.82 2.82 2.82 2.82 1.42 1.42 1.42 1.42 1.42 1.42 1.42 1.42 1.42 1.42 1.42 1.42 1.42 1.42 1.42 1.42 1.42 1.42 1.42 1.42 1.42 1.42 1.42 1.42 1.42 1.42 1.42 1.42 1.42 1.42 1.42 1.42 1.42 1.42 1.42 1.42 1.42 1.42 1.42 1.42 1.42 1.42 1.42 1.42 1.42 1.42 1.42 1.42 1.42 1.42 1.42 1.42 1.42 1.42 1.42 1.42 1.42 1.42 1.42 1.42 1.06 1.06 1.06 1.06 1.06 1.06 1.06 1.06 1.06 1.06 1.06 1.06 1.06 1.06 1.06 1.06 1.06 1.06 1.06 1.06 1.06 1.06 1.06 1.06 1.06 1.06 1.06 1.06 1.06 
2.82 2.82 2.82 2.82 2.82 2.82 2.82 2.82 2.82 2.82 2.82 1.42 1.42 1.42 1.42 1.42 1.42 1.42 1.42 1.42 1.42 1.42 1.42 1.42 1.42 1.42 1.42 1.42 1.42 1.42 1.42 1.42 1.42 1.42 1.42 1.42 1.42 1.42 1.42 1.42 1.42 1.42 1.42 1.42 1.42 1.42 1.42 1.42 1.42 1.42 1.42 1.42 1.42 1.42 1.42 1.42 1.42 1.42 1.42 1.42 1.42 1.42 1.42 1.42 1.42 1.42 1.42 1.42 1.42 1.42 1.42 1.06 1.06 1.06 1.06 1.06 1.06 1.06 1.06 1.06 1.06 1.06 1.06 1.06 1.06 1.06 1.06 1.06 1.06 1.06 1.06 1.06 1.06 1.06 1.06 1.06 1.06 1.06 1.06 1.06 
2.82 2.82 2.82 2.82 2.82 2.82 2.82 2.82 2.82 2.82 2.82 1.42 1.42 1.42 1.42 1.42 1.42 1.42 1.42 1.42 1.42 1.42 1.42 1.42 1.42 1.42 1.42 1.42 1.42 1.42 1.42 1.42 1.42 1.42 1.42 1.42 1.42 1.42 1.42 1.42 1.42 1.42 1.42 1.42 1.42 1.42 1.42 1.42 1.42 1.42 1.42 1.42 1.42 1.42 1.42 1.42 1.42 1.42 1.42 1.42 1.42 1.42 1.42 1.42 1.42 1.42 1.42 1.42 1.42 1.42 1.42 1.06 1.06 1.06 1.06 1.06 1.06 1.06 1.06 1.06 1.06 1.06 1.06 1.06 1.06 1.06 1.06 1.06 1.06 1.06 1.06 1.06 1.06 1.06 1.06 1.06 1.06 1.06 1.06 1.06 
2.82 2.82 2.82 2.82 2.82 2.82 2.82 2.82 2.82 2.82 2.82 1.42 1.42 1.42 1.42 1.42 1.42 1.42 1.42 1.42 1.42 1.42 1.42 1.42 1.42 1.42 1.42 1.42 1.42 1.42 1.42 1.42 1.42 1.42 1.42 1.42 1.42 1.42 1.42 1.42 1.42 1.42 1.42 1.42 1.42 1.42 1.42 1.42 1.42 1.42 1.42 1.42 1.42 1.42 1.42 1.42 1.42 1.42 1.42 1.42 1.42 1.42 1.42 1.42 1.42 1.42 1.42 1.42 1.42 1.42 1.42 1.06 1.06 1.06 1.06 1.06 1.06 1.06 1.06 1.06 1.06 1.06 1.06 1.06 1.06 1.06 1.06 1.06 1.06 1.06 1.06 1.06 1.06 1.06 1.06 1.06 1.06 1.06 1.06 1.06 
2.82 2.82 2.82 2.82 2.82 2.82 2.82 2.82 2.82 2.82 2.82 1.42 1.42 1.42 1.42 1.42 1.42 1.42 1.42 1.42 1.42 1.42 1.42 1.42 1.42 1.42 1.42 1.42 1.42 1.42 1.42 1.42 1.42 1.42 1.42 1.42 1.42 1.42 1.42 1.42 1.42 1.42 1.42 1.42 1.42 1.42 1.42 1.42 1.42 1.42 1.42 1.42 1.42 1.42 1.42 1.42 1.42 1.42 1.42 1.42 1.42 1.42 1.42 1.42 1.42 1.42 1.42 1.42 1.42 1.42 1.42 1.06 1.06 1.06 1.06 1.06 1.06 1.06 1.06 1.06 1.06 1.06 1.06 1.06 1.06 1.06 1.06 1.06 1.06 1.06 1.06 1.06 1.06 1.06 1.06 1.06 1.06 1.06 1.06 1.06 
2.82 2.82 2.82 2.82 2.82 2.82 2.82 2.82 2.82 2.82 2.82 1.42 1.42 1.42 1.42 1.42 1.42 1.42 1.42 1.42 1.42 1.42 1.42 1.42 1.42 1.42 1.42 1.42 1.42 1.42 1.42 1.42 1.42 1.42 1.42 1.42 1.42 1.42 1.42 1.42 1.42 1.42 1.42 1.42 1.42 1.42 1.42 1.42 1.42 1.42 1.42 1.42 1.42 1.42 1.42 1.42 1.42 1.42 1.42 1.42 1.42 1.42 1.42 1.42 1.42 1.42 1.42 1.42 1.42 1.42 1.42 1.06 1.06 1.06 1.06 1.06 1.06 1.06 1.06 1.06 1.06 1.06 1.06 1.06 1.06 1.06 1.06 1.06 1.06 1.06 1.06 1.06 1.06 1.06 1.06 1.06 1.06 1.06 1.06 1.06 
2.82 2.82 2.82 2.82 2.82 2.82 2.82 2.82 2.82 2.82 2.82 1.42 1.42 1.42 1.42 1.42 1.42 1.42 1.42 1.42 1.42 1.42 1.42 1.42 1.42 1.42 1.42 1.42 1.42 1.42 1.42 1.42 1.42 1.42 1.42 1.42 1.42 1.42 1.42 1.42 1.42 1.42 1.42 1.42 1.42 1.42 1.42 1.42 1.42 1.42 1.42 1.42 1.42 1.42 1.42 1.42 1.42 1.42 1.42 1.42 1.42 1.42 1.42 1.42 1.42 1.42 1.42 1.42 1.42 1.42 1.42 1.06 1.06 1.06 1.06 1.06 1.06 1.06 1.06 1.06 1.06 1.06 1.06 1.06 1.06 1.06 1.06 1.06 1.06 1.06 1.06 1.06 1.06 1.06 1.06 1.06 1.06 1.06 1.06 1.06 
2.82 2.82 2.82 2.82 2.82 2.82 2.82 2.82 2.82 2.82 2.82 1.42 1.42 1.42 1.42 1.42 1.42 1.42 1.42 1.42 1.42 1.42 1.42 1.42 1.42 1.42 1.42 1.42 1.42 1.42 1.42 1.42 1.42 1.42 1.42 1.42 1.42 1.42 1.42 1.42 1.42 1.42 1.42 1.42 1.42 1.42 1.42 1.42 1.42 1.42 1.42 1.42 1.42 1.42 1.42 1.42 1.42 1.42 1.42 1.42 1.42 1.42 1.42 1.42 1.42 1.42 1.42 1.42 1.42 1.42 1.42 1.06 1.06 1.06 1.06 1.06 1.06 1.06 1.06 1.06 1.06 1.06 1.06 1.06 1.06 1.06 1.06 1.06 1.06 1.06 1.06 1.06 1.06 1.06 1.06 1.06 1.06 1.06 1.06 1.06 
2.88 2.88 2.88 2.88 2.88 2.88 2.88 2.88 2.88 2.88 2.88 2.58 2.58 2.58 2.58 2.58 2.58 2.58 2.58 2.58 2.58 2.58 2.58 2.58 2.58 2.58 2.58 2.58 2.58 2.58 2.58 2.58 2.58 2.58 2.58 2.58 2.58 2.58 2.58 2.58 2.58 2.58 2.58 2.58 2.58 2.58 2.58 2.58 2.58 2.58 2.58 2.58 2.58 2.58 2.58 2.58 2.58 2.58 2.58 2.58 2.58 2.58 2.58 2.58 2.58 2.58 2.58 2.58 2.58 2.58 2.58 2.52 2.52 2.52 2.52 2.52 2.52 2.52 2.52 2.52 2.52 2.52 2.52 2.52 2.52 2.52 2.52 2.52 2.52 2.52 2.52 2.52 2.52 2.52 2.52 2.52 2.52 2.52 2.52 2.52 
2.88 2.88 2.88 2.88 2.88 2.88 2.88 2.88 2.88 2.88 2.88 2.58 2.58 2.58 2.58 2.58 2.58 2.58 2.58 2.58 2.58 2.58 2.58 2.58 2.58 2.58 2.58 2.58 2.58 2.58 2.58 2.58 2.58 2.58 2.58 2.58 2.58 2.58 2.58 2.58 2.58 2.58 2.58 2.58 2.58 2.58 2.58 2.58 2.58 2.58 2.58 2.58 2.58 2.58 2.58 2.58 2.58 2.58 2.58 2.58 2.58 2.58 2.58 2.58 2.58 2.58 2.58 2.58 2.58 2.58 2.58 2.52 2.52 2.52 2.52 2.52 2.52 2.52 2.52 2.52 2.52 2.52 2.52 2.52 2.52 2.52 2.52 2.52 2.52 2.52 2.52 2.52 2.52 2.52 2.52 2.52 2.52 2.52 2.52 2.52 
2.88 2.88 2.88 2.88 2.88 2.88 2.88 2.88 2.88 2.88 2.88 2.58 2.58 2.58 2.58 2.58 2.58 2.58 2.58 2.58 2.58 2.58 2.58 2.58 2.58 2.58 2.58 2.58 2.58 2.58 2.58 2.58 2.58 2.58 2.58 2.58 2.58 2.58 2.58 2.58 2.58 2.58 2.58 2.58 2.58 2.58 2.58 2.58 2.58 2.58 2.58 2.58 2.58 2.58 2.58 2.58 2.58 2.58 2.58 2.58 2.58 2.58 2.58 2.58 2.58 2.58 2.58 2.58 2.58 2.58 2.58 2.52 2.52 2.52 2.52 2.52 2.52 2.52 2.52 2.52 2.52 2.52 2.52 2.52 2.52 2.52 2.52 2.52 2.52 2.52 2.52 2.52 2.52 2.52 2.52 2.52 2.52 2.52 2.52 2.52 
2.88 2.88 2.88 2.88 2.88 2.88 2.88 2.88 2.88 2.88 2.88 2.58 2.58 2.58 2.58 2.58 2.58 2.58 2.58 2.58 2.58 2.58 2.58 2.58 2.58 2.58 2.58 2.58 2.58 2.58 2.58 2.58 2.58 2.58 2.58 2.58 2.58 2.58 2.58 2.58 2.58 2.58 2.58 2.58 2.58 2.58 2.58 2.58 2.58 2.58 2.58 2.58 2.58 2.58 2.58 2.58 2.58 2.58 2.58 2.58 2.58 2.58 2.58 2.58 2.58 2.58 2.58 2.58 2.58 2.58 2.58 2.52 2.52 2.52 2.52 2.52 2.52 2.52 2.52 2.52 2.52 2.52 2.52 2.52 2.52 2.52 2.52 2.52 2.52 2.52 2.52 2.52 2.52 2.52 2.52 2.52 2.52 2.52 2.52 2.52 
2.88 2.88 2.88 2.88 2.88 2.88 2.88 2.88 2.88 2.88 2.88 2.58 2.58 2.58 2.58 2.58 2.58 2.58 2.58 2.58 2.58 2.58 2.58 2.58 2.58 2.58 2.58 2.58 2.58 2.58 2.58 2.58 2.58 2.58 2.58 2.58 2.58 2.58 2.58 2.58 2.58 2.58 2.58 2.58 2.58 2.58 2.58 2.58 2.58 2.58 2.58 2.58 2.58 2.58 2.58 2.58 2.58 2.58 2.58 2.58 2.58 2.58 2.58 2.58 2.58 2.58 2.58 2.58 2.58 2.58 2.58 2.52 2.52 2.52 2.52 2.52 2.52 2.52 2.52 2.52 2.52 2.52 2.52 2.52 2.52 2.52 2.52 2.52 2.52 2.52 2.52 2.52 2.52 2.52 2.52 2.52 2.52 2.52 2.52 2.52 
2.88 2.88 2.88 2.88 2.88 2.88 2.88 2.88 2.88 2.88 2.88 2.58 2.58 2.58 2.58 2.58 2.58 2.58 2.58 2.58 2.58 2.58 2.58 2.58 2.58 2.58 2.58 2.58 2.58 2.58 2.58 2.58 2.58 2.58 2.58 2.58 2.58 2.58 2.58 2.58 2.58 2.58 2.58 2.58 2.58 2.58 2.58 2.58 2.58 2.58 2.58 2.58 2.58 2.58 2.58 2.58 2.58 2.58 2.58 2.58 2.58 2.58 2.58 2.58 2.58 2.58 2.58 2.58 2.58 2.58 2.58 2.52 2.52 2.52 2.52 2.52 2.52 2.52 2.52 2.52 2.52 2.52 2.52 2.52 2.52 2.52 2.52 2.52 2.52 2.52 2.52 2.52 2.52 2.52 2.52 2.52 2.52 2.52 2.52 2.52 
2.88 2.88 2.88 2.88 2.88 2.88 2.88 2.88 2.88 2.88 2.88 2.58 2.58 2.58 2.58 2.58 2.58 2.58 2.58 2.58 2.58 2.58 2.58 2.58 2.58 2.58 2.58 2.58 2.58 2.58 2.58 2.58 2.58 2.58 2.58 2.58 2.58 2.58 2.58 2.58 2.58 2.58 2.58 2.58 2.58 2.58 2.58 2.58 2.58 2.58 2.58 2.58 2.58 2.58 2.58 2.58 2.58 2.58 2.58 2.58 2.58 2.58 2.58 2.58 2.58 2.58 2.58 2.58 2.58 2.58 2.58 2.52 2.52 2.52 2.52 2.52 2.52 2.52 2.52 2.52 2.52 2.52 2.52 2.52 2.52 2.52 2.52 2.52 2.52 2.52 2.52 2.52 2.52 2.52 2.52 2.52 2.52 2.52 2.52 2.52 
2.88 2.88 2.88 2.88 2.88 2.88 2.88 2.88 2.88 2.88 2.88 2.58 2.58 2.58 2.58 2.58 2.58 2.58 2.58 2.58 2.58 2.58 2.58 2.58 2.58 2.58 2.58 2.58 2.58 2.58 2.58 2.58 2.58 2.58 2.58 2.58 2.58 2.58 2.58 2.58 2.58 2.58 2.58 2.58 2.58 2.58 2.58 2.58 2.58 2.58 2.58 2.58 2.58 2.58 2.58 2.58 2.58 2.58 2.58 2.58 2.58 2.58 2.58 2.58 2.58 2.58 2.58 2.58 2.58 2.58 2.58 2.52 2.52 2.52 2.52 2.52 2.52 2.52 2.52 2.52 2.52 2.52 2.52 2.52 2.52 2.52 2.52 2.52 2.52 2.52 2.52 2.52 2.52 2.52 2.52 2.52 2.52 2.52 2.52 2.52 
2.88 2.88 2.88 2.88 2.88 2.88 2.88 2.88 2.88 2.88 2.88 2.58 2.58 2.58 2.58 2.58 2.58 2.58 2.58 2.58 2.58 2.58 2.58 2.58 2.58 2.58 2.58 2.58 2.58 2.58 2.58 2.58 2.58 2.58 2.58 2.58 2.58 2.58 2.58 2.58 2.58 2.58 2.58 2.58 2.58 2.58 2.58 2.58 2.58 2.58 2.58 2.58 2.58 2.58 2.58 2.58 2.58 2.58 2.58 2.58 2.58 2.58 2.58 2.58 2.58 2.58 2.58 2.58 2.58 2.58 2.58 2.52 2.52 2.52 2.52 2.52 2.52 2.52 2.52 2.52 2.52 2.52 2.52 2.52 2.52 2.52 2.52 2.52 2.52 2.52 2.52 2.52 2.52 2.52 2.52 2.52 2.52 2.52 2.52 2.52 
2.88 2.88 2.88 2.88 2.88 2.88 2.88 2.88 2.88 2.88 2.88 2.58 2.58 2.58 2.58 2.58 2.58 2.58 2.58 2.58 2.58 2.58 2.58 2.58 2.58 2.58 2.58 2.58 2.58 2.58 2.58 2.58 2.58 2.58 2.58 2.58 2.58 2.58 2.58 2.58 2.58 2.58 2.58 2.58 2.58 2.58 2.58 2.58 2.58 2.58 2.58 2.58 2.58 2.58 2.58 2.58 2.58 2.58 2.58 2.58 2.58 2.58 2.58 2.58 2.58 2.58 2.58 2.58 2.58 2.58 2.58 2.52 2.52 2.52 2.52 2.52 2.52 2.52 2.52 2.52 2.52 2.52 2.52 2.52 2.52 2.52 2.52 2.52 2.52 2.52 2.52 2.52 2.52 2.52 2.52 2.52 2.52 2.52 2.52 2.52 
2.88 2.88 2.88 2.88 2.88 2.88 2.88 2.88 2.88 2.88 2.88 2.58 2.58 2.58 2.58 2.58 2.58 2.58 2.58 2.58 2.58 2.58 2.58 2.58 2.58 2.58 2.58 2.58 2.58 2.58 2.58 2.58 2.58 2.58 2.58 2.58 2.58 2.58 2.58 2.58 2.58 2.58 2.58 2.58 2.58 2.58 2.58 2.58 2.58 2.58 2.58 2.58 2.58 2.58 2.58 2.58 2.58 2.58 2.58 2.58 2.58 2.58 2.58 2.58 2.58 2.58 2.58 2.58 2.58 2.58 2.58 2.52 2.52 2.52 2.52 2.52 2.52 2.52 2.52 2.52 2.52 2.52 2.52 2.52 2.52 2.52 2.52 2.52 2.52 2.52 2.52 2.52 2.52 2.52 2.52 2.52 2.52 2.52 2.52 2.52 
2.88 2.88 2.88 2.88 2.88 2.88 2.88 2.88 2.88 2.88 2.88 2.58 2.58 2.58 2.58 2.58 2.58 2.58 2.58 2.58 2.58 2.58 2.58 2.58 2.58 2.58 2.58 2.58 2.58 2.58 2.58 2.58 2.58 2.58 2.58 2.58 2.58 2.58 2.58 2.58 2.58 2.58 2.58 2.58 2.58 2.58 2.58 2.58 2.58 2.58 2.58 2.58 2.58 2.58 2.58 2.58 2.58 2.58 2.58 2.58 2.58 2.58 2.58 2.58 2.58 2.58 2.58 2.58 2.58 2.58 2.58 2.52 2.52 2.52 2.52 2.52 2.52 2.52 2.52 2.52 2.52 2.52 2.52 2.52 2.52 2.52 2.52 2.52 2.52 2.52 2.52 2.52 2.52 2.52 2.52 2.52 2.52 2.52 2.52 2.52 
2.88 2.88 2.88 2.88 2.88 2.88 2.88 2.88 2.88 2.88 2.88 2.58 2.58 2.58 2.58 2.58 2.58 2.58 2.58 2.58 2.58 2.58 2.58 2.58 2.58 2.58 2.58 2.58 2.58 2.58 2.58 2.58 2.58 2.58 2.58 2.58 2.58 2.58 2.58 2.58 2.58 2.58 2.58 2.58 2.58 2.58 2.58 2.58 2.58 2.58 2.58 2.58 2.58 2.58 2.58 2.58 2.58 2.58 2.58 2.58 2.58 2.58 2.58 2.58 2.58 2.58 2.58 2.58 2.58 2.58 2.58 2.52 2.52 2.52 2.52 2.52 2.52 2.52 2.52 2.52 2.52 2.52 2.52 2.52 2.52 2.52 2.52 2.52 2.52 2.52 2.52 2.52 2.52 2.52 2.52 2.52 2.52 2.52 2.52 2.52 
2.88 2.88 2.88 2.88 2.88 2.88 2.88 2.88 2.88 2.88 2.88 2.58 2.58 2.58 2.58 2.58 2.58 2.58 2.58 2.58 2.58 2.58 2.58 2.58 2.58 2.58 2.58 2.58 2.58 2.58 2.58 2.58 2.58 2.58 2.58 2.58 2.58 2.58 2.58 2.58 2.58 2.58 2.58 2.58 2.58 2.58 2.58 2.58 2.58 2.58 2.58 2.58 2.58 2.58 2.58 2.58 2.58 2.58 2.58 2.58 2.58 2.58 2.58 2.58 2.58 2.58 2.58 2.58 2.58 2.58 2.58 2.52 2.52 2.52 2.52 2.52 2.52 2.52 2.52 2.52 2.52 2.52 2.52 2.52 2.52 2.52 2.52 2.52 2.52 2.52 2.52 2.52 2.52 2.52 2.52 2.52 2.52 2.52 2.52 2.52 
2.88 2.88 2.88 2.88 2.88 2.88 2.88 2.88 2.88 2.88 2.88 2.58 2.58 2.58 2.58 2.58 2.58 2.58 2.58 2.58 2.58 2.58 2.58 2.58 2.58 2.58 2.58 2.58 2.58 2.58 2.58 2.58 2.58 2.58 2.58 2.58 2.58 2.58 2.58 2.58 2.58 2.58 2.58 2.58 2.58 2.58 2.58 2.58 2.58 2.58 2.58 2.58 2.58 2.58 2.58 2.58 2.58 2.58 2.58 2.58 2.58 2.58 2.58 2.58 2.58 2.58 2.58 2.58 2.58 2.58 2.58 2.52 2.52 2.52 2.52 2.52 2.52 2.52 2.52 2.52 2.52 2.52 2.52 2.52 2.52 2.52 2.52 2.52 2.52 2.52 2.52 2.52 2.52 2.52 2.52 2.52 2.52 2.52 2.52 2.52 
2.88 2.88 2.88 2.88 2.88 2.88 2.88 2.88 2.88 2.88 2.88 2.58 2.58 2.58 2.58 2.58 2.58 2.58 2.58 2.58 2.58 2.58 2.58 2.58 2.58 2.58 2.58 2.58 2.58 2.58 2.58 2.58 2.58 2.58 2.58 2.58 2.58 2.58 2.58 2.58 2.58 2.58 2.58 2.58 2.58 2.58 2.58 2.58 2.58 2.58 2.58 2.58 2.58 2.58 2.58 2.58 2.58 2.58 2.58 2.58 2.58 2.58 2.58 2.58 2.58 2.58 2.58 2.58 2.58 2.58 2.58 2.52 2.52 2.52 2.52 2.52 2.52 2.52 2.52 2.52 2.52 2.52 2.52 2.52 2.52 2.52 2.52 2.52 2.52 2.52 2.52 2.52 2.52 2.52 2.52 2.52 2.52 2.52 2.52 2.52 
2.88 2.88 2.88 2.88 2.88 2.88 2.88 2.88 2.88 2.88 2.88 2.58 2.58 2.58 2.58 2.58 2.58 2.58 2.58 2.58 2.58 2.58 2.58 2.58 2.58 2.58 2.58 2.58 2.58 2.58 2.58 2.58 2.58 2.58 2.58 2.58 2.58 2.58 2.58 2.58 2.58 2.58 2.58 2.58 2.58 2.58 2.58 2.58 2.58 2.58 2.58 2.58 2.58 2.58 2.58 2.58 2.58 2.58 2.58 2.58 2.58 2.58 2.58 2.58 2.58 2.58 2.58 2.58 2.58 2.58 2.58 2.52 2.52 2.52 2.52 2.52 2.52 2.52 2.52 2.52 2.52 2.52 2.52 2.52 2.52 2.52 2.52 2.52 2.52 2.52 2.52 2.52 2.52 2.52 2.52 2.52 2.52 2.52 2.52 2.52 
2.88 2.88 2.88 2.88 2.88 2.88 2.88 2.88 2.88 2.88 2.88 2.58 2.58 2.58 2.58 2.58 2.58 2.58 2.58 2.58 2.58 2.58 2.58 2.58 2.58 2.58 2.58 2.58 2.58 2.58 2.58 2.58 2.58 2.58 2.58 2.58 2.58 2.58 2.58 2.58 2.58 2.58 2.58 2.58 2.58 2.58 2.58 2.58 2.58 2.58 2.58 2.58 2.58 2.58 2.58 2.58 2.58 2.58 2.58 2.58 2.58 2.58 2.58 2.58 2.58 2.58 2.58 2.58 2.58 2.58 2.58 2.52 2.52 2.52 2.52 2.52 2.52 2.52 2.52 2.52 2.52 2.52 2.52 2.52 2.52 2.52 2.52 2.52 2.52 2.52 2.52 2.52 2.52 2.52 2.52 2.52 2.52 2.52 2.52 2.52 
2.88 2.88 2.88 2.88 2.88 2.88 2.88 2.88 2.88 2.88 2.88 2.58 2.58 2.58 2.58 2.58 2.58 2.58 2.58 2.58 2.58 2.58 2.58 2.58 2.58 2.58 2.58 2.58 2.58 2.58 2.58 2.58 2.58 2.58 2.58 2.58 2.58 2.58 2.58 2.58 2.58 2.58 2.58 2.58 2.58 2.58 2.58 2.58 2.58 2.58 2.58 2.58 2.58 2.58 2.58 2.58 2.58 2.58 2.58 2.58 2.58 2.58 2.58 2.58 2.58 2.58 2.58 2.58 2.58 2.58 2.58 2.52 2.52 2.52 2.52 2.52 2.52 2.52 2.52 2.52 2.52 2.52 2.52 2.52 2.52 2.52 2.52 2.52 2.52 2.52 2.52 2.52 2.52 2.52 2.52 2.52 2.52 2.52 2.52 2.52 
2.88 2.88 2.88 2.88 2.88 2.88 2.88 2.88 2.88 2.88 2.88 2.58 2.58 2.58 2.58 2.58 2.58 2.58 2.58 2.58 2.58 2.58 2.58 2.58 2.58 2.58 2.58 2.58 2.58 2.58 2.58 2.58 2.58 2.58 2.58 2.58 2.58 2.58 2.58 2.58 2.58 2.58 2.58 2.58 2.58 2.58 2.58 2.58 2.58 2.58 2.58 2.58 2.58 2.58 2.58 2.58 2.58 2.58 2.58 2.58 2.58 2.58 2.58 2.58 2.58 2.58 2.58 2.58 2.58 2.58 2.58 2.52 2.52 2.52 2.52 2.52 2.52 2.52 2.52 2.52 2.52 2.52 2.52 2.52 2.52 2.52 2.52 2.52 2.52 2.52 2.52 2.52 2.52 2.52 2.52 2.52 2.52 2.52 2.52 2.52 
2.88 2.88 2.88 2.88 2.88 2.88 2.88 2.88 2.88 2.88 2.88 2.58 2.58 2.58 2.58 2.58 2.58 2.58 2.58 2.58 2.58 2.58 2.58 2.58 2.58 2.58 2.58 2.58 2.58 2.58 2.58 2.58 2.58 2.58 2.58 2.58 2.58 2.58 2.58 2.58 2.58 2.58 2.58 2.58 2.58 2.58 2.58 2.58 2.58 2.58 2.58 2.58 2.58 2.58 2.58 2.58 2.58 2.58 2.58 2.58 2.58 2.58 2.58 2.58 2.58 2.58 2.58 2.58 2.58 2.58 2.58 2.52 2.52 2.52 2.52 2.52 2.52 2.52 2.52 2.52 2.52 2.52 2.52 2.52 2.52 2.52 2.52 2.52 2.52 2.52 2.52 2.52 2.52 2.52 2.52 2.52 2.52 2.52 2.52 2.52 
2.88 2.88 2.88 2.88 2.88 2.88 2.88 2.88 2.88 2.88 2.88 2.58 2.58 2.58 2.58 2.58 2.58 2.58 2.58 2.58 2.58 2.58 2.58 2.58 2.58 2.58 2.58 2.58 2.58 2.58 2.58 2.58 2.58 2.58 2.58 2.58 2.58 2.58 2.58 2.58 2.58 2.58 2.58 2.58 2.58 2.58 2.58 2.58 2.58 2.58 2.58 2.58 2.58 2.58 2.58 2.58 2.58 2.58 2.58 2.58 2.58 2.58 2.58 2.58 2.58 2.58 2.58 2.58 2.58 2.58 2.58 2.52 2.52 2.52 2.52 2.52 2.52 2.52 2.52 2.52 2.52 2.52 2.52 2.52 2.52 2.52 2.52 2.52 2.52 2.52 2.52 2.52 2.52 2.52 2.52 2.52 2.52 2.52 2.52 2.52 
2.88 2.88 2.88 2.88 2.88 2.88 2.88 2.88 2.88 2.88 2.88 2.58 2.58 2.58 2.58 2.58 2.58 2.58 2.58 2.58 2.58 2.58 2.58 2.58 2.58 2.58 2.58 2.58 2.58 2.58 2.58 2.58 2.58 2.58 2.58 2.58 2.58 2.58 2.58 2.58 2.58 2.58 2.58 2.58 2.58 2.58 2.58 2.58 2.58 2.58 2.58 2.58 2.58 2.58 2.58 2.58 2.58 2.58 2.58 2.58 2.58 2.58 2.58 2.58 2.58 2.58 2.58 2.58 2.58 2.58 2.58 2.52 2.52 2.52 2.52 2.52 2.52 2.52 2.52 2.52 2.52 2.52 2.52 2.52 2.52 2.52 2.52 2.52 2.52 2.52 2.52 2.52 2.52 2.52 2.52 2.52 2.52 2.52 2.52 2.52 
2.88 2.88 2.88 2.88 2.88 2.88 2.88 2.88 2.88 2.88 2.88 2.58 2.58 2.58 2.58 2.58 2.58 2.58 2.58 2.58 2.58 2.58 2.58 2.58 2.58 2.58 2.58 2.58 2.58 2.58 2.58 2.58 2.58 2.58 2.58 2.58 2.58 2.58 2.58 2.58 2.58 2.58 2.58 2.58 2.58 2.58 2.58 2.58 2.58 2.58 2.58 2.58 2.58 2.58 2.58 2.58 2.58 2.58 2.58 2.58 2.58 2.58 2.58 2.58 2.58 2.58 2.58 2.58 2.58 2.58 2.58 2.52 2.52 2.52 2.52 2.52 2.52 2.52 2.52 2.52 2.52 2.52 2.52 2.52 2.52 2.52 2.52 2.52 2.52 2.52 2.52 2.52 2.52 2.52 2.52 2.52 2.52 2.52 2.52 2.52 
2.88 2.88 2.88 2.88 2.88 2.88 2.88 2.88 2.88 2.88 2.88 2.58 2.58 2.58 2.58 2.58 2.58 2.58 2.58 2.58 2.58 2.58 2.58 2.58 2.58 2.58 2.58 2.58 2.58 2.58 2.58 2.58 2.58 2.58 2.58 2.58 2.58 2.58 2.58 2.58 2.58 2.58 2.58 2.58 2.58 2.58 2.58 2.58 2.58 2.58 2.58 2.58 2.58 2.58 2.58 2.58 2.58 2.58 2.58 2.58 2.58 2.58 2.58 2.58 2.58 2.58 2.58 2.58 2.58 2.58 2.58 2.52 2.52 2.52 2.52 2.52 2.52 2.52 2.52 2.52 2.52 2.52 2.52 2.52 2.52 2.52 2.52 2.52 2.52 2.52 2.52 2.52 2.52 2.52 2.52 2.52 2.52 2.52 2.52 2.52 
2.88 2.88 2.88 2.88 2.88 2.88 2.88 2.88 2.88 2.88 2.88 2.58 2.58 2.58 2.58 2.58 2.58 2.58 2.58 2.58 2.58 2.58 2.58 2.58 2.58 2.58 2.58 2.58 2.58 2.58 2.58 2.58 2.58 2.58 2.58 2.58 2.58 2.58 2.58 2.58 2.58 2.58 2.58 2.58 2.58 2.58 2.58 2.58 2.58 2.58 2.58 2.58 2.58 2.58 2.58 2.58 2.58 2.58 2.58 2.58 2.58 2.58 2.58 2.58 2.58 2.58 2.58 2.58 2.58 2.58 2.58 2.52 2.52 2.52 2.52 2.52 2.52 2.52 2.52 2.52 2.52 2.52 2.52 2.52 2.52 2.52 2.52 2.52 2.52 2.52 2.52 2.52 2.52 2.52 2.52 2.52 2.52 2.52 2.52 2.52 
2.88 2.88 2.88 2.88 2.88 2.88 2.88 2.88 2.88 2.88 2.88 2.58 2.58 2.58 2.58 2.58 2.58 2.58 2.58 2.58 2.58 2.58 2.58 2.58 2.58 2.58 2.58 2.58 2.58 2.58 2.58 2.58 2.58 2.58 2.58 2.58 2.58 2.58 2.58 2.58 2.58 2.58 2.58 2.58 2.58 2.58 2.58 2.58 2.58 2.58 2.58 2.58 2.58 2.58 2.58 2.58 2.58 2.58 2.58 2.58 2.58 2.58 2.58 2.58 2.58 2.58 2.58 2.58 2.58 2.58 2.58 2.52 2.52 2.52 2.52 2.52 2.52 2.52 2.52 2.52 2.52 2.52 2.52 2.52 2.52 2.52 2.52 2.52 2.52 2.52 2.52 2.52 2.52 2.52 2.52 2.52 2.52 2.52 2.52 2.52 
2.88 2.88 2.88 2.88 2.88 2.88 2.88 2.88 2.88 2.88 2.88 2.58 2.58 2.58 2.58 2.58 2.58 2.58 2.58 2.58 2.58 2.58 2.58 2.58 2.58 2.58 2.58 2.58 2.58 2.58 2.58 2.58 2.58 2.58 2.58 2.58 2.58 2.58 2.58 2.58 2.58 2.58 2.58 2.58 2.58 2.58 2.58 2.58 2.58 2.58 2.58 2.58 2.58 2.58 2.58 2.58 2.58 2.58 2.58 2.58 2.58 2.58 2.58 2.58 2.58 2.58 2.58 2.58 2.58 2.58 2.58 2.52 2.52 2.52 2.52 2.52 2.52 2.52 2.52 2.52 2.52 2.52 2.52 2.52 2.52 2.52 2.52 2.52 2.52 2.52 2.52 2.52 2.52 2.52 2.52 2.52 2.52 2.52 2.52 2.52 
2.88 2.88 2.88 2.88 2.88 2.88 2.88 2.88 2.88 2.88 2.88 2.58 2.58 2.58 2.58 2.58 2.58 2.58 2.58 2.58 2.58 2.58 2.58 2.58 2.58 2.58 2.58 2.58 2.58 2.58 2.58 2.58 2.58 2.58 2.58 2.58 2.58 2.58 2.58 2.58 2.58 2.58 2.58 2.58 2.58 2.58 2.58 2.58 2.58 2.58 2.58 2.58 2.58 2.58 2.58 2.58 2.58 2.58 2.58 2.58 2.58 2.58 2.58 2.58 2.58 2.58 2.58 2.58 2.58 2.58 2.58 2.52 2.52 2.52 2.52 2.52 2.52 2.52 2.52 2.52 2.52 2.52 2.52 2.52 2.52 2.52 2.52 2.52 2.52 2.52 2.52 2.52 2.52 2.52 2.52 2.52 2.52 2.52 2.52 2.52 
2.88 2.88 2.88 2.88 2.88 2.88 2.88 2.88 2.88 2.88 2.88 2.58 2.58 2.58 2.58 2.58 2.58 2.58 2.58 2.58 2.58 2.58 2.58 2.58 2.58 2.58 2.58 2.58 2.58 2.58 2.58 2.58 2.58 2.58 2.58 2.58 2.58 2.58 2.58 2.58 2.58 2.58 2.58 2.58 2.58 2.58 2.58 2.58 2.58 2.58 2.58 2.58 2.58 2.58 2.58 2.58 2.58 2.58 2.58 2.58 2.58 2.58 2.58 2.58 2.58 2.58 2.58 2.58 2.58 2.58 2.58 2.52 2.52 2.52 2.52 2.52 2.52 2.52 2.52 2.52 2.52 2.52 2.52 2.52 2.52 2.52 2.52 2.52 2.52 2.52 2.52 2.52 2.52 2.52 2.52 2.52 2.52 2.52 2.52 2.52 
2.88 2.88 2.88 2.88 2.88 2.88 2.88 2.88 2.88 2.88 2.88 2.58 2.58 2.58 2.58 2.58 2.58 2.58 2.58 2.58 2.58 2.58 2.58 2.58 2.58 2.58 2.58 2.58 2.58 2.58 2.58 2.58 2.58 2.58 2.58 2.58 2.58 2.58 2.58 2.58 2.58 2.58 2.58 2.58 2.58 2.58 2.58 2.58 2.58 2.58 2.58 2.58 2.58 2.58 2.58 2.58 2.58 2.58 2.58 2.58 2.58 2.58 2.58 2.58 2.58 2.58 2.58 2.58 2.58 2.58 2.58 2.52 2.52 2.52 2.52 2.52 2.52 2.52 2.52 2.52 2.52 2.52 2.52 2.52 2.52 2.52 2.52 2.52 2.52 2.52 2.52 2.52 2.52 2.52 2.52 2.52 2.52 2.52 2.52 2.52 
2.88 2.88 2.88 2.88 2.88 2.88 2.88 2.88 2.88 2.88 2.88 2.58 2.58 2.58 2.58 2.58 2.58 2.58 2.58 2.58 2.58 2.58 2.58 2.58 2.58 2.58 2.58 2.58 2.58 2.58 2.58 2.58 2.58 2.58 2.58 2.58 2.58 2.58 2.58 2.58 2.58 2.58 2.58 2.58 2.58 2.58 2.58 2.58 2.58 2.58 2.58 2.58 2.58 2.58 2.58 2.58 2.58 2.58 2.58 2.58 2.58 2.58 2.58 2.58 2.58 2.58 2.58 2.58 2.58 2.58 2.58 2.52 2.52 2.52 2.52 2.52 2.52 2.52 2.52 2.52 2.52 2.52 2.52 2.52 2.52 2.52 2.52 2.52 2.52 2.52 2.52 2.52 2.52 2.52 2.52 2.52 2.52 2.52 2.52 2.52 
2.88 2.88 2.88 2.88 2.88 2.88 2.88 2.88 2.88 2.88 2.88 2.58 2.58 2.58 2.58 2.58 2.58 2.58 2.58 2.58 2.58 2.58 2.58 2.58 2.58 2.58 2.58 2.58 2.58 2.58 2.58 2.58 2.58 2.58 2.58 2.58 2.58 2.58 2.58 2.58 2.58 2.58 2.58 2.58 2.58 2.58 2.58 2.58 2.58 2.58 2.58 2.58 2.58 2.58 2.58 2.58 2.58 2.58 2.58 2.58 2.58 2.58 2.58 2.58 2.58 2.58 2.58 2.58 2.58 2.58 2.58 2.52 2.52 2.52 2.52 2.52 2.52 2.52 2.52 2.52 2.52 2.52 2.52 2.52 2.52 2.52 2.52 2.52 2.52 2.52 2.52 2.52 2.52 2.52 2.52 2.52 2.52 2.52 2.52 2.52 
2.88 2.88 2.88 2.88 2.88 2.88 2.88 2.88 2.88 2.88 2.88 2.58 2.58 2.58 2.58 2.58 2.58 2.58 2.58 2.58 2.58 2.58 2.58 2.58 2.58 2.58 2.58 2.58 2.58 2.58 2.58 2.58 2.58 2.58 2.58 2.58 2.58 2.58 2.58 2.58 2.58 2.58 2.58 2.58 2.58 2.58 2.58 2.58 2.58 2.58 2.58 2.58 2.58 2.58 2.58 2.58 2.58 2.58 2.58 2.58 2.58 2.58 2.58 2.58 2.58 2.58 2.58 2.58 2.58 2.58 2.58 2.52 2.52 2.52 2.52 2.52 2.52 2.52 2.52 2.52 2.52 2.52 2.52 2.52 2.52 2.52 2.52 2.52 2.52 2.52 2.52 2.52 2.52 2.52 2.52 2.52 2.52 2.52 2.52 2.52 
2.88 2.88 2.88 2.88 2.88 2.88 2.88 2.88 2.88 2.88 2.88 2.58 2.58 2.58 2.58 2.58 2.58 2.58 2.58 2.58 2.58 2.58 2.58 2.58 2.58 2.58 2.58 2.58 2.58 2.58 2.58 2.58 2.58 2.58 2.58 2.58 2.58 2.58 2.58 2.58 2.58 2.58 2.58 2.58 2.58 2.58 2.58 2.58 2.58 2.58 2.58 2.58 2.58 2.58 2.58 2.58 2.58 2.58 2.58 2.58 2.58 2.58 2.58 2.58 2.58 2.58 2.58 2.58 2.58 2.58 2.58 2.52 2.52 2.52 2.52 2.52 2.52 2.52 2.52 2.52 2.52 2.52 2.52 2.52 2.52 2.52 2.52 2.52 2.52 2.52 2.52 2.52 2.52 2.52 2.52 2.52 2.52 2.52 2.52 2.52 
2.88 2.88 2.88 2.88 2.88 2.88 2.88 2.88 2.88 2.88 2.88 2.58 2.58 2.58 2.58 2.58 2.58 2.58 2.58 2.58 2.58 2.58 2.58 2.58 2.58 2.58 2.58 2.58 2.58 2.58 2.58 2.58 2.58 2.58 2.58 2.58 2.58 2.58 2.58 2.58 2.58 2.58 2.58 2.58 2.58 2.58 2.58 2.58 2.58 2.58 2.58 2.58 2.58 2.58 2.58 2.58 2.58 2.58 2.58 2.58 2.58 2.58 2.58 2.58 2.58 2.58 2.58 2.58 2.58 2.58 2.58 2.52 2.52 2.52 2.52 2.52 2.52 2.52 2.52 2.52 2.52 2.52 2.52 2.52 2.52 2.52 2.52 2.52 2.52 2.52 2.52 2.52 2.52 2.52 2.52 2.52 2.52 2.52 2.52 2.52 
2.88 2.88 2.88 2.88 2.88 2.88 2.88 2.88 2.88 2.88 2.88 2.58 2.58 2.58 2.58 2.58 2.58 2.58 2.58 2.58 2.58 2.58 2.58 2.58 2.58 2.58 2.58 2.58 2.58 2.58 2.58 2.58 2.58 2.58 2.58 2.58 2.58 2.58 2.58 2.58 2.58 2.58 2.58 2.58 2.58 2.58 2.58 2.58 2.58 2.58 2.58 2.58 2.58 2.58 2.58 2.58 2.58 2.58 2.58 2.58 2.58 2.58 2.58 2.58 2.58 2.58 2.58 2.58 2.58 2.58 2.58 2.52 2.52 2.52 2.52 2.52 2.52 2.52 2.52 2.52 2.52 2.52 2.52 2.52 2.52 2.52 2.52 2.52 2.52 2.52 2.52 2.52 2.52 2.52 2.52 2.52 2.52 2.52 2.52 2.52 
2.88 2.88 2.88 2.88 2.88 2.88 2.88 2.88 2.88 2.88 2.88 2.58 2.58 2.58 2.58 2.58 2.58 2.58 2.58 2.58 2.58 2.58 2.58 2.58 2.58 2.58 2.58 2.58 2.58 2.58 2.58 2.58 2.58 2.58 2.58 2.58 2.58 2.58 2.58 2.58 2.58 2.58 2.58 2.58 2.58 2.58 2.58 2.58 2.58 2.58 2.58 2.58 2.58 2.58 2.58 2.58 2.58 2.58 2.58 2.58 2.58 2.58 2.58 2.58 2.58 2.58 2.58 2.58 2.58 2.58 2.58 2.52 2.52 2.52 2.52 2.52 2.52 2.52 2.52 2.52 2.52 2.52 2.52 2.52 2.52 2.52 2.52 2.52 2.52 2.52 2.52 2.52 2.52 2.52 2.52 2.52 2.52 2.52 2.52 2.52 
2.88 2.88 2.88 2.88 2.88 2.88 2.88 2.88 2.88 2.88 2.88 2.58 2.58 2.58 2.58 2.58 2.58 2.58 2.58 2.58 2.58 2.58 2.58 2.58 2.58 2.58 2.58 2.58 2.58 2.58 2.58 2.58 2.58 2.58 2.58 2.58 2.58 2.58 2.58 2.58 2.58 2.58 2.58 2.58 2.58 2.58 2.58 2.58 2.58 2.58 2.58 2.58 2.58 2.58 2.58 2.58 2.58 2.58 2.58 2.58 2.58 2.58 2.58 2.58 2.58 2.58 2.58 2.58 2.58 2.58 2.58 2.52 2.52 2.52 2.52 2.52 2.52 2.52 2.52 2.52 2.52 2.52 2.52 2.52 2.52 2.52 2.52 2.52 2.52 2.52 2.52 2.52 2.52 2.52 2.52 2.52 2.52 2.52 2.52 2.52 
2.88 2.88 2.88 2.88 2.88 2.88 2.88 2.88 2.88 2.88 2.88 2.58 2.58 2.58 2.58 2.58 2.58 2.58 2.58 2.58 2.58 2.58 2.58 2.58 2.58 2.58 2.58 2.58 2.58 2.58 2.58 2.58 2.58 2.58 2.58 2.58 2.58 2.58 2.58 2.58 2.58 2.58 2.58 2.58 2.58 2.58 2.58 2.58 2.58 2.58 2.58 2.58 2.58 2.58 2.58 2.58 2.58 2.58 2.58 2.58 2.58 2.58 2.58 2.58 2.58 2.58 2.58 2.58 2.58 2.58 2.58 2.52 2.52 2.52 2.52 2.52 2.52 2.52 2.52 2.52 2.52 2.52 2.52 2.52 2.52 2.52 2.52 2.52 2.52 2.52 2.52 2.52 2.52 2.52 2.52 2.52 2.52 2.52 2.52 2.52 
2.88 2.88 2.88 2.88 2.88 2.88 2.88 2.88 2.88 2.88 2.88 2.58 2.58 2.58 2.58 2.58 2.58 2.58 2.58 2.58 2.58 2.58 2.58 2.58 2.58 2.58 2.58 2.58 2.58 2.58 2.58 2.58 2.58 2.58 2.58 2.58 2.58 2.58 2.58 2.58 2.58 2.58 2.58 2.58 2.58 2.58 2.58 2.58 2.58 2.58 2.58 2.58 2.58 2.58 2.58 2.58 2.58 2.58 2.58 2.58 2.58 2.58 2.58 2.58 2.58 2.58 2.58 2.58 2.58 2.58 2.58 2.52 2.52 2.52 2.52 2.52 2.52 2.52 2.52 2.52 2.52 2.52 2.52 2.52 2.52 2.52 2.52 2.52 2.52 2.52 2.52 2.52 2.52 2.52 2.52 2.52 2.52 2.52 2.52 2.52 
2.88 2.88 2.88 2.88 2.88 2.88 2.88 2.88 2.88 2.88 2.88 2.58 2.58 2.58 2.58 2.58 2.58 2.58 2.58 2.58 2.58 2.58 2.58 2.58 2.58 2.58 2.58 2.58 2.58 2.58 2.58 2.58 2.58 2.58 2.58 2.58 2.58 2.58 2.58 2.58 2.58 2.58 2.58 2.58 2.58 2.58 2.58 2.58 2.58 2.58 2.58 2.58 2.58 2.58 2.58 2.58 2.58 2.58 2.58 2.58 2.58 2.58 2.58 2.58 2.58 2.58 2.58 2.58 2.58 2.58 2.58 2.52 2.52 2.52 2.52 2.52 2.52 2.52 2.52 2.52 2.52 2.52 2.52 2.52 2.52 2.52 2.52 2.52 2.52 2.52 2.52 2.52 2.52 2.52 2.52 2.52 2.52 2.52 2.52 2.52 
2.88 2.88 2.88 2.88 2.88 2.88 2.88 2.88 2.88 2.88 2.88 2.58 2.58 2.58 2.58 2.58 2.58 2.58 2.58 2.58 2.58 2.58 2.58 2.58 2.58 2.58 2.58 2.58 2.58 2.58 2.58 2.58 2.58 2.58 2.58 2.58 2.58 2.58 2.58 2.58 2.58 2.58 2.58 2.58 2.58 2.58 2.58 2.58 2.58 2.58 2.58 2.58 2.58 2.58 2.58 2.58 2.58 2.58 2.58 2.58 2.58 2.58 2.58 2.58 2.58 2.58 2.58 2.58 2.58 2.58 2.58 2.52 2.52 2.52 2.52 2.52 2.52 2.52 2.52 2.52 2.52 2.52 2.52 2.52 2.52 2.52 2.52 2.52 2.52 2.52 2.52 2.52 2.52 2.52 2.52 2.52 2.52 2.52 2.52 2.52 
2.88 2.88 2.88 2.88 2.88 2.88 2.88 2.88 2.88 2.88 2.88 2.58 2.58 2.58 2.58 2.58 2.58 2.58 2.58 2.58 2.58 2.58 2.58 2.58 2.58 2.58 2.58 2.58 2.58 2.58 2.58 2.58 2.58 2.58 2.58 2.58 2.58 2.58 2.58 2.58 2.58 2.58 2.58 2.58 2.58 2.58 2.58 2.58 2.58 2.58 2.58 2.58 2.58 2.58 2.58 2.58 2.58 2.58 2.58 2.58 2.58 2.58 2.58 2.58 2.58 2.58 2.58 2.58 2.58 2.58 2.58 2.52 2.52 2.52 2.52 2.52 2.52 2.52 2.52 2.52 2.52 2.52 2.52 2.52 2.52 2.52 2.52 2.52 2.52 2.52 2.52 2.52 2.52 2.52 2.52 2.52 2.52 2.52 2.52 2.52 
2.88 2.88 2.88 2.88 2.88 2.88 2.88 2.88 2.88 2.88 2.88 2.58 2.58 2.58 2.58 2.58 2.58 2.58 2.58 2.58 2.58 2.58 2.58 2.58 2.58 2.58 2.58 2.58 2.58 2.58 2.58 2.58 2.58 2.58 2.58 2.58 2.58 2.58 2.58 2.58 2.58 2.58 2.58 2.58 2.58 2.58 2.58 2.58 2.58 2.58 2.58 2.58 2.58 2.58 2.58 2.58 2.58 2.58 2.58 2.58 2.58 2.58 2.58 2.58 2.58 2.58 2.58 2.58 2.58 2.58 2.58 2.52 2.52 2.52 2.52 2.52 2.52 2.52 2.52 2.52 2.52 2.52 2.52 2.52 2.52 2.52 2.52 2.52 2.52 2.52 2.52 2.52 2.52 2.52 2.52 2.52 2.52 2.52 2.52 2.52 
2.88 2.88 2.88 2.88 2.88 2.88 2.88 2.88 2.88 2.88 2.88 2.58 2.58 2.58 2.58 2.58 2.58 2.58 2.58 2.58 2.58 2.58 2.58 2.58 2.58 2.58 2.58 2.58 2.58 2.58 2.58 2.58 2.58 2.58 2.58 2.58 2.58 2.58 2.58 2.58 2.58 2.58 2.58 2.58 2.58 2.58 2.58 2.58 2.58 2.58 2.58 2.58 2.58 2.58 2.58 2.58 2.58 2.58 2.58 2.58 2.58 2.58 2.58 2.58 2.58 2.58 2.58 2.58 2.58 2.58 2.58 2.52 2.52 2.52 2.52 2.52 2.52 2.52 2.52 2.52 2.52 2.52 2.52 2.52 2.52 2.52 2.52 2.52 2.52 2.52 2.52 2.52 2.52 2.52 2.52 2.52 2.52 2.52 2.52 2.52 
2.88 2.88 2.88 2.88 2.88 2.88 2.88 2.88 2.88 2.88 2.88 2.58 2.58 2.58 2.58 2.58 2.58 2.58 2.58 2.58 2.58 2.58 2.58 2.58 2.58 2.58 2.58 2.58 2.58 2.58 2.58 2.58 2.58 2.58 2.58 2.58 2.58 2.58 2.58 2.58 2.58 2.58 2.58 2.58 2.58 2.58 2.58 2.58 2.58 2.58 2.58 2.58 2.58 2.58 2.58 2.58 2.58 2.58 2.58 2.58 2.58 2.58 2.58 2.58 2.58 2.58 2.58 2.58 2.58 2.58 2.58 2.52 2.52 2.52 2.52 2.52 2.52 2.52 2.52 2.52 2.52 2.52 2.52 2.52 2.52 2.52 2.52 2.52 2.52 2.52 2.52 2.52 2.52 2.52 2.52 2.52 2.52 2.52 2.52 2.52 
2.88 2.88 2.88 2.88 2.88 2.88 2.88 2.88 2.88 2.88 2.88 2.58 2.58 2.58 2.58 2.58 2.58 2.58 2.58 2.58 2.58 2.58 2.58 2.58 2.58 2.58 2.58 2.58 2.58 2.58 2.58 2.58 2.58 2.58 2.58 2.58 2.58 2.58 2.58 2.58 2.58 2.58 2.58 2.58 2.58 2.58 2.58 2.58 2.58 2.58 2.58 2.58 2.58 2.58 2.58 2.58 2.58 2.58 2.58 2.58 2.58 2.58 2.58 2.58 2.58 2.58 2.58 2.58 2.58 2.58 2.58 2.52 2.52 2.52 2.52 2.52 2.52 2.52 2.52 2.52 2.52 2.52 2.52 2.52 2.52 2.52 2.52 2.52 2.52 2.52 2.52 2.52 2.52 2.52 2.52 2.52 2.52 2.52 2.52 2.52 
2.88 2.88 2.88 2.88 2.88 2.88 2.88 2.88 2.88 2.88 2.88 2.58 2.58 2.58 2.58 2.58 2.58 2.58 2.58 2.58 2.58 2.58 2.58 2.58 2.58 2.58 2.58 2.58 2.58 2.58 2.58 2.58 2.58 2.58 2.58 2.58 2.58 2.58 2.58 2.58 2.58 2.58 2.58 2.58 2.58 2.58 2.58 2.58 2.58 2.58 2.58 2.58 2.58 2.58 2.58 2.58 2.58 2.58 2.58 2.58 2.58 2.58 2.58 2.58 2.58 2.58 2.58 2.58 2.58 2.58 2.58 2.52 2.52 2.52 2.52 2.52 2.52 2.52 2.52 2.52 2.52 2.52 2.52 2.52 2.52 2.52 2.52 2.52 2.52 2.52 2.52 2.52 2.52 2.52 2.52 2.52 2.52 2.52 2.52 2.52 
2.88 2.88 2.88 2.88 2.88 2.88 2.88 2.88 2.88 2.88 2.88 2.58 2.58 2.58 2.58 2.58 2.58 2.58 2.58 2.58 2.58 2.58 2.58 2.58 2.58 2.58 2.58 2.58 2.58 2.58 2.58 2.58 2.58 2.58 2.58 2.58 2.58 2.58 2.58 2.58 2.58 2.58 2.58 2.58 2.58 2.58 2.58 2.58 2.58 2.58 2.58 2.58 2.58 2.58 2.58 2.58 2.58 2.58 2.58 2.58 2.58 2.58 2.58 2.58 2.58 2.58 2.58 2.58 2.58 2.58 2.58 2.52 2.52 2.52 2.52 2.52 2.52 2.52 2.52 2.52 2.52 2.52 2.52 2.52 2.52 2.52 2.52 2.52 2.52 2.52 2.52 2.52 2.52 2.52 2.52 2.52 2.52 2.52 2.52 2.52 
2.88 2.88 2.88 2.88 2.88 2.88 2.88 2.88 2.88 2.88 2.88 2.58 2.58 2.58 2.58 2.58 2.58 2.58 2.58 2.58 2.58 2.58 2.58 2.58 2.58 2.58 2.58 2.58 2.58 2.58 2.58 2.58 2.58 2.58 2.58 2.58 2.58 2.58 2.58 2.58 2.58 2.58 2.58 2.58 2.58 2.58 2.58 2.58 2.58 2.58 2.58 2.58 2.58 2.58 2.58 2.58 2.58 2.58 2.58 2.58 2.58 2.58 2.58 2.58 2.58 2.58 2.58 2.58 2.58 2.58 2.58 2.52 2.52 2.52 2.52 2.52 2.52 2.52 2.52 2.52 2.52 2.52 2.52 2.52 2.52 2.52 2.52 2.52 2.52 2.52 2.52 2.52 2.52 2.52 2.52 2.52 2.52 2.52 2.52 2.52 
2.88 2.88 2.88 2.88 2.88 2.88 2.88 2.88 2.88 2.88 2.88 2.58 2.58 2.58 2.58 2.58 2.58 2.58 2.58 2.58 2.58 2.58 2.58 2.58 2.58 2.58 2.58 2.58 2.58 2.58 2.58 2.58 2.58 2.58 2.58 2.58 2.58 2.58 2.58 2.58 2.58 2.58 2.58 2.58 2.58 2.58 2.58 2.58 2.58 2.58 2.58 2.58 2.58 2.58 2.58 2.58 2.58 2.58 2.58 2.58 2.58 2.58 2.58 2.58 2.58 2.58 2.58 2.58 2.58 2.58 2.58 2.52 2.52 2.52 2.52 2.52 2.52 2.52 2.52 2.52 2.52 2.52 2.52 2.52 2.52 2.52 2.52 2.52 2.52 2.52 2.52 2.52 2.52 2.52 2.52 2.52 2.52 2.52 2.52 2.52 
2.88 2.88 2.88 2.88 2.88 2.88 2.88 2.88 2.88 2.88 2.88 2.58 2.58 2.58 2.58 2.58 2.58 2.58 2.58 2.58 2.58 2.58 2.58 2.58 2.58 2.58 2.58 2.58 2.58 2.58 2.58 2.58 2.58 2.58 2.58 2.58 2.58 2.58 2.58 2.58 2.58 2.58 2.58 2.58 2.58 2.58 2.58 2.58 2.58 2.58 2.58 2.58 2.58 2.58 2.58 2.58 2.58 2.58 2.58 2.58 2.58 2.58 2.58 2.58 2.58 2.58 2.58 2.58 2.58 2.58 2.58 2.52 2.52 2.52 2.52 2.52 2.52 2.52 2.52 2.52 2.52 2.52 2.52 2.52 2.52 2.52 2.52 2.52 2.52 2.52 2.52 2.52 2.52 2.52 2.52 2.52 2.52 2.52 2.52 2.52 
2.88 2.88 2.88 2.88 2.88 2.88 2.88 2.88 2.88 2.88 2.88 2.58 2.58 2.58 2.58 2.58 2.58 2.58 2.58 2.58 2.58 2.58 2.58 2.58 2.58 2.58 2.58 2.58 2.58 2.58 2.58 2.58 2.58 2.58 2.58 2.58 2.58 2.58 2.58 2.58 2.58 2.58 2.58 2.58 2.58 2.58 2.58 2.58 2.58 2.58 2.58 2.58 2.58 2.58 2.58 2.58 2.58 2.58 2.58 2.58 2.58 2.58 2.58 2.58 2.58 2.58 2.58 2.58 2.58 2.58 2.58 2.52 2.52 2.52 2.52 2.52 2.52 2.52 2.52 2.52 2.52 2.52 2.52 2.52 2.52 2.52 2.52 2.52 2.52 2.52 2.52 2.52 2.52 2.52 2.52 2.52 2.52 2.52 2.52 2.52 
2.88 2.88 2.88 2.88 2.88 2.88 2.88 2.88 2.88 2.88 2.88 2.58 2.58 2.58 2.58 2.58 2.58 2.58 2.58 2.58 2.58 2.58 2.58 2.58 2.58 2.58 2.58 2.58 2.58 2.58 2.58 2.58 2.58 2.58 2.58 2.58 2.58 2.58 2.58 2.58 2.58 2.58 2.58 2.58 2.58 2.58 2.58 2.58 2.58 2.58 2.58 2.58 2.58 2.58 2.58 2.58 2.58 2.58 2.58 2.58 2.58 2.58 2.58 2.58 2.58 2.58 2.58 2.58 2.58 2.58 2.58 2.52 2.52 2.52 2.52 2.52 2.52 2.52 2.52 2.52 2.52 2.52 2.52 2.52 2.52 2.52 2.52 2.52 2.52 2.52 2.52 2.52 2.52 2.52 2.52 2.52 2.52 2.52 2.52 2.52 
2.88 2.88 2.88 2.88 2.88 2.88 2.88 2.88 2.88 2.88 2.88 2.58 2.58 2.58 2.58 2.58 2.58 2.58 2.58 2.58 2.58 2.58 2.58 2.58 2.58 2.58 2.58 2.58 2.58 2.58 2.58 2.58 2.58 2.58 2.58 2.58 2.58 2.58 2.58 2.58 2.58 2.58 2.58 2.58 2.58 2.58 2.58 2.58 2.58 2.58 2.58 2.58 2.58 2.58 2.58 2.58 2.58 2.58 2.58 2.58 2.58 2.58 2.58 2.58 2.58 2.58 2.58 2.58 2.58 2.58 2.58 2.52 2.52 2.52 2.52 2.52 2.52 2.52 2.52 2.52 2.52 2.52 2.52 2.52 2.52 2.52 2.52 2.52 2.52 2.52 2.52 2.52 2.52 2.52 2.52 2.52 2.52 2.52 2.52 2.52 
2.88 2.88 2.88 2.88 2.88 2.88 2.88 2.88 2.88 2.88 2.88 2.58 2.58 2.58 2.58 2.58 2.58 2.58 2.58 2.58 2.58 2.58 2.58 2.58 2.58 2.58 2.58 2.58 2.58 2.58 2.58 2.58 2.58 2.58 2.58 2.58 2.58 2.58 2.58 2.58 2.58 2.58 2.58 2.58 2.58 2.58 2.58 2.58 2.58 2.58 2.58 2.58 2.58 2.58 2.58 2.58 2.58 2.58 2.58 2.58 2.58 2.58 2.58 2.58 2.58 2.58 2.58 2.58 2.58 2.58 2.58 2.52 2.52 2.52 2.52 2.52 2.52 2.52 2.52 2.52 2.52 2.52 2.52 2.52 2.52 2.52 2.52 2.52 2.52 2.52 2.52 2.52 2.52 2.52 2.52 2.52 2.52 2.52 2.52 2.52 
2.88 2.88 2.88 2.88 2.88 2.88 2.88 2.88 2.88 2.88 2.88 2.58 2.58 2.58 2.58 2.58 2.58 2.58 2.58 2.58 2.58 2.58 2.58 2.58 2.58 2.58 2.58 2.58 2.58 2.58 2.58 2.58 2.58 2.58 2.58 2.58 2.58 2.58 2.58 2.58 2.58 2.58 2.58 2.58 2.58 2.58 2.58 2.58 2.58 2.58 2.58 2.58 2.58 2.58 2.58 2.58 2.58 2.58 2.58 2.58 2.58 2.58 2.58 2.58 2.58 2.58 2.58 2.58 2.58 2.58 2.58 2.52 2.52 2.52 2.52 2.52 2.52 2.52 2.52 2.52 2.52 2.52 2.52 2.52 2.52 2.52 2.52 2.52 2.52 2.52 2.52 2.52 2.52 2.52 2.52 2.52 2.52 2.52 2.52 2.52 
2.88 2.88 2.88 2.88 2.88 2.88 2.88 2.88 2.88 2.88 2.88 2.58 2.58 2.58 2.58 2.58 2.58 2.58 2.58 2.58 2.58 2.58 2.58 2.58 2.58 2.58 2.58 2.58 2.58 2.58 2.58 2.58 2.58 2.58 2.58 2.58 2.58 2.58 2.58 2.58 2.58 2.58 2.58 2.58 2.58 2.58 2.58 2.58 2.58 2.58 2.58 2.58 2.58 2.58 2.58 2.58 2.58 2.58 2.58 2.58 2.58 2.58 2.58 2.58 2.58 2.58 2.58 2.58 2.58 2.58 2.58 2.52 2.52 2.52 2.52 2.52 2.52 2.52 2.52 2.52 2.52 2.52 2.52 2.52 2.52 2.52 2.52 2.52 2.52 2.52 2.52 2.52 2.52 2.52 2.52 2.52 2.52 2.52 2.52 2.52 
2.88 2.88 2.88 2.88 2.88 2.88 2.88 2.88 2.88 2.88 2.88 2.58 2.58 2.58 2.58 2.58 2.58 2.58 2.58 2.58 2.58 2.58 2.58 2.58 2.58 2.58 2.58 2.58 2.58 2.58 2.58 2.58 2.58 2.58 2.58 2.58 2.58 2.58 2.58 2.58 2.58 2.58 2.58 2.58 2.58 2.58 2.58 2.58 2.58 2.58 2.58 2.58 2.58 2.58 2.58 2.58 2.58 2.58 2.58 2.58 2.58 2.58 2.58 2.58 2.58 2.58 2.58 2.58 2.58 2.58 2.58 2.52 2.52 2.52 2.52 2.52 2.52 2.52 2.52 2.52 2.52 2.52 2.52 2.52 2.52 2.52 2.52 2.52 2.52 2.52 2.52 2.52 2.52 2.52 2.52 2.52 2.52 2.52 2.52 2.52 
6.1 6.1 6.1 6.1 6.1 6.1 6.1 6.1 6.1 6.1 6.1 5.98 5.98 5.98 5.98 5.98 5.98 5.98 5.98 5.98 5.98 5.98 5.98 5.98 5.98 5.98 5.98 5.98 5.98 5.98 5.98 5.98 5.98 5.98 5.98 5.98 5.98 5.98 5.98 5.98 5.98 5.98 5.98 5.98 5.98 5.98 5.98 5.98 5.98 5.98 5.98 5.98 5.98 5.98 5.98 5.98 5.98 5.98 5.98 5.98 5.98 5.98 5.98 5.98 5.98 5.98 5.98 5.98 5.98 5.98 5.98 5.24 5.24 5.24 5.24 5.24 5.24 5.24 5.24 5.24 5.24 5.24 5.24 5.24 5.24 5.24 5.24 5.24 5.24 5.24 5.24 5.24 5.24 5.24 5.24 5.24 5.24 5.24 5.24 5.24 
6.1 6.1 6.1 6.1 6.1 6.1 6.1 6.1 6.1 6.1 6.1 5.98 5.98 5.98 5.98 5.98 5.98 5.98 5.98 5.98 5.98 5.98 5.98 5.98 5.98 5.98 5.98 5.98 5.98 5.98 5.98 5.98 5.98 5.98 5.98 5.98 5.98 5.98 5.98 5.98 5.98 5.98 5.98 5.98 5.98 5.98 5.98 5.98 5.98 5.98 5.98 5.98 5.98 5.98 5.98 5.98 5.98 5.98 5.98 5.98 5.98 5.98 5.98 5.98 5.98 5.98 5.98 5.98 5.98 5.98 5.98 5.24 5.24 5.24 5.24 5.24 5.24 5.24 5.24 5.24 5.24 5.24 5.24 5.24 5.24 5.24 5.24 5.24 5.24 5.24 5.24 5.24 5.24 5.24 5.24 5.24 5.24 5.24 5.24 5.24 
6.1 6.1 6.1 6.1 6.1 6.1 6.1 6.1 6.1 6.1 6.1 5.98 5.98 5.98 5.98 5.98 5.98 5.98 5.98 5.98 5.98 5.98 5.98 5.98 5.98 5.98 5.98 5.98 5.98 5.98 5.98 5.98 5.98 5.98 5.98 5.98 5.98 5.98 5.98 5.98 5.98 5.98 5.98 5.98 5.98 5.98 5.98 5.98 5.98 5.98 5.98 5.98 5.98 5.98 5.98 5.98 5.98 5.98 5.98 5.98 5.98 5.98 5.98 5.98 5.98 5.98 5.98 5.98 5.98 5.98 5.98 5.24 5.24 5.24 5.24 5.24 5.24 5.24 5.24 5.24 5.24 5.24 5.24 5.24 5.24 5.24 5.24 5.24 5.24 5.24 5.24 5.24 5.24 5.24 5.24 5.24 5.24 5.24 5.24 5.24 
6.1 6.1 6.1 6.1 6.1 6.1 6.1 6.1 6.1 6.1 6.1 5.98 5.98 5.98 5.98 5.98 5.98 5.98 5.98 5.98 5.98 5.98 5.98 5.98 5.98 5.98 5.98 5.98 5.98 5.98 5.98 5.98 5.98 5.98 5.98 5.98 5.98 5.98 5.98 5.98 5.98 5.98 5.98 5.98 5.98 5.98 5.98 5.98 5.98 5.98 5.98 5.98 5.98 5.98 5.98 5.98 5.98 5.98 5.98 5.98 5.98 5.98 5.98 5.98 5.98 5.98 5.98 5.98 5.98 5.98 5.98 5.24 5.24 5.24 5.24 5.24 5.24 5.24 5.24 5.24 5.24 5.24 5.24 5.24 5.24 5.24 5.24 5.24 5.24 5.24 5.24 5.24 5.24 5.24 5.24 5.24 5.24 5.24 5.24 5.24 
6.1 6.1 6.1 6.1 6.1 6.1 6.1 6.1 6.1 6.1 6.1 5.98 5.98 5.98 5.98 5.98 5.98 5.98 5.98 5.98 5.98 5.98 5.98 5.98 5.98 5.98 5.98 5.98 5.98 5.98 5.98 5.98 5.98 5.98 5.98 5.98 5.98 5.98 5.98 5.98 5.98 5.98 5.98 5.98 5.98 5.98 5.98 5.98 5.98 5.98 5.98 5.98 5.98 5.98 5.98 5.98 5.98 5.98 5.98 5.98 5.98 5.98 5.98 5.98 5.98 5.98 5.98 5.98 5.98 5.98 5.98 5.24 5.24 5.24 5.24 5.24 5.24 5.24 5.24 5.24 5.24 5.24 5.24 5.24 5.24 5.24 5.24 5.24 5.24 5.24 5.24 5.24 5.24 5.24 5.24 5.24 5.24 5.24 5.24 5.24 
6.1 6.1 6.1 6.1 6.1 6.1 6.1 6.1 6.1 6.1 6.1 5.98 5.98 5.98 5.98 5.98 5.98 5.98 5.98 5.98 5.98 5.98 5.98 5.98 5.98 5.98 5.98 5.98 5.98 5.98 5.98 5.98 5.98 5.98 5.98 5.98 5.98 5.98 5.98 5.98 5.98 5.98 5.98 5.98 5.98 5.98 5.98 5.98 5.98 5.98 5.98 5.98 5.98 5.98 5.98 5.98 5.98 5.98 5.98 5.98 5.98 5.98 5.98 5.98 5.98 5.98 5.98 5.98 5.98 5.98 5.98 5.24 5.24 5.24 5.24 5.24 5.24 5.24 5.24 5.24 5.24 5.24 5.24 5.24 5.24 5.24 5.24 5.24 5.24 5.24 5.24 5.24 5.24 5.24 5.24 5.24 5.24 5.24 5.24 5.24 
6.1 6.1 6.1 6.1 6.1 6.1 6.1 6.1 6.1 6.1 6.1 5.98 5.98 5.98 5.98 5.98 5.98 5.98 5.98 5.98 5.98 5.98 5.98 5.98 5.98 5.98 5.98 5.98 5.98 5.98 5.98 5.98 5.98 5.98 5.98 5.98 5.98 5.98 5.98 5.98 5.98 5.98 5.98 5.98 5.98 5.98 5.98 5.98 5.98 5.98 5.98 5.98 5.98 5.98 5.98 5.98 5.98 5.98 5.98 5.98 5.98 5.98 5.98 5.98 5.98 5.98 5.98 5.98 5.98 5.98 5.98 5.24 5.24 5.24 5.24 5.24 5.24 5.24 5.24 5.24 5.24 5.24 5.24 5.24 5.24 5.24 5.24 5.24 5.24 5.24 5.24 5.24 5.24 5.24 5.24 5.24 5.24 5.24 5.24 5.24 
6.1 6.1 6.1 6.1 6.1 6.1 6.1 6.1 6.1 6.1 6.1 5.98 5.98 5.98 5.98 5.98 5.98 5.98 5.98 5.98 5.98 5.98 5.98 5.98 5.98 5.98 5.98 5.98 5.98 5.98 5.98 5.98 5.98 5.98 5.98 5.98 5.98 5.98 5.98 5.98 5.98 5.98 5.98 5.98 5.98 5.98 5.98 5.98 5.98 5.98 5.98 5.98 5.98 5.98 5.98 5.98 5.98 5.98 5.98 5.98 5.98 5.98 5.98 5.98 5.98 5.98 5.98 5.98 5.98 5.98 5.98 5.24 5.24 5.24 5.24 5.24 5.24 5.24 5.24 5.24 5.24 5.24 5.24 5.24 5.24 5.24 5.24 5.24 5.24 5.24 5.24 5.24 5.24 5.24 5.24 5.24 5.24 5.24 5.24 5.24 
6.1 6.1 6.1 6.1 6.1 6.1 6.1 6.1 6.1 6.1 6.1 5.98 5.98 5.98 5.98 5.98 5.98 5.98 5.98 5.98 5.98 5.98 5.98 5.98 5.98 5.98 5.98 5.98 5.98 5.98 5.98 5.98 5.98 5.98 5.98 5.98 5.98 5.98 5.98 5.98 5.98 5.98 5.98 5.98 5.98 5.98 5.98 5.98 5.98 5.98 5.98 5.98 5.98 5.98 5.98 5.98 5.98 5.98 5.98 5.98 5.98 5.98 5.98 5.98 5.98 5.98 5.98 5.98 5.98 5.98 5.98 5.24 5.24 5.24 5.24 5.24 5.24 5.24 5.24 5.24 5.24 5.24 5.24 5.24 5.24 5.24 5.24 5.24 5.24 5.24 5.24 5.24 5.24 5.24 5.24 5.24 5.24 5.24 5.24 5.24 
6.1 6.1 6.1 6.1 6.1 6.1 6.1 6.1 6.1 6.1 6.1 5.98 5.98 5.98 5.98 5.98 5.98 5.98 5.98 5.98 5.98 5.98 5.98 5.98 5.98 5.98 5.98 5.98 5.98 5.98 5.98 5.98 5.98 5.98 5.98 5.98 5.98 5.98 5.98 5.98 5.98 5.98 5.98 5.98 5.98 5.98 5.98 5.98 5.98 5.98 5.98 5.98 5.98 5.98 5.98 5.98 5.98 5.98 5.98 5.98 5.98 5.98 5.98 5.98 5.98 5.98 5.98 5.98 5.98 5.98 5.98 5.24 5.24 5.24 5.24 5.24 5.24 5.24 5.24 5.24 5.24 5.24 5.24 5.24 5.24 5.24 5.24 5.24 5.24 5.24 5.24 5.24 5.24 5.24 5.24 5.24 5.24 5.24 5.24 5.24 
6.1 6.1 6.1 6.1 6.1 6.1 6.1 6.1 6.1 6.1 6.1 5.98 5.98 5.98 5.98 5.98 5.98 5.98 5.98 5.98 5.98 5.98 5.98 5.98 5.98 5.98 5.98 5.98 5.98 5.98 5.98 5.98 5.98 5.98 5.98 5.98 5.98 5.98 5.98 5.98 5.98 5.98 5.98 5.98 5.98 5.98 5.98 5.98 5.98 5.98 5.98 5.98 5.98 5.98 5.98 5.98 5.98 5.98 5.98 5.98 5.98 5.98 5.98 5.98 5.98 5.98 5.98 5.98 5.98 5.98 5.98 5.24 5.24 5.24 5.24 5.24 5.24 5.24 5.24 5.24 5.24 5.24 5.24 5.24 5.24 5.24 5.24 5.24 5.24 5.24 5.24 5.24 5.24 5.24 5.24 5.24 5.24 5.24 5.24 5.24 
6.1 6.1 6.1 6.1 6.1 6.1 6.1 6.1 6.1 6.1 6.1 5.98 5.98 5.98 5.98 5.98 5.98 5.98 5.98 5.98 5.98 5.98 5.98 5.98 5.98 5.98 5.98 5.98 5.98 5.98 5.98 5.98 5.98 5.98 5.98 5.98 5.98 5.98 5.98 5.98 5.98 5.98 5.98 5.98 5.98 5.98 5.98 5.98 5.98 5.98 5.98 5.98 5.98 5.98 5.98 5.98 5.98 5.98 5.98 5.98 5.98 5.98 5.98 5.98 5.98 5.98 5.98 5.98 5.98 5.98 5.98 5.24 5.24 5.24 5.24 5.24 5.24 5.24 5.24 5.24 5.24 5.24 5.24 5.24 5.24 5.24 5.24 5.24 5.24 5.24 5.24 5.24 5.24 5.24 5.24 5.24 5.24 5.24 5.24 5.24 
6.1 6.1 6.1 6.1 6.1 6.1 6.1 6.1 6.1 6.1 6.1 5.98 5.98 5.98 5.98 5.98 5.98 5.98 5.98 5.98 5.98 5.98 5.98 5.98 5.98 5.98 5.98 5.98 5.98 5.98 5.98 5.98 5.98 5.98 5.98 5.98 5.98 5.98 5.98 5.98 5.98 5.98 5.98 5.98 5.98 5.98 5.98 5.98 5.98 5.98 5.98 5.98 5.98 5.98 5.98 5.98 5.98 5.98 5.98 5.98 5.98 5.98 5.98 5.98 5.98 5.98 5.98 5.98 5.98 5.98 5.98 5.24 5.24 5.24 5.24 5.24 5.24 5.24 5.24 5.24 5.24 5.24 5.24 5.24 5.24 5.24 5.24 5.24 5.24 5.24 5.24 5.24 5.24 5.24 5.24 5.24 5.24 5.24 5.24 5.24 
6.1 6.1 6.1 6.1 6.1 6.1 6.1 6.1 6.1 6.1 6.1 5.98 5.98 5.98 5.98 5.98 5.98 5.98 5.98 5.98 5.98 5.98 5.98 5.98 5.98 5.98 5.98 5.98 5.98 5.98 5.98 5.98 5.98 5.98 5.98 5.98 5.98 5.98 5.98 5.98 5.98 5.98 5.98 5.98 5.98 5.98 5.98 5.98 5.98 5.98 5.98 5.98 5.98 5.98 5.98 5.98 5.98 5.98 5.98 5.98 5.98 5.98 5.98 5.98 5.98 5.98 5.98 5.98 5.98 5.98 5.98 5.24 5.24 5.24 5.24 5.24 5.24 5.24 5.24 5.24 5.24 5.24 5.24 5.24 5.24 5.24 5.24 5.24 5.24 5.24 5.24 5.24 5.24 5.24 5.24 5.24 5.24 5.24 5.24 5.24 
6.1 6.1 6.1 6.1 6.1 6.1 6.1 6.1 6.1 6.1 6.1 5.98 5.98 5.98 5.98 5.98 5.98 5.98 5.98 5.98 5.98 5.98 5.98 5.98 5.98 5.98 5.98 5.98 5.98 5.98 5.98 5.98 5.98 5.98 5.98 5.98 5.98 5.98 5.98 5.98 5.98 5.98 5.98 5.98 5.98 5.98 5.98 5.98 5.98 5.98 5.98 5.98 5.98 5.98 5.98 5.98 5.98 5.98 5.98 5.98 5.98 5.98 5.98 5.98 5.98 5.98 5.98 5.98 5.98 5.98 5.98 5.24 5.24 5.24 5.24 5.24 5.24 5.24 5.24 5.24 5.24 5.24 5.24 5.24 5.24 5.24 5.24 5.24 5.24 5.24 5.24 5.24 5.24 5.24 5.24 5.24 5.24 5.24 5.24 5.24 
6.1 6.1 6.1 6.1 6.1 6.1 6.1 6.1 6.1 6.1 6.1 5.98 5.98 5.98 5.98 5.98 5.98 5.98 5.98 5.98 5.98 5.98 5.98 5.98 5.98 5.98 5.98 5.98 5.98 5.98 5.98 5.98 5.98 5.98 5.98 5.98 5.98 5.98 5.98 5.98 5.98 5.98 5.98 5.98 5.98 5.98 5.98 5.98 5.98 5.98 5.98 5.98 5.98 5.98 5.98 5.98 5.98 5.98 5.98 5.98 5.98 5.98 5.98 5.98 5.98 5.98 5.98 5.98 5.98 5.98 5.98 5.24 5.24 5.24 5.24 5.24 5.24 5.24 5.24 5.24 5.24 5.24 5.24 5.24 5.24 5.24 5.24 5.24 5.24 5.24 5.24 5.24 5.24 5.24 5.24 5.24 5.24 5.24 5.24 5.24 
6.1 6.1 6.1 6.1 6.1 6.1 6.1 6.1 6.1 6.1 6.1 5.98 5.98 5.98 5.98 5.98 5.98 5.98 5.98 5.98 5.98 5.98 5.98 5.98 5.98 5.98 5.98 5.98 5.98 5.98 5.98 5.98 5.98 5.98 5.98 5.98 5.98 5.98 5.98 5.98 5.98 5.98 5.98 5.98 5.98 5.98 5.98 5.98 5.98 5.98 5.98 5.98 5.98 5.98 5.98 5.98 5.98 5.98 5.98 5.98 5.98 5.98 5.98 5.98 5.98 5.98 5.98 5.98 5.98 5.98 5.98 5.24 5.24 5.24 5.24 5.24 5.24 5.24 5.24 5.24 5.24 5.24 5.24 5.24 5.24 5.24 5.24 5.24 5.24 5.24 5.24 5.24 5.24 5.24 5.24 5.24 5.24 5.24 5.24 5.24 
6.1 6.1 6.1 6.1 6.1 6.1 6.1 6.1 6.1 6.1 6.1 5.98 5.98 5.98 5.98 5.98 5.98 5.98 5.98 5.98 5.98 5.98 5.98 5.98 5.98 5.98 5.98 5.98 5.98 5.98 5.98 5.98 5.98 5.98 5.98 5.98 5.98 5.98 5.98 5.98 5.98 5.98 5.98 5.98 5.98 5.98 5.98 5.98 5.98 5.98 5.98 5.98 5.98 5.98 5.98 5.98 5.98 5.98 5.98 5.98 5.98 5.98 5.98 5.98 5.98 5.98 5.98 5.98 5.98 5.98 5.98 5.24 5.24 5.24 5.24 5.24 5.24 5.24 5.24 5.24 5.24 5.24 5.24 5.24 5.24 5.24 5.24 5.24 5.24 5.24 5.24 5.24 5.24 5.24 5.24 5.24 5.24 5.24 5.24 5.24 
6.1 6.1 6.1 6.1 6.1 6.1 6.1 6.1 6.1 6.1 6.1 5.98 5.98 5.98 5.98 5.98 5.98 5.98 5.98 5.98 5.98 5.98 5.98 5.98 5.98 5.98 5.98 5.98 5.98 5.98 5.98 5.98 5.98 5.98 5.98 5.98 5.98 5.98 5.98 5.98 5.98 5.98 5.98 5.98 5.98 5.98 5.98 5.98 5.98 5.98 5.98 5.98 5.98 5.98 5.98 5.98 5.98 5.98 5.98 5.98 5.98 5.98 5.98 5.98 5.98 5.98 5.98 5.98 5.98 5.98 5.98 5.24 5.24 5.24 5.24 5.24 5.24 5.24 5.24 5.24 5.24 5.24 5.24 5.24 5.24 5.24 5.24 5.24 5.24 5.24 5.24 5.24 5.24 5.24 5.24 5.24 5.24 5.24 5.24 5.24 
6.1 6.1 6.1 6.1 6.1 6.1 6.1 6.1 6.1 6.1 6.1 5.98 5.98 5.98 5.98 5.98 5.98 5.98 5.98 5.98 5.98 5.98 5.98 5.98 5.98 5.98 5.98 5.98 5.98 5.98 5.98 5.98 5.98 5.98 5.98 5.98 5.98 5.98 5.98 5.98 5.98 5.98 5.98 5.98 5.98 5.98 5.98 5.98 5.98 5.98 5.98 5.98 5.98 5.98 5.98 5.98 5.98 5.98 5.98 5.98 5.98 5.98 5.98 5.98 5.98 5.98 5.98 5.98 5.98 5.98 5.98 5.24 5.24 5.24 5.24 5.24 5.24 5.24 5.24 5.24 5.24 5.24 5.24 5.24 5.24 5.24 5.24 5.24 5.24 5.24 5.24 5.24 5.24 5.24 5.24 5.24 5.24 5.24 5.24 5.24 
6.1 6.1 6.1 6.1 6.1 6.1 6.1 6.1 6.1 6.1 6.1 5.98 5.98 5.98 5.98 5.98 5.98 5.98 5.98 5.98 5.98 5.98 5.98 5.98 5.98 5.98 5.98 5.98 5.98 5.98 5.98 5.98 5.98 5.98 5.98 5.98 5.98 5.98 5.98 5.98 5.98 5.98 5.98 5.98 5.98 5.98 5.98 5.98 5.98 5.98 5.98 5.98 5.98 5.98 5.98 5.98 5.98 5.98 5.98 5.98 5.98 5.98 5.98 5.98 5.98 5.98 5.98 5.98 5.98 5.98 5.98 5.24 5.24 5.24 5.24 5.24 5.24 5.24 5.24 5.24 5.24 5.24 5.24 5.24 5.24 5.24 5.24 5.24 5.24 5.24 5.24 5.24 5.24 5.24 5.24 5.24 5.24 5.24 5.24 5.24 
6.1 6.1 6.1 6.1 6.1 6.1 6.1 6.1 6.1 6.1 6.1 5.98 5.98 5.98 5.98 5.98 5.98 5.98 5.98 5.98 5.98 5.98 5.98 5.98 5.98 5.98 5.98 5.98 5.98 5.98 5.98 5.98 5.98 5.98 5.98 5.98 5.98 5.98 5.98 5.98 5.98 5.98 5.98 5.98 5.98 5.98 5.98 5.98 5.98 5.98 5.98 5.98 5.98 5.98 5.98 5.98 5.98 5.98 5.98 5.98 5.98 5.98 5.98 5.98 5.98 5.98 5.98 5.98 5.98 5.98 5.98 5.24 5.24 5.24 5.24 5.24 5.24 5.24 5.24 5.24 5.24 5.24 5.24 5.24 5.24 5.24 5.24 5.24 5.24 5.24 5.24 5.24 5.24 5.24 5.24 5.24 5.24 5.24 5.24 5.24 
6.1 6.1 6.1 6.1 6.1 6.1 6.1 6.1 6.1 6.1 6.1 5.98 5.98 5.98 5.98 5.98 5.98 5.98 5.98 5.98 5.98 5.98 5.98 5.98 5.98 5.98 5.98 5.98 5.98 5.98 5.98 5.98 5.98 5.98 5.98 5.98 5.98 5.98 5.98 5.98 5.98 5.98 5.98 5.98 5.98 5.98 5.98 5.98 5.98 5.98 5.98 5.98 5.98 5.98 5.98 5.98 5.98 5.98 5.98 5.98 5.98 5.98 5.98 5.98 5.98 5.98 5.98 5.98 5.98 5.98 5.98 5.24 5.24 5.24 5.24 5.24 5.24 5.24 5.24 5.24 5.24 5.24 5.24 5.24 5.24 5.24 5.24 5.24 5.24 5.24 5.24 5.24 5.24 5.24 5.24 5.24 5.24 5.24 5.24 5.24 
6.1 6.1 6.1 6.1 6.1 6.1 6.1 6.1 6.1 6.1 6.1 5.98 5.98 5.98 5.98 5.98 5.98 5.98 5.98 5.98 5.98 5.98 5.98 5.98 5.98 5.98 5.98 5.98 5.98 5.98 5.98 5.98 5.98 5.98 5.98 5.98 5.98 5.98 5.98 5.98 5.98 5.98 5.98 5.98 5.98 5.98 5.98 5.98 5.98 5.98 5.98 5.98 5.98 5.98 5.98 5.98 5.98 5.98 5.98 5.98 5.98 5.98 5.98 5.98 5.98 5.98 5.98 5.98 5.98 5.98 5.98 5.24 5.24 5.24 5.24 5.24 5.24 5.24 5.24 5.24 5.24 5.24 5.24 5.24 5.24 5.24 5.24 5.24 5.24 5.24 5.24 5.24 5.24 5.24 5.24 5.24 5.24 5.24 5.24 5.24 
6.1 6.1 6.1 6.1 6.1 6.1 6.1 6.1 6.1 6.1 6.1 5.98 5.98 5.98 5.98 5.98 5.98 5.98 5.98 5.98 5.98 5.98 5.98 5.98 5.98 5.98 5.98 5.98 5.98 5.98 5.98 5.98 5.98 5.98 5.98 5.98 5.98 5.98 5.98 5.98 5.98 5.98 5.98 5.98 5.98 5.98 5.98 5.98 5.98 5.98 5.98 5.98 5.98 5.98 5.98 5.98 5.98 5.98 5.98 5.98 5.98 5.98 5.98 5.98 5.98 5.98 5.98 5.98 5.98 5.98 5.98 5.24 5.24 5.24 5.24 5.24 5.24 5.24 5.24 5.24 5.24 5.24 5.24 5.24 5.24 5.24 5.24 5.24 5.24 5.24 5.24 5.24 5.24 5.24 5.24 5.24 5.24 5.24 5.24 5.24 
6.1 6.1 6.1 6.1 6.1 6.1 6.1 6.1 6.1 6.1 6.1 5.98 5.98 5.98 5.98 5.98 5.98 5.98 5.98 5.98 5.98 5.98 5.98 5.98 5.98 5.98 5.98 5.98 5.98 5.98 5.98 5.98 5.98 5.98 5.98 5.98 5.98 5.98 5.98 5.98 5.98 5.98 5.98 5.98 5.98 5.98 5.98 5.98 5.98 5.98 5.98 5.98 5.98 5.98 5.98 5.98 5.98 5.98 5.98 5.98 5.98 5.98 5.98 5.98 5.98 5.98 5.98 5.98 5.98 5.98 5.98 5.24 5.24 5.24 5.24 5.24 5.24 5.24 5.24 5.24 5.24 5.24 5.24 5.24 5.24 5.24 5.24 5.24 5.24 5.24 5.24 5.24 5.24 5.24 5.24 5.24 5.24 5.24 5.24 5.24 
6.1 6.1 6.1 6.1 6.1 6.1 6.1 6.1 6.1 6.1 6.1 5.98 5.98 5.98 5.98 5.98 5.98 5.98 5.98 5.98 5.98 5.98 5.98 5.98 5.98 5.98 5.98 5.98 5.98 5.98 5.98 5.98 5.98 5.98 5.98 5.98 5.98 5.98 5.98 5.98 5.98 5.98 5.98 5.98 5.98 5.98 5.98 5.98 5.98 5.98 5.98 5.98 5.98 5.98 5.98 5.98 5.98 5.98 5.98 5.98 5.98 5.98 5.98 5.98 5.98 5.98 5.98 5.98 5.98 5.98 5.98 5.24 5.24 5.24 5.24 5.24 5.24 5.24 5.24 5.24 5.24 5.24 5.24 5.24 5.24 5.24 5.24 5.24 5.24 5.24 5.24 5.24 5.24 5.24 5.24 5.24 5.24 5.24 5.24 5.24 
6.1 6.1 6.1 6.1 6.1 6.1 6.1 6.1 6.1 6.1 6.1 5.98 5.98 5.98 5.98 5.98 5.98 5.98 5.98 5.98 5.98 5.98 5.98 5.98 5.98 5.98 5.98 5.98 5.98 5.98 5.98 5.98 5.98 5.98 5.98 5.98 5.98 5.98 5.98 5.98 5.98 5.98 5.98 5.98 5.98 5.98 5.98 5.98 5.98 5.98 5.98 5.98 5.98 5.98 5.98 5.98 5.98 5.98 5.98 5.98 5.98 5.98 5.98 5.98 5.98 5.98 5.98 5.98 5.98 5.98 5.98 5.24 5.24 5.24 5.24 5.24 5.24 5.24 5.24 5.24 5.24 5.24 5.24 5.24 5.24 5.24 5.24 5.24 5.24 5.24 5.24 5.24 5.24 5.24 5.24 5.24 5.24 5.24 5.24 5.24 
6.1 6.1 6.1 6.1 6.1 6.1 6.1 6.1 6.1 6.1 6.1 5.98 5.98 5.98 5.98 5.98 5.98 5.98 5.98 5.98 5.98 5.98 5.98 5.98 5.98 5.98 5.98 5.98 5.98 5.98 5.98 5.98 5.98 5.98 5.98 5.98 5.98 5.98 5.98 5.98 5.98 5.98 5.98 5.98 5.98 5.98 5.98 5.98 5.98 5.98 5.98 5.98 5.98 5.98 5.98 5.98 5.98 5.98 5.98 5.98 5.98 5.98 5.98 5.98 5.98 5.98 5.98 5.98 5.98 5.98 5.98 5.24 5.24 5.24 5.24 5.24 5.24 5.24 5.24 5.24 5.24 5.24 5.24 5.24 5.24 5.24 5.24 5.24 5.24 5.24 5.24 5.24 5.24 5.24 5.24 5.24 5.24 5.24 5.24 5.24 
6.1 6.1 6.1 6.1 6.1 6.1 6.1 6.1 6.1 6.1 6.1 5.98 5.98 5.98 5.98 5.98 5.98 5.98 5.98 5.98 5.98 5.98 5.98 5.98 5.98 5.98 5.98 5.98 5.98 5.98 5.98 5.98 5.98 5.98 5.98 5.98 5.98 5.98 5.98 5.98 5.98 5.98 5.98 5.98 5.98 5.98 5.98 5.98 5.98 5.98 5.98 5.98 5.98 5.98 5.98 5.98 5.98 5.98 5.98 5.98 5.98 5.98 5.98 5.98 5.98 5.98 5.98 5.98 5.98 5.98 5.98 5.24 5.24 5.24 5.24 5.24 5.24 5.24 5.24 5.24 5.24 5.24 5.24 5.24 5.24 5.24 5.24 5.24 5.24 5.24 5.24 5.24 5.24 5.24 5.24 5.24 5.24 5.24 5.24 5.24 
6.1 6.1 6.1 6.1 6.1 6.1 6.1 6.1 6.1 6.1 6.1 5.98 5.98 5.98 5.98 5.98 5.98 5.98 5.98 5.98 5.98 5.98 5.98 5.98 5.98 5.98 5.98 5.98 5.98 5.98 5.98 5.98 5.98 5.98 5.98 5.98 5.98 5.98 5.98 5.98 5.98 5.98 5.98 5.98 5.98 5.98 5.98 5.98 5.98 5.98 5.98 5.98 5.98 5.98 5.98 5.98 5.98 5.98 5.98 5.98 5.98 5.98 5.98 5.98 5.98 5.98 5.98 5.98 5.98 5.98 5.98 5.24 5.24 5.24 5.24 5.24 5.24 5.24 5.24 5.24 5.24 5.24 5.24 5.24 5.24 5.24 5.24 5.24 5.24 5.24 5.24 5.24 5.24 5.24 5.24 5.24 5.24 5.24 5.24 5.24 
