  3.61540  63.20677
  3.82400  74.00677
  4.96300  63.37677
  4.43160  75.19677
  4.07060  68.49677
  4.51340  47.63677
  3.90180  40.62677
  4.68380  67.08677
  3.94680  41.38677
  4.58480  26.88677
  4.23220  50.88677
  4.32820  54.42677
  4.10640  54.88677
  4.01140  41.03677
  3.57880  43.59677
  4.19400  63.70677
  4.64240  54.85677
  4.34080  53.70677
  4.22780  41.50677
  4.60060  61.09677
  4.29460  65.44677
  4.05220  36.17677
  3.91700  61.43677
  3.93080  36.30677
  3.85140  38.57677
  4.00520  64.20677
  4.02760  53.58677
  4.49420  55.90677
  3.67920  51.25677
  4.13360  43.02677
  3.99460  26.57677
  4.80980  88.89677
  3.88700  68.23677
  3.94860  48.84677
  3.93020  86.97677
  4.30340  62.49677
  3.78080  79.97677
  4.00400  51.98677
  4.04400  48.90677
  4.06080  59.62677
  4.29320  69.50677
  4.62900  56.44677
  4.53480  80.26677
  3.94840  30.05677
  3.99360  62.76677
  4.30020  85.77677
  3.98040  47.85677
  4.01400  73.62677
  4.27700  23.99677
  4.25340  56.68677
  4.86560  76.26677
  4.07960  41.40677
  3.64440  37.28677
  4.03400  35.21677
  4.59000  90.33677
  4.08700  53.20677
  4.05900  26.67677
  3.91660  59.52677
  3.72360  78.25677
  4.02660  84.42677
  3.71760  53.56677
  4.24880  44.35677
  3.99100  42.68677
  4.27260 123.00677
  4.09040  71.63677
  4.26720  74.28677
  3.84440   8.38677
  4.09780  48.80677
  4.47400  31.97677
  4.41700  64.96677
  3.94280  29.02677
  4.10140  43.89677
  4.55400  75.39677
  4.90760  60.91677
  3.93000  70.90677
  4.33960  31.97677
  3.83000  61.62677
  3.57640  44.56677
  3.81080  57.55677
  4.14320  97.86677
  3.88940  66.19677
  3.92180  62.14677
  4.42300  67.59677
  4.09840  50.14677
  3.75680  31.91677
  4.26760  65.79677
  4.24880  50.07677
  3.94540  55.63677
  4.44840  33.10677
  4.34440  51.34677
  4.58140 100.42677
  4.40780  62.84677
  4.08900  41.12677
  4.51700  40.88677
  4.05880  36.54677
  3.90400  43.90677
  3.78920  45.67677
  3.88740  59.42677
  4.30440  68.03677
  3.93200  50.64677
  3.90260  79.92677
  4.29720  54.57677
  3.94900  50.03677
  4.51380  52.21677
  3.75640  49.07677
  3.32600  38.35677
  4.62940  44.29677
  3.93540 108.68677
  4.94300  59.39677
  4.43040  74.67677
  4.44700  63.36677
  4.15280  40.04677
  4.19060  60.16677
  3.95820  77.55677
  5.06780  15.67677
  4.47300  74.06677
  3.79400  49.51677
  3.92080  54.59677
  4.54980  56.54677
  4.19340  47.58677
  4.30620  69.26677
  4.25040  21.02677
  4.10920  49.10677
  4.94320  57.09677
  4.48080  66.56677
  4.78540  53.78677
  3.98560  43.25677
  3.73760  39.37677
  3.41760  43.81677
  4.72220  84.97677
  4.10420  38.50677
  3.86020  83.29677
  3.80720  59.45677
  4.10860  71.66677
  3.96600  55.27677
  3.95780  47.63677
  3.85060  89.31677
  4.10900  58.60677
  4.19560  60.95677
  4.06840  87.32677
  4.57120  74.73677
  4.20020  81.41677
  4.41040  71.79677
  4.24720  89.80677
  4.53760  24.42677
  4.46080  41.58677
  4.50860  50.21677
  4.10780  61.53677
  4.19900  49.15677
  4.26640  34.03677
  3.96620  63.09677
  4.30180  52.12677
  4.35340  43.87677
  4.42680  37.12677
  4.18640   8.87677
  4.13020  25.02677
  4.40040  54.74677
  4.31220  46.79677
  4.43020  35.66677
  3.94860  59.52677
  4.29920  50.75677
  5.03860  35.54677
  4.16140  72.33677
  4.63840  58.84677
  4.10820  59.03677
  4.55860  34.29677
  4.17000  50.04677
  4.50080  -1.07323
  3.90560  61.36677
  4.20480  74.00677
  4.54720  52.58677
  3.93100  28.25677
  4.13620  41.50677
  4.55780  86.97677
  3.75780  39.77677
  3.41080  52.60677
  4.14320  47.70677
  4.20200  32.51677
  4.62760  62.83677
  4.27720  80.04677
  4.27040  90.43677
  4.07280  99.27677
  4.48540  44.02677
  4.32340  24.45677
  3.49720  49.93677
  4.32160  69.18677
  4.21480  75.99677
  4.53680  59.47677
  4.29740  43.93677
  4.75100  60.67677
  4.37780  43.36677
  3.96680  38.40677
  3.69180  29.65677
  4.19560  36.08677
  4.47480  92.22677
  4.24520  34.58677
  4.37840  89.91677
  4.26880  36.53677
  3.68440  21.19677
  3.99860  58.13677
  4.74780  97.92677
  3.89200  38.96677
  4.18080  46.44677
  4.01840  57.92677
  4.38320  32.48677
  4.56600  70.00677
  3.83800  62.15677
  3.67100  54.02677
  3.88280  48.44677
  3.50160  22.40677
  4.33660  89.59677
  4.09080  56.99677
  4.54940  77.28677
  4.38060  64.93677
  3.93300  91.74677
  4.00920  37.39677
  4.30480  40.52677
  4.66860  54.59677
  4.25040  29.34677
  4.14680  40.79677
  3.81540  58.99677
  4.05340  36.49677
  4.72160  55.25677
  3.89700  47.98677
  3.98480  77.05677
  5.16080  52.66677
  4.32320  59.48677
  4.22760  69.56677
  3.71740  68.19677
  3.77600  44.39677
  4.36480  49.96677
  3.49600  41.56677
  4.26680 101.72677
  4.26900  32.87677
  3.87700  52.22677
  4.01020  38.02677
  3.94980  43.69677
  3.91820  23.48677
  4.49560  53.30677
  4.27540  31.76677
  4.16080  54.14677
  3.68800  50.87677
  4.19020  51.29677
  4.28440  72.12677
  4.52040  69.98677
  4.04880  12.97677
  4.49800  38.29677
  3.60260  71.94677
  4.22040  38.99677
  3.97020  42.80677
  4.18800  15.42677
  4.10180  33.99677
  3.84660  65.90677
  3.86580  65.67677
  4.75220  58.12677
  4.12800  30.90677
  4.26980  71.76677
  3.81100  10.82677
  4.07780  45.19677
  4.02140  55.18677
  3.70080  46.03677
  3.97020  91.12677
  4.72720  29.69677
  3.91080  30.81677
  4.65280  31.44677
  4.42080  98.26677
  4.44680  26.33677
  4.01140  39.75677
  4.34640  75.49677
  4.48320  13.92677
  4.24420  76.19677
  4.21200  25.39677
  3.81300  80.19677
  4.52880  69.63677
  3.86880  73.92677
  4.47840  56.93677
  3.36940  61.99677
  3.49560  68.70677
  3.86520  25.50677
  4.17720  50.18677
  4.39340  -8.83323
  4.04220  59.77677
  4.40420  15.04677
  4.51120  10.63677
  4.17600  45.71677
  4.64580  54.30677
  3.85040  28.82677
  3.57700  80.44677
  4.09460  35.50677
  4.37180  25.79677
  4.25180  46.58677
  3.61160  52.52677
  4.17480  45.34677
  4.21660  66.13677
  4.02020  74.70677
  4.31660  45.67677
  4.56020  33.57677
  4.39480 108.05677
  4.36380  96.02677
  3.91600  55.76677
  3.42880  36.92677
  4.57840  19.81677
  3.46380  77.01677
  3.30140  28.14677
  4.18940  38.33677
  4.29700  22.64677
  3.82680 106.01677
  4.50420  58.18677
  4.35460  35.10677
  4.08400  87.34677
  4.17740  43.85677
  3.63840  32.44677
  4.13480  32.32677
  4.68740  74.56677
  3.89320  33.97677
  4.00600  76.54677
  4.05220  33.09677
  4.69980  66.85677
  4.01380  48.93677
  3.63680  64.48677
  4.55060  59.53677
  4.09900  64.15677
  3.97420  47.52677
  4.03980  30.35677
  4.32140  80.65677
  4.44880  84.97677
  4.97080  65.99677
  3.65780  43.04677
  3.86200  65.66677
  4.80100  61.46677
  4.66520  52.41677
  4.52800  68.16677
  4.74660  52.25677
  3.84340  75.44677
  3.85140  41.51677
  4.41420  62.96677
  4.21440  71.83677
  3.63320  41.63677
  4.19100  69.65677
  4.95440  63.87677
  4.33800  52.95677
  4.06060  70.40677
  4.43500  60.91677
  4.07060  60.02677
  3.91480  39.11677
  4.26260  69.46677
  3.81280  50.75677
  3.84440  73.95677
  4.12560  54.96677
  4.54600  63.06677
  4.06700  63.65677
  4.05640  61.74677
  4.25620  27.62677
  4.90180  11.52677
  3.91460  50.32677
  4.04920  42.95677
  4.47960  58.91677
  4.37220  23.34677
  4.72660  27.20677
  4.18280  82.83677
  3.69300  63.01677
  4.45320  58.93677
  4.02640  46.96677
  3.80300  59.46677
  4.01340  83.74677
  4.13260  66.14677
  4.11100  57.11677
  3.97920  94.21677
  4.21400  74.60677
  4.14340  56.88677
  4.01980  56.07677
  3.83460  89.16677
  3.69040  81.27677
  5.00120  43.11677
  4.29040  26.68677
  3.63820  48.80677
  4.28700  82.70677
  4.16780  84.49677
  4.32200  12.59677
  4.54220  79.11677
  4.42400  40.66677
  4.16760  76.42677
  3.75320  46.15677
  4.33400 103.21677
  4.36080  42.54677
  4.18940  46.21677
  4.91500  42.59677
  3.85080  78.52677
  3.98700  49.83677
  4.31520 111.87677
  4.65060  50.36677
  4.05180  24.76677
  4.36140  90.78677
  4.56240  62.09677
  4.86180 101.07677
  5.09200  49.88677
  3.60600  62.12677
  3.94140  70.35677
  4.76920  61.23677
  4.72000  62.19677
  4.73860  27.94677
  4.25540  66.02677
  4.59720  24.41677
  4.47880  77.64677
  4.05280  26.30677
  3.94120  18.23677
  3.78180  51.08677
  3.86380  58.18677
  3.77380  71.40677
  4.73440  45.58677
  4.38100  43.13677
  4.29720  50.28677
  4.52700  62.69677
  4.77820  48.57677
  3.79780  70.45677
  3.80280  60.40677
  4.03940  56.58677
  3.78240  94.04677
  3.50860  94.58677
  3.74120  76.14677
  4.34220  64.46677
  4.29020  51.79677
  3.63300  71.81677
  4.06520 102.24677
  3.71400  92.66677
  4.40160  25.00677
  4.06260  63.89677
  4.26900   5.18677
  4.06320  59.03677
  4.03840  25.43677
  4.03440  89.84677
  4.77940  31.28677
  4.12300  31.58677
  3.88440  73.90677
  4.22040  44.17677
  4.64300  38.15677
  3.99800  37.00677
  4.37720  76.96677
  4.30440  50.64677
  4.31920  57.35677
  3.71100  60.14677
  4.01340  82.29677
  4.17860  58.49677
  4.53500  45.31677
  4.75420  38.82677
  4.54320  58.17677
  4.95100  47.75677
  4.19060  75.57677
  4.00080 109.24677
  4.01200  39.26677
  4.52360   1.58677
  4.14780  36.18677
  5.16700  59.04677
  4.39400  81.60677
  4.76460  45.48677
  4.54060  75.27677
  3.99880  84.83677
  4.26760 101.79677
  4.20840  81.02677
  3.59960 105.06677
  4.30520  51.13677
  4.34880  88.11677
  4.46840  60.52677
  4.27720  45.97677
  3.84520  48.81677
  4.04880  51.72677
  4.26880  85.04677
  4.10620  60.94677
  4.29060  92.75677
  3.78000  32.77677
  4.07580  53.91677
  3.84280  70.88677
  4.40900  66.97677
  4.48920  81.11677
  4.13260  52.27677
  3.79440  46.29677
  4.01640  87.89677
  4.46180  55.13677
  4.42820  69.99677
  3.58100  72.71677
  4.03200  50.35677
  4.85180  38.73677
  4.10440  87.98677
  4.19180  61.68677
  3.96340  59.03677
  3.97680  29.55677
  4.09560  62.72677
  4.05200  79.50677
  4.39760  42.04677
  4.41880  64.94677
  4.24460  52.26677
  3.61040  49.59677
  4.01020  64.76677
  3.96040  56.71677
  3.83340  56.25677
  3.70960  66.63677
  4.59760  33.28677
  4.21360  88.50677
  4.11780  62.06677
  3.85060  35.31677
  4.55460  50.21677
  4.00320  36.83677
  3.49900  75.45677
  4.02300  35.88677
  4.11880  50.65677
  3.60220  68.42677
  4.04940  33.66677
  4.11960  73.79677
  4.20400  47.44677
  4.04460  45.96677
  3.61460  29.76677
  3.65200  89.07677
  4.23780  32.35677
  3.75980  68.69677
  4.72400  66.65677
  4.37700  85.70677
  3.96760  52.82677
  4.44320  37.77677
  4.62060  85.86677
  4.06520  39.72677
  4.16760  62.47677
  3.92940  63.62677
  4.47260  72.28677
  4.86000  91.69677
  3.87860  71.70677
  3.92340  42.05677
  4.28600  92.18677
  3.60640  52.15677
  4.46560  63.17677
  4.05140  76.87677
  4.37080  62.68677
  3.80960  69.95677
  4.38320  53.37677
  3.59260  18.09677
  4.07120  77.90677
  4.49000  49.67677
  4.17840  64.76677
  3.97940  72.29677
  4.33940  20.39677
  4.28660  44.24677
  4.85500  60.76677
  4.12720  59.25677
  4.28080  75.80677
  4.65040   8.56677
  3.73020  48.82677
  3.98120  60.39677
  4.19880  49.79677
  4.46180  27.82677
  3.96740  30.66677
  4.44280  48.65677
  3.58520  94.81677
  4.03980  15.34677
  4.01800  74.28677
  4.08700 103.29677
  4.11880  65.47677
  4.47100  50.01677
  3.63600  74.13677
  4.09780  33.77677
  4.16700  62.86677
  3.68440  42.92677
  4.42860  52.78677
  4.24160  95.15677
  4.54080  25.11677
  4.19220  19.24677
  4.26920  13.87677
  4.48380  70.47677
  4.73400  55.47677
  4.50620  36.90677
  4.54400  38.80677
  3.98720  41.52677
  3.97540  36.73677
  3.96880  53.04677
  4.35880 102.10677
  4.17920  65.47677
  4.10180  71.86677
  4.41840  26.52677
  4.44800  65.93677
  4.89460  11.89677
  3.55040  69.92677
  3.89520  76.65677
  3.35260  38.73677
  3.93060  79.37677
  4.10860  79.72677
  4.25460  28.79677
  4.02220  48.72677
  3.96220  41.33677
  4.62340  72.78677
  4.11600  73.91677
  4.11200  53.56677
  4.50340  39.50677
  4.29360 100.44677
  4.27520  63.15677
  4.94040  80.06677
  4.91660  54.98677
  4.32840  72.22677
  4.30080  54.16677
  4.02660  68.26677
  4.09100  49.17677
  3.95600 108.93677
  4.27840  21.88677
  4.93560  80.37677
  3.92640  59.07677
  3.96460  29.03677
  4.75300  42.08677
  4.10500  59.75677
  3.60500  57.41677
  4.13540  83.12677
  4.24180  19.60677
  4.07240  58.85677
  3.97580  92.89677
  4.73180  83.58677
  3.66000  56.06677
  4.38240  24.16677
  3.84480  77.69677
  4.26560  70.49677
  3.78220  74.72677
  4.35440  23.18677
  3.79800 108.37677
  4.19940  77.46677
  4.57540  31.73677
  4.47960  51.51677
  3.47040   4.62677
  4.53720  45.54677
  4.48020 104.36677
  4.19900  80.29677
  4.06900  18.80677
  4.23560  67.01677
  4.10780  81.81677
  4.29420  47.47677
  4.62280  58.50677
  4.22060  69.33677
  4.09120   5.05677
  4.22760  83.27677
  3.86340  55.00677
  4.55120  53.42677
  4.16760  24.85677
  4.19300  80.30677
  4.35560  43.47677
  3.68120  54.47677
  4.65780  71.06677
  4.35680  55.07677
  3.71620  74.79677
  4.36500  90.11677
  3.78700  50.14677
  4.14100  51.08677
  4.40900  75.93677
  3.36580  82.28677
  3.97960  50.84677
  4.16580  18.37677
  3.92000 118.96677
  4.64860   7.84677
  3.98000  92.67677
  4.46080  55.57677
  4.82460  40.59677
  4.18720  61.93677
  4.15620  54.84677
  4.46980  57.31677
  4.24580  73.81677
  4.83080  38.39677
  4.48960  74.15677
  4.22580  64.53677
  3.92220  58.94677
  4.48560  82.23677
  4.23940  39.52677
  4.00260  91.11677
  3.97160  57.87677
  4.23200  59.60677
  4.13100  97.62677
  4.34120  39.87677
  4.10880  71.97677
  4.43380  46.16677
  4.28080  93.67677
  3.94040  76.54677
  4.55660  62.14677
  4.21940  -6.70323
  4.83960  27.47677
  4.95980  14.88677
  4.87980  45.57677
  3.76680  31.92677
  4.45300  41.26677
  4.03540  45.89677
  4.46780  27.84677
  3.88740  76.33677
  3.70100  80.37677
  3.62860  63.39677
  4.69640  60.92677
  4.63340  39.12677
  4.14800  63.94677
  3.57080  37.23677
  4.19660  82.72677
  3.62560  11.96677
  3.65360  50.20677
  4.13800  75.31677
  4.77640  48.72677
  5.31640  81.63677
  4.91200  26.15677
